1|1|128|44|84|113|5D|N|11|SK
1|1|130|121|46|38|3D|N|11|SA
1|1|77|53|173|124|2S|E|9|DA
1|1|54|72|39|26|4D|N|11|SK
1|1|101|171|152|97|5D|N|12|SA
1|1|99|132|87|158|5D|N|11|SA
1|1|106|144|22|23|2S|E|7|HA
1|1|139|63|169|35|5D|N|10|SA
1|1|51|122|45|123|5DX|S|12|S3
1|1|20|37|47|21|5D|N|11|SK
1|10|128|44|84|113|2N|W|8|HQ
1|10|130|121|46|38|4S|W|7|HQ
1|10|77|53|173|124|3C|W|11|H4
1|10|54|72|39|26|1S|W|9|HK
1|10|101|171|152|97|3C|W|10|HK
1|10|99|132|87|158|2S|W|8|HK
1|10|106|144|22|23|3C|W|9|HK
1|10|139|63|169|35|2C|E|10|C8
1|10|51|122|45|123|3C|W|10|HQ
1|10|20|37|47|21|2S|W|8|HK
1|11|128|44|84|113|3C|S|9|C6
1|11|130|121|46|38|1N|S|7|D4
1|11|77|53|173|124|2S|N|6|HK
1|11|54|72|39|26|1N|S|8|H7
1|11|101|171|152|97|2N|S|8|D4
1|11|99|132|87|158|2H|W|7|DK
1|11|106|144|22|23|1N|S|8|DJ
1|11|139|63|169|35|1N|S|7|DJ
1|11|51|122|45|123|2C|E|5|SJ
1|11|20|37|47|21|1N|S|8|D2
1|12|128|44|84|113|1N|E|5|D3
1|12|130|121|46|38|2D|S|8|S4
1|12|77|53|173|124|1N|E|5|D4
1|12|54|72|39|26|1N|E|5|D4
1|12|101|171|152|97|1N|E|6|D4
1|12|99|132|87|158|1N|E|5|D4
1|12|106|144|22|23|1N|E|4|D4
1|12|139|63|169|35|1N|E|5|D3
1|12|51|122|45|123|2D|N|9|HK
1|12|20|37|47|21|2D|S|10|D9
1|13|128|44|84|113|4S|W|10|DJ
1|13|130|121|46|38|5S|W|10|HT
1|13|77|53|173|124|4H|E|10|ST
1|13|54|72|39|26|4H|E|9|DK
1|13|101|171|152|97|4H|E|9|DK
1|13|99|132|87|158|4H|E|9|DK
1|13|106|144|22|23|4H|E|9|DK
1|13|139|63|169|35|4H|E|10|DK
1|13|51|122|45|123|4H|E|10|DQ
1|13|20|37|47|21|4H|W|10|SA
1|14|128|44|84|113|3N|S|9|CT
1|14|130|121|46|38|3N|S|10|C9
1|14|77|53|173|124|5D|N|11|CQ
1|14|54|72|39|26|4N|S|10|C9
1|14|101|171|152|97|6D|S|11|SJ
1|14|99|132|87|158|3N|S|10|CT
1|14|106|144|22|23|3N|S|10|CT
1|14|139|63|169|35|3N|S|10|CT
1|14|51|122|45|123|4N|S|11|C8
1|14|20|37|47|21|4S|S|9|CT
1|15|128|44|84|113|4H|N|11|D4
1|15|130|121|46|38|4H|S|11|D2
1|15|77|53|173|124|3N|N|11|D3
1|15|54|72|39|26|4H|S|11|H5
1|15|101|171|152|97|3N|S|10|H8
1|15|99|132|87|158|3N|S|10|H8
1|15|106|144|22|23|4H|N|10|D4
1|15|139|63|169|35|5H|S|11|H5
1|15|51|122|45|123|4H|S|11|H3
1|15|20|37|47|21|4H|S|12|D2
1|16|128|44|84|113|6S|W|12|DK
1|16|130|121|46|38|6C|W|13|DA
1|16|77|53|173|124|6C|E|13|D3
1|16|54|72|39|26|6S|W|12|DK
1|16|101|171|152|97|6C|E|13|D2
1|16|99|132|87|158|6DX|N|8|D6
1|16|106|144|22|23|6C|E|13|H2
1|16|139|63|169|35|6DX|N|8|CA
1|16|51|122|45|123|5S|W|11|DK
1|16|20|37|47|21|7C|E|13|D2
1|17|121|148|38|14|3N|E|10|S6
1|17|130|84|46|36|4H|W|9|DA
1|17|77|53|173|124|1NX|N|4|SA
1|17|33|168|146|93|3N|E|9|S6
1|17|101|171|152|97|4H|W|10|DA
1|17|99|132|87|158|4H|E|10|S5
1|17|106|144|22|23|4H|W|10|DA
1|17|139|16|169|94|3N|E|9|C6
1|17|10|122|135|123|4H|W|10|DA
1|17|20|51|47|45|4H|W|9|DA
1|18|121|148|38|14|5DX|W|8|HQ
1|18|130|84|46|36|3S|N|9|D2
1|18|77|53|173|124|4S|N|8|D2
1|18|33|168|146|93|4S|N|9|D2
1|18|101|171|152|97|4DX|W|9|D6
1|18|99|132|87|158|4DX|E|8|HQ
1|18|106|144|22|23|5DX|W|8|D6
1|18|139|16|169|94|4S|N|8|D2
1|18|10|122|135|123|4S|N|8|D2
1|18|20|51|47|45|4S|N|9|D2
1|19|121|148|38|14|4H|S|11|C4
1|19|130|84|46|36|4H|S|11|C5
1|19|77|53|173|124|4H|S|10
1|19|33|168|146|93|4H|S|9|DJ
1|19|101|171|152|97|4H|S|11|C7
1|19|99|132|87|158|5H|N|10|ST
1|19|106|144|22|23|4H|N|11|C5
1|19|139|16|169|94|4H|S|11|C5
1|19|10|122|135|123|4H|S|12|HJ
1|19|20|51|47|45|4H|S|11|C7
1|2|128|44|84|113|4H|E|10|HJ
1|2|130|121|46|38|4H|E|10|D5
1|2|77|53|173|124|4SX|N|10|DT
1|2|54|72|39|26|4H|E|10|D6
1|2|101|171|152|97|4S|N|10|HA
1|2|99|132|87|158|4H|E|10|D6
1|2|106|144|22|23|4H|E|10|HJ
1|2|139|63|169|35|4SX|N|10|HK
1|2|51|122|45|123|4SX|N|8|HK
1|2|20|37|47|21|4SX|N|10|HK
1|20|121|148|38|14|3SX|W|5|CK
1|20|130|84|46|36|3H|E|7|C4
1|20|77|53|173|124|3S|W|5|CK
1|20|33|168|146|93|4C|N|10|DQ
1|20|101|171|152|97|3C|N|10|H6
1|20|99|132|87|158|3N|S|9|HQ
1|20|106|144|22|23|3N|S|7|HQ
1|20|139|16|169|94|3D|W|8|CK
1|20|10|122|135|123|3C|N|10|DJ
1|20|20|51|47|45|3SX|W|6|CK
1|21|121|148|38|14|1H|S|10|C6
1|21|130|84|46|36|4H|S|10|S4
1|21|77|53|173|124|4H|S|10|S7
1|21|33|168|146|93|4H|S|10|C4
1|21|101|171|152|97|4H|S|10|S6
1|21|99|132|87|158|4H|S|10|S7
1|21|106|144|22|23|4H|S|10|H2
1|21|139|16|169|94|4H|S|10|C2
1|21|10|122|135|123|4H|S|10|C2
1|21|20|51|47|45|4H|S|10|C4
1|22|121|148|38|14|3C|E|9|H8
1|22|130|84|46|36|3N|E|6|H4
1|22|77|53|173|124|4DX|N|8|CQ
1|22|33|168|146|93|4S|E|8|DT
1|22|101|171|152|97|4S|W|8|DA
1|22|99|132|87|158|4S|E|8|D4
1|22|106|144|22|23|4DX|N|8|CQ
1|22|139|16|169|94|3D|N|8|CQ
1|22|10|122|135|123|3N|E|9|D7
1|22|20|51|47|45|3DX|N|8|CQ
1|23|121|148|38|14|4H|W|11|DT
1|23|130|84|46|36|4H|W|11|DT
1|23|77|53|173|124|4H|W|11|DT
1|23|33|168|146|93|4H|E|11|H9
1|23|101|171|152|97|4H|E|11|H9
1|23|99|132|87|158|4H|E|11|H9
1|23|106|144|22|23|4H|W|11|DT
1|23|139|16|169|94|4H|E|11|S2
1|23|10|122|135|123|4H|E|11|H9
1|23|20|51|47|45|4H|E|11|D5
1|24|121|148|38|14|2H|E|7|DK
1|24|130|84|46|36|3D|N|11|HA
1|24|77|53|173|124|4D|N|11|HA
1|24|33|168|146|93|5D|N|10|HK
1|24|101|171|152|97|5D|N|11|HA
1|24|99|132|87|158|3N|S|8|H2
1|24|106|144|22|23|3D|N|11|HA
1|24|139|16|169|94|5D|N|11|HK
1|24|10|122|135|123|3N|S|9|H3
1|24|20|51|47|45|3H|E|8|DK
1|25|121|148|38|14|4S|N|7|CK
1|25|130|84|46|36|5D|W|12|SA
1|25|77|53|173|124|5D|W|12|SA
1|25|33|168|146|93|4D|W|13|H9
1|25|101|171|152|97|2S|S|7|H2
1|25|99|132|87|158|5D|E|12|SA
1|25|106|144|22|23|5C|E|12|SK
1|25|139|16|169|94|3S|S|7|HK
1|25|10|122|135|123|6C|E|12|HA
1|25|20|51|47|45|5D|W|12|SA
1|26|121|148|38|14|1N|S|8|S4
1|26|130|84|46|36|1N|S|7|S7
1|26|77|53|173|124|1N|S|9|H7
1|26|33|168|146|93|1N|N|7|C3
1|26|101|171|152|97|1N|N|9|HJ
1|26|99|132|87|158|2D|N|8|D5
1|26|106|144|22|23|1N|S|8|S6
1|26|139|16|169|94|1N|N|7|C3
1|26|10|122|135|123|1N|S|9|S6
1|26|20|51|47|45|1N|S|9|D9
1|27|121|148|38|14|4S|W|10|H5
1|27|130|84|46|36|4S|W|10|H5
1|27|77|53|173|124|4S|W|10|H5
1|27|33|168|146|93|4S|W|10|H5
1|27|101|171|152|97|4S|W|10|H5
1|27|99|132|87|158|5CX|N|9|SK
1|27|106|144|22|23|4S|W|10|H5
1|27|139|16|169|94|4S|W|10|H5
1|27|10|122|135|123|4S|W|10|H5
1|27|20|51|47|45|4S|W|10|H5
1|28|121|148|38|14|4S|N|11|DK
1|28|130|84|46|36|4S|N|10|DK
1|28|77|53|173|124|4S|N|10|S6
1|28|33|168|146|93|2S|N|10|DK
1|28|101|171|152|97|4S|N|11|C9
1|28|99|132|87|158|4S|N|10|DK
1|28|106|144|22|23|4S|N|10|DK
1|28|139|16|169|94|4S|N|10|S6
1|28|10|122|135|123|4S|N|10|DQ
1|28|20|51|47|45|3N|S|9|C4
1|29|121|148|38|14|1N|E|8|D9
1|29|130|84|46|36|3S|W|8|H8
1|29|77|53|173|124|2S|E|8|H5
1|29|33|168|146|93|2H|N|8|C9
1|29|101|171|152|97|3H|N|8|CT
1|29|99|132|87|158|1N|E|8|D5
1|29|106|144|22|23|3S|E|7|H4
1|29|139|16|169|94|1N|E|8|D2
1|29|10|122|135|123|3C|E|9|D2
1|29|20|51|47|45|1N|E|8|D6
1|3|128|44|84|113|3N|N|7|S6
1|3|130|121|46|38|2N|N|9|S2
1|3|77|53|173|124|3N|N|7|S6
1|3|54|72|39|26|2N|S|9|C5
1|3|101|171|152|97|3N|S|9|C6
1|3|99|132|87|158|3N|N|7|S6
1|3|106|144|22|23|3N|N|7|S6
1|3|139|63|169|35|3N|N|7|S6
1|3|51|122|45|123|4H|N|9|S6
1|3|20|37|47|21|3N|N|7|S2
1|30|121|148|38|14|3C|W|9|H7
1|30|130|84|46|36|3D|W|9|C2
1|30|77|53|173|124|3N|W|9|S8
1|30|33|168|146|93|5C|W|10|SA
1|30|101|171|152|97|3D|W|8|SA
1|30|99|132|87|158|3N|E|7|SA
1|30|106|144|22|23|3D|W|8|C3
1|30|139|16|169|94|3N|E|7|ST
1|30|10|122|135|123|3SX|N|7|CK
1|30|20|51|47|45|5C|W|9|SA
1|31|121|148|38|14|4S|W|9|DA
1|31|130|84|46|36|3N|E|11|HT
1|31|77|53|173|124|3N|E|10|H9
1|31|33|168|146|93|4S|W|10|H5
1|31|101|171|152|97|3CX|N|4|CK
1|31|99|132|87|158|4S|E|10|H5
1|31|106|144|22|23|3N|E|10|D8
1|31|139|16|169|94|4S|W|10|DA
1|31|10|122|135|123|3N|E|11|CJ
1|31|20|51|47|45|4S|W|10|H5
1|32|121|148|38|14|3HX|N|7|D4
1|32|130|84|46|36|3S|N|7|SA
1|32|77|53|173|124|3D|W|6|S8
1|32|33|168|146|93|2S|N|6|D4
1|32|101|171|152|97|3N|E|7|H7
1|32|99|132|87|158|3N|E|7|HT
1|32|106|144|22|23|3N|E|9|HT
1|32|139|16|169|94|3S|N|7|D5
1|32|10|122|135|123|2S|N|9|C3
1|32|20|51|47|45|3D|E|8|S8
1|4|128|44|84|113|1N|N|8|SQ
1|4|130|121|46|38|3N|N|7|SQ
1|4|77|53|173|124|3N|N|8|SQ
1|4|54|72|39|26|3N|N|8|SJ
1|4|101|171|152|97|3N|N|10|SQ
1|4|99|132|87|158|3N|N|8|SQ
1|4|106|144|22|23|3N|S|9|S9
1|4|139|63|169|35|3N|S|6|S8
1|4|51|122|45|123|3N|N|8|SQ
1|4|20|37|47|21|3N|S|8|S8
1|5|128|44|84|113|4H|E|10|D3
1|5|130|121|46|38|3N|W|7|DJ
1|5|77|53|173|124|4H|E|10|D6
1|5|54|72|39|26|3N|W|8|DJ
1|5|101|171|152|97|4H|W|10|C7
1|5|99|132|87|158|4H|E|10|S7
1|5|106|144|22|23|3N|E|8|S4
1|5|139|63|169|35|3N|E|7|HT
1|5|51|122|45|123|3N|W|7|DJ
1|5|20|37|47|21|3N|W|8|DT
1|6|128|44|84|113|3N|W|6|HT
1|6|130|121|46|38|2S|N|5|H7
1|6|77|53|173|124|P||0
1|6|54|72|39|26|1N|E|8|DJ
1|6|101|171|152|97|1N|W|7|S5
1|6|99|132|87|158|2H|E|8|DJ
1|6|106|144|22|23|1N|W|8|S5
1|6|139|63|169|35|2N|E|7|D4
1|6|51|122|45|123|1N|E|7|S5
1|6|20|37|47|21|4H|W|7|DA
1|7|128|44|84|113|1N|S|10|CK
1|7|130|121|46|38|2N|S|8|CK
1|7|77|53|173|124|1N|S|11|CK
1|7|54|72|39|26|2N|S|9|CQ
1|7|101|171|152|97|1N|S|10|CK
1|7|99|132|87|158|2N|S|10|CK
1|7|106|144|22|23|1N|S|9|CK
1|7|139|63|169|35|2N|S|10|CK
1|7|51|122|45|123|1N|S|9|CJ
1|7|20|37|47|21|2N|S|9|CK
1|8|128|44|84|113|1N|N|8|S8
1|8|130|121|46|38|1N|N|9|H8
1|8|77|53|173|124|3H|N|8|S8
1|8|54|72|39|26|2N|S|8|D2
1|8|101|171|152|97|2C|N|8|S8
1|8|99|132|87|158|1N|N|8|H7
1|8|106|144|22|23|1N|N|9|H7
1|8|139|63|169|35|1N|N|7|S8
1|8|51|122|45|123|1N|N|9|H4
1|8|20|37|47|21|1N|N|7|S8
1|9|128|44|84|113|2CX|W|5|D5
1|9|130|121|46|38|4H|N|9|DQ
1|9|77|53|173|124|2SX|W|8|D5
1|9|54|72|39|26|4H|N|10|C4
1|9|101|171|152|97|3D|N|8|HQ
1|9|99|132|87|158|2H|N|9|C4
1|9|106|144|22|23|3N|S|7|SJ
1|9|139|63|169|35|3H|N|9|C9
1|9|51|122|45|123|4H|N|10|DQ
1|9|20|37|47|21|3H|N|11|SA
2|1|33|84|146|36|3N|N|9|H5
2|1|121|53|38|124|4S|N|10|HA
2|1|89|72|151|26|4S|N|9|C6
2|1|77|99|173|87|3N|N|9|HQ
2|1|139|132|169|158|3N|S|6|H6
2|1|101|144|152|23|3H|E|8|H3
2|1|20|63|47|35|3N|N|8|H7
2|1|16|122|94|123|4S|N|10|HA
2|1|130|37|46|21|5D|N|10|HA
2|1|10|44|135|113|3N|N|9|H7
2|10|33|84|146|36|2C|W|9|C5
2|10|121|53|38|124|4H|N|9|C6
2|10|89|72|151|26|1N|E|7|H9
2|10|77|99|173|87|1N|E|7|DK
2|10|139|132|169|158|3H|N|9|C4
2|10|101|144|152|23|3H|N|9|SQ
2|10|20|63|47|35|1N|E|8|D4
2|10|16|122|94|123|3C|W|9|C2
2|10|130|37|46|21|1N|E|7|DQ
2|10|10|44|135|113|1N|E|7|S8
2|11|33|84|146|36|3S|W|9|HQ
2|11|121|53|38|124|3S|W|9|HQ
2|11|89|72|151|26|4S|W|9|HQ
2|11|77|99|173|87|4S|W|9|DT
2|11|139|132|169|158|4S|W|9|DT
2|11|101|144|152|23|4S|W|9|D2
2|11|20|63|47|35|3D|S|9|D4
2|11|16|122|94|123|4S|W|9|HQ
2|11|130|37|46|21|3S|W|9|HJ
2|11|10|44|135|113|4S|W|9|HQ
2|12|33|84|146|36|2H|E|9|DA
2|12|121|53|38|124|2H|E|7|C5
2|12|89|72|151|26|3N|N|7|HK
2|12|77|99|173|87|3D|N|9|C2
2|12|139|132|169|158|3N|N|7|HK
2|12|101|144|152|23|2H|E|8|C4
2|12|20|63|47|35|2H|E|8|C4
2|12|16|122|94|123|3D|N|10|C9
2|12|130|37|46|21|2H|W|10|ST
2|12|10|44|135|113|2H|W|8|HJ
2|13|33|84|146|36|3N|E|13|S3
2|13|121|53|38|124|3N|E|12|H8
2|13|89|72|151|26|6C|E|12|H6
2|13|77|99|173|87|4H|W|12|DT
2|13|139|132|169|158|4H|E|12|H8
2|13|101|144|152|23|3N|E|12|D2
2|13|20|63|47|35|3N|E|12|D2
2|13|16|122|94|123|6C|E|12|SK
2|13|130|37|46|21|6C|E|12|D6
2|13|10|44|135|113|4H|W|12|DT
2|14|33|84|146|36|2H|S|7|CQ
2|14|121|53|38|124|3N|N|5|H4
2|14|89|72|151|26|1N|N|7|SQ
2|14|77|99|173|87|3D|E|6|CK
2|14|139|132|169|158|3D|E|5|CK
2|14|101|144|152|23|2N|N|8|S8
2|14|20|63|47|35|2HX|W|5|DA
2|14|16|122|94|123|2S|E|4|CK
2|14|130|37|46|21|2S|E|5|DJ
2|14|10|44|135|113|2S|E|4|CA
2|15|33|84|146|36|3N|W|11|CA
2|15|121|53|38|124|3N|W|11|CK
2|15|89|72|151|26|6NX|E|9|C3
2|15|77|99|173|87|3N|E|11|ST
2|15|139|132|169|158|6N|E|11|ST
2|15|101|144|152|23|6DX|W|11|CK
2|15|20|63|47|35|6N|W|9|CA
2|15|16|122|94|123|4N|E|11|ST
2|15|130|37|46|21|5D|W|11|CK
2|15|10|44|135|113|4N|E|11|ST
2|16|33|84|146|36|3D|W|8|H7
2|16|121|53|38|124|3C|E|11|S9
2|16|89|72|151|26|2N|E|7|ST
2|16|77|99|173|87|3D|W|8|H7
2|16|139|132|169|158|4DX|W|8|H7
2|16|101|144|152|23|3D|W|8|H8
2|16|20|63|47|35|2S|E|7|C6
2|16|16|122|94|123|2H|S|6|S6
2|16|130|37|46|21|2N|E|6|HJ
2|16|10|44|135|113|1N|E|7|ST
2|17|54|128|39|84|4S|E|10|HT
2|17|121|33|38|146|4S|W|10|C6
2|17|89|72|151|26|4S|E|10|C2
2|17|168|99|93|87|1N|E|8|HT
2|17|144|132|23|158|4S|W|8|C7
2|17|101|139|152|169|3CX|N|7|S6
2|17|20|16|47|94|2S|W|10|C6
2|17|106|122|22|123|2S|W|9|C6
2|17|44|37|113|21|2H|N|6|CK
2|17|51|148|45|14|2S|W|10|C2
2|18|54|128|39|84|4S|E|11|H5
2|18|121|33|38|146|4S|E|10|D6
2|18|89|72|151|26|3N|W|10|D8
2|18|168|99|93|87|4H|W|10|D8
2|18|144|132|23|158|3N|W|10|C5
2|18|101|139|152|169|4S|E|10|D4
2|18|20|16|47|94|3N|W|10|D7
2|18|106|122|22|123|4S|E|10|D4
2|18|44|37|113|21|3N|W|10|D7
2|18|51|148|45|14|4S|E|10|D6
2|19|54|128|39|84|4H|N|9|S7
2|19|121|33|38|146|4H|N|9|D6
2|19|89|72|151|26|5D|S|10|C9
2|19|168|99|93|87|4H|N|9|S6
2|19|144|132|23|158|3D|N|10|S6
2|19|101|139|152|169|2H|N|10|S7
2|19|20|16|47|94|4H|N|10|S7
2|19|106|122|22|123|2H|N|9|S7
2|19|44|37|113|21|4H|N|9|S6
2|19|51|148|45|14|5D|S|10|C9
2|2|33|84|146|36|3H|E|9|CJ
2|2|121|53|38|124|5DX|S|9|H8
2|2|89|72|151|26|4SX|N|8|HK
2|2|77|99|173|87|4SX|N|8|HK
2|2|139|132|169|158|3N|S|4|H4
2|2|101|144|152|23|2H|E|8|DT
2|2|20|63|47|35|3H|W|8|D2
2|2|16|122|94|123|3H|W|8|D5
2|2|130|37|46|21|3N|S|5|H5
2|2|10|44|135|113|4H|W|8|D5
2|20|54|128|39|84|1H|E|7|S9
2|20|121|33|38|146|2S|W|9|D2
2|20|89|72|151|26|3S|E|9|S5
2|20|168|99|93|87|2S|W|9|H9
2|20|144|132|23|158|1D|E|7|CJ
2|20|101|139|152|169|2S|E|8|S3
2|20|20|16|47|94|2S|E|8|S2
2|20|106|122|22|123|2S|E|8|S5
2|20|44|37|113|21|3S|E|8|S3
2|20|51|148|45|14|4S|E|8|S2
2|21|54|128|39|84|3D|N|11|CQ
2|21|121|33|38|146|5D|N|11|CA
2|21|89|72|151|26|5D|N|10|CK
2|21|168|99|93|87|4H|S|10|C8
2|21|144|132|23|158|3N|S|13|DK
2|21|101|139|152|169|5D|N|11|CA
2|21|20|16|47|94|4H|S|10|CT
2|21|106|122|22|123|4H|S|10|CT
2|21|44|37|113|21|2H|S|10|S5
2|21|51|148|45|14|3N|N|6|CA
2|22|54|128|39|84|5C|E|11|H7
2|22|121|33|38|146|2H|N|8|DA
2|22|89|72|151|26|3N|W|10|HA
2|22|168|99|93|87|5C|E|11|H7
2|22|144|132|23|158|3S|W|7|HA
2|22|101|139|152|169|5C|E|11|H7
2|22|20|16|47|94|3N|W|11|HA
2|22|106|122|22|123|3C|E|12|H7
2|22|44|37|113|21|5C|W|11|HA
2|22|51|148|45|14|5C|E|11|H7
2|23|54|128|39|84|2H|W|7|D5
2|23|121|33|38|146|2CX|N|9|H9
2|23|89|72|151|26|2H|W|8|CQ
2|23|168|99|93|87|2H|W|8|HA
2|23|144|132|23|158|1NX|N|5|H3
2|23|101|139|152|169|1N|W|7|HA
2|23|20|16|47|94|2D|E|7|C4
2|23|106|122|22|123|2H|W|7|D5
2|23|44|37|113|21|1N|N|6|D6
2|23|51|148|45|14|2H|W|8|D7
2|24|54|128|39|84|1S|W|9|HA
2|24|121|33|38|146|1S|W|7|HA
2|24|89|72|151|26|2H|N|7|S4
2|24|168|99|93|87|3C|W|8|C6
2|24|144|132|23|158|1S|W|8|D2
2|24|101|139|152|169|2H|N|7|S7
2|24|20|16|47|94|3D|N|7|S7
2|24|106|122|22|123|2H|N|7|S7
2|24|44|37|113|21|2H|N|6|S4
2|24|51|148|45|14|2H|N|8|S3
2|25|54|128|39|84|5H|E|9|DK
2|25|121|33|38|146|5H|E|9|C8
2|25|89|72|151|26|5DX|S|10|HK
2|25|168|99|93|87|5DX|S|10|HA
2|25|144|132|23|158|5H|E|9|DA
2|25|101|139|152|169|6DX|S|11|DQ
2|25|20|16|47|94|6DX|S|10|HA
2|25|106|122|22|123|5DX|S|10|HK
2|25|44|37|113|21|5H|E|9|DK
2|25|51|148|45|14|5DX|S|10|HK
2|26|54|128|39|84|3H|N|7|D3
2|26|121|33|38|146|2S|W|8|H2
2|26|89|72|151|26|3H|S|9|HA
2|26|168|99|93|87|3D|S|6|S6
2|26|144|132|23|158|3H|S|8|S5
2|26|101|139|152|169|3H|N|8|D3
2|26|20|16|47|94|2S|E|8|H2
2|26|106|122|22|123|3S|E|8|H3
2|26|44|37|113|21|3H|S|9|S5
2|26|51|148|45|14|3S|E|8|H2
2|27|54|128|39|84|2S|W|8|HT
2|27|121|33|38|146|1S|W|9|H9
2|27|89|72|151|26|3S|W|8|D6
2|27|168|99|93|87|1S|W|9|H9
2|27|144|132|23|158|1N|W|10|S8
2|27|101|139|152|169|4S|W|8|H9
2|27|20|16|47|94|1S|W|8|HT
2|27|106|122|22|123|1N|N|4|C2
2|27|44|37|113|21|4S|W|8|HT
2|27|51|148|45|14|1N|N|5|C3
2|28|54|128|39|84|4H|N|6|C6
2|28|121|33|38|146|3C|E|11|H2
2|28|89|72|151|26|4H|N|7|C7
2|28|168|99|93|87|4H|N|8|C7
2|28|144|132|23|158|2N|N|4|C7
2|28|101|139|152|169|4C|W|10|HA
2|28|20|16|47|94|4H|N|8|C7
2|28|106|122|22|123|4H|N|8|C8
2|28|44|37|113|21|4H|N|8|C7
2|28|51|148|45|14|4H|N|7|C6
2|29|54|128|39|84|2S|W|10|C9
2|29|121|33|38|146|3NX|W|7|C3
2|29|89|72|151|26|3H|E|9|C9
2|29|168|99|93|87|3H|W|10|C8
2|29|144|132|23|158|3H|W|10|C3
2|29|101|139|152|169|3H|E|8|S2
2|29|20|16|47|94|4H|W|10|C4
2|29|106|122|22|123|4H|E|9|S2
2|29|44|37|113|21|4H|W|10|C9
2|29|51|148|45|14|3H|E|8|S2
2|3|33|84|146|36|4S|W|10|HK
2|3|121|53|38|124|4S|W|10|DQ
2|3|89|72|151|26|4S|W|11|S3
2|3|77|99|173|87|4S|W|10|HK
2|3|139|132|169|158|4S|W|11|S2
2|3|101|144|152|23|3S|W|10|HK
2|3|20|63|47|35|4S|W|10|DQ
2|3|16|122|94|123|5CX|N|6|SQ
2|3|130|37|46|21|4S|W|10|S2
2|3|10|44|135|113|4S|W|10|HK
2|30|54|128|39|84|4H|W|10|SQ
2|30|121|33|38|146|6HX|W|11|S4
2|30|89|72|151|26|5H|W|11|C7
2|30|168|99|93|87|4H|E|11|CA
2|30|144|132|23|158|4H|W|10|SQ
2|30|101|139|152|169|4H|E|12|D2
2|30|20|16|47|94|4H|W|10|SQ
2|30|106|122|22|123|4H|E|11|CA
2|30|44|37|113|21|5H|W|12|C2
2|30|51|148|45|14|5H|W|11|C7
2|31|54|128|39|84|2H|W|9|C3
2|31|121|33|38|146|4H|W|11|C2
2|31|89|72|151|26|2H|W|8|SA
2|31|168|99|93|87|3H|W|9|C3
2|31|144|132|23|158|3H|W|9|DK
2|31|101|139|152|169|3H|W|8|DK
2|31|20|16|47|94|3H|W|9|C3
2|31|106|122|22|123|3H|W|9|C3
2|31|44|37|113|21|2H|W|10|C7
2|31|51|148|45|14|2H|W|8|DK
2|32|54|128|39|84|2S|N|9|S8
2|32|121|33|38|146|2S|N|9|H5
2|32|89|72|151|26|2H|W|8|CA
2|32|168|99|93|87|2S|N|9|H2
2|32|144|132|23|158|2S|N|9|H2
2|32|101|139|152|169|2S|N|10|H3
2|32|20|16|47|94|2S|N|9|H3
2|32|106|122|22|123|2S|N|9|H3
2|32|44|37|113|21|3H|E|8|SK
2|32|51|148|45|14|3D|S|8|C4
2|4|33|84|146|36|4S|W|12|H9
2|4|121|53|38|124|6S|W|12|CK
2|4|89|72|151|26|6S|W|12|CK
2|4|77|99|173|87|6S|W|12|D4
2|4|139|132|169|158|4S|W|11|D4
2|4|101|144|152|23|4S|W|12|CK
2|4|20|63|47|35|6S|W|12|CK
2|4|16|122|94|123|4S|W|12|H9
2|4|130|37|46|21|4S|W|12|H7
2|4|10|44|135|113|6S|W|12|S2
2|5|33|84|146|36|1N|W|8|H7
2|5|121|53|38|124|1N|E|7|H4
2|5|89|72|151|26|3N|E|9|S2
2|5|77|99|173|87|1N|W|10|S3
2|5|139|132|169|158|3N|E|9|SA
2|5|101|144|152|23|1N|W|8|S7
2|5|20|63|47|35|1N|W|8|S7
2|5|16|122|94|123|1N|W|9|C2
2|5|130|37|46|21|1N|W|8|C3
2|5|10|44|135|113|3N|E|10|D9
2|6|33|84|146|36|1N|N|5|ST
2|6|121|53|38|124|1N|S|5|D4
2|6|89|72|151|26|1N|S|6|DJ
2|6|77|99|173|87|1N|S|5|D4
2|6|139|132|169|158|1N|N|6|H6
2|6|101|144|152|23|1N|S|5|D4
2|6|20|63|47|35|1N|S|7|DQ
2|6|16|122|94|123|1N|S|6|DQ
2|6|130|37|46|21|1N|S|5|C2
2|6|10|44|135|113|1N|S|8|DQ
2|7|33|84|146|36|2H|E|9|CJ
2|7|121|53|38|124|2H|E|11|CJ
2|7|89|72|151|26|2H|E|8|S9
2|7|77|99|173|87|2H|E|10|S4
2|7|139|132|169|158|2H|E|7|D7
2|7|101|144|152|23|2H|E|7|D7
2|7|20|63|47|35|2H|E|9|D7
2|7|16|122|94|123|3D|W|9|D4
2|7|130|37|46|21|2H|E|7|D7
2|7|10|44|135|113|2H|E|9|CJ
2|8|33|84|146|36|3S|S|7|H8
2|8|121|53|38|124|3C|E|10|H3
2|8|89|72|151|26|2C|E|12|S5
2|8|77|99|173|87|3S|S|6|H2
2|8|139|132|169|158|3C|E|10|H7
2|8|101|144|152|23|3C|E|10|DK
2|8|20|63|47|35|3C|E|10|S2
2|8|16|122|94|123|2H|N|6|S2
2|8|130|37|46|21|3C|E|10|H2
2|8|10|44|135|113|3S|N|8|HK
2|9|33|84|146|36|5C|S|12|C8
2|9|121|53|38|124|4S|S|10|DQ
2|9|89|72|151|26|4S|S|10|DJ
2|9|77|99|173|87|4S|S|10|DQ
2|9|139|132|169|158|4S|S|10|DQ
2|9|101|144|152|23|4S|S|12|DQ
2|9|20|63|47|35|4S|S|10|DQ
2|9|16|122|94|123|4S|S|10|DJ
2|9|130|37|46|21|4S|S|10|DQ
2|9|10|44|135|113|4S|S|10|DQ
3|1|121|171|38|97|5CX|E|8|H2
3|1|99|84|87|36|3S|N|9|CA
3|1|77|139|173|169|4S|N|10|CA
3|1|144|168|23|93|3C|E|8|S3
3|1|101|20|152|47|5CX|E|8|SQ
3|1|122|132|123|158|4S|N|10|CA
3|1|106|51|22|45|4S|N|10|CK
3|1|37|63|21|35|4S|N|10|CA
3|1|53|148|124|14|4S|N|8|CA
3|1|44|54|113|39|4SX|N|9|CA
3|10|121|171|38|97|4S|E|10|DK
3|10|99|84|87|36|4H|E|10|DK
3|10|77|139|173|169|3S|W|11|CA
3|10|144|168|23|93|3D|S|9|ST
3|10|101|20|152|47|3H|E|10|CA
3|10|122|132|123|158|4SX|E|10|DK
3|10|106|51|22|45|4C|N|10|SQ
3|10|37|63|21|35|3S|E|10|DK
3|10|53|148|124|14|3S|E|10|DK
3|10|44|54|113|39|5CX|N|10|SK
3|11|121|171|38|97|6N|E|12|CT
3|11|99|84|87|36|6H|E|12|SJ
3|11|77|139|173|169|6H|W|12|DJ
3|11|144|168|23|93|6N|E|12|H6
3|11|101|20|152|47|6N|W|12|SJ
3|11|122|132|123|158|6N|W|12|SJ
3|11|106|51|22|45|4N|E|12|H6
3|11|37|63|21|35|6N|W|12|C6
3|11|53|148|124|14|6N|W|12|C7
3|11|44|54|113|39|6H|W|12|C3
3|12|121|171|38|97|4H|S|10|ST
3|12|99|84|87|36|3S|E|7|DQ
3|12|77|139|173|169|3N|S|8|ST
3|12|144|168|23|93|4H|N|9|C4
3|12|101|20|152|47|4SX|E|7|DA
3|12|122|132|123|158|4SX|E|7|HK
3|12|106|51|22|45|3H|S|10|ST
3|12|37|63|21|35|4S|W|7|H9
3|12|53|148|124|14|4H|S|10|ST
3|12|44|54|113|39|3H|S|10|ST
3|13|121|171|38|97|6S|S|12|C5
3|13|99|84|87|36|6S|S|12|C8
3|13|77|139|173|169|4HXX|N|6|C2
3|13|144|168|23|93|4S|N|12|C2
3|13|101|20|152|47|4S|S|12|D8
3|13|122|132|123|158|6S|S|12|C5
3|13|106|51|22|45|4S|S|12|S8
3|13|37|63|21|35|6S|S|12|C3
3|13|53|148|124|14|4S|S|11|D8
3|13|44|54|113|39|4S|N|12|C7
3|14|121|171|38|97|3H|W|9|ST
3|14|99|84|87|36|3S|N|8|S5
3|14|77|139|173|169|3H|W|9|DJ
3|14|144|168|23|93|3H|W|10|DJ
3|14|101|20|152|47|2S|N|8|S6
3|14|122|132|123|158|4H|W|9|DT
3|14|106|51|22|45|4H|W|9|ST
3|14|37|63|21|35|4H|W|10|CA
3|14|53|148|124|14|2S|S|9|HA
3|14|44|54|113|39|3S|N|8|HT
3|15|121|171|38|97|5D|E|9|HA
3|15|99|84|87|36|5D|E|11|S5
3|15|77|139|173|169|5D|W|11|S4
3|15|144|168|23|93|2D|W|11|S4
3|15|101|20|152|47|2N|E|8|HT
3|15|122|132|123|158|4D|W|11|D2
3|15|106|51|22|45|5D|W|11|S4
3|15|37|63|21|35|3D|E|11|S6
3|15|53|148|124|14|3D|W|10|S4
3|15|44|54|113|39|3HX|N|6|CT
3|16|121|171|38|97|6S|W|12|DA
3|16|99|84|87|36|4S|E|11|CQ
3|16|77|139|173|169|4S|W|11|CQ
3|16|144|168|23|93|5S|W|12|CQ
3|16|101|20|152|47|4S|W|12|CQ
3|16|122|132|123|158|4S|W|12|CJ
3|16|106|51|22|45|4S|W|11|CQ
3|16|37|63|21|35|4S|E|11|H7
3|16|53|148|124|14|5DX|N|7|S4
3|16|44|54|113|39|4S|W|11|H6
3|17|128|89|84|151|3D|S|9|S8
3|17|99|121|87|38|2D|S|8|HT
3|17|168|139|93|169|2H|N|9|S6
3|17|144|72|23|26|2D|S|8|HT
3|17|101|20|152|47|3H|N|9|S2
3|17|122|132|123|158|1N|N|8|S2
3|17|63|37|35|21|2D|S|8|HJ
3|17|51|16|45|94|1N|N|8|S2
3|17|53|148|124|14|2D|S|7|S8
3|17|130|54|46|39|1N|E|4|D8
3|18|128|89|84|151|4H|S|10|D9
3|18|99|121|87|38|3N|N|10|HT
3|18|168|139|93|169|3N|N|11|D6
3|18|144|72|23|26|4H|S|10|D9
3|18|101|20|152|47|4H|S|10|DT
3|18|122|132|123|158|3N|N|10|DK
3|18|63|37|35|21|4H|N|11|DK
3|18|51|16|45|94|4H|S|10|DT
3|18|53|148|124|14|6C|N|12|DA
3|18|130|54|46|39|3N|N|10|DA
3|19|128|89|84|151|4S|W|11|D4
3|19|99|121|87|38|4S|E|12|D5
3|19|168|139|93|169|4S|W|11|D3
3|19|144|72|23|26|4S|E|10|D2
3|19|101|20|152|47|4S|E|11|C8
3|19|122|132|123|158|4S|E|11|D3
3|19|63|37|35|21|4S|E|12|H6
3|19|51|16|45|94|4S|E|11|D3
3|19|53|148|124|14|4S|E|11|D5
3|19|130|54|46|39|4S|W|11|CQ
3|2|121|171|38|97|3S|W|9|HK
3|2|99|84|87|36|4S|E|10|HK
3|2|77|139|173|169|2S|W|10|DK
3|2|144|168|23|93|4S|W|10|HK
3|2|101|20|152|47|3S|W|11|SJ
3|2|122|132|123|158|2S|W|9|HQ
3|2|106|51|22|45|4S|W|10|HK
3|2|37|63|21|35|3S|W|10|HK
3|2|53|148|124|14|2S|W|9|HK
3|2|44|54|113|39|3S|W|10|HK
3|20|128|89|84|151|4S|S|10|DK
3|20|99|121|87|38|4S|S|10|DA
3|20|168|139|93|169|3S|S|9|DA
3|20|144|72|23|26|4S|N|10|D2
3|20|101|20|152|47|4S|S|10|DA
3|20|122|132|123|158|3C|N|10|D2
3|20|63|37|35|21|4S|S|10|DK
3|20|51|16|45|94|4S|N|12|C6
3|20|53|148|124|14|4S|S|9|DA
3|20|130|54|46|39|4S|S|10|DA
3|21|128|89|84|151|3D|N|9|SA
3|21|99|121|87|38|3D|N|9|SA
3|21|168|139|93|169|4S|S|9|DJ
3|21|144|72|23|26|3D|N|9|SA
3|21|101|20|152|47|3H|E|8|D6
3|21|122|132|123|158|4S|S|10|CJ
3|21|63|37|35|21|3D|N|9|HK
3|21|51|16|45|94|3D|N|10|SA
3|21|53|148|124|14|3S|S|9|HA
3|21|130|54|46|39|4H|E|8|D6
3|22|128|89|84|151|3N|E|9|S8
3|22|99|121|87|38|4H|E|10|H4
3|22|168|139|93|169|3N|E|8|CQ
3|22|144|72|23|26|4H|E|9|CQ
3|22|101|20|152|47|3N|E|8|C4
3|22|122|132|123|158|3N|W|6|CT
3|22|63|37|35|21|3N|E|6|CQ
3|22|51|16|45|94|3N|W|8|S2
3|22|53|148|124|14|3N|E|10|C7
3|22|130|54|46|39|4H|E|9|CJ
3|23|128|89|84|151|3N|N|11|DQ
3|23|99|121|87|38|2DX|E|7|D5
3|23|168|139|93|169|3N|N|11|DQ
3|23|144|72|23|26|6C|S|12|DA
3|23|101|20|152|47|3N|N|11|DQ
3|23|122|132|123|158|3N|N|11|D5
3|23|63|37|35|21|6C|S|12|CT
3|23|51|16|45|94|5C|S|12|DA
3|23|53|148|124|14|5C|N|11|S3
3|23|130|54|46|39|3NX|N|11|DQ
3|24|128|89|84|151|4H|N|12|CK
3|24|99|121|87|38|4H|N|11|DQ
3|24|168|139|93|169|4H|N|12|DQ
3|24|144|72|23|26|4H|N|12|CQ
3|24|101|20|152|47|4H|N|12|DQ
3|24|122|132|123|158|4H|N|12|CK
3|24|63|37|35|21|4H|N|11|CK
3|24|51|16|45|94|4H|N|11|CK
3|24|53|148|124|14|4H|N|11
3|24|130|54|46|39|4H|N|11|CK
3|25|128|89|84|151|5CX|N|9|SA
3|25|99|121|87|38|5H|E|10|DK
3|25|168|139|93|169|4H|E|9|DK
3|25|144|72|23|26|5CX|N|9|SA
3|25|101|20|152|47|5CX|N|9|HA
3|25|122|132|123|158|4H|E|10|DK
3|25|63|37|35|21|5C|N|9|SA
3|25|51|16|45|94|4C|N|9|HA
3|25|53|148|124|14|5CX|N|9|SA
3|25|130|54|46|39|3C|N|9|HA
3|26|128|89|84|151|3N|W|11|DA
3|26|99|121|87|38|3N|E|10|S7
3|26|168|139|93|169|3N|W|9|S5
3|26|144|72|23|26|3N|W|10|S5
3|26|101|20|152|47|3N|W|11|DA
3|26|122|132|123|158|3N|W|10|S4
3|26|63|37|35|21|3N|W|10|S5
3|26|51|16|45|94|3N|W|9|S6
3|26|53|148|124|14|3N|W|10|DA
3|26|130|54|46|39|3N|W|10|S5
3|27|128|89|84|151|5C|W|10|HQ
3|27|99|121|87|38|3N|E|6|D9
3|27|168|139|93|169|3N|W|7|D8
3|27|144|72|23|26|5C|W|11|D3
3|27|101|20|152|47|6C|W|11|D8
3|27|122|132|123|158|2N|W|7|D9
3|27|63|37|35|21|3N|W|7|D8
3|27|51|16|45|94|3N|W|7|S2
3|27|53|148|124|14|6C|E|11|DJ
3|27|130|54|46|39|2S|E|7|DJ
3|28|128|89|84|151|2S|S|9|S8
3|28|99|121|87|38|1N|E|5|D3
3|28|168|139|93|169|1N|W|6|H2
3|28|144|72|23|26|2S|N|10|C7
3|28|101|20|152|47|1NX|E|4|D3
3|28|122|132|123|158|1N|E|6|HA
3|28|63|37|35|21|P||0
3|28|51|16|45|94|2N|N|9|CA
3|28|53|148|124|14|1NX|E|5|D3
3|28|130|54|46|39|1NX|W|6|H2
3|29|128|89|84|151|4S|N|10|HK
3|29|99|121|87|38|4S|N|10|HK
3|29|168|139|93|169|4SX|N|10|H8
3|29|144|72|23|26|6D|N|10|C2
3|29|101|20|152|47|6D|S|10|CK
3|29|122|132|123|158|4S|N|10|H9
3|29|63|37|35|21|6D|N|11|H9
3|29|51|16|45|94|6D|S|10|CK
3|29|53|148|124|14|4S|N|12|H9
3|29|130|54|46|39|4S|N|10|H9
3|3|121|171|38|97|1S|S|9|S2
3|3|99|84|87|36|2S|N|8|SQ
3|3|77|139|173|169|2S|N|8|DJ
3|3|144|168|23|93|2S|N|9|SQ
3|3|101|20|152|47|2S|N|8|DJ
3|3|122|132|123|158|2S|N|9|SQ
3|3|106|51|22|45|2S|S|8|D8
3|3|37|63|21|35|2S|S|8|SJ
3|3|53|148|124|14|2S|N|9|DJ
3|3|44|54|113|39|2S|S|9|HA
3|30|128|89|84|151|4S|S|10|DJ
3|30|99|121|87|38|4S|N|10|HJ
3|30|168|139|93|169|4S|S|10|HJ
3|30|144|72|23|26|4S|S|10|HT
3|30|101|20|152|47|4S|S|10|DQ
3|30|122|132|123|158|4S|S|10|HJ
3|30|63|37|35|21|4S|S|10|HJ
3|30|51|16|45|94|4S|S|10|HJ
3|30|53|148|124|14|4S|S|10|HJ
3|30|130|54|46|39|4S|S|11|HJ
3|31|128|89|84|151|7S|S|13|CK
3|31|99|121|87|38|7N|N|13|S2
3|31|168|139|93|169|7N|N|13|S2
3|31|144|72|23|26|7S|S|13|CQ
3|31|101|20|152|47|7N|N|13|S3
3|31|122|132|123|158|7N|N|13|S2
3|31|63|37|35|21|7S|S|13|CK
3|31|51|16|45|94|7N|N|13|S6
3|31|53|148|124|14|7N|N|13|H6
3|31|130|54|46|39|7N|N|13|CQ
3|32|128|89|84|151|1H|S|11|CK
3|32|99|121|87|38|4H|N|9|C5
3|32|168|139|93|169|4H|S|9|CK
3|32|144|72|23|26|3H|S|9|CQ
3|32|101|20|152|47|3H|S|9|CK
3|32|122|132|123|158|4H|S|8|CK
3|32|63|37|35|21|4H|S|10|CK
3|32|51|16|45|94|4H|S|9|CK
3|32|53|148|124|14|4H|S|10|CK
3|32|130|54|46|39|3N|S|9|ST
3|4|121|171|38|97|3N|W|11|C6
3|4|99|84|87|36|3N|E|11|ST
3|4|77|139|173|169|3N|W|9|CQ
3|4|144|168|23|93|3N|W|11|C6
3|4|101|20|152|47|3N|W|9|CQ
3|4|122|132|123|158|3N|E|9|C3
3|4|106|51|22|45|3N|W|9|CQ
3|4|37|63|21|35|3N|W|10|CQ
3|4|53|148|124|14|3N|E|10|ST
3|4|44|54|113|39|3N|E|9|CQ
3|5|121|171|38|97|3H|E|10|D6
3|5|99|84|87|36|4C|N|8|SK
3|5|77|139|173|169|3D|E|11|HQ
3|5|144|168|23|93|2D|W|9|CA
3|5|101|20|152|47|4H|E|9|S5
3|5|122|132|123|158|3DX|W|9|CK
3|5|106|51|22|45|2H|E|10|C4
3|5|37|63|21|35|2H|E|8|S5
3|5|53|148|124|14|4H|E|10|C4
3|5|44|54|113|39|4HX|E|10|D9
3|6|121|171|38|97|6H|S|12|S8
3|6|99|84|87|36|6H|N|12|H8
3|6|77|139|173|169|4H|S|12|S9
3|6|144|168|23|93|6H|S|12|H8
3|6|101|20|152|47|6H|S|12|H7
3|6|122|132|123|158|6H|S|12|ST
3|6|106|51|22|45|6H|S|12|H8
3|6|37|63|21|35|4H|S|12|SK
3|6|53|148|124|14|4H|S|12|ST
3|6|44|54|113|39|4H|N|12|D8
3|7|121|171|38|97|2D|E|9|H3
3|7|99|84|87|36|3N|E|10|HQ
3|7|77|139|173|169|3N|W|10|H2
3|7|144|168|23|93|3N|E|10|H8
3|7|101|20|152|47|3N|E|9|H3
3|7|122|132|123|158|3N|E|10|H6
3|7|106|51|22|45|3N|W|11|S3
3|7|37|63|21|35|3N|W|10|H5
3|7|53|148|124|14|6C|W|9|HK
3|7|44|54|113|39|3N|W|7|HK
3|8|121|171|38|97|2H|E|6|SA
3|8|99|84|87|36|2H|E|6|SA
3|8|77|139|173|169|2H|E|6|SA
3|8|144|168|23|93|2H|E|6|SA
3|8|101|20|152|47|3D|W|7|D2
3|8|122|132|123|158|3D|W|8|ST
3|8|106|51|22|45|3C|W|7|SJ
3|8|37|63|21|35|2S|N|8|DT
3|8|53|148|124|14|2S|N|8|DT
3|8|44|54|113|39|3D|W|7|DA
3|9|121|171|38|97|1N|S|9|C4
3|9|99|84|87|36|1N|N|8|H9
3|9|77|139|173|169|1N|N|8|H9
3|9|144|168|23|93|2H|N|8|C4
3|9|101|20|152|47|2S|N|9|S8
3|9|122|132|123|158|1N|N|9|H6
3|9|106|51|22|45|1N|N|8|H6
3|9|37|63|21|35|1N|N|8|H9
3|9|53|148|124|14|2S|N|9|S4
3|9|44|54|113|39|2S|S|8|C5
4|1|139|48|169|38|3N|N|9|H5
4|1|104|144|2|23|3N|N|9|C2
4|1|122|72|123|26|3N|N|10|H8
4|1|77|20|173|47|3N|N|9|C3
4|1|37|15|21|111|3N|N|8|SQ
4|1|101|51|152|45|3N|N|9|H5
4|1|130|63|46|35|3N|N|9|C3
4|1|106|44|22|113|3N|N|9|C3
4|1|54|171|39|97|3N|N|10|H8
4|1|89|33|151|146|3N|N|8|H5
4|10|139|48|169|38|5D|E|8|H3
4|10|104|144|2|23|3H|S|10|SK
4|10|122|72|123|26|4D|E|10|C4
4|10|77|20|173|47|3D|E|9|S5
4|10|37|15|21|111|4D|E|9|HK
4|10|101|51|152|45|3D|E|9|H5
4|10|130|63|46|35|1N|W|12|S3
4|10|106|44|22|113|3N|E|8|H5
4|10|54|171|39|97|3N|W|7|D9
4|10|89|33|151|146|3D|E|9|S6
4|11|139|48|169|38|1N|W|8|S2
4|11|104|144|2|23|1N|E|9|SK
4|11|122|72|123|26|1N|W|8|D7
4|11|77|20|173|47|1N|W|8|C3
4|11|37|15|21|111|1N|W|7|S8
4|11|101|51|152|45|1N|W|8|S8
4|11|130|63|46|35|1N|W|9|C3
4|11|106|44|22|113|1N|W|9|HA
4|11|54|171|39|97|1N|W|8|S8
4|11|89|33|151|146|1N|W|9|C3
4|12|139|48|169|38|4S|W|11|HA
4|12|104|144|2|23|4S|W|10|D3
4|12|122|72|123|26|4S|W|10|S4
4|12|77|20|173|47|4S|W|10|CA
4|12|37|15|21|111|4S|W|10|D2
4|12|101|51|152|45|4S|W|10|HA
4|12|130|63|46|35|4S|W|10|H2
4|12|106|44|22|113|4S|W|10|H7
4|12|54|171|39|97|4S|W|10|S4
4|12|89|33|151|146|4S|W|10|S4
4|13|139|48|169|38|4D|W|10|SA
4|13|104|144|2|23|5DX|W|9|SA
4|13|122|72|123|26|4S|N|9|DK
4|13|77|20|173|47|2S|N|8|S7
4|13|37|15|21|111|4S|N|8|D8
4|13|101|51|152|45|4H|N|10|DK
4|13|130|63|46|35|3S|N|9|S8
4|13|106|44|22|113|3S|N|9|H4
4|13|54|171|39|97|4S|N|10|S3
4|13|89|33|151|146|2H|N|9|D8
4|14|139|48|169|38|3D|S|8|SQ
4|14|104|144|2|23|3D|S|8|SQ
4|14|122|72|123|26|2D|S|9|DJ
4|14|77|20|173|47|2D|S|9|SQ
4|14|37|15|21|111|3N|S|8|HT
4|14|101|51|152|45|3D|S|8|DJ
4|14|130|63|46|35|2D|S|8|HQ
4|14|106|44|22|113|2D|S|9|D5
4|14|54|171|39|97|3D|S|9|SQ
4|14|89|33|151|146|2C|S|5|SQ
4|15|139|48|169|38|3S|N|11|DT
4|15|104|144|2|23|4S|N|11|DT
4|15|122|72|123|26|4S|N|11|C6
4|15|77|20|173|47|4S|N|11|C6
4|15|37|15|21|111|4S|N|10|S2
4|15|101|51|152|45|4S|N|11|C6
4|15|130|63|46|35|4S|N|11|DT
4|15|106|44|22|113|4H|W|9|SA
4|15|54|171|39|97|3D|S|6|SK
4|15|89|33|151|146|4S|N|11|DT
4|16|139|48|169|38|4H|W|10|C3
4|16|104|144|2|23|4DX|N|7|S2
4|16|122|72|123|26|2H|W|10|C3
4|16|77|20|173|47|2H|W|9|C3
4|16|37|15|21|111|4H|E|10|D4
4|16|101|51|152|45|2N|E|8|D4
4|16|130|63|46|35|3DX|N|6|S4
4|16|106|44|22|113|4H|W|10|C3
4|16|54|171|39|97|4H|E|9|D6
4|16|89|33|151|146|4H|E|10|D6
4|17|139|48|169|38|1N|N|8|S2
4|17|128|144|36|23|2D|N|9|HT
4|17|122|168|123|93|1N|N|7|H9
4|17|77|20|173|47|1N|N|8|HT
4|17|10|15|135|111|2D|N|8|H9
4|17|101|51|152|45|1N|N|9|H9
4|17|130|16|46|94|1N|N|9|HT
4|17|106|166|22|155|1N|N|7|HT
4|17|54|171|39|97|1N|N|9|HT
4|17|99|53|87|124|2H|E|6|H6
4|18|139|48|169|38|3N|N|8|HA
4|18|128|144|36|23|4D|N|9|HA
4|18|122|168|123|93|4D|S|9|H6
4|18|77|20|173|47|5DX|N|9|HA
4|18|10|15|135|111|3N|N|9|HA
4|18|101|51|152|45|3D|N|9|D6
4|18|130|16|46|94|3N|S|8|H6
4|18|106|166|22|155|3D|N|9|HA
4|18|54|171|39|97|4D|S|8|H6
4|18|99|53|87|124|3D|N|9|D6
4|19|139|48|169|38|4H|S|11|S6
4|19|128|144|36|23|5S|N|12|S3
4|19|122|168|123|93|4S|N|12|CQ
4|19|77|20|173|47|6S|N|12|HJ
4|19|10|15|135|111|4S|N|11|DJ
4|19|101|51|152|45|4S|S|11|CT
4|19|130|16|46|94|4S|N|12|HJ
4|19|106|166|22|155|4S|N|10|D3
4|19|54|171|39|97|6S|N|12|DJ
4|19|99|53|87|124|4S|N|10|DJ
4|2|139|48|169|38|3N|N|10|H8
4|2|104|144|2|23|5D|S|11|H5
4|2|122|72|123|26|5D|S|11|ST
4|2|77|20|173|47|5D|S|11|CA
4|2|37|15|21|111|3N|S|10|H4
4|2|101|51|152|45|3N|N|10|C3
4|2|130|63|46|35|5D|S|11|D6
4|2|106|44|22|113|3N|S|11|SJ
4|2|54|171|39|97|6D|S|11|SJ
4|2|89|33|151|146|5D|S|11|SJ
4|20|139|48|169|38|3N|E|9|SQ
4|20|128|144|36|23|3N|W|9|S3
4|20|122|168|123|93|3N|E|9|ST
4|20|77|20|173|47|3N|E|9|SQ
4|20|10|15|135|111|3N|E|9|SQ
4|20|101|51|152|45|3N|W|9|H4
4|20|130|16|46|94|3N|E|9|SJ
4|20|106|166|22|155|3N|E|9|SQ
4|20|54|171|39|97|3N|E|9|SQ
4|20|99|53|87|124|3N|W|10|H4
4|21|139|48|169|38|3D|W|9|CA
4|21|128|144|36|23|2D|W|9|CA
4|21|122|168|123|93|3D|W|10|CK
4|21|77|20|173|47|3D|W|9|CA
4|21|10|15|135|111|3N|E|6|C7
4|21|101|51|152|45|2D|W|9|CA
4|21|130|16|46|94|4H|E|6|C8
4|21|106|166|22|155|3H|E|6|C8
4|21|54|171|39|97|3D|W|9|CA
4|21|99|53|87|124|2D|E|9|CA
4|22|139|48|169|38|3C|E|8|SQ
4|22|128|144|36|23|3C|E|7|SQ
4|22|122|168|123|93|2H|W|7|HJ
4|22|77|20|173|47|3C|E|8|SQ
4|22|10|15|135|111|3N|E|6|SQ
4|22|101|51|152|45|3C|E|7|D6
4|22|130|16|46|94|2SX|S|7|C6
4|22|106|166|22|155|2H|W|6|S6
4|22|54|171|39|97|4SX|W|7|CT
4|22|99|53|87|124|2H|E|7|S6
4|23|139|48|169|38|2SX|W|5|HA
4|23|128|144|36|23|4H|N|9|S7
4|23|122|168|123|93|2SX|W|5|HK
4|23|77|20|173|47|3N|S|10|SQ
4|23|10|15|135|111|3N|N|9|HA
4|23|101|51|152|45|4H|N|9|S7
4|23|130|16|46|94|3N|S|9|H7
4|23|106|166|22|155|2SX|W|5|HA
4|23|54|171|39|97|3N|S|9|SK
4|23|99|53|87|124|3N|S|10|S5
4|24|139|48|169|38|2S|E|9|CK
4|24|128|144|36|23|2S|E|9|CK
4|24|122|168|123|93|2S|E|9|CQ
4|24|77|20|173|47|3H|N|7|SA
4|24|10|15|135|111|2S|E|9|CK
4|24|101|51|152|45|2S|E|9|CK
4|24|130|16|46|94|2S|E|9|CQ
4|24|106|166|22|155|2S|E|9|CK
4|24|54|171|39|97|2S|E|9|CK
4|24|99|53|87|124|2S|E|9|CK
4|25|139|48|169|38|3S|W|7|HT
4|25|128|144|36|23|4H|N|12|SA
4|25|122|168|123|93|4H|S|11|S3
4|25|77|20|173|47|4H|S|12|CT
4|25|10|15|135|111|4H|S|13|D9
4|25|101|51|152|45|2H|S|13|D9
4|25|130|16|46|94|4H|S|12|S6
4|25|106|166|22|155|4H|S|12|S6
4|25|54|171|39|97|4H|N|11|SA
4|25|99|53|87|124|4H|N|12|H5
4|26|139|48|169|38|1N|N|5|D2
4|26|128|144|36|23|P||0
4|26|122|168|123|93|2N|S|9|H6
4|26|77|20|173|47|1N|S|6|C2
4|26|10|15|135|111|1N|S|7|C2
4|26|101|51|152|45|1N|S|7|C2
4|26|130|16|46|94|1N|S|6|C2
4|26|106|166|22|155|P||0
4|26|54|171|39|97|1N|S|8|H6
4|26|99|53|87|124|P||0
4|27|139|48|169|38|4S|S|11|C3
4|27|128|144|36|23|4S|S|11|S3
4|27|122|168|123|93|5S|S|11|S3
4|27|77|20|173|47|5HX|E|8|SA
4|27|10|15|135|111|4S|S|11|C3
4|27|101|51|152|45|4S|S|11|S6
4|27|130|16|46|94|4S|S|12|C6
4|27|106|166|22|155|4S|S|11|C6
4|27|54|171|39|97|4S|S|11|C3
4|27|99|53|87|124|4S|S|11|DA
4|28|139|48|169|38|2S|W|6|HA
4|28|128|144|36|23|2H|N|9|S5
4|28|122|168|123|93|2H|N|10|H2
4|28|77|20|173|47|3D|E|9|CJ
4|28|10|15|135|111|1N|W|7|H3
4|28|101|51|152|45|2S|W|6|HK
4|28|130|16|46|94|2H|N|9|DQ
4|28|106|166|22|155|2H|N|10|S6
4|28|54|171|39|97|2H|S|9|H4
4|28|99|53|87|124|3H|N|9|CK
4|29|139|48|169|38|5H|W|10|D9
4|29|128|144|36|23|4H|W|10|C3
4|29|122|168|123|93|5H|W|11|SA
4|29|77|20|173|47|4SX|S|9|DA
4|29|10|15|135|111|4H|W|10|SA
4|29|101|51|152|45|5H|W|10|S2
4|29|130|16|46|94|5H|W|10|SA
4|29|106|166|22|155|4H|W|10|C2
4|29|54|171|39|97|2S|S|9|DA
4|29|99|53|87|124|4H|E|10|D3
4|3|139|48|169|38|4S|E|10|S3
4|3|104|144|2|23|4S|E|10|S3
4|3|122|72|123|26|4S|E|10|ST
4|3|77|20|173|47|4S|E|10|C6
4|3|37|15|21|111|4S|W|11|H7
4|3|101|51|152|45|1N|E|8|D3
4|3|130|63|46|35|4S|W|11|C3
4|3|106|44|22|113|4S|E|10|S3
4|3|54|171|39|97|4S|E|11|C6
4|3|89|33|151|146|4S|E|9|S3
4|30|139|48|169|38|3C|W|10|H5
4|30|128|144|36|23|5C|E|9|HA
4|30|122|168|123|93|3N|E|11|HK
4|30|77|20|173|47|3N|E|10|HA
4|30|10|15|135|111|3N|E|11|HK
4|30|101|51|152|45|2HX|N|6|CT
4|30|130|16|46|94|3N|E|11|HK
4|30|106|166|22|155|5NX|E|11|HK
4|30|54|171|39|97|3N|E|10|HK
4|30|99|53|87|124|3N|E|10|S9
4|31|139|48|169|38|3N|E|6|S8
4|31|128|144|36|23|4S|N|10|CK
4|31|122|168|123|93|5CX|E|8|S8
4|31|77|20|173|47|4S|N|10|DK
4|31|10|15|135|111|3C|E|9|DJ
4|31|101|51|152|45|4C|E|10|DJ
4|31|130|16|46|94|3C|E|10|DJ
4|31|106|166|22|155|4C|E|8|S5
4|31|54|171|39|97|5CX|E|9|DJ
4|31|99|53|87|124|5C|E|9|CA
4|32|139|48|169|38|6SXX|W|11|C7
4|32|128|144|36|23|4S|W|10|D8
4|32|122|168|123|93|4S|W|10|D8
4|32|77|20|173|47|6D|E|13|D2
4|32|10|15|135|111|6D|E|12|D2
4|32|101|51|152|45|4S|W|10|D8
4|32|130|16|46|94|4S|W|10|D8
4|32|106|166|22|155|4S|W|10|D8
4|32|54|171|39|97|7DX|E|12|SK
4|32|99|53|87|124|7D|W|13|H6
4|4|139|48|169|38|2H|W|8|DK
4|4|104|144|2|23|4S|S|10|CJ
4|4|122|72|123|26|2H|W|8|DQ
4|4|77|20|173|47|4S|S|9|HK
4|4|37|15|21|111|4S|S|10|HK
4|4|101|51|152|45|4S|S|10|HQ
4|4|130|63|46|35|2H|W|7|DQ
4|4|106|44|22|113|4S|S|8|HK
4|4|54|171|39|97|4S|S|10|HK
4|4|89|33|151|146|4SX|S|9|HK
4|5|139|48|169|38|3D|W|8|SQ
4|5|104|144|2|23|2S|N|8|C2
4|5|122|72|123|26|2S|N|7|CT
4|5|77|20|173|47|3C|E|9|S7
4|5|37|15|21|111|1N|S|6|DT
4|5|101|51|152|45|2S|N|6|CT
4|5|130|63|46|35|2S|N|8|CJ
4|5|106|44|22|113|2S|N|7|CJ
4|5|54|171|39|97|2S|N|8|CJ
4|5|89|33|151|146|2S|N|6|CJ
4|6|139|48|169|38|4H|E|10|C3
4|6|104|144|2|23|4H|E|10|D5
4|6|122|72|123|26|2H|W|10|CT
4|6|77|20|173|47|4H|W|10|C4
4|6|37|15|21|111|4H|E|10|C6
4|6|101|51|152|45|4H|E|10|D5
4|6|130|63|46|35|1C|W|6|SK
4|6|106|44|22|113|3H|W|10|C5
4|6|54|171|39|97|2H|W|9|SQ
4|6|89|33|151|146|1H|W|10|CJ
4|7|139|48|169|38|3N|W|8|C6
4|7|104|144|2|23|3N|E|9|HQ
4|7|122|72|123|26|3N|E|8|D2
4|7|77|20|173|47|3N|E|9|D3
4|7|37|15|21|111|3N|E|9|H9
4|7|101|51|152|45|3N|W|7|C6
4|7|130|63|46|35|1N|W|8|C6
4|7|106|44|22|113|1S|W|8|S3
4|7|54|171|39|97|3N|E|9|ST
4|7|89|33|151|146|2H|E|8|C5
4|8|139|48|169|38|6N|W|12|HT
4|8|104|144|2|23|6N|W|12|HT
4|8|122|72|123|26|6N|W|13|HT
4|8|77|20|173|47|6N|W|12|H3
4|8|37|15|21|111|6N|W|12|HT
4|8|101|51|152|45|6N|W|12|H9
4|8|130|63|46|35|6N|W|12|H9
4|8|106|44|22|113|4S|E|12|CT
4|8|54|171|39|97|6N|W|12|HT
4|8|89|33|151|146|6S|W|12|C7
4|9|139|48|169|38|4S|W|10|CA
4|9|104|144|2|23|5S|E|11|CA
4|9|122|72|123|26|5S|W|11|CK
4|9|77|20|173|47|4S|W|11|CA
4|9|37|15|21|111|5S|W|11|CK
4|9|130|63|46|35|6S|E|11|HA
4|9|106|44|22|113|4S|W|12|CA
4|9|54|171|39|97|4S|W|11|CA
4|9|89|33|151|146|4S|W|11|CA
5|1|104|122|2|123|2S|S|10|CQ
5|1|20|128|47|36|3S|S|10|CK
5|1|77|10|173|135|4S|S|10|CK
5|1|37|72|21|26|2S|S|11|CQ
5|1|101|16|152|94|3S|S|10|CK
5|1|63|15|35|111|3C|W|9|C3
5|1|139|54|169|39|3S|S|10|CK
5|1|53|144|124|23|3S|S|10|CK
5|1|99|130|87|46|2S|N|10|CQ
5|1|44|171|113|97|3S|N|10|CK
5|10|104|122|2|123|1N|S|5|HT
5|10|20|128|47|36|1N|S|5|HJ
5|10|77|10|173|135|1N|S|5|HJ
5|10|37|72|21|26|1N|S|5|HJ
5|10|101|16|152|94|1N|S|5|HJ
5|10|63|15|35|111|2H|W|8|S7
5|10|139|54|169|39|1N|N|5|H7
5|10|53|144|124|23|2D|N|7|H2
5|10|99|130|87|46|1N|N|6|HJ
5|10|44|171|113|97|2D|N|8|H4
5|11|104|122|2|123|2D|W|10|C3
5|11|20|128|47|36|3N|E|8|CK
5|11|77|10|173|135|3N|E|8|CK
5|11|37|72|21|26|3N|E|8|CK
5|11|101|16|152|94|3N|E|8|CK
5|11|63|15|35|111|3N|E|8|CQ
5|11|139|54|169|39|3NX|E|7|CK
5|11|53|144|124|23|2H|E|9|CK
5|11|99|130|87|46|3D|W|10|C3
5|11|44|171|113|97|1NX|S|6|DJ
5|12|104|122|2|123|2D|W|8|C8
5|12|20|128|47|36|2H|W|8|DT
5|12|77|10|173|135|2D|E|9|S6
5|12|37|72|21|26|2D|E|9|S2
5|12|101|16|152|94|3C|N|8|HQ
5|12|63|15|35|111|4H|W|10|DT
5|12|139|54|169|39|4H|W|10|DT
5|12|53|144|124|23|2H|W|10|DT
5|12|99|130|87|46|2D|E|9|S2
5|12|44|171|113|97|3N|E|9|S2
5|13|104|122|2|123|4H|N|10|DK
5|13|20|128|47|36|4H|N|9|S6
5|13|77|10|173|135|4H|N|11|D5
5|13|37|72|21|26|6H|N|10|S7
5|13|101|16|152|94|4H|S|10|DA
5|13|63|15|35|111|3DX|W|9|CA
5|13|139|54|169|39|4H|S|10|DA
5|13|53|144|124|23|4H|S|10|S8
5|13|99|130|87|46|4H|N|9|D5
5|13|44|171|113|97|4H|N|9|S7
5|14|104|122|2|123|4S|S|10|DK
5|14|20|128|47|36|4S|S|10|DA
5|14|77|10|173|135|4S|S|9|DA
5|14|37|72|21|26|3S|S|9|DK
5|14|101|16|152|94|4S|S|10|DK
5|14|63|15|35|111|4S|S|10|DA
5|14|139|54|169|39|4S|S|10|DA
5|14|53|144|124|23|4S|S|10|DA
5|14|99|130|87|46|4S|N|10|DA
5|14|44|171|113|97|4S|S|10|DK
5|15|104|122|2|123|3N|N|7|H9
5|15|20|128|47|36|3N|S|9|D5
5|15|77|10|173|135|4S|N|9|D8
5|15|37|72|21|26|3N|S|9|D9
5|15|101|16|152|94|4H|S|9|CJ
5|15|63|15|35|111|4H|N|9|D3
5|15|139|54|169|39|3N|S|6|DT
5|15|53|144|124|23|4H|N|9|H7
5|15|99|130|87|46|4H|S|9|CJ
5|15|44|171|113|97|3H|S|9|CJ
5|16|104|122|2|123|4S|W|10|C5
5|16|20|128|47|36|4S|W|10|C6
5|16|77|10|173|135|4S|E|10|C3
5|16|37|72|21|26|3S|W|11|S4
5|16|101|16|152|94|4S|W|10|C6
5|16|63|15|35|111|4S|W|10|C6
5|16|139|54|169|39|4S|W|10|C2
5|16|53|144|124|23|4S|W|9|C6
5|16|99|130|87|46|4S|E|10|HJ
5|16|44|171|113|97|4S|W|10|C2
5|17|104|122|2|123|3N|W|10|CK
5|17|20|48|47|38|3N|W|11|CK
5|17|168|51|93|45|4H|W|11|CK
5|17|37|72|21|26|4H|W|11|CK
5|17|101|16|152|94|6H|W|10|CK
5|17|106|15|22|111|4H|W|11|CK
5|17|139|33|169|146|3N|W|10|CK
5|17|54|144|39|23|6H|W|12|CK
5|17|89|166|151|155|4H|W|11|C3
5|17|44|99|113|87|6N|W|7|CK
5|18|104|122|2|123|3D|E|10|CQ
5|18|20|48|47|38|4H|W|10|C5
5|18|168|51|93|45|4H|W|10|C8
5|18|37|72|21|26|4H|W|10|C8
5|18|101|16|152|94|4H|W|10|C8
5|18|106|15|22|111|2H|W|11|C5
5|18|139|33|169|146|2N|E|9|CQ
5|18|54|144|39|23|2H|W|11|HK
5|18|89|166|151|155|4H|W|10|C9
5|18|44|99|113|87|3H|W|10|C2
5|19|104|122|2|123|5D|S|9|SA
5|19|20|48|47|38|3N|S|5|H4
5|19|168|51|93|45|5D|S|9|SA
5|19|37|72|21|26|4H|S|9|SA
5|19|101|16|152|94|3N|S|8|H4
5|19|106|15|22|111|4D|S|9|SA
5|19|139|33|169|146|4H|S|7|C6
5|19|54|144|39|23|5D|S|10|SA
5|19|89|166|151|155|3N|S|6|S4
5|19|44|99|113|87|4D|S|9|C6
5|2|104|122|2|123|3N|N|9|HQ
5|2|20|128|47|36|2D|N|10|HQ
5|2|77|10|173|135|3N|S|9|H9
5|2|37|72|21|26|2S|S|8|ST
5|2|101|16|152|94|3N|N|8|HQ
5|2|63|15|35|111|3N|N|8|HQ
5|2|139|54|169|39|3N|N|9|HQ
5|2|53|144|124|23|1N|E|7|S4
5|2|99|130|87|46|3N|N|9|HQ
5|2|44|171|113|97|3N|S|9|HQ
5|20|104|122|2|123|2H|W|8|CJ
5|20|20|48|47|38|2H|W|8|ST
5|20|168|51|93|45|3C|E|8|D4
5|20|37|72|21|26|4H|W|8|CJ
5|20|101|16|152|94|4H|W|9|CJ
5|20|106|15|22|111|2H|W|8|CJ
5|20|139|33|169|146|2H|W|8|D3
5|20|54|144|39|23|2H|W|8|D6
5|20|89|166|151|155|2H|W|8|ST
5|20|44|99|113|87|2H|W|8|CJ
5|21|104|122|2|123|4S|N|12|D2
5|21|20|48|47|38|4S|S|12|H9
5|21|168|51|93|45|4S|S|12|H5
5|21|37|72|21|26|4S|S|12|H5
5|21|101|16|152|94|4S|N|12|DQ
5|21|106|15|22|111|4S|S|12|D3
5|21|139|33|169|146|4S|N|11|DQ
5|21|54|144|39|23|4S|S|12|H3
5|21|89|166|151|155|4S|N|11|DQ
5|21|44|99|113|87|6S|S|12|C7
5|22|104|122|2|123|4S|N|7|D7
5|22|20|48|47|38|4S|N|8|HA
5|22|168|51|93|45|4S|N|8|D7
5|22|37|72|21|26|3S|N|8|HJ
5|22|101|16|152|94|4S|N|8|HK
5|22|106|15|22|111|4S|N|8|HK
5|22|139|33|169|146|3S|N|7|HA
5|22|54|144|39|23|4S|N|8|HA
5|22|89|166|151|155|4S|N|8|HA
5|22|44|99|113|87|4H|E|9|DQ
5|23|104|122|2|123|2S|N|6|HK
5|23|20|48|47|38|2N|W|8|S5
5|23|168|51|93|45|2N|W|8|S5
5|23|37|72|21|26|3N|W|8|S5
5|23|101|16|152|94|3S|N|6|HK
5|23|106|15|22|111|4H|E|9|S2
5|23|139|33|169|146|2H|W|8|D2
5|23|54|144|39|23|2H|E|9|S2
5|23|89|166|151|155|3N|W|8|S5
5|23|44|99|113|87|3N|W|8|S5
5|24|104|122|2|123|3S|N|10|DQ
5|24|20|48|47|38|3S|N|9|DK
5|24|168|51|93|45|3S|N|9|C5
5|24|37|72|21|26|2S|N|9|C7
5|24|101|16|152|94|1N|N|9|C5
5|24|106|15|22|111|3S|N|9|C5
5|24|139|33|169|146|1N|N|9|C5
5|24|54|144|39|23|3S|N|9|C2
5|24|89|166|151|155|3S|N|10|DK
5|24|44|99|113|87|1N|N|8|C5
5|25|104|122|2|123|4D|N|10|HA
5|25|20|48|47|38|3HX|W|8|D5
5|25|168|51|93|45|3D|N|9|HK
5|25|37|72|21|26|3D|N|10|HK
5|25|101|16|152|94|3D|N|10|HK
5|25|106|15|22|111|4D|N|10|HA
5|25|139|33|169|146|3D|N|9|HK
5|25|54|144|39|23|3NX|N|9|HA
5|25|89|166|151|155|2D|N|11|HA
5|25|44|99|113|87|4D|N|10|HA
5|26|104|122|2|123|2H|S|9|C2
5|26|20|48|47|38|2H|S|8|SK
5|26|168|51|93|45|3C|E|9|HA
5|26|37|72|21|26|3D|S|10|SQ
5|26|101|16|152|94|2H|S|9|C2
5|26|106|15|22|111|3C|E|8|HA
5|26|139|33|169|146|2H|S|8|S3
5|26|54|144|39|23|3D|N|9|D6
5|26|89|166|151|155|2H|S|9|SK
5|26|44|99|113|87|3H|S|9|H9
5|27|104|122|2|123|5N|S|10|S2
5|27|20|48|47|38|6C|N|11|SA
5|27|168|51|93|45|3N|S|10|H8
5|27|37|72|21|26|5C|N|11|SA
5|27|101|16|152|94|5C|S|12|D9
5|27|106|15|22|111|6C|N|11|SA
5|27|139|33|169|146|2H|W|6|H3
5|27|54|144|39|23|6C|N|11|SA
5|27|89|166|151|155|4C|N|13|DJ
5|27|44|99|113|87|3N|S|11|S6
5|28|104|122|2|123|3N|N|8|H3
5|28|20|48|47|38|4S|N|10|H2
5|28|168|51|93|45|4S|S|9|D8
5|28|37|72|21|26|3C|N|10|H2
5|28|101|16|152|94|3HX|W|6|HK
5|28|106|15|22|111|3N|N|8|H2
5|28|139|33|169|146|5C|N|10|DA
5|28|54|144|39|23|3C|N|10|H3
5|28|89|166|151|155|3N|N|8|H3
5|28|44|99|113|87|3N|N|8|H2
5|29|104|122|2|123|3NX|E|9|HA
5|29|20|48|47|38|2CX|S|6|HK
5|29|168|51|93|45|3N|E|9|CT
5|29|37|72|21|26|2N|E|9|CT
5|29|101|16|152|94|3N|E|9|C9
5|29|106|15|22|111|3N|E|7|C8
5|29|139|33|169|146|3NX|E|8|CQ
5|29|54|144|39|23|4S|E|8|HA
5|29|89|166|151|155|3N|E|8|C7
5|29|44|99|113|87|3CX|S|6|HK
5|3|104|122|2|123|5S|S|11|S2
5|3|20|128|47|36|4H|S|12|DQ
5|3|77|10|173|135|6H|S|12|H8
5|3|37|72|21|26|4H|S|12|DJ
5|3|101|16|152|94|5H|N|12|D6
5|3|63|15|35|111|6H|S|12|DQ
5|3|139|54|169|39|4H|S|12|DQ
5|3|53|144|124|23|4H|S|12|DQ
5|3|99|130|87|46|5H|S|12|DJ
5|3|44|171|113|97|4H|S|12|DQ
5|30|104|122|2|123|4C|W|12|D3
5|30|20|48|47|38|5DX|S|9|CA
5|30|168|51|93|45|5C|W|12|D3
5|30|37|72|21|26|5C|W|12|H8
5|30|101|16|152|94|6C|W|12|D3
5|30|106|15|22|111|5C|W|11|D3
5|30|139|33|169|146|5C|W|12|D5
5|30|54|144|39|23|5C|W|11|D3
5|30|89|166|151|155|5C|W|11|D2
5|30|44|99|113|87|5C|W|12|D5
5|31|104|122|2|123|2S|E|8|CJ
5|31|20|48|47|38|4S|E|8|S3
5|31|168|51|93|45|4S|W|9|S5
5|31|37|72|21|26|4S|E|7|CJ
5|31|101|16|152|94|4S|E|8|CJ
5|31|106|15|22|111|4S|E|10|H2
5|31|139|33|169|146|4S|W|8|S5
5|31|54|144|39|23|4S|W|8|CK
5|31|89|166|151|155|4S|E|10|S3
5|31|44|99|113|87|2S|E|9|S7
5|32|104|122|2|123|5HX|N|9|S2
5|32|20|48|47|38|4H|N|9|SJ
5|32|168|51|93|45|3S|E|8|DJ
5|32|37|72|21|26|3S|E|9|H3
5|32|101|16|152|94|3S|E|8|DJ
5|32|106|15|22|111|3S|E|9|H3
5|32|139|33|169|146|4HX|N|9|DT
5|32|54|144|39|23|4S|E|8|H3
5|32|89|166|151|155|4S|E|8|DJ
5|32|44|99|113|87|3S|E|8|H4
5|4|104|122|2|123|3N|W|10|H5
5|4|20|128|47|36|3N|E|10|D9
5|4|77|10|173|135|3N|E|11|D2
5|4|37|72|21|26|3N|E|10|HT
5|4|101|16|152|94|3N|E|10|H5
5|4|63|15|35|111|3N|E|10|S4
5|4|139|54|169|39|5C|E|11|D2
5|4|53|144|124|23|3N|E|10|D9
5|4|99|130|87|46|4N|W|10|H5
5|4|44|171|113|97|3N|E|10|H5
5|5|104|122|2|123|4S|E|10|H2
5|5|20|128|47|36|4S|E|8|DQ
5|5|77|10|173|135|6S|E|9|DQ
5|5|37|72|21|26|6H|W|12|S2
5|5|101|16|152|94|4S|E|8|DQ
5|5|63|15|35|111|4N|E|8|D5
5|5|139|54|169|39|5H|E|12|D8
5|5|53|144|124|23|6H|W|12|D3
5|5|99|130|87|46|6H|W|12|D3
5|5|44|171|113|97|6H|W|12|C8
5|6|104|122|2|123|2N|E|8|SJ
5|6|20|128|47|36|2D|E|9|D6
5|6|77|10|173|135|3N|E|8|SJ
5|6|37|72|21|26|2N|E|8|C6
5|6|101|16|152|94|1N|E|8|C3
5|6|63|15|35|111|2N|E|9|SJ
5|6|139|54|169|39|2N|E|8|C2
5|6|53|144|124|23|2H|W|8|S4
5|6|99|130|87|46|2N|E|9|SJ
5|6|44|171|113|97|1N|E|8|C6
5|7|104|122|2|123|3N|N|9|H3
5|7|20|128|47|36|3N|S|9|H2
5|7|77|10|173|135|3N|N|8|HJ
5|7|37|72|21|26|3N|N|9|S3
5|7|101|16|152|94|3N|N|7|HJ
5|7|63|15|35|111|3N|N|10|S3
5|7|139|54|169|39|3N|S|10|H9
5|7|53|144|124|23|3N|N|8|HJ
5|7|99|130|87|46|3N|S|9|C8
5|7|44|171|113|97|3N|N|10|D9
5|8|104|122|2|123|3DX|W|7|S4
5|8|20|128|47|36|3C|S|11|HQ
5|8|77|10|173|135|3N|S|8|D6
5|8|37|72|21|26|5C|S|11|C5
5|8|101|16|152|94|4C|S|11|DA
5|8|63|15|35|111|3C|S|11|DA
5|8|139|54|169|39|5C|S|11|C5
5|8|53|144|124|23|3C|N|10|CJ
5|8|99|130|87|46|6C|N|10|DA
5|8|44|171|113|97|4H|N|10|D7
5|9|104|122|2|123|5H|E|12|C4
5|9|20|128|47|36|6H|E|12|C3
5|9|77|10|173|135|4H|E|12|D9
5|9|37|72|21|26|4H|E|12|S3
5|9|101|16|152|94|5H|E|12|D8
5|9|63|15|35|111|6H|E|12|C3
5|9|139|54|169|39|6H|E|12|H2
5|9|53|144|124|23|4S|W|11|DQ
5|9|99|130|87|46|4H|E|11|C3
5|9|44|171|113|97|4S|W|11|CQ
6|1|37|128|21|36|3N|E|10|C8
6|1|104|51|2|45|3N|E|9|C2
6|1|106|168|22|93|4S|W|10|DT
6|1|77|63|173|35|3N|W|9|DT
6|1|130|15|46|111|3N|E|10|C8
6|1|101|44|152|113|3N|E|9|H8
6|1|53|122|124|123|3N|E|11|C9
6|1|20|33|47|146|3N|E|10|C9
6|1|171|139|97|169|4S|W|10|DT
6|1|144|89|23|151|3N|E|9|C9
6|10|37|128|21|36|3N|S|12|H2
6|10|104|51|2|45|3N|S|9|D7
6|10|106|168|22|93|3N|S|10|D9
6|10|77|63|173|35|6N|N|10|DQ
6|10|130|15|46|111|3N|S|11|D9
6|10|101|44|152|113|3N|S|11|D7
6|10|53|122|124|123|3N|N|10|H5
6|10|20|33|47|146|3N|S|11|H7
6|10|171|139|97|169|3N|S|10|D6
6|10|144|89|23|151|3N|N|11|H4
6|11|37|128|21|36|5C|S|11|H3
6|11|104|51|2|45|4C|S|10|C2
6|11|106|168|22|93|3HX|E|9|S6
6|11|77|63|173|35|4SX|N|10|CJ
6|11|130|15|46|111|3H|E|10|S6
6|11|101|44|152|113|4C|S|10|D9
6|11|53|122|124|123|3N|S|7|HK
6|11|20|33|47|146|3N|S|7|D2
6|11|171|139|97|169|3C|S|10|C7
6|11|144|89|23|151|3NX|S|8|H3
6|12|37|128|21|36|4S|N|9|D6
6|12|104|51|2|45|3N|N|8|D2
6|12|106|168|22|93|3S|N|9|D7
6|12|77|63|173|35|2S|N|7|S5
6|12|130|15|46|111|1N|S|8|DA
6|12|101|44|152|113|4S|N|9|D6
6|12|53|122|124|123|4S|N|9|D6
6|12|20|33|47|146|1NXX|S|7|S3
6|12|171|139|97|169|4S|N|9|D6
6|12|144|89|23|151|4S|S|8|DA
6|13|37|128|21|36|4S|E|12|C2
6|13|104|51|2|45|4S|E|12|H4
6|13|106|168|22|93|5C|E|11|HT
6|13|77|63|173|35|6S|E|12|HT
6|13|130|15|46|111|6C|W|12|C2
6|13|101|44|152|113|4S|E|12|CQ
6|13|53|122|124|123|5C|E|12|HT
6|13|20|33|47|146|6C|W|12|HK
6|13|171|139|97|169|6S|E|12|H9
6|13|144|89|23|151|6C|W|12|HK
6|14|37|128|21|36|2CX|S|5|S5
6|14|104|51|2|45|2N|E|8|HK
6|14|106|168|22|93|1NX|S|5|S2
6|14|77|63|173|35|2DX|N|6|H2
6|14|130|15|46|111|3N|E|8|HJ
6|14|101|44|152|113|3N|E|8|HQ
6|14|53|122|124|123|2DX|N|6|H5
6|14|20|33|47|146|2HX|N|6|H4
6|14|171|139|97|169|3N|E|8|HK
6|14|144|89|23|151|1N|E|8|C2
6|15|37|128|21|36|3N|W|9|S3
6|15|104|51|2|45|3N|E|9|S3
6|15|106|168|22|93|3N|W|9|S3
6|15|77|63|173|35|3N|W|9|S3
6|15|130|15|46|111|3N|W|9|S3
6|15|101|44|152|113|1N|E|8|H4
6|15|53|122|124|123|3N|W|9|HQ
6|15|20|33|47|146|3N|W|9|S3
6|15|171|139|97|169|3N|W|9|S3
6|15|144|89|23|151|3N|E|9|H4
6|16|37|128|21|36|3C|E|9|CQ
6|16|104|51|2|45|3C|E|8|DA
6|16|106|168|22|93|2D|N|8|CA
6|16|77|63|173|35|2S|W|7|C2
6|16|130|15|46|111|2S|W|8|H4
6|16|101|44|152|113|1N|N|6|CA
6|16|53|122|124|123|1N|N|7|C5
6|16|20|33|47|146|3N|W|7|D4
6|16|171|139|97|169|2N|W|7|D4
6|16|144|89|23|151|1N|N|6|C8
6|17|51|104|45|2|4H|W|11|CJ
6|17|48|37|38|21|4H|W|12|CQ
6|17|63|168|35|93|4H|W|12|CQ
6|17|72|16|26|94|4H|W|12|CJ
6|17|166|15|155|111|4H|W|11|CQ
6|17|101|130|152|46|6H|W|12|CQ
6|17|54|122|39|123|4H|W|11|CQ
6|17|20|53|47|124|5H|E|11|S8
6|17|99|139|87|169|4H|W|12|CQ
6|17|144|89|23|151|4H|W|11|CQ
6|18|51|104|45|2|6D|S|12|CT
6|18|48|37|38|21|7D|N|13|D3
6|18|63|168|35|93|6D|S|12|CT
6|18|72|16|26|94|6D|S|12|CT
6|18|166|15|155|111|6D|S|12|CT
6|18|101|130|152|46|3CX|E|4|DK
6|18|54|122|39|123|3CX|E|4|DA
6|18|20|53|47|124|6D|S|12|CT
6|18|99|139|87|169|6N|N|12|HJ
6|18|144|89|23|151|6D|S|12|CT
6|19|51|104|45|2|1S|N|5|CQ
6|19|48|37|38|21|1N|N|6|DJ
6|19|63|168|35|93|2N|S|7|C6
6|19|72|16|26|94|2N|S|6|C2
6|19|166|15|155|111|2N|S|6|C2
6|19|101|130|152|46|2C|N|8|DJ
6|19|54|122|39|123|2C|N|9|H7
6|19|20|53|47|124|1N|S|8|H4
6|19|99|139|87|169|3D|E|7|S4
6|19|144|89|23|151|3C|N|9|DT
6|2|37|128|21|36|3C|E|9|H4
6|2|104|51|2|45|3N|E|9|H4
6|2|106|168|22|93|2S|E|7|H4
6|2|77|63|173|35|3N|W|9|H2
6|2|130|15|46|111|3N|E|9|H9
6|2|101|44|152|113|3N|E|9|H4
6|2|53|122|124|123|3N|E|9|H4
6|2|20|33|47|146|3N|E|10|H4
6|2|171|139|97|169|2S|E|7|H4
6|2|144|89|23|151|2N|E|9|H9
6|20|51|104|45|2|1N|S|7|H4
6|20|48|37|38|21|1N|S|7|H3
6|20|63|168|35|93|1N|S|8
6|20|72|16|26|94|2C|S|8|S5
6|20|166|15|155|111|1N|S|7|H3
6|20|101|130|152|46|1C|S|9|H6
6|20|54|122|39|123|1NX|E|6|CA
6|20|20|53|47|124|3NX|S|9|H3
6|20|99|139|87|169|1C|S|8|H2
6|20|144|89|23|151|1N|S|7|H3
6|21|51|104|45|2|4D|E|11|S7
6|21|48|37|38|21|5DX|E|9|S7
6|21|63|168|35|93|5CX|N|11|DK
6|21|72|16|26|94|4HX|S|6|D5
6|21|166|15|155|111|3D|E|9|S5
6|21|101|130|152|46|5DX|E|9|C2
6|21|54|122|39|123|5C|N|11|DQ
6|21|20|53|47|124|5DX|E|9|C2
6|21|99|139|87|169|4D|E|9|H7
6|21|144|89|23|151|3D|E|10|S5
6|22|51|104|45|2|4S|E|6|HT
6|22|48|37|38|21|4S|E|8|HT
6|22|63|168|35|93|5HX|N|8|SA
6|22|72|16|26|94|4S|E|8|S8
6|22|166|15|155|111|4S|E|7|H4
6|22|101|130|152|46|3N|E|9|D7
6|22|54|122|39|123|4S|E|8|S3
6|22|20|53|47|124|4S|W|7|DJ
6|22|99|139|87|169|3N|E|7|H6
6|22|144|89|23|151|4S|E|8|H5
6|23|51|104|45|2|5N|W|11|D9
6|23|48|37|38|21|6N|W|11|S3
6|23|63|168|35|93|6N|W|11|ST
6|23|72|16|26|94|6N|W|12|S9
6|23|166|15|155|111|6N|W|12|ST
6|23|101|130|152|46|6N|W|11|S4
6|23|54|122|39|123|6N|W|11|S4
6|23|20|53|47|124|6N|E|11|D8
6|23|99|139|87|169|6N|W|12|S2
6|23|144|89|23|151|3N|E|11|HJ
6|24|51|104|45|2|4H|N|11|S6
6|24|48|37|38|21|4H|S|12|SK
6|24|63|168|35|93|3N|S|8|S2
6|24|72|16|26|94|4H|N|11|S2
6|24|166|15|155|111|4H|S|12|SA
6|24|101|130|152|46|4H|S|11|SA
6|24|54|122|39|123|6H|S|12|SK
6|24|20|53|47|124|4H|N|11|H8
6|24|99|139|87|169|4H|N|11|S4
6|24|144|89|23|151|4H|S|12|SA
6|25|51|104|45|2|3CX|S|8|DQ
6|25|48|37|38|21|3HX|W|9|S5
6|25|63|168|35|93|2H|W|8|D8
6|25|72|16|26|94|3CX|S|9|S5
6|25|166|15|155|111|3D|S|8|S6
6|25|101|130|152|46|4S|N|9|H4
6|25|54|122|39|123|2H|W|8|D8
6|25|20|53|47|124|2H|W|7|D5
6|25|99|139|87|169|3H|E|7|D5
6|25|144|89|23|151|2S|S|8|H2
6|26|51|104|45|2|4H|N|10|DT
6|26|48|37|38|21|6SX|W|9|HK
6|26|63|168|35|93|4SX|W|9|CK
6|26|72|16|26|94|4SX|W|9|HQ
6|26|166|15|155|111|4SX|W|9|CK
6|26|101|130|152|46|4SX|W|9|HK
6|26|54|122|39|123|5H|N|11|D9
6|26|20|53|47|124|5HX|N|10|ST
6|26|99|139|87|169|5HX|N|11|S5
6|26|144|89|23|151|5H|S|10|SA
6|27|51|104|45|2|3C|N|6|C5
6|27|48|37|38|21|1N|W|7|CK
6|27|63|168|35|93|1N|W|7|CK
6|27|72|16|26|94|1N|W|6|CA
6|27|166|15|155|111|1N|W|7|CK
6|27|101|130|152|46|2C|S|7|C7
6|27|54|122|39|123|1NX|W|7|CK
6|27|20|53|47|124|1N|W|7|CK
6|27|99|139|87|169|1N|E|8|CK
6|27|144|89|23|151|2C|S|7|C7
6|28|51|104|45|2|3S|W|8|D8
6|28|48|37|38|21|4S|W|9|D8
6|28|63|168|35|93|4S|W|9|HJ
6|28|72|16|26|94|2S|W|8|C4
6|28|166|15|155|111|3SX|W|8|C2
6|28|101|130|152|46|3S|W|9|HJ
6|28|54|122|39|123|3H|S|7|SA
6|28|20|53|47|124|2S|W|8|D8
6|28|99|139|87|169|4S|E|9|D8
6|28|144|89|23|151|3C|N|6|S3
6|29|51|104|45|2|4H|S|10|S2
6|29|48|37|38|21|4H|S|10|S3
6|29|63|168|35|93|4H|S|9|S3
6|29|72|16|26|94|4H|S|9|S6
6|29|166|15|155|111|4H|S|9|S3
6|29|101|130|152|46|4H|N|11|C9
6|29|54|122|39|123|4H|S|10|H2
6|29|20|53|47|124|4H|S|10|H5
6|29|99|139|87|169|4H|S|10|CK
6|29|144|89|23|151|4H|S|11|CK
6|3|37|128|21|36|5HX|S|10|DK
6|3|104|51|2|45|4S|W|10|HJ
6|3|106|168|22|93|4S|W|10|HJ
6|3|77|63|173|35|5HX|S|9|DK
6|3|130|15|46|111|5HX|S|8|DA
6|3|101|44|152|113|4H|S|9|DA
6|3|53|122|124|123|4S|W|10|HJ
6|3|20|33|47|146|4S|W|10|HJ
6|3|171|139|97|169|5HX|S|8|DA
6|3|144|89|23|151|4S|W|10|HJ
6|30|51|104|45|2|4S|S|12|C6
6|30|48|37|38|21|4S|S|9|H3
6|30|63|168|35|93|4C|E|9|SA
6|30|72|16|26|94|4S|S|10|C7
6|30|166|15|155|111|5S|S|12|CQ
6|30|101|130|152|46|5DXX|N|11|HK
6|30|54|122|39|123|4SX|S|9|CQ
6|30|20|53|47|124|4S|S|12|CQ
6|30|99|139|87|169|4S|S|12|CQ
6|30|144|89|23|151|6D|S|11|CQ
6|31|51|104|45|2|4H|W|10|DQ
6|31|48|37|38|21|4H|E|11|ST
6|31|63|168|35|93|3N|E|7|D4
6|31|72|16|26|94|3N|E|6|ST
6|31|166|15|155|111|4H|W|10|DQ
6|31|101|130|152|46|3N|E|9|D4
6|31|54|122|39|123|3N|E|7|D4
6|31|20|53|47|124|4H|W|10|DQ
6|31|99|139|87|169|4H|E|11|ST
6|31|144|89|23|151|4H|W|10|SA
6|32|51|104|45|2|3N|N|9|DK
6|32|48|37|38|21|3N|S|9|SJ
6|32|63|168|35|93|3N|N|9|DQ
6|32|72|16|26|94|3N|S|9|SJ
6|32|166|15|155|111|3N|S|8|H2
6|32|101|130|152|46|3N|N|9|DQ
6|32|54|122|39|123|3N|S|9|SJ
6|32|20|53|47|124|2DX|E|6|C3
6|32|99|139|87|169|3N|N|9|DK
6|32|144|89|23|151|3N|S|8|SJ
6|4|37|128|21|36|6S|S|12|CJ
6|4|104|51|2|45|4S|N|10|DQ
6|4|106|168|22|93|6N|N|12|C6
6|4|77|63|173|35|6S|S|12|CQ
6|4|130|15|46|111|6S|S|13|HK
6|4|101|44|152|113|6S|S|13|HK
6|4|53|122|124|123|4S|S|12|CJ
6|4|20|33|47|146|5S|S|13|CQ
6|4|171|139|97|169|6S|S|12|CQ
6|4|144|89|23|151|6S|S|11|D9
6|5|37|128|21|36|3N|W|9|HT
6|5|104|51|2|45|3N|E|9|H4
6|5|106|168|22|93|3N|E|9|HT
6|5|77|63|173|35|3N|W|9|SA
6|5|130|15|46|111|3N|E|10|CT
6|5|101|44|152|113|3N|W|9|H9
6|5|53|122|124|123|5C|W|11|SA
6|5|20|33|47|146|3N|W|9|H9
6|5|171|139|97|169|3N|E|10|H4
6|5|144|89|23|151|3N|W|10|SA
6|6|37|128|21|36|3N|S|9|C2
6|6|104|51|2|45|4C|S|9|H3
6|6|106|168|22|93|2N|S|8|H6
6|6|77|63|173|35|1N|S|10|H6
6|6|130|15|46|111|P||0
6|6|101|44|152|113|3C|S|9|H7
6|6|53|122|124|123|3N|S|10|D2
6|6|20|33|47|146|2N|S|8|H6
6|6|171|139|97|169|3N|S|8|H7
6|6|144|89|23|151|1N|S|8|H6
6|7|37|128|21|36|2D|N|8|DJ
6|7|104|51|2|45|3D|N|8|CQ
6|7|106|168|22|93|2D|N|9|D7
6|7|77|63|173|35|2N|S|6|C5
6|7|130|15|46|111|1N|N|5|S3
6|7|101|44|152|113|2D|N|7|C7
6|7|53|122|124|123|3C|W|8|DA
6|7|20|33|47|146|2D|N|8|C7
6|7|171|139|97|169|2S|W|7|SJ
6|7|144|89|23|151|3D|S|9|SK
6|8|37|128|21|36|3D|N|10|CK
6|8|104|51|2|45|3N|S|7|CQ
6|8|106|168|22|93|2D|N|10|CK
6|8|77|63|173|35|2D|N|10|S8
6|8|130|15|46|111|3H|S|9|C2
6|8|101|44|152|113|3D|N|11|CK
6|8|53|122|124|123|3H|S|10|D4
6|8|20|33|47|146|2CX|W|9|DA
6|8|171|139|97|169|3D|N|10|CK
6|8|144|89|23|151|3D|N|11|CK
6|9|37|128|21|36|4HX|W|10|S5
6|9|104|51|2|45|2H|E|8|D7
6|9|106|168|22|93|3H|W|10|D7
6|9|77|63|173|35|2S|N|6|H2
6|9|130|15|46|111|2S|N|7|CQ
6|9|101|44|152|113|4H|W|10|D7
6|9|53|122|124|123|2S|N|7|CJ
6|9|20|33|47|146|4DX|S|7|C9
6|9|171|139|97|169|3DX|S|8|C2
6|9|144|89|23|151|2H|W|9|C6
7|1|48|63|38|35|4H|N|10
7|1|106|104|22|2|4S|W|9
7|1|77|15|173|111|3H|N|9
7|1|101|72|152|26|3S|E|9
7|1|51|33|45|146|4H|N|9
7|1|53|37|124|21|4C|N|9
7|1|122|171|123|97|4H|N|9
7|1|89|133|151|120|4H|N|9
7|1|139|44|169|113|4H|N|9
7|1|130|144|46|23|4S|W|9
7|10|48|63|38|35|1N|S|10
7|10|106|104|22|2|2H|W|5
7|10|77|15|173|111|1N|E|4
7|10|101|72|152|26|1N|E|4
7|10|51|33|45|146|1N|W|5
7|10|53|37|124|21|1N|S|7
7|10|122|171|123|97|1N|E|5
7|10|89|133|151|120|1N|W|4
7|10|139|44|169|113|1N|E|6
7|10|130|144|46|23|2D|E|6
7|11|48|63|38|35|6S|W|11
7|11|106|104|22|2|4S|W|11
7|11|77|15|173|111|6H|W|11
7|11|101|72|152|26|4S|W|11
7|11|51|33|45|146|4S|W|11
7|11|53|37|124|21|4S|W|11
7|11|122|171|123|97|4S|W|11
7|11|89|133|151|120|6H|E|11
7|11|139|44|169|113|4S|W|11
7|11|130|144|46|23|4S|W|11
7|12|48|63|38|35|4H|E|10
7|12|106|104|22|2|5C|N|10
7|12|77|15|173|111|5D|N|11
7|12|101|72|152|26|5D|N|11
7|12|51|33|45|146|3N|N|7
7|12|53|37|124|21|5D|S|11
7|12|122|171|123|97|3N|N|9
7|12|89|133|151|120|5D|N|11
7|12|139|44|169|113|5D|N|11
7|12|130|144|46|23|5D|N|11
7|13|48|63|38|35|3H|N|7
7|13|106|104|22|2|2H|N|7
7|13|77|15|173|111|4H|N|10
7|13|101|72|152|26|3S|E|8
7|13|51|33|45|146|3H|N|7
7|13|53|37|124|21|3C|E|9
7|13|122|171|123|97|2H|N|7
7|13|89|133|151|120|2H|N|7
7|13|139|44|169|113|3C|E|9
7|13|130|144|46|23|2H|N|7
7|14|48|63|38|35|2H|W|8
7|14|106|104|22|2|3N|S|10
7|14|77|15|173|111|3C|S|11
7|14|101|72|152|26|3N|S|10
7|14|51|33|45|146|3N|S|10
7|14|53|37|124|21|3N|S|11
7|14|122|171|123|97|3N|S|11
7|14|89|133|151|120|3N|S|10
7|14|139|44|169|113|4H|N|9
7|14|130|144|46|23|4H|N|9
7|15|48|63|38|35|3C|N|8
7|15|106|104|22|2|3N|N|6
7|15|77|15|173|111|3S|S|7
7|15|101|72|152|26|3N|N|6
7|15|51|33|45|146|2C|N|8
7|15|53|37|124|21|2C|N|8
7|15|122|171|123|97|2S|S|8
7|15|89|133|151|120|2S|S|8
7|15|139|44|169|113|2S|S|7
7|15|130|144|46|23|2S|S|8
7|16|48|63|38|35|3N|W|9
7|16|106|104|22|2|3N|W|9
7|16|77|15|173|111|3N|W|7
7|16|101|72|152|26|4S|W|10
7|16|51|33|45|146|3N|W|8
7|16|53|37|124|21|3N|W|8
7|16|122|171|123|97|3N|W|9
7|16|89|133|151|120|3N|W|8
7|16|139|44|169|113|3N|W|9
7|16|130|144|46|23|5C|W|10
7|17|104|16|2|94|3N|W|8
7|17|106|128|22|36|3N|E|7
7|17|168|15|93|111|3N|E|8
7|17|101|77|152|173|3N|E|9
7|17|37|54|21|39|3N|W|8
7|17|53|51|124|45|1N|N|6
7|17|133|171|120|97|3N|E|8
7|17|99|122|87|123|3N|E|9
7|17|139|148|169|14|2S|N|6
7|17|130|144|46|23|3N|W|9
7|18|104|16|2|94|4H|N|9
7|18|106|128|22|36|2N|N|7
7|18|168|15|93|111|2S|S|7
7|18|101|77|152|173|1N|N|8
7|18|37|54|21|39|1N|N|7
7|18|53|51|124|45|3N|N|7
7|18|133|171|120|97|1N|N|7
7|18|99|122|87|123|1S|S|9
7|18|139|148|169|14|3N|N|8
7|18|130|144|46|23|3N|S|8
7|19|104|16|2|94|2S|W|6
7|19|106|128|22|36|1N|W|4
7|19|168|15|93|111|2S|E|6
7|19|101|77|152|173|2S|E|6
7|19|37|54|21|39|2D|W|8
7|19|53|51|124|45|3H|N|9
7|19|133|171|120|97|3H|S|9
7|19|99|122|87|123|3H|S|9
7|19|139|148|169|14|2H|S|9
7|19|130|144|46|23|3H|S|9
7|2|48|63|38|35|2C|N|6
7|2|106|104|22|2|2S|E|5
7|2|77|15|173|111|2H|W|9
7|2|101|72|152|26|2H|W|8
7|2|51|33|45|146|3H|W|9
7|2|53|37|124|21|2H|W|8
7|2|122|171|123|97|2H|W|9
7|2|89|133|151|120|2S|N|6
7|2|139|44|169|113|2S|E|7
7|2|130|144|46|23|2H|W|9
7|20|104|16|2|94|4S|W|10
7|20|106|128|22|36|4S|W|9
7|20|168|15|93|111|4S|W|9
7|20|101|77|152|173|4S|W|9
7|20|37|54|21|39|4S|W|9
7|20|53|51|124|45|4S|W|10
7|20|133|171|120|97|4S|W|9
7|20|99|122|87|123|4S|E|10
7|20|139|148|169|14|4S|W|9
7|20|130|144|46|23|4S|W|10
7|21|104|16|2|94|3C|E|11
7|21|106|128|22|36|4S|S|10
7|21|168|15|93|111|3S|S|9
7|21|101|77|152|173|5C|W|11
7|21|37|54|21|39|3N|W|6
7|21|53|51|124|45|5C|W|11
7|21|133|171|120|97|3N|W|6
7|21|99|122|87|123|4S|S|10
7|21|139|148|169|14|6C|W|11
7|21|130|144|46|23|3N|W|6
7|22|104|16|2|94|3N|W|11
7|22|106|128|22|36|4N|E|11
7|22|168|15|93|111|4S|W|11
7|22|101|77|152|173|4S|W|11
7|22|37|54|21|39|6S|W|11
7|22|53|51|124|45|4S|W|10
7|22|133|171|120|97|4S|W|10
7|22|99|122|87|123|6S|W|12
7|22|139|148|169|14|4S|W|11
7|22|130|144|46|23|4S|W|12
7|23|104|16|2|94|4H|W|10
7|23|106|128|22|36|4H|W|9
7|23|168|15|93|111|3H|W|9
7|23|101|77|152|173|3S|N|9
7|23|37|54|21|39|3H|W|9
7|23|53|51|124|45|3H|W|9
7|23|133|171|120|97|3H|E|10
7|23|99|122|87|123|2S|N|9
7|23|139|148|169|14|4H|W|9
7|23|130|144|46|23|4H|W|9
7|24|104|16|2|94|4H|S|10
7|24|106|128|22|36|4H|S|11
7|24|168|15|93|111|4H|N|12
7|24|101|77|152|173|4H|S|11
7|24|37|54|21|39|4H|S|11
7|24|53|51|124|45|3N|S|10
7|24|133|171|120|97|4H|S|11
7|24|99|122|87|123|4H|S|11
7|24|139|148|169|14|4H|N|11
7|24|130|144|46|23|4H|N|11
7|25|104|16|2|94|7H|S|12
7|25|106|128|22|36|6N|N|13
7|25|168|15|93|111|7H|S|12
7|25|101|77|152|173|6H|S|12
7|25|37|54|21|39|7H|S|12
7|25|53|51|124|45|6C|N|12
7|25|133|171|120|97|4N|N|13
7|25|99|122|87|123|7N|N|13
7|25|139|148|169|14|7N|N|13
7|25|130|144|46|23|6H|S|12
7|26|104|16|2|94|4S|N|8
7|26|106|128|22|36|2S|N|8
7|26|168|15|93|111|1N|E|5
7|26|101|77|152|173|4S|N|9
7|26|37|54|21|39|2S|N|9
7|26|53|51|124|45|2S|N|8
7|26|133|171|120|97|1N|E|4
7|26|99|122|87|123|3D|E|8
7|26|139|148|169|14|2N|N|7
7|26|130|144|46|23|1N|E|6
7|27|104|16|2|94|1H|S|6
7|27|106|128|22|36|1N|S|5
7|27|168|15|93|111|3C|E|8
7|27|101|77|152|173|2H|N|6
7|27|37|54|21|39|1N|S|6
7|27|53|51|124|45|1N|S|7
7|27|133|171|120|97|1N|S|6
7|27|99|122|87|123|1N|S|6
7|27|139|148|169|14|1N|S|6
7|27|130|144|46|23|2H|S|6
7|28|104|16|2|94|3N|S|9
7|28|106|128|22|36|3D|S|8
7|28|168|15|93|111|3C|E|8
7|28|101|77|152|173|5D|S|9
7|28|37|54|21|39|3C|E|7
7|28|53|51|124|45|3N|S|8
7|28|133|171|120|97|3C|W|7
7|28|99|122|87|123|3N|S|7
7|28|139|148|169|14|5D|N|9
7|28|130|144|46|23|3N|S|8
7|29|104|16|2|94|4H|S|13
7|29|106|128|22|36|6H|N|12
7|29|168|15|93|111|6D|S|12
7|29|101|77|152|173|6D|N|12
7|29|37|54|21|39|6D|S|12
7|29|53|51|124|45|6D|S|12
7|29|133|171|120|97|6H|S|12
7|29|99|122|87|123|4H|N|13
7|29|139|148|169|14|6H|N|12
7|29|130|144|46|23|4H|N|13
7|3|48|63|38|35|4S|N|10
7|3|106|104|22|2|4S|S|11
7|3|77|15|173|111|5S|S|11
7|3|101|72|152|26|4H|N|11
7|3|51|33|45|146|4S|S|11
7|3|53|37|124|21|4S|S|11
7|3|122|171|123|97|4S|S|10
7|3|89|133|151|120|4S|S|11
7|3|139|44|169|113|4S|S|11
7|3|130|144|46|23|5S|S|11
7|30|104|16|2|94|3N|W|9
7|30|106|128|22|36|4H|E|9
7|30|168|15|93|111|4H|E|9
7|30|101|77|152|173|4H|E|8
7|30|37|54|21|39|2S|N|8
7|30|53|51|124|45|3H|E|8
7|30|133|171|120|97|4H|E|9
7|30|99|122|87|123|3H|E|10
7|30|139|148|169|14|4H|E|10
7|30|130|144|46|23|2S|W|6
7|31|104|16|2|94|6H|E|12
7|31|106|128|22|36|6H|E|12
7|31|168|15|93|111|6H|E|12
7|31|101|77|152|173|6H|E|12
7|31|37|54|21|39|6H|W|12
7|31|53|51|124|45|4H|E|12
7|31|133|171|120|97|6H|E|12
7|31|99|122|87|123|4H|E|12
7|31|139|148|169|14|6H|E|12
7|31|130|144|46|23|4N|W|12
7|32|104|16|2|94|6H|E|12
7|32|106|128|22|36|6H|W|12
7|32|168|15|93|111|6H|W|12
7|32|101|77|152|173|6H|E|12
7|32|37|54|21|39|4H|E|12
7|32|53|51|124|45|6H|E|12
7|32|133|171|120|97|6H|E|12
7|32|99|122|87|123|6H|E|12
7|32|139|148|169|14|6H|E|12
7|32|130|144|46|23|6H|W|13
7|4|48|63|38|35|4H|S|11
7|4|106|104|22|2|3N|S|11
7|4|77|15|173|111|4H|N|11
7|4|101|72|152|26|3N|S|11
7|4|51|33|45|146|4H|S|11
7|4|53|37|124|21|4H|S|11
7|4|122|171|123|97|4H|S|10
7|4|89|133|151|120|4H|S|11
7|4|139|44|169|113|5H|S|11
7|4|130|144|46|23|4H|N|11
7|5|48|63|38|35|1N|E|7
7|5|106|104|22|2|1N|W|7
7|5|77|15|173|111|1N|N|7
7|5|101|72|152|26|1N|N|6
7|5|51|33|45|146|1N|E|7
7|5|53|37|124|21|1N|W|7
7|5|122|171|123|97|1N|N|8
7|5|89|133|151|120|1N|N|8
7|5|139|44|169|113|1N|E|6
7|5|130|144|46|23|1N|E|7
7|6|48|63|38|35|4S|E|10
7|6|106|104|22|2|4S|E|11
7|6|77|15|173|111|4S|E|10
7|6|101|72|152|26|4S|E|10
7|6|51|33|45|146|5H|W|10
7|6|53|37|124|21|4S|E|10
7|6|122|171|123|97|4S|E|11
7|6|89|133|151|120|4S|E|10
7|6|139|44|169|113|6S|E|10
7|6|130|144|46|23|4S|E|11
7|7|48|63|38|35|3D|W|10
7|7|106|104|22|2|3N|W|9
7|7|77|15|173|111|2S|N|7
7|7|101|72|152|26|3D|W|10
7|7|51|33|45|146|3D|E|10
7|7|53|37|124|21|2S|N|7
7|7|122|171|123|97|2S|N|7
7|7|89|133|151|120|2S|N|7
7|7|139|44|169|113|2S|S|7
7|7|130|144|46|23|2S|S|8
7|8|48|63|38|35|3H|S|9
7|8|106|104|22|2|3H|S|7
7|8|77|15|173|111|2H|S|8
7|8|101|72|152|26|2D|W|9
7|8|51|33|45|146|2H|S|8
7|8|53|37|124|21|2H|S|7
7|8|122|171|123|97|3D|E|7
7|8|89|133|151|120|2H|S|9
7|8|139|44|169|113|2N|W|7
7|8|130|144|46|23|3D|E|9
7|9|48|63|38|35|4S|N|12
7|9|106|104|22|2|6S|S|13
7|9|77|15|173|111|6S|N|12
7|9|101|72|152|26|6S|S|13
7|9|51|33|45|146|6S|S|12
7|9|53|37|124|21|6S|S|13
7|9|122|171|123|97|4S|N|12
7|9|89|133|151|120|6S|N|12
7|9|139|44|169|113|4S|N|12
7|9|130|144|46|23|6S|N|12
8|1|101|104|152|2|1N|N|7
8|1|48|15|38|111|1N|N|9
8|1|44|72|113|26|3N|S|8
8|1|77|130|173|46|1N|S|8
8|1|53|63|124|35|1N|N|9
8|1|16|33|94|146|1H|N|7
8|1|171|37|97|21|2C|S|7
8|1|51|89|45|151|1N|N|8
8|1|139|122|169|123|1N|S|9
8|1|133|144|120|23|1N|S|8
8|10|101|104|152|2|4S|S|11
8|10|48|15|38|111|3N|N|12
8|10|44|72|113|26|3N|N|11
8|10|77|130|173|46|4S|S|11
8|10|53|63|124|35|6S|S|11
8|10|16|33|94|146|6D|N|11
8|10|171|37|97|21|4S|S|11
8|10|51|89|45|151|4S|N|11
8|10|139|122|169|123|6S|S|11
8|10|133|144|120|23|4S|S|11
8|11|101|104|152|2|6S|E|12
8|11|48|15|38|111|4H|N|12
8|11|44|72|113|26|6H|N|13
8|11|77|130|173|46|4H|N|13
8|11|53|63|124|35|4H|S|12
8|11|16|33|94|146|4S|W|10
8|11|171|37|97|21|5H|S|12
8|11|51|89|45|151|4H|N|13
8|11|139|122|169|123|6H|N|12
8|11|133|144|120|23|5H|S|12
8|12|101|104|152|2|2D|E|8
8|12|48|15|38|111|3N|E|9
8|12|44|72|113|26|3N|W|7
8|12|77|130|173|46|1N|W|8
8|12|53|63|124|35|2D|N|4
8|12|16|33|94|146|1N|W|8
8|12|171|37|97|21|2D|N|8
8|12|51|89|45|151|2N|W|9
8|12|139|122|169|123|2D|E|9
8|12|133|144|120|23|1N|E|9
8|13|101|104|152|2|4H|N|10
8|13|48|15|38|111|4H|N|10
8|13|44|72|113|26|3N|N|8
8|13|77|130|173|46|4H|N|10
8|13|53|63|124|35|4H|N|10
8|13|16|33|94|146|4H|N|10
8|13|171|37|97|21|4H|S|10
8|13|51|89|45|151|4H|N|10
8|13|139|122|169|123|4H|N|10
8|13|133|144|120|23|4H|S|10
8|14|101|104|152|2|4S|E|10
8|14|48|15|38|111|5D|N|10
8|14|44|72|113|26|4S|E|11
8|14|77|130|173|46|5H|S|11
8|14|53|63|124|35|5H|S|9
8|14|16|33|94|146|5D|N|10
8|14|171|37|97|21|5H|S|11
8|14|51|89|45|151|4S|W|10
8|14|139|122|169|123|4S|E|10
8|14|133|144|120|23|5D|N|8
8|15|101|104|152|2|2H|W|10
8|15|44|72|113|26|2H|W|10
8|15|77|130|173|46|2H|W|9
8|15|53|63|124|35|3H|E|10
8|15|16|33|94|146|4H|E|9
8|15|171|37|97|21|3H|E|9
8|15|51|89|45|151|2H|W|10
8|15|139|122|169|123|4H|W|9
8|15|133|144|120|23|3H|W|10
8|16|101|104|152|2|3N|E|9
8|16|48|15|38|111|3N|E|10
8|16|44|72|113|26|3N|E|10
8|16|77|130|173|46|3N|E|10
8|16|53|63|124|35|3N|E|9
8|16|16|33|94|146|3N|E|10
8|16|171|37|97|21|3N|E|10
8|16|51|89|45|151|3N|W|9
8|16|139|122|169|123|3N|E|10
8|16|133|144|120|23|3N|E|10
8|17|101|104|152|2|5H|W|11
8|17|48|15|38|111|4H|E|13
8|17|44|72|113|26|5S|E|11
8|17|168|148|93|14|5S|E|11
8|17|33|16|146|94|4S|E|11
8|17|106|54|22|39|4S|E|10
8|17|99|37|87|21|4S|E|10
8|17|51|89|45|151|6S|E|12
8|17|139|122|169|123|6S|E|12
8|17|133|144|120|23|4H|W|13
8|18|101|104|152|2|3N|E|12
8|18|48|15|38|111|3N|E|11
8|18|44|72|113|26|3N|E|11
8|18|168|148|93|14|3N|E|12
8|18|33|16|146|94|3N|E|11
8|18|106|54|22|39|3N|E|11
8|18|99|37|87|21|3N|E|11
8|18|51|89|45|151|3N|E|12
8|18|139|122|169|123|3N|E|11
8|18|133|144|120|23|3N|W|11
8|19|101|104|152|2|3N|N|9
8|19|48|15|38|111|3N|N|9
8|19|44|72|113|26|3N|N|9
8|19|168|148|93|14|3N|N|9
8|19|33|16|146|94|4S|S|11
8|19|106|54|22|39|3N|N|9
8|19|99|37|87|21|3N|N|9
8|19|51|89|45|151|3N|N|9
8|19|139|122|169|123|3N|N|9
8|19|133|144|120|23|2N|N|9
8|2|101|104|152|2|3N|W|10
8|2|48|15|38|111|3N|E|10
8|2|44|72|113|26|3N|W|11
8|2|77|130|173|46|3N|W|10
8|2|53|63|124|35|3N|W|8
8|2|16|33|94|146|3N|W|11
8|2|171|37|97|21|3N|W|10
8|2|51|89|45|151|3N|W|10
8|2|139|122|169|123|3N|W|10
8|2|133|144|120|23|3N|E|11
8|20|101|104|152|2|2S|S|8
8|20|48|15|38|111|3D|N|9
8|20|44|72|113|26|2H|E|8
8|20|168|148|93|14|2H|E|8
8|20|33|16|146|94|P||0
8|20|106|54|22|39|1N|E|6
8|20|99|37|87|21|2H|W|8
8|20|51|89|45|151|3D|S|9
8|20|139|122|169|123|2H|W|8
8|20|133|144|120|23|3D|S|9
8|21|101|104|152|2|4S|W|11
8|21|48|15|38|111|2S|E|10
8|21|44|72|113|26|4S|W|10
8|21|168|148|93|14|4S|W|10
8|21|33|16|146|94|4S|W|10
8|21|106|54|22|39|4S|W|10
8|21|99|37|87|21|4S|W|10
8|21|51|89|45|151|4S|E|10
8|21|139|122|169|123|4S|E|10
8|21|133|144|120|23|4S|W|10
8|22|101|104|152|2|7C|N|13
8|22|48|15|38|111|4N|N|10
8|22|44|72|113|26|5H|E|11
8|22|168|148|93|14|4H|E|12
8|22|33|16|146|94|4H|E|11
8|22|106|54|22|39|6H|E|10
8|22|99|37|87|21|6C|N|12
8|22|51|89|45|151|4H|E|11
8|22|139|122|169|123|6C|S|12
8|22|133|144|120|23|5H|E|12
8|23|101|104|152|2|7H|N|13
8|23|48|15|38|111|5H|N|11
8|23|44|72|113|26|4S|E|12
8|23|168|148|93|14|5S|W|11
8|23|33|16|146|94|4S|E|12
8|23|106|54|22|39|5S|E|12
8|23|99|37|87|21|5H|E|12
8|23|51|89|45|151|4S|E|11
8|23|139|122|169|123|5S|E|12
8|23|133|144|120|23|5H|N|11
8|24|101|104|152|2|4S|E|10
8|24|48|15|38|111|4D|E|11
8|24|44|72|113|26|3N|S|11
8|24|168|148|93|14|4H|S|10
8|24|33|16|146|94|4H|S|10
8|24|106|54|22|39|3N|S|10
8|24|99|37|87|21|3N|S|10
8|24|51|89|45|151|3N|N|9
8|24|139|122|169|123|3N|S|10
8|24|133|144|120|23|5H|S|10
8|25|101|104|152|2|3D|S|9
8|25|48|15|38|111|5C|N|8
8|25|44|72|113|26|2H|E|8
8|25|168|148|93|14|4S|E|7
8|25|33|16|146|94|4S|E|10
8|25|106|54|22|39|3C|S|7
8|25|99|37|87|21|3H|E|9
8|25|51|89|45|151|3D|S|9
8|25|139|122|169|123|3D|N|8
8|25|133|144|120|23|4H|E|9
8|26|101|104|152|2|3N|N|10
8|26|48|15|38|111|3N|N|10
8|26|44|72|113|26|3D|E|9
8|26|168|148|93|14|3N|N|10
8|26|33|16|146|94|6N|S|10
8|26|106|54|22|39|3N|S|10
8|26|99|37|87|21|5C|S|10
8|26|51|89|45|151|3N|S|10
8|26|139|122|169|123|6N|S|11
8|26|133|144|120|23|6C|S|11
8|27|101|104|152|2|3N|W|11
8|27|48|15|38|111|4N|E|11
8|27|44|72|113|26|3N|W|11
8|27|168|148|93|14|3N|W|11
8|27|33|16|146|94|4N|W|11
8|27|106|54|22|39|4N|W|11
8|27|99|37|87|21|3N|S|11
8|27|51|89|45|151|3N|W|10
8|27|139|122|169|123|6N|W|10
8|27|133|144|120|23|4H|E|11
8|28|101|104|152|2|3N|S|7
8|28|48|15|38|111|2H|N|11
8|28|44|72|113|26|4S|N|12
8|28|168|148|93|14|2H|S|11
8|28|33|16|146|94|4H|S|11
8|28|106|54|22|39|4H|S|12
8|28|99|37|87|21|3N|S|11
8|28|51|89|45|151|4H|S|11
8|28|139|122|169|123|3N|N|7
8|28|133|144|120|23|4H|N|11
8|29|101|104|152|2|4S|N|10
8|29|48|15|38|111|7S|N|13
8|29|44|72|113|26|4S|N|10
8|29|168|148|93|14|4S|N|12
8|29|33|16|146|94|4S|N|10
8|29|106|54|22|39|4S|N|10
8|29|99|37|87|21|4S|N|10
8|29|51|89|45|151|4S|N|12
8|29|139|122|169|123|5S|N|12
8|29|133|144|120|23|4S|N|10
8|3|101|104|152|2|3H|N|9
8|3|48|15|38|111|2D|E|8
8|3|44|72|113|26|2C|E|8
8|3|77|130|173|46|2H|N|9
8|3|53|63|124|35|2C|E|8
8|3|16|33|94|146|1N|E|5
8|3|171|37|97|21|4H|N|9
8|3|51|89|45|151|2C|E|8
8|3|139|122|169|123|4H|N|8
8|3|133|144|120|23|1N|E|7
8|30|101|104|152|2|3N|N|9
8|30|48|15|38|111|3N|N|9
8|30|44|72|113|26|3N|S|10
8|30|168|148|93|14|3N|S|9
8|30|33|16|146|94|3N|S|10
8|30|106|54|22|39|3N|S|10
8|30|99|37|87|21|3N|S|10
8|30|51|89|45|151|3N|N|10
8|30|139|122|169|123|3N|S|11
8|30|133|144|120|23|3N|S|10
8|31|101|104|152|2|3D|W|9
8|31|48|15|38|111|2C|N|9
8|31|44|72|113|26|2D|E|9
8|31|168|148|93|14|5D|E|8
8|31|33|16|146|94|2H|N|6
8|31|106|54|22|39|3H|W|8
8|31|99|37|87|21|2H|E|8
8|31|51|89|45|151|3D|E|8
8|31|139|122|169|123|3D|E|8
8|31|133|144|120|23|3D|E|9
8|32|101|104|152|2|6S|E|13
8|32|48|15|38|111|7S|E|13
8|32|44|72|113|26|6S|E|13
8|32|168|148|93|14|6H|E|13
8|32|33|16|146|94|6S|E|13
8|32|106|54|22|39|7S|E|13
8|32|99|37|87|21|7S|E|13
8|32|51|89|45|151|6S|E|13
8|32|139|122|169|123|7S|E|13
8|32|133|144|120|23|6S|W|13
8|4|101|104|152|2|4H|N|10
8|4|48|15|38|111|4H|N|10
8|4|44|72|113|26|4H|N|10
8|4|77|130|173|46|4H|N|10
8|4|53|63|124|35|5H|N|10
8|4|16|33|94|146|4H|N|10
8|4|171|37|97|21|4H|N|10
8|4|51|89|45|151|4H|N|10
8|4|139|122|169|123|4H|N|10
8|4|133|144|120|23|4H|N|10
8|5|101|104|152|2|3N|N|12
8|5|48|15|38|111|3N|N|12
8|5|44|72|113|26|3N|N|12
8|5|77|130|173|46|3N|N|12
8|5|53|63|124|35|3N|N|12
8|5|16|33|94|146|3N|N|12
8|5|171|37|97|21|3N|N|10
8|5|51|89|45|151|3N|N|12
8|5|139|122|169|123|3N|N|12
8|5|133|144|120|23|3N|N|12
8|6|101|104|152|2|2C|N|6
8|6|48|15|38|111|1N|E|7
8|6|44|72|113|26|1N|E|7
8|6|77|130|173|46|1N|E|7
8|6|53|63|124|35|3S|W|9
8|6|16|33|94|146|3S|W|8
8|6|171|37|97|21|1N|E|8
8|6|51|89|45|151|1N|W|7
8|6|139|122|169|123|1N|E|8
8|6|133|144|120|23|1N|E|7
8|7|101|104|152|2|2H|N|7
8|7|48|15|38|111|2H|N|5
8|7|44|72|113|26|2S|W|7
8|7|77|130|173|46|4H|S|10
8|7|53|63|124|35|2H|W|6
8|7|16|33|94|146|2H|E|6
8|7|171|37|97|21|2H|N|7
8|7|51|89|45|151|3D|N|9
8|7|139|122|169|123|2S|E|8
8|7|133|144|120|23|2H|W|6
8|8|101|104|152|2|5D|W|10
8|8|48|15|38|111|3N|E|11
8|8|44|72|113|26|3N|W|12
8|8|77|130|173|46|3N|E|11
8|8|53|63|124|35|3N|W|10
8|8|16|33|94|146|3N|E|11
8|8|171|37|97|21|4N|W|10
8|8|51|89|45|151|3N|E|11
8|8|139|122|169|123|6S|E|9
8|8|133|144|120|23|6D|W|10
8|9|101|104|152|2|3H|E|8
8|9|48|15|38|111|4D|N|10
8|9|44|72|113|26|3H|E|9
8|9|77|130|173|46|5D|S|11
8|9|53|63|124|35|3H|E|8
8|9|16|33|94|146|3H|E|9
8|9|171|37|97|21|5D|S|9
8|9|51|89|45|151|5D|S|10
8|9|139|122|169|123|4D|S|10
8|9|133|144|120|23|3H|E|9
9|1|104|168|2|93|6S|N|12
9|1|77|128|173|36|7S|N|13
9|1|101|33|152|146|6S|S|11
9|1|53|15|124|111|6S|N|12
9|1|106|99|22|87|4S|N|12
9|1|171|63|97|35|6S|N|12
9|1|37|139|45|169|6S|N|11
9|1|144|10|23|135|6S|N|11
9|1|122|148|123|14|4S|N|11
9|1|44|133|113|120|7S|N|13
9|10|104|168|2|93|4H|E|11
9|10|77|128|173|36|4H|E|11
9|10|101|33|152|146|4H|E|11
9|10|53|15|124|111|5H|E|11
9|10|106|99|22|87|5H|E|11
9|10|171|63|97|35|5H|E|11
9|10|37|139|45|169|4H|E|11
9|10|144|10|23|135|5H|E|11
9|10|122|148|123|14|5H|E|11
9|10|44|133|113|120|4H|E|11
9|11|104|168|2|93|4S|W|11
9|11|77|128|173|36|4S|W|11
9|11|101|33|152|146|4S|W|11
9|11|53|15|124|111|4S|W|11
9|11|106|99|22|87|4S|W|10
9|11|171|63|97|35|5S|W|10
9|11|37|139|45|169|4S|W|11
9|11|144|10|23|135|4S|W|12
9|11|122|148|123|14|4S|W|11
9|11|44|133|113|120|4S|W|11
9|12|104|168|2|93|3N|N|10
9|12|77|128|173|36|4H|N|11
9|12|101|33|152|146|4H|N|9
9|12|53|15|124|111|4H|S|10
9|12|106|99|22|87|3D|W|7
9|12|171|63|97|35|1N|N|11
9|12|37|139|45|169|3N|N|11
9|12|144|10|23|135|4H|N|9
9|12|122|148|123|14|2H|S|10
9|12|44|133|113|120|2H|S|10
9|13|104|168|2|93|4H|S|9
9|13|77|128|173|36|3H|S|8
9|13|101|33|152|146|3H|S|11
9|13|53|15|124|111|3H|S|9
9|13|106|99|22|87|3H|S|9
9|13|171|63|97|35|2S|W|8
9|13|37|139|45|169|4H|S|8
9|13|144|10|23|135|4H|S|10
9|13|122|148|123|14|4H|S|10
9|13|44|133|113|120|4H|S|9
9|14|104|168|2|93|3H|S|8
9|14|77|128|173|36|3C|W|10
9|14|101|33|152|146|2D|N|9
9|14|53|15|124|111|2C|W|8
9|14|106|99|22|87|4S|W|8
9|14|171|63|97|35|2H|S|7
9|14|37|139|45|169|2D|S|7
9|14|144|10|23|135|3D|N|8
9|14|122|148|123|14|1N|E|7
9|14|44|133|113|120|4H|N|7
9|15|104|168|2|93|5D|S|12
9|15|77|128|173|36|3D|S|12
9|15|101|33|152|146|5D|S|10
9|15|53|15|124|111|4S|W|10
9|15|106|99|22|87|5D|S|11
9|15|171|63|97|35|5D|S|11
9|15|37|139|45|169|4S|W|10
9|15|144|10|23|135|4H|N|10
9|15|122|148|123|14|4H|N|10
9|15|44|133|113|120|4S|W|10
9|16|104|168|2|93|3N|W|10
9|16|77|128|173|36|3N|W|9
9|16|101|33|152|146|3D|E|9
9|16|53|15|124|111|3D|W|9
9|16|106|99|22|87|3N|W|10
9|16|171|63|97|35|3N|W|10
9|16|37|139|45|169|3N|W|10
9|16|144|10|23|135|3N|W|10
9|16|122|148|123|14|3H|W|10
9|16|44|133|113|120|2S|S|7
9|17|104|168|2|93|5D|W|13
9|17|72|48|26|38|6D|W|13
9|17|15|33|111|146|6D|E|13
9|17|54|101|39|152|6D|E|13
9|17|63|99|35|87|6D|W|13
9|17|89|16|151|94|6D|E|13
9|17|37|139|45|169|6D|W|13
9|17|144|10|23|135|5D|W|13
9|17|133|44|120|113|5D|E|13
9|17|130|122|46|123|5D|E|12
9|18|104|168|2|93|4H|W|10
9|18|72|48|26|38|2C|S|8
9|18|15|33|111|146|4H|E|9
9|18|54|101|39|152|4H|E|9
9|18|63|99|35|87|4H|E|10
9|18|89|16|151|94|4H|W|10
9|18|37|139|45|169|4H|E|9
9|18|144|10|23|135|4H|E|9
9|18|133|44|120|113|4H|E|10
9|18|130|122|46|123|6H|W|10
9|19|104|168|2|93|4S|S|9
9|19|72|48|26|38|2S|N|8
9|19|15|33|111|146|4S|N|10
9|19|54|101|39|152|4S|N|9
9|19|63|99|35|87|3S|N|10
9|19|89|16|151|94|3S|N|9
9|19|37|139|45|169|4S|S|10
9|19|144|10|23|135|2S|N|9
9|19|133|44|120|113|4S|N|9
9|19|130|122|46|123|4S|S|9
9|2|104|168|2|93|3N|W|6
9|2|77|128|173|36|1N|W|8
9|2|101|33|152|146|3C|E|10
9|2|53|15|124|111|5C|E|10
9|2|106|99|22|87|3C|W|10
9|2|171|63|97|35|3N|W|8
9|2|37|139|45|169|3N|W|5
9|2|144|10|23|135|1N|W|4
9|2|122|148|123|14|3C|E|10
9|2|44|133|113|120|3C|W|10
9|20|104|168|2|93|3D|W|11
9|20|72|48|26|38|3N|E|10
9|20|15|33|111|146|5D|E|11
9|20|54|101|39|152|5D|W|11
9|20|63|99|35|87|5D|W|11
9|20|89|16|151|94|5D|W|10
9|20|37|139|45|169|5D|W|11
9|20|144|10|23|135|5D|W|11
9|20|133|44|120|113|3N|W|10
9|20|130|122|46|123|5D|W|11
9|21|104|168|2|93|4S|S|9
9|21|72|48|26|38|4S|S|8
9|21|15|33|111|146|4C|E|8
9|21|54|101|39|152|3S|S|10
9|21|63|99|35|87|4S|S|9
9|21|89|16|151|94|3S|S|10
9|21|37|139|45|169|4C|E|8
9|21|144|10|23|135|3S|S|10
9|21|133|44|120|113|4S|S|10
9|21|130|122|46|123|4S|S|9
9|22|104|168|2|93|3S|W|7
9|22|72|48|26|38|3S|W|7
9|22|15|33|111|146|5C|N|13
9|22|54|101|39|152|4H|N|10
9|22|63|99|35|87|4H|S|12
9|22|89|16|151|94|2H|N|11
9|22|37|139|45|169|4C|S|10
9|22|144|10|23|135|2H|S|11
9|22|133|44|120|113|2H|S|12
9|22|130|122|46|123|5C|S|11
9|23|104|168|2|93|1H|W|7
9|23|72|48|26|38|1N|W|7
9|23|15|33|111|146|1H|E|7
9|23|54|101|39|152|1H|W|7
9|23|63|99|35|87|1H|W|8
9|23|89|16|151|94|2N|E|8
9|23|37|139|45|169|2H|W|8
9|23|144|10|23|135|1H|W|8
9|23|133|44|120|113|2N|W|7
9|23|130|122|46|123|1H|W|7
9|24|104|168|2|93|4H|W|10
9|24|72|48|26|38|3N|E|11
9|24|15|33|111|146|4H|E|11
9|24|54|101|39|152|4H|W|12
9|24|63|99|35|87|4H|E|11
9|24|89|16|151|94|4H|E|11
9|24|37|139|45|169|5H|E|11
9|24|144|10|23|135|2D|S|8
9|24|133|44|120|113|3N|E|11
9|24|130|122|46|123|3N|E|11
9|25|104|168|2|93|3C|S|9
9|25|72|48|26|38|5D|S|11
9|25|15|33|111|146|3N|N|5
9|25|54|101|39|152|3C|S|11
9|25|63|99|35|87|3C|S|10
9|25|37|139|45|169|4C|S|12
9|25|133|44|120|113|3D|S|10
9|25|130|122|46|123|3C|S|11
9|26|104|168|2|93|2C|S|8
9|26|72|48|26|38|2H|N|7
9|26|15|33|111|146|2C|N|7
9|26|54|101|39|152|2H|N|7
9|26|63|99|35|87|2H|N|7
9|26|89|16|151|94|2S|E|7
9|26|37|139|45|169|3H|N|8
9|26|144|10|23|135|2H|N|8
9|26|133|44|120|113|2H|N|8
9|26|130|122|46|123|3H|N|7
9|27|104|168|2|93|1S|S|7
9|27|72|48|26|38|1N|W|6
9|27|15|33|111|146|1N|E|8
9|27|54|101|39|152|2S|S|7
9|27|63|99|35|87|1H|W|6
9|27|89|16|151|94|1N|W|7
9|27|37|139|45|169|1N|E|7
9|27|144|10|23|135|2D|W|5
9|27|133|44|120|113|1N|W|7
9|27|130|122|46|123|1N|W|8
9|28|104|168|2|93|4H|W|10
9|28|72|48|26|38|4H|E|11
9|28|15|33|111|146|4H|E|10
9|28|54|101|39|152|4H|W|11
9|28|63|99|35|87|4H|W|10
9|28|89|16|151|94|4H|W|11
9|28|37|139|45|169|4H|W|10
9|28|144|10|23|135|3D|E|10
9|28|133|44|120|113|3N|E|9
9|28|130|122|46|123|4H|W|10
9|29|104|168|2|93|2H|E|5
9|29|72|48|26|38|3C|N|7
9|29|15|33|111|146|3N|N|8
9|29|54|101|39|152|3N|S|8
9|29|63|99|35|87|3N|S|8
9|29|89|16|151|94|3C|N|8
9|29|37|139|45|169|1N|E|4
9|29|144|10|23|135|2H|S|10
9|29|133|44|120|113|1N|E|6
9|29|130|122|46|123|2H|S|10
9|3|104|168|2|93|4D|S|10
9|3|77|128|173|36|4S|E|10
9|3|101|33|152|146|5D|S|11
9|3|53|15|124|111|3S|E|8
9|3|106|99|22|87|4H|W|10
9|3|171|63|97|35|5D|S|11
9|3|37|139|45|169|5D|S|9
9|3|144|10|23|135|3N|S|9
9|3|122|148|123|14|4N|S|10
9|3|44|133|113|120|3D|S|10
9|30|104|168|2|93|3N|N|10
9|30|72|48|26|38|3N|N|6
9|30|15|33|111|146|2S|E|7
9|30|54|101|39|152|4C|N|7
9|30|63|99|35|87|3N|N|7
9|30|89|16|151|94|3N|N|7
9|30|37|139|45|169|2N|N|7
9|30|144|10|23|135|3N|N|7
9|30|133|44|120|113|2D|N|11
9|30|130|122|46|123|3N|N|8
9|31|104|168|2|93|4S|E|12
9|31|72|48|26|38|4S|W|11
9|31|15|33|111|146|4H|E|11
9|31|54|101|39|152|5S|W|12
9|31|63|99|35|87|4S|W|12
9|31|89|16|151|94|4S|W|11
9|31|37|139|45|169|4S|W|12
9|31|144|10|23|135|4S|W|12
9|31|133|44|120|113|4S|W|12
9|31|130|122|46|123|4S|W|12
9|32|104|168|2|93|2H|N|9
9|32|72|48|26|38|3H|N|9
9|32|15|33|111|146|2H|N|9
9|32|54|101|39|152|2H|N|10
9|32|63|99|35|87|2H|N|9
9|32|89|16|151|94|2H|N|9
9|32|37|139|45|169|2H|S|8
9|32|144|10|23|135|2H|S|9
9|32|133|44|120|113|2H|N|9
9|32|130|122|46|123|2H|S|9
9|4|104|168|2|93|3N|E|8
9|4|77|128|173|36|3S|W|8
9|4|101|33|152|146|2S|W|9
9|4|53|15|124|111|2S|W|9
9|4|106|99|22|87|2S|W|9
9|4|171|63|97|35|2S|W|8
9|4|37|139|45|169|4S|W|8
9|4|144|10|23|135|2S|W|6
9|4|122|148|123|14|3N|E|7
9|4|44|133|113|120|3D|W|9
9|5|104|168|2|93|2S|S|7
9|5|77|128|173|36|1C|W|8
9|5|101|33|152|146|2D|W|8
9|5|53|15|124|111|1N|S|7
9|5|106|99|22|87|1N|N|7
9|5|171|63|97|35|2H|N|7
9|5|37|139|45|169|1N|N|7
9|5|144|10|23|135|2S|S|7
9|5|122|148|123|14|1N|W|7
9|5|44|133|113|120|2D|W|8
9|6|104|168|2|93|4S|N|10
9|6|77|128|173|36|4S|S|9
9|6|101|33|152|146|4S|S|8
9|6|53|15|124|111|4S|S|10
9|6|106|99|22|87|4S|S|10
9|6|171|63|97|35|4S|S|10
9|6|37|139|45|169|4S|S|10
9|6|144|10|23|135|4S|S|9
9|6|122|148|123|14|4S|S|10
9|6|44|133|113|120|4S|S|10
9|7|104|168|2|93|2S|S|8
9|7|77|128|173|36|2S|S|7
9|7|101|33|152|146|2S|S|7
9|7|53|15|124|111|1N|S|7
9|7|106|99|22|87|3C|W|8
9|7|171|63|97|35|2S|S|8
9|7|37|139|45|169|3C|W|7
9|7|144|10|23|135|1N|N|5
9|7|122|148|123|14|3C|E|7
9|7|44|133|113|120|1N|S|5
9|8|104|168|2|93|1N|S|9
9|8|77|128|173|36|3C|S|8
9|8|101|33|152|146|3D|N|8
9|8|53|15|124|111|3D|N|7
9|8|106|99|22|87|2N|S|8
9|8|171|63|97|35|3S|E|6
9|8|37|139|45|169|1N|S|8
9|8|144|10|23|135|1N|S|9
9|8|122|148|123|14|3N|S|10
9|8|44|133|113|120|2N|S|8
9|9|104|168|2|93|4H|S|9
9|9|77|128|173|36|2H|S|10
9|9|101|33|152|146|4H|S|9
9|9|53|15|124|111|2H|N|9
9|9|106|99|22|87|3N|S|8
9|9|171|63|97|35|4H|N|9
9|9|37|139|45|169|2H|N|9
9|9|144|10|23|135|3N|S|8
9|9|122|148|123|14|3N|S|8
9|9|44|133|113|120|4H|N|9
