1|1|81|119|105|115|4D|N|11|SA
1|1|96|172|3|18|4S|E|9|DA
1|1|165|156|85|175|4D|N|12|SA
1|1|25|167|41|52|3S|E|8|DA
1|1|116|13|129|137|5D|N|11|SK
1|1|60|56|70|159|3S|E|8|DK
1|1|164|24|5|91|5D|N|11|SA
1|1|43|162|66|69|3S|E|7|DA
1|1|73|76|32|108|2S|E|9|S2
1|1|145|174|30|7|5D|N|11|SA
1|10|81|119|105|115|3N|W|7|HK
1|10|96|172|3|18|3N|W|10|D2
1|10|165|156|85|175|1N|E|8|HT
1|10|25|167|41|52|3D|N|7|S6
1|10|116|13|129|137|3N|W|7|HK
1|10|60|56|70|159|3C|W|9|C4
1|10|164|24|5|91|3C|W|10|HK
1|10|43|162|66|69|2N|W|9|C8
1|10|73|76|32|108|2C|W|10|HK
1|10|145|174|30|7|1N|W|7|HK
1|11|81|119|105|115|3C|N|9|C6
1|11|96|172|3|18|3C|S|9|H2
1|11|165|156|85|175|3N|S|8|D4
1|11|25|167|41|52|1N|S|7|DJ
1|11|116|13|129|137|2N|S|8|H2
1|11|60|56|70|159|2N|N|8|S3
1|11|164|24|5|91|2N|S|8|SA
1|11|43|162|66|69|3D|N|7|D7
1|11|73|76|32|108|3N|S|8|H2
1|11|145|174|30|7|1N|S|8|DJ
1|12|81|119|105|115|1N|E|5|D4
1|12|96|172|3|18|1N|E|6|D4
1|12|165|156|85|175|1N|E|5|D3
1|12|25|167|41|52|1N|E|4|D4
1|12|116|13|129|137|1N|E|5|D4
1|12|60|56|70|159|1N|E|5|D4
1|12|164|24|5|91|1N|E|6|D4
1|12|43|162|66|69|1N|E|5|D3
1|12|73|76|32|108|2C|W|7|HT
1|12|145|174|30|7|2N|N|8|H2
1|13|81|119|105|115|4H|E|10|DK
1|13|96|172|3|18|4H|E|9|DK
1|13|165|156|85|175|6H|E|9|DK
1|13|25|167|41|52|4S|W|10|HT
1|13|116|13|129|137|4H|E|10|ST
1|13|60|56|70|159|4S|W|10|C5
1|13|164|24|5|91|4H|E|9|DK
1|13|43|162|66|69|4S|W|10|HT
1|13|73|76|32|108|4H|E|10|ST
1|13|145|174|30|7|4H|W|9|DJ
1|14|81|119|105|115|6N|S|11|CT
1|14|96|172|3|18|4N|S|10|CT
1|14|165|156|85|175|3N|S|10|CT
1|14|25|167|41|52|6N|N|11|CQ
1|14|116|13|129|137|4N|S|10|CT
1|14|60|56|70|159|6N|S|11|CT
1|14|164|24|5|91|4N|N|10|CQ
1|14|43|162|66|69|3N|S|10|CT
1|14|73|76|32|108|6D|N|11|SJ
1|14|145|174|30|7|3N|S|11|CT
1|15|81|119|105|115|3N|S|11|H8
1|15|96|172|3|18|4H|N|11|D8
1|15|165|156|85|175|4H|N|11|D8
1|15|25|167|41|52|4H|S|11|CJ
1|15|116|13|129|137|3N|S|10|H8
1|15|60|56|70|159|4H|S|11|H6
1|15|164|24|5|91|4H|N|10|CT
1|15|43|162|66|69|3N|S|9|H5
1|15|73|76|32|108|3N|N|11|C9
1|15|145|174|30|7|3N|S|11|D4
1|16|81|119|105|115|6DX|N|8|D5
1|16|96|172|3|18|6C|E|13|C5
1|16|165|156|85|175|6C|E|13|D3
1|16|25|167|41|52|7H|W|13|DA
1|16|116|13|129|137|7C|E|13|D3
1|16|60|56|70|159|7S|W|12|DA
1|16|164|24|5|91|6S|W|12|DA
1|16|43|162|66|69|6C|E|13|D3
1|16|73|76|32|108|4H|W|13|DK
1|16|145|174|30|7|7DX|N|7|CK
1|17|117|78|64|57|4H|W|9|DA
1|17|96|172|3|18|4H|W|10|DA
1|17|4|156|61|175|1N|E|10|C2
1|17|25|167|41|52|4H|W|9|DA
1|17|116|160|129|82|4H|W|10|DA
1|17|60|56|70|159|4H|W|10|DK
1|17|19|24|88|91|4H|W|9|DA
1|17|49|162|74|69|4H|E|9|CQ
1|17|179|76|112|108|2H|W|9|DA
1|17|145|73|30|32|4H|W|11|DK
1|18|117|78|64|57|2D|E|8|SJ
1|18|96|172|3|18|4S|N|9|D2
1|18|25|167|41|52|4S|N|8|D2
1|18|116|160|129|82|4D|E|8|HA
1|18|60|56|70|159|2S|N|9|D2
1|18|19|24|88|91|3S|S|8|DA
1|18|49|162|74|69|2N|S|6|DA
1|18|179|76|112|108|3D|W|8|HQ
1|18|145|73|30|32|5DX|W|8|D7
1|19|117|78|64|57|4H|S|11|C4
1|19|96|172|3|18|4H|S|11|C5
1|19|4|156|61|175|4H|S|11|C8
1|19|25|167|41|52|4H|S|12|DT
1|19|116|160|129|82|4H|S|11|C5
1|19|60|56|70|159|4H|S|11|C8
1|19|19|24|88|91|4H|S|11|HJ
1|19|49|162|74|69|4H|S|11|HJ
1|19|179|76|112|108|4H|S|12|HJ
1|19|145|73|30|32|4H|S|8|SA
1|2|81|119|105|115|4HX|N|10|DT
1|2|96|172|3|18|4H|E|10|D5
1|2|165|156|85|175|4SX|N|10|HA
1|2|25|167|41|52|4D|N|9|HA
1|2|116|13|129|137|3H|E|10|D5
1|2|60|56|70|159|4H|E|8|CA
1|2|164|24|5|91|5HX|E|9|SA
1|2|43|162|66|69|4SX|N|9|DT
1|2|73|76|32|108|4H|E|10|D5
1|2|145|174|30|7|4SX|N|9|DT
1|20|117|78|64|57|3N|S|11|HQ
1|20|96|172|3|18|3D|W|7|CK
1|20|4|156|61|175|3H|E|7|C9
1|20|25|167|41|52|4C|N|10|H5
1|20|116|160|129|82|3N|N|9|DQ
1|20|60|56|70|159|3HXX|E|6|C9
1|20|19|24|88|91|3D|W|7|CK
1|20|49|162|74|69|3SX|W|5|CK
1|20|179|76|112|108|3S|W|5|CK
1|20|145|73|30|32|3C|N|10|DQ
1|21|117|78|64|57|4H|S|10|S4
1|21|96|172|3|18|4H|S|10|S4
1|21|4|156|61|175|4H|S|10|S7
1|21|25|167|41|52|4H|S|10|H2
1|21|116|160|129|82|4H|S|10|S4
1|21|60|56|70|159|4H|S|10|H5
1|21|19|24|88|91|4H|S|10|S4
1|21|49|162|74|69|4H|S|10|S6
1|21|179|76|112|108|4H|N|10|C3
1|21|145|73|30|32|4H|S|10|S7
1|22|117|78|64|57|3D|N|9|CQ
1|22|96|172|3|18|3C|W|9|DA
1|22|4|156|61|175|1D|E|4|C6
1|22|25|167|41|52|3N|E|6|H4
1|22|116|160|129|82|3D|N|9
1|22|60|56|70|159|4S|E|9|D3
1|22|19|24|88|91|3C|W|10|DA
1|22|49|162|74|69|3S|W|9|DK
1|22|179|76|112|108|3S|W|8|DA
1|22|145|73|30|32|4S|E|7|D2
1|23|117|78|64|57|4H|E|11|H9
1|23|96|172|3|18|4H|E|11|H9
1|23|4|156|61|175|4H|E|11|C9
1|23|25|167|41|52|4H|W|11|S3
1|23|116|160|129|82|4H|E|11|H7
1|23|60|56|70|159|4H|E|11|CT
1|23|19|24|88|91|4H|W|11|DT
1|23|49|162|74|69|4H|W|11|S3
1|23|179|76|112|108|4H|W|11|DT
1|23|145|73|30|32|4H|E|11|H9
1|24|117|78|64|57|5D|N|11|HA
1|24|96|172|3|18|3H|E|7|DK
1|24|4|156|61|175|3N|N|8|HK
1|24|25|167|41|52|5D|N|11|HK
1|24|116|160|129|82|5D|N|11|HA
1|24|60|56|70|159|5D|N|11|HK
1|24|19|24|88|91|3N|S|8|H3
1|24|49|162|74|69|2N|S|12|S4
1|24|179|76|112|108|5D|N|11|HA
1|24|145|73|30|32|4D|N|11|HA
1|25|117|78|64|57|5D|W|12|H9
1|25|96|172|3|18|2S|S|7|D2
1|25|4|156|61|175|6C|E|12|HA
1|25|25|167|41|52|3S|N|8|CK
1|25|116|160|129|82|4S|N|8|CK
1|25|60|56|70|159|4D|W|12|H6
1|25|19|24|88|91|3S|N|8|CK
1|25|49|162|74|69|5D|W|12|SA
1|25|179|76|112|108|5C|E|8|SK
1|25|145|73|30|32|5D|W|12|H9
1|26|117|78|64|57|1N|S|8|S6
1|26|96|172|3|18|1N|S|7|S6
1|26|4|156|61|175|1N|S|8|S6
1|26|25|167|41|52|2D|N|9|C2
1|26|116|160|129|82|2D|N|8|D2
1|26|60|56|70|159|2S|N|8|C2
1|26|19|24|88|91|1N|N|10|C3
1|26|49|162|74|69|1N|N|7|C3
1|26|179|76|112|108|1N|S|8|S6
1|26|145|73|30|32|1N|S|8|S2
1|27|117|78|64|57|4S|W|10|H5
1|27|96|172|3|18|4S|W|10|H5
1|27|4|156|61|175|4S|E|10|HK
1|27|25|167|41|52|5CX|N|10|SK
1|27|116|160|129|82|4S|W|10|H5
1|27|60|56|70|159|5HX|S|7|S3
1|27|19|24|88|91|4S|W|10|H5
1|27|49|162|74|69|4S|W|10|H5
1|27|179|76|112|108|4S|W|10|H5
1|27|145|73|30|32|4S|W|10|H5
1|28|117|78|64|57|4S|N|11|DK
1|28|96|172|3|18|3N|S|9|C4
1|28|4|156|61|175|4S|N|10|DK
1|28|25|167|41|52|4S|N|10|DK
1|28|116|160|129|82|4S|N|10|C2
1|28|60|56|70|159|4S|N|11|DK
1|28|19|24|88|91|4S|N|10|S4
1|28|49|162|74|69|2S|N|11|DK
1|28|179|76|112|108|4S|N|10|S4
1|28|145|73|30|32|2S|S|10|C2
1|29|117|78|64|57|1N|E|8|D6
1|29|96|172|3|18|1N|E|8|D4
1|29|4|156|61|175|3S|W|7|H3
1|29|25|167|41|52|1N|E|8|D6
1|29|116|160|129|82|2S|W|10|CK
1|29|60|56|70|159|3S|W|7|H2
1|29|19|24|88|91|3S|W|7|H3
1|29|49|162|74|69|3S|W|8|H3
1|29|179|76|112|108|1N|E|8|D6
1|29|145|73|30|32|2S|E|9|D2
1|3|81|119|105|115|3N|N|7|S6
1|3|96|172|3|18|3N|N|7|S6
1|3|165|156|85|175|3N|N|7|S6
1|3|25|167|41|52|3N|N|9|S6
1|3|116|13|129|137|3S|W|8|DA
1|3|60|56|70|159|4H|S|9|SJ
1|3|164|24|5|91|1N|S|9|SJ
1|3|43|162|66|69|3N|S|9|SJ
1|3|73|76|32|108|3N|S|7|SJ
1|3|145|174|30|7|2N|N|10|S2
1|30|117|78|64|57|3N|E|7|ST
1|30|96|172|3|18|3D|W|8|C3
1|30|4|156|61|175|5C|W|9|SA
1|30|25|167|41|52|5C|W|9|SA
1|30|116|160|129|82|3N|W|7|SA
1|30|60|56|70|159|3N|E|7|ST
1|30|19|24|88|91|3D|W|9|SA
1|30|49|162|74|69|3N|W|9|S3
1|30|179|76|112|108|3N|E|7|ST
1|30|145|73|30|32|3D|W|9|C9
1|31|117|78|64|57|4N|E|10|D8
1|31|96|172|3|18|3DX|N|3|CA
1|31|4|156|61|175|4S|W|9|DA
1|31|25|167|41|52|5CX|E|9|D8
1|31|116|160|129|82|3DX|S|4|SA
1|31|60|56|70|159|2D|S|5|SK
1|31|19|24|88|91|4H|W|10|C2
1|31|49|162|74|69|3N|E|10|HT
1|31|179|76|112|108|3DX|N|5|S8
1|31|145|73|30|32|4SX|W|10|DA
1|32|117|78|64|57|3S|N|7|D5
1|32|4|156|61|175|3N|E|9|HT
1|32|116|160|129|82|2S|N|8|SA
1|32|60|56|70|159|3N|E|7|H9
1|32|19|24|88|91|3N|E|10|S8
1|32|49|162|74|69|2S|S|7|DQ
1|32|179|76|112|108|3N|E|8|HT
1|32|145|73|30|32|3S|N|10|SA
1|4|81|119|105|115|3N|N|8|H2
1|4|96|172|3|18|3N|S|5|S9
1|4|165|156|85|175|3N|N|6|SQ
1|4|25|167|41|52|3N|S|7|S9
1|4|116|13|129|137|3N|N|9|SQ
1|4|60|56|70|159|3N|N|9|SQ
1|4|164|24|5|91|3N|N|8|C2
1|4|43|162|66|69|3N|N|7|SQ
1|4|73|76|32|108|3N|N|7|SQ
1|4|145|174|30|7|3N|N|7|SQ
1|5|81|119|105|115|3N|W|8|DJ
1|5|96|172|3|18|4H|E|10|D4
1|5|165|156|85|175|3N|W|7|DJ
1|5|25|167|41|52|4H|E|10|D3
1|5|116|13|129|137|3N|W|7|DJ
1|5|60|56|70|159|4H|W|10|S7
1|5|164|24|5|91|4H|W|10|S7
1|5|43|162|66|69|4H|W|10|S2
1|5|73|76|32|108|4H|W|10|S7
1|5|145|174|30|7|3N|E|10|HT
1|6|81|119|105|115|2N|E|9|C4
1|6|96|172|3|18|2D|S|5|CQ
1|6|165|156|85|175|2N|W|6|HT
1|6|25|167|41|52|2N|W|8|SQ
1|6|116|13|129|137|2N|W|7|S5
1|6|60|56|70|159|1S|N|6|H5
1|6|164|24|5|91|2N|W|7|S5
1|6|43|162|66|69|3C|E|8|S6
1|6|73|76|32|108|2N|W|7|S5
1|6|145|174|30|7|2N|E|7|S6
1|7|81|119|105|115|2N|S|9|CK
1|7|96|172|3|18|1N|S|10|CK
1|7|165|156|85|175|1N|S|9|CK
1|7|25|167|41|52|2N|S|7|CK
1|7|116|13|129|137|1N|S|9|CK
1|7|60|56|70|159|1N|S|10|CK
1|7|164|24|5|91|1N|S|10|CK
1|7|43|162|66|69|1N|S|9|CK
1|7|73|76|32|108|1N|N|9|H7
1|7|145|174|30|7|1N|S|10|CK
1|8|81|119|105|115|1N|N|8|H7
1|8|96|172|3|18|1N|N|9|H7
1|8|165|156|85|175|2N|N|9|H7
1|8|25|167|41|52|1N|N|10|H7
1|8|116|13|129|137|1N|N|10|H7
1|8|60|56|70|159|1N|W|5|CK
1|8|164|24|5|91|1N|N|7|H4
1|8|43|162|66|69|1N|N|9|H7
1|8|73|76|32|108|1N|N|6|S8
1|8|145|174|30|7|1N|N|9|H2
1|9|81|119|105|115|4H|N|12|SA
1|9|96|172|3|18|5H|N|10|SA
1|9|165|156|85|175|4H|N|12|SA
1|9|25|167|41|52|4H|N|10|C3
1|9|116|13|129|137|4H|N|10|SA
1|9|60|56|70|159|4H|N|10|C3
1|9|164|24|5|91|4H|N|11|C3
1|9|43|162|66|69|4H|N|11|SA
1|9|73|76|32|108|3S|E|7|D2
1|9|145|174|30|7|4HX|N|11|SA
2|1|25|81|41|105|3N|N|6|S7
2|1|117|156|64|175|4S|N|10|C7
2|1|13|4|137|61|3N|N|10|HQ
2|1|165|160|85|82|5D|N|10|HA
2|1|49|56|74|159|3N|N|9|H7
2|1|116|43|129|66|3N|N|10|H5
2|1|145|19|30|88|3N|N|9|H2
2|1|162|76|69|108|3N|N|7|H7
2|1|119|174|115|7|5D|N|9|C6
2|1|179|78|112|57|4S|N|10|HA
2|10|25|81|41|105|1N|E|7|H5
2|10|117|156|64|175|3C|W|9|SA
2|10|13|4|137|61|4H|N|9|H2
2|10|165|160|85|82|2S|E|5|DK
2|10|49|56|74|159|2H|N|9|C6
2|10|116|43|129|66|2N|W|7|H5
2|10|145|19|30|88|4C|W|9|SK
2|10|162|76|69|108|1N|E|7|H9
2|10|119|174|115|7|3C|W|9|SA
2|10|179|78|112|57|1N|E|9|S8
2|11|25|81|41|105|4S|W|9|HQ
2|11|117|156|64|175|2S|W|9|HQ
2|11|13|4|137|61|3S|W|9|HQ
2|11|165|160|85|82|4S|W|8|HQ
2|11|49|56|74|159|3N|E|9|D5
2|11|116|43|129|66|3S|W|11|DJ
2|11|145|19|30|88|3S|W|9|HQ
2|11|162|76|69|108|3S|W|9|DK
2|11|119|174|115|7|2S|E|12|D5
2|11|179|78|112|57|3D|N|9|H2
2|12|25|81|41|105|3D|N|11|S2
2|12|117|156|64|175|2H|E|7|C4
2|12|13|4|137|61|2H|E|7|C3
2|12|165|160|85|82|3D|N|9|C9
2|12|49|56|74|159|2H|E|8|D5
2|12|116|43|129|66|2H|E|8|C4
2|12|145|19|30|88|2H|E|7|S4
2|12|162|76|69|108|2H|E|7|DA
2|12|119|174|115|7|3D|S|9|H6
2|12|179|78|112|57|2H|E|7|C4
2|13|25|81|41|105|3N|E|12|D6
2|13|117|156|64|175|3N|E|12|H8
2|13|13|4|137|61|3N|E|12|D6
2|13|165|160|85|82|3N|E|12|D3
2|13|49|56|74|159|4H|W|12|DT
2|13|116|43|129|66|6C|E|12|C3
2|13|145|19|30|88|4H|W|12|DT
2|13|162|76|69|108|6D|W|10|S4
2|13|119|174|115|7|6H|W|12|DT
2|13|179|78|112|57|4H|W|12|SJ
2|14|25|81|41|105|1N|N|8|SQ
2|14|117|156|64|175|1N|N|7|S8
2|14|13|4|137|61|1N|N|8|S8
2|14|165|160|85|82|3H|N|7|C2
2|14|49|56|74|159|4H|N|7|C2
2|14|116|43|129|66|3D|E|6|DJ
2|14|145|19|30|88|2D|S|6|SJ
2|14|162|76|69|108|1N|N|7|S8
2|14|119|174|115|7|2S|E|6|DJ
2|14|179|78|112|57|2H|W|5|DA
2|15|25|81|41|105|3N|E|11|ST
2|15|117|156|64|175|6NX|W|9|CA
2|15|13|4|137|61|3N|W|9|CK
2|15|165|160|85|82|6D|W|11|CK
2|15|49|56|74|159|6NX|E|11|ST
2|15|116|43|129|66|5DX|E|11|C2
2|15|145|19|30|88|6DX|W|11|CK
2|15|162|76|69|108|5D|W|11|CK
2|15|119|174|115|7|3N|E|11|ST
2|15|179|78|112|57|4N|W|9|CA
2|16|25|81|41|105|2N|E|8|D5
2|16|117|156|64|175|3N|E|6|HJ
2|16|13|4|137|61|2H|S|5|S6
2|16|165|160|85|82|2S|E|7|C8
2|16|49|56|74|159|3N|W|6|H7
2|16|116|43|129|66|1N|E|7|ST
2|16|145|19|30|88|3C|E|10|ST
2|16|162|76|69|108|3C|E|11|ST
2|16|119|174|115|7|2N|E|7|ST
2|16|179|78|112|57|3C|E|10|ST
2|17|25|172|41|18|4S|E|10|C7
2|17|117|156|64|175|4S|W|8|HQ
2|17|13|4|137|61|4S|W|9|C7
2|17|167|60|52|70|4S|W|10|C7
2|17|43|56|66|159|4S|E|9|HT
2|17|116|24|129|91|2S|W|10|C7
2|17|76|19|108|88|4S|W|9|C6
2|17|164|145|5|30|2S|W|10|C6
2|17|119|73|115|32|4S|W|9|C7
2|17|174|78|7|57|2S|W|10|D2
2|18|25|172|41|18|4S|W|10|CA
2|18|117|156|64|175|4S|E|10|D2
2|18|13|4|137|61|4S|E|10|D2
2|18|167|60|52|70|3N|W|10|C5
2|18|43|56|66|159|4N|W|10|C3
2|18|116|24|129|91|4S|E|10|S7
2|18|76|19|108|88|4S|E|10|D4
2|18|164|145|5|30|4S|W|11|D7
2|18|119|73|115|32|4S|E|10|D2
2|18|174|78|7|57|4S|E|10|D3
2|19|25|172|41|18|2H|N|9|S7
2|19|117|156|64|175|2H|N|9|S6
2|19|13|4|137|61|3D|N|11|D2
2|19|167|60|52|70|2H|N|9|S7
2|19|43|56|66|159|2H|N|9|S7
2|19|116|24|129|91|3C|E|8|H9
2|19|76|19|108|88|3D|N|11|D2
2|19|164|145|5|30|2H|N|9|S7
2|19|119|73|115|32|4H|N|11|D2
2|19|174|78|7|57|2H|N|9|S7
2|2|25|81|41|105|4H|W|8|D5
2|2|117|156|64|175|3H|W|8|D5
2|2|13|4|137|61|4H|W|8|D5
2|2|165|160|85|82|4S|N|7|HK
2|2|49|56|74|159|4S|N|8|HK
2|2|116|43|129|66|3D|E|4|CJ
2|2|145|19|30|88|2S|N|9|HK
2|2|162|76|69|108|3N|S|5|H6
2|2|119|174|115|7|3H|W|9|S9
2|2|179|78|112|57|3H|W|8|S9
2|20|25|172|41|18|2S|E|10|S3
2|20|117|156|64|175|3S|E|8|CJ
2|20|13|4|137|61|2S|W|9|D3
2|20|167|60|52|70|1N|E|6|CT
2|20|43|56|66|159|2S|W|9|CA
2|20|116|24|129|91|2S|W|8|C2
2|20|76|19|108|88|1H|E|7|S9
2|20|164|145|5|30|2S|E|9|S3
2|20|119|73|115|32|2S|E|9|S3
2|20|174|78|7|57|2S|E|8|S3
2|21|25|172|41|18|4H|S|10|CT
2|21|117|156|64|175|4H|S|10|CT
2|21|13|4|137|61|3D|N|11|CK
2|21|167|60|52|70|5D|N|11|CK
2|21|43|56|66|159|5D|N|11|CK
2|21|116|24|129|91|4H|S|10|CT
2|21|76|19|108|88|5D|N|11|CA
2|21|164|145|5|30|4H|S|10|CT
2|21|119|73|115|32|6D|N|12|CK
2|21|174|78|7|57|4H|S|10|C5
2|22|25|172|41|18|3C|E|11|H3
2|22|117|156|64|175|5C|E|11|H3
2|22|13|4|137|61|5C|E|12|H2
2|22|167|60|52|70|4C|E|11|H3
2|22|43|56|66|159|3C|E|12|H3
2|22|116|24|129|91|3C|E|12|H3
2|22|76|19|108|88|5C|E|12|H3
2|22|164|145|5|30|3C|E|11|H3
2|22|119|73|115|32|5C|E|11|H3
2|22|174|78|7|57|3C|E|11|H3
2|23|25|172|41|18|2H|W|8|CQ
2|23|117|156|64|175|1N|N|6|D6
2|23|13|4|137|61|2H|W|8|CQ
2|23|167|60|52|70|1NX|N|5|H8
2|23|43|56|66|159|1NX|N|5|D6
2|23|116|24|129|91|2N|E|8|D2
2|23|76|19|108|88|2CX|N|7|CA
2|23|164|145|5|30|2H|W|8|CQ
2|23|119|73|115|32|2N|N|6|D6
2|23|174|78|7|57|1N|W|5|CQ
2|24|25|172|41|18|1S|W|8|D2
2|24|117|156|64|175|2S|W|8|HA
2|24|13|4|137|61|2H|N|8|S7
2|24|167|60|52|70|2H|N|8|S7
2|24|43|56|66|159|1S|W|9|D2
2|24|116|24|129|91|2S|W|7|HA
2|24|76|19|108|88|2D|N|8|S7
2|24|164|145|5|30|1S|W|9|D4
2|24|119|73|115|32|2D|N|7|S4
2|24|174|78|7|57|2H|N|8|S7
2|25|25|172|41|18|5H|E|9|DA
2|25|117|156|64|175|5H|E|9|C8
2|25|13|4|137|61|5H|E|9|C8
2|25|167|60|52|70|5H|E|9|C8
2|25|43|56|66|159|5H|W|9|DA
2|25|116|24|129|91|5H|E|9|DA
2|25|76|19|108|88|6DX|S|10|HA
2|25|164|145|5|30|5H|E|9|DK
2|25|119|73|115|32|5DX|S|10|HK
2|25|174|78|7|57|5H|E|9|C8
2|26|25|172|41|18|3S|E|8|H3
2|26|117|156|64|175|2H|S|9|DA
2|26|13|4|137|61|3H|N|9|ST
2|26|167|60|52|70|3H|N|8|S9
2|26|43|56|66|159|2H|N|8|D3
2|26|116|24|129|91|3S|E|8|H3
2|26|76|19|108|88|3H|N|8|ST
2|26|164|145|5|30|3S|E|8|H2
2|26|119|73|115|32|3H|N|8|S3
2|26|174|78|7|57|3H|N|8|D3
2|27|25|172|41|18|1N|N|5|C9
2|27|117|156|64|175|2S|W|9|HT
2|27|13|4|137|61|2S|W|9|D3
2|27|167|60|52|70|2N|E|9|D5
2|27|43|56|66|159|2HX|S|7|D8
2|27|116|24|129|91|2N|E|8|D5
2|27|76|19|108|88|2S|W|8|D6
2|27|164|145|5|30|2H|N|5|S7
2|27|119|73|115|32|2S|W|9|D3
2|27|174|78|7|57|3S|W|9|D6
2|28|25|172|41|18|5H|N|7|C6
2|28|117|156|64|175|3N|N|5|C9
2|28|13|4|137|61|5C|W|11|HA
2|28|167|60|52|70|5H|N|7|C6
2|28|43|56|66|159|2H|N|8|C9
2|28|116|24|129|91|3H|N|7|C7
2|28|76|19|108|88|5CX|E|9|HA
2|28|164|145|5|30|2N|N|7|C7
2|28|119|73|115|32|4H|N|7|C7
2|28|174|78|7|57|3H|N|7|C6
2|29|25|172|41|18|2H|E|10|C9
2|29|117|156|64|175|4H|E|10|S5
2|29|13|4|137|61|3H|E|9|CJ
2|29|167|60|52|70|4H|E|9|S5
2|29|43|56|66|159|2H|E|9|S5
2|29|116|24|129|91|3H|W|10|C3
2|29|76|19|108|88|2H|E|10|C9
2|29|164|145|5|30|3H|W|10|C4
2|29|119|73|115|32|2H|E|8|S5
2|29|174|78|7|57|3H|E|9|S5
2|3|25|81|41|105|4S|W|10|S2
2|3|117|156|64|175|4S|W|11|S2
2|3|13|4|137|61|4S|W|11|S4
2|3|165|160|85|82|4S|W|10|DQ
2|3|49|56|74|159|4S|W|10|HK
2|3|116|43|129|66|4S|W|10|DQ
2|3|145|19|30|88|4S|W|10|DQ
2|3|162|76|69|108|4S|W|10|D4
2|3|179|78|112|57|4S|W|11|S2
2|30|25|172|41|18|4H|W|12|C8
2|30|117|156|64|175|4H|W|11|SQ
2|30|13|4|137|61|4H|W|12|C2
2|30|167|60|52|70|5H|E|11|SA
2|30|43|56|66|159|4H|W|12|C2
2|30|116|24|129|91|4H|W|12|C2
2|30|76|19|108|88|4H|E|12|D2
2|30|164|145|5|30|4N|E|13|CJ
2|30|119|73|115|32|4H|W|12|C2
2|30|174|78|7|57|5H|W|12|C7
2|31|25|172|41|18|4H|W|9|DK
2|31|117|156|64|175|2H|W|9|C7
2|31|13|4|137|61|3H|W|8|DK
2|31|167|60|52|70|3H|W|9|SA
2|31|43|56|66|159|3SX|N|6|C2
2|31|116|24|129|91|3H|W|9|C7
2|31|76|19|108|88|2H|W|9|C3
2|31|164|145|5|30|4H|W|9|C3
2|31|119|73|115|32|2H|W|9|C7
2|31|174|78|7|57|2H|W|9|C3
2|32|25|172|41|18|2S|N|9|H3
2|32|117|156|64|175|3N|W|4|SJ
2|32|13|4|137|61|2S|N|9|H3
2|32|167|60|52|70|2S|N|9|S7
2|32|43|56|66|159|3H|E|8|SK
2|32|116|24|129|91|4S|N|9|H3
2|32|76|19|108|88|2S|N|8|H3
2|32|164|145|5|30|2S|N|9|H3
2|32|119|73|115|32|3H|W|8|SJ
2|32|174|78|7|57|3C|W|6|SJ
2|4|25|81|41|105|4S|W|12|CK
2|4|117|156|64|175|6S|W|12|DJ
2|4|13|4|137|61|4S|W|12|CK
2|4|165|160|85|82|4S|W|12|CK
2|4|49|56|74|159|4S|W|12|D4
2|4|116|43|129|66|4S|W|12|CK
2|4|145|19|30|88|4S|E|12|C3
2|4|162|76|69|108|6S|W|12|CK
2|4|119|174|115|7|4S|W|12|CK
2|4|179|78|112|57|6S|W|12|D4
2|5|25|81|41|105|3N|E|9|S2
2|5|117|156|64|175|1N|W|8|S3
2|5|13|4|137|61|1N|W|9|S7
2|5|165|160|85|82|1N|W|8|H7
2|5|49|56|74|159|2D|E|9|CK
2|5|116|43|129|66|3N|W|9|C3
2|5|145|19|30|88|2N|E|8|S2
2|5|162|76|69|108|1N|W|9|D8
2|5|119|174|115|7|1N|W|9|S7
2|5|179|78|112|57|1N|W|9|C3
2|6|25|81|41|105|1N|S|7|D4
2|6|117|156|64|175|1N|S|7|D4
2|6|13|4|137|61|1N|S|7|D4
2|6|165|160|85|82|1N|S|6|DQ
2|6|49|56|74|159|1N|N|7|ST
2|6|116|43|129|66|1N|S|5|C8
2|6|145|19|30|88|1N|S|5|C8
2|6|162|76|69|108|1N|E|6|SJ
2|6|119|174|115|7|1N|S|5|D4
2|6|179|78|112|57|1N|S|5|D4
2|7|25|81|41|105|2H|E|10|D7
2|7|117|156|64|175|2H|E|8|D7
2|7|13|4|137|61|3C|S|8|H7
2|7|165|160|85|82|2H|E|8|S4
2|7|49|56|74|159|2H|E|10|D7
2|7|116|43|129|66|2H|E|10|D7
2|7|145|19|30|88|2H|E|7|CJ
2|7|162|76|69|108|4H|E|8|D7
2|7|119|174|115|7|2H|E|9|D7
2|7|179|78|112|57|2H|E|10|D7
2|8|25|81|41|105|2S|S|6|H8
2|8|117|156|64|175|3C|E|10|H7
2|8|13|4|137|61|2S|S|6|C3
2|8|165|160|85|82|3C|E|10|S4
2|8|49|56|74|159|2H|N|6|C4
2|8|116|43|129|66|3C|W|10|SJ
2|8|145|19|30|88|3S|N|7|DQ
2|8|162|76|69|108|2H|N|6|S2
2|8|119|174|115|7|2S|S|6|H8
2|8|179|78|112|57|2C|E|10|H7
2|9|25|81|41|105|4S|S|12|DQ
2|9|117|156|64|175|4S|S|10|DQ
2|9|13|4|137|61|4S|S|10|DQ
2|9|165|160|85|82|3N|N|9|H7
2|9|49|56|74|159|4S|S|10|DQ
2|9|116|43|129|66|4S|S|10|DQ
2|9|145|19|30|88|3N|N|10|H3
2|9|162|76|69|108|4S|S|10|DQ
2|9|119|174|115|7|4S|S|11|DQ
2|9|179|78|112|57|4S|S|10|DQ
3|1|81|60|105|70|5C|E|8
3|1|160|172|82|18|5S|N|10|CA
3|1|165|43|85|66|4S|N|10|CA
3|1|49|167|74|52|3S|N|9|CA
3|1|116|145|129|30|4S|N|10|CA
3|1|76|56|108|159|5SX|N|10|CK
3|1|164|73|5|32|3S|N|10|CA
3|1|179|19|112|88|4S|N|10|CA
3|1|25|78|41|57|5C|E|9|S3
3|1|96|156|3|175|5CX|E|8|H2
3|10|81|60|105|70|4S|W|10|CA
3|10|160|172|82|18|3D|S|7|C5
3|10|165|43|85|66|3N|N|6|S4
3|10|49|167|74|52|4S|E|10|DK
3|10|116|145|129|30|4S|E|9|DK
3|10|76|56|108|159|2D|N|8|SK
3|10|164|73|5|32|3D|S|8|CT
3|10|179|19|112|88|2H|E|10|DK
3|10|25|78|41|57|3S|E|10|DK
3|10|96|156|3|175|5DX|S|10|D5
3|11|81|60|105|70|3N|W|12|C7
3|11|160|172|82|18|6H|W|12|DJ
3|11|165|43|85|66|6H|W|12|SJ
3|11|49|167|74|52|6N|W|12|C7
3|11|116|145|129|30|6H|E|12|S4
3|11|76|56|108|159|6H|W|12|HA
3|11|164|73|5|32|4H|W|12|C4
3|11|179|19|112|88|6N|W|12|C7
3|11|25|78|41|57|6N|W|12|DJ
3|11|96|156|3|175|4H|W|12|DJ
3|12|81|60|105|70|4SX|W|8|DQ
3|12|160|172|82|18|4H|S|11|S8
3|12|165|43|85|66|3S|W|7|H2
3|12|49|167|74|52|4SX|E|8|DA
3|12|116|145|129|30|4SX|E|7|HA
3|12|76|56|108|159|4SX|E|7|DA
3|12|164|73|5|32|3H|S|10|ST
3|12|179|19|112|88|3S|W|8|DQ
3|12|25|78|41|57|3H|S|9|S8
3|12|96|156|3|175|3S|W|7|DA
3|13|81|60|105|70|4S|S|12|S6
3|13|160|172|82|18|6S|S|12|S8
3|13|165|43|85|66|5S|S|12|C4
3|13|49|167|74|52|4S|S|12|S6
3|13|116|145|129|30|4S|S|12|S8
3|13|76|56|108|159|5S|S|11|D8
3|13|164|73|5|32|4S|S|12|HA
3|13|179|19|112|88|6S|S|12|S6
3|13|25|78|41|57|4S|S|11|D8
3|13|96|156|3|175|5S|S|12|S6
3|14|81|60|105|70|4H|W|9|S6
3|14|160|172|82|18|1N|W|6|S9
3|14|165|43|85|66|4H|W|9|ST
3|14|49|167|74|52|1N|W|6|S5
3|14|116|145|129|30|1N|W|6|S4
3|14|76|56|108|159|3H|W|10|CA
3|14|164|73|5|32|4H|W|10|DJ
3|14|179|19|112|88|3H|W|10|DJ
3|14|25|78|41|57|4H|W|9|S5
3|14|96|156|3|175|4H|W|10|DJ
3|15|81|60|105|70|4D|W|11|S4
3|15|160|172|82|18|3N|E|9|CA
3|15|165|43|85|66|5D|E|10|HA
3|15|49|167|74|52|3N|E|8|H5
3|15|116|145|129|30|2N|E|9|S6
3|15|76|56|108|159|5D|W|11|S4
3|15|164|73|5|32|3D|W|10|S4
3|15|179|19|112|88|5D|W|11|S4
3|15|25|78|41|57|3HX|N|8|D6
3|15|96|156|3|175|3D|E|10|DT
3|16|81|60|105|70|4S|W|12|CQ
3|16|160|172|82|18|4S|W|11|CQ
3|16|165|43|85|66|5S|W|12|CQ
3|16|49|167|74|52|4S|E|11|CQ
3|16|116|145|129|30|5S|W|12|CQ
3|16|76|56|108|159|4S|W|11|H8
3|16|164|73|5|32|4S|W|12|CQ
3|16|179|19|112|88|4S|W|11|CQ
3|16|25|78|41|57|4S|W|11|CQ
3|16|96|156|3|175|4S|W|12|CQ
3|17|117|13|64|137|2H|N|8|H3
3|17|160|81|82|105|2D|S|7|S3
3|17|4|24|61|91|1N|N|8|S2
3|17|49|165|74|85|1N|E|5|D7
3|17|116|76|129|108|1N|E|7|D2
3|17|145|56|30|159|2D|S|8|C3
3|17|164|174|5|7|1N|E|5|D8
3|17|179|162|112|69|1N|E|6|D7
3|17|25|119|41|115|2H|N|8|H6
3|17|96|156|3|175|3N|W|6|C5
3|18|117|13|64|137|3NX|N|11|C9
3|18|160|81|82|105|5C|N|11|DA
3|18|4|24|61|91|4H|S|11|DT
3|18|49|165|74|85|3N|N|10|S8
3|18|116|76|129|108|4DX|E|7|HK
3|18|145|56|30|159|5C|S|11|DK
3|18|164|174|5|7|4H|S|10|DT
3|18|179|162|112|69|3N|N|10|DK
3|18|25|119|41|115|3N|N|10|DK
3|18|96|156|3|175|3N|N|10|HT
3|19|117|13|64|137|4S|E|11|D3
3|19|160|81|82|105|4S|E|12|D3
3|19|4|24|61|91|4S|E|11|D3
3|19|49|165|74|85|4S|E|9|CK
3|19|116|76|129|108|4S|W|11|D4
3|19|145|56|30|159|4S|E|11|D4
3|19|164|174|5|7|4S|E|11|D5
3|19|179|162|112|69|4S|W|11|CK
3|19|25|119|41|115|4S|E|11|D3
3|19|96|156|3|175|4S|E|11|D5
3|2|81|60|105|70|4S|W|10|HK
3|2|160|172|82|18|2S|W|9|HK
3|2|165|43|85|66|3S|W|9|HK
3|2|49|167|74|52|3S|E|9|HK
3|2|116|145|129|30|2S|W|10|HK
3|2|76|56|108|159|3S|W|9|HK
3|2|164|73|5|32|2S|W|9|HK
3|2|179|19|112|88|3C|E|10|D4
3|2|25|78|41|57|2S|W|10|HK
3|2|96|156|3|175|3S|W|9|DK
3|20|117|13|64|137|4S|N|9|D4
3|20|160|81|82|105|4S|S|10|DA
3|20|4|24|61|91|4S|S|9|DA
3|20|49|165|74|85|4S|S|10|DK
3|20|116|76|129|108|3S|S|10|DA
3|20|145|56|30|159|4S|S|10|DA
3|20|164|174|5|7|4S|S|10|DA
3|20|179|162|112|69|4S|S|9|DA
3|20|25|119|41|115|2S|S|10|DA
3|20|96|156|3|175|3S|S|9|DA
3|21|117|13|64|137|4H|E|8|D6
3|21|160|81|82|105|4S|S|10|C3
3|21|4|24|61|91|3D|N|9|SA
3|21|49|165|74|85|4S|S|9|C3
3|21|116|76|129|108|4S|S|10|CJ
3|21|145|56|30|159|3N|E|8|S8
3|21|164|174|5|7|4S|S|10|CJ
3|21|179|162|112|69|3D|N|10|SA
3|21|25|119|41|115|3D|N|9|HK
3|21|96|156|3|175|4H|E|8|D6
3|22|117|13|64|137|4H|E|10|H2
3|22|160|81|82|105|3N|E|8|CQ
3|22|4|24|61|91|3N|W|10|S2
3|22|49|165|74|85|3N|E|9|S8
3|22|116|76|129|108|3N|W|9|S2
3|22|145|56|30|159|3N|E|9|S8
3|22|164|174|5|7|3N|W|11|S2
3|22|179|162|112|69|3N|W|9|S2
3|22|25|119|41|115|3N|E|9|S8
3|22|96|156|3|175|3N|E|8|CQ
3|23|117|13|64|137|5C|S|11|DA
3|23|160|81|82|105|3N|N|9|DQ
3|23|4|24|61|91|5C|N|11|DQ
3|23|49|165|74|85|3N|N|11|DQ
3|23|116|76|129|108|3N|N|11|DQ
3|23|145|56|30|159|3N|N|11|DQ
3|23|164|174|5|7|6C|N|12|DQ
3|23|179|162|112|69|6C|S|12|DA
3|23|25|119|41|115|3N|N|12|D3
3|23|96|156|3|175|3C|S|12|DA
3|24|117|13|64|137|3N|N|11|S6
3|24|160|81|82|105|4H|N|11|CK
3|24|4|24|61|91|4H|N|12|H2
3|24|49|165|74|85|4H|N|12|DQ
3|24|116|76|129|108|4H|N|12|DJ
3|24|145|56|30|159|4H|N|12|DQ
3|24|164|174|5|7|4H|N|12|DQ
3|24|179|162|112|69|4H|S|11|S5
3|24|25|119|41|115|5H|N|11|CK
3|24|96|156|3|175|4H|N|12|CK
3|25|117|13|64|137|5S|W|9|CA
3|25|160|81|82|105|4H|E|10|DK
3|25|4|24|61|91|5CX|N|9|SA
3|25|49|165|74|85|5H|E|10|DK
3|25|116|76|129|108|5DX|N|9|SA
3|25|145|56|30|159|5C|N|9|HA
3|25|164|174|5|7|4H|E|11|DK
3|25|179|162|112|69|5CX|N|9|SA
3|25|25|119|41|115|3H|E|10|DK
3|25|96|156|3|175|5H|E|10|DK
3|26|117|13|64|137|3N|W|9|S5
3|26|160|81|82|105|3N|W|9|S5
3|26|4|24|61|91|5C|W|10|H9
3|26|49|165|74|85|3N|W|10|HK
3|26|116|76|129|108|3N|E|10|D6
3|26|145|56|30|159|3N|W|9|S3
3|26|164|174|5|7|3N|W|10|HK
3|26|179|162|112|69|3N|W|9|S5
3|26|25|119|41|115|3N|W|9|S5
3|26|96|156|3|175|3N|E|10|S3
3|27|117|13|64|137|5D|W|8|D3
3|27|160|81|82|105|3N|W|7|D8
3|27|4|24|61|91|6C|W|11|D9
3|27|49|165|74|85|3N|W|7|D9
3|27|116|76|129|108|5C|E|9|S7
3|27|145|56|30|159|4C|W|10|HQ
3|27|164|174|5|7|2N|W|7|D8
3|27|179|162|112|69|4C|W|11|D9
3|27|25|119|41|115|3N|W|7|D9
3|27|96|156|3|175|2S|W|7|HQ
3|28|117|13|64|137|P||0
3|28|160|81|82|105|2S|S|9|CA
3|28|4|24|61|91|P||0
3|28|49|165|74|85|P||0
3|28|116|76|129|108|1N|W|5|H2
3|28|145|56|30|159|2N|S|9|CA
3|28|164|174|5|7|1N|W|6|H2
3|28|179|162|112|69|1N|E|4|D3
3|28|25|119|41|115|1N|S|8|CA
3|28|96|156|3|175|2D|S|10|CA
3|29|117|13|64|137|7D|N|11|HK
3|29|160|81|82|105|4S|N|10|CT
3|29|4|24|61|91|4S|N|10|H8
3|29|49|165|74|85|4S|N|12|H8
3|29|116|76|129|108|6D|S|11|CK
3|29|145|56|30|159|6D|S|11|S6
3|29|164|174|5|7|6D|S|11|CK
3|29|179|162|112|69|6D|N|11|S7
3|29|25|119|41|115|4S|N|10|HK
3|29|96|156|3|175|6D|S|10|CK
3|3|81|60|105|70|2S|N|8|SJ
3|3|160|172|82|18|3N|E|6|S2
3|3|165|43|85|66|3C|E|7|H8
3|3|49|167|74|52|2S|S|8|HA
3|3|116|145|129|30|2S|N|9|DJ
3|3|76|56|108|159|1S|S|9|HA
3|3|164|73|5|32|2S|S|8|D2
3|3|179|19|112|88|2S|S|8|S2
3|3|25|78|41|57|1S|S|9|HA
3|3|96|156|3|175|1S|S|9|HK
3|30|117|13|64|137|4S|S|10|HJ
3|30|160|81|82|105|4S|S|10|DQ
3|30|4|24|61|91|4S|S|10|HJ
3|30|49|165|74|85|4S|S|11|HJ
3|30|116|76|129|108|4S|S|10|HJ
3|30|145|56|30|159|4S|S|10|CQ
3|30|164|174|5|7|4S|S|10|DQ
3|30|179|162|112|69|4S|S|10|HJ
3|30|25|119|41|115|4S|S|10|HJ
3|30|96|156|3|175|4S|N|10|HJ
3|31|117|13|64|137|6S|N|13|D6
3|31|160|81|82|105|7N|N|13|D5
3|31|4|24|61|91|7S|S|13|CK
3|31|49|165|74|85|7S|S|13|CK
3|31|116|76|129|108|7N|N|13|HJ
3|31|145|56|30|159|7S|S|13|CQ
3|31|164|174|5|7|7N|N|13|S2
3|31|179|162|112|69|7N|N|13|S3
3|31|25|119|41|115|7N|N|13|C6
3|31|96|156|3|175|7N|N|13|S2
3|32|117|13|64|137|4H|S|9|CK
3|32|160|81|82|105|4H|S|9|CK
3|32|4|24|61|91|4H|S|10|CK
3|32|49|165|74|85|3H|S|9|CK
3|32|116|76|129|108|4H|S|8|CK
3|32|145|56|30|159|4H|S|10|CK
3|32|164|174|5|7|4H|S|9|CK
3|32|179|162|112|69|4H|S|9|CK
3|32|25|119|41|115|4H|S|9|CK
3|32|96|156|3|175|4H|S|9|CK
3|4|81|60|105|70|3N|E|11|H3
3|4|160|172|82|18|3N|W|11|C6
3|4|165|43|85|66|3N|E|10|ST
3|4|49|167|74|52|3N|E|9|CQ
3|4|116|145|129|30|3N|E|11|ST
3|4|76|56|108|159|3N|W|11|C6
3|4|164|73|5|32|3N|W|10|S5
3|4|179|19|112|88|3N|E|9|C3
3|4|25|78|41|57|3N|W|9|S5
3|4|96|156|3|175|3N|W|10|S5
3|5|81|60|105|70|4HX|E|10|D9
3|5|160|172|82|18|4C|S|8|DK
3|5|165|43|85|66|3H|W|11|CK
3|5|49|167|74|52|4HX|W|8|D9
3|5|116|145|129|30|4HX|E|10|S4
3|5|76|56|108|159|4HX|E|10|D6
3|5|164|73|5|32|3C|S|8|DK
3|5|179|19|112|88|3D|W|9|CA
3|5|25|78|41|57|3DX|W|9|CA
3|5|96|156|3|175|3DX|W|9|CA
3|6|81|60|105|70|6H|S|12|ST
3|6|160|172|82|18|6H|N|12|SQ
3|6|165|43|85|66|4H|S|12|S9
3|6|49|167|74|52|6H|S|12|H7
3|6|116|145|129|30|4H|N|12|S3
3|6|76|56|108|159|4H|S|12|ST
3|6|164|73|5|32|4H|N|12|SQ
3|6|179|19|112|88|6H|N|12|D2
3|6|25|78|41|57|6H|S|12|ST
3|6|96|156|3|175|6H|N|12|S3
3|7|81|60|105|70|3N|W|11|H2
3|7|160|172|82|18|3N|W|10|H2
3|7|165|43|85|66|3N|W|10|S4
3|7|49|167|74|52|3N|E|10|S6
3|7|116|145|129|30|3N|E|10|H3
3|7|76|56|108|159|3N|E|10|HT
3|7|164|73|5|32|3N|W|10|H2
3|7|179|19|112|88|3N|W|10|H2
3|7|25|78|41|57|3N|W|10|HQ
3|7|96|156|3|175|3N|E|9|H3
3|8|81|60|105|70|3C|W|6|SJ
3|8|160|172|82|18|2H|E|6|SK
3|8|165|43|85|66|3D|W|6|SJ
3|8|49|167|74|52|2S|N|9|DT
3|8|116|145|129|30|3C|W|7|SJ
3|8|76|56|108|159|3D|W|7|SJ
3|8|164|73|5|32|3D|W|7|SJ
3|8|179|19|112|88|2S|N|8|DT
3|8|25|78|41|57|3D|W|7|SJ
3|8|96|156|3|175|3D|W|7|SJ
3|9|81|60|105|70|2S|S|8|D5
3|9|160|172|82|18|2S|S|8|D6
3|9|165|43|85|66|2S|S|9|H5
3|9|49|167|74|52|2S|S|8|C6
3|9|116|145|129|30|2S|S|9|H5
3|9|76|56|108|159|1N|N|5|C4
3|9|164|73|5|32|1N|N|9|H6
3|9|179|19|112|88|2S|S|9|C6
3|9|25|78|41|57|1N|N|8|H9
3|9|96|156|3|175|1N|N|8|H9
4|1|49|81|74|105|3N|N|9|H5
4|1|172|24|18|91|3N|N|9|C3
4|1|145|4|30|61|3N|N|9|C3
4|1|167|76|52|108|3N|N|8|SQ
4|1|73|56|32|141|3N|S|8|H5
4|1|116|174|129|7|3N|N|11|SA
4|1|96|162|3|69|3N|N|10|C3
4|1|19|103|88|57|3N|N|7|H8
4|1|25|12|41|131|3N|N|8|C3
4|1|60|107|70|42|3N|N|8|H5
4|10|49|81|74|105|3D|E|9|H3
4|10|172|24|18|91|3N|E|9|H3
4|10|145|4|30|61|3H|S|9|H2
4|10|167|76|52|108|3N|E|9|H5
4|10|73|56|32|141|2D|E|8|S6
4|10|116|174|129|7|1N|W|8|S3
4|10|96|162|3|69|1N|W|10|ST
4|10|19|103|88|57|3N|W|8|H7
4|10|25|12|41|131|3D|E|8|S5
4|10|60|107|70|42|2D|E|9|H5
4|11|49|81|74|105|1N|W|9|C4
4|11|172|24|18|91|1N|W|9|C3
4|11|145|4|30|61|3N|W|7|S8
4|11|167|76|52|108|1N|E|9|S4
4|11|73|56|32|141|1N|W|9|C3
4|11|116|174|129|7|1N|W|8|C3
4|11|96|162|3|69|3N|W|8|C3
4|11|19|103|88|57|1N|W|8|S2
4|11|25|12|41|131|1N|W|8|C3
4|11|60|107|70|42|3N|W|8|HA
4|12|49|81|74|105|5S|W|10|HA
4|12|172|24|18|91|4S|W|10|S8
4|12|145|4|30|61|4S|W|11|HA
4|12|167|76|52|108|4S|W|10|S4
4|12|73|56|32|141|4S|W|10|D2
4|12|116|174|129|7|4S|W|10|HA
4|12|96|162|3|69|4S|W|10|S4
4|12|19|103|88|57|4S|W|10|D4
4|12|25|12|41|131|4S|W|10|D4
4|12|60|107|70|42|4S|W|10|HA
4|13|49|81|74|105|3H|N|10|D8
4|13|172|24|18|91|3H|S|9|DA
4|13|145|4|30|61|4S|N|9|D2
4|13|167|76|52|108|3H|N|9|DK
4|13|73|56|32|141|2H|N|10|H4
4|13|116|174|129|7|3D|W|10|SA
4|13|96|162|3|69|3S|N|10|DJ
4|13|19|103|88|57|3S|N|9|S8
4|13|25|12|41|131|4S|N|10|H6
4|13|60|107|70|42|3H|N|10|D8
4|14|49|81|74|105|3D|S|9|SQ
4|14|172|24|18|91|3D|S|8|DJ
4|14|145|4|30|61|3D|S|9|HA
4|14|167|76|52|108|2N|N|8|HT
4|14|73|56|32|141|2D|S|9|C9
4|14|116|174|129|7|2D|S|8|D6
4|14|96|162|3|69|3D|S|9|DJ
4|14|19|103|88|57|2N|N|8|HT
4|14|25|12|41|131|3N|N|8|HT
4|14|60|107|70|42|2N|N|8|HT
4|15|49|81|74|105|4S|N|11|C5
4|15|172|24|18|91|3S|N|12|DT
4|15|145|4|30|61|4S|N|11|H2
4|15|167|76|52|108|3D|S|6|H6
4|15|73|56|32|141|4S|N|12|C5
4|15|116|174|129|7|4S|N|11|DT
4|15|96|162|3|69|4H|E|8|DA
4|15|19|103|88|57|3S|N|11|DT
4|15|25|12|41|131|4S|N|11|C6
4|15|60|107|70|42|4S|N|10|S5
4|16|49|81|74|105|2H|W|11|H6
4|16|172|24|18|91|5H|W|10|DA
4|16|145|4|30|61|4H|E|9|D3
4|16|167|76|52|108|6H|E|10|CA
4|16|73|56|32|141|4H|W|10|C3
4|16|116|174|129|7|2H|W|11|H6
4|16|96|162|3|69|4H|W|10|C3
4|16|19|103|88|57|4H|E|9|D3
4|16|25|12|41|131|4H|W|10|DA
4|16|60|107|70|42|3DX|N|6|S5
4|17|49|117|74|64|1N|N|7|S2
4|17|172|43|18|66|1N|N|7|HT
4|17|145|4|30|61|2D|N|9|HT
4|17|167|76|165|108|1N|N|9|S2
4|17|179|56|112|141|1N|N|8|S2
4|17|116|73|129|32|1NX|N|7|HT
4|17|96|162|3|69|1N|N|7|HT
4|17|19|119|88|115|1N|N|8|D2
4|17|25|13|41|137|1N|N|7|HT
4|17|60|107|70|42|1N|N|8|S2
4|18|49|117|74|64|3N|S|8|S2
4|18|172|43|18|66|3N|N|9|C5
4|18|145|4|30|61|3N|N|8|H3
4|18|167|76|165|108|3N|N|9|H3
4|18|179|56|112|141|3D|S|9|H5
4|18|116|73|129|32|3N|S|9|CA
4|18|96|162|3|69|3D|N|9|SA
4|18|19|119|88|115|4N|N|10|DJ
4|18|25|13|41|137|4D|N|10|HA
4|18|60|107|70|42|3N|N|10|S3
4|19|49|117|74|64|6S|N|12|HJ
4|19|172|43|18|66|4S|N|11|D3
4|19|145|4|30|61|5H|N|12|CQ
4|19|167|76|165|108|6S|N|11|DJ
4|19|179|56|112|141|4S|N|12|HJ
4|19|116|73|129|32|6S|N|11|DJ
4|19|96|162|3|69|6S|N|11|D4
4|19|19|119|88|115|4S|N|12|HJ
4|19|25|13|41|137|6S|N|12|DJ
4|19|60|107|70|42|6S|S|11|CJ
4|2|49|81|74|105|5D|S|11|SJ
4|2|172|24|18|91|3N|N|10|C3
4|2|145|4|30|61|5D|S|11|H2
4|2|167|76|52|108|3N|S|11|SJ
4|2|73|56|32|141|6D|S|12|D6
4|2|116|174|129|7|5D|S|11|SJ
4|2|96|162|3|69|5D|S|12|H3
4|2|19|103|88|57|5D|S|11|D6
4|2|25|12|41|131|5D|S|11|SJ
4|2|60|107|70|42|5D|S|11|D6
4|20|49|117|74|64|3N|W|10|H5
4|20|172|43|18|66|3N|E|9|H4
4|20|145|4|30|61|3N|W|9|S5
4|20|167|76|165|108|3N|W|9|S3
4|20|179|56|112|141|3N|W|9|H4
4|20|116|73|129|32|3N|W|9|H4
4|20|96|162|3|69|3N|W|9|H4
4|20|19|119|88|115|3N|E|9|SQ
4|20|25|13|41|137|3N|E|9|SQ
4|20|60|107|70|42|3N|W|9|H4
4|21|49|117|74|64|2D|W|9|CK
4|21|172|43|18|66|3D|W|9|CA
4|21|145|4|30|61|1N|W|8|C2
4|21|167|76|165|108|2D|W|9|CA
4|21|179|56|112|141|2D|W|10|CA
4|21|116|73|129|32|3D|W|9|CA
4|21|96|162|3|69|3N|W|9|C5
4|21|19|119|88|115|5D|W|9|CK
4|21|25|13|41|137|2D|W|9|CA
4|21|60|107|70|42|2D|W|9|CK
4|22|49|117|74|64|3N|E|7|HK
4|22|172|43|18|66|3N|E|7|SQ
4|22|145|4|30|61|2H|W|7|S4
4|22|167|76|165|108|2H|W|7|S4
4|22|179|56|112|141|2H|W|6|S7
4|22|116|73|129|32|2H|W|8|HJ
4|22|96|162|3|69|2H|W|7|S6
4|22|19|119|88|115|2H|W|7|S4
4|22|25|13|41|137|2H|W|7|CT
4|22|60|107|70|42|2S|S|8|C6
4|23|49|117|74|64|2SX|W|6|HK
4|23|172|43|18|66|3N|S|10|SQ
4|23|145|4|30|61|3H|N|8|S7
4|23|167|76|165|108|3H|N|9|S7
4|23|179|56|112|141|3C|E|4|HJ
4|23|116|73|129|32|3N|S|9|H6
4|23|96|162|3|69|3H|N|9|S7
4|23|19|119|88|115|2SX|W|5|HA
4|23|25|13|41|137|3H|N|8|S6
4|23|60|107|70|42|3N|S|10|SQ
4|24|49|117|74|64|3S|E|9|CK
4|24|172|43|18|66|2S|E|9|CK
4|24|145|4|30|61|2S|E|9|CK
4|24|167|76|165|108|3S|E|9|CK
4|24|179|56|112|141|2S|E|9|CK
4|24|116|73|129|32|2S|E|9|CK
4|24|96|162|3|69|2S|E|9|CK
4|24|19|119|88|115|2S|E|9|CK
4|24|25|13|41|137|3S|E|9|CK
4|24|60|107|70|42|3S|E|9|CQ
4|25|172|43|18|66|4H|S|12|S8
4|25|145|4|30|61|2H|S|12|CT
4|25|167|76|165|108|4H|N|12|H6
4|25|179|56|112|141|4H|S|12|S6
4|25|116|73|129|32|4H|N|12|CJ
4|25|96|162|3|69|4H|S|12|CT
4|25|19|119|88|115|4SX|W|7|C4
4|25|25|13|41|137|4H|N|12|H6
4|25|60|107|70|42|4H|S|11|CT
4|26|172|43|18|66|1N|S|7|H5
4|26|145|4|30|61|1N|S|7|C2
4|26|167|76|165|108|2S|N|9|S2
4|26|179|56|112|141|1N|S|7|C2
4|26|116|73|129|32|1N|S|6|C2
4|26|96|162|3|69|2N|S|6|C5
4|26|19|119|88|115|2N|S|7|H7
4|26|25|13|41|137|2C|S|7|H6
4|26|60|107|70|42|1N|S|7|C2
4|27|117|49|64|74|5HX|E|8|SA
4|27|43|172|66|18|4S|S|12|C6
4|27|145|4|30|61|3N|N|11|H3
4|27|167|76|165|108|4S|S|11|C3
4|27|179|56|112|141|4S|S|11|HA
4|27|116|73|129|32|4S|S|10|C3
4|27|96|162|3|69|4S|S|10|HA
4|27|19|119|88|115|4S|S|11|C6
4|27|25|13|41|137|5S|S|11|HA
4|27|60|107|70|42|5C|N|10|HQ
4|28|49|117|74|64|3H|N|9|CK
4|28|172|43|18|66|3C|W|5|HA
4|28|145|4|30|61|2H|N|9|S3
4|28|167|76|165|108|2H|N|9|S7
4|28|179|56|112|141|2H|N|9|DQ
4|28|116|73|129|32|4H|N|9|CK
4|28|96|162|3|69|2H|S|10|S3
4|28|19|119|88|115|2H|N|8|DQ
4|28|25|13|41|137|1N|W|7|HA
4|28|60|107|70|42|2H|S|10|DK
4|29|49|117|74|64|4H|W|10|SA
4|29|172|43|18|66|4H|W|10|SA
4|29|145|4|30|61|4H|W|10|D9
4|29|167|76|165|108|6H|W|10|SA
4|29|179|56|112|141|5H|W|10|SA
4|29|116|73|129|32|4H|W|10|D9
4|29|96|162|3|69|4H|W|10|C2
4|29|19|119|88|115|4H|W|10|C3
4|29|60|107|70|42|3S|N|9|D4
4|3|49|81|74|105|4S|E|10|C4
4|3|172|24|18|91|4S|E|10|S3
4|3|145|4|30|61|4S|E|10|DK
4|3|167|76|52|108|4S|E|10|S3
4|3|73|56|32|141|4S|E|10|SJ
4|3|116|174|129|7|4S|E|9|H3
4|3|96|162|3|69|4S|E|10|C5
4|3|19|103|88|57|4S|E|9|S3
4|3|25|12|41|131|4S|E|10|DK
4|3|60|107|70|42|4S|E|11|ST
4|30|49|117|74|64|3N|E|12|S9
4|30|172|43|18|66|3HX|S|5|CA
4|30|145|4|30|61|3N|E|10|HK
4|30|167|76|165|108|3N|E|12|HK
4|30|179|56|112|141|3N|E|10|HA
4|30|116|73|129|32|4N|W|7|H5
4|30|96|162|3|69|3N|E|9|HJ
4|30|19|119|88|115|3N|E|12|HK
4|30|25|13|41|137|6C|W|10|H5
4|30|60|107|70|42|3N|E|10|HK
4|31|49|117|74|64|4SX|N|9|CK
4|31|172|43|18|66|5CX|E|8|S8
4|31|145|4|30|61|5CX|E|8|S8
4|31|167|76|165|108|3S|N|10|DK
4|31|179|56|112|141|5CX|E|8|S5
4|31|116|73|129|32|4S|N|10|CK
4|31|96|162|3|69|4S|N|10|CK
4|31|19|119|88|115|3C|E|10|CA
4|31|25|13|41|137|2D|W|7|HA
4|31|60|107|70|42|4S|N|10|S4
4|32|49|117|74|64|5S|W|10|D8
4|32|172|43|18|66|4N|E|10|HQ
4|32|145|4|30|61|4S|W|10|D8
4|32|167|76|165|108|6D|E|13|D2
4|32|179|56|112|141|4H|E|10|SA
4|32|116|73|129|32|6S|W|10|D8
4|32|96|162|3|69|6D|E|12|D6
4|32|19|119|88|115|6D|E|12|D2
4|32|25|13|41|137|5S|W|10|D8
4|32|60|107|70|42|6NX|E|11|SA
4|4|49|81|74|105|2H|W|7|DK
4|4|172|24|18|91|2H|W|9|DK
4|4|145|4|30|61|2H|W|7|DK
4|4|167|76|52|108|2H|W|8|DK
4|4|73|56|32|141|2H|W|7|DK
4|4|116|174|129|7|2H|W|8|DK
4|4|96|162|3|69|3S|N|9|CT
4|4|19|103|88|57|4S|S|10|D2
4|4|25|12|41|131|4S|S|10|HK
4|4|60|107|70|42|5HX|W|8|H3
4|5|49|81|74|105|2S|N|7|CJ
4|5|172|24|18|91|2S|N|7|D2
4|5|145|4|30|61|2S|N|8|C2
4|5|167|76|52|108|2S|N|8|D2
4|5|73|56|32|141|2S|N|7|CJ
4|5|116|174|129|7|2S|N|9|CJ
4|5|96|162|3|69|2S|N|7|CJ
4|5|19|103|88|57|3C|E|9|S2
4|5|25|12|41|131|2S|N|7|CJ
4|5|60|107|70|42|2S|N|9|H7
4|6|49|81|74|105|3H|W|10|C4
4|6|172|24|18|91|4H|W|9|CJ
4|6|145|4|30|61|4H|W|9|CJ
4|6|167|76|52|108|4H|W|8|C4
4|6|73|56|32|141|4H|E|10|D8
4|6|116|174|129|7|1N|W|8|C5
4|6|96|162|3|69|2N|W|8|C6
4|6|19|103|88|57|4H|W|10|C4
4|6|25|12|41|131|4H|W|11|SK
4|6|60|107|70|42|4H|E|10|D5
4|7|49|81|74|105|2H|N|5|H2
4|7|172|24|18|91|3N|E|9|SQ
4|7|145|4|30|61|1S|W|8|C2
4|7|167|76|52|108|1N|W|8|C6
4|7|73|56|32|141|3N|E|9|H9
4|7|116|174|129|7|3N|W|8|C6
4|7|96|162|3|69|3N|W|9|C6
4|7|19|103|88|57|3N|E|8|D2
4|7|25|12|41|131|3N|E|8|D5
4|7|60|107|70|42|3N|E|9|ST
4|8|49|81|74|105|6N|W|12|HT
4|8|172|24|18|91|6N|W|12|HT
4|8|145|4|30|61|6N|W|12|HT
4|8|167|76|52|108|6N|W|12|S5
4|8|73|56|32|141|6N|W|12|HT
4|8|116|174|129|7|6N|W|12|HT
4|8|96|162|3|69|6S|E|11|CT
4|8|19|103|88|57|6N|W|12|HT
4|8|25|12|41|131|6N|W|12|HT
4|8|60|107|70|42|6N|W|12|H9
4|9|49|81|74|105|5S|W|11|CK
4|9|172|24|18|91|5H|S|11|SJ
4|9|145|4|30|61|4S|W|11|CA
4|9|167|76|52|108|5S|W|11|CK
4|9|73|56|32|141|5S|E|11|HK
4|9|116|174|129|7|5S|E|11|HA
4|9|96|162|3|69|4S|E|11|HA
4|9|19|103|88|57|5S|E|11|HA
4|9|25|12|41|131|5S|W|11|CA
4|9|60|107|70|42|4HX|S|10|DA
5|1|117|76|64|108|2S|S|10|DQ
5|1|145|81|30|105|2S|S|10|CK
5|1|61|174|52|7|3C|E|8|CK
5|1|73|4|32|165|1N|E|6|SK
5|1|116|19|129|88|3C|E|9|SA
5|1|162|56|69|141|2S|S|10|CK
5|1|24|107|91|42|3C|W|9|S2
5|1|25|43|41|66|4S|S|10|CK
5|1|13|96|137|3|3S|S|10|CK
5|1|119|12|115|131|2S|S|10|CK
5|10|117|76|64|108|1N|S|5|H8
5|10|145|81|30|105|1N|S|5|HJ
5|10|61|174|52|7|1N|S|5|HT
5|10|73|4|32|165|2D|N|7|H2
5|10|116|19|129|88|2H|W|7|S2
5|10|162|56|69|141|1N|S|5|HJ
5|10|24|107|91|42|1N|S|9|C6
5|10|25|43|41|66|1N|S|4|HT
5|10|13|96|137|3|1N|S|5|HJ
5|10|119|12|115|131|1N|S|5|HJ
5|11|117|76|64|108|2H|W|8
5|11|145|81|30|105|2N|E|8|CK
5|11|61|174|52|7|3D|W|10|C4
5|11|73|4|32|165|2D|E|10|CK
5|11|116|19|129|88|2D|W|10|HJ
5|11|162|56|69|141|1H|E|8|CK
5|11|24|107|91|42|2H|E|8|CK
5|11|25|43|41|66|2D|W|10|CK
5|11|13|96|137|3|3D|W|10|D5
5|11|119|12|115|131|3D|W|10|C4
5|12|117|76|64|108|4H|W|9|DT
5|12|145|81|30|105|2H|E|8|C7
5|12|61|174|52|7|2H|W|8|DT
5|12|73|4|32|165|2D|E|9|S2
5|12|116|19|129|88|4H|W|10|DT
5|12|162|56|69|141|4H|E|9|D2
5|12|24|107|91|42|2H|W|9|CQ
5|12|25|43|41|66|2H|W|9|CQ
5|12|13|96|137|3|2H|E|9|DT
5|12|119|12|115|131|4H|W|9|DT
5|13|117|76|64|108|4H|N|11|DK
5|13|145|81|30|105|4H|N|9|S6
5|13|61|174|52|7|5H|S|10|DA
5|13|73|4|32|165|4H|N|10|S6
5|13|116|19|129|88|4H|N|10|D5
5|13|162|56|69|141|4H|S|10|DA
5|13|24|107|91|42|4H|S|10|DA
5|13|25|43|41|66|4H|N|10|D5
5|13|13|96|137|3|4H|N|11|DK
5|13|119|12|115|131|4H|N|9|S7
5|14|117|76|64|108|4S|S|9|DA
5|14|145|81|30|105|4S|S|9|DA
5|14|61|174|52|7|3S|S|10|DA
5|14|73|4|32|165|4S|S|10|DK
5|14|116|19|129|88|4S|S|9|DA
5|14|162|56|69|141|4S|S|10|DK
5|14|24|107|91|42|4S|S|10|DK
5|14|25|43|41|66|4S|S|10|DA
5|14|13|96|137|3|4S|S|10|DA
5|14|119|12|115|131|4S|S|10|DK
5|15|117|76|64|108|4H|S|9|CJ
5|15|145|81|30|105|4S|N|9|D8
5|15|61|174|52|7|3N|N|7|H8
5|15|73|4|32|165|3N|S|7|DT
5|15|116|19|129|88|3N|S|7|D5
5|15|162|56|69|141|4H|N|9|H9
5|15|24|107|91|42|3N|S|4|D6
5|15|25|43|41|66|3N|S|5|D8
5|15|13|96|137|3|4S|N|7|H8
5|15|119|12|115|131|4H|S|10|DT
5|16|117|76|64|108|4S|E|11|HJ
5|16|145|81|30|105|5CX|S|9|SA
5|16|61|174|52|7|4S|E|11|HA
5|16|73|4|32|165|2H|N|6|H5
5|16|116|19|129|88|4S|E|9|C3
5|16|162|56|69|141|1H|N|7|SA
5|16|24|107|91|42|4S|W|9|S4
5|16|25|43|41|66|3HX|N|7|SA
5|16|13|96|137|3|4S|W|10|C2
5|16|119|12|115|131|1H|N|7|C9
5|17|117|145|64|30|6H|W|12|CK
5|17|76|172|108|18|6H|W|10|CK
5|17|167|174|52|7|3N|W|11|CK
5|17|179|4|112|61|6H|W|11|CK
5|17|116|162|129|69|5H|W|10|CK
5|17|19|56|88|141|4H|W|11|CK
5|17|24|25|91|41|4H|W|10|CK
5|17|107|49|42|74|4H|W|11|CK
5|17|60|103|70|57|4H|W|11|CQ
5|17|119|13|115|137|3N|W|11|CK
5|18|117|145|64|30|2H|W|12|HK
5|18|76|172|108|18|2N|E|8|CQ
5|18|167|174|52|7|4H|W|10|C2
5|18|179|4|112|61|4H|W|10|C9
5|18|116|162|129|69|2H|W|11|C2
5|18|19|56|88|141|4H|W|10|C2
5|18|24|25|91|41|4H|W|8|C2
5|18|107|49|42|74|4H|W|12|C9
5|18|60|103|70|57|2H|W|9|C5
5|18|119|13|115|137|4H|W|11|DA
5|19|117|145|64|30|3S|W|8|CK
5|19|76|172|108|18|3C|S|9|DT
5|19|167|174|52|7|4D|S|9|SA
5|19|179|4|112|61|3N|S|6|S6
5|19|116|162|129|69|5D|S|11|C6
5|19|19|56|88|141|3N|S|6|S6
5|19|24|25|91|41|3N|S|9|H7
5|19|107|49|42|74|4H|S|7|SA
5|19|60|103|70|57|3D|S|10|C6
5|19|119|13|115|137|3N|S|8|H7
5|2|117|76|64|108|3S|S|9|H3
5|2|145|81|30|105|1N|N|8|HQ
5|2|61|174|52|7|3D|N|9|DT
5|2|73|4|32|165|3N|S|9|H9
5|2|116|19|129|88|3N|N|9|HQ
5|2|162|56|69|141|3N|N|9|HQ
5|2|24|107|91|42|3N|N|9|HQ
5|2|25|43|41|66|2S|S|9|DT
5|2|13|96|137|3|3N|N|9|HQ
5|2|119|12|115|131|3N|N|9|HQ
5|20|117|145|64|30|2H|W|8|CJ
5|20|76|172|108|18|2H|W|9|H6
5|20|167|174|52|7|4H|W|8|S5
5|20|179|4|112|61|2H|W|8|ST
5|20|116|162|129|69|2H|W|7|CJ
5|20|19|56|88|141|2H|W|8|CJ
5|20|24|25|91|41|4H|W|9|D3
5|20|107|49|42|74|2H|W|8|D3
5|20|60|103|70|57|4H|W|9|D3
5|20|119|13|115|137|4H|W|8|CJ
5|21|117|145|64|30|4S|N|12|DQ
5|21|76|172|108|18|4S|N|12|DQ
5|21|167|174|52|7|4S|N|12|H7
5|21|179|4|112|61|4S|S|11|H3
5|21|19|56|88|141|4S|S|11|H3
5|21|107|49|42|74|4S|S|12|H3
5|21|60|103|70|57|4S|S|12|H3
5|21|119|13|115|137|4S|S|12|H3
5|22|117|145|64|30|4S|N|8|HA
5|22|76|172|108|18|2S|N|7|HA
5|22|167|174|52|7|4SX|N|8|HA
5|22|179|4|112|61|4S|N|8|HK
5|22|19|56|88|141|3S|N|7|D7
5|22|107|49|42|74|4S|N|8|D7
5|22|60|103|70|57|4S|N|8|HA
5|22|119|13|115|137|3S|N|8|HA
5|23|117|145|64|30|3C|W|11|S3
5|23|76|172|108|18|3C|W|10|H3
5|23|167|174|52|7|2S|N|6|HA
5|23|179|4|112|61|5C|W|10|H4
5|23|116|162|129|69|3N|W|7|S5
5|23|19|56|88|141|3N|W|7|S3
5|23|24|25|91|41|3C|W|10|C3
5|23|107|49|42|74|3H|E|7|D8
5|23|60|103|70|57|2N|W|8|S5
5|23|119|13|115|137|2H|E|8|D8
5|24|117|145|64|30|1N|N|9|C5
5|24|76|172|108|18|3S|N|8|C2
5|24|167|174|52|7|3S|N|10|DK
5|24|179|4|112|61|4S|N|10|DK
5|24|116|162|129|69|3S|N|9|C5
5|24|19|56|88|141|1N|N|10|C5
5|24|24|25|91|41|3S|N|10|DK
5|24|107|49|42|74|3S|N|9|DK
5|24|60|103|70|57|3S|N|10|DK
5|24|119|13|115|137|3S|N|9|DK
5|25|117|145|64|30|2D|N|11|HK
5|25|76|172|108|18|2H|E|6|D4
5|25|167|174|52|7|4D|N|10|HA
5|25|179|4|112|61|2D|N|10|HA
5|25|116|162|129|69|3D|N|10|HK
5|25|19|56|88|141|3H|E|4|D4
5|25|24|25|91|41|3D|N|11|HA
5|25|107|49|42|74|2D|N|9|HA
5|25|60|103|70|57|3D|N|10|HA
5|25|119|13|115|137|3H|E|4|D4
5|26|117|145|64|30|4HX|S|9|H8
5|26|76|172|108|18|3D|N|9|C5
5|26|167|174|52|7|3D|S|9|SK
5|26|179|4|112|61|2H|S|9|SK
5|26|116|162|129|69|2H|S|8|SK
5|26|19|56|88|141|3H|S|9|C2
5|26|24|25|91|41|4H|S|9|SK
5|26|107|49|42|74|3C|E|9|HK
5|26|60|103|70|57|2H|S|9|SK
5|26|119|13|115|137|3H|S|8|C2
5|27|117|145|64|30|5C|N|11|SA
5|27|76|172|108|18|6C|N|11|SA
5|27|167|174|52|7|5CX|N|11|SA
5|27|179|4|112|61|6C|N|11|SA
5|27|116|162|129|69|6CX|N|11|SA
5|27|19|56|88|141|5C|N|13|D2
5|27|24|25|91|41|5C|N|11|SA
5|27|107|49|42|74|6C|N|11|HA
5|27|60|103|70|57|5C|S|13|D9
5|27|119|13|115|137|5C|S|13|D9
5|28|117|145|64|30|3N|N|7|H5
5|28|76|172|108|18|4H|W|7|S3
5|28|167|174|52|7|3C|N|10|S7
5|28|179|4|112|61|3N|N|8|H2
5|28|116|162|129|69|3N|N|7|H2
5|28|19|56|88|141|3N|N|10|D4
5|28|24|25|91|41|3N|N|7|H5
5|28|107|49|42|74|4S|S|8|CK
5|28|60|103|70|57|3C|N|10|H3
5|28|119|13|115|137|4S|N|10|H5
5|29|117|145|64|30|4SX|W|7|DQ
5|29|76|172|108|18|3CX|S|7|HK
5|29|167|174|52|7|3N|E|9|DT
5|29|179|4|112|61|3N|E|9|CT
5|29|116|162|129|69|3CX|S|6|HK
5|29|19|56|88|141|3CX|S|7|HK
5|29|24|25|91|41|2C|S|7|HK
5|29|107|49|42|74|2DX|N|8|H7
5|29|60|103|70|57|3N|E|6|CT
5|29|119|13|115|137|3N|E|8|CT
5|3|117|76|64|108|5H|S|11|S5
5|3|145|81|30|105|5H|S|12|DQ
5|3|61|174|52|7|4H|S|11|S5
5|3|73|4|32|165|4H|S|12|DQ
5|3|116|19|129|88|4H|N|12|DT
5|3|162|56|69|141|4H|S|12|DQ
5|3|24|107|91|42|4H|N|12|H4
5|3|25|43|41|66|4H|N|12|D5
5|3|13|96|137|3|4H|N|12|C5
5|3|119|12|115|131|4H|S|12|DQ
5|30|117|145|64|30|3N|E|12|DT
5|30|76|172|108|18|5C|E|12|D3
5|30|167|174|52|7|6DX|S|9|CA
5|30|179|4|112|61|5C|W|12|D3
5|30|116|162|129|69|5C|W|11|CQ
5|30|19|56|88|141|5C|W|12|D5
5|30|24|25|91|41|5C|W|12|D5
5|30|107|49|42|74|5C|W|11|D5
5|30|60|103|70|57|5C|W|11|D5
5|30|119|13|115|137|5C|W|12|D5
5|31|117|145|64|30|2S|E|9|CJ
5|31|76|172|108|18|4S|E|8|S7
5|31|167|174|52|7|4S|E|8|S3
5|31|179|4|112|61|4S|E|8|S7
5|31|116|162|129|69|4S|E|9|D4
5|31|19|56|88|141|4S|E|8|S3
5|31|24|25|91|41|4S|E|8|S7
5|31|107|49|42|74|2S|E|9|CT
5|31|60|103|70|57|3S|E|9|S7
5|31|119|13|115|137|4S|E|9|H6
5|32|117|145|64|30|4HX|N|9|SJ
5|32|76|172|108|18|5HX|N|9|SJ
5|32|167|174|52|7|3H|N|9|D4
5|32|179|4|112|61|3S|E|8|H3
5|32|116|162|129|69|5HX|N|9|D4
5|32|19|56|88|141|3S|E|9|H4
5|32|24|25|91|41|3S|E|8|H4
5|32|107|49|42|74|3S|E|8|DJ
5|32|60|103|70|57|4H|S|9|SA
5|32|119|13|115|137|4S|E|8|H4
5|4|117|76|64|108|6N|E|10|S2
5|4|145|81|30|105|3N|E|10|C2
5|4|61|174|52|7|3N|E|10|H9
5|4|73|4|32|165|3N|E|10|H5
5|4|116|19|129|88|3N|E|10|D9
5|4|162|56|69|141|3N|E|10|D9
5|4|24|107|91|42|3N|E|9|S2
5|4|25|43|41|66|3N|E|10|D9
5|4|13|96|137|3|6N|E|11|D5
5|4|119|12|115|131|3N|E|10|H5
5|5|117|76|64|108|6H|W|12|S6
5|5|145|81|30|105|4S|E|10|DQ
5|5|61|174|52|7|4S|E|11|H5
5|5|73|4|32|165|4S|E|9|DQ
5|5|116|19|129|88|6H|W|12|S9
5|5|162|56|69|141|5H|W|12|C9
5|5|24|107|91|42|3N|W|8|D3
5|5|25|43|41|66|4H|W|11|C5
5|5|13|96|137|3|5S|E|12|S2
5|5|119|12|115|131|6S|E|8|DQ
5|6|117|76|64|108|1N|E|9|SJ
5|6|145|81|30|105|2N|E|8|SJ
5|6|61|174|52|7|2N|E|8|SJ
5|6|73|4|32|165|1N|E|8|HK
5|6|116|19|129|88|1N|E|9|SJ
5|6|162|56|69|141|2N|E|8|SJ
5|6|24|107|91|42|2N|E|8|SJ
5|6|25|43|41|66|1N|E|8|HK
5|6|13|96|137|3|2N|E|8|SJ
5|6|119|12|115|131|2N|E|8|SJ
5|7|117|76|64|108|3N|N|9|HT
5|7|145|81|30|105|4S|N|9|S3
5|7|61|174|52|7|3N|S|9|H9
5|7|73|4|32|165|3N|N|9|S4
5|7|116|19|129|88|3N|N|8|HJ
5|7|162|56|69|141|3N|N|7|HJ
5|7|24|107|91|42|3N|S|9|H2
5|7|25|43|41|66|3N|S|9|S5
5|7|13|96|137|3|3N|N|10|S3
5|7|119|12|115|131|1D|W|5|SA
5|8|117|76|64|108|3N|N|8|D2
5|8|145|81|30|105|4H|N|9|D3
5|8|61|174|52|7|6C|S|11|DA
5|8|73|4|32|165|5C|S|11|DA
5|8|116|19|129|88|3N|N|10|D3
5|8|162|56|69|141|4H|N|10|D3
5|8|24|107|91|42|5C|S|10|C5
5|8|25|43|41|66|3N|N|8|D6
5|8|13|96|137|3|3H|N|9|D3
5|8|119|12|115|131|2H|N|10|H4
5|9|117|76|64|108|4H|E|11|C2
5|9|145|81|30|105|4S|W|11|DQ
5|9|61|174|52|7|4H|E|12|D4
5|9|73|4|32|165|4H|E|12|D8
5|9|116|19|129|88|4H|E|12|D4
5|9|162|56|69|141|6H|E|12|S3
5|9|24|107|91|42|4H|E|12|D4
5|9|25|43|41|66|6H|E|12|D6
5|9|13|96|137|3|4H|E|11|D4
5|9|119|12|115|131|4H|E|12|S2
6|1|179|81|112|105|3N|E|9|D6
6|1|172|73|18|32|4S|W|10|DT
6|1|19|4|88|61|3N|E|9|D3
6|1|167|162|52|69|3N|E|10|D6
6|1|103|56|57|141|3N|E|9|H8
6|1|116|96|129|3|3N|E|9|D6
6|1|107|76|42|108|3N|E|9|H8
6|1|145|25|30|41|3N|W|9|S3
6|1|60|24|70|91|3N|E|10|D6
6|1|43|12|66|131|4S|W|10|DT
6|10|179|81|112|105|4N|N|10|H4
6|10|172|73|18|32|3N|S|10|D7
6|10|19|4|88|61|3N|S|9
6|10|167|162|52|69|3N|S|10|D7
6|10|103|56|57|141|4S|S|10|D6
6|10|116|96|129|3|3N|S|9|D7
6|10|107|76|42|108|3N|S|9|D8
6|10|145|25|30|41|6N|S|11|H4
6|10|60|24|70|91|3N|S|10|S5
6|10|43|12|66|131|3N|S|10|D7
6|11|179|81|112|105|3H|E|9|S9
6|11|172|73|18|32|4C|S|12|H5
6|11|19|4|88|61|5C|S|11|H3
6|11|167|162|52|69|4S|N|10|CJ
6|11|103|56|57|141|3H|E|10|S9
6|11|116|96|129|3|4C|S|10|CT
6|11|107|76|42|108|3H|E|9|S9
6|11|145|25|30|41|5C|N|12|H2
6|11|60|24|70|91|5C|S|11|H3
6|11|43|12|66|131|5C|S|11|HT
6|12|179|81|112|105|4S|N|8|D6
6|12|172|73|18|32|1N|S|8|C3
6|12|19|4|88|61|4S|N|9|D6
6|12|167|162|52|69|3S|N|9|D7
6|12|103|56|57|141|4S|N|9|S4
6|12|116|96|129|3|3S|N|9|D7
6|12|107|76|42|108|4S|N|9|D6
6|12|145|25|30|41|4S|N|9|D2
6|12|60|24|70|91|4S|N|9|D6
6|12|43|12|66|131|4S|N|9|D7
6|13|179|81|112|105|6C|W|12|HK
6|13|172|73|18|32|6C|W|11|HK
6|13|19|4|88|61|4S|E|12|D2
6|13|167|162|52|69|6S|E|12|S2
6|13|103|56|57|141|4S|E|12|C4
6|13|116|96|129|3|6C|W|11|HK
6|13|107|76|42|108|4S|E|12|H4
6|13|145|25|30|41|4S|E|12|H3
6|13|60|24|70|91|6C|W|12|HK
6|13|43|12|66|131|4S|E|12|HT
6|14|179|81|112|105|2HX|S|5|H2
6|14|172|73|18|32|2CX|S|4|SJ
6|14|19|4|88|61|1N|E|8|D2
6|14|167|162|52|69|1NX|S|5|S2
6|14|103|56|57|141|2HX|S|6|S6
6|14|116|96|129|3|2DX|N|6|H4
6|14|107|76|42|108|1NX|S|6|SJ
6|14|145|25|30|41|2C|E|8|HK
6|14|60|24|70|91|2HX|N|6|H5
6|14|43|12|66|131|1HX|N|6|DA
6|15|179|81|112|105|3N|W|9|S3
6|15|172|73|18|32|3N|E|9|H4
6|15|19|4|88|61|3N|W|9|S7
6|15|167|162|52|69|3N|W|9|S3
6|15|103|56|57|141|3N|W|9|S3
6|15|116|96|129|3|2N|W|9|S2
6|15|107|76|42|108|3N|W|9|S3
6|15|145|25|30|41|3N|E|9|S3
6|15|60|24|70|91|3N|W|9|S3
6|15|43|12|66|131|3N|W|9|S7
6|16|179|81|112|105|2S|W|8|H8
6|16|172|73|18|32|1N|W|6|D4
6|16|19|4|88|61|1N|N|6|CA
6|16|167|162|52|69|2D|N|7|S4
6|16|103|56|57|141|2N|E|7|D3
6|16|116|96|129|3|3C|E|8|HJ
6|16|107|76|42|108|2S|W|8|H8
6|16|145|25|30|41|1N|N|6|CK
6|16|60|24|70|91|3C|E|9|HT
6|16|43|12|66|131|3C|E|8|D5
6|17|174|117|7|64|4H|E|11|S4
6|17|81|179|105|112|4H|W|12|CQ
6|17|162|4|69|61|4H|W|12|CQ
6|17|167|19|52|88|4H|W|11|CQ
6|17|103|56|57|141|4H|W|11|CQ
6|17|116|119|129|115|4H|W|12|CQ
6|17|107|76|42|108|4H|W|11|CQ
6|17|145|25|30|41|4H|W|11|CQ
6|17|13|49|137|74|4H|W|11|CQ
6|17|43|12|66|131|4H|W|12|CQ
6|18|174|117|7|64|6D|S|12|CT
6|18|81|179|105|112|3N|N|12|HJ
6|18|162|4|69|61|3N|N|12|C6
6|18|167|19|52|88|6D|S|12|CT
6|18|103|56|57|141|3N|N|12|HJ
6|18|116|119|129|115|6D|S|12|CT
6|18|107|76|42|108|3CX|E|5|DK
6|18|145|25|30|41|6D|S|12|CT
6|18|13|49|137|74|6D|S|12|CT
6|18|43|12|66|131|3CX|E|5|DA
6|19|174|117|7|64|2D|W|6|SA
6|19|81|179|105|112|3D|E|6|S6
6|19|162|4|69|61|1N|N|6|DT
6|19|167|19|52|88|1N|N|7|DJ
6|19|103|56|57|141|2N|S|5|C2
6|19|116|119|129|115|2N|S|8|H3
6|19|107|76|42|108|2S|N|6|CQ
6|19|145|25|30|41|1N|N|6|H3
6|19|13|49|137|74|2C|N|8|H7
6|19|43|12|66|131|3C|N|9|S5
6|2|179|81|112|105|3N|E|9|DJ
6|2|172|73|18|32|1HX|W|7|D3
6|2|19|4|88|61|2S|W|8|D3
6|2|167|162|52|69|2S|E|7|H9
6|2|103|56|57|141|3HX|N|7|CA
6|2|116|96|129|3|3C|E|10|H9
6|2|107|76|42|108|3HX|W|6|D2
6|2|145|25|30|41|4S|W|7|D2
6|2|60|24|70|91|3C|E|9|C3
6|2|43|12|66|131|1H|N|6|CA
6|20|174|117|7|64|1N|S|8|H3
6|20|81|179|105|112|1S|E|9|S2
6|20|162|4|69|61|1C|S|8|C9
6|20|167|19|52|88|2H|W|7|C5
6|20|103|56|57|141|1N|E|6|CQ
6|20|116|119|129|115|1N|S|8|H3
6|20|107|76|42|108|2C|S|9|D4
6|20|145|25|30|41|1N|S|8|H3
6|20|13|49|137|74|1C|S|7|H2
6|20|43|12|66|131|1N|S|8|H3
6|21|174|117|7|64|5DX|E|9|C2
6|21|81|179|105|112|3H|S|8|D2
6|21|162|4|69|61|3D|E|10|C2
6|21|167|19|52|88|5DX|E|9|C4
6|21|103|56|57|141|3H|S|8|D5
6|21|116|119|129|115|4H|S|8|D5
6|21|107|76|42|108|3D|E|10|C4
6|21|145|25|30|41|3D|E|9|C7
6|21|13|49|137|74|3H|S|7|D5
6|21|43|12|66|131|5D|E|10
6|22|174|117|7|64|4S|E|8|H5
6|22|81|179|105|112|4S|E|8|S2
6|22|162|4|69|61|4S|E|8|C6
6|22|167|19|52|88|4S|E|9|S2
6|22|103|56|57|141|4S|E|8|C8
6|22|116|119|129|115|4S|E|8|H5
6|22|107|76|42|108|4S|E|7|H5
6|22|145|25|30|41|5S|E|7|H5
6|22|13|49|137|74|5HX|N|8|SA
6|22|43|12|66|131|4S|E|9|S2
6|23|174|117|7|64|6N|W|11|ST
6|23|81|179|105|112|6N|E|11|D8
6|23|162|4|69|61|6N|W|11|D9
6|23|167|19|52|88|6N|W|12|S4
6|23|103|56|57|141|5N|W|11|ST
6|23|116|119|129|115|6N|W|11|S4
6|23|107|76|42|108|6N|E|11|H5
6|23|145|25|30|41|6N|W|11|S5
6|23|13|49|137|74|6N|W|12|CJ
6|23|43|12|66|131|6N|W|11|ST
6|24|174|117|7|64|2H|N|11|S2
6|24|81|179|105|112|4H|S|12|SA
6|24|162|4|69|61|4H|S|12|SK
6|24|167|19|52|88|4H|N|11|H5
6|24|103|56|57|141|3H|N|11|S2
6|24|116|119|129|115|4H|N|11|H5
6|24|107|76|42|108|4H|N|11|S8
6|24|145|25|30|41|4H|N|11|S2
6|24|13|49|137|74|2SX|W|8|S5
6|24|43|12|66|131|3N|S|9|SK
6|25|174|117|7|64|2H|W|7|D5
6|25|81|179|105|112|4HX|W|7|S2
6|25|162|4|69|61|3C|S|9|S5
6|25|167|19|52|88|3D|S|9|HA
6|25|103|56|57|141|3C|S|9|HA
6|25|116|119|129|115|2S|S|8|HA
6|25|107|76|42|108|2H|W|8|D2
6|25|145|25|30|41|3H|E|8|HJ
6|25|13|49|137|74|2S|S|6|HA
6|25|43|12|66|131|3N|N|9|H4
6|26|174|117|7|64|5HX|N|11|DT
6|26|81|179|105|112|5H|N|10|S9
6|26|162|4|69|61|4H|S|10|SA
6|26|167|19|52|88|4SX|W|9|HK
6|26|103|56|57|141|5SX|W|9|CK
6|26|116|119|129|115|5H|N|11|DT
6|26|107|76|42|108|4H|N|10|ST
6|26|145|25|30|41|5H|N|10|ST
6|26|13|49|137|74|4H|N|11|C3
6|26|43|12|66|131|4H|S|10|SA
6|27|174|117|7|64|2C|N|6|C2
6|27|81|179|105|112|2D|W|7|CA
6|27|162|4|69|61|2H|E|7|CQ
6|27|167|19|52|88|2H|E|7|CQ
6|27|103|56|57|141|1N|W|8|CA
6|27|116|119|129|115|1N|W|7|CK
6|27|107|76|42|108|2H|E|7|CQ
6|27|145|25|30|41|3H|E|8|CQ
6|27|13|49|137|74|2D|W|6|CK
6|27|43|12|66|131|2C|N|6|C5
6|28|174|117|7|64|3S|W|9|D8
6|28|81|179|105|112|3N|S|5|S5
6|28|162|4|69|61|4S|W|8|D8
6|28|167|19|52|88|2S|W|8|HT
6|28|103|56|57|141|3S|W|8|D7
6|28|116|119|129|115|2S|W|9|D7
6|28|107|76|42|108|2S|W|10|C3
6|28|145|25|30|41|2S|W|8|D7
6|28|13|49|137|74|2S|W|8|C2
6|28|43|12|66|131|2S|W|8|HT
6|29|174|117|7|64|4H|S|10|S6
6|29|81|179|105|112|4H|S|10|S8
6|29|162|4|69|61|4H|S|9|D5
6|29|167|19|52|88|4H|N|11|D3
6|29|103|56|57|141|4H|S|9|S6
6|29|116|119|129|115|4H|N|10|C6
6|29|107|76|42|108|4H|S|10|H2
6|29|145|25|30|41|6H|S|9|S3
6|29|13|49|137|74|4H|S|12|S6
6|29|43|12|66|131|3N|N|10|C7
6|3|179|81|112|105|4S|W|10|HJ
6|3|172|73|18|32|4HX|S|10|DK
6|3|19|4|88|61|4S|W|10|HJ
6|3|167|162|52|69|6S|W|10|HJ
6|3|103|56|57|141|5HX|S|10|DK
6|3|116|96|129|3|3S|W|10|HJ
6|3|107|76|42|108|5S|W|10|HJ
6|3|145|25|30|41|5HX|S|10|DA
6|3|60|24|70|91|4H|S|9|DA
6|3|43|12|66|131|4S|W|10|HJ
6|30|174|117|7|64|6D|N|10|HK
6|30|81|179|105|112|4S|S|10|H7
6|30|162|4|69|61|6D|N|11|HK
6|30|167|19|52|88|5D|N|11|HK
6|30|103|56|57|141|4S|S|10|CQ
6|30|116|119|129|115|5D|N|10|HK
6|30|107|76|42|108|5HX|E|5|SA
6|30|145|25|30|41|4S|S|10|H7
6|30|13|49|137|74|4S|S|12|CQ
6|30|43|12|66|131|5S|S|12|CQ
6|31|174|117|7|64|4H|W|10|DQ
6|31|81|179|105|112|4H|E|10|D3
6|31|162|4|69|61|3N|E|7|ST
6|31|167|19|52|88|4H|W|10|DQ
6|31|103|56|57|141|4H|W|10|DQ
6|31|116|119|129|115|4H|W|10|DQ
6|31|107|76|42|108|4H|W|9|DQ
6|31|145|25|30|41|4H|E|11|D3
6|31|13|49|137|74|4H|W|10|DQ
6|31|43|12|66|131|4H|E|10|ST
6|32|174|117|7|64|3N|S|9|D7
6|32|81|179|105|112|3N|N|7|SJ
6|32|162|4|69|61|1DX|S|8|D6
6|32|167|19|52|88|3N|N|9|DQ
6|32|103|56|57|141|3N|S|9|SJ
6|32|116|119|129|115|3N|S|10|HK
6|32|107|76|42|108|3N|N|9|DQ
6|32|145|25|30|41|3N|S|8|SJ
6|32|13|49|137|74|3N|S|7|SJ
6|32|43|12|66|131|3N|N|9|DK
6|4|179|81|112|105|6S|S|12|HK
6|4|172|73|18|32|4S|N|12|HK
6|4|19|4|88|61|6S|S|12|CQ
6|4|167|162|52|69|4S|S|12|HK
6|4|103|56|57|141|4S|S|10|DK
6|4|116|96|129|3|6S|S|12|ST
6|4|107|76|42|108|6S|S|12|CQ
6|4|145|25|30|41|6S|S|13|S8
6|4|60|24|70|91|6S|S|13|HQ
6|4|43|12|66|131|6S|N|12|C6
6|5|179|81|112|105|5C|W|11|HA
6|5|172|73|18|32|5C|W|11|SA
6|5|19|4|88|61|3N|E|9|CT
6|5|167|162|52|69|3N|W|9|H9
6|5|103|56|57|141|3N|W|9|HT
6|5|116|96|129|3|5C|W|11|HA
6|5|107|76|42|108|3N|E|9|S6
6|5|145|25|30|41|3N|W|9|HT
6|5|60|24|70|91|3N|W|9|HT
6|5|43|12|66|131|5C|W|11|SA
6|6|179|81|112|105|2N|S|8|H6
6|6|172|73|18|32|3N|S|10|D5
6|6|19|4|88|61|2N|S|8|H6
6|6|167|162|52|69|2N|S|8|H6
6|6|103|56|57|141|2N|S|7|S3
6|6|116|96|129|3|1N|S|8|H6
6|6|107|76|42|108|1N|S|8|H6
6|6|145|25|30|41|1N|S|8|H2
6|6|60|24|70|91|1N|S|9|H6
6|6|43|12|66|131|3N|S|8|H6
6|7|179|81|112|105|1N|S|6|C5
6|7|172|73|18|32|3D|N|7|C9
6|7|19|4|88|61|2D|N|9|DJ
6|7|167|162|52|69|2D|N|9|SA
6|7|103|56|57|141|2D|N|6|C7
6|7|116|96|129|3|2D|N|7|C9
6|7|107|76|42|108|2D|N|8|DT
6|7|145|25|30|41|1N|N|9|S3
6|7|60|24|70|91|2H|N|8|DJ
6|7|43|12|66|131|1N|S|6|C5
6|8|179|81|112|105|3D|N|10|CK
6|8|172|73|18|32|3D|N|11|CK
6|8|19|4|88|61|3D|N|11|CK
6|8|167|162|52|69|3CX|W|8|DK
6|8|103|56|57|141|3D|N|11|CK
6|8|116|96|129|3|5D|N|11|CK
6|8|107|76|42|108|3D|N|11|CK
6|8|145|25|30|41|3D|S|10|SJ
6|8|60|24|70|91|3N|N|7|CK
6|8|43|12|66|131|3D|N|10|CK
6|9|179|81|112|105|3H|W|10|D3
6|9|172|73|18|32|3H|W|10|C8
6|9|19|4|88|61|P||0
6|9|167|162|52|69|4H|W|9|D3
6|9|103|56|57|141|2H|W|10|S2
6|9|116|96|129|3|3H|W|9|D3
6|9|107|76|42|108|3C|S|5|C9
6|9|145|25|30|41|4HX|W|10|D2
6|9|60|24|70|91|4H|W|10|D3
6|9|43|12|66|131|2S|N|6|H2
7|1|172|164|18|5|3H|N|10
7|1|162|81|69|105|3H|N|9
7|1|165|56|85|141|4H|N|10
7|1|116|167|129|52|2H|N|10
7|1|179|156|112|175|4H|N|10
7|1|25|174|41|7|5H|N|11
7|1|145|60|30|70|5H|N|11
7|1|160|76|82|108|5H|N|9
7|1|24|78|91|57|3H|N|9
7|1|119|43|115|66|4S|E|9
7|10|172|164|18|5|1N|W|6
7|10|162|81|69|105|1N|W|4
7|10|165|56|85|141|2D|W|6
7|10|116|167|129|52|1N|E|4
7|10|179|156|112|175|1N|E|5
7|10|25|174|41|7|1N|E|6
7|10|145|60|30|70|1N|W|5
7|10|160|76|82|108|1N|W|4
7|10|24|78|91|57|3N|S|9
7|10|119|43|115|66|3D|E|6
7|11|172|164|18|5|6S|W|11
7|11|162|81|69|105|6S|W|11
7|11|165|56|85|141|4S|W|11
7|11|116|167|129|52|4S|W|11
7|11|179|156|112|175|6S|E|11
7|11|25|174|41|7|4S|W|11
7|11|145|60|30|70|4S|W|10
7|11|160|76|82|108|6S|W|12
7|11|24|78|91|57|6S|W|11
7|11|119|43|115|66|4S|W|11
7|12|172|164|18|5|5C|N|10
7|12|162|81|69|105|5C|N|10
7|12|165|56|85|141|5C|N|10
7|12|116|167|129|52|5D|S|11
7|12|179|156|112|175|3H|E|9
7|12|25|174|41|7|3N|N|7
7|12|145|60|30|70|5D|N|11
7|12|160|76|82|108|4H|E|10
7|12|24|78|91|57|3N|N|7
7|12|119|43|115|66|5D|S|11
7|13|172|164|18|5|2H|N|7
7|13|162|81|69|105|2H|N|7
7|13|165|56|85|141|4H|N|7
7|13|116|167|129|52|3H|N|7
7|13|179|156|112|175|3C|E|9
7|13|25|174|41|7|2H|N|6
7|13|145|60|30|70|4H|N|10
7|13|160|76|82|108|2H|N|7
7|13|24|78|91|57|4S|E|8
7|13|119|43|115|66|2H|N|8
7|14|172|164|18|5|3N|S|11
7|14|162|81|69|105|3N|S|10
7|14|165|56|85|141|3N|S|10
7|14|116|167|129|52|3N|S|9
7|14|179|156|112|175|3N|S|10
7|14|25|174|41|7|1N|E|7
7|14|145|60|30|70|4H|N|9
7|14|160|76|82|108|3N|S|11
7|14|24|78|91|57|3N|S|10
7|14|119|43|115|66|5C|S|11
7|15|172|164|18|5|2N|N|6
7|15|162|81|69|105|2H|W|7
7|15|165|56|85|141|3S|S|7
7|15|116|167|129|52|3C|N|8
7|15|179|156|112|175|3N|N|6
7|15|25|174|41|7|2S|S|7
7|15|145|60|30|70|3C|N|8
7|15|160|76|82|108|1S|E|7
7|15|24|78|91|57|2S|S|7
7|15|119|43|115|66|2S|S|7
7|16|172|164|18|5|3N|W|8
7|16|162|81|69|105|3N|W|7
7|16|165|56|85|141|3N|E|9
7|16|116|167|129|52|3N|E|9
7|16|179|156|112|175|3D|E|10
7|16|25|174|41|7|3N|W|7
7|16|145|60|30|70|3N|W|9
7|16|160|76|82|108|3N|E|8
7|16|24|78|91|57|3N|W|9
7|16|119|43|115|66|3N|W|8
7|17|172|162|18|69|1N|E|8
7|17|164|117|5|64|3N|W|8
7|17|165|56|85|141|2S|N|6
7|17|116|167|129|52|2D|E|8
7|17|179|156|112|175|3N|E|8
7|17|25|73|41|32|3N|E|7
7|17|145|12|30|131|1N|W|9
7|17|60|76|70|108|1N|N|5
7|17|24|78|91|57|2D|E|8
7|17|103|49|115|74|3N|W|8
7|18|172|162|18|69|3N|N|7
7|18|164|117|5|64|1N|N|8
7|18|165|56|85|141|2H|N|10
7|18|116|167|129|52|2H|N|9
7|18|179|156|112|175|2S|S|9
7|18|25|73|41|32|3C|E|7
7|18|145|12|30|131|1N|N|7
7|18|60|76|70|108|1N|N|7
7|18|24|78|91|57|2N|N|7
7|18|103|49|115|74|1N|N|8
7|19|172|162|18|69|2S|E|6
7|19|164|117|5|64|2H|S|8
7|19|165|56|85|141|2H|S|9
7|19|116|167|129|52|2H|S|8
7|19|179|156|112|175|2S|E|6
7|19|25|73|41|32|3D|W|7
7|19|145|12|30|131|3H|S|8
7|19|60|76|70|108|2H|S|9
7|19|24|78|91|57|3D|W|8
7|19|103|49|115|74|1N|W|6
7|2|172|164|18|5|2H|W|9
7|2|162|81|69|105|2N|S|5
7|2|165|56|85|141|2N|S|5
7|2|116|167|129|52|2H|W|10
7|2|179|156|112|175|1N|S|7
7|2|25|174|41|7|3H|W|9
7|2|145|60|30|70|2H|W|9
7|2|160|76|82|108|2S|E|6
7|2|24|78|91|57|2H|W|8
7|2|119|43|115|66|2H|W|8
7|20|172|162|18|69|4S|W|9
7|20|164|117|5|64|4S|W|10
7|20|165|56|85|141|4S|W|9
7|20|116|167|129|52|4S|W|9
7|20|179|156|112|175|4S|W|9
7|20|25|73|41|32|4S|W|9
7|20|145|12|30|131|4S|W|10
7|20|60|76|70|108|4S|W|10
7|20|24|78|91|57|4S|W|10
7|20|103|49|115|74|4S|W|10
7|21|172|162|18|69|4S|S|10
7|21|164|117|5|64|3N|W|5
7|21|165|56|85|141|4C|W|11
7|21|116|167|129|52|5C|W|11
7|21|179|156|112|175|3N|W|6
7|21|25|73|41|32|5C|W|11
7|21|145|12|30|131|3H|E|11
7|21|60|76|70|108|4H|E|10
7|21|24|78|91|57|5C|W|11
7|21|103|49|115|74|3S|S|9
7|22|172|162|18|69|4S|W|11
7|22|164|117|5|64|4S|E|11
7|22|165|56|85|141|4S|W|12
7|22|116|167|129|52|6S|W|12
7|22|179|156|112|175|6S|W|12
7|22|25|73|41|32|4S|W|10
7|22|145|12|30|131|4S|W|11
7|22|60|76|70|108|4S|W|10
7|22|24|78|91|57|6S|W|12
7|22|103|49|115|74|3N|E|10
7|23|172|162|18|69|2H|W|9
7|23|164|117|5|64|2S|N|9
7|23|165|56|85|141|3S|N|9
7|23|116|167|129|52|2S|N|9
7|23|179|156|112|175|3H|W|9
7|23|25|73|41|32|3H|W|9
7|23|145|12|30|131|2S|N|9
7|23|60|76|70|108|3S|S|8
7|23|24|78|91|57|3H|W|9
7|23|103|49|115|74|2S|N|9
7|24|172|162|18|69|4H|S|11
7|24|164|117|5|64|4H|N|10
7|24|165|56|85|141|4H|N|10
7|24|116|167|129|52|4H|S|11
7|24|179|156|112|175|4H|S|11
7|24|25|73|41|32|4H|S|10
7|24|145|12|30|131|4N|S|10
7|24|60|76|70|108|4H|S|10
7|24|24|78|91|57|4H|S|10
7|24|103|49|115|74|4H|S|10
7|25|172|162|18|69|4H|S|12
7|25|164|117|5|64|7N|S|13
7|25|165|56|85|141|7H|S|12
7|25|116|167|129|52|6D|N|13
7|25|179|156|112|175|6H|S|12
7|25|25|73|41|32|4H|S|12
7|25|145|12|30|131|7N|N|13
7|25|60|76|70|108|6C|S|12
7|25|24|78|91|57|6N|S|13
7|25|103|49|115|74|7N|N|13
7|26|172|162|18|69|1N|E|6
7|26|164|117|5|64|1N|E|3
7|26|165|56|85|141|4S|N|8
7|26|116|167|129|52|1N|E|4
7|26|179|156|112|175|1N|N|7
7|26|25|73|41|32|1N|E|6
7|26|145|12|30|131|3S|N|10
7|26|60|76|70|108|1N|E|6
7|26|24|78|91|57|4S|N|10
7|26|103|49|115|74|2S|N|8
7|27|172|162|18|69|1N|S|6
7|27|164|117|5|64|1N|S|6
7|27|165|56|85|141|2H|N|6
7|27|116|167|129|52|1N|S|6
7|27|179|156|112|175|1N|W|8
7|27|25|73|41|32|1N|S|6
7|27|145|12|30|131|2H|S|5
7|27|60|76|70|108|2H|N|6
7|27|24|78|91|57|1N|E|7
7|27|103|49|115|74|1N|S|6
7|28|172|162|18|69|3N|S|9
7|28|164|117|5|64|3N|S|7
7|28|165|56|85|141|3N|N|8
7|28|116|167|129|52|3N|S|8
7|28|179|156|112|175|4D|S|10
7|28|25|73|41|32|3N|N|8
7|28|145|12|30|131|3N|S|8
7|28|60|76|70|108|3N|S|8
7|28|24|78|91|57|3N|S|9
7|28|103|49|115|74|3N|S|9
7|29|172|162|18|69|6D|S|12
7|29|164|117|5|64|4S|E|10
7|29|165|56|85|141|6H|N|12
7|29|116|167|129|52|6H|N|12
7|29|179|156|112|175|5D|S|12
7|29|25|73|41|32|4H|N|13
7|29|145|12|30|131|6H|N|13
7|29|60|76|70|108|5D|S|12
7|29|24|78|91|57|4H|N|12
7|29|103|49|115|74|4H|N|13
7|3|172|164|18|5|4S|S|11
7|3|162|81|69|105|4S|S|10
7|3|165|56|85|141|4S|S|10
7|3|116|167|129|52|4S|S|11
7|3|179|156|112|175|4S|N|11
7|3|25|174|41|7|4S|S|12
7|3|145|60|30|70|6C|W|12
7|3|160|76|82|108|4S|N|10
7|3|24|78|91|57|5S|S|11
7|3|119|43|115|66|5S|S|11
7|30|172|162|18|69|2S|W|5
7|30|164|117|5|64|2H|E|8
7|30|165|56|85|141|3H|E|9
7|30|116|167|129|52|4H|E|8
7|30|179|156|112|175|4H|E|10
7|30|25|73|41|32|3C|N|4
7|30|145|12|30|131|3H|E|8
7|30|60|76|70|108|4H|E|8
7|30|24|78|91|57|3N|E|9
7|30|103|49|115|74|2S|W|5
7|31|172|162|18|69|6H|E|12
7|31|164|117|5|64|6N|W|12
7|31|165|56|85|141|4H|E|12
7|31|116|167|129|52|4H|W|12
7|31|179|156|112|175|4H|E|12
7|31|25|73|41|32|3N|E|12
7|31|145|12|30|131|3N|E|12
7|31|60|76|70|108|4H|E|12
7|31|24|78|91|57|3N|W|10
7|31|103|49|115|74|4H|E|12
7|32|172|162|18|69|6C|E|10
7|32|164|117|5|64|6H|E|12
7|32|165|56|85|141|6H|E|12
7|32|116|167|129|52|6H|E|12
7|32|179|156|112|175|6H|E|12
7|32|25|73|41|32|3N|E|12
7|32|145|12|30|131|6H|E|12
7|32|60|76|70|108|7H|E|12
7|32|24|78|91|57|6H|E|12
7|32|103|49|115|74|6H|E|12
7|4|172|164|18|5|4H|S|11
7|4|162|81|69|105|4H|S|11
7|4|165|56|85|141|4H|S|11
7|4|116|167|129|52|4S|N|10
7|4|179|156|112|175|3N|S|11
7|4|25|174|41|7|4H|S|10
7|4|145|60|30|70|4H|S|11
7|4|160|76|82|108|4H|S|11
7|4|24|78|91|57|4H|S|11
7|4|119|43|115|66|4H|S|12
7|5|172|164|18|5|1N|N|7
7|5|162|81|69|105|1N|N|6
7|5|165|56|85|141|1N|N|7
7|5|116|167|129|52|1N|W|6
7|5|179|156|112|175|1N|W|6
7|5|25|174|41|7|1N|E|7
7|5|145|60|30|70|1N|E|8
7|5|160|76|82|108|1N|E|6
7|5|24|78|91|57|1N|N|7
7|5|119|43|115|66|2H|E|7
7|6|172|164|18|5|4S|E|11
7|6|162|81|69|105|4S|E|12
7|6|165|56|85|141|5S|E|11
7|6|116|167|129|52|4S|E|11
7|6|179|156|112|175|4S|E|11
7|6|25|174|41|7|6S|E|11
7|6|145|60|30|70|4S|E|11
7|6|160|76|82|108|4S|E|10
7|6|24|78|91|57|4H|W|11
7|6|119|43|115|66|5S|E|11
7|7|172|164|18|5|2S|S|7
7|7|162|81|69|105|2S|N|7
7|7|165|56|85|141|2S|N|7
7|7|116|167|129|52|2S|N|7
7|7|179|156|112|175|2S|N|7
7|7|25|174|41|7|3D|W|10
7|7|145|60|30|70|2S|N|7
7|7|160|76|82|108|2D|W|10
7|7|24|78|91|57|3D|W|10
7|7|119|43|115|66|3D|E|10
7|8|172|164|18|5|3H|S|8
7|8|162|81|69|105|4H|N|9
7|8|165|56|85|141|4H|S|9
7|8|116|167|129|52|2H|N|9
7|8|179|156|112|175|2H|N|7
7|8|25|174|41|7|3S|N|7
7|8|145|60|30|70|3H|S|9
7|8|160|76|82|108|3H|S|8
7|8|24|78|91|57|3C|N|8
7|8|119|43|115|66|3H|S|9
7|9|172|164|18|5|6S|S|13
7|9|162|81|69|105|4S|N|12
7|9|165|56|85|141|6H|S|12
7|9|116|167|129|52|4S|S|13
7|9|179|156|112|175|6H|S|12
7|9|25|174|41|7|4S|S|13
7|9|145|60|30|70|6S|N|12
7|9|160|76|82|108|6S|S|13
7|9|24|78|91|57|4S|S|13
7|9|119|43|115|66|4S|N|12
8|1|56|117|159|64|1N|N|7
8|1|81|116|105|129|1N|N|7
8|1|119|4|115|61|1N|S|9
8|1|165|103|85|78|1N|S|8
8|1|25|164|41|5|1N|E|5
8|1|162|156|69|175|1N|S|8
8|1|12|174|131|7|1N|W|5
8|1|73|60|32|70|1N|S|8
8|1|43|76|66|108|2N|S|8
8|1|145|49|30|74|2H|N|8
8|10|56|117|159|64|6D|N|11
8|10|81|116|105|129|6D|N|11
8|10|119|4|115|61|6D|N|10
8|10|165|103|85|78|6D|N|11
8|10|25|164|41|5|6D|N|10
8|10|162|156|69|175|3N|S|10
8|10|12|174|131|7|4S|S|11
8|10|73|60|32|70|6D|N|11
8|10|43|76|66|108|3N|N|12
8|10|145|49|30|74|6D|S|11
8|11|56|117|159|64|4H|N|12
8|11|81|116|105|129|4H|N|12
8|11|119|4|115|61|7C|E|13
8|11|165|103|85|78|6H|N|12
8|11|25|164|41|5|5D|N|12
8|11|162|156|69|175|4H|S|12
8|11|12|174|131|7|5S|E|11
8|11|73|60|32|70|5S|E|10
8|11|43|76|66|108|4H|S|12
8|11|145|49|30|74|6D|N|12
8|12|56|117|159|64|3N|W|8
8|12|81|116|105|129|1N|W|9
8|12|119|4|115|61|2H|N|8
8|12|165|103|85|78|3N|W|9
8|12|25|164|41|5|2N|W|9
8|12|162|156|69|175|1H|N|6
8|12|12|174|131|7|1N|W|8
8|12|73|60|32|70|1N|W|9
8|12|43|76|66|108|3D|W|10
8|12|145|49|30|74|2H|N|5
8|13|56|117|159|64|4H|N|10
8|13|81|116|105|129|4H|N|10
8|13|119|4|115|61|4H|N|10
8|13|165|103|85|78|4H|S|10
8|13|25|164|41|5|4H|S|10
8|13|162|156|69|175|4H|N|10
8|13|12|174|131|7|4H|N|10
8|13|73|60|32|70|4H|N|10
8|13|43|76|66|108|4H|N|10
8|13|145|49|30|74|4H|N|10
8|14|56|117|159|64|4S|E|10
8|14|81|116|105|129|3S|E|9
8|14|119|4|115|61|4H|S|8
8|14|165|103|85|78|4H|S|6
8|14|25|164|41|5|5D|N|10
8|14|162|156|69|175|4H|E|10
8|14|12|174|131|7|4S|E|10
8|14|73|60|32|70|5H|S|9
8|14|43|76|66|108|3N|N|8
8|14|145|49|30|74|5D|N|11
8|15|56|117|159|64|3N|W|7
8|15|81|116|105|129|3H|E|10
8|15|119|4|115|61|3H|E|10
8|15|165|103|85|78|3H|E|10
8|15|25|164|41|5|4H|E|9
8|15|162|156|69|175|4H|E|8
8|15|12|174|131|7|2H|E|10
8|15|73|60|32|70|4H|E|9
8|15|43|76|66|108|2H|E|10
8|15|145|49|30|74|3H|E|9
8|16|56|117|159|64|3N|E|9
8|16|81|116|105|129|3N|W|9
8|16|119|4|115|61|3N|E|11
8|16|165|103|85|78|3N|E|10
8|16|25|164|41|5|3N|E|10
8|16|162|156|69|175|4S|W|8
8|16|12|174|131|7|3N|E|9
8|16|73|60|32|70|3N|E|10
8|16|43|76|66|108|3N|E|10
8|16|145|49|30|74|3N|E|10
8|17|116|117|129|64|4S|E|13
8|17|172|56|18|141|4S|E|11
8|17|119|4|115|61|4H|W|12
8|17|167|103|52|57|4S|E|11
8|17|25|164|41|5|4H|W|13
8|17|162|156|69|175|4S|E|13
8|17|12|174|131|7|4S|E|12
8|17|179|60|112|70|5S|E|12
8|17|43|76|66|108|4S|E|12
8|17|145|24|30|91|4S|E|11
8|18|116|117|129|64|3N|E|11
8|18|172|56|18|141|3N|E|11
8|18|119|4|115|61|3N|E|12
8|18|167|103|52|57|3N|E|11
8|18|25|164|41|5|3N|E|12
8|18|162|156|69|175|3N|E|11
8|18|12|174|131|7|4N|W|11
8|18|179|60|112|70|3N|E|11
8|18|43|76|66|108|3N|W|11
8|18|145|24|30|91|3N|E|12
8|19|116|117|129|64|3N|N|9
8|19|172|56|18|141|4S|S|8
8|19|119|4|115|61|3N|N|10
8|19|167|103|52|57|3N|N|9
8|19|25|164|41|5|3N|N|10
8|19|162|156|69|175|3N|N|9
8|19|12|174|131|7|2N|N|9
8|19|179|60|112|70|3N|N|9
8|19|43|76|66|108|4S|S|9
8|19|145|24|30|91|1N|N|9
8|2|56|117|159|64|3N|E|11
8|2|81|116|105|129|3N|E|11
8|2|119|4|115|61|3N|W|9
8|2|165|103|85|78|3N|E|9
8|2|25|164|41|5|3N|E|11
8|2|162|156|69|175|3N|W|10
8|2|12|174|131|7|3N|W|10
8|2|73|60|32|70|3N|E|10
8|2|43|76|66|108|3N|E|11
8|2|145|49|30|74|3N|W|7
8|20|116|117|129|64|3D|S|9
8|20|172|56|18|141|3D|S|8
8|20|119|4|115|61|3D|S|9
8|20|167|103|52|57|2H|W|8
8|20|25|164|41|5|2D|S|8
8|20|162|156|69|175|2H|E|8
8|20|12|174|131|7|3D|S|10
8|20|179|60|112|70|2H|E|8
8|20|43|76|66|108|2H|E|8
8|20|145|24|30|91|2H|W|7
8|21|116|117|129|64|2S|E|10
8|21|172|56|18|141|4S|W|10
8|21|119|4|115|61|4S|W|10
8|21|167|103|52|57|4S|W|10
8|21|25|164|41|5|4S|E|10
8|21|162|156|69|175|2S|W|10
8|21|12|174|131|7|2S|W|10
8|21|179|60|112|70|3N|E|8
8|21|43|76|66|108|2N|E|7
8|21|145|24|30|91|4S|W|11
8|22|116|117|129|64|5H|E|12
8|22|172|56|18|141|5C|N|11
8|22|119|4|115|61|6H|E|12
8|22|167|103|52|57|5H|E|12
8|22|25|164|41|5|6H|E|12
8|22|162|156|69|175|6H|E|11
8|22|12|174|131|7|6H|E|12
8|22|179|60|112|70|6H|E|10
8|22|43|76|66|108|6H|E|10
8|22|145|24|30|91|5H|E|11
8|23|116|117|129|64|7S|W|11
8|23|172|56|18|141|4S|E|10
8|23|119|4|115|61|6S|E|12
8|23|167|103|52|57|5S|E|12
8|23|25|164|41|5|4S|E|10
8|23|162|156|69|175|4S|E|12
8|23|12|174|131|7|4S|E|11
8|23|179|60|112|70|4S|E|11
8|23|43|76|66|108|4S|W|11
8|23|145|24|30|91|4S|E|11
8|24|116|117|129|64|3N|S|9
8|24|172|56|18|141|5H|S|11
8|24|119|4|115|61|4H|S|10
8|24|167|103|52|57|4H|S|11
8|24|25|164|41|5|3N|S|10
8|24|162|156|69|175|4H|S|10
8|24|12|174|131|7|3N|S|10
8|24|179|60|112|70|5H|S|10
8|24|43|76|66|108|4H|S|9
8|24|145|24|30|91|3N|S|10
8|25|116|117|129|64|4H|E|7
8|25|172|56|18|141|3N|S|5
8|25|119|4|115|61|2S|S|5
8|25|167|103|52|57|3C|N|6
8|25|25|164|41|5|3N|W|7
8|25|162|156|69|175|3C|N|8
8|25|12|174|131|7|4S|W|10
8|25|179|60|112|70|2N|N|5
8|25|43|76|66|108|3H|W|10
8|25|145|24|30|91|3S|E|9
8|26|116|117|129|64|3N|N|11
8|26|172|56|18|141|4N|S|10
8|26|119|4|115|61|4S|N|11
8|26|167|103|52|57|3N|N|10
8|26|25|164|41|5|6N|S|10
8|26|162|156|69|175|4N|N|10
8|26|12|174|131|7|3N|N|10
8|26|179|60|112|70|6C|S|11
8|26|43|76|66|108|6C|S|10
8|26|145|24|30|91|4N|S|10
8|27|116|117|129|64|3N|W|11
8|27|172|56|18|141|4D|E|9
8|27|119|4|115|61|4H|E|10
8|27|167|103|52|57|3N|W|11
8|27|25|164|41|5|3N|W|11
8|27|162|156|69|175|3N|W|11
8|27|12|174|131|7|6N|W|10
8|27|179|60|112|70|4N|W|11
8|27|43|76|66|108|3N|E|10
8|27|145|24|30|91|3N|W|11
8|28|116|117|129|64|4H|S|11
8|28|172|56|18|141|3N|N|8
8|28|119|4|115|61|2H|S|12
8|28|167|103|52|57|4H|S|11
8|28|25|164|41|5|4S|N|11
8|28|162|156|69|175|3N|S|7
8|28|12|174|131|7|5S|N|11
8|28|179|60|112|70|3N|N|7
8|28|43|76|66|108|4H|S|11
8|28|145|24|30|91|2H|S|11
8|29|116|117|129|64|4S|N|10
8|29|172|56|18|141|6S|N|10
8|29|119|4|115|61|4S|N|10
8|29|167|103|52|57|4S|N|11
8|29|25|164|41|5|4S|N|10
8|29|162|156|69|175|4S|N|11
8|29|12|174|131|7|4S|N|10
8|29|179|60|112|70|5S|N|10
8|29|43|76|66|108|4S|N|11
8|29|145|24|30|91|4S|N|12
8|3|56|117|159|64|1N|E|6
8|3|81|116|105|129|1N|E|5
8|3|119|4|115|61|3H|N|8
8|3|165|103|85|78|4H|N|9
8|3|25|164|41|5|1N|E|7
8|3|162|156|69|175|1N|E|6
8|3|12|174|131|7|1N|E|7
8|3|73|60|32|70|3H|N|8
8|3|43|76|66|108|2C|E|8
8|3|145|49|30|74|3H|N|9
8|30|116|117|129|64|3N|N|9
8|30|172|56|18|141|3N|S|9
8|30|119|4|115|61|3N|S|11
8|30|167|103|52|57|3N|S|10
8|30|25|164|41|5|3N|S|10
8|30|162|156|69|175|3N|S|9
8|30|12|174|131|7|3N|S|11
8|30|179|60|112|70|3N|S|11
8|30|43|76|66|108|3N|S|11
8|30|145|24|30|91|3N|S|11
8|31|116|117|129|64|2N|N|8
8|31|172|56|18|141|3N|S|7
8|31|119|4|115|61|3S|W|7
8|31|167|103|52|57|3C|S|9
8|31|25|164|41|5|4H|N|7
8|31|162|156|69|175|3N|N|7
8|31|12|174|131|7|3S|W|9
8|31|179|60|112|70|3D|E|9
8|31|43|76|66|108|3C|N|9
8|31|145|24|30|91|3C|S|9
8|32|116|117|129|64|7S|E|13
8|32|172|56|18|141|6H|S|12
8|32|119|4|115|61|6S|E|13
8|32|167|103|52|57|6S|E|13
8|32|25|164|41|5|7H|S|13
8|32|162|156|69|175|6S|E|13
8|32|12|174|131|7|7S|E|13
8|32|179|60|112|70|7S|E|13
8|32|43|76|66|108|6S|W|13
8|32|145|24|30|91|7S|E|13
8|4|56|117|159|64|4H|N|10
8|4|81|116|105|129|4H|N|10
8|4|119|4|115|61|4H|N|10
8|4|165|103|85|78|4H|N|10
8|4|25|164|41|5|5H|N|10
8|4|162|156|69|175|4H|N|10
8|4|12|174|131|7|4H|N|10
8|4|73|60|32|70|6H|N|12
8|4|43|76|66|108|4H|N|10
8|4|145|49|30|74|4H|N|10
8|5|56|117|159|64|3N|N|12
8|5|81|116|105|129|3N|N|10
8|5|119|4|115|61|3N|N|12
8|5|165|103|85|78|3N|N|11
8|5|25|164|41|5|3N|N|12
8|5|162|156|69|175|3N|N|12
8|5|12|174|131|7|3N|N|12
8|5|73|60|32|70|3N|N|12
8|5|43|76|66|108|3N|N|12
8|5|145|49|30|74|3N|N|12
8|6|56|117|159|64|2N|E|8
8|6|81|116|105|129|3S|W|9
8|6|119|4|115|61|2H|S|6
8|6|165|103|85|78|1N|E|7
8|6|25|164|41|5|1N|E|8
8|6|162|156|69|175|1N|E|10
8|6|12|174|131|7|3S|W|8
8|6|73|60|32|70|1N|E|7
8|6|43|76|66|108|2S|N|5
8|6|145|49|30|74|3S|W|8
8|7|56|117|159|64|2H|N|8
8|7|81|116|105|129|3D|N|7
8|7|119|4|115|61|2H|N|7
8|7|165|103|85|78|2H|N|6
8|7|25|164|41|5|2H|N|6
8|7|162|156|69|175|3C|E|9
8|7|12|174|131|7|2H|N|6
8|7|73|60|32|70|2S|E|7
8|7|43|76|66|108|2H|N|6
8|7|145|49|30|74|2H|N|7
8|8|56|117|159|64|6N|E|12
8|8|81|116|105|129|3N|W|10
8|8|119|4|115|61|4N|W|10
8|8|165|103|85|78|3N|E|11
8|8|25|164|41|5|4N|E|10
8|8|162|156|69|175|3N|E|11
8|8|12|174|131|7|3N|W|10
8|8|73|60|32|70|6D|W|11
8|8|43|76|66|108|6D|W|11
8|8|145|49|30|74|5D|W|10
8|9|56|117|159|64|4D|S|10
8|9|81|116|105|129|4H|E|10
8|9|119|4|115|61|4D|S|10
8|9|165|103|85|78|3H|E|9
8|9|25|164|41|5|2N|S|5
8|9|162|156|69|175|3H|E|9
8|9|12|174|131|7|3H|E|9
8|9|73|60|32|70|4H|E|9
8|9|43|76|66|108|3H|E|9
8|9|145|49|30|74|5D|S|11
9|1|81|165|105|85|6S|N|11
9|1|167|172|52|18|6S|N|11
9|1|116|156|129|175|7S|N|13
9|1|25|56|41|141|6D|S|11
9|1|164|12|5|131|6S|N|11
9|1|160|162|82|69|4S|N|11
9|1|73|49|32|74|4S|N|11
9|1|43|179|66|112|6D|S|12
9|1|145|78|30|57|3N|S|9
9|1|103|76|115|108|6S|N|11
9|10|81|165|105|85|6C|E|9
9|10|167|172|52|18|5H|E|11
9|10|116|156|129|175|5H|E|10
9|10|25|56|41|141|4H|E|11
9|10|164|12|5|131|5H|E|11
9|10|160|162|82|69|4H|E|11
9|10|73|49|32|74|4H|E|11
9|10|43|179|66|112|4H|E|11
9|10|145|78|30|57|5H|E|10
9|10|103|76|115|108|5H|E|11
9|11|81|165|105|85|4S|E|11
9|11|167|172|52|18|4S|W|12
9|11|116|156|129|175|5S|W|11
9|11|25|56|41|141|4S|W|11
9|11|164|12|5|131|4S|W|11
9|11|160|162|82|69|4S|W|11
9|11|73|49|32|74|4S|W|11
9|11|43|179|66|112|4S|W|11
9|11|145|78|30|57|4S|W|11
9|11|103|76|115|108|4S|W|11
9|12|81|165|105|85|3N|N|11
9|12|167|172|52|18|3N|N|9
9|12|116|156|129|175|3N|S|9
9|12|25|56|41|141|2H|S|9
9|12|164|12|5|131|4H|N|10
9|12|160|162|82|69|4H|S|10
9|12|73|49|32|74|4H|S|10
9|12|43|179|66|112|3N|N|9
9|12|145|78|30|57|2H|S|10
9|12|103|76|115|108|2H|S|10
9|13|81|165|105|85|3H|S|8
9|13|167|172|52|18|4H|S|8
9|13|116|156|129|175|3H|S|8
9|13|25|56|41|141|2H|S|10
9|13|164|12|5|131|3H|S|9
9|13|160|162|82|69|4H|S|10
9|13|73|49|32|74|4H|S|10
9|13|43|179|66|112|3H|S|10
9|13|145|78|30|57|4H|S|10
9|13|103|76|115|108|3H|S|9
9|14|81|165|105|85|1N|E|8
9|14|167|172|52|18|1N|E|6
9|14|116|156|129|175|4C|E|9
9|14|25|56|41|141|3H|S|7
9|14|164|12|5|131|3C|E|9
9|14|160|162|82|69|4C|E|8
9|14|73|49|32|74|1N|E|7
9|14|43|179|66|112|3H|N|8
9|14|145|78|30|57|3C|E|10
9|14|103|76|115|108|3H|S|7
9|15|81|165|105|85|4S|W|8
9|15|167|172|52|18|5D|S|12
9|15|116|156|129|175|4H|N|10
9|15|25|56|41|141|4H|N|10
9|15|164|12|5|131|5D|S|11
9|15|160|162|82|69|5D|S|12
9|15|73|49|32|74|4H|N|10
9|15|43|179|66|112|5D|S|11
9|15|145|78|30|57|4S|E|10
9|15|103|76|115|108|5D|S|11
9|16|81|165|105|85|3N|W|10
9|16|167|172|52|18|2S|N|7
9|16|116|156|129|175|2S|N|8
9|16|25|56|41|141|3N|W|10
9|16|164|12|5|131|3N|W|10
9|16|160|162|82|69|3D|E|9
9|16|73|49|32|74|3N|W|10
9|16|43|179|66|112|2S|N|9
9|16|145|78|30|57|3N|W|10
9|16|103|76|115|108|3D|E|9
9|17|81|4|105|61|5D|E|12
9|17|167|172|52|18|5D|E|13
9|17|116|156|129|175|3N|E|9
9|17|25|56|41|141|5D|E|13
9|17|162|60|69|70|6D|W|13
9|17|160|164|82|5|5D|W|13
9|17|73|49|32|74|6D|E|13
9|17|24|174|91|7|6D|E|13
9|17|145|78|30|57|6D|W|13
9|17|119|76|115|108|5D|E|13
9|18|81|4|105|61|4H|E|9
9|18|167|172|52|18|4H|E|10
9|18|116|156|129|175|4H|W|8
9|18|25|56|41|141|4H|E|9
9|18|162|60|69|70|2C|S|8
9|18|160|164|82|5|4H|E|10
9|18|73|49|32|74|4H|E|9
9|18|24|174|91|7|4H|E|10
9|18|145|78|30|57|4H|E|10
9|18|119|76|115|108|4H|E|9
9|19|81|4|105|61|4S|N|8
9|19|167|172|52|18|4S|N|9
9|19|116|156|129|175|2S|S|9
9|19|25|56|41|141|2S|S|9
9|19|162|60|69|70|4S|S|9
9|19|160|164|82|5|3S|S|8
9|19|73|49|32|74|4S|S|10
9|19|24|174|91|7|4S|S|10
9|19|145|78|30|57|4S|N|9
9|19|119|76|115|108|4S|S|9
9|2|81|165|105|85|1N|W|8
9|2|167|172|52|18|3C|E|10
9|2|116|156|129|175|3N|W|4
9|2|25|56|41|141|3N|W|5
9|2|164|12|5|131|3N|W|4
9|2|160|162|82|69|3C|E|10
9|2|73|49|32|74|5C|W|10
9|2|43|179|66|112|3N|W|5
9|2|145|78|30|57|3N|W|4
9|2|103|76|115|108|3N|W|4
9|20|81|4|105|61|5D|E|12
9|20|167|172|52|18|3N|E|10
9|20|116|156|129|175|3N|E|9
9|20|25|56|41|141|3N|E|10
9|20|162|60|69|70|3D|W|11
9|20|160|164|82|5|5D|W|11
9|20|73|49|32|74|5D|W|11
9|20|24|174|91|7|3N|E|11
9|20|145|78|30|57|3N|E|10
9|20|119|76|115|108|5D|W|11
9|21|81|4|105|61|4S|N|10
9|21|167|172|52|18|3S|S|9
9|21|116|156|129|175|3S|S|10
9|21|25|56|41|141|4S|S|9
9|21|162|60|69|70|4S|S|10
9|21|160|164|82|5|3S|S|10
9|21|73|49|32|74|3C|E|9
9|21|24|174|91|7|4S|S|10
9|21|145|78|30|57|4S|S|10
9|21|119|76|115|108|4S|S|8
9|22|81|4|105|61|2H|N|10
9|22|167|172|52|18|P||0
9|22|116|156|129|175|2H|N|11
9|22|25|56|41|141|3C|S|12
9|22|162|60|69|70|4H|N|12
9|22|160|164|82|5|4H|N|11
9|22|73|49|32|74|2H|N|11
9|22|24|174|91|7|P||0
9|22|145|78|30|57|P||0
9|22|119|76|115|108|4H|N|10
9|23|81|4|105|61|1H|E|7
9|23|167|172|52|18|1H|W|8
9|23|116|156|129|175|1H|W|8
9|23|25|56|41|141|1H|W|9
9|23|162|60|69|70|1H|W|8
9|23|160|164|82|5|1H|W|8
9|23|73|49|32|74|1H|W|8
9|23|24|174|91|7|3N|E|7
9|23|145|78|30|57|1H|W|8
9|23|119|76|115|108|4H|W|8
9|24|81|4|105|61|4H|E|11
9|24|167|172|52|18|3N|E|11
9|24|116|156|129|175|6H|E|12
9|24|25|56|41|141|4H|E|10
9|24|162|60|69|70|4H|E|11
9|24|160|164|82|5|4H|E|10
9|24|73|49|32|74|4H|W|11
9|24|24|174|91|7|4H|E|11
9|24|145|78|30|57|4H|E|10
9|24|119|76|115|108|4H|E|11
9|25|81|4|105|61|3D|S|11
9|25|167|172|52|18|3N|N|6
9|25|116|156|129|175|3C|N|10
9|25|25|56|41|141|3N|N|9
9|25|162|60|69|70|3C|S|11
9|25|160|164|82|5|3N|N|5
9|25|73|49|32|74|2S|W|8
9|25|24|174|91|7|5C|S|12
9|25|145|78|30|57|4C|N|10
9|25|119|76|115|108|3C|S|10
9|26|81|4|105|61|2H|N|7
9|26|167|172|52|18|2H|N|7
9|26|116|156|129|175|2S|E|7
9|26|25|56|41|141|2H|N|7
9|26|162|60|69|70|2H|N|8
9|26|160|164|82|5|2H|N|7
9|26|73|49|32|74|2H|N|6
9|26|24|174|91|7|3H|N|8
9|26|145|78|30|57|2H|N|8
9|26|119|76|115|108|2H|N|7
9|27|81|4|105|61|1N|E|8
9|27|167|172|52|18|1N|W|6
9|27|116|156|129|175|1N|W|8
9|27|25|56|41|141|1N|E|7
9|27|162|60|69|70|1N|E|7
9|27|160|164|82|5|1N|E|7
9|27|73|49|32|74|1N|W|7
9|27|24|174|91|7|1N|E|8
9|27|145|78|30|57|1N|W|7
9|27|119|76|115|108|1N|E|7
9|28|81|4|105|61|4H|W|11
9|28|167|172|52|18|4H|W|10
9|28|116|156|129|175|4H|E|10
9|28|25|56|41|141|4H|E|11
9|28|162|60|69|70|4H|E|11
9|28|160|164|82|5|4H|E|10
9|28|73|49|32|74|4H|W|11
9|28|24|174|91|7|4H|W|10
9|28|145|78|30|57|4H|E|11
9|28|119|76|115|108|4H|E|11
9|29|81|4|105|61|3H|S|8
9|29|167|172|52|18|3C|N|9
9|29|116|156|129|175|3C|N|8
9|29|25|56|41|141|2C|N|8
9|29|162|60|69|70|1N|E|3
9|29|160|164|82|5|1N|N|8
9|29|73|49|32|74|1N|E|3
9|29|24|174|91|7|1N|E|6
9|29|145|78|30|57|3N|N|8
9|29|119|76|115|108|3C|N|9
9|3|81|165|105|85|3N|S|10
9|3|167|172|52|18|5D|S|11
9|3|116|156|129|175|5D|S|11
9|3|25|56|41|141|4D|S|10
9|3|164|12|5|131|4D|S|10
9|3|160|162|82|69|5D|S|9
9|3|73|49|32|74|5D|S|10
9|3|43|179|66|112|5D|N|10
9|3|145|78|30|57|5D|S|10
9|3|103|76|115|108|5D|S|11
9|30|81|4|105|61|2N|N|7
9|30|167|172|52|18|3N|N|8
9|30|116|156|129|175|1N|N|7
9|30|25|56|41|141|2C|N|8
9|30|162|60|69|70|4H|N|7
9|30|160|164|82|5|1C|N|7
9|30|73|49|32|74|3C|N|9
9|30|24|174|91|7|3N|N|8
9|30|145|78|30|57|2S|E|7
9|30|119|76|115|108|3N|N|7
9|31|81|4|105|61|4S|W|12
9|31|167|172|52|18|4S|W|10
9|31|116|156|129|175|4S|W|11
9|31|25|56|41|141|4S|W|12
9|31|162|60|69|70|3S|W|12
9|31|160|164|82|5|4S|W|12
9|31|73|49|32|74|4S|E|12
9|31|24|174|91|7|6S|W|12
9|31|145|78|30|57|5S|W|11
9|31|119|76|115|108|4S|W|11
9|32|81|4|105|61|2H|S|9
9|32|167|172|52|18|2H|S|9
9|32|116|156|129|175|2H|S|10
9|32|25|56|41|141|1N|N|9
9|32|162|60|69|70|2H|N|8
9|32|160|164|82|5|2H|S|9
9|32|73|49|32|74|2H|S|9
9|32|24|174|91|7|2N|N|9
9|32|145|78|30|57|1N|N|9
9|32|119|76|115|108|1N|N|7
9|4|81|165|105|85|2S|W|8
9|4|167|172|52|18|3N|W|7
9|4|116|156|129|175|4S|W|10
9|4|25|56|41|141|4S|W|9
9|4|164|12|5|131|2S|W|9
9|4|160|162|82|69|3D|W|10
9|4|73|49|32|74|4H|E|10
9|4|43|179|66|112|2S|W|7
9|4|145|78|30|57|3S|W|8
9|4|103|76|115|108|3D|W|7
9|5|81|165|105|85|3D|W|9
9|5|167|172|52|18|2D|W|7
9|5|116|156|129|175|2C|W|7
9|5|25|56|41|141|1N|W|7
9|5|164|12|5|131|1N|S|5
9|5|160|162|82|69|1N|S|7
9|5|73|49|32|74|1N|S|7
9|5|43|179|66|112|1N|S|7
9|5|145|78|30|57|2C|W|7
9|5|103|76|115|108|2C|W|7
9|6|81|165|105|85|4S|S|10
9|6|167|172|52|18|4S|S|9
9|6|116|156|129|175|4S|S|10
9|6|25|56|41|141|2S|S|9
9|6|164|12|5|131|4S|S|9
9|6|160|162|82|69|4S|S|10
9|6|73|49|32|74|4S|S|9
9|6|43|179|66|112|2S|S|10
9|6|145|78|30|57|2S|S|11
9|6|103|76|115|108|4S|S|9
9|7|81|165|105|85|3C|W|8
9|7|167|172|52|18|1N|N|5
9|7|116|156|129|175|2S|S|7
9|7|25|56|41|141|3H|E|5
9|7|164|12|5|131|2S|S|7
9|7|160|162|82|69|3D|E|6
9|7|73|49|32|74|1N|S|8
9|7|43|179|66|112|2S|S|7
9|7|145|78|30|57|1N|S|6
9|7|103|76|115|108|3C|W|7
9|8|81|165|105|85|3D|N|10
9|8|167|172|52|18|3C|S|8
9|8|116|156|129|175|1N|N|10
9|8|25|56|41|141|2S|E|7
9|8|164|12|5|131|2S|E|7
9|8|160|162|82|69|3S|E|6
9|8|73|49|32|74|1N|N|9
9|8|43|179|66|112|2S|E|8
9|8|145|78|30|57|3N|N|10
9|8|103|76|115|108|2N|S|9
9|9|81|165|105|85|3N|S|8
9|9|167|172|52|18|4H|N|9
9|9|116|156|129|175|4H|N|9
9|9|25|56|41|141|4H|S|9
9|9|164|12|5|131|3N|S|8
9|9|160|162|82|69|3N|S|8
9|9|73|49|32|74|3H|S|9
9|9|43|179|66|112|4H|N|9
9|9|145|78|30|57|3N|N|9
9|9|103|76|115|108|3H|S|9
