1|1|83|17|127|9|3D|N|11|SK
1|1|157|125|161|67|5D|N|10|SK
1|1|114|150|176|75|5D|N|11|SA
1|1|177|55|143|163|3S|E|8|DA
1|1|118|71|50|11|2S|E|7|HA
1|1|59|31|68|1|3S|E|9|S2
1|1|28|95|138|62|5D|N|12|SA
1|1|86|181|40|136|3S|E|9|S5
1|1|58|34|109|8|3S|E|9|HA
1|1|65|92|149|79|4D|N|13|SA
1|10|83|17|127|9|3N|W|9|HK
1|10|157|125|161|67|1S|E|9|HT
1|10|114|150|176|75|3C|W|10|HK
1|10|177|55|143|163|2C|W|10|HQ
1|10|118|71|50|11|3C|W|10|C8
1|10|59|31|68|1|3C|W|9|C8
1|10|28|95|138|62|1N|E|8|HT
1|10|86|181|40|136|2C|W|10|HQ
1|10|58|34|109|8|1S|E|9|HT
1|10|65|92|149|79|2C|W|10|C4
1|11|83|17|127|9|1N|S|8|DJ
1|11|157|125|161|67|2N|N|8|S2
1|11|114|150|176|75|2N|N|8|S3
1|11|177|55|143|163|1N|S|7|DJ
1|11|118|71|50|11|3C|S|9|DJ
1|11|59|31|68|1|1N|S|7|D4
1|11|28|95|138|62|2H|W|7|CA
1|11|86|181|40|136|2N|S|7|D4
1|11|58|34|109|8|1N|S|8|H7
1|11|65|92|149|79|2N|S|5|D4
1|12|83|17|127|9|3D|N|9|HK
1|12|157|125|161|67|2H|N|8|C4
1|12|114|150|176|75|2H|N|6|H2
1|12|177|55|143|163|3H|E|5|S9
1|12|118|71|50|11|2D|S|10|D7
1|12|59|31|68|1|2H|E|6|S2
1|12|28|95|138|62|2H|E|6|C3
1|12|86|181|40|136|2D|N|9|HA
1|12|58|34|109|8|1N|E|5|D4
1|12|65|92|149|79|2D|S|10|H8
1|13|83|17|127|9|4H|W|10|SA
1|13|157|125|161|67|4H|E|10|ST
1|13|114|150|176|75|4H|E|9|DK
1|13|177|55|143|163|4H|W|9|DJ
1|13|118|71|50|11|5H|E|10|DK
1|13|59|31|68|1|5H|E|9|DK
1|13|28|95|138|62|4H|E|9|DK
1|13|86|181|40|136|4H|W|9|DJ
1|13|58|34|109|8|4H|E|9|DK
1|13|65|92|149|79|4S|W|9|HT
1|14|83|17|127|9|3N|S|10|CT
1|14|157|125|161|67|3N|S|10|CT
1|14|114|150|176|75|6N|S|11|C9
1|14|177|55|143|163|6H|S|9|CT
1|14|118|71|50|11|3N|S|10|CT
1|14|59|31|68|1|3N|S|10|CT
1|14|28|95|138|62|3N|S|10|CT
1|14|86|181|40|136|3N|S|10|CT
1|14|58|34|109|8|3N|N|10|SJ
1|14|65|92|149|79|6NX|N|10|CQ
1|15|83|17|127|9|3N|S|11|D2
1|15|157|125|161|67|4H|N|11|D4
1|15|114|150|176|75|6H|S|11|H5
1|15|177|55|143|163|3N|S|11|H8
1|15|118|71|50|11|3N|S|10|H5
1|15|59|31|68|1|4H|S|11|CJ
1|15|28|95|138|62|4H|N|11|S3
1|15|86|181|40|136|3N|S|10|D2
1|15|58|34|109|8|4H|N|11|C9
1|15|65|92|149|79|3N|S|11|H5
1|16|83|17|127|9|6H|E|12|C5
1|16|157|125|161|67|4S|W|11|DA
1|16|114|150|176|75|6C|E|13|D3
1|16|177|55|143|163|6C|W|13|H8
1|16|118|71|50|11|6H|W|12|DA
1|16|59|31|68|1|5DX|N|8|D5
1|16|28|95|138|62|6C|E|13|H2
1|16|86|181|40|136|6H|W|13|DK
1|16|58|34|109|8|6H|W|12|DA
1|16|65|92|149|79|6DX|N|8|CK
1|17|83|17|127|9|4H|E|9|D4
1|17|140|80|90|147|4H|E|10|CQ
1|17|134|100|153|142|4H|E|9|CQ
1|17|150|55|75|163|4H|W|10|DA
1|17|6|71|110|11|4H|W|9|DK
1|17|59|31|68|1|4H|E|9|CQ
1|17|28|95|138|62|4H|W|9|DA
1|17|86|181|40|136|3N|E|10|D9
1|17|98|34|27|8|4H|E|10|D4
1|17|65|92|149|79|4H|E|9|C2
1|18|83|17|127|9|4DX|E|8|HA
1|18|140|80|90|147|5DX|W|8|HQ
1|18|134|100|153|142|5DX|W|8|D6
1|18|150|55|75|163|4DX|W|8|D6
1|18|6|71|110|11|3S|N|9|D2
1|18|59|31|68|1|4SX|N|9|D2
1|18|28|95|138|62|4S|N|8|D2
1|18|86|181|40|136|3S|N|9|D2
1|18|65|92|149|79|4DX|W|8|HQ
1|19|83|17|127|9|4H|S|11|C7
1|19|140|80|90|147|4H|S|11|HJ
1|19|134|100|153|142|4H|S|11|C4
1|19|150|55|75|163|4H|S|10|SA
1|19|6|71|110|11|4H|S|11|C4
1|19|59|31|68|1|4H|S|10|SA
1|19|28|95|138|62|4H|S|11|C5
1|19|86|181|40|136|4H|N|11|C7
1|19|98|34|27|8|4H|S|11|C4
1|19|65|92|149|79|4H|S|10|H8
1|2|83|17|127|9|4H|E|8|CA
1|2|157|125|161|67|4H|E|10|D3
1|2|114|150|176|75|4H|E|9|SA
1|2|177|55|143|163|3H|E|10|D2
1|2|118|71|50|11|3H|E|9|SA
1|2|59|31|68|1|4H|E|10|D6
1|2|28|95|138|62|4H|E|8|D5
1|2|86|181|40|136|4H|E|10|D6
1|2|58|34|109|8|4H|E|11|D5
1|2|65|92|149|79|5HX|E|9|SA
1|20|83|17|127|9|3H|E|7|C4
1|20|140|80|90|147|3H|E|5|C4
1|20|134|100|153|142|3N|S|9|D2
1|20|150|55|75|163|3H|E|5|C4
1|20|6|71|110|11|3N|S|11|HQ
1|20|59|31|68|1|3N|S|10|HQ
1|20|28|95|138|62|3N|S|9|HQ
1|20|86|181|40|136|2C|N|11|DQ
1|20|98|34|27|8|5C|N|11|CA
1|20|65|92|149|79|3HX|E|7|C4
1|21|83|17|127|9|4H|S|10|H4
1|21|140|80|90|147|4H|S|10|S2
1|21|134|100|153|142|4H|S|10|C2
1|21|150|55|75|163|4H|S|10|S4
1|21|6|71|110|11|4H|S|10|C4
1|21|59|31|68|1|4H|S|10|C4
1|21|28|95|138|62|4H|S|10|S4
1|21|86|181|40|136|4H|S|10|C4
1|21|98|34|27|8|4H|S|10|H2
1|21|65|92|149|79|4H|S|10|C4
1|22|83|17|127|9|1D|E|6|H4
1|22|140|80|90|147|3S|W|10|DK
1|22|134|100|153|142|4DX|N|8|CQ
1|22|150|55|75|163|4S|E|8|D7
1|22|6|71|110|11|4DX|N|8|CQ
1|22|59|31|68|1|1D|E|4|C2
1|22|28|95|138|62|4S|W|9|DA
1|22|86|181|40|136|3S|W|10|DK
1|22|98|34|27|8|4S|W|9|DK
1|22|65|92|149|79|4S|W|10|S2
1|23|83|17|127|9|4H|W|11|S5
1|23|140|80|90|147|4H|E|11|S8
1|23|134|100|153|142|4H|W|11|DT
1|23|150|55|75|163|4H|W|11|DT
1|23|6|71|110|11|4H|E|11|D5
1|23|59|31|68|1|4H|E|11|H7
1|23|28|95|138|62|4H|W|11|DT
1|23|86|181|40|136|4H|E|11|H7
1|23|98|34|27|8|4H|W|11|S5
1|23|65|92|149|79|4H|W|11|DT
1|24|83|17|127|9|3D|S|12|H6
1|24|140|80|90|147|5C|N|11|HK
1|24|134|100|153|142|5D|N|11
1|24|150|55|75|163|5D|N|11|HK
1|24|6|71|110|11|5D|N|11|HA
1|24|59|31|68|1|5D|N|11|HA
1|24|28|95|138|62|5D|N|11
1|24|86|181|40|136|5C|S|11|H7
1|24|98|34|27|8|3N|S|8|H2
1|24|65|92|149|79|3N|S|8|H2
1|25|83|17|127|9|4H|S|6|D9
1|25|140|80|90|147|3S|N|7|CK
1|25|134|100|153|142|3S|N|9|CK
1|25|150|55|75|163|5D|W|12|H6
1|25|6|71|110|11|3N|E|6|SK
1|25|59|31|68|1|5D|W|12|H6
1|25|28|95|138|62|6D|W|12|SA
1|25|86|181|40|136|3S|N|7|CK
1|25|98|34|27|8|6D|W|12|SA
1|25|65|92|149|79|5D|W|12|C8
1|26|83|17|127|9|1N|N|9|C3
1|26|140|80|90|147|1N|N|9|C2
1|26|134|100|153|142|2D|N|9|C2
1|26|150|55|75|163|1N|S|7|S6
1|26|6|71|110|11|1N|N|7|C3
1|26|59|31|68|1|1N|N|9|C3
1|26|28|95|138|62|1N|S|8|S7
1|26|86|181|40|136|2N|S|9|DT
1|26|98|34|27|8|2D|S|8|CT
1|26|65|92|149|79|1N|S|8|S6
1|27|83|17|127|9|4S|W|10|H5
1|27|140|80|90|147|4S|W|10|H5
1|27|134|100|153|142|4S|W|10|H5
1|27|150|55|75|163|4S|W|10|H6
1|27|6|71|110|11|4S|W|10|H5
1|27|59|31|68|1|4SX|W|10|H5
1|27|28|95|138|62|5HX|S|7|S3
1|27|86|181|40|136|4S|W|10|H5
1|27|98|34|27|8|4SX|W|10|H5
1|27|65|92|149|79|4S|W|10|H5
1|28|83|17|127|9|3N|S|9|C4
1|28|140|80|90|147|4S|N|10|C2
1|28|134|100|153|142|4S|N|11|C3
1|28|150|55|75|163|3N|S|9|C3
1|28|6|71|110|11|4S|N|10|DK
1|28|59|31|68|1|4S|N|11|DK
1|28|28|95|138|62|3N|N|9|D7
1|28|86|181|40|136|6S|N|9|D3
1|28|98|34|27|8|4S|N|10|DK
1|28|65|92|149|79|4S|N|10|DQ
1|29|83|17|127|9|2S|E|10|H4
1|29|140|80|90|147|1N|E|8|D6
1|29|134|100|153|142|1N|E|8|D6
1|29|150|55|75|163|4S|E|8|H4
1|29|6|71|110|11|1N|E|8|D6
1|29|59|31|68|1|3D|S|9|CQ
1|29|28|95|138|62|3S|E|9|D6
1|29|86|181|40|136|2H|S|9|CQ
1|29|98|34|27|8|3S|W|9|H2
1|29|65|92|149|79|3S|W|9|S4
1|3|83|17|127|9|3N|N|7|S2
1|3|157|125|161|67|3N|N|7|S4
1|3|114|150|176|75|3N|N|7|S2
1|3|177|55|143|163|2N|N|7|S2
1|3|118|71|50|11|3N|N|9|S2
1|3|59|31|68|1|3N|N|9|S6
1|3|28|95|138|62|3N|S|9|H6
1|3|86|181|40|136|3N|N|7|S4
1|3|58|34|109|8|3N|N|9|S2
1|3|65|92|149|79|2N|N|7|S5
1|30|83|17|127|9|5C|W|9|SA
1|30|140|80|90|147|3H|E|9|ST
1|30|134|100|153|142|4C|E|9|C3
1|30|150|55|75|163|3D|W|9|C3
1|30|6|71|110|11|4D|W|8|SA
1|30|59|31|68|1|3D|W|9|SA
1|30|28|95|138|62|5C|W|9|C3
1|30|86|181|40|136|3N|E|7|ST
1|30|98|34|27|8|4C|W|9|C3
1|30|65|92|149|79|3N|E|7|ST
1|31|83|17|127|9|4S|W|10|H5
1|31|140|80|90|147|4S|W|9|C6
1|31|134|100|153|142|3N|W|10|D4
1|31|150|55|75|163|4S|W|10|H5
1|31|6|71|110|11|4SX|W|10|H5
1|31|59|31|68|1|5H|W|9|DA
1|31|28|95|138|62|3CX|S|4|SA
1|31|86|181|40|136|4H|W|9|C6
1|31|98|34|27|8|3DX|N|5|S8
1|31|65|92|149|79|2D|S|3|C4
1|32|83|17|127|9|2S|S|7
1|32|140|80|90|147|2S|S|7|DQ
1|32|134|100|153|142|2S|N|9|C3
1|32|150|55|75|163|3N|W|8|SQ
1|32|6|71|110|11|2S|S|7|DQ
1|32|59|31|68|1|3N|E|8|HT
1|32|28|95|138|62|3S|N|8|D5
1|32|98|34|27|8|3D|E|7|S8
1|4|83|17|127|9|3N|N|7|SQ
1|4|157|125|161|67|3N|N|8|SQ
1|4|114|150|176|75|3N|N|8|SQ
1|4|177|55|143|163|3N|N|10|D9
1|4|118|71|50|11|3N|N|8|SQ
1|4|59|31|68|1|3N|N|7|SQ
1|4|28|95|138|62|3N|N|8|H2
1|4|86|181|40|136|3N|N|7|SQ
1|4|58|34|109|8|3N|N|8|SJ
1|4|65|92|149|79|3N|N|9|SQ
1|5|83|17|127|9|3N|E|10|S3
1|5|157|125|161|67|3N|E|10|HT
1|5|114|150|176|75|3N|W|7|DJ
1|5|177|55|143|163|3N|E|10|S2
1|5|118|71|50|11|4H|W|10|S7
1|5|59|31|68|1|3N|E|10|S4
1|5|28|95|138|62|4H|E|10|D4
1|5|86|181|40|136|3N|E|10|S4
1|5|58|34|109|8|3N|W|7|DJ
1|5|65|92|149|79|4H|E|10|H5
1|6|83|17|127|9|2N|E|8|H8
1|6|157|125|161|67|3C|E|9|C4
1|6|114|150|176|75|2N|W|7|S2
1|6|177|55|143|163|2N|E|8|S4
1|6|118|71|50|11|1N|E|8|S6
1|6|59|31|68|1|2N|E|7|S6
1|6|28|95|138|62|P||0
1|6|86|181|40|136|2N|E|7|DJ
1|6|58|34|109|8|2N|E|8|DJ
1|6|65|92|149|79|2N|E|8|DJ
1|7|83|17|127|9|2N|S|10|CK
1|7|157|125|161|67|1N|S|10|CK
1|7|114|150|176|75|1N|S|11|CK
1|7|177|55|143|163|2N|S|7|CK
1|7|118|71|50|11|1N|S|9|CK
1|7|59|31|68|1|1N|S|9|CK
1|7|28|95|138|62|1N|S|8|CK
1|7|86|181|40|136|1N|S|10|CQ
1|7|58|34|109|8|1N|S|11|CK
1|7|65|92|149|79|1N|S|9|CK
1|8|83|17|127|9|1N|N|10|H7
1|8|157|125|161|67|1N|N|9|H4
1|8|114|150|176|75|1S|W|6|CA
1|8|177|55|143|163|1N|N|9|H4
1|8|118|71|50|11|1N|N|7|H7
1|8|59|31|68|1|1NX|W|7|C4
1|8|28|95|138|62|1N|N|9|H4
1|8|86|181|40|136|1S|W|6|CA
1|8|58|34|109|8|2N|S|7|D2
1|8|65|92|149|79|2N|N|9|H7
1|9|83|17|127|9|4H|N|9|C4
1|9|157|125|161|67|4H|N|11|SA
1|9|114|150|176|75|4H|N|10|C4
1|9|177|55|143|163|4H|N|11|SA
1|9|118|71|50|11|4H|N|11|C9
1|9|59|31|68|1|4H|N|10|SA
1|9|28|95|138|62|4H|N|10|C3
1|9|86|181|40|136|4H|N|10|SA
1|9|58|34|109|8|4H|N|11|S2
1|9|65|92|149|79|4H|N|10|DQ
2|1|150|125|75|67|4S|N|10|C7
2|1|83|177|127|143|3N|N|8|H7
2|1|59|134|68|153|3N|N|9|H7
2|1|55|71|163|11|3N|N|6|H2
2|1|86|6|40|110|5DX|N|10|HA
2|1|118|95|50|62|3N|N|7|H5
2|1|65|181|149|136|3N|S|6|H8
2|1|28|34|138|8|4S|N|10|S4
2|1|140|92|90|79|3N|S|6|D5
2|1|58|157|109|161|3N|N|8|H2
2|10|150|125|75|67|3C|W|9|SA
2|10|83|177|127|143|2H|N|9|C6
2|10|59|134|68|153|1N|E|8|H5
2|10|55|71|163|11|3C|W|9|SK
2|10|86|6|40|110|3H|N|9|SQ
2|10|118|95|50|62|3C|W|9|SA
2|10|65|181|149|136|3H|N|8|C2
2|10|28|34|138|8|2C|W|9|SA
2|10|140|92|90|79|3H|N|8|C4
2|10|58|157|109|161|3C|W|9|SA
2|11|150|125|75|67|4S|W|9|HQ
2|11|83|177|127|143|4S|W|9|HQ
2|11|59|134|68|153|2S|W|10|HQ
2|11|55|71|163|11|4S|W|9|HQ
2|11|86|6|40|110|2S|W|11|CK
2|11|118|95|50|62|5DX|N|9|SK
2|11|65|181|149|136|2S|E|9|S2
2|11|28|34|138|8|4S|W|9|HQ
2|11|140|92|90|79|2S|W|10|CK
2|11|58|157|109|161|2S|W|9|HQ
2|12|150|125|75|67|3D|N|11|S2
2|12|83|177|127|143|3H|E|8|C4
2|12|59|134|68|153|3H|E|8|DA
2|12|55|71|163|11|2S|W|6|ST
2|12|86|6|40|110|2H|E|8|C4
2|12|118|95|50|62|3D|N|8|C9
2|12|65|181|149|136|2H|E|8|C4
2|12|28|34|138|8|2H|E|8|C4
2|12|140|92|90|79|2H|E|8|C4
2|12|58|157|109|161|2H|E|8|HJ
2|13|150|125|75|67|4H|E|12|D9
2|13|83|177|127|143|4H|E|12|CJ
2|13|59|134|68|153|4N|W|12|DT
2|13|55|71|163|11|3N|E|12|D2
2|13|86|6|40|110|3N|E|12|D2
2|13|118|95|50|62|3N|E|12|D2
2|13|65|181|149|136|3N|E|12|D2
2|13|28|34|138|8|4H|W|12|DT
2|13|140|92|90|79|3N|E|10|SQ
2|13|58|157|109|161|4H|W|12|DT
2|14|150|125|75|67|2H|N|8|C7
2|14|83|177|127|143|3D|E|7|CK
2|14|59|134|68|153|2S|E|5|CK
2|14|55|71|163|11|2H|S|7|HQ
2|14|86|6|40|110|2S|E|5|DJ
2|14|118|95|50|62|3H|N|8|C2
2|14|65|181|149|136|3DX|E|7|CA
2|14|28|34|138|8|2S|E|5|CK
2|14|140|92|90|79|2C|W|7|DA
2|14|58|157|109|161|2S|E|6|CA
2|15|150|125|75|67|6D|W|11|CK
2|15|83|177|127|143|6D|W|11|CK
2|15|59|134|68|153|3N|W|11|HT
2|15|55|71|163|11|6D|W|11|CA
2|15|86|6|40|110|6N|E|11|ST
2|15|118|95|50|62|6N|E|11|ST
2|15|65|181|149|136|3N|W|11|CK
2|15|28|34|138|8|6N|E|11|ST
2|15|140|92|90|79|6NX|E|11|S9
2|15|58|157|109|161|4N|W|9|CK
2|16|150|125|75|67|2H|S|6|S6
2|16|83|177|127|143|1S|N|6|CA
2|16|59|134|68|153|3D|W|9|D4
2|16|55|71|163|11|3C|E|10|ST
2|16|86|6|40|110|2N|E|7|ST
2|16|118|95|50|62|3C|E|9|HT
2|16|65|181|149|136|3D|W|8|H8
2|16|28|34|138|8|2N|E|8|S9
2|16|140|92|90|79|3D|W|7|SQ
2|16|58|157|109|161|5D|W|8|SA
2|17|100|125|142|67|1N|E|8|HT
2|17|80|177|147|143|4S|W|10|C7
2|17|59|55|68|163|2S|W|10|C6
2|17|114|71|176|11|4S|W|9|C7
2|17|86|31|40|1|2S|E|9|HT
2|17|118|95|50|62|4S|E|8|HT
2|17|34|181|8|136|3S|W|10|C6
2|17|28|65|138|149|4S|E|10|C2
2|17|17|58|9|109|4S|E|9|C2
2|17|98|140|27|90|2N|W|8|C6
2|18|100|125|142|67|4S|E|10|D2
2|18|80|177|147|143|3N|E|11|D3
2|18|59|55|68|163|4S|W|11|S4
2|18|114|71|176|11|4S|E|10|C2
2|18|86|31|40|1|4S|W|11|H9
2|18|118|95|50|62|4S|E|10|D4
2|18|34|181|8|136|4S|W|11|H9
2|18|28|65|138|149|4S|E|10|D4
2|18|17|58|9|109|4S|W|10|D4
2|18|98|140|27|90|4S|W|11|D8
2|19|100|125|142|67|3D|N|9|S4
2|19|80|177|147|143|3H|N|9|S6
2|19|59|55|68|163|3H|N|11|D6
2|19|114|71|176|11|4H|N|9|S6
2|19|86|31|40|1|3C|E|8|H5
2|19|118|95|50|62|4CX|W|8|HA
2|19|34|181|8|136|2H|N|10|S6
2|19|28|65|138|149|3H|N|11|S6
2|19|17|58|9|109|3N|S|9|C9
2|19|98|140|27|90|2H|N|10|S6
2|2|150|125|75|67|3H|W|9|D2
2|2|83|177|127|143|3SX|N|7|HK
2|2|59|134|68|153|3H|W|8|D2
2|2|55|71|163|11|3D|W|8|D5
2|2|86|6|40|110|3H|W|8|D2
2|2|118|95|50|62|3H|W|8|D5
2|2|65|181|149|136|3HX|W|9|D2
2|2|28|34|138|8|4H|W|8|D2
2|2|140|92|90|79|3H|E|8|D2
2|2|58|157|109|161|3H|W|8|D2
2|20|100|125|142|67|2S|E|10|S2
2|20|80|177|147|143|2S|E|8|S3
2|20|59|55|68|163|2S|W|9|H6
2|20|114|71|176|11|3S|W|8|CA
2|20|86|31|40|1|2S|W|8|D2
2|20|118|95|50|62|2S|W|9|H6
2|20|34|181|8|136|1D|E|6|D7
2|20|28|65|138|149|2S|E|9|H7
2|20|17|58|9|109|2S|W|9|D6
2|20|98|140|27|90|2S|W|9|CA
2|21|100|125|142|67|5D|N|11|CK
2|21|80|177|147|143|4H|S|10|CT
2|21|59|55|68|163|4H|S|10|CT
2|21|114|71|176|11|4H|S|10|CT
2|21|86|31|40|1|4H|S|10|CT
2|21|118|95|50|62|5CX|E|8|D3
2|21|34|181|8|136|2H|S|10|CT
2|21|28|65|138|149|5D|N|11|CA
2|21|17|58|9|109|4H|S|10|CT
2|21|98|140|27|90|5D|N|11|CK
2|22|100|125|142|67|3C|E|11|H3
2|22|80|177|147|143|3C|E|11|H3
2|22|59|55|68|163|3N|W|11|HA
2|22|114|71|176|11|3H|N|8|DA
2|22|86|31|40|1|4C|E|11|H7
2|22|118|95|50|62|5C|E|11|H3
2|22|34|181|8|136|4C|E|11|H7
2|22|28|65|138|149|3C|E|12|H7
2|22|17|58|9|109|5C|W|11|HA
2|22|98|140|27|90|5C|E|11|H7
2|23|100|125|142|67|2H|W|7|D8
2|23|80|177|147|143|2S|S|7|SK
2|23|59|55|68|163|1N|N|6|D3
2|23|114|71|176|11|2H|W|7|HA
2|23|86|31|40|1|2N|E|7|D2
2|23|118|95|50|62|1N|W|7|C6
2|23|34|181|8|136|2H|W|8|CQ
2|23|28|65|138|149|1N|N|7|D6
2|23|17|58|9|109|1N|W|7|C6
2|23|98|140|27|90|2H|W|7
2|24|100|125|142|67|2D|N|8|S4
2|24|80|177|147|143|2D|N|8|S6
2|24|59|55|68|163|1N|N|7|S7
2|24|114|71|176|11|2H|N|8|S4
2|24|86|31|40|1|1S|W|6|HA
2|24|118|95|50|62|2D|N|7|S7
2|24|34|181|8|136|3N|N|6|S4
2|24|28|65|138|149|2H|N|8|S4
2|24|17|58|9|109|3H|S|8|SK
2|24|98|140|27|90|1S|W|9|D4
2|25|100|125|142|67|5DX|S|10|HA
2|25|80|177|147|143|5H|E|9|DK
2|25|59|55|68|163|5H|E|9|C8
2|25|114|71|176|11|5H|E|9|DK
2|25|86|31|40|1|7DX|S|10|HA
2|25|118|95|50|62|5H|E|9|DA
2|25|34|181|8|136|6DX|S|10|HA
2|25|28|65|138|149|5DX|S|10|HA
2|25|17|58|9|109|6DX|S|10|HA
2|25|98|140|27|90|5DX|S|10|HA
2|26|100|125|142|67|3H|S|8|DA
2|26|80|177|147|143|3H|N|8|ST
2|26|59|55|68|163|3S|W|9|DK
2|26|114|71|176|11|2H|N|8|ST
2|26|86|31|40|1|3H|N|8|D2
2|26|118|95|50|62|2S|E|9|C4
2|26|34|181|8|136|3H|N|9|ST
2|26|28|65|138|149|2N|N|5|S6
2|26|17|58|9|109|2S|W|8|H3
2|26|98|140|27|90|4H|N|8|ST
2|27|100|125|142|67|2S|W|8|HT
2|27|80|177|147|143|2S|W|8|D3
2|27|59|55|68|163|2S|W|8|HT
2|27|114|71|176|11|2S|W|8|H2
2|27|86|31|40|1|1S|W|9|HT
2|27|118|95|50|62|2S|W|8|HT
2|27|34|181|8|136|3S|W|9|CA
2|27|28|65|138|149|2C|E|8|HK
2|27|17|58|9|109|2S|W|9|HT
2|27|98|140|27|90|2C|E|7|HK
2|28|100|125|142|67|4H|N|7|C6
2|28|80|177|147|143|2N|N|6|C7
2|28|59|55|68|163|5CX|W|11|HA
2|28|114|71|176|11|4H|S|8|S6
2|28|86|31|40|1|4H|N|7|C7
2|28|118|95|50|62|4H|N|8|C6
2|28|34|181|8|136|4H|N|7|C7
2|28|28|65|138|149|4H|N|7|C7
2|28|17|58|9|109|4H|N|8|C2
2|28|98|140|27|90|5CX|W|10|HK
2|29|100|125|142|67|3H|E|9|S5
2|29|80|177|147|143|3H|W|9|C3
2|29|59|55|68|163|5CX|N|9|C7
2|29|114|71|176|11|2S|E|8|CJ
2|29|86|31|40|1|5CX|S|9|DK
2|29|118|95|50|62|2H|E|10|S5
2|29|34|181|8|136|3H|W|10|C9
2|29|28|65|138|149|4H|E|10|D4
2|29|17|58|9|109|3H|E|10|C8
2|29|98|140|27|90|4S|W|9|C8
2|3|150|125|75|67|4S|W|11|S3
2|3|83|177|127|143|4S|W|10|HK
2|3|59|134|68|153|4S|W|11|S2
2|3|55|71|163|11|4S|W|10|HK
2|3|86|6|40|110|4S|W|9|HK
2|3|118|95|50|62|4S|W|11|DQ
2|3|65|181|149|136|4S|W|11|S2
2|3|28|34|138|8|4S|W|11|DQ
2|3|140|92|90|79|5SX|W|10|DQ
2|3|58|157|109|161|4S|W|10|HK
2|30|100|125|142|67|6D|E|11|SA
2|30|80|177|147|143|4H|W|12|SQ
2|30|59|55|68|163|6H|E|11|SA
2|30|114|71|176|11|4H|W|10|SQ
2|30|86|31|40|1|4H|W|12|C8
2|30|118|95|50|62|4H|W|10|SQ
2|30|34|181|8|136|4H|E|12|D2
2|30|28|65|138|149|4H|W|10|SQ
2|30|17|58|9|109|4H|E|12|D2
2|30|98|140|27|90|4H|E|12|D2
2|31|100|125|142|67|2H|W|10|DK
2|31|80|177|147|143|3H|W|7|DK
2|31|59|55|68|163|2H|W|9|C7
2|31|114|71|176|11|2H|W|8|DK
2|31|86|31|40|1|3H|W|9|DK
2|31|118|95|50|62|4H|W|9|HQ
2|31|34|181|8|136|2H|W|9|C3
2|31|28|65|138|149|2H|W|9|C3
2|31|17|58|9|109|3H|W|10|DK
2|31|98|140|27|90|3H|W|9|H4
2|32|100|125|142|67|2S|N|10|H4
2|32|80|177|147|143|2S|N|9|H3
2|32|59|55|68|163|2N|W|7|S4
2|32|114|71|176|11|2S|N|9|H2
2|32|86|31|40|1|2S|N|9|H5
2|32|118|95|50|62|2S|S|8|C3
2|32|34|181|8|136|2S|N|9|H2
2|32|28|65|138|149|4S|N|9|H2
2|32|17|58|9|109|3H|E|8|D8
2|32|98|140|27|90|2S|N|9|H2
2|4|150|125|75|67|4S|E|12|C2
2|4|83|177|127|143|4S|W|12|H9
2|4|59|134|68|153|6S|W|12|D8
2|4|55|71|163|11|5D|E|12|C3
2|4|86|6|40|110|6S|W|12|CK
2|4|118|95|50|62|6S|W|12|CK
2|4|65|181|149|136|6S|W|12|D8
2|4|28|34|138|8|4S|W|12|D8
2|4|140|92|90|79|6S|W|12|CK
2|4|58|157|109|161|4S|W|12|D8
2|5|150|125|75|67|1N|W|8|S6
2|5|83|177|127|143|3N|E|9|SQ
2|5|59|134|68|153|3N|E|9|H4
2|5|55|71|163|11|2SX|N|7|S8
2|5|86|6|40|110|1N|W|8|C3
2|5|118|95|50|62|1NX|S|6|HA
2|5|65|181|149|136|1H|S|6|CQ
2|5|28|34|138|8|3N|E|8|H4
2|5|140|92|90|79|1NX|S|7|HK
2|5|58|157|109|161|2C|N|6|C2
2|6|150|125|75|67|1N|S|8|DQ
2|6|83|177|127|143|1N|S|8|DQ
2|6|59|134|68|153|1N|S|8|DQ
2|6|55|71|163|11|2C|W|8|SA
2|6|86|6|40|110|1N|S|6|D4
2|6|118|95|50|62|1N|S|7|DQ
2|6|65|181|149|136|3D|N|8|H6
2|6|28|34|138|8|2H|W|6|H5
2|6|140|92|90|79|1N|S|6|D4
2|6|58|157|109|161|1N|S|5|C2
2|7|150|125|75|67|3C|S|9|H7
2|7|83|177|127|143|2S|N|7|C6
2|7|59|134|68|153|2H|E|10|D7
2|7|55|71|163|11|3C|S|8|C3
2|7|86|6|40|110|2H|E|6|D7
2|7|118|95|50|62|3C|S|9|H7
2|7|65|181|149|136|2H|E|9|D8
2|7|28|34|138|8|3H|E|10|D7
2|7|140|92|90|79|2H|E|10|CJ
2|7|58|157|109|161|3C|S|8|H7
2|8|150|125|75|67|1N|W|6|SJ
2|8|83|177|127|143|2H|N|6|S2
2|8|59|134|68|153|1N|W|10|H5
2|8|55|71|163|11|3C|W|10|SJ
2|8|86|6|40|110|3C|E|10|H3
2|8|118|95|50|62|2S|N|7|HK
2|8|65|181|149|136|2S|S|7|C8
2|8|28|34|138|8|2S|S|7|H2
2|8|140|92|90|79|3C|E|10|S4
2|8|58|157|109|161|2S|N|6|DQ
2|9|150|125|75|67|4S|S|12|DQ
2|9|83|177|127|143|4S|S|10|DQ
2|9|59|134|68|153|4S|S|8|DQ
2|9|55|71|163|11|4S|S|11|DQ
2|9|86|6|40|110|4S|S|10|DQ
2|9|118|95|50|62|4S|S|10|DQ
2|9|65|181|149|136|4S|S|9|DQ
2|9|28|34|138|8|4S|S|10|DQ
2|9|140|92|90|79|4S|S|10|DQ
2|9|58|157|109|161|4S|S|11|D2
3|1|80|154|147|180|4DX|E|6|H6
3|1|59|125|68|67|1S|N|9|CK
3|1|134|95|153|62|4S|N|10|CK
3|1|86|55|40|163|5CX|E|8|S4
3|1|6|34|110|8|4S|N|10|CK
3|1|65|31|149|1|4S|N|10|CA
3|1|28|92|138|79|5CX|E|8|DQ
3|1|98|181|27|136|4SX|N|10|S8
3|1|150|140|75|90|5C|E|8|S7
3|1|157|177|161|143|5C|E|8|S3
3|10|80|154|147|180|5C|N|9|SQ
3|10|59|125|68|67|3D|S|8|SA
3|10|134|95|153|62|4SX|E|10|DK
3|10|86|55|40|163|3NX|S|6|ST
3|10|6|34|110|8|3H|W|10|CK
3|10|65|31|149|1|3S|E|10
3|10|28|92|138|79|4S|E|10|DK
3|10|98|181|27|136|3NX|N|10|H7
3|10|150|140|75|90|4S|E|10|DK
3|10|157|177|161|143|4H|E|10|DK
3|11|80|154|147|180|6H|W|12|DJ
3|11|59|125|68|67|6H|E|12|C7
3|11|134|95|153|62|6N|W|12|C6
3|11|86|55|40|163|6N|W|12|SJ
3|11|6|34|110|8|6H|W|12|C6
3|11|65|31|149|1|3N|W|12|S2
3|11|28|92|138|79|6H|W|12|SJ
3|11|98|181|27|136|6H|W|12|DJ
3|11|150|140|75|90|6H|E|12|D6
3|11|157|177|161|143|4N|W|12|C3
3|12|80|154|147|180|4H|S|10|S8
3|12|59|125|68|67|4H|S|10|S8
3|12|134|95|153|62|3H|S|10|S8
3|12|86|55|40|163|3H|N|10|H7
3|12|6|34|110|8|2S|W|7|DQ
3|12|65|31|149|1|4HX|S|10|S8
3|12|28|92|138|79|4SX|W|7|DQ
3|12|98|181|27|136|4H|S|10|S8
3|12|150|140|75|90|4SX|W|7|H9
3|12|157|177|161|143|4SX|E|7|DA
3|13|80|154|147|180|5H|S|11|D5
3|13|59|125|68|67|6S|S|12|S6
3|13|134|95|153|62|5S|S|12|C4
3|13|86|55|40|163|6S|S|12|C4
3|13|6|34|110|8|4S|S|12|D8
3|13|65|31|149|1|5S|S|11|D8
3|13|28|92|138|79|6S|S|12|HA
3|13|98|181|27|136|4S|S|12|S6
3|13|150|140|75|90|6S|S|12|S6
3|13|157|177|161|143|4S|S|12|C4
3|14|80|154|147|180|1N|W|7|S9
3|14|59|125|68|67|3H|W|10|DJ
3|14|134|95|153|62|4H|W|10|CA
3|14|86|55|40|163|2S|N|8|C5
3|14|6|34|110|8|4SX|N|8|H9
3|14|65|31|149|1|3H|W|9|H6
3|14|28|92|138|79|4H|W|9|DJ
3|14|98|181|27|136|3S|N|9|H6
3|14|150|140|75|90|4H|W|10|DJ
3|14|157|177|161|143|1N|W|9|S5
3|15|80|154|147|180|3D|E|11|DT
3|15|59|125|68|67|5D|E|11|DT
3|15|134|95|153|62|5D|W|11|S3
3|15|86|55|40|163|3N|E|8|S6
3|15|6|34|110|8|2D|W|11|S4
3|15|65|31|149|1|5DX|W|7|S4
3|15|28|92|138|79|3H|N|7|CT
3|15|98|181|27|136|2D|W|10|S4
3|15|150|140|75|90|3HX|N|8|D7
3|15|157|177|161|143|2D|W|11|S4
3|16|80|154|147|180|4S|W|11|CQ
3|16|59|125|68|67|6S|W|12|DA
3|16|134|95|153|62|6S|W|12|S6
3|16|86|55|40|163|4S|W|12|CQ
3|16|6|34|110|8|5S|W|11|CQ
3|16|65|31|149|1|4S|W|11|CQ
3|16|28|92|138|79|4S|W|12|CQ
3|16|98|181|27|136|4S|W|11|H5
3|16|150|140|75|90|4S|W|11|CQ
3|16|157|177|161|143|4S|W|11|CQ
3|17|80|154|147|180|2S|E|6|C6
3|17|59|83|68|127|2D|S|9|CT
3|17|114|95|176|62|2H|W|6|D3
3|17|86|134|40|153|3D|S|9|HJ
3|17|6|34|110|8|3D|S|9|HJ
3|17|65|118|149|50|3D|S|8|HJ
3|17|28|98|138|27|2H|N|9|C2
3|17|58|181|109|136|3D|S|8|HJ
3|17|100|17|142|9|2D|S|8|HJ
3|17|140|177|90|143|2H|N|9|H3
3|18|80|154|147|180|4H|S|10|DT
3|18|59|83|68|127|3N|N|10|S8
3|18|114|95|176|62|3N|N|10|DK
3|18|86|134|40|153|4H|S|10|DT
3|18|6|34|110|8|3N|N|10|DK
3|18|65|118|149|50|4H|S|10|DT
3|18|28|98|138|27|4S|N|9|DK
3|18|58|181|109|136|3N|N|10|DK
3|18|100|17|142|9|4H|S|10|D8
3|18|140|177|90|143|3N|N|10|S4
3|19|80|154|147|180|4S|W|11|D3
3|19|59|83|68|127|4S|E|12|D5
3|19|114|95|176|62|4S|E|11|D3
3|19|86|134|40|153|6S|E|11|C8
3|19|6|34|110|8|4S|W|11|D4
3|19|65|118|149|50|5S|W|11|D4
3|19|28|98|138|27|6S|W|10|D4
3|19|58|181|109|136|4S|W|11|CK
3|19|100|17|142|9|4S|W|11|D4
3|19|140|177|90|143|2H|E|6|D5
3|2|80|154|147|180|2S|W|10|DK
3|2|59|125|68|67|4S|W|10|DK
3|2|134|95|153|62|4S|E|10|CJ
3|2|86|55|40|163|4S|W|10|HQ
3|2|6|34|110|8|2S|W|10|HQ
3|2|65|31|149|1|2S|W|9|HK
3|2|28|92|138|79|3S|W|10|HK
3|2|98|181|27|136|2S|W|9|HK
3|2|150|140|75|90|4S|W|10|DK
3|2|157|177|161|143|3S|W|9|HK
3|20|80|154|147|180|4S|S|11|DK
3|20|59|83|68|127|4S|S|10|DK
3|20|114|95|176|62|4S|S|10|DK
3|20|86|134|40|153|4S|S|9|DA
3|20|6|34|110|8|4S|N|11|C6
3|20|65|118|149|50|4S|S|10|DA
3|20|28|98|138|27|4S|S|9|DK
3|20|58|181|109|136|4S|S|9|DA
3|20|100|17|142|9|4S|S|9|DK
3|20|140|177|90|143|3S|S|10|DK
3|21|80|154|147|180|4S|S|10|CJ
3|21|59|83|68|127|3D|N|10|SA
3|21|114|95|176|62|3D|N|10|SA
3|21|86|134|40|153|4S|S|10|CJ
3|21|6|34|110|8|4D|N|9|HK
3|21|65|118|149|50|4S|S|10|CJ
3|21|28|98|138|27|3D|N|10|SA
3|21|58|181|109|136|5H|W|8|D6
3|21|100|17|142|9|3D|N|9|SA
3|21|140|177|90|143|4H|E|8|D6
3|22|80|154|147|180|3N|W|8|S5
3|22|59|83|68|127|3N|E|10|S8
3|22|114|95|176|62|3N|E|8|C4
3|22|86|134|40|153|3N|W|9|S2
3|22|6|34|110|8|3N|E|8|S7
3|22|65|118|149|50|3N|E|8|CQ
3|22|28|98|138|27|3N|W|9|S2
3|22|58|181|109|136|3N|E|8|CQ
3|22|100|17|142|9|3N|E|8|C4
3|22|140|177|90|143|3N|W|9|S2
3|23|80|154|147|180|5C|S|12|DA
3|23|59|83|68|127|6C|S|11|CT
3|23|114|95|176|62|5C|S|11|DA
3|23|86|134|40|153|5C|S|11|DA
3|23|6|34|110|8|3C|N|11|DQ
3|23|65|118|149|50|3N|N|11|DQ
3|23|28|98|138|27|3N|N|11|DQ
3|23|58|181|109|136|3N|N|11|DQ
3|23|100|17|142|9|5C|S|13|S7
3|23|140|177|90|143|5C|S|12|DA
3|24|80|154|147|180|4H|N|12|DQ
3|24|59|83|68|127|4H|N|12|DQ
3|24|114|95|176|62|4H|N|12|H9
3|24|86|134|40|153|6H|N|11|CK
3|24|6|34|110|8|4H|N|12|CK
3|24|65|118|149|50|4H|S|11|S2
3|24|28|98|138|27|4H|N|11|C2
3|24|58|181|109|136|4H|N|11|CK
3|24|100|17|142|9|5H|N|12|DQ
3|24|140|177|90|143|4H|N|12|DQ
3|25|80|154|147|180|5CX|N|9|SA
3|25|59|83|68|127|5CX|N|9|HA
3|25|114|95|176|62|2S|W|13|HQ
3|25|86|134|40|153|4H|E|10|DK
3|25|6|34|110|8|5CX|N|9|SA
3|25|65|118|149|50|5DX|N|9|HA
3|25|28|98|138|27|4H|E|11|DK
3|25|58|181|109|136|5C|N|9|HA
3|25|100|17|142|9|3H|E|10|DK
3|25|140|177|90|143|5CX|N|9|HA
3|26|80|154|147|180|3N|W|9|S4
3|26|59|83|68|127|3N|W|9|S5
3|26|114|95|176|62|3N|E|9|S2
3|26|86|134|40|153|3N|W|9|S5
3|26|6|34|110|8|3N|W|11|HK
3|26|65|118|149|50|3N|W|10|HK
3|26|28|98|138|27|3N|W|11|DA
3|26|58|181|109|136|3N|W|10|DA
3|26|100|17|142|9|3N|E|10|S6
3|26|140|177|90|143|3N|W|10|S4
3|27|80|154|147|180|3N|E|6|HT
3|27|59|83|68|127|2N|W|7|D9
3|27|114|95|176|62|2N|W|6|D3
3|27|86|134|40|153|5C|W|11|S4
3|27|6|34|110|8|6C|W|11|D9
3|27|65|118|149|50|5C|E|11|S2
3|27|28|98|138|27|3N|W|8|D4
3|27|58|181|109|136|3N|W|6|S4
3|27|100|17|142|9|3N|W|8|D9
3|27|140|177|90|143|4C|W|10|HQ
3|28|80|154|147|180|3D|N|11|H3
3|28|59|83|68|127|3N|S|9|CK
3|28|114|95|176|62|1NX|W|5|S3
3|28|86|134|40|153|2N|S|8|CK
3|28|6|34|110|8|2N|S|9|CA
3|28|65|118|149|50|1NX|W|5|H2
3|28|28|98|138|27|P||0
3|28|58|181|109|136|2D|S|10|CQ
3|28|100|17|142|9|2N|S|9|CK
3|28|140|177|90|143|1N|E|4|SQ
3|29|80|154|147|180|3S|S|10|CK
3|29|59|83|68|127|7DX|S|10|H3
3|29|114|95|176|62|6D|N|11|H8
3|29|86|134|40|153|4S|N|10|D2
3|29|6|34|110|8|4S|N|11|H8
3|29|65|118|149|50|6D|N|11|H7
3|29|28|98|138|27|4S|N|11|H8
3|29|58|181|109|136|4S|N|10|C2
3|29|100|17|142|9|6D|S|11|CK
3|29|140|177|90|143|4S|N|10|HK
3|3|80|154|147|180|2S|N|8|D6
3|3|59|125|68|67|2S|S|8|HA
3|3|134|95|153|62|3C|W|6|HT
3|3|86|55|40|163|2S|N|9|SQ
3|3|6|34|110|8|2S|S|8|D9
3|3|65|31|149|1|3NX|E|6|S4
3|3|28|92|138|79|2N|W|6|S8
3|3|98|181|27|136|1S|S|9|HA
3|3|150|140|75|90|2S|S|9|HA
3|3|157|177|161|143|2S|N|9|SQ
3|30|80|154|147|180|4S|S|10|HJ
3|30|59|83|68|127|4S|S|10|HJ
3|30|114|95|176|62|4S|S|10|DQ
3|30|86|134|40|153|4S|S|10|HJ
3|30|6|34|110|8|4S|S|11|HJ
3|30|65|118|149|50|4S|S|11|HJ
3|30|28|98|138|27|4S|S|11|DQ
3|30|58|181|109|136|4S|S|11|HJ
3|30|100|17|142|9|4S|S|10|HJ
3|30|140|177|90|143|4S|S|10|HJ
3|31|80|154|147|180|7S|S|13|CK
3|31|59|83|68|127|7N|N|13|D3
3|31|114|95|176|62|4H|N|13|C2
3|31|86|134|40|153|7N|S|13|H7
3|31|6|34|110|8|7H|N|13|C9
3|31|65|118|149|50|7N|N|13|H6
3|31|28|98|138|27|7N|N|13|C9
3|31|58|181|109|136|7N|N|13|S2
3|31|100|17|142|9|6N|N|13|D8
3|31|140|177|90|143|7S|N|13|C2
3|32|80|154|147|180|4H|S|9|CK
3|32|59|83|68|127|4H|S|10|CK
3|32|114|95|176|62|4H|S|10|CK
3|32|86|134|40|153|4H|S|10|CK
3|32|6|34|110|8|4H|S|10|CK
3|32|65|118|149|50|4H|S|11|CK
3|32|28|98|138|27|4H|S|9|CK
3|32|58|181|109|136|4H|S|9|CK
3|32|100|17|142|9|4H|S|9|CQ
3|32|140|177|90|143|4H|S|9|CQ
3|4|80|154|147|180|3N|W|10|S6
3|4|59|125|68|67|3N|E|11|H3
3|4|134|95|153|62|3N|E|11|ST
3|4|86|55|40|163|3N|E|11|S9
3|4|6|34|110|8|3N|E|10|ST
3|4|65|31|149|1|3N|W|11|C6
3|4|28|92|138|79|3N|W|9|CQ
3|4|98|181|27|136|3N|E|10|ST
3|4|150|140|75|90|3N|W|11|C5
3|4|157|177|161|143|3N|E|10|ST
3|5|80|154|147|180|2D|W|10|CA
3|5|59|125|68|67|2D|W|9|CA
3|5|134|95|153|62|1D|N|4|SA
3|5|86|55|40|163|1D|N|4|SK
3|5|6|34|110|8|1D|N|3|SK
3|5|65|31|149|1|3C|N|7|SK
3|5|28|92|138|79|2H|E|8|C4
3|5|98|181|27|136|3D|W|10|CK
3|5|150|140|75|90|4H|E|10|S5
3|5|157|177|161|143|3H|E|9|D9
3|6|80|154|147|180|5H|S|12|ST
3|6|59|125|68|67|6H|N|12|S3
3|6|134|95|153|62|6H|N|12|H6
3|6|86|55|40|163|4H|S|12|ST
3|6|6|34|110|8|6H|S|12|S9
3|6|65|31|149|1|4H|S|12|D3
3|6|28|92|138|79|5H|N|12|S4
3|6|98|181|27|136|2N|N|12|D8
3|6|150|140|75|90|6H|S|12|ST
3|6|157|177|161|143|7H|S|12|H8
3|7|80|154|147|180|3N|W|10|HK
3|7|59|125|68|67|3N|E|9|H3
3|7|134|95|153|62|3N|W|7|H2
3|7|86|55|40|163|3N|W|10|H2
3|7|6|34|110|8|3N|W|10|H2
3|7|65|31|149|1|3N|W|10|H3
3|7|28|92|138|79|3N|W|9|S3
3|7|98|181|27|136|3N|W|10|H2
3|7|150|140|75|90|3N|W|10|H2
3|7|157|177|161|143|3N|E|9|C9
3|8|80|154|147|180|2S|N|7|DT
3|8|59|125|68|67|4H|N|6|DT
3|8|134|95|153|62|3D|W|7|D2
3|8|86|55|40|163|3D|W|6|SJ
3|8|6|34|110|8|3HX|N|7|DT
3|8|65|31|149|1|3D|W|7|SJ
3|8|28|92|138|79|3D|W|9|SJ
3|8|98|181|27|136|2S|N|8|DT
3|8|150|140|75|90|5D|W|7|D2
3|8|157|177|161|143|3D|W|7|SJ
3|9|80|154|147|180|2H|N|9|H4
3|9|59|125|68|67|2S|N|9|S4
3|9|134|95|153|62|2S|S|9|H5
3|9|86|55|40|163|2S|N|9|H4
3|9|6|34|110|8|2S|N|9|S4
3|9|65|31|149|1|2S|S|9|C5
3|9|28|92|138|79|1N|N|8|S8
3|9|98|181|27|136|2S|S|8|C5
3|9|150|140|75|90|1N|N|9|H5
3|9|157|177|161|143|1N|N|8|S8
4|1|86|125|40|67|3N|N|10|H7
4|1|83|95|127|62|3N|N|7|H7
4|1|65|29|149|102|6N|N|9|H5
4|1|114|34|176|8|3N|N|8|H5
4|1|58|31|109|1|4N|N|10|D8
4|1|118|92|50|79|3N|N|10|H8
4|1|157|181|161|136|3N|N|11|H4
4|1|138|17|126|9|3N|N|10|C3
4|1|177|170|143|178|3N|N|8|C7
4|1|59|100|68|142|3N|N|8|H7
4|10|86|125|40|67|1N|W|9|ST
4|10|83|95|127|62|3D|E|9|H5
4|10|65|29|149|102|3H|S|9|H2
4|10|114|34|176|8|4HX|S|9|D4
4|10|58|31|109|1|3D|E|9|H5
4|10|118|92|50|79|3N|W|7|S9
4|10|157|181|161|136|3N|W|9|S3
4|10|138|17|126|9|3N|W|9|ST
4|10|177|170|143|178|2H|S|10|D8
4|10|59|100|68|142|1N|W|9|ST
4|11|86|125|40|67|1N|W|9|C3
4|11|83|95|127|62|3N|W|8|C3
4|11|65|29|149|102|1N|W|9|HA
4|11|114|34|176|8|1N|W|8|C4
4|11|58|31|109|1|1N|W|9|C3
4|11|118|92|50|79|1N|W|9|C3
4|11|157|181|161|136|1N|W|9|C4
4|11|138|17|126|9|1N|W|7|S8
4|11|177|170|143|178|3N|W|7|S8
4|11|59|100|68|142|3N|W|9|S8
4|12|86|125|40|67|4S|W|10|D2
4|12|83|95|127|62|4S|W|10|S4
4|12|65|29|149|102|4S|W|10|D2
4|12|114|34|176|8|4S|W|10|HA
4|12|58|31|109|1|4S|W|10|HA
4|12|118|92|50|79|4S|W|11|HA
4|12|157|181|161|136|4S|W|10|S4
4|12|138|17|126|9|4S|W|10|HA
4|12|177|170|143|178|4S|W|10|HA
4|12|59|100|68|142|4S|W|10|S8
4|13|86|125|40|67|3D|W|10|SA
4|13|83|95|127|62|4S|N|10|S5
4|13|65|29|149|102|2H|N|9|DK
4|13|114|34|176|8|4S|N|9|S5
4|13|58|31|109|1|2S|N|10|D8
4|13|118|92|50|79|3D|W|10|SA
4|13|157|181|161|136|4H|N|9|D8
4|13|138|17|126|9|4S|N|10|H6
4|13|177|170|143|178|3S|N|9|S5
4|13|59|100|68|142|4H|S|11|CQ
4|14|86|125|40|67|3N|S|8|HQ
4|14|83|95|127|62|2N|N|8|HT
4|14|65|29|149|102|3D|S|9|D6
4|14|114|34|176|8|3D|S|9|SQ
4|14|58|31|109|1|2D|S|8|SQ
4|14|118|92|50|79|3D|S|8|D6
4|14|157|181|161|136|3D|S|9|SQ
4|14|138|17|126|9|3D|S|8|SQ
4|14|177|170|143|178|2D|S|9|CT
4|14|59|100|68|142|2D|S|9|CT
4|15|86|125|40|67|3S|N|10|DT
4|15|83|95|127|62|4H|E|8|DK
4|15|65|29|149|102|4S|N|10|DT
4|15|114|34|176|8|4S|N|11|C6
4|15|58|31|109|1|4HX|E|8|DK
4|15|118|92|50|79|4S|N|10|HA
4|15|157|181|161|136|3S|N|11|DT
4|15|138|17|126|9|4S|N|11|C6
4|15|177|170|143|178|3N|S|10|C2
4|15|59|100|68|142|4S|N|12|DT
4|16|86|125|40|67|4H|W|10|C3
4|16|83|95|127|62|4H|E|9|D4
4|16|65|29|149|102|4H|W|10|C2
4|16|114|34|176|8|4H|W|10|C3
4|16|58|31|109|1|3H|W|10|C3
4|16|118|92|50|79|5DX|N|7|S4
4|16|157|181|161|136|2DX|N|7|S2
4|16|138|17|126|9|2DX|N|7|S4
4|16|177|170|143|178|3N|E|9|D3
4|16|59|100|68|142|5H|W|11|C3
4|17|86|80|40|147|1N|N|7|HT
4|17|83|95|127|62|2D|N|9|D5
4|17|65|29|149|102|1N|N|7|S5
4|17|55|34|163|8|1N|N|8|S2
4|17|98|31|27|1|1N|N|8|D5
4|17|118|92|50|79|1N|N|8|S2
4|17|17|181|9|136|1N|N|9|S2
4|17|138|157|126|161|1N|N|7|HT
4|17|177|170|143|178|1N|N|8|S2
4|17|71|100|11|142|1N|N|8|S5
4|18|86|80|40|147|3D|N|9|C3
4|18|83|95|127|62|3D|N|9|S3
4|18|65|29|149|102|3D|N|9|D5
4|18|55|34|163|8|3N|S|8|H6
4|18|98|31|27|1|3N|N|7|HA
4|18|118|92|50|79|3D|N|9|DJ
4|18|17|181|9|136|3D|N|9|DJ
4|18|138|157|126|161|3D|N|9|D2
4|18|177|170|143|178|3D|N|9|HA
4|18|71|100|11|142|3N|S|8|H5
4|19|86|80|40|147|6S|N|12|HJ
4|19|83|95|127|62|6S|N|9|DJ
4|19|65|29|149|102|6S|S|10|CJ
4|19|55|34|163|8|4S|N|11|CQ
4|19|98|31|27|1|6S|N|12|DJ
4|19|118|92|50|79|6S|S|11|DA
4|19|17|181|9|136|4S|N|13|HJ
4|19|138|157|126|161|4S|N|12|HJ
4|19|177|170|143|178|6S|N|10|DJ
4|19|71|100|11|142|4S|S|12|CJ
4|2|86|125|40|67|3N|S|11|H5
4|2|83|95|127|62|5D|S|11|SJ
4|2|65|29|149|102|5D|S|11|SJ
4|2|114|34|176|8|5D|S|11|SJ
4|2|58|31|109|1|3N|S|11|H3
4|2|118|92|50|79|6D|S|12|H3
4|2|157|181|161|136|5D|S|12|SJ
4|2|138|17|126|9|5D|S|11|SJ
4|2|177|170|143|178|3N|N|11|D7
4|2|59|100|68|142|6D|S|11|SJ
4|20|86|80|40|147|3N|E|9|S2
4|20|83|95|127|62|3N|W|9|H4
4|20|65|29|149|102|3N|W|9|H4
4|20|55|34|163|8|3N|W|9|H4
4|20|98|31|27|1|3N|W|9|H4
4|20|118|92|50|79|3N|W|10|H4
4|20|17|181|9|136|3N|W|9|H4
4|20|138|157|126|161|3N|W|9|H4
4|20|177|170|143|178|3N|W|10|H6
4|20|71|100|11|142|3N|W|9|S2
4|21|86|80|40|147|2D|W|9|CA
4|21|83|95|127|62|2D|W|9|CK
4|21|65|29|149|102|3D|W|9|CA
4|21|55|34|163|8|3N|W|4|CK
4|21|98|31|27|1|2D|W|9|CK
4|21|118|92|50|79|4H|E|6|S9
4|21|17|181|9|136|3D|W|9|CA
4|21|138|157|126|161|3D|W|9|CA
4|21|177|170|143|178|3D|W|9|CK
4|21|71|100|11|142|3D|W|9|CA
4|22|86|80|40|147|2H|W|7|S7
4|22|83|95|127|62|2H|W|7|S6
4|22|65|29|149|102|4HX|W|9|HJ
4|22|55|34|163|8|3C|E|8|SQ
4|22|98|31|27|1|2H|W|7|S7
4|22|118|92|50|79|2H|E|9|S7
4|22|17|181|9|136|2H|W|6|S7
4|22|138|157|126|161|2S|S|7|C6
4|22|177|170|143|178|3C|W|8|SQ
4|22|71|100|11|142|3C|E|8|SQ
4|23|86|80|40|147|2SX|W|5|HK
4|23|83|95|127|62|3N|S|10|SK
4|23|65|29|149|102|2SX|W|6|HA
4|23|55|34|163|8|3NX|N|9|S7
4|23|98|31|27|1|3N|S|9|H7
4|23|118|92|50|79|3H|N|8|S7
4|23|17|181|9|136|4H|N|8|S7
4|23|138|157|126|161|4H|N|8|S7
4|23|177|170|143|178|3H|N|9|S7
4|23|71|100|11|142|3H|N|9|S7
4|24|86|80|40|147|2S|E|9|CK
4|24|83|95|127|62|3S|E|9|CK
4|24|65|29|149|102|2S|E|9|CK
4|24|55|34|163|8|2S|E|9|CK
4|24|98|31|27|1|2S|E|9|CK
4|24|118|92|50|79|4S|E|9|CK
4|24|17|181|9|136|2S|E|9|CK
4|24|138|157|126|161|2S|E|9|CK
4|24|177|170|143|178|3H|N|7|SA
4|24|71|100|11|142|2S|E|9|CK
4|25|86|80|40|147|3H|S|12|D3
4|25|83|95|127|62|4H|N|12|SA
4|25|65|29|149|102|4H|S|12|CT
4|25|55|34|163|8|4SX|W|7|HJ
4|25|98|31|27|1|4H|N|12|SQ
4|25|118|92|50|79|4H|N|12|SA
4|25|17|181|9|136|4H|N|13|D3
4|25|138|157|126|161|4H|S|13|D2
4|25|177|170|143|178|4H|N|11|SA
4|25|71|100|11|142|2H|S|11|D2
4|26|86|80|40|147|2N|S|7|H5
4|26|83|95|127|62|1N|S|7|C9
4|26|65|29|149|102|2N|S|7|H7
4|26|55|34|163|8|1N|N|6|D2
4|26|98|31|27|1|2S|N|9|D2
4|26|118|92|50|79|1N|S|6|C2
4|26|17|181|9|136|2S|N|8|D2
4|26|138|157|126|161|1N|S|7|C2
4|26|177|170|143|178|1N|S|7|H4
4|26|71|100|11|142|1N|S|7|C2
4|27|86|80|40|147|4S|S|11|HA
4|27|83|95|127|62|4S|S|11|C6
4|27|65|29|149|102|6SX|S|11|HA
4|27|55|34|163|8|4S|S|11|DA
4|27|98|31|27|1|4S|N|11|D7
4|27|118|92|50|79|6S|S|11|HA
4|27|17|181|9|136|4S|S|11|C3
4|27|138|157|126|161|4S|S|11|S5
4|27|177|170|143|178|4S|S|12|DA
4|27|71|100|11|142|3N|N|10|H4
4|28|86|80|40|147|2H|S|10|DA
4|28|83|95|127|62|3H|N|8|CK
4|28|65|29|149|102|3S|E|7|H9
4|28|55|34|163|8|4S|W|6|HK
4|28|98|31|27|1|5D|E|9|HJ
4|28|118|92|50|79|3H|N|9|DQ
4|28|17|181|9|136|3H|S|8|DA
4|28|138|157|126|161|2H|N|9|CK
4|28|177|170|143|178|1N|W|7|H6
4|28|71|100|11|142|2H|N|8|DQ
4|29|86|80|40|147|4H|E|10|D5
4|29|83|95|127|62|4H|E|10|SK
4|29|65|29|149|102|5H|W|11|SA
4|29|55|34|163|8|4H|W|10|SA
4|29|98|31|27|1|4H|W|10|C2
4|29|118|92|50|79|4H|W|10|D9
4|29|17|181|9|136|4H|W|10|D3
4|29|138|157|126|161|4H|W|10|D3
4|29|177|170|143|178|2S|N|10|HA
4|29|71|100|11|142|4H|W|10|SA
4|3|86|125|40|67|4S|E|10|C6
4|3|83|95|127|62|4S|W|10|D2
4|3|65|29|149|102|4S|E|9|S3
4|3|114|34|176|8|4S|W|10|C4
4|3|58|31|109|1|4S|E|9|S2
4|3|118|92|50|79|4S|W|11|C3
4|3|157|181|161|136|4S|W|11|C8
4|3|138|17|126|9|4S|W|10|C3
4|3|177|170|143|178|4S|W|10|D7
4|3|59|100|68|142|4S|E|11|C6
4|30|86|80|40|147|3N|E|11|S8
4|30|83|95|127|62|5C|E|11|HK
4|30|65|29|149|102|3N|W|12|HJ
4|30|55|34|163|8|3N|E|10|HK
4|30|98|31|27|1|3N|E|10|HK
4|30|118|92|50|79|3N|E|12|HK
4|30|17|181|9|136|4C|E|10|HK
4|30|138|157|126|161|3N|E|9|D2
4|30|177|170|143|178|3N|E|12|HK
4|30|71|100|11|142|3N|E|10|S8
4|31|86|80|40|147|3S|N|10|CK
4|31|83|95|127|62|4C|E|9|DJ
4|31|65|29|149|102|4S|N|10|DK
4|31|55|34|163|8|3N|E|6|S9
4|31|98|31|27|1|4S|N|10|CK
4|31|118|92|50|79|2C|E|10|DJ
4|31|17|181|9|136|5CX|E|10|DJ
4|31|138|157|126|161|5CX|E|8|S5
4|31|177|170|143|178|4S|N|10|DK
4|31|71|100|11|142|3S|N|10|CK
4|32|86|80|40|147|6N|E|11|SK
4|32|83|95|127|62|6D|E|12|SK
4|32|65|29|149|102|6DX|E|12|D3
4|32|55|34|163|8|4S|W|10|D8
4|32|98|31|27|1|5S|W|10|D8
4|32|118|92|50|79|6D|E|12|D2
4|32|17|181|9|136|3N|E|10|HQ
4|32|138|157|126|161|5S|E|10|D6
4|32|177|170|143|178|6D|E|13|D2
4|32|71|100|11|142|6N|E|11|SA
4|4|86|125|40|67|4S|S|10|HK
4|4|83|95|127|62|4S|S|10|D2
4|4|65|29|149|102|4S|N|8|HJ
4|4|114|34|176|8|3C|E|8|S5
4|4|58|31|109|1|5CX|W|8|DK
4|4|118|92|50|79|3S|S|9|HQ
4|4|157|181|161|136|4S|S|8|HK
4|4|138|17|126|9|4S|S|10|D2
4|4|177|170|143|178|1H|W|8|DK
4|4|59|100|68|142|4S|N|10|HJ
4|5|86|125|40|67|2S|N|7|CJ
4|5|83|95|127|62|2S|N|7|CJ
4|5|65|29|149|102|2S|N|7|CJ
4|5|114|34|176|8|2S|N|9|H8
4|5|58|31|109|1|2S|N|7|D6
4|5|118|92|50|79|2S|N|7|D6
4|5|157|181|161|136|2S|N|8|H8
4|5|138|17|126|9|2S|N|8|CJ
4|5|177|170|143|178|2S|N|7|CJ
4|5|59|100|68|142|3D|W|8|SQ
4|6|86|125|40|67|4H|E|10|D8
4|6|83|95|127|62|3H|E|9|C6
4|6|65|29|149|102|4H|W|10|CJ
4|6|114|34|176|8|4H|W|9|SK
4|6|58|31|109|1|2H|W|11|CJ
4|6|118|92|50|79|1C|W|6|SK
4|6|157|181|161|136|2H|E|10|S5
4|6|138|17|126|9|4H|W|9|CJ
4|6|177|170|143|178|4H|W|10|CJ
4|6|59|100|68|142|3H|W|9|C5
4|7|86|125|40|67|3N|E|8|D3
4|7|83|95|127|62|3N|E|7|D6
4|7|65|29|149|102|2H|E|8|C5
4|7|114|34|176|8|3N|E|8|D2
4|7|58|31|109|1|3N|E|8|D6
4|7|118|92|50|79|1N|N|4|H5
4|7|157|181|161|136|3N|E|9|S4
4|7|138|17|126|9|3N|W|6|C6
4|7|177|170|143|178|3N|E|8|D6
4|7|59|100|68|142|3N|W|9|HA
4|8|86|125|40|67|6N|W|12|HT
4|8|83|95|127|62|6N|W|12|C7
4|8|65|29|149|102|6N|W|12|H9
4|8|114|34|176|8|6N|W|12|HT
4|8|58|31|109|1|6N|W|12|HT
4|8|118|92|50|79|6N|W|12|HT
4|8|157|181|161|136|6N|W|12|HT
4|8|138|17|126|9|6N|W|12|HT
4|8|177|170|143|178|6N|E|12|S7
4|8|59|100|68|142|6N|W|12|HT
4|9|86|125|40|67|4S|W|11|CK
4|9|83|95|127|62|6S|W|11|CK
4|9|65|29|149|102|5S|W|11|CA
4|9|114|34|176|8|5S|W|11|CA
4|9|58|31|109|1|5HX|S|10|DA
4|9|118|92|50|79|6S|E|12|HA
4|9|157|181|161|136|6HX|S|10|DA
4|9|138|17|126|9|4HX|S|10|DA
4|9|177|170|143|178|5S|W|11|CK
4|9|59|100|68|142|5S|W|11|CA
5|1|83|34|127|8|2S|S|10|CK
5|1|65|125|149|67|2S|S|10|CK
5|1|55|92|163|79|3D|E|5|SA
5|1|58|29|109|102|3S|S|10|CK
5|1|6|138|110|126|1N|N|8|HK
5|1|181|31|136|1|3C|W|8|S7
5|1|86|100|40|142|2S|S|10|CK
5|1|177|95|143|62|3C|W|8|S2
5|1|170|140|178|90|2S|S|10|CK
5|1|157|71|161|11|4C|W|9|S2
5|10|83|34|127|8|1N|S|6|HJ
5|10|65|125|149|67|1N|S|5|HJ
5|10|55|92|163|79|3C|S|8|HJ
5|10|58|29|109|102|2H|W|8|C5
5|10|6|138|110|126|2H|W|9|DT
5|10|181|31|136|1|1N|S|7|SQ
5|10|86|100|40|142|2S|S|7|HJ
5|10|177|95|143|62|1N|S|5|H9
5|10|170|140|178|90|1N|S|5|HJ
5|10|157|71|161|11|2C|S|6|C6
5|11|83|34|127|8|3CX|S|8|H5
5|11|65|125|149|67|3N|E|8|CK
5|11|55|92|163|79|2S|S|7|SK
5|11|58|29|109|102|2S|W|7|S3
5|11|6|138|110|126|3N|W|8|C3
5|11|181|31|136|1|1N|S|6|DJ
5|11|86|100|40|142|2D|W|10|C3
5|11|177|95|143|62|2S|N|5|DQ
5|11|170|140|178|90|3N|E|8|CK
5|11|157|71|161|11|3NX|E|9|CK
5|12|83|34|127|8|2H|E|9|D2
5|12|65|125|149|67|2H|W|9|DT
5|12|55|92|163|79|4H|E|9|D8
5|12|58|29|109|102|2H|W|9|DT
5|12|6|138|110|126|4H|E|9|D2
5|12|181|31|136|1|2D|E|9|S2
5|12|86|100|40|142|3N|E|8|S2
5|12|177|95|143|62|2H|W|9|DT
5|12|170|140|178|90|2H|W|10|DT
5|12|157|71|161|11|2H|W|9|DT
5|13|83|34|127|8|4H|S|11|DA
5|13|65|125|149|67|5C|N|8|S6
5|13|55|92|163|79|4H|N|9|S7
5|13|58|29|109|102|4H|S|10|DA
5|13|6|138|110|126|4HX|S|9|DA
5|13|181|31|136|1|4H|S|10|S3
5|13|86|100|40|142|4H|S|10|DA
5|13|177|95|143|62|5DX|W|9|D3
5|13|170|140|178|90|4H|N|10|DK
5|13|157|71|161|11|4H|S|10|DA
5|14|83|34|127|8|3S|S|10|DK
5|14|65|125|149|67|4S|S|10|CA
5|14|55|92|163|79|4S|S|10|DK
5|14|58|29|109|102|4S|S|10|DA
5|14|6|138|110|126|4S|S|9|CA
5|14|181|31|136|1|4S|S|9|DA
5|14|86|100|40|142|4S|S|10|DA
5|14|177|95|143|62|4S|S|9|DA
5|14|170|140|178|90|4S|S|11|CA
5|14|157|71|161|11|4S|S|9|DA
5|15|83|34|127|8|4H|S|9|CJ
5|15|65|125|149|67|4H|N|11|CA
5|15|55|92|163|79|3N|S|6|DT
5|15|58|29|109|102|4H|S|8|DT
5|15|6|138|110|126|3N|S|5|D6
5|15|181|31|136|1|3N|S|8|D6
5|15|86|100|40|142|4H|S|9|CJ
5|15|177|95|143|62|4H|N|10|H7
5|15|170|140|178|90|4HX|S|8|CJ
5|15|157|71|161|11|3C|E|7|SJ
5|16|83|34|127|8|3S|W|10|S4
5|16|65|125|149|67|4S|E|11|HJ
5|16|55|92|163|79|2S|E|10|HJ
5|16|58|29|109|102|4S|W|11|HA
5|16|6|138|110|126|4S|E|10|HJ
5|16|181|31|136|1|5CX|N|9|C4
5|16|86|100|40|142|4S|E|11|HJ
5|16|177|95|143|62|4SX|W|10|S6
5|16|170|140|178|90|4S|W|11|HA
5|16|157|71|161|11|5CX|N|9|SA
5|17|80|34|147|8|3N|W|10|CK
5|17|65|125|149|67|3N|W|10|CQ
5|17|114|98|176|27|4H|W|10|CK
5|17|58|55|109|163|3N|W|10|CQ
5|17|118|138|50|126|6H|W|11|CK
5|17|181|6|136|110|3N|W|10|CK
5|17|95|177|62|143|6H|W|11|CK
5|17|100|86|142|40|4H|W|11|CK
5|17|170|140|178|90|3N|W|11|CK
5|17|17|59|9|68|6H|W|11|CK
5|18|80|34|147|8|3H|W|10|C3
5|18|65|125|149|67|2H|W|11|HK
5|18|114|98|176|27|3D|E|10|CQ
5|18|58|55|109|163|4H|W|10|C8
5|18|118|138|50|126|4H|W|11|C9
5|18|181|6|136|110|4H|W|10|C8
5|18|95|177|62|143|2H|W|10|C2
5|18|100|86|142|40|4H|W|11|C2
5|18|170|140|178|90|4H|W|10|C6
5|18|17|59|9|68|2H|W|9|C8
5|19|80|34|147|8|3N|S|6|S6
5|19|65|125|149|67|3N|S|8|H5
5|19|114|98|176|27|5D|S|9|SA
5|19|58|55|109|163|5D|S|11|SA
5|19|118|138|50|126|5D|S|11|C6
5|19|181|6|136|110|5D|S|9|SA
5|19|95|177|62|143|4D|S|9|SA
5|19|100|86|142|40|2S|W|8|CK
5|19|170|140|178|90|3N|S|6|S6
5|19|17|59|9|68|5D|S|10|SA
5|2|83|34|127|8|2D|N|9|HQ
5|2|65|125|149|67|3N|N|9|HQ
5|2|55|92|163|79|3N|N|7|HQ
5|2|58|29|109|102|3N|N|7|H2
5|2|6|138|110|126|3N|S|8|H3
5|2|181|31|136|1|2D|N|9|HQ
5|2|86|100|40|142|2D|N|9|HQ
5|2|177|95|143|62|3S|S|7|H6
5|2|170|140|178|90|2S|S|8|H3
5|2|157|71|161|11|2S|S|9|H3
5|20|80|34|147|8|2H|W|7|H2
5|20|65|125|149|67|2H|W|8|D6
5|20|114|98|176|27|4H|W|9|ST
5|20|58|55|109|163|3C|E|9|SA
5|20|118|138|50|126|3C|E|10|SA
5|20|181|6|136|110|3N|W|8|ST
5|20|95|177|62|143|2H|W|8|CJ
5|20|100|86|142|40|3N|W|9|ST
5|20|170|140|178|90|4H|W|8|D6
5|20|17|59|9|68|2H|W|8|CJ
5|21|80|34|147|8|4S|S|12|CQ
5|21|65|125|149|67|4S|N|12|DQ
5|21|114|98|176|27|4S|N|12|H7
5|21|58|55|109|163|5C|N|12|H4
5|21|118|138|50|126|7DX|W|6|S3
5|21|181|6|136|110|4S|N|12|H9
5|21|95|177|62|143|4S|S|12|H3
5|21|100|86|142|40|4S|S|12|H5
5|21|170|140|178|90|4S|N|12|DQ
5|21|17|59|9|68|4S|N|12
5|22|80|34|147|8|4H|E|8|SK
5|22|65|125|149|67|4S|N|8|HK
5|22|114|98|176|27|4S|N|8|D7
5|22|58|55|109|163|4S|N|8|HA
5|22|118|138|50|126|2H|E|8|CK
5|22|181|6|136|110|4S|N|8|HA
5|22|95|177|62|143|4S|N|8|D7
5|22|100|86|142|40|4S|N|8|HK
5|22|170|140|178|90|3H|E|9|DQ
5|22|17|59|9|68|3S|N|8|HQ
5|23|80|34|147|8|2H|W|9|H4
5|23|65|125|149|67|1N|W|8|S5
5|23|114|98|176|27|3N|W|8|S3
5|23|58|55|109|163|2H|E|8|S2
5|23|118|138|50|126|3N|E|7|S5
5|23|181|6|136|110|3N|W|7|S5
5|23|95|177|62|143|1N|W|8|S3
5|23|100|86|142|40|3C|E|10|HQ
5|23|170|140|178|90|3H|W|8|H3
5|23|17|59|9|68|3N|W|7|S4
5|24|80|34|147|8|3S|N|10|DK
5|24|65|125|149|67|2S|N|9|C2
5|24|114|98|176|27|1N|N|8|C5
5|24|58|55|109|163|1N|N|8|C2
5|24|118|138|50|126|3S|N|10|DK
5|24|181|6|136|110|3S|N|10|DK
5|24|95|177|62|143|1N|N|9|C5
5|24|100|86|142|40|3S|N|9|H5
5|24|170|140|178|90|3S|N|10|DQ
5|24|17|59|9|68|2S|N|10|DK
5|25|80|34|147|8|5D|S|10|H7
5|25|65|125|149|67|3D|N|11|HK
5|25|114|98|176|27|3D|N|9|HK
5|25|58|55|109|163|3HX|E|7|CQ
5|25|118|138|50|126|3H|E|7|D4
5|25|181|6|136|110|3H|E|7|D5
5|25|95|177|62|143|3H|E|4|C4
5|25|100|86|142|40|3N|W|4|DJ
5|25|170|140|178|90|3D|N|9|HK
5|25|17|59|9|68|3D|N|10|HA
5|26|80|34|147|8|2S|W|8|DK
5|26|65|125|149|67|3H|S|9|C2
5|26|114|98|176|27|2H|S|9|SK
5|26|58|55|109|163|2H|S|9|C2
5|26|118|138|50|126|3D|N|9|C6
5|26|181|6|136|110|3D|S|9|C2
5|26|95|177|62|143|2H|S|10|C2
5|26|100|86|142|40|2H|S|8|SQ
5|26|170|140|178|90|2H|S|9|H9
5|26|17|59|9|68|2H|S|9|SK
5|27|80|34|147|8|5C|S|13|D9
5|27|65|125|149|67|6C|S|11|SA
5|27|114|98|176|27|6C|N|11|SA
5|27|58|55|109|163|6C|N|11|SA
5|27|118|138|50|126|5C|N|11|HA
5|27|181|6|136|110|5C|N|11|D6
5|27|95|177|62|143|5C|N|11|SA
5|27|100|86|142|40|5C|S|11|D9
5|27|170|140|178|90|6CX|S|12|DQ
5|27|17|59|9|68|5C|N|11|SA
5|28|80|34|147|8|3N|N|9|S7
5|28|65|125|149|67|4S|N|10|H3
5|28|114|98|176|27|2N|N|8|H2
5|28|58|55|109|163|3S|N|9|H2
5|28|118|138|50|126|3N|S|8|HJ
5|28|181|6|136|110|3N|N|11|D6
5|28|95|177|62|143|3N|N|8|H5
5|28|100|86|142|40|2S|S|9|CK
5|28|170|140|178|90|3N|N|10|S7
5|28|17|59|9|68|3N|N|8|H2
5|29|80|34|147|8|4H|W|9|DQ
5|29|65|125|149|67|3N|E|9|C8
5|29|114|98|176|27|3D|N|6|D4
5|29|58|55|109|163|2CX|S|7|HK
5|29|118|138|50|126|3N|E|8|C9
5|29|181|6|136|110|3N|E|7|CT
5|29|95|177|62|143|3N|E|10|CQ
5|29|100|86|142|40|2DX|N|6|S9
5|29|170|140|178|90|2CX|S|7|HK
5|29|17|59|9|68|3N|E|9|CT
5|3|83|34|127|8|6H|S|12|DQ
5|3|65|125|149|67|4H|S|11|S6
5|3|55|92|163|79|6H|S|12|DQ
5|3|58|29|109|102|4H|S|12|DQ
5|3|6|138|110|126|6H|S|12|DQ
5|3|181|31|136|1|4H|N|12|DT
5|3|86|100|40|142|4H|S|12|DQ
5|3|177|95|143|62|5H|S|12|S7
5|3|170|140|178|90|4H|S|12|DQ
5|3|157|71|161|11|4H|N|13|D4
5|30|80|34|147|8|6C|W|12|D5
5|30|65|125|149|67|2D|W|4|D3
5|30|114|98|176|27|6C|W|12|D5
5|30|58|55|109|163|5C|W|11|D3
5|30|118|138|50|126|6C|W|12|D3
5|30|181|6|136|110|5C|W|11|D2
5|30|95|177|62|143|5C|W|11|D5
5|30|100|86|142|40|6C|E|12|DA
5|30|170|140|178|90|3N|E|11|SK
5|30|17|59|9|68|4C|W|12|D2
5|31|80|34|147|8|4S|E|8|S6
5|31|65|125|149|67|4S|W|9|S5
5|31|114|98|176|27|4S|E|8|H6
5|31|58|55|109|163|4S|E|8|S3
5|31|118|138|50|126|4S|E|8|D4
5|31|181|6|136|110|3S|E|9|CJ
5|31|95|177|62|143|4S|E|8|CJ
5|31|100|86|142|40|1N|W|8|DJ
5|31|170|140|178|90|4S|E|9|CJ
5|31|17|59|9|68|4S|E|9|D2
5|32|80|34|147|8|4S|E|8|H4
5|32|65|125|149|67|3S|E|8|DJ
5|32|114|98|176|27|3S|E|8|HK
5|32|58|55|109|163|4S|E|8|DJ
5|32|118|138|50|126|4S|E|9|H3
5|32|181|6|136|110|3S|E|8|H3
5|32|95|177|62|143|5HX|N|9|H7
5|32|100|86|142|40|3S|E|9|H4
5|32|170|140|178|90|3H|N|9|SJ
5|32|17|59|9|68|4HX|N|9|H6
5|4|83|34|127|8|3N|E|10|D5
5|4|65|125|149|67|3N|W|10|C4
5|4|55|92|163|79|3N|E|10|D5
5|4|58|29|109|102|3N|E|10|D5
5|4|6|138|110|126|3N|E|10|D9
5|4|181|31|136|1|4S|E|6|C6
5|4|86|100|40|142|3N|W|10|D6
5|4|177|95|143|62|3N|E|10|D4
5|4|170|140|178|90|4N|W|10|H8
5|4|157|71|161|11|3N|E|9|S3
5|5|83|34|127|8|6S|E|8|DQ
5|5|65|125|149|67|4S|E|8|DQ
5|5|55|92|163|79|6H|W|12|C9
5|5|58|29|109|102|4H|W|9|D3
5|5|6|138|110|126|4S|E|12|H8
5|5|181|31|136|1|6H|W|10|D3
5|5|86|100|40|142|5H|W|10|D3
5|5|177|95|143|62|6H|W|12|D5
5|5|170|140|178|90|6H|W|12|C8
5|5|157|71|161|11|4S|E|8|C7
5|6|83|34|127|8|2H|N|6|DK
5|6|65|125|149|67|2N|E|8|HK
5|6|55|92|163|79|2N|E|9|SJ
5|6|58|29|109|102|1N|E|7|SJ
5|6|6|138|110|126|2N|E|8|SJ
5|6|181|31|136|1|1N|E|8|SJ
5|6|86|100|40|142|2H|N|6|DA
5|6|177|95|143|62|3N|E|9|SJ
5|6|170|140|178|90|2N|E|8|SJ
5|6|157|71|161|11|1N|E|8|SJ
5|7|83|34|127|8|3N|S|9|H4
5|7|65|125|149|67|3N|N|9|S4
5|7|55|92|163|79|3N|N|10|D9
5|7|58|29|109|102|3N|N|9|S6
5|7|6|138|110|126|3N|S|9|H4
5|7|181|31|136|1|3N|N|9|HJ
5|7|86|100|40|142|3N|S|9|H2
5|7|177|95|143|62|3N|N|9|H3
5|7|170|140|178|90|3N|N|9|S3
5|7|157|71|161|11|3N|N|8|HT
5|8|83|34|127|8|3C|N|11|CJ
5|8|65|125|149|67|3N|N|8|D4
5|8|55|92|163|79|3C|S|10|CT
5|8|58|29|109|102|5C|S|10|DA
5|8|6|138|110|126|4H|N|8|D2
5|8|181|31|136|1|4C|S|11|CT
5|8|86|100|40|142|3C|S|11|DA
5|8|177|95|143|62|3C|S|11|H5
5|8|170|140|178|90|5C|S|10|C9
5|8|157|71|161|11|3C|S|11|DA
5|9|83|34|127|8|4H|E|12|H2
5|9|65|125|149|67|4H|E|12|D8
5|9|55|92|163|79|4H|E|11|C2
5|9|58|29|109|102|4H|E|11|D8
5|9|6|138|110|126|7NX|E|8|D9
5|9|181|31|136|1|6H|E|12|D9
5|9|86|100|40|142|4H|E|12|D9
5|9|177|95|143|62|4H|E|12|D9
5|9|170|140|178|90|4H|E|12|C2
5|9|157|71|161|11|4H|E|11|D4
6|1|98|80|27|147|3N|E|10|H8
6|1|125|92|67|79|3N|E|10|D3
6|1|138|29|126|102|3N|E|10|H8
6|1|55|181|163|136|3N|E|10|D2
6|1|140|31|90|1|3N|E|9|C8
6|1|6|17|110|9|3N|E|9|H8
6|1|177|34|143|8|3N|E|10|D6
6|1|65|100|149|142|3N|E|9|SQ
6|1|170|95|178|62|3N|E|10|SQ
6|1|86|71|40|11|4S|W|9|DT
6|10|98|80|27|147|4S|S|10|S3
6|10|125|92|67|79|3N|S|11|D7
6|10|138|29|126|102|3N|S|10|D6
6|10|55|181|163|136|3N|S|10|H7
6|10|140|31|90|1|3N|S|9|D7
6|10|6|17|110|9|3N|S|9|D9
6|10|177|34|143|8|3N|S|10|H7
6|10|65|100|149|142|3N|N|10|H2
6|10|170|95|178|62|3N|S|9|D6
6|10|86|71|40|11|3N|S|11|S4
6|11|98|80|27|147|3C|S|10|CT
6|11|125|92|67|79|4HX|E|9|S6
6|11|138|29|126|102|5C|N|10|H4
6|11|55|181|163|136|3H|E|10|S9
6|11|140|31|90|1|3N|S|8|H3
6|11|6|17|110|9|6C|S|11|H3
6|11|177|34|143|8|4C|N|10|H6
6|11|65|100|149|142|3C|S|11|H3
6|11|170|95|178|62|4C|S|11|C9
6|11|86|71|40|11|5C|S|9|HK
6|12|98|80|27|147|2NX|W|6|SJ
6|12|125|92|67|79|1N|S|8|C3
6|12|138|29|126|102|4S|N|9|D8
6|12|55|181|163|136|4S|N|9|D7
6|12|140|31|90|1|3N|S|9|DK
6|12|6|17|110|9|4S|N|9|D7
6|12|177|34|143|8|2S|N|10|CA
6|12|65|100|149|142|2S|N|9|D5
6|12|170|95|178|62|4S|N|9|S4
6|12|86|71|40|11|4S|N|9|D7
6|13|98|80|27|147|3N|W|13|H5
6|13|125|92|67|79|4S|E|12|HT
6|13|138|29|126|102|6S|E|12|C4
6|13|55|181|163|136|6C|E|12|HT
6|13|140|31|90|1|6S|E|12|H4
6|13|6|17|110|9|4S|E|12|HT
6|13|177|34|143|8|6C|W|12|HK
6|13|65|100|149|142|6C|W|11|HK
6|13|170|95|178|62|4N|E|7|HT
6|13|86|71|40|11|4S|E|12|C9
6|14|98|80|27|147|1N|E|8|HK
6|14|125|92|67|79|3C|E|9|C3
6|14|138|29|126|102|2C|E|9|HK
6|14|55|181|163|136|2DX|N|6|H4
6|14|140|31|90|1|3N|E|8|HK
6|14|6|17|110|9|3N|E|8|HK
6|14|177|34|143|8|2HX|N|6|H4
6|14|65|100|149|142|3N|E|8|HK
6|14|170|95|178|62|2H|N|6|DA
6|14|86|71|40|11|3N|E|7|HK
6|15|98|80|27|147|3N|W|9|S3
6|15|125|92|67|79|3N|W|9|S7
6|15|138|29|126|102|3N|W|9|S3
6|15|55|181|163|136|3N|W|9|S3
6|15|140|31|90|1|3N|W|8|D3
6|15|6|17|110|9|3N|W|8|S3
6|15|177|34|143|8|3N|W|10|S4
6|15|65|100|149|142|3N|W|8|S3
6|15|170|95|178|62|3N|E|8|H4
6|15|86|71|40|11|3N|W|9|S3
6|16|98|80|27|147|1N|E|6|HJ
6|16|125|92|67|79|3C|E|9|HJ
6|16|138|29|126|102|2S|W|7|H4
6|16|55|181|163|136|3C|E|9|S3
6|16|140|31|90|1|3C|E|8|DA
6|16|6|17|110|9|2N|W|7|D4
6|16|177|34|143|8|3C|W|9|D4
6|16|65|100|149|142|2S|W|7|D4
6|16|170|95|178|62|2N|W|6|H8
6|16|86|71|40|11|1N|E|7|HJ
6|17|98|80|27|147|4H|W|11|CQ
6|17|83|58|127|109|4H|W|11|CQ
6|17|181|29|136|102|6H|W|12|CQ
6|17|114|138|176|126|4H|W|11|CQ
6|17|140|6|90|110|4H|W|11|CQ
6|17|118|17|50|9|4H|W|11|CQ
6|17|177|34|143|8|4H|W|11|CQ
6|17|65|100|149|142|4H|W|11|CQ
6|17|170|95|178|62|4H|E|12|S9
6|17|86|59|40|68|4H|W|11|CQ
6|18|98|80|27|147|3N|N|12|C5
6|18|83|58|127|109|7D|S|11|CT
6|18|181|29|136|102|6D|S|12|CT
6|18|114|138|176|126|6D|S|12|CT
6|18|140|6|90|110|3N|N|11|S4
6|18|118|17|50|9|6D|S|12|CT
6|18|177|34|143|8|6N|S|12|H9
6|18|65|100|149|142|6D|S|12|CT
6|18|170|95|178|62|6D|S|12|CT
6|18|86|59|40|68|6N|N|12|HJ
6|19|98|80|27|147|2N|S|5|H3
6|19|83|58|127|109|3N|S|6|SQ
6|19|181|29|136|102|2N|S|8|C4
6|19|114|138|176|126|2N|S|5|C2
6|19|140|6|90|110|1NX|E|5|CT
6|19|118|17|50|9|1N|E|4|S6
6|19|177|34|143|8|1N|N|6|DJ
6|19|65|100|149|142|2DX|E|8|S2
6|19|170|95|178|62|1N|N|6|DJ
6|19|86|59|40|68|2N|S|8|H3
6|2|98|80|27|147|3C|E|11|H4
6|2|125|92|67|79|3C|E|10|H4
6|2|138|29|126|102|2N|E|10|C3
6|2|55|181|163|136|3N|E|9|H9
6|2|140|31|90|1|2S|W|7|D4
6|2|6|17|110|9|3C|E|11|H6
6|2|177|34|143|8|3C|E|9|H9
6|2|65|100|149|142|3N|E|9|H4
6|2|170|95|178|62|6C|E|11|H4
6|2|86|71|40|11|3N|E|9|H4
6|20|98|80|27|147|1N|S|7|H2
6|20|83|58|127|109|1N|S|7|H3
6|20|181|29|136|102|2H|E|7|HA
6|20|114|138|176|126|1C|S|7|H3
6|20|140|6|90|110|2N|S|8|H3
6|20|118|17|50|9|1N|S|8|H3
6|20|177|34|143|8|1N|S|7|H4
6|20|65|100|149|142|1N|S|7|H2
6|20|170|95|178|62|1N|S|7|H3
6|20|86|59|40|68|2C|S|9|D4
6|21|98|80|27|147|3D|E|9|C2
6|21|83|58|127|109|5DX|E|9|C2
6|21|181|29|136|102|5CX|N|11|DK
6|21|114|138|176|126|5DX|E|10|C6
6|21|140|6|90|110|4DX|E|9|C7
6|21|118|17|50|9|5CX|N|11|DK
6|21|177|34|143|8|5DX|E|10|C7
6|21|65|100|149|142|5C|N|10|DK
6|21|170|95|178|62|5DX|E|10|S3
6|21|86|59|40|68|2H|S|8|S2
6|22|98|80|27|147|5HX|N|9|SA
6|22|83|58|127|109|4S|E|9|HT
6|22|181|29|136|102|4S|E|9|C6
6|22|114|138|176|126|4S|E|9|C8
6|22|140|6|90|110|3S|E|6|HK
6|22|118|17|50|9|4S|E|7|S2
6|22|177|34|143|8|4S|E|8|C8
6|22|65|100|149|142|4S|E|8|HT
6|22|170|95|178|62|4S|E|7|HK
6|22|86|59|40|68|4S|E|7|C6
6|23|98|80|27|147|3N|W|13|CJ
6|23|83|58|127|109|6N|W|12|ST
6|23|181|29|136|102|6C|W|10|ST
6|23|114|138|176|126|6N|W|11|S5
6|23|140|6|90|110|6N|W|13|CJ
6|23|118|17|50|9|6N|W|11|S4
6|23|177|34|143|8|3N|W|11|S9
6|23|65|100|149|142|6N|E|11|H5
6|23|170|95|178|62|6N|W|12|ST
6|23|86|59|40|68|6N|E|11|D2
6|24|98|80|27|147|4H|N|11|S2
6|24|83|58|127|109|4H|N|11|S4
6|24|181|29|136|102|4H|S|12|SA
6|24|114|138|176|126|4H|S|12|SA
6|24|140|6|90|110|4H|S|12|SK
6|24|118|17|50|9|4H|N|11|S4
6|24|177|34|143|8|4H|S|12|SA
6|24|65|100|149|142|4H|N|11|S2
6|24|170|95|178|62|4H|N|11|S2
6|24|86|59|40|68|3N|S|9|ST
6|25|98|80|27|147|2HX|W|8|S9
6|25|83|58|127|109|2D|S|8|HA
6|25|181|29|136|102|3HX|W|9|D8
6|25|114|138|176|126|2H|W|9|S2
6|25|140|6|90|110|2N|N|9|H3
6|25|118|17|50|9|1N|N|7|H4
6|25|177|34|143|8|1N|N|9|C5
6|25|65|100|149|142|2H|W|7|D5
6|25|170|95|178|62|2H|W|8|D8
6|25|86|59|40|68|3D|S|8|HA
6|26|98|80|27|147|5SX|W|9|CK
6|26|83|58|127|109|4SX|W|9|HK
6|26|181|29|136|102|5H|N|11|DT
6|26|114|138|176|126|4S|W|9|CK
6|26|140|6|90|110|5H|N|9|ST
6|26|118|17|50|9|4SX|W|9|HK
6|26|177|34|143|8|6SX|W|9|HK
6|26|65|100|149|142|4SX|W|9|CK
6|26|170|95|178|62|5S|N|10|S2
6|26|86|59|40|68|4SX|W|9|HK
6|27|98|80|27|147|2H|E|7|SQ
6|27|83|58|127|109|2S|E|7|CQ
6|27|181|29|136|102|2S|S|7|DA
6|27|114|138|176|126|1D|W|7|CA
6|27|140|6|90|110|2C|S|8|DK
6|27|118|17|50|9|1D|W|6|CA
6|27|177|34|143|8|2C|S|6|DK
6|27|65|100|149|142|2H|E|8|CQ
6|27|170|95|178|62|2H|E|6|CQ
6|27|86|59|40|68|1N|W|6|CA
6|28|98|80|27|147|2S|W|9|D8
6|28|83|58|127|109|3S|W|8|C3
6|28|181|29|136|102|3H|S|7|SA
6|28|114|138|176|126|3S|W|8|C2
6|28|140|6|90|110|4SX|W|8|HJ
6|28|118|17|50|9|4S|W|9|HT
6|28|177|34|143|8|4S|W|8|D7
6|28|65|100|149|142|4S|W|8|HJ
6|28|170|95|178|62|3S|W|8|D6
6|28|86|59|40|68|3S|W|9|HJ
6|29|98|80|27|147|4H|S|10|D6
6|29|83|58|127|109|4H|S|10|S3
6|29|181|29|136|102|4H|S|10|S3
6|29|114|138|176|126|6H|N|11|C7
6|29|140|6|90|110|4H|N|10|C9
6|29|118|17|50|9|4H|N|9|C9
6|29|177|34|143|8|3N|N|11|C7
6|29|65|100|149|142|4H|N|11|C9
6|29|170|95|178|62|4H|N|10|C6
6|29|86|59|40|68|4H|N|10|C7
6|3|98|80|27|147|5D|W|8|HJ
6|3|125|92|67|79|4S|W|10|HJ
6|3|138|29|126|102|4H|S|8|HT
6|3|55|181|163|136|4S|W|10|HJ
6|3|140|31|90|1|5HX|S|10|DA
6|3|6|17|110|9|4H|S|10|DK
6|3|177|34|143|8|5S|E|10|HJ
6|3|65|100|149|142|5HX|S|10|DA
6|3|170|95|178|62|4H|N|8|CJ
6|3|86|71|40|11|5HX|S|10|DA
6|30|98|80|27|147|6N|N|10|HK
6|30|83|58|127|109|4S|S|9|H3
6|30|181|29|136|102|5D|N|11|HK
6|30|114|138|176|126|6D|N|11|HK
6|30|140|6|90|110|5CX|E|8|SA
6|30|118|17|50|9|5S|S|12|H3
6|30|177|34|143|8|6SX|S|10|D7
6|30|65|100|149|142|3CX|W|8|CA
6|30|170|95|178|62|6D|N|11|HK
6|30|86|59|40|68|6SX|S|9|CQ
6|31|98|80|27|147|4H|W|10|DQ
6|31|83|58|127|109|4H|W|10|DQ
6|31|181|29|136|102|3N|E|6|ST
6|31|114|138|176|126|4H|W|11|C8
6|31|140|6|90|110|5H|W|10|DQ
6|31|118|17|50|9|4H|W|11|C7
6|31|177|34|143|8|4H|W|10|DQ
6|31|65|100|149|142|3N|E|7|C6
6|31|170|95|178|62|4H|E|10|D4
6|31|86|59|40|68|4H|W|10|DQ
6|32|98|80|27|147|3N|N|9|DQ
6|32|83|58|127|109|3N|S|9|D6
6|32|181|29|136|102|3N|N|10|DK
6|32|114|138|176|126|2S|W|5|DA
6|32|140|6|90|110|3N|N|9|DK
6|32|118|17|50|9|3N|N|9|DQ
6|32|177|34|143|8|3N|S|9|SJ
6|32|65|100|149|142|3N|S|8|S2
6|32|170|95|178|62|3N|S|9|S6
6|32|86|59|40|68|1N|S|7|SJ
6|4|98|80|27|147|4S|S|13|CQ
6|4|125|92|67|79|4S|S|13|HK
6|4|138|29|126|102|6S|S|13|ST
6|4|55|181|163|136|6S|N|12|DA
6|4|140|31|90|1|6S|S|13|ST
6|4|6|17|110|9|4S|S|12|CQ
6|4|177|34|143|8|6S|S|12|C2
6|4|65|100|149|142|6S|S|12|CQ
6|4|170|95|178|62|6S|S|12|CQ
6|4|86|71|40|11|6S|S|13|ST
6|5|98|80|27|147|5C|W|11|HA
6|5|125|92|67|79|6C|W|11|SA
6|5|138|29|126|102|4N|E|9|H4
6|5|55|181|163|136|3N|W|9|C9
6|5|140|31|90|1|3N|W|9|HT
6|5|6|17|110|9|6C|W|11|SA
6|5|177|34|143|8|2N|W|8|C9
6|5|65|100|149|142|3N|E|10|SQ
6|5|170|95|178|62|3N|W|10|C9
6|5|86|71|40|11|3N|E|10|H4
6|6|98|80|27|147|3N|S|10|D2
6|6|125|92|67|79|P||0
6|6|138|29|126|102|3C|N|9|H3
6|6|55|181|163|136|3C|S|9|C6
6|6|140|31|90|1|P||0
6|6|6|17|110|9|2N|S|10|D5
6|6|177|34|143|8|2H|W|7|H5
6|6|65|100|149|142|2N|S|8|C2
6|6|170|95|178|62|1N|S|8|H6
6|6|86|71|40|11|2N|S|8|H6
6|7|98|80|27|147|2H|N|6|C7
6|7|125|92|67|79|2D|N|8|C9
6|7|138|29|126|102|2D|N|9|D5
6|7|55|181|163|136|2H|N|8|DJ
6|7|140|31|90|1|1N|N|8|DJ
6|7|6|17|110|9|3N|S|5|C5
6|7|177|34|143|8|1N|N|8|DJ
6|7|65|100|149|142|2D|N|9|DJ
6|7|170|95|178|62|2D|S|8|D9
6|7|86|71|40|11|2D|N|8|C9
6|8|98|80|27|147|3D|S|10|S5
6|8|125|92|67|79|4D|N|11|CK
6|8|138|29|126|102|3N|S|7|CQ
6|8|55|181|163|136|3N|N|7|CK
6|8|140|31|90|1|3D|N|10|CK
6|8|6|17|110|9|2D|N|8|CK
6|8|177|34|143|8|4D|N|11|CK
6|8|65|100|149|142|4H|S|9|CA
6|8|170|95|178|62|4C|W|8|DA
6|8|86|71|40|11|3D|N|10|CK
6|9|98|80|27|147|3H|W|10|D3
6|9|125|92|67|79|1N|S|5|HJ
6|9|138|29|126|102|3H|W|9|S5
6|9|55|181|163|136|4H|W|10|D3
6|9|140|31|90|1|4HX|W|10|C8
6|9|6|17|110|9|4H|W|9|C8
6|9|177|34|143|8|3H|W|10|D3
6|9|65|100|149|142|2S|N|6|H6
6|9|170|95|178|62|2S|N|5|S7
6|9|86|71|40|11|4SX|N|7|H3
7|1|80|138|147|126|4H|N|9
7|1|181|125|136|67|3S|W|9
7|1|29|118|102|50|2H|N|9
7|1|6|134|110|153|3S|W|9
7|1|58|177|109|143|4H|N|9
7|1|150|92|75|79|4S|W|9
7|1|65|154|149|180|4H|N|9
7|1|71|34|11|8|4H|N|9
7|1|86|161|40|182|3S|E|9
7|1|17|95|9|62|3H|N|9
7|10|80|138|147|126|2C|S|10
7|10|181|125|136|67|1S|S|8
7|10|29|118|102|50|2S|S|10
7|10|6|134|110|153|2S|S|11
7|10|58|177|109|143|1N|W|5
7|10|150|92|75|79|1N|W|6
7|10|65|154|149|180|2C|S|11
7|10|71|34|11|8|2N|S|7
7|10|86|161|40|182|1N|S|10
7|10|17|95|9|62|1N|W|4
7|11|80|138|147|126|6S|W|11
7|11|181|125|136|67|4H|W|11
7|11|29|118|102|50|6S|W|11
7|11|6|134|110|153|4S|W|11
7|11|58|177|109|143|6H|W|11
7|11|150|92|75|79|4S|W|10
7|11|65|154|149|180|4S|W|11
7|11|71|34|11|8|4S|W|11
7|11|86|161|40|182|6S|W|11
7|11|17|95|9|62|4S|W|11
7|12|80|138|147|126|4H|E|9
7|12|181|125|136|67|5D|N|11
7|12|29|118|102|50|3N|N|7
7|12|6|134|110|153|5D|S|11
7|12|58|177|109|143|5C|S|10
7|12|150|92|75|79|3N|N|7
7|12|65|154|149|180|5D|N|11
7|12|71|34|11|8|5D|N|11
7|12|86|161|40|182|2D|N|11
7|12|17|95|9|62|5C|N|11
7|13|80|138|147|126|2H|N|7
7|13|181|125|136|67|2H|N|7
7|13|29|118|102|50|3H|N|7
7|13|6|134|110|153|2H|N|7
7|13|58|177|109|143|4H|N|7
7|13|150|92|75|79|3H|N|7
7|13|65|154|149|180|2H|N|7
7|13|71|34|11|8|3H|N|7
7|13|86|161|40|182|2S|E|8
7|13|17|95|9|62|2H|N|7
7|14|80|138|147|126|3C|N|11
7|14|181|125|136|67|3N|S|10
7|14|29|118|102|50|1N|E|7
7|14|6|134|110|153|5C|N|9
7|14|58|177|109|143|3C|N|10
7|14|150|92|75|79|1N|E|7
7|14|65|154|149|180|3N|N|10
7|14|71|34|11|8|3N|S|10
7|14|86|161|40|182|1N|E|7
7|14|17|95|9|62|2S|E|8
7|15|80|138|147|126|2S|S|7
7|15|181|125|136|67|2S|S|8
7|15|29|118|102|50|3N|N|8
7|15|6|134|110|153|3C|N|8
7|15|58|177|109|143|3C|N|8
7|15|150|92|75|79|2S|S|8
7|15|65|154|149|180|3S|S|7
7|15|71|34|11|8|2N|N|5
7|15|86|161|40|182|2S|S|7
7|15|17|95|9|62|3C|N|8
7|16|80|138|147|126|3N|W|8
7|16|181|125|136|67|3N|E|8
7|16|29|118|102|50|4H|S|10
7|16|6|134|110|153|3N|W|8
7|16|58|177|109|143|3N|W|7
7|16|150|92|75|79|3N|W|8
7|16|65|154|149|180|5D|E|11
7|16|71|34|11|8|3N|W|8
7|16|86|161|40|182|3N|W|8
7|16|17|95|9|62|3N|E|8
7|17|80|138|147|126|3N|W|7
7|17|181|125|136|67|1N|N|7
7|17|29|31|102|1|1N|N|5
7|17|6|134|110|153|1N|N|5
7|17|98|150|27|75|3N|E|8
7|17|177|92|143|79|3N|W|9
7|17|65|154|149|180|3N|E|9
7|17|71|34|11|8|1N|N|5
7|17|86|140|40|90|3N|E|8
7|17|17|95|9|62|2S|N|5
7|18|80|138|147|126|3N|N|8
7|18|181|125|136|67|3N|N|8
7|18|29|31|102|1|1N|S|7
7|18|6|134|110|153|2H|N|9
7|18|98|150|27|75|1N|N|11
7|18|177|92|143|79|3N|N|8
7|18|65|154|149|180|4H|N|9
7|18|71|34|11|8|2S|S|8
7|18|86|140|40|90|1N|N|8
7|18|17|95|9|62|3N|N|8
7|19|80|138|147|126|2H|S|9
7|19|181|125|136|67|2H|S|7
7|19|29|31|102|1|2H|S|9
7|19|6|134|110|153|1N|W|7
7|19|98|150|27|75|3H|S|8
7|19|177|92|143|79|3D|W|8
7|19|65|154|149|180|2S|E|6
7|19|71|34|11|8|2H|N|8
7|19|86|140|40|90|2H|N|9
7|19|17|95|9|62|2H|S|9
7|2|80|138|147|126|2H|W|8
7|2|181|125|136|67|2H|W|9
7|2|29|118|102|50|2C|N|6
7|2|6|134|110|153|2S|N|5
7|2|58|177|109|143|2H|W|8
7|2|150|92|75|79|2H|W|9
7|2|65|154|149|180|2S|E|6
7|2|71|34|11|8|4H|E|9
7|2|86|161|40|182|3H|E|9
7|2|17|95|9|62|2D|S|6
7|20|80|138|147|126|4S|W|9
7|20|181|125|136|67|4S|W|10
7|20|29|31|102|1|4S|W|9
7|20|6|134|110|153|4S|W|9
7|20|98|150|27|75|4S|W|10
7|20|177|92|143|79|4S|W|9
7|20|65|154|149|180|4S|W|10
7|20|71|34|11|8|4S|W|10
7|20|86|140|40|90|4S|W|9
7|20|17|95|9|62|4S|W|10
7|21|80|138|147|126|4H|E|10
7|21|181|125|136|67|3N|W|6
7|21|29|31|102|1|5C|W|11
7|21|6|134|110|153|4S|S|10
7|21|98|150|27|75|3S|S|9
7|21|177|92|143|79|3N|W|6
7|21|65|154|149|180|5C|W|11
7|21|71|34|11|8|3N|W|10
7|21|86|140|40|90|5C|W|11
7|21|17|95|9|62|3N|E|10
7|22|80|138|147|126|4S|W|11
7|22|181|125|136|67|4S|W|12
7|22|29|31|102|1|4S|W|11
7|22|6|134|110|153|4S|W|11
7|22|98|150|27|75|4S|W|12
7|22|177|92|143|79|6S|W|10
7|22|65|154|149|180|4S|W|10
7|22|71|34|11|8|4S|W|10
7|22|86|140|40|90|4S|W|10
7|22|17|95|9|62|4S|W|11
7|23|80|138|147|126|4H|W|9
7|23|181|125|136|67|4H|W|9
7|23|29|31|102|1|4H|W|9
7|23|6|134|110|153|4H|W|10
7|23|98|150|27|75|4H|W|9
7|23|177|92|143|79|2S|N|9
7|23|65|154|149|180|2S|N|8
7|23|71|34|11|8|3S|S|9
7|23|86|140|40|90|2S|N|8
7|23|17|95|9|62|4H|E|9
7|24|80|138|147|126|3N|S|11
7|24|181|125|136|67|4H|S|11
7|24|29|31|102|1|3N|S|11
7|24|6|134|110|153|4H|S|11
7|24|98|150|27|75|4H|S|11
7|24|177|92|143|79|4H|S|11
7|24|65|154|149|180|6H|S|11
7|24|71|34|11|8|4H|S|11
7|24|86|140|40|90|4H|S|11
7|24|17|95|9|62|4H|S|11
7|25|80|138|147|126|7H|S|12
7|25|181|125|136|67|6C|S|12
7|25|29|31|102|1|7N|N|13
7|25|6|134|110|153|6D|N|13
7|25|98|150|27|75|6N|N|13
7|25|177|92|143|79|6H|S|12
7|25|65|154|149|180|7D|N|13
7|25|71|34|11|8|6H|S|12
7|25|86|140|40|90|6H|S|12
7|25|17|95|9|62|3N|N|13
7|26|80|138|147|126|2S|N|8
7|26|181|125|136|67|1S|S|8
7|26|29|31|102|1|2S|N|8
7|26|6|134|110|153|2S|N|9
7|26|98|150|27|75|3N|N|7
7|26|177|92|143|79|1N|E|6
7|26|65|154|149|180|1N|E|6
7|26|71|34|11|8|2S|N|8
7|26|86|140|40|90|2S|N|10
7|26|17|95|9|62|1N|E|6
7|27|80|138|147|126|1N|S|6
7|27|181|125|136|67|2H|N|6
7|27|29|31|102|1|3D|W|8
7|27|6|134|110|153|3C|E|9
7|27|98|150|27|75|2S|W|7
7|27|177|92|143|79|1N|S|5
7|27|65|154|149|180|1N|S|6
7|27|71|34|11|8|1N|S|6
7|27|86|140|40|90|1N|S|6
7|27|17|95|9|62|2H|N|6
7|28|80|138|147|126|1S|E|4
7|28|181|125|136|67|3N|S|8
7|28|29|31|102|1|3N|S|8
7|28|6|134|110|153|3N|S|8
7|28|98|150|27|75|3N|S|8
7|28|177|92|143|79|3N|S|9
7|28|65|154|149|180|3N|S|8
7|28|71|34|11|8|3N|S|8
7|28|86|140|40|90|2S|N|6
7|28|17|95|9|62|3C|E|8
7|29|80|138|147|126|5D|S|12
7|29|181|125|136|67|4H|N|13
7|29|29|31|102|1|6H|N|13
7|29|6|134|110|153|5H|N|12
7|29|98|150|27|75|4H|N|13
7|29|177|92|143|79|5H|S|12
7|29|65|154|149|180|6D|S|12
7|29|71|34|11|8|6H|N|12
7|29|86|140|40|90|6S|N|12
7|29|17|95|9|62|6H|S|12
7|3|80|138|147|126|4S|N|11
7|3|181|125|136|67|4S|S|12
7|3|29|118|102|50|4H|N|11
7|3|6|134|110|153|5S|S|11
7|3|58|177|109|143|4S|N|11
7|3|150|92|75|79|4S|N|12
7|3|65|154|149|180|4S|S|11
7|3|71|34|11|8|4S|S|11
7|3|86|161|40|182|5S|S|11
7|3|17|95|9|62|4S|S|11
7|30|80|138|147|126|3H|E|7
7|30|181|125|136|67|4H|E|8
7|30|29|31|102|1|3H|E|9
7|30|6|134|110|153|2S|W|5
7|30|98|150|27|75|3N|W|9
7|30|177|92|143|79|2S|W|6
7|30|65|154|149|180|4S|N|10
7|30|71|34|11|8|4H|E|10
7|30|86|140|40|90|4H|E|9
7|30|17|95|9|62|2S|W|5
7|31|80|138|147|126|3N|W|12
7|31|181|125|136|67|6H|E|12
7|31|29|31|102|1|6C|E|12
7|31|6|134|110|153|3N|W|11
7|31|98|150|27|75|4H|E|12
7|31|177|92|143|79|6N|E|12
7|31|65|154|149|180|6N|W|12
7|31|71|34|11|8|4H|E|12
7|31|86|140|40|90|6H|E|12
7|31|17|95|9|62|6H|W|12
7|32|80|138|147|126|6N|W|12
7|32|181|125|136|67|6H|E|12
7|32|29|31|102|1|6H|W|12
7|32|6|134|110|153|4N|W|13
7|32|98|150|27|75|6H|E|12
7|32|177|92|143|79|6H|W|12
7|32|65|154|149|180|6N|W|12
7|32|71|34|11|8|6H|E|12
7|32|86|140|40|90|6C|E|11
7|32|17|95|9|62|6H|E|12
7|4|80|138|147|126|3N|S|11
7|4|181|125|136|67|4H|S|11
7|4|29|118|102|50|3N|N|11
7|4|6|134|110|153|4H|S|11
7|4|58|177|109|143|4H|S|11
7|4|150|92|75|79|3N|S|11
7|4|65|154|149|180|4H|S|12
7|4|71|34|11|8|3N|S|11
7|4|86|161|40|182|3N|N|12
7|4|17|95|9|62|4H|S|10
7|5|80|138|147|126|2S|N|8
7|5|181|125|136|67|1N|W|7
7|5|29|118|102|50|P||0
7|5|6|134|110|153|2H|W|8
7|5|58|177|109|143|2H|W|7
7|5|150|92|75|79|1N|E|7
7|5|65|154|149|180|1N|W|7
7|5|71|34|11|8|1N|E|7
7|5|86|161|40|182|1N|E|8
7|5|17|95|9|62|2S|S|6
7|6|80|138|147|126|6H|W|9
7|6|181|125|136|67|4N|W|8
7|6|29|118|102|50|4S|E|10
7|6|6|134|110|153|4S|E|11
7|6|58|177|109|143|4S|E|9
7|6|150|92|75|79|4S|E|11
7|6|65|154|149|180|4S|E|10
7|6|71|34|11|8|4S|E|11
7|6|86|161|40|182|4S|E|10
7|6|17|95|9|62|6H|W|11
7|7|80|138|147|126|2S|S|7
7|7|181|125|136|67|2S|S|7
7|7|29|118|102|50|2S|N|7
7|7|6|134|110|153|2S|N|7
7|7|58|177|109|143|2S|S|7
7|7|150|92|75|79|3D|W|10
7|7|65|154|149|180|2N|W|9
7|7|71|34|11|8|2S|S|7
7|7|86|161|40|182|2S|N|7
7|7|17|95|9|62|2S|S|7
7|8|80|138|147|126|4H|S|9
7|8|181|125|136|67|2H|S|8
7|8|29|118|102|50|2D|E|9
7|8|6|134|110|153|3D|E|9
7|8|58|177|109|143|1C|N|7
7|8|150|92|75|79|2H|S|8
7|8|65|154|149|180|4H|S|8
7|8|71|34|11|8|2H|S|9
7|8|86|161|40|182|4H|S|8
7|8|17|95|9|62|3C|N|7
7|9|80|138|147|126|5S|N|12
7|9|181|125|136|67|6S|S|13
7|9|29|118|102|50|6S|S|13
7|9|6|134|110|153|4S|S|12
7|9|58|177|109|143|4S|S|13
7|9|150|92|75|79|6S|N|12
7|9|65|154|149|180|4S|N|12
7|9|71|34|11|8|6S|S|12
7|9|86|161|40|182|5S|S|13
7|9|17|95|9|62|4S|S|12
8|1|118|125|50|67|1N|S|8
8|1|80|31|147|1|1N|E|5
8|1|140|134|90|153|1N|S|9
8|1|114|161|176|182|1N|S|9
8|1|150|138|75|126|1N|S|9
8|1|181|177|136|143|3D|E|6
8|1|154|92|180|79|1N|S|8
8|1|58|71|109|11|1N|S|9
8|1|86|34|40|8|1N|S|8
8|1|65|95|149|62|3C|W|9
8|10|118|125|50|67|6D|N|11
8|10|80|31|147|1|4S|S|11
8|10|140|134|90|153|4S|S|11
8|10|114|161|176|182|6D|N|11
8|10|150|138|75|126|6D|N|11
8|10|181|177|136|143|4S|S|11
8|10|154|92|180|79|6D|N|11
8|10|58|71|109|11|4S|S|11
8|10|86|34|40|8|4S|S|11
8|10|65|95|149|62|4S|S|11
8|11|118|125|50|67|4H|S|12
8|11|80|31|147|1|4H|N|13
8|11|140|134|90|153|4H|N|13
8|11|114|161|176|182|5S|W|11
8|11|150|138|75|126|4H|S|12
8|11|181|177|136|143|4H|S|12
8|11|154|92|180|79|4H|S|12
8|11|58|71|109|11|4H|S|12
8|11|86|34|40|8|6H|S|12
8|11|65|95|149|62|6H|S|12
8|12|118|125|50|67|3N|W|10
8|12|80|31|147|1|1N|W|8
8|12|140|134|90|153|3D|E|9
8|12|114|161|176|182|3D|E|9
8|12|150|138|75|126|4C|S|4
8|12|181|177|136|143|2N|W|9
8|12|154|92|180|79|1N|W|9
8|12|58|71|109|11|1N|W|9
8|12|86|34|40|8|2D|N|2
8|12|65|95|149|62|1H|N|5
8|13|118|125|50|67|4H|N|10
8|13|80|31|147|1|4H|N|10
8|13|140|134|90|153|4H|S|10
8|13|114|161|176|182|4H|N|10
8|13|150|138|75|126|4H|N|10
8|13|181|177|136|143|4H|N|10
8|13|154|92|180|79|4H|S|10
8|13|58|71|109|11|4H|S|10
8|13|86|34|40|8|4H|N|10
8|13|65|95|149|62|4H|N|11
8|14|118|125|50|67|4H|S|7
8|14|80|31|147|1|4S|E|10
8|14|140|134|90|153|4H|S|8
8|14|114|161|176|182|4S|E|11
8|14|150|138|75|126|4S|E|10
8|14|181|177|136|143|4H|S|8
8|14|154|92|180|79|4H|S|9
8|14|58|71|109|11|5H|S|9
8|14|86|34|40|8|5D|N|10
8|14|65|95|149|62|4S|E|10
8|15|118|125|50|67|3H|W|10
8|15|80|31|147|1|2H|W|9
8|15|140|134|90|153|4H|W|10
8|15|114|161|176|182|3H|E|10
8|15|150|138|75|126|3H|E|9
8|15|181|177|136|143|1N|W|8
8|15|154|92|180|79|3H|E|9
8|15|58|71|109|11|2N|E|7
8|15|86|34|40|8|4H|E|10
8|15|65|95|149|62|3H|W|9
8|16|118|125|50|67|3N|E|9
8|16|80|31|147|1|3N|E|10
8|16|140|134|90|153|3N|E|9
8|16|114|161|176|182|3N|E|10
8|16|150|138|75|126|3N|E|9
8|16|181|177|136|143|3N|E|10
8|16|154|92|180|79|3N|E|10
8|16|58|71|109|11|3N|W|10
8|16|86|34|40|8|3N|E|10
8|16|65|95|149|62|3N|W|10
8|17|118|125|50|67|5S|E|12
8|17|80|6|147|110|4S|E|11
8|17|17|114|9|176|4S|E|12
8|17|134|140|153|90|6S|E|11
8|17|177|181|143|136|2D|E|9
8|17|138|150|126|75|5S|E|12
8|17|154|98|180|27|4S|E|12
8|17|58|71|109|11|4S|E|13
8|17|65|95|149|62|6S|E|12
8|18|118|125|50|67|3N|E|12
8|18|80|6|147|110|6D|E|11
8|18|17|114|9|176|3N|E|12
8|18|134|140|153|90|3N|E|11
8|18|177|181|143|136|3N|W|12
8|18|138|150|126|75|3N|E|12
8|18|154|98|180|27|3N|E|11
8|18|58|71|109|11|3N|W|11
8|18|86|34|40|8|3N|E|12
8|18|65|95|149|62|3N|W|10
8|19|118|125|50|67|3N|N|11
8|19|80|6|147|110|2S|S|8
8|19|17|114|9|176|1N|N|10
8|19|134|140|153|90|3N|N|8
8|19|177|181|143|136|3N|S|8
8|19|138|150|126|75|3N|N|9
8|19|154|98|180|27|3N|N|9
8|19|58|71|109|11|3N|N|9
8|19|86|34|40|8|2N|S|10
8|19|65|95|149|62|2H|N|9
8|2|118|125|50|67|3N|E|11
8|2|80|31|147|1|3N|W|10
8|2|140|134|90|153|3N|W|9
8|2|114|161|176|182|3N|E|11
8|2|150|138|75|126|3N|E|10
8|2|181|177|136|143|3N|E|11
8|2|154|92|180|79|3N|W|11
8|2|58|71|109|11|3N|W|10
8|2|86|34|40|8|3N|W|10
8|2|65|95|149|62|3N|E|11
8|20|118|125|50|67|2D|S|8
8|20|80|6|147|110|1N|E|4
8|20|17|114|9|176|2D|N|8
8|20|134|140|153|90|1N|E|5
8|20|177|181|143|136|3D|S|8
8|20|138|150|126|75|2S|N|7
8|20|154|98|180|27|2H|E|8
8|20|58|71|109|11|3D|S|8
8|20|86|34|40|8|3D|S|9
8|20|65|95|149|62|2D|S|9
8|21|118|125|50|67|4S|E|10
8|21|80|6|147|110|2S|E|10
8|21|17|114|9|176|4S|E|10
8|21|134|140|153|90|2S|E|10
8|21|177|181|143|136|4S|E|10
8|21|138|150|126|75|2S|W|11
8|21|154|98|180|27|4S|W|10
8|21|58|71|109|11|4S|E|12
8|21|86|34|40|8|4S|E|10
8|21|65|95|149|62|2S|E|10
8|22|118|125|50|67|4H|E|11
8|22|80|6|147|110|5H|E|12
8|22|17|114|9|176|5H|E|11
8|22|134|140|153|90|5H|E|11
8|22|177|181|143|136|4H|E|12
8|22|138|150|126|75|6C|N|12
8|22|154|98|180|27|5H|E|11
8|22|58|71|109|11|4H|E|12
8|22|86|34|40|8|5H|E|12
8|22|65|95|149|62|5C|S|8
8|23|118|125|50|67|6S|E|11
8|23|80|6|147|110|2D|N|8
8|23|17|114|9|176|4S|E|11
8|23|134|140|153|90|5H|N|11
8|23|177|181|143|136|4S|W|11
8|23|138|150|126|75|5H|N|11
8|23|154|98|180|27|6S|E|12
8|23|58|71|109|11|4S|E|12
8|23|86|34|40|8|5S|E|12
8|23|65|95|149|62|5S|E|12
8|24|118|125|50|67|4H|S|10
8|24|80|6|147|110|5D|W|11
8|24|17|114|9|176|4H|S|10
8|24|134|140|153|90|3N|S|10
8|24|177|181|143|136|3N|S|10
8|24|138|150|126|75|3N|S|9
8|24|154|98|180|27|5S|E|11
8|24|58|71|109|11|4H|S|10
8|24|86|34|40|8|5S|E|11
8|24|65|95|149|62|4H|S|11
8|25|118|125|50|67|4S|E|10
8|25|80|6|147|110|2H|E|8
8|25|17|114|9|176|4S|E|10
8|25|134|140|153|90|4S|W|8
8|25|177|181|143|136|3H|W|9
8|25|138|150|126|75|4H|E|9
8|25|154|98|180|27|5C|S|11
8|25|58|71|109|11|4H|E|10
8|25|86|34|40|8|4S|W|10
8|25|65|95|149|62|3C|S|8
8|26|118|125|50|67|3N|S|10
8|26|80|6|147|110|6C|S|12
8|26|17|114|9|176|3N|N|9
8|26|134|140|153|90|6C|S|9
8|26|177|181|143|136|4S|N|9
8|26|138|150|126|75|4N|S|11
8|26|154|98|180|27|6N|N|10
8|26|58|71|109|11|4N|N|10
8|26|86|34|40|8|3N|S|11
8|26|65|95|149|62|6C|S|12
8|27|118|125|50|67|4H|W|10
8|27|80|6|147|110|3N|W|11
8|27|17|114|9|176|3N|W|11
8|27|134|140|153|90|4H|E|10
8|27|177|181|143|136|4N|W|11
8|27|138|150|126|75|3N|W|11
8|27|154|98|180|27|3C|S|5
8|27|58|71|109|11|4H|E|10
8|27|86|34|40|8|4H|E|10
8|27|65|95|149|62|4H|E|10
8|28|118|125|50|67|4H|S|11
8|28|80|6|147|110|2H|N|11
8|28|17|114|9|176|4H|S|11
8|28|134|140|153|90|3N|N|7
8|28|177|181|143|136|4H|S|11
8|28|138|150|126|75|4H|S|11
8|28|154|98|180|27|3N|N|7
8|28|58|71|109|11|4H|S|11
8|28|86|34|40|8|4H|S|12
8|28|65|95|149|62|3N|N|7
8|29|118|125|50|67|4S|N|10
8|29|80|6|147|110|5S|N|11
8|29|17|114|9|176|4S|N|10
8|29|134|140|153|90|4S|N|11
8|29|177|181|143|136|4S|N|10
8|29|138|150|126|75|4S|N|10
8|29|154|98|180|27|4S|N|10
8|29|58|71|109|11|4S|N|12
8|29|86|34|40|8|4S|N|11
8|29|65|95|149|62|4S|N|12
8|3|118|125|50|67|4H|N|9
8|3|80|31|147|1|2C|S|7
8|3|140|134|90|153|2C|E|8
8|3|114|161|176|182|1N|E|7
8|3|150|138|75|126|2D|E|8
8|3|181|177|136|143|4H|N|9
8|3|154|92|180|79|2H|N|9
8|3|58|71|109|11|2H|N|9
8|3|86|34|40|8|2C|E|7
8|3|65|95|149|62|3H|N|9
8|30|118|125|50|67|3N|N|10
8|30|80|6|147|110|3N|S|11
8|30|17|114|9|176|3N|N|9
8|30|134|140|153|90|3N|S|10
8|30|177|181|143|136|3N|S|10
8|30|138|150|126|75|3N|N|9
8|30|154|98|180|27|3N|S|10
8|30|58|71|109|11|3N|S|11
8|30|86|34|40|8|3N|N|10
8|30|65|95|149|62|3N|S|10
8|31|118|125|50|67|3C|S|10
8|31|80|6|147|110|3D|E|9
8|31|17|114|9|176|4H|W|10
8|31|134|140|153|90|2S|W|8
8|31|177|181|143|136|3C|S|9
8|31|138|150|126|75|3D|W|9
8|31|154|98|180|27|2H|N|6
8|31|58|71|109|11|3D|E|9
8|31|86|34|40|8|4S|W|9
8|31|65|95|149|62|2S|W|8
8|32|118|125|50|67|6S|E|13
8|32|80|6|147|110|7S|E|13
8|32|17|114|9|176|6S|E|13
8|32|134|140|153|90|6S|E|13
8|32|177|181|143|136|7S|E|13
8|32|138|150|126|75|7S|E|13
8|32|154|98|180|27|7S|W|13
8|32|58|71|109|11|4S|W|13
8|32|86|34|40|8|7S|E|13
8|32|65|95|149|62|7H|S|13
8|4|118|125|50|67|4H|N|10
8|4|80|31|147|1|4H|N|10
8|4|140|134|90|153|4H|S|10
8|4|114|161|176|182|4H|N|10
8|4|150|138|75|126|4H|N|10
8|4|181|177|136|143|4H|S|10
8|4|154|92|180|79|4H|N|10
8|4|58|71|109|11|4H|N|10
8|4|86|34|40|8|4H|N|10
8|4|65|95|149|62|5H|N|11
8|5|118|125|50|67|3N|N|12
8|5|80|31|147|1|3N|N|12
8|5|140|134|90|153|3N|N|12
8|5|114|161|176|182|3N|N|11
8|5|150|138|75|126|3N|N|12
8|5|181|177|136|143|3N|N|12
8|5|154|92|180|79|3N|N|12
8|5|58|71|109|11|3N|N|12
8|5|86|34|40|8|3N|N|12
8|5|65|95|149|62|3N|S|13
8|6|118|125|50|67|2H|S|5
8|6|80|31|147|1|3S|W|9
8|6|140|134|90|153|1N|E|7
8|6|114|161|176|182|3S|W|8
8|6|150|138|75|126|3S|W|9
8|6|181|177|136|143|1N|E|7
8|6|154|92|180|79|3S|W|8
8|6|58|71|109|11|2S|W|8
8|6|86|34|40|8|3S|W|9
8|6|65|95|149|62|3S|W|9
8|7|118|125|50|67|2H|N|5
8|7|80|31|147|1|2H|N|6
8|7|140|134|90|153|2H|W|6
8|7|114|161|176|182|2H|N|6
8|7|150|138|75|126|2H|N|6
8|7|181|177|136|143|2H|N|5
8|7|154|92|180|79|2N|S|7
8|7|58|71|109|11|2S|S|8
8|7|86|34|40|8|3D|N|8
8|7|65|95|149|62|2H|W|6
8|8|118|125|50|67|6D|E|11
8|8|80|31|147|1|6D|W|10
8|8|140|134|90|153|5D|W|11
8|8|114|161|176|182|6D|W|11
8|8|150|138|75|126|6N|E|11
8|8|181|177|136|143|3N|W|11
8|8|154|92|180|79|6D|W|11
8|8|58|71|109|11|3N|E|11
8|8|86|34|40|8|3N|E|11
8|8|65|95|149|62|4N|W|10
8|9|118|125|50|67|3H|E|9
8|9|80|31|147|1|3H|E|9
8|9|140|134|90|153|4H|E|8
8|9|114|161|176|182|3H|E|9
8|9|150|138|75|126|4H|E|10
8|9|181|177|136|143|4H|E|9
8|9|154|92|180|79|5D|S|10
8|9|58|71|109|11|3D|S|9
8|9|86|34|40|8|2H|E|9
8|9|65|95|149|62|4H|E|10
9|1|80|29|147|102|6S|N|12
9|1|134|125|153|67|6S|N|12
9|1|6|177|110|143|6S|N|11
9|1|150|31|75|1|6S|N|12
9|1|138|154|126|180|6S|N|11
9|1|71|181|11|136|4S|N|12
9|1|98|95|27|62|6S|N|11
9|1|86|92|40|79|6S|N|12
9|1|65|161|149|182|6S|N|11
9|1|140|34|90|8|6D|S|12
9|10|80|29|147|102|4H|E|10
9|10|134|125|153|67|5H|E|11
9|10|6|177|110|143|4H|E|11
9|10|150|31|75|1|5H|E|11
9|10|138|154|126|180|5H|E|11
9|10|71|181|11|136|6C|E|11
9|10|98|95|27|62|5H|E|11
9|10|86|92|40|79|6H|E|10
9|10|65|161|149|182|5H|E|11
9|10|140|34|90|8|5H|E|11
9|11|80|29|147|102|4S|W|10
9|11|134|125|153|67|6S|W|11
9|11|6|177|110|143|4S|W|11
9|11|150|31|75|1|4S|W|11
9|11|138|154|126|180|4S|W|12
9|11|71|181|11|136|4S|W|11
9|11|98|95|27|62|4S|W|11
9|11|86|92|40|79|4S|W|12
9|11|65|161|149|182|4S|W|11
9|11|140|34|90|8|4S|W|11
9|12|80|29|147|102|1N|N|11
9|12|134|125|153|67|4H|S|10
9|12|6|177|110|143|4H|S|10
9|12|150|31|75|1|2H|S|10
9|12|138|154|126|180|2S|E|4
9|12|71|181|11|136|4H|N|9
9|12|98|95|27|62|4N|N|11
9|12|86|92|40|79|2H|S|10
9|12|65|161|149|182|4H|S|10
9|12|140|34|90|8|3N|N|11
9|13|80|29|147|102|4H|S|10
9|13|134|125|153|67|3H|S|9
9|13|6|177|110|143|3C|E|8
9|13|150|31|75|1|4H|S|10
9|13|71|181|11|136|4H|S|10
9|13|98|95|27|62|3H|S|10
9|13|86|92|40|79|3H|S|10
9|13|65|161|149|182|4H|S|9
9|13|140|34|90|8|3H|S|9
9|14|80|29|147|102|1N|E|9
9|14|134|125|153|67|3C|E|9
9|14|6|177|110|143|3S|W|8
9|14|150|31|75|1|2S|S|4
9|14|138|154|126|180|3D|N|8
9|14|71|181|11|136|1N|E|6
9|14|98|95|27|62|3D|N|7
9|14|86|92|40|79|4C|E|9
9|14|65|161|149|182|1N|E|6
9|14|140|34|90|8|1N|E|7
9|15|80|29|147|102|5D|S|11
9|15|134|125|153|67|5D|S|10
9|15|6|177|110|143|4S|W|10
9|15|150|31|75|1|4S|W|10
9|15|138|154|126|180|6H|N|10
9|15|71|181|11|136|3N|S|8
9|15|98|95|27|62|4H|N|10
9|15|86|92|40|79|4H|N|10
9|15|65|161|149|182|5H|N|10
9|15|140|34|90|8|4H|N|10
9|16|80|29|147|102|3N|W|9
9|16|134|125|153|67|3S|N|7
9|16|6|177|110|143|3S|N|7
9|16|150|31|75|1|3N|W|7
9|16|138|154|126|180|2S|S|7
9|16|71|181|11|136|3N|W|10
9|16|98|95|27|62|3N|W|9
9|16|86|92|40|79|3N|W|10
9|16|65|161|149|182|3N|W|9
9|16|140|34|90|8|4D|W|9
9|17|125|29|67|102|5D|E|12
9|17|114|80|176|147|6D|E|13
9|17|150|31|75|1|6D|W|13
9|17|138|154|126|180|6D|E|13
9|17|71|181|11|136|6D|E|13
9|17|58|95|109|62|5H|N|11
9|17|86|98|40|27|5D|E|13
9|17|65|17|149|9|5D|W|13
9|17|140|34|90|8|5D|E|13
9|18|125|29|67|102|4H|E|9
9|18|114|80|176|147|4H|E|9
9|18|118|177|50|143|4H|E|11
9|18|150|31|75|1|4H|E|9
9|18|138|154|126|180|4H|E|9
9|18|71|181|11|136|4H|E|10
9|18|58|95|109|62|4H|E|9
9|18|86|98|40|27|6H|W|10
9|18|65|17|149|9|4H|E|8
9|18|140|34|90|8|6H|W|9
9|19|125|29|67|102|4S|S|9
9|19|114|80|176|147|4S|N|9
9|19|118|177|50|143|3S|S|10
9|19|150|31|75|1|4S|N|9
9|19|138|154|126|180|4S|N|8
9|19|71|181|11|136|3S|N|11
9|19|58|95|109|62|4S|S|9
9|19|86|98|40|27|3S|S|10
9|19|65|17|149|9|4S|N|9
9|19|140|34|90|8|2S|N|8
9|2|80|29|147|102|3N|W|5
9|2|134|125|153|67|3N|W|6
9|2|6|177|110|143|4C|E|10
9|2|150|31|75|1|3N|W|4
9|2|138|154|126|180|3N|W|5
9|2|71|181|11|136|3C|E|10
9|2|98|95|27|62|1N|W|8
9|2|86|92|40|79|3C|E|10
9|2|65|161|149|182|2N|W|4
9|2|140|34|90|8|3C|E|10
9|20|125|29|67|102|2N|W|10
9|20|114|80|176|147|3D|W|11
9|20|118|177|50|143|5D|W|11
9|20|150|31|75|1|5D|W|11
9|20|138|154|126|180|3N|E|9
9|20|71|181|11|136|5D|W|11
9|20|58|95|109|62|5D|W|11
9|20|86|98|40|27|5D|W|11
9|20|65|17|149|9|5D|W|11
9|20|140|34|90|8|3D|W|11
9|21|125|29|67|102|4D|W|6
9|21|114|80|176|147|3S|S|9
9|21|118|177|50|143|3S|S|9
9|21|150|31|75|1|4S|S|10
9|21|138|154|126|180|3S|S|10
9|21|71|181|11|136|3S|S|9
9|21|58|95|109|62|4S|S|10
9|21|86|98|40|27|4S|S|10
9|21|65|17|149|9|3S|S|10
9|21|140|34|90|8|3S|S|8
9|22|125|29|67|102|2H|S|9
9|22|114|80|176|147|2S|E|6
9|22|118|177|50|143|P||0
9|22|150|31|75|1|P||0
9|22|138|154|126|180|4H|N|9
9|22|71|181|11|136|2C|N|12
9|22|58|95|109|62|5C|N|11
9|22|86|98|40|27|2H|N|11
9|22|65|17|149|9|5C|S|11
9|22|140|34|90|8|3H|N|9
9|23|125|29|67|102|1N|W|8
9|23|114|80|176|147|1H|W|8
9|23|118|177|50|143|1H|N|6
9|23|150|31|75|1|2H|W|8
9|23|138|154|126|180|3N|W|7
9|23|71|181|11|136|1H|W|8
9|23|58|95|109|62|2H|W|8
9|23|86|98|40|27|1H|W|8
9|23|65|17|149|9|1H|W|9
9|23|140|34|90|8|2N|W|7
9|24|125|29|67|102|3N|E|11
9|24|114|80|176|147|4H|W|11
9|24|118|177|50|143|2C|N|8
9|24|150|31|75|1|3N|E|10
9|24|138|154|126|180|4H|E|11
9|24|71|181|11|136|4H|E|11
9|24|58|95|109|62|4H|E|11
9|24|86|98|40|27|3N|E|11
9|24|65|17|149|9|4H|E|11
9|24|140|34|90|8|3N|E|12
9|25|125|29|67|102|5C|S|9
9|25|114|80|176|147|3D|S|10
9|25|118|177|50|143|3N|N|5
9|25|150|31|75|1|5C|N|11
9|25|138|154|126|180|4D|S|10
9|25|71|181|11|136|3C|S|8
9|25|58|95|109|62|2N|N|8
9|25|86|98|40|27|3C|S|11
9|25|65|17|149|9|3C|S|10
9|25|140|34|90|8|3D|S|10
9|26|125|29|67|102|2S|E|7
9|26|114|80|176|147|1N|N|8
9|26|118|177|50|143|2H|N|8
9|26|150|31|75|1|2H|N|7
9|26|138|154|126|180|2H|N|7
9|26|71|181|11|136|2H|N|8
9|26|58|95|109|62|2S|E|7
9|26|86|98|40|27|2H|N|7
9|26|65|17|149|9|3N|N|8
9|26|140|34|90|8|3C|N|9
9|27|125|29|67|102|1N|E|7
9|27|114|80|176|147|1N|E|8
9|27|118|177|50|143|1N|E|7
9|27|150|31|75|1|1N|E|7
9|27|138|154|126|180|1N|W|7
9|27|71|181|11|136|1N|E|7
9|27|58|95|109|62|1N|E|6
9|27|86|98|40|27|2S|S|7
9|27|65|17|149|9|2S|S|7
9|27|140|34|90|8|1N|E|7
9|28|125|29|67|102|2H|E|10
9|28|114|80|176|147|2H|E|11
9|28|118|177|50|143|2H|E|11
9|28|150|31|75|1|2H|W|11
9|28|138|154|126|180|4H|W|11
9|28|71|181|11|136|4H|W|10
9|28|58|95|109|62|4H|E|11
9|28|86|98|40|27|4H|E|10
9|28|65|17|149|9|4H|W|11
9|28|140|34|90|8|1N|W|11
9|29|125|29|67|102|2N|S|7
9|29|114|80|176|147|3N|N|8
9|29|118|177|50|143|2C|N|8
9|29|150|31|75|1|2D|E|8
9|29|138|154|126|180|3C|N|9
9|29|71|181|11|136|3H|S|8
9|29|58|95|109|62|1N|E|6
9|29|86|98|40|27|3H|N|9
9|29|65|17|149|9|3N|S|9
9|29|140|34|90|8|3H|S|8
9|3|80|29|147|102|3D|S|10
9|3|134|125|153|67|5D|S|11
9|3|6|177|110|143|4S|W|8
9|3|150|31|75|1|3N|S|10
9|3|138|154|126|180|4H|W|10
9|3|71|181|11|136|3D|S|9
9|3|98|95|27|62|5D|S|10
9|3|86|92|40|79|5D|S|10
9|3|65|161|149|182|3N|S|10
9|3|140|34|90|8|4D|S|10
9|30|125|29|67|102|3S|E|8
9|30|114|80|176|147|3N|N|8
9|30|118|177|50|143|4H|N|8
9|30|150|31|75|1|3N|N|7
9|30|138|154|126|180|3N|N|9
9|30|71|181|11|136|1N|N|8
9|30|58|95|109|62|3S|E|9
9|30|86|98|40|27|1H|N|7
9|30|65|17|149|9|3N|N|8
9|30|140|34|90|8|3N|N|8
9|31|125|29|67|102|4S|W|10
9|31|114|80|176|147|4S|W|11
9|31|118|177|50|143|4S|W|11
9|31|150|31|75|1|4S|W|11
9|31|138|154|126|180|4S|W|12
9|31|71|181|11|136|4S|W|11
9|31|58|95|109|62|4S|W|10
9|31|86|98|40|27|4S|W|12
9|31|65|17|149|9|4S|W|11
9|31|140|34|90|8|4S|W|11
9|32|125|29|67|102|2H|N|9
9|32|114|80|176|147|2H|N|9
9|32|118|177|50|143|2H|N|9
9|32|150|31|75|1|1N|N|7
9|32|138|154|126|180|2H|N|9
9|32|71|181|11|136|2H|N|9
9|32|58|95|109|62|2H|N|9
9|32|86|98|40|27|3C|S|8
9|32|65|17|149|9|2H|S|8
9|32|140|34|90|8|2H|N|9
9|4|80|29|147|102|3N|E|7
9|4|134|125|153|67|4S|W|7
9|4|6|177|110|143|2S|W|9
9|4|150|31|75|1|3H|E|8
9|4|138|154|126|180|3D|W|10
9|4|71|181|11|136|2S|W|6
9|4|98|95|27|62|3D|W|9
9|4|86|92|40|79|3S|W|8
9|4|65|161|149|182|5D|W|8
9|4|140|34|90|8|4D|W|9
9|5|80|29|147|102|2D|E|8
9|5|134|125|153|67|2C|W|8
9|5|6|177|110|143|2D|E|7
9|5|150|31|75|1|2S|S|7
9|5|138|154|126|180|2D|E|9
9|5|71|181|11|136|1N|S|8
9|5|98|95|27|62|2C|E|6
9|5|86|92|40|79|3C|E|8
9|5|65|161|149|182|2H|S|7
9|5|140|34|90|8|1N|S|7
9|6|80|29|147|102|4S|S|10
9|6|134|125|153|67|4S|S|9
9|6|6|177|110|143|2S|S|9
9|6|150|31|75|1|4S|S|9
9|6|138|154|126|180|4S|S|10
9|6|71|181|11|136|4S|S|9
9|6|98|95|27|62|4S|S|9
9|6|86|92|40|79|2S|S|10
9|6|65|161|149|182|4S|S|10
9|6|140|34|90|8|2H|W|8
9|7|80|29|147|102|2S|S|8
9|7|134|125|153|67|2S|S|7
9|7|6|177|110|143|2S|S|7
9|7|150|31|75|1|3C|W|8
9|7|138|154|126|180|3C|E|8
9|7|71|181|11|136|2S|S|8
9|7|98|95|27|62|2S|S|8
9|7|86|92|40|79|3C|E|7
9|7|65|161|149|182|1N|E|6
9|7|140|34|90|8|2S|S|7
9|8|80|29|147|102|1N|S|9
9|8|134|125|153|67|1N|S|8
9|8|6|177|110|143|1N|S|8
9|8|150|31|75|1|3N|S|8
9|8|138|154|126|180|2S|E|8
9|8|71|181|11|136|3N|N|7
9|8|98|95|27|62|2S|E|8
9|8|86|92|40|79|1N|N|8
9|8|65|161|149|182|2S|E|8
9|8|140|34|90|8|2S|E|7
9|9|80|29|147|102|3H|S|9
9|9|134|125|153|67|2H|S|9
9|9|6|177|110|143|4H|N|9
9|9|150|31|75|1|4H|N|9
9|9|138|154|126|180|3N|S|8
9|9|71|181|11|136|2H|S|9
9|9|98|95|27|62|2N|S|8
9|9|86|92|40|79|3H|N|9
9|9|65|161|149|182|4H|S|8
9|9|140|34|90|8|3N|S|7
