1|1|300|30|107|148|7C|W|13
1|1|144|254|281|172|6C|W|13
1|1|301|197|291|90|6C|W|12
1|1|10|264|258|283|6C|W|13
1|1|120|127|180|135|6C|W|13
1|1|238|177|53|133|6C|W|13
1|1|221|24|251|294|6C|W|13
1|1|161|174|103|176|7S|N|13
1|1|263|282|215|189|6C|W|13
1|1|253|2|181|4|6C|W|13
1|10|300|30|107|148|1N|W|7
1|10|144|254|281|172|3H|S|7
1|10|301|197|291|90|1N|W|7
1|10|10|264|258|283|1N|W|7
1|10|120|127|180|135|1N|W|7
1|10|238|177|53|133|1N|W|8
1|10|221|24|251|294|1N|W|7
1|10|161|174|103|176|1N|W|7
1|10|263|282|215|189|2H|S|7
1|10|253|2|181|4|1N|W|7
1|11|300|30|107|148|5C|W|9
1|11|144|254|281|172|5C|W|9
1|11|301|197|291|90|5C|W|11
1|11|10|264|258|283|3S|S|10
1|11|120|127|180|135|4S|S|10
1|11|238|177|53|133|3S|S|10
1|11|221|24|251|294|4S|S|10
1|11|161|174|103|176|4S|S|10
1|11|263|282|215|189|4S|S|10
1|11|253|2|181|4|5S|S|11
1|12|300|30|107|148|4S|N|11
1|12|144|254|281|172|3N|S|12
1|12|301|197|291|90|6N|S|12
1|12|10|264|258|283|3N|S|11
1|12|120|127|180|135|3N|S|12
1|12|238|177|53|133|4H|N|8
1|12|221|24|251|294|3N|S|12
1|12|161|174|103|176|3N|S|12
1|12|263|282|215|189|3N|S|11
1|12|253|2|181|4|3N|S|11
1|13|300|30|107|148|4S|W|9
1|13|144|254|281|172|2S|W|9
1|13|301|197|291|90|2S|W|9
1|13|10|264|258|283|4S|W|9
1|13|120|127|180|135|4S|W|9
1|13|238|177|53|133|4S|W|9
1|13|221|24|251|294|2S|W|10
1|13|161|174|103|176|2D|N|8
1|13|263|282|215|189|4S|W|9
1|13|253|2|181|4|2S|W|9
1|14|300|30|107|148|4S|N|7
1|14|144|254|281|172|2S|S|10
1|14|301|197|291|90|2S|N|9
1|14|10|264|258|283|2S|S|8
1|14|120|127|180|135|1N|W|7
1|14|238|177|53|133|2S|S|9
1|14|221|24|251|294|2S|N|9
1|14|161|174|103|176|2S|N|10
1|14|263|282|215|189|2S|S|9
1|14|253|2|181|4|3S|N|7
1|15|300|30|107|148|2S|S|7
1|15|144|254|281|172|3D|S|9
1|15|301|197|291|90|1N|S|9
1|15|10|264|258|283|2N|S|7
1|15|120|127|180|135|3N|S|10
1|15|238|177|53|133|1N|S|7
1|15|221|24|251|294|2S|S|6
1|15|161|174|103|176|2S|N|8
1|15|263|282|215|189|2S|N|8
1|15|253|2|181|4|2S|N|9
1|16|300|30|107|148|3H|N|9
1|16|144|254|281|172|4H|N|9
1|16|301|197|291|90|4H|N|9
1|16|10|264|258|283|3H|N|9
1|16|120|127|180|135|3H|N|9
1|16|238|177|53|133|3H|N|9
1|16|221|24|251|294|3H|N|9
1|16|161|174|103|176|3H|N|9
1|16|263|282|215|189|4H|N|9
1|16|253|2|181|4|4H|N|9
1|17|300|21|107|187|3N|W|10|C2
1|17|144|254|281|172|3CX|N|8|HQ
1|17|145|197|5|90|3N|W|9|S4
1|17|10|264|258|283|3N|E|10|SJ
1|17|156|127|37|135|3N|W|10
1|17|238|177|53|133|3N|W|9
1|17|221|24|251|294|3CX|N|7|HQ
1|17|214|178|203|117|3N|E|10|SJ
1|17|263|272|215|69|2HX|N|4|D4
1|17|282|152|189|28|3N|E|10|SJ
1|18|300|21|107|187|2N|S|7|H3
1|18|144|254|281|172|3D|S|9|H3
1|18|145|197|5|90|1N|S|8|C7
1|18|10|264|258|283|2H|E|7|CA
1|18|156|127|37|135|3N|S|7|DQ
1|18|238|177|53|133|3C|N|8|H2
1|18|221|24|251|294|2N|S|7|DQ
1|18|214|178|203|117|3S|N|7|C9
1|18|263|272|215|69|3C|N|8|SQ
1|18|282|152|189|28|3C|N|9|SQ
1|19|300|21|107|187|2S|N|10|H5
1|19|144|254|281|172|2S|N|8|H2
1|19|145|197|5|90|2S|N|9|H5
1|19|10|264|258|283|2S|N|9|H2
1|19|156|127|37|135|2S|N|10|DT
1|19|238|177|53|133|5S|S|10|S8
1|19|221|24|251|294|2S|N|10|D3
1|19|214|178|203|117|4S|N|10|H5
1|19|263|272|215|69|2S|N|10|C8
1|19|282|152|189|28|4S|N|9|D3
1|2|300|30|107|148|4H|W|11
1|2|144|254|281|172|3D|W|10
1|2|301|197|291|90|4H|W|11
1|2|10|264|258|283|4H|W|11
1|2|120|127|180|135|4D|W|10
1|2|238|177|53|133|5D|W|11
1|2|221|24|251|294|5H|W|10
1|2|161|174|103|176|5H|W|10
1|2|263|282|215|189|3H|W|10
1|2|253|2|181|4|3D|W|10
1|20|300|21|107|187|3S|E|11|DJ
1|20|144|254|281|172|4S|W|10|CK
1|20|145|197|5|90|4S|W|10|CK
1|20|10|264|258|283|3S|E|10|H9
1|20|156|127|37|135|3N|E|8|H2
1|20|238|177|53|133|4S|W|10|CK
1|20|221|24|251|294|4S|E|11|C5
1|20|214|178|203|117|4S|W|10|CK
1|20|263|272|215|69|4S|W|11|CK
1|20|282|152|189|28|3S|W|10|CK
1|21|300|21|107|187|2H|E|8|SJ
1|21|144|254|281|172|3D|N|7|CJ
1|21|145|197|5|90|3N|E|8|SQ
1|21|10|264|258|283|3N|E|7|D3
1|21|156|127|37|135|2H|W|9|CK
1|21|238|177|53|133|2S|S|8|D2
1|21|221|24|251|294|2H|E|8|SQ
1|21|214|178|203|117|4H|E|8|SQ
1|21|263|272|215|69|3N|E|6|D6
1|21|282|152|189|28|3H|E|8|SQ
1|22|300|21|107|187|3S|N|9|C5
1|22|144|254|281|172|4S|N|11|C5
1|22|145|197|5|90|4S|N|11|H4
1|22|10|264|258|283|4H|N|11|H4
1|22|156|127|37|135|4S|N|10|HT
1|22|238|177|53|133|4S|N|11|S8
1|22|221|24|251|294|4S|N|11|C5
1|22|214|178|203|117|4H|N|11|C5
1|22|263|272|215|69|4S|N|10|C5
1|22|282|152|189|28|4S|N|11|H4
1|23|300|21|107|187|2D|S|7|CA
1|23|144|254|281|172|3N|E|10|D4
1|23|145|197|5|90|3DX|S|8|CA
1|23|10|264|258|283|4S|E|10|H7
1|23|156|127|37|135|3N|E|10|SJ
1|23|238|177|53|133|4S|E|10|H7
1|23|221|24|251|294|2H|S|6|DJ
1|23|214|178|203|117|3S|E|9|H6
1|23|263|272|215|69|3N|E|9|D4
1|23|282|152|189|28|4S|W|10|HJ
1|24|300|21|107|187|3N|W|11|S9
1|24|144|254|281|172|3N|E|10|HQ
1|24|145|197|5|90|3N|W|11|H8
1|24|10|264|258|283|4C|W|12|HA
1|24|156|127|37|135|2D|W|11|S3
1|24|238|177|53|133|3C|W|12|HA
1|24|221|24|251|294|3N|W|9|H8
1|24|214|178|203|117|2D|W|11|D9
1|24|263|272|215|69|3D|W|11|C3
1|24|282|152|189|28|3N|E|10|SJ
1|25|300|21|107|187|4H|E|11|CA
1|25|144|254|281|172|4H|E|9|CK
1|25|145|197|5|90|2DX|N|3|H4
1|25|10|264|258|283|4H|E|11|CA
1|25|156|127|37|135|3C|N|10|DA
1|25|238|177|53|133|5CX|N|10|DK
1|25|221|24|251|294|3H|E|11|CK
1|25|214|178|203|117|5CX|S|10|H2
1|25|263|272|215|69|5S|W|10
1|25|282|152|189|28|5C|S|11
1|26|300|21|107|187|4S|W|8|H8
1|26|144|254|281|172|4SX|W|8|H8
1|26|145|197|5|90|4SX|W|8|H8
1|26|10|264|258|283|5D|E|9|HA
1|26|156|127|37|135|4S|W|8|H8
1|26|238|177|53|133|4SX|W|8|H8
1|26|221|24|251|294|5DX|E|8|HK
1|26|214|178|203|117|4SX|W|8|H8
1|26|263|272|215|69|5D|E|9|HK
1|26|282|152|189|28|4SX|W|8|H8
1|27|300|21|107|187|3S|E|8|SA
1|27|144|254|281|172|3S|E|9|D5
1|27|145|197|5|90|5D|N|10|SQ
1|27|10|264|258|283|3D|N|9|SQ
1|27|156|127|37|135|4H|S|9|S4
1|27|238|177|53|133|3S|E|8|D5
1|27|221|24|251|294|3N|S|5|S5
1|27|214|178|203|117|3N|S|7|S5
1|27|263|272|215|69|4H|N|8|SQ
1|27|282|152|189|28|3N|S|7|S5
1|28|300|21|107|187|1N|N|8|C2
1|28|144|254|281|172|3N|N|6|C2
1|28|145|197|5|90|1N|N|8|C2
1|28|10|264|258|283|1N|N|8|C2
1|28|156|127|37|135|2N|S|8|D5
1|28|238|177|53|133|1N|N|8|C2
1|28|221|24|251|294|1N|N|9|S9
1|28|214|178|203|117|3N|N|9|S9
1|28|263|272|215|69|3C|E|6|HK
1|28|282|152|189|28|1N|N|7|C2
1|29|300|21|107|187|4HX|N|9|DQ
1|29|144|254|281|172|3N|S|9|CT
1|29|145|197|5|90|3N|S|6|D7
1|29|10|264|258|283|3N|S|6|D7
1|29|156|127|37|135|4S|N|8|DQ
1|29|238|177|53|133|4S|N|9|DQ
1|29|221|24|251|294|4H|N|9|C5
1|29|214|178|203|117|3N|S|9|S9
1|29|263|272|215|69|4HX|N|9|DQ
1|29|282|152|189|28|4H|N|9|C5
1|3|300|30|107|148|2D|N|9
1|3|144|254|281|172|3N|S|9
1|3|301|197|291|90|3N|S|10
1|3|10|264|258|283|2D|N|9
1|3|120|127|180|135|2D|N|9
1|3|238|177|53|133|3N|S|9
1|3|221|24|251|294|2D|N|9
1|3|161|174|103|176|1N|S|6
1|3|263|282|215|189|2D|N|9
1|3|253|2|181|4|2D|N|9
1|30|300|21|107|187|2C|S|7|C2
1|30|144|254|281|172|2H|N|6|CA
1|30|145|197|5|90|2H|S|7|C4
1|30|10|264|258|283|1N|W|8|C3
1|30|156|127|37|135|1N|E|6|HQ
1|30|238|177|53|133|2N|W|6|C6
1|30|221|24|251|294|1N|W|8|D3
1|30|214|178|203|117|1S|E|6|HQ
1|30|263|272|215|69|1N|W|7|C6
1|30|282|152|189|28|2N|W|7|C6
1|31|300|21|107|187|3N|E|12|S3
1|31|144|254|281|172|6D|W|11|ST
1|31|145|197|5|90|3N|E|11|C2
1|31|10|264|258|283|3N|E|11|S3
1|31|156|127|37|135|3N|E|11|H3
1|31|238|177|53|133|3N|E|11|S3
1|31|221|24|251|294|3N|E|12|S8
1|31|214|178|203|117|3N|E|11|H3
1|31|263|272|215|69|3N|W|12|S5
1|31|282|152|189|28|3N|E|11|C2
1|32|300|21|107|187|3N|W|8|H2
1|32|144|254|281|172|3N|W|8|H4
1|32|145|197|5|90|3N|W|10|H4
1|32|10|264|258|283|3N|W|7|H2
1|32|156|127|37|135|3N|W|9|H4
1|32|238|177|53|133|3N|W|10|H4
1|32|221|24|251|294|3N|E|9|S3
1|32|214|178|203|117|3N|E|10|H4
1|32|263|272|215|69|3N|E|7|H4
1|32|282|152|189|28|3N|W|10|H4
1|4|300|30|107|148|4S|W|11
1|4|144|254|281|172|5H|S|11
1|4|301|197|291|90|3S|W|10
1|4|10|264|258|283|4S|W|11
1|4|120|127|180|135|4S|W|10
1|4|238|177|53|133|4S|W|10
1|4|221|24|251|294|4S|W|11
1|4|161|174|103|176|4S|W|10
1|4|263|282|215|189|4S|W|10
1|4|253|2|181|4|4S|W|10
1|5|300|30|107|148|2S|N|9
1|5|144|254|281|172|2S|N|9
1|5|301|197|291|90|3D|W|8
1|5|10|264|258|283|3S|N|8
1|5|120|127|180|135|3D|W|9
1|5|238|177|53|133|2H|W|6
1|5|221|24|251|294|3S|S|8
1|5|161|174|103|176|3D|W|9
1|5|263|282|215|189|3S|S|9
1|5|253|2|181|4|3S|N|9
1|6|300|30|107|148|4S|W|10
1|6|144|254|281|172|4S|W|10
1|6|301|197|291|90|4S|W|10
1|6|10|264|258|283|2S|W|8
1|6|120|127|180|135|2S|W|10
1|6|238|177|53|133|6H|N|8
1|6|221|24|251|294|2S|W|10
1|6|161|174|103|176|2S|W|10
1|6|263|282|215|189|3S|W|10
1|6|253|2|181|4|5H|N|11
1|7|300|30|107|148|4H|N|11
1|7|144|254|281|172|4S|S|8
1|7|301|197|291|90|4H|S|11
1|7|10|264|258|283|4S|S|8
1|7|120|127|180|135|4H|S|10
1|7|238|177|53|133|4H|S|9
1|7|221|24|251|294|4H|N|10
1|7|161|174|103|176|4H|N|10
1|7|263|282|215|189|4H|N|10
1|7|253|2|181|4|4H|S|10
1|8|300|30|107|148|2H|W|9
1|8|144|254|281|172|3H|W|8
1|8|301|197|291|90|2H|W|8
1|8|10|264|258|283|2H|W|9
1|8|120|127|180|135|2H|W|8
1|8|238|177|53|133|3H|W|9
1|8|221|24|251|294|2H|W|9
1|8|161|174|103|176|3H|W|8
1|8|263|282|215|189|2H|W|8
1|8|253|2|181|4|2H|W|9
1|9|300|30|107|148|2H|S|8
1|9|144|254|281|172|1N|N|7
1|9|301|197|291|90|2H|S|8
1|9|10|264|258|283|3H|S|8
1|9|120|127|180|135|2H|S|8
1|9|238|177|53|133|2H|S|8
1|9|221|24|251|294|2C|N|4
1|9|161|174|103|176|4H|S|8
1|9|263|282|215|189|2H|N|9
1|9|253|2|181|4|2H|S|8
2|1|10|29|258|107|3H|N|11|C8
2|1|300|197|222|90|3H|N|10|C2
2|1|238|301|53|291|5DX|E|8|HJ
2|1|145|127|5|135|4D|E|8|HJ
2|1|161|156|103|37|4SX|E|7|H3
2|1|177|214|133|203|4H|N|10|H4
2|1|272|178|69|117|4H|N|10|C8
2|1|174|253|176|181|4H|N|11|C8
2|1|30|152|148|28|4HX|N|10|C8
2|1|2|21|4|187|5HX|N|10|SK
2|10|10|29|258|107|4H|W|10|CA
2|10|300|197|222|90|2H|E|9|C6
2|10|238|301|53|291|3C|S|9|D2
2|10|145|127|5|135|2S|E|10|HJ
2|10|161|156|103|37|2H|E|10|C3
2|10|177|214|133|203|2S|E|10|HJ
2|10|272|178|69|117|2S|E|10|HJ
2|10|174|253|176|181|3S|E|10|HJ
2|10|30|152|148|28|4H|E|10|D3
2|10|2|21|4|187|4H|W|10|H5
2|11|10|29|258|107|2H|S|9|DT
2|11|300|197|222|90|4DX|E|9|HK
2|11|238|301|53|291|3D|E|9|C3
2|11|145|127|5|135|2N|S|9|S3
2|11|161|156|103|37|2D|W|9|D2
2|11|177|214|133|203|2H|S|7|DT
2|11|272|178|69|117|2SX|W|6|C5
2|11|174|253|176|181|5DX|E|10|S5
2|11|30|152|148|28|1N|N|9|S9
2|11|2|21|4|187|1N|N|9|D5
2|12|10|29|258|107|3D|S|6|CK
2|12|300|197|222|90|2S|W|7|CJ
2|12|238|301|53|291|3S|W|8|HQ
2|12|145|127|5|135|3D|N|6|D3
2|12|161|156|103|37|3S|W|7|DQ
2|12|177|214|133|203|3S|W|7|CQ
2|12|272|178|69|117|2D|W|8|SK
2|12|174|253|176|181|2C|N|6|ST
2|12|30|152|148|28|2C|N|7|ST
2|12|2|21|4|187|2S|W|7|DQ
2|13|10|29|258|107|3N|W|9|C4
2|13|300|197|222|90|3N|W|9|S2
2|13|238|301|53|291|3N|W|9|S2
2|13|145|127|5|135|3N|W|10|HJ
2|13|161|156|103|37|2H|W|8|D3
2|13|177|214|133|203|3N|W|9|S2
2|13|272|178|69|117|3N|W|9|S2
2|13|174|253|176|181|5D|E|9|D4
2|13|30|152|148|28|3N|W|9|S2
2|13|2|21|4|187|3N|W|9|S2
2|14|10|29|258|107|2S|N|7|H7
2|14|300|197|222|90|3H|W|7|S3
2|14|238|301|53|291|2H|W|7|S3
2|14|145|127|5|135|3DX|E|7|HQ
2|14|161|156|103|37|3DX|E|8|HQ
2|14|177|214|133|203|3DX|E|8|HQ
2|14|272|178|69|117|2H|W|7|S5
2|14|174|253|176|181|3C|S|8|SA
2|14|30|152|148|28|3C|S|9|SA
2|14|2|21|4|187|4H|W|7|S5
2|15|10|29|258|107|4S|E|11|CA
2|15|300|197|222|90|4S|E|10|CA
2|15|238|301|53|291|4S|E|10|CA
2|15|145|127|5|135|4S|E|10|CA
2|15|161|156|103|37|4S|E|10|CA
2|15|177|214|133|203|4S|E|10|CA
2|15|272|178|69|117|4S|E|10|CA
2|15|174|253|176|181|4S|E|10|CK
2|15|30|152|148|28|4S|E|10|CA
2|15|2|21|4|187|4S|E|10|CA
2|16|10|29|258|107|3H|W|9|D2
2|16|300|197|222|90|4H|E|9|C3
2|16|238|301|53|291|4H|E|8|C5
2|16|145|127|5|135|4H|E|8|C3
2|16|161|156|103|37|2H|E|9|S7
2|16|177|214|133|203|3H|E|9|C3
2|16|272|178|69|117|4H|E|9|C3
2|16|174|253|176|181|3N|E|9|DT
2|16|30|152|148|28|4H|E|10|S5
2|16|2|21|4|187|4H|E|9|C3
2|17|10|29|258|107|2H|S|9|S5
2|17|300|197|222|90|3D|E|9|C6
2|17|238|264|53|283|3H|S|9|S5
2|17|145|127|5|135|3N|N|8|ST
2|17|24|156|294|37|3H|S|8|S5
2|17|120|161|180|103|3H|S|9|S3
2|17|282|174|189|176|2H|S|9|H3
2|17|221|253|251|181|3H|S|8|DA
2|17|30|263|148|215|3H|S|9|DA
2|17|2|144|4|281|4D|W|9|H5
2|18|10|29|258|107|4S|E|9|CA
2|18|300|197|222|90|3S|E|11|D6
2|18|238|264|53|283|4S|E|9|HK
2|18|145|127|5|135|4S|E|10|HK
2|18|24|156|294|37|4S|E|9|HK
2|18|120|161|180|103|4S|E|9|HK
2|18|282|174|189|176|4S|E|10|HK
2|18|221|253|251|181|4S|W|9|ST
2|18|30|263|148|215|3S|E|8|CA
2|18|2|144|4|281|2S|E|10|D2
2|19|10|29|258|107|4S|S|9|D4
2|19|300|197|222|90|5CX|W|8|DK
2|19|238|264|53|283|4S|S|9|D4
2|19|145|127|5|135|4S|S|10|D4
2|19|24|156|294|37|4S|S|9|D2
2|19|120|161|180|103|4S|S|10|D4
2|19|282|174|189|176|4S|S|10|D4
2|19|221|253|251|181|4S|S|8|D4
2|19|30|263|148|215|5D|N|11|C9
2|19|2|144|4|281|4S|S|9|D4
2|2|10|29|258|107|4H|W|11|SJ
2|2|300|197|222|90|4H|E|11|SA
2|2|238|301|53|291|3S|S|7|CK
2|2|145|127|5|135|2C|W|12|DJ
2|2|161|156|103|37|4H|W|12|HJ
2|2|177|214|133|203|3N|E|8|S6
2|2|272|178|69|117|4H|W|10|SJ
2|2|174|253|176|181|3S|S|7|CK
2|2|30|152|148|28|4H|W|11|SJ
2|2|2|21|4|187|4H|E|10|SK
2|20|10|29|258|107|4H|W|10|C4
2|20|300|197|222|90|5H|E|10|C3
2|20|238|264|53|283|4H|E|10|C3
2|20|145|127|5|135|4H|E|10|C6
2|20|24|156|294|37|4H|E|10|C6
2|20|120|161|180|103|4H|W|10|HQ
2|20|282|174|189|176|4H|E|10|C2
2|20|221|253|251|181|4H|E|10|D6
2|20|30|263|148|215|4H|E|10|C4
2|20|2|144|4|281|4H|W|10|HQ
2|21|10|29|258|107|3H|E|9|CK
2|21|300|197|222|90|3H|W|5|CA
2|21|238|264|53|283|4C|S|10|DA
2|21|145|127|5|135|3N|N|9|SJ
2|21|24|156|294|37|3C|S|8|SA
2|21|120|161|180|103|4H|E|9|CK
2|21|282|174|189|176|3D|E|10|CK
2|21|221|253|251|181|3N|N|8|H5
2|21|30|263|148|215|3N|N|9|SJ
2|21|2|144|4|281|4C|S|8|SA
2|22|10|29|258|107|2C|N|8|S5
2|22|300|197|222|90|2C|S|8|SA
2|22|238|264|53|283|2C|S|7|SA
2|22|145|127|5|135|2S|W|8|DK
2|22|24|156|294|37|3N|W|8|CJ
2|22|120|161|180|103|2S|W|8|DK
2|22|282|174|189|176|2C|S|8|H6
2|22|221|253|251|181|3N|W|8|CJ
2|22|30|263|148|215|2S|W|8|DK
2|22|2|144|4|281|3N|W|8|CJ
2|23|10|29|258|107|3N|E|11|C3
2|23|300|197|222|90|3N|W|11|S2
2|23|238|264|53|283|4H|W|10|C5
2|23|145|127|5|135|4N|W|10|S4
2|23|24|156|294|37|3N|W|10|S3
2|23|120|161|180|103|4N|W|11|C8
2|23|282|174|189|176|3N|E|11|ST
2|23|221|253|251|181|4N|E|11|S4
2|23|30|263|148|215|4H|W|10|C4
2|23|2|144|4|281|3N|E|11|C9
2|24|10|29|258|107|2H|N|7|CK
2|24|300|197|222|90|3D|W|6|C7
2|24|238|264|53|283|3DX|W|6|C7
2|24|145|127|5|135|4SX|N|8|SJ
2|24|24|156|294|37|3D|E|7|SK
2|24|120|161|180|103|3D|W|7|S4
2|24|282|174|189|176|3D|W|7|C7
2|24|221|253|251|181|2S|S|8|C5
2|24|30|263|148|215|2H|N|7|CK
2|24|2|144|4|281|4SX|S|7|H9
2|25|10|29|258|107|4H|W|8|S7
2|25|300|197|222|90|4H|W|9|DA
2|25|238|264|53|283|4H|W|9|DA
2|25|145|127|5|135|2H|W|8|S6
2|25|24|156|294|37|4H|W|10|DK
2|25|120|161|180|103|4H|W|9|S7
2|25|282|174|189|176|3N|W|9|S7
2|25|221|253|251|181|3S|S|9|C4
2|25|30|263|148|215|6C|E|10|HT
2|25|2|144|4|281|4H|W|9|S6
2|26|10|29|258|107|6C|S|12|H9
2|26|300|197|222|90|3N|N|9|H5
2|26|238|264|53|283|6C|S|12|C6
2|26|145|127|5|135|6C|S|12|C9
2|26|24|156|294|37|6C|S|12|HT
2|26|120|161|180|103|3N|N|8|H2
2|26|282|174|189|176|3N|N|9|H5
2|26|221|253|251|181|6C|S|12|C2
2|26|30|263|148|215|6C|S|12|H9
2|26|2|144|4|281|3N|N|8|H2
2|27|10|29|258|107|3N|N|9|H2
2|27|300|197|222|90|3N|N|10|C4
2|27|238|264|53|283|3N|N|8|HA
2|27|145|127|5|135|4D|N|10|HA
2|27|24|156|294|37|3N|S|9|ST
2|27|120|161|180|103|3N|N|9|H2
2|27|282|174|189|176|3N|S|9|ST
2|27|221|253|251|181|3N|S|9|ST
2|27|30|263|148|215|3N|N|9|HA
2|27|2|144|4|281|3N|N|9|HA
2|28|10|29|258|107|4H|E|10|S2
2|28|300|197|222|90|4H|E|9|CJ
2|28|238|264|53|283|4H|E|9|HJ
2|28|145|127|5|135|4H|W|9|S7
2|28|24|156|294|37|4H|E|9|HJ
2|28|120|161|180|103|4H|W|9|S6
2|28|282|174|189|176|4H|E|10|HJ
2|28|221|253|251|181|4H|E|9|HJ
2|28|30|263|148|215|4H|W|9|S6
2|28|2|144|4|281|4H|E|9|CQ
2|29|10|29|258|107|2H|W|10|S8
2|29|300|197|222|90|4H|W|10|S8
2|29|238|264|53|283|3H|W|9|CQ
2|29|145|127|5|135|3H|W|9|S5
2|29|24|156|294|37|3H|W|9|S4
2|29|120|161|180|103|3H|W|10|S5
2|29|282|174|189|176|2HX|W|9|S5
2|29|221|253|251|181|3H|E|10|SK
2|29|30|263|148|215|3H|W|9|S5
2|29|2|144|4|281|2S|S|7|CK
2|3|10|29|258|107|2D|S|8|HK
2|3|300|197|222|90|3D|S|8|HA
2|3|238|301|53|291|5C|E|11|DA
2|3|145|127|5|135|5DX|S|8|HA
2|3|161|156|103|37|4S|E|9|DK
2|3|177|214|133|203|2H|W|10|DJ
2|3|272|178|69|117|3D|S|8|HA
2|3|174|253|176|181|3D|S|8|C6
2|3|30|152|148|28|5D|S|8|HA
2|3|2|21|4|187|3H|W|10|DJ
2|30|10|29|258|107|4D|W|9|H4
2|30|300|197|222|90|4H|N|10|D2
2|30|238|264|53|283|4H|S|10|C6
2|30|145|127|5|135|4H|S|11|D5
2|30|24|156|294|37|4H|S|10|D3
2|30|120|161|180|103|4H|S|10|C6
2|30|282|174|189|176|4H|S|10|C6
2|30|221|253|251|181|4H|S|10|C6
2|30|30|263|148|215|4H|S|10|D5
2|30|2|144|4|281|4H|S|10|D2
2|31|10|29|258|107|3N|W|11|H2
2|31|300|197|222|90|6N|E|11|CA
2|31|238|264|53|283|3N|W|11|C7
2|31|145|127|5|135|3N|W|11|HT
2|31|24|156|294|37|6NX|E|11|CA
2|31|120|161|180|103|3N|E|11|C3
2|31|282|174|189|176|6N|W|10|S5
2|31|221|253|251|181|3N|W|11|HT
2|31|30|263|148|215|4H|W|9|S4
2|31|2|144|4|281|3N|W|11|C3
2|32|10|29|258|107|3N|S|8|DT
2|32|300|197|222|90|3N|N|8|CQ
2|32|238|264|53|283|4H|S|10|S6
2|32|145|127|5|135|4H|S|9|S7
2|32|24|156|294|37|4H|S|10|S7
2|32|120|161|180|103|4H|S|10|S2
2|32|282|174|189|176|4H|N|11|D9
2|32|221|253|251|181|4H|N|10|D9
2|32|30|263|148|215|3N|S|8|DJ
2|32|2|144|4|281|4H|S|10|S2
2|4|300|197|222|90|3N|W|9|CA
2|4|238|301|53|291|3N|W|9|CK
2|4|145|127|5|135|3N|W|10|CK
2|4|161|156|103|37|3N|W|9|C8
2|4|177|214|133|203|3N|W|9|S4
2|4|272|178|69|117|3N|W|10|CA
2|4|174|253|176|181|3N|W|10|CA
2|4|30|152|148|28|3S|S|8|CT
2|4|2|21|4|187|3N|E|9|CK
2|5|10|29|258|107|4H|N|11|S9
2|5|300|197|222|90|4H|S|11|SK
2|5|238|301|53|291|4H|S|11|SK
2|5|145|127|5|135|4H|S|11|SK
2|5|161|156|103|37|4H|S|11|ST
2|5|177|214|133|203|2H|N|11|ST
2|5|272|178|69|117|1NX|W|3|HT
2|5|174|253|176|181|4H|S|11|SK
2|5|30|152|148|28|5H|N|11|ST
2|5|2|21|4|187|4H|S|10|SK
2|6|10|29|258|107|1N|S|8|HT
2|6|300|197|222|90|1N|S|9|HJ
2|6|238|301|53|291|1N|S|7|HJ
2|6|145|127|5|135|1N|S|8|S2
2|6|161|156|103|37|2H|E|7|S3
2|6|177|214|133|203|3C|S|8|HJ
2|6|272|178|69|117|2H|E|7|S7
2|6|174|253|176|181|1N|S|7|D3
2|6|30|152|148|28|1N|S|8|S4
2|6|2|21|4|187|1N|S|8|S2
2|7|10|29|258|107|3N|W|9|CJ
2|7|300|197|222|90|2SX|N|5|HT
2|7|238|301|53|291|3N|W|9|CJ
2|7|145|127|5|135|5D|E|12|S4
2|7|161|156|103|37|3N|W|9|CJ
2|7|177|214|133|203|6D|W|12|SK
2|7|272|178|69|117|5D|E|12|S4
2|7|174|253|176|181|3N|W|10|S7
2|7|30|152|148|28|3N|W|9|CJ
2|7|2|21|4|187|3N|W|10|SK
2|8|10|29|258|107|1N|N|9|H7
2|8|300|197|222|90|2S|S|10|D7
2|8|238|301|53|291|3N|N|9|CK
2|8|145|127|5|135|3N|S|9|D3
2|8|161|156|103|37|2N|N|9|CK
2|8|177|214|133|203|3C|N|9|CK
2|8|272|178|69|117|2C|W|5|C4
2|8|174|253|176|181|3N|S|9|H3
2|8|30|152|148|28|3N|S|9|D3
2|8|2|21|4|187|1N|N|9|D2
2|9|10|29|258|107|4S|E|12|H8
2|9|300|197|222|90|5S|E|12|C9
2|9|238|301|53|291|3N|E|11|C9
2|9|145|127|5|135|4H|W|12|SK
2|9|161|156|103|37|3N|W|12|C3
2|9|177|214|133|203|6H|W|12|SK
2|9|272|178|69|117|4H|E|12|D3
2|9|174|253|176|181|4H|W|12|C2
2|9|30|152|148|28|6H|W|12|C3
2|9|2|21|4|187|4H|E|12|D2
3|1|300|127|222|135|4H|N|10|CJ
3|1|238|29|53|107|4H|S|10|D7
3|1|301|161|291|103|4H|N|10|C5
3|1|214|264|203|283|4H|N|11|C3
3|1|120|272|180|69|4H|S|10|C6
3|1|282|156|189|37|4H|N|11|S2
3|1|221|263|251|215|4H|N|10|S8
3|1|152|178|28|117|4H|N|10|DA
3|1|10|21|258|187|3H|N|10|C4
3|1|144|197|281|90|4H|S|11|D6
3|10|300|127|222|135|6N|S|12|H2
3|10|238|29|53|107|6D|S|12|H2
3|10|301|161|291|103|6N|S|12|D5
3|10|214|264|203|283|6N|N|12|D9
3|10|120|272|180|69|6H|S|11|D3
3|10|282|156|189|37|6N|N|12|D9
3|10|221|263|251|215|3N|N|12|D8
3|10|152|178|28|117|6S|N|12|HT
3|10|10|21|258|187|3N|N|12|D9
3|10|144|197|281|90|6H|N|11|S3
3|11|300|127|222|135|2D|E|9|CA
3|11|238|29|53|107|3D|E|10|CA
3|11|301|161|291|103|3N|S|7|D2
3|11|214|264|203|283|3D|E|10|CA
3|11|120|272|180|69|3D|E|9|CK
3|11|282|156|189|37|3D|N|8|S5
3|11|221|263|251|215|3D|E|10|S3
3|11|152|178|28|117|3D|E|10|CA
3|11|10|21|258|187|3D|W|9|CA
3|11|144|197|281|90|3D|E|10|CA
3|12|300|127|222|135|4S|W|10|D6
3|12|238|29|53|107|6H|E|10|C3
3|12|301|161|291|103|4S|E|11|D6
3|12|214|264|203|283|4S|E|10|H2
3|12|120|272|180|69|6S|W|11|S8
3|12|282|156|189|37|4S|E|11|D6
3|12|221|263|251|215|6NX|E|10|D6
3|12|152|178|28|117|6S|E|11|D6
3|12|10|21|258|187|6S|E|11|D6
3|12|144|197|281|90|6S|E|11|D6
3|13|300|127|222|135|4H|N|11|CJ
3|13|238|29|53|107|2SX|E|6|D2
3|13|301|161|291|103|3H|N|11|S3
3|13|214|264|203|283|2SX|E|7|SJ
3|13|120|272|180|69|2H|N|11|CJ
3|13|282|156|189|37|4H|N|11|CJ
3|13|221|263|251|215|4H|N|11|CJ
3|13|152|178|28|117|4H|N|11|CJ
3|13|10|21|258|187|4H|N|11|S3
3|13|144|197|281|90|4H|N|11|C6
3|14|300|127|222|135|5H|N|12|SK
3|14|238|29|53|107|6H|N|12|SK
3|14|301|161|291|103|4S|E|9|S4
3|14|214|264|203|283|4H|N|12|C8
3|14|120|272|180|69|6H|S|12|CA
3|14|282|156|189|37|5H|S|12|S2
3|14|221|263|251|215|6H|S|12|H9
3|14|152|178|28|117|6H|S|12|S6
3|14|10|21|258|187|4SX|E|9|CT
3|14|144|197|281|90|4H|N|12|S3
3|15|300|127|222|135|2N|E|6|HT
3|15|238|29|53|107|3H|S|9|CT
3|15|301|161|291|103|3D|E|8|SA
3|15|214|264|203|283|4H|S|9|H5
3|15|120|272|180|69|4D|W|8|H7
3|15|282|156|189|37|4D|W|8|H8
3|15|221|263|251|215|3D|W|8|ST
3|15|152|178|28|117|4H|S|9|CJ
3|15|10|21|258|187|6CX|E|8|SA
3|15|144|197|281|90|4H|S|10|C8
3|16|300|127|222|135|3D|W|9|HT
3|16|238|29|53|107|3N|W|8|C3
3|16|301|161|291|103|1N|W|8|C6
3|16|214|264|203|283|1NX|W|8|C6
3|16|120|272|180|69|3N|E|8|HK
3|16|282|156|189|37|1N|W|8|HT
3|16|221|263|251|215|3N|E|4|C7
3|16|152|178|28|117|1N|W|8|C6
3|16|10|21|258|187|3D|W|10|SJ
3|16|144|197|281|90|3N|W|6|HT
3|17|29|127|107|135|4H|E|11|C2
3|17|238|300|53|222|5H|E|11|C6
3|17|301|161|291|103|5H|E|11|C4
3|17|214|145|203|5|4H|E|11|DA
3|17|120|272|180|69|5H|E|11|HJ
3|17|253|177|181|133|4H|E|11|C4
3|17|174|2|176|4|5H|E|11|C4
3|17|152|178|28|117|4H|E|12|S9
3|17|10|21|258|187|4H|E|12|S9
3|17|30|197|148|90|5H|E|11|S8
3|18|29|127|107|135|3N|W|10|SK
3|18|238|300|53|222|3N|E|11|H9
3|18|301|161|291|103|3N|E|10|H8
3|18|214|145|203|5|3N|E|10|SJ
3|18|120|272|180|69|3N|E|10|SJ
3|18|253|177|181|133|3N|E|11|H9
3|18|174|2|176|4|3N|E|10|SJ
3|18|152|178|28|117|3N|E|10|SJ
3|18|10|21|258|187|3N|E|10|SJ
3|18|30|197|148|90|3N|E|10|SJ
3|19|29|127|107|135|1N|N|7|H5
3|19|238|300|53|222|1N|N|6|S4
3|19|301|161|291|103|1N|S|7|HJ
3|19|214|145|203|5|1N|S|7|HJ
3|19|120|272|180|69|1N|S|7|HJ
3|19|253|177|181|133|1N|S|8|HJ
3|19|174|2|176|4|1N|S|8|SJ
3|19|152|178|28|117|1N|N|7|H5
3|19|10|21|258|187|1N|S|5|HJ
3|19|30|197|148|90|1N|S|7|D6
3|2|300|127|222|135|4H|S|10|D3
3|2|238|29|53|107|1N|E|3|C2
3|2|301|161|291|103|5C|S|11|D2
3|2|214|264|203|283|4H|S|11|D3
3|2|120|272|180|69|1N|E|3|C5
3|2|282|156|189|37|4S|N|10|DA
3|2|221|263|251|215|4D|W|6|C9
3|2|152|178|28|117|3S|N|10|DA
3|2|10|21|258|187|5S|N|11|DA
3|2|144|197|281|90|4S|N|10|DA
3|20|29|127|107|135|2H|E|8|CA
3|20|238|300|53|222|3D|N|6|S8
3|20|301|161|291|103|3S|N|6|D6
3|20|214|145|203|5|1N|S|7|DQ
3|20|120|272|180|69|2S|N|5|D6
3|20|253|177|181|133|1N|S|8|DQ
3|20|174|2|176|4|1N|S|7|DQ
3|20|152|178|28|117|2S|N|5|D6
3|20|10|21|258|187|2N|N|6|C5
3|20|30|197|148|90|1N|S|6|DQ
3|21|29|127|107|135|3D|S|9|ST
3|21|238|300|53|222|3D|S|9|S2
3|21|301|161|291|103|2S|E|7|C2
3|21|214|145|203|5|2S|E|7|HK
3|21|120|272|180|69|2S|E|7|HK
3|21|253|177|181|133|2S|E|8|C2
3|21|174|2|176|4|2S|E|7|C2
3|21|152|178|28|117|2S|E|7|HA
3|21|10|21|258|187|3N|N|7|S6
3|21|30|197|148|90|2S|E|8|HA
3|22|29|127|107|135|3N|S|11|HT
3|22|238|300|53|222|3N|S|11|D3
3|22|301|161|291|103|3N|S|11|HT
3|22|214|145|203|5|6H|S|11|D8
3|22|120|272|180|69|4N|N|11|H8
3|22|253|177|181|133|3N|S|11|HT
3|22|174|2|176|4|3N|S|11|HT
3|22|152|178|28|117|3N|S|10|HT
3|22|10|21|258|187|6H|N|11|D2
3|22|30|197|148|90|3N|S|10|HT
3|23|29|127|107|135|5C|S|12|H7
3|23|238|300|53|222|3N|N|12|H2
3|23|301|161|291|103|3N|N|13|H5
3|23|214|145|203|5|6N|N|12|C8
3|23|120|272|180|69|4S|S|12|H4
3|23|253|177|181|133|1N|N|12|H2
3|23|174|2|176|4|3N|N|12|ST
3|23|152|178|28|117|5C|N|12|D5
3|23|10|21|258|187|4S|S|12|H3
3|23|30|197|148|90|3N|N|12|H5
3|24|29|127|107|135|1N|W|5|D6
3|24|238|300|53|222|2S|N|7|DA
3|24|301|161|291|103|2S|S|7|D8
3|24|214|145|203|5|2S|N|7|DK
3|24|120|272|180|69|1N|W|8|D6
3|24|253|177|181|133|2N|N|6|H8
3|24|174|2|176|4|2D|N|7|H8
3|24|152|178|28|117|1N|E|8|SK
3|24|10|21|258|187|2D|N|7|C4
3|24|30|197|148|90|2D|N|6|C4
3|25|29|127|107|135|3H|N|11|HA
3|25|238|300|53|222|4H|N|8|SJ
3|25|301|161|291|103|4H|N|8|CA
3|25|214|145|203|5|3N|E|9|D5
3|25|120|272|180|69|3C|E|10|H2
3|25|253|177|181|133|1N|E|10|D5
3|25|174|2|176|4|4H|N|11|HA
3|25|152|178|28|117|3C|E|8|DA
3|25|10|21|258|187|3H|N|10|CA
3|25|30|197|148|90|4H|N|11|CA
3|26|29|127|107|135|3H|W|9|C2
3|26|238|300|53|222|2S|S|9|CT
3|26|301|161|291|103|2S|S|8|CJ
3|26|214|145|203|5|2S|S|7|S4
3|26|120|272|180|69|2S|S|9|CJ
3|26|253|177|181|133|2S|S|8|D3
3|26|174|2|176|4|2S|S|8|D3
3|26|152|178|28|117|2S|S|8|CJ
3|26|10|21|258|187|4SX|S|8|H3
3|26|30|197|148|90|2H|E|8|DQ
3|27|29|127|107|135|2S|S|7|CK
3|27|238|300|53|222|1N|W|5|H9
3|27|301|161|291|103|3C|W|8|S2
3|27|214|145|203|5|3C|E|9|C8
3|27|120|272|180|69|3C|E|8|D4
3|27|253|177|181|133|3C|E|8|D4
3|27|174|2|176|4|2S|S|7|CT
3|27|152|178|28|117|3D|W|6|S2
3|27|10|21|258|187|3S|S|8|CK
3|27|30|197|148|90|1N|N|8|C5
3|28|29|127|107|135|2S|N|10|C2
3|28|238|300|53|222|4S|S|11|CT
3|28|301|161|291|103|3N|N|10|C2
3|28|214|145|203|5|3N|N|9|C2
3|28|120|272|180|69|2S|S|9|CT
3|28|253|177|181|133|3N|N|7|D3
3|28|174|2|176|4|4S|S|11|CT
3|28|152|178|28|117|4S|N|11|C4
3|28|10|21|258|187|4H|S|7|CT
3|28|30|197|148|90|4S|N|11|DA
3|29|29|127|107|135|4S|E|8|C3
3|29|238|300|53|222|4H|E|9|S2
3|29|301|161|291|103|3CX|S|11|CK
3|29|214|145|203|5|3CX|S|11|CK
3|29|120|272|180|69|3N|E|5|C5
3|29|253|177|181|133|4H|E|9|S2
3|29|174|2|176|4|3N|E|6|C3
3|29|152|178|28|117|3D|E|8|CA
3|29|10|21|258|187|2CX|S|11|CK
3|29|30|197|148|90|3H|E|8|CA
3|3|300|127|222|135|2S|W|9|HA
3|3|238|29|53|107|3S|W|8|HA
3|3|301|161|291|103|3S|W|8|HA
3|3|214|264|203|283|4H|S|6|DT
3|3|120|272|180|69|3N|E|6|H4
3|3|282|156|189|37|4S|W|8|HA
3|3|221|263|251|215|2S|W|9|HK
3|3|152|178|28|117|3S|W|8|HA
3|3|10|21|258|187|3S|W|9|HA
3|3|144|197|281|90|4S|W|9|HA
3|30|29|127|107|135|3N|W|8|DT
3|30|238|300|53|222|3N|W|8|D6
3|30|301|161|291|103|3N|W|8|H2
3|30|214|145|203|5|2N|W|7|H2
3|30|120|272|180|69|3N|W|8|H2
3|30|253|177|181|133|3N|W|8|H2
3|30|174|2|176|4|3N|E|10|H6
3|30|152|178|28|117|3N|W|8|H2
3|30|10|21|258|187|3N|W|10|DJ
3|30|30|197|148|90|3N|W|9|DJ
3|31|29|127|107|135|3S|E|10|HQ
3|31|238|300|53|222|4S|E|10|HK
3|31|301|161|291|103|4S|E|11|D8
3|31|214|145|203|5|4S|E|10|HK
3|31|120|272|180|69|4S|E|10|HK
3|31|253|177|181|133|4S|E|11|D4
3|31|174|2|176|4|4S|E|10|HK
3|31|152|178|28|117|4S|E|11|D9
3|31|10|21|258|187|4S|E|10|D5
3|31|30|197|148|90|3S|E|11|HK
3|32|29|127|107|135|5D|W|8|S4
3|32|238|300|53|222|6C|W|10|S5
3|32|301|161|291|103|3C|W|9|S5
3|32|214|145|203|5|3C|W|9|S4
3|32|120|272|180|69|4H|E|9|SK
3|32|253|177|181|133|3H|E|9|SK
3|32|174|2|176|4|2S|S|8|H5
3|32|152|178|28|117|3C|W|9|S7
3|32|10|21|258|187|4H|E|10|C7
3|32|30|197|148|90|5C|W|9|S5
3|4|300|127|222|135|2H|S|9|SJ
3|4|238|29|53|107|4HX|N|9|S6
3|4|301|161|291|103|2H|S|9|CQ
3|4|214|264|203|283|2H|S|9|CT
3|4|120|272|180|69|3N|S|7|S3
3|4|282|156|189|37|2H|S|9|SJ
3|4|221|263|251|215|4H|N|8|C2
3|4|152|178|28|117|2H|N|9|D6
3|4|10|21|258|187|3C|S|10|SJ
3|4|144|197|281|90|2H|S|9|S5
3|5|300|127|222|135|3S|E|8|C9
3|5|238|29|53|107|4H|W|9|H5
3|5|301|161|291|103|4S|E|8|C8
3|5|214|264|203|283|4H|W|10|DK
3|5|120|272|180|69|6D|W|9|D5
3|5|282|156|189|37|2S|W|8|H5
3|5|221|263|251|215|4H|W|8|H5
3|5|152|178|28|117|3S|E|9|C9
3|5|10|21|258|187|3S|E|10|D7
3|5|144|197|281|90|4H|W|10|C2
3|6|300|127|222|135|3N|W|10|DJ
3|6|238|29|53|107|3N|W|10|S9
3|6|301|161|291|103|3N|W|10|S9
3|6|214|264|203|283|3C|W|10|HA
3|6|120|272|180|69|3N|W|10|S9
3|6|282|156|189|37|3N|W|10|S9
3|6|221|263|251|215|3C|W|9|HA
3|6|152|178|28|117|3N|W|10|S9
3|6|10|21|258|187|3N|E|9|H3
3|6|144|197|281|90|3N|W|10|S2
3|7|300|127|222|135|3N|E|10|HT
3|7|238|29|53|107|3N|E|10|HJ
3|7|301|161|291|103|3N|W|9|D4
3|7|214|264|203|283|3N|E|10|HJ
3|7|120|272|180|69|3N|W|11|SK
3|7|282|156|189|37|4S|W|9|H5
3|7|221|263|251|215|3N|E|11|HJ
3|7|152|178|28|117|3N|E|9|HJ
3|7|10|21|258|187|3N|E|9|HJ
3|7|144|197|281|90|3N|W|8|HJ
3|8|300|127|222|135|5C|W|12|SQ
3|8|238|29|53|107|3DX|S|7|HK
3|8|301|161|291|103|3D|S|7|HK
3|8|214|264|203|283|5C|W|11|D7
3|8|120|272|180|69|3C|W|12|SK
3|8|282|156|189|37|3C|E|12|S5
3|8|221|263|251|215|3D|S|6|HK
3|8|152|178|28|117|5C|E|11|DA
3|8|10|21|258|187|4D|S|7|HQ
3|8|144|197|281|90|4H|W|11|D3
3|9|300|127|222|135|2D|S|8|S7
3|9|238|29|53|107|2D|S|8|S5
3|9|301|161|291|103|3D|N|8|DA
3|9|214|264|203|283|1N|N|6|C5
3|9|120|272|180|69|2D|N|8|ST
3|9|282|156|189|37|2N|N|6|C5
3|9|221|263|251|215|3D|N|8|DA
3|9|152|178|28|117|3D|N|8|DA
3|9|10|21|258|187|3D|N|8|ST
3|9|144|197|281|90|3D|N|9|S6
4|1|161|300|103|107|4S|E|9|HA
4|1|34|24|29|294|4S|W|10|HJ
4|1|282|264|189|283|4S|W|11|HJ
4|1|301|253|291|181|4H|E|10|S4
4|1|2|177|4|32|4H|E|11|C5
4|1|120|152|180|28|4H|E|10|S4
4|1|144|174|281|176|4H|E|10|S4
4|1|221|21|251|187|4S|W|10|ST
4|1|10|127|258|135|4S|W|9|HJ
4|1|238|197|53|90|5H|E|10|S4
4|10|161|300|103|107|6N|E|13|S3
4|10|34|24|29|294|5C|E|13|S7
4|10|282|264|189|283|6N|W|13|D4
4|10|301|253|291|181|7C|E|13|D6
4|10|2|177|4|32|6H|E|13|S3
4|10|120|152|180|28|7C|E|13|S3
4|10|144|174|281|176|7N|E|13|H9
4|10|221|21|251|187|6C|W|13|H2
4|10|10|127|258|135|6H|W|13|ST
4|10|238|197|53|90|6C|W|13|ST
4|11|161|300|103|107|2N|S|9|C6
4|11|34|24|29|294|1C|S|6|D4
4|11|282|264|189|283|3S|N|8|C3
4|11|301|253|291|181|2N|S|7|H9
4|11|2|177|4|32|3SX|N|7|C5
4|11|120|152|180|28|1C|S|5|HA
4|11|144|174|281|176|4S|N|7|C3
4|11|221|21|251|187|2N|S|6|C8
4|11|10|127|258|135|3C|W|8|HJ
4|11|238|197|53|90|2C|W|8|HJ
4|12|161|300|103|107|5C|W|12|H2
4|12|34|24|29|294|6C|W|12|D7
4|12|282|264|189|283|6C|W|12|DT
4|12|301|253|291|181|6C|W|12|D9
4|12|2|177|4|32|6C|W|12|DT
4|12|120|152|180|28|5C|W|12|D9
4|12|144|174|281|176|3N|E|12|S2
4|12|221|21|251|187|5C|W|12|H7
4|12|10|127|258|135|6C|W|12|DT
4|12|238|197|53|90|6C|W|12|DT
4|13|161|300|103|107|4H|S|9|SA
4|13|34|24|29|294|4H|N|9|S9
4|13|282|264|189|283|3H|S|10|SA
4|13|301|253|291|181|3C|S|9|SK
4|13|2|177|4|32|3H|N|10|SA
4|13|120|152|180|28|3H|S|9|SA
4|13|221|21|251|187|3D|W|9|HA
4|13|10|127|258|135|2S|W|7|HA
4|13|238|197|53|90|3H|S|10|SA
4|14|161|300|103|107|2S|S|6|HA
4|14|34|24|29|294|3N|E|9|ST
4|14|282|264|189|283|2H|E|8|CQ
4|14|301|253|291|181|3N|E|6|DJ
4|14|2|177|4|32|3N|E|8|SJ
4|14|120|152|180|28|3H|E|9|CQ
4|14|144|174|281|176|2H|E|7|H5
4|14|221|21|251|187|2S|S|6|HA
4|14|10|127|258|135|2D|W|8|S3
4|14|238|197|53|90|2H|E|7|CQ
4|15|161|300|103|107|4S|S|9|HA
4|15|34|24|29|294|4S|S|9|HK
4|15|282|264|189|283|3S|S|9|HA
4|15|301|253|291|181|4S|S|10|HK
4|15|2|177|4|32|3N|N|12|DT
4|15|120|152|180|28|3S|S|9|HA
4|15|144|174|281|176|2S|S|9|HK
4|15|221|21|251|187|2S|S|9|HA
4|15|10|127|258|135|4HX|W|8|SQ
4|15|238|197|53|90|4S|S|9|HA
4|16|161|300|103|107|3N|E|10|D2
4|16|34|24|29|294|3N|E|10|S2
4|16|282|264|189|283|3N|E|11|D2
4|16|301|253|291|181|3N|E|11|S2
4|16|2|177|4|32|3N|E|11|S2
4|16|120|152|180|28|3N|E|11|S2
4|16|144|174|281|176|3N|E|11|S2
4|16|221|21|251|187|3N|E|8|C2
4|16|10|127|258|135|3N|E|11|S2
4|16|238|197|53|90|3N|E|10|S6
4|17|24|34|294|29|1N|E|9|H5
4|17|300|214|107|203|4S|E|11|DJ
4|17|272|145|69|5|4S|E|11|DQ
4|17|301|282|291|189|4S|E|11|DQ
4|17|2|177|4|32|4S|W|11|D8
4|17|156|152|37|28|4S|E|11|S3
4|17|30|174|148|176|4S|E|11|DQ
4|17|178|144|117|281|4S|E|11|DQ
4|17|10|127|258|135|4S|W|11|H8
4|17|238|197|53|90|4S|W|11|D5
4|18|24|34|294|29|4H|E|9|D7
4|18|300|214|107|203|4H|W|9|SJ
4|18|272|145|69|5|4H|W|10|SQ
4|18|301|282|291|189|4H|W|9|SQ
4|18|2|177|4|32|3H|W|9|SQ
4|18|156|152|37|28|2S|W|8|C9
4|18|30|174|148|176|4H|W|10|SQ
4|18|178|144|117|281|4S|W|10|SQ
4|18|10|127|258|135|1N|E|9|C4
4|18|238|197|53|90|4H|W|9|SQ
4|19|24|34|294|29|2S|S|10|D6
4|19|300|214|107|203|3N|N|7|HA
4|19|272|145|69|5|4S|S|9|H8
4|19|301|282|291|189|3N|N|7|HT
4|19|2|177|4|32|3D|N|10|HA
4|19|156|152|37|28|3D|N|10|HA
4|19|30|174|148|176|2S|S|10|D9
4|19|178|144|117|281|2S|S|10|H5
4|19|10|127|258|135|3S|S|9|H2
4|19|238|197|53|90|2S|S|10|H5
4|2|161|300|103|107|3N|N|11|S6
4|2|34|24|29|294|4H|S|10|C4
4|2|282|264|189|283|3N|N|10|S9
4|2|301|253|291|181|3N|N|10|S9
4|2|2|177|4|32|4H|S|11|C4
4|2|120|152|180|28|2SX|W|10|HK
4|2|144|174|281|176|6C|S|12|DJ
4|2|221|21|251|187|4SX|E|8|S8
4|2|10|127|258|135|4H|S|11|SA
4|2|238|197|53|90|5SX|E|9|HA
4|20|24|34|294|29|4S|N|10|H9
4|20|300|214|107|203|4H|S|10|HT
4|20|272|145|69|5|4S|N|10|C4
4|20|301|282|291|189|4S|S|10|C3
4|20|2|177|4|32|4S|S|10|HT
4|20|156|152|37|28|4S|S|10|HT
4|20|30|174|148|176|4H|N|11|SJ
4|20|178|144|117|281|3S|S|10|CT
4|20|10|127|258|135|4S|S|10|HT
4|20|238|197|53|90|4S|S|10|C5
4|21|24|34|294|29|2H|N|8|DK
4|21|300|214|107|203|3D|W|7|C7
4|21|272|145|69|5|2D|W|8|C7
4|21|301|282|291|189|2H|N|8|DK
4|21|2|177|4|32|2S|N|8|DK
4|21|156|152|37|28|2H|N|8|DK
4|21|30|174|148|176|2H|N|7|DK
4|21|178|144|117|281|2H|N|8|DQ
4|21|10|127|258|135|2H|N|7|DK
4|21|238|197|53|90|3D|W|8|C7
4|22|24|34|294|29|2H|S|10|C6
4|22|300|214|107|203|2H|S|10|HA
4|22|272|145|69|5|2H|S|9|C6
4|22|301|282|291|189|2H|N|8|C9
4|22|2|177|4|32|2H|S|9|C6
4|22|156|152|37|28|4H|S|10|C9
4|22|30|174|148|176|2H|S|9|C9
4|22|178|144|117|281|4H|S|10|C9
4|22|10|127|258|135|2H|S|9|C6
4|22|238|197|53|90|2H|S|10|DA
4|23|24|34|294|29|3N|S|10|CJ
4|23|300|214|107|203|3N|S|9|CQ
4|23|272|145|69|5|3N|N|11|H6
4|23|301|282|291|189|3N|S|10|CQ
4|23|2|177|4|32|3N|S|11|CQ
4|23|156|152|37|28|3N|S|10|CQ
4|23|30|174|148|176|3N|S|10|CQ
4|23|178|144|117|281|3N|S|10|CQ
4|23|10|127|258|135|3N|S|9|CQ
4|23|238|197|53|90|3N|S|11|CQ
4|24|24|34|294|29|6H|W|11|ST
4|24|300|214|107|203|6H|W|11|ST
4|24|272|145|69|5|4H|W|11|ST
4|24|301|282|291|189|4HX|W|11|CQ
4|24|2|177|4|32|6H|W|11|S9
4|24|156|152|37|28|4H|W|11|CJ
4|24|30|174|148|176|4H|W|11|CQ
4|24|178|144|117|281|4H|W|11|S2
4|24|10|127|258|135|4H|W|11|ST
4|24|238|197|53|90|6H|W|11|S2
4|25|24|34|294|29|4S|N|10|D9
4|25|300|214|107|203|4S|N|11|CA
4|25|272|145|69|5|6C|N|11|DT
4|25|301|282|291|189|4S|N|10|DT
4|25|2|177|4|32|4S|N|10|DT
4|25|156|152|37|28|5S|N|10|DT
4|25|30|174|148|176|4S|N|10|DT
4|25|178|144|117|281|4H|S|10|S6
4|25|10|127|258|135|4S|N|10|D7
4|25|238|197|53|90|4S|N|11|DT
4|26|24|34|294|29|6C|E|12|SQ
4|26|300|214|107|203|6C|E|12|DA
4|26|272|145|69|5|6C|E|13|SQ
4|26|301|282|291|189|6C|E|12|SQ
4|26|2|177|4|32|4H|E|12|CJ
4|26|156|152|37|28|6C|E|13|SQ
4|26|30|174|148|176|6C|E|12|DA
4|26|178|144|117|281|4S|W|7|D3
4|26|10|127|258|135|6C|E|12|SQ
4|26|238|197|53|90|6H|E|12|SQ
4|27|24|34|294|29|4H|W|11|C4
4|27|300|214|107|203|4S|W|10|HA
4|27|272|145|69|5|5H|W|11|H2
4|27|301|282|291|189|4H|W|11|D9
4|27|2|177|4|32|4H|W|11|S6
4|27|156|152|37|28|4H|W|11|D3
4|27|30|174|148|176|4H|W|11|C2
4|27|178|144|117|281|4H|W|12|D5
4|27|10|127|258|135|4H|W|12|D3
4|27|238|197|53|90|4H|W|10|D6
4|28|24|34|294|29|4S|W|10|S6
4|28|300|214|107|203|4S|W|10|HA
4|28|272|145|69|5|4S|W|10|HA
4|28|301|282|291|189|4S|W|11|S2
4|28|2|177|4|32|4S|W|9|HA
4|28|156|152|37|28|4S|W|10|HA
4|28|30|174|148|176|4S|W|11|HA
4|28|178|144|117|281|4H|W|9|HA
4|28|10|127|258|135|4S|W|11|HA
4|28|238|197|53|90|4S|W|11|S6
4|29|24|34|294|29|4S|N|11|HQ
4|29|300|214|107|203|4S|S|10|HA
4|29|272|145|69|5|4S|N|11|C9
4|29|301|282|291|189|4S|N|11|CT
4|29|2|177|4|32|4S|S|10|HK
4|29|156|152|37|28|4S|S|10|HA
4|29|30|174|148|176|4S|N|11|HQ
4|29|178|144|117|281|4S|N|10|CT
4|29|10|127|258|135|4S|N|11|CT
4|29|238|197|53|90|4S|S|11|HA
4|3|161|300|103|107|4S|N|9|HA
4|3|34|24|29|294|3S|N|9|HA
4|3|282|264|189|283|4S|N|9|S6
4|3|301|253|291|181|3H|W|9|SA
4|3|2|177|4|32|3S|N|9|HA
4|3|120|152|180|28|4S|N|9|HA
4|3|144|174|281|176|2S|N|9|C4
4|3|221|21|251|187|3S|N|9|HA
4|3|10|127|258|135|3S|N|9|S3
4|3|238|197|53|90|3N|S|6|H5
4|30|24|34|294|29|4H|E|8|C3
4|30|300|214|107|203|4H|E|7|C8
4|30|272|145|69|5|3D|S|7|CJ
4|30|301|282|291|189|2C|E|5|D5
4|30|2|177|4|32|4HX|E|7|C6
4|30|156|152|37|28|3HX|E|7|D6
4|30|30|174|148|176|4HX|E|6|D6
4|30|178|144|117|281|5D|S|11|H7
4|30|10|127|258|135|4HX|E|8|SA
4|30|238|197|53|90|4H|E|7|D5
4|31|24|34|294|29|4H|W|10|C7
4|31|300|214|107|203|4H|W|9|D2
4|31|272|145|69|5|4H|W|9|D2
4|31|301|282|291|189|4H|W|11|SA
4|31|2|177|4|32|4H|W|10|D2
4|31|156|152|37|28|4H|W|10|H5
4|31|30|174|148|176|4H|W|10|C7
4|31|178|144|117|281|4H|W|9|C7
4|31|10|127|258|135|4H|W|10|C7
4|31|238|197|53|90|3H|W|10|C7
4|32|24|34|294|29|1N|N|9|DK
4|32|300|214|107|203|1N|E|7|S6
4|32|272|145|69|5|1N|N|5|H6
4|32|301|282|291|189|2N|N|7|DK
4|32|2|177|4|32|1N|N|6|DA
4|32|156|152|37|28|2S|S|7|HJ
4|32|30|174|148|176|2H|E|8|SK
4|32|178|144|117|281|1S|S|8|HJ
4|32|10|127|258|135|1N|N|7|DK
4|32|238|197|53|90|1N|N|8|H6
4|4|161|300|103|107|2S|W|7|H6
4|4|34|24|29|294|1N|N|6|S3
4|4|282|264|189|283|1N|N|5|S4
4|4|301|253|291|181|1N|S|7|H4
4|4|2|177|4|32|2C|S|4|S5
4|4|120|152|180|28|2D|N|6|S4
4|4|144|174|281|176|2S|E|9|DK
4|4|221|21|251|187|2S|E|7|ST
4|4|10|127|258|135|1N|S|6|H4
4|4|238|197|53|90|1N|N|7|S4
4|5|161|300|103|107|4S|S|9|C6
4|5|34|24|29|294|4S|S|9|C7
4|5|282|264|189|283|4S|S|9|C7
4|5|301|253|291|181|4S|S|9|C7
4|5|2|177|4|32|4S|S|8|C7
4|5|120|152|180|28|2S|S|10|C7
4|5|144|174|281|176|4S|S|9|C7
4|5|221|21|251|187|4S|N|9|CK
4|5|10|127|258|135|3C|E|6|SQ
4|5|238|197|53|90|2S|S|10|C7
4|6|161|300|103|107|3C|N|9|H4
4|6|34|24|29|294|4S|E|11|S6
4|6|282|264|189|283|3S|E|11|HJ
4|6|301|253|291|181|4C|S|8|S8
4|6|2|177|4|32|5CX|S|9|S2
4|6|120|152|180|28|3N|N|9|S4
4|6|144|174|281|176|4SX|E|11|C3
4|6|221|21|251|187|4S|E|11|HJ
4|6|10|127|258|135|4SX|E|11|HJ
4|6|238|197|53|90|4S|E|11|HJ
4|7|161|300|103|107|3HX|N|9|S3
4|7|34|24|29|294|2D|S|9|SQ
4|7|282|264|189|283|4S|W|9|S9
4|7|301|253|291|181|2S|W|6|DQ
4|7|2|177|4|32|3D|S|8|H2
4|7|120|152|180|28|2S|W|8|DQ
4|7|144|174|281|176|2D|S|8|SQ
4|7|221|21|251|187|1N|S|8|S6
4|7|10|127|258|135|3S|W|7|DQ
4|7|238|197|53|90|3D|S|8|C6
4|8|161|300|103|107|4C|W|10|D3
4|8|34|24|29|294|3N|W|8|DK
4|8|282|264|189|283|3N|W|8|DA
4|8|301|253|291|181|4S|W|10|DA
4|8|2|177|4|32|2S|W|10|DA
4|8|120|152|180|28|4S|W|10|DA
4|8|144|174|281|176|3N|W|8|DK
4|8|221|21|251|187|3N|W|8|DK
4|8|10|127|258|135|4S|W|10|DA
4|8|238|197|53|90|5C|W|9|DA
4|9|161|300|103|107|6S|N|13|DJ
4|9|34|24|29|294|6S|S|13|C8
4|9|282|264|189|283|4S|S|12|HQ
4|9|301|253|291|181|6S|S|13|D7
4|9|2|177|4|32|6S|S|13|S5
4|9|120|152|180|28|6N|S|12|HQ
4|9|144|174|281|176|6N|N|13|DQ
4|9|221|21|251|187|6S|S|12|S4
4|9|10|127|258|135|6S|S|12|HQ
4|9|238|197|53|90|4S|S|12|HQ
5|1|300|253|107|181|5S|N|11|S6
5|1|272|34|69|29|4S|N|10|H2
5|1|145|2|5|4|4S|N|11|C2
5|1|152|264|28|283|4S|N|10|H2
5|1|120|174|180|176|4S|N|12|D8
5|1|221|177|251|37|4S|N|11|S6
5|1|214|197|203|90|4S|N|10|H7
5|1|10|161|258|103|4S|N|11|D8
5|1|238|30|53|148|4S|N|10|H2
5|1|21|127|187|135|6S|N|11|S6
5|10|300|253|107|181|4S|E|10|CK
5|10|272|34|69|29|3H|E|10|C8
5|10|145|2|5|4|4S|E|10|DA
5|10|152|264|28|283|4S|E|10|DA
5|10|120|174|180|176|4S|E|10|DA
5|10|221|177|251|37|4H|E|10|DK
5|10|214|197|203|90|4S|E|10|C8
5|10|10|161|258|103|4H|E|9|DA
5|10|238|30|53|148|4H|E|10|DA
5|10|21|127|187|135|3C|N|8|SK
5|11|300|253|107|181|3C|W|5|S4
5|11|272|34|69|29|3N|E|8|C6
5|11|145|2|5|4|4S|W|9|H2
5|11|152|264|28|283|3S|W|7|HK
5|11|120|174|180|176|4S|W|8|HK
5|11|221|177|251|37|3S|W|7|S4
5|11|214|197|203|90|3S|W|8|HK
5|11|10|161|258|103|2H|N|5|H7
5|11|238|30|53|148|3S|W|8|HK
5|11|21|127|187|135|4S|W|8|HK
5|12|300|253|107|181|4S|S|10|C2
5|12|272|34|69|29|4S|S|9|D4
5|12|145|2|5|4|4S|S|10|D4
5|12|152|264|28|283|3S|N|10|H7
5|12|120|174|180|176|4S|S|11|D3
5|12|221|177|251|37|4S|S|10|D3
5|12|214|197|203|90|3S|N|10|H7
5|12|10|161|258|103|3S|N|10|H7
5|12|238|30|53|148|2S|N|10|CJ
5|12|21|127|187|135|4S|S|10|D8
5|13|300|253|107|181|3N|N|9|S2
5|13|272|34|69|29|3N|N|11|S3
5|13|145|2|5|4|3N|N|8|S3
5|13|152|264|28|283|3N|S|9|DQ
5|13|120|174|180|176|3N|N|7|S2
5|13|221|177|251|37|3N|S|10|DQ
5|13|214|197|203|90|3N|N|9|S3
5|13|10|161|258|103|3N|N|8|S3
5|13|238|30|53|148|3N|N|8|S3
5|13|21|127|187|135|3N|N|8|S3
5|14|300|253|107|181|6N|S|12|HT
5|14|272|34|69|29|3N|N|11|ST
5|14|145|2|5|4|4N|S|11|HT
5|14|152|264|28|283|6N|N|12|SJ
5|14|120|174|180|176|6C|S|11|HT
5|14|221|177|251|37|3N|N|11|SJ
5|14|214|197|203|90|6N|S|12|HT
5|14|10|161|258|103|4N|S|11|HT
5|14|238|30|53|148|3N|S|10|HT
5|14|21|127|187|135|3N|S|10|HT
5|15|300|253|107|181|3C|W|7|H7
5|15|272|34|69|29|1N|W|8|ST
5|15|145|2|5|4|1N|S|8|C4
5|15|152|264|28|283|3S|S|9|CA
5|15|120|174|180|176|4S|S|10|CA
5|15|221|177|251|37|2S|S|10|CA
5|15|214|197|203|90|4S|S|10|CA
5|15|10|161|258|103|1N|S|6|CA
5|15|238|30|53|148|2H|S|7|CA
5|15|21|127|187|135|1S|S|11|CA
5|16|300|253|107|181|5SX|S|11|DK
5|16|272|34|69|29|6CX|W|10|SK
5|16|145|2|5|4|5CX|W|10|SK
5|16|152|264|28|283|5SX|N|10|C6
5|16|120|174|180|176|5CX|W|10|SK
5|16|221|177|251|37|4SX|N|11|C6
5|16|214|197|203|90|5SX|N|10|C6
5|16|10|161|258|103|5CX|W|6|HQ
5|16|238|30|53|148|5SX|N|10|C6
5|16|21|127|187|135|5CX|W|11|SK
5|17|34|253|29|181|7N|W|12|H6
5|17|282|300|189|107|6H|E|13|D9
5|17|145|2|5|4|4H|E|13|D8
5|17|152|264|28|283|4H|E|13|C6
5|17|120|178|180|117|4H|E|13|S6
5|17|221|177|251|32|3N|W|12|S6
5|17|24|197|294|90|6H|E|13|C3
5|17|10|161|258|103|7H|E|13|H4
5|17|238|30|53|148|6H|W|13|D2
5|17|144|127|281|135|6N|E|13|C9
5|18|34|253|29|181|2C|S|9|HK
5|18|282|300|189|107|3C|S|9|HA
5|18|145|2|5|4|2S|N|7|H2
5|18|152|264|28|283|3C|S|8|HA
5|18|120|178|180|117|2C|S|8|HA
5|18|221|177|251|32|2S|S|8|HA
5|18|24|197|294|90|3D|W|8|CT
5|18|10|161|258|103|2N|N|7|D5
5|18|238|30|53|148|3C|S|8|HA
5|18|144|127|281|135|3C|S|10|HA
5|19|34|253|29|181|4S|S|10|HK
5|19|282|300|189|107|4S|S|10|HK
5|19|145|2|5|4|4S|S|10|HA
5|19|152|264|28|283|4SX|S|10|HA
5|19|120|178|180|117|2S|S|10|HQ
5|19|221|177|251|32|4S|S|9|HA
5|19|24|197|294|90|4S|S|10|HA
5|19|10|161|258|103|3S|S|10|HK
5|19|238|30|53|148|4S|S|10|HA
5|19|144|127|281|135|4S|S|10|HA
5|2|300|253|107|181|4S|W|10|DJ
5|2|272|34|69|29|4S|E|10|D5
5|2|145|2|5|4|4S|W|10|DQ
5|2|152|264|28|283|4S|E|10|DQ
5|2|120|174|180|176|4H|E|8|S8
5|2|221|177|251|37|3H|E|8|S8
5|2|214|197|203|90|4S|W|10|DQ
5|2|10|161|258|103|4S|W|10|DQ
5|2|238|30|53|148|4H|E|8|S8
5|2|21|127|187|135|4H|W|10|DQ
5|20|34|253|29|181|5C|E|11|SJ
5|20|282|300|189|107|3N|E|9|D6
5|20|145|2|5|4|2H|W|10|SQ
5|20|152|264|28|283|2H|E|10|SQ
5|20|120|178|180|117|3D|S|6|S6
5|20|221|177|251|32|2H|W|11|CT
5|20|24|197|294|90|3N|E|9|D2
5|20|10|161|258|103|3N|E|11|D7
5|20|238|30|53|148|5C|E|11|SQ
5|20|144|127|281|135|3N|E|11|D6
5|21|34|253|29|181|4H|E|11|C3
5|21|282|300|189|107|4H|E|12|D6
5|21|145|2|5|4|4H|W|11|C4
5|21|152|264|28|283|4H|E|12|D6
5|21|120|178|180|117|4H|E|12|H3
5|21|221|177|251|32|6H|E|12|D6
5|21|24|197|294|90|4H|E|11|D4
5|21|10|161|258|103|4H|E|12|C3
5|21|238|30|53|148|6H|E|12|D4
5|21|144|127|281|135|4H|E|12|D7
5|22|34|253|29|181|3N|W|12|S3
5|22|282|300|189|107|6N|W|12|C6
5|22|145|2|5|4|3N|W|10|H5
5|22|152|264|28|283|3N|W|12|S2
5|22|120|178|180|117|6C|E|11|SJ
5|22|221|177|251|32|6C|E|11|SJ
5|22|24|197|294|90|6C|E|12|SJ
5|22|10|161|258|103|6N|W|11|C6
5|22|238|30|53|148|6C|E|11|SJ
5|22|144|127|281|135|5C|E|11|SJ
5|23|34|253|29|181|3C|W|6|D6
5|23|282|300|189|107|2S|W|8|S4
5|23|145|2|5|4|3S|E|6|H7
5|23|152|264|28|283|3H|N|10|D4
5|23|120|178|180|117|3H|N|9|S2
5|23|221|177|251|32|2S|W|7|D6
5|23|24|197|294|90|4H|N|10|D2
5|23|10|161|258|103|3S|E|6|H9
5|23|238|30|53|148|3H|N|10|D4
5|23|144|127|281|135|3H|N|10|D9
5|24|34|253|29|181|5DX|W|10|SK
5|24|282|300|189|107|5DX|W|10|CA
5|24|145|2|5|4|5DX|W|10|CA
5|24|152|264|28|283|5DX|W|10|CA
5|24|120|178|180|117|5S|S|10|HA
5|24|221|177|251|32|5DX|E|10|CK
5|24|24|197|294|90|5DX|W|10|SK
5|24|10|161|258|103|3S|S|10|HA
5|24|238|30|53|148|4D|W|10|D5
5|24|144|127|281|135|5DX|W|10|CA
5|25|34|253|29|181|4S|E|10|CA
5|25|282|300|189|107|4S|E|10|D5
5|25|145|2|5|4|4S|W|10|S5
5|25|152|264|28|283|5CX|S|7|SA
5|25|120|178|180|117|4S|W|11|D5
5|25|221|177|251|32|3S|E|10|D8
5|25|24|197|294|90|4S|E|10|HQ
5|25|10|161|258|103|4S|W|10|C8
5|25|238|30|53|148|4S|E|10|D5
5|25|144|127|281|135|4S|E|10|D7
5|26|34|253|29|181|3N|N|9|CJ
5|26|282|300|189|107|3N|S|8|S8
5|26|145|2|5|4|3S|N|9|DA
5|26|152|264|28|283|3N|N|9|CT
5|26|120|178|180|117|1N|S|8|CT
5|26|221|177|251|32|3N|N|9|C9
5|26|24|197|294|90|3N|N|8|CT
5|26|10|161|258|103|3N|N|6|CT
5|26|238|30|53|148|3N|S|9|C3
5|26|144|127|281|135|3N|N|8|CT
5|27|34|253|29|181|4S|N|12|C5
5|27|282|300|189|107|4S|S|11|S6
5|27|145|2|5|4|3N|N|11|H5
5|27|152|264|28|283|4S|S|12|S2
5|27|120|178|180|117|4S|S|11|D6
5|27|221|177|251|32|4S|N|12|D7
5|27|24|197|294|90|6S|S|12|S2
5|27|10|161|258|103|7SX|S|12|HA
5|27|238|30|53|148|6S|S|12|S2
5|27|144|127|281|135|5S|S|12|D2
5|28|34|253|29|181|3N|W|10|S7
5|28|282|300|189|107|3N|E|11|HK
5|28|145|2|5|4|3N|W|10|C2
5|28|152|264|28|283|3N|W|11|H7
5|28|120|178|180|117|3N|W|10|S2
5|28|221|177|251|32|3N|W|9|C2
5|28|24|197|294|90|3N|W|9|S5
5|28|10|161|258|103|3N|W|9|C2
5|28|238|30|53|148|3N|W|9|H7
5|28|144|127|281|135|3N|W|10|S2
5|29|34|253|29|181|2H|W|10|H8
5|29|282|300|189|107|2H|W|9|SJ
5|29|145|2|5|4|2H|E|10|DT
5|29|152|264|28|283|2H|E|8|C5
5|29|120|178|180|117|1S|W|9|D7
5|29|221|177|251|32|1NX|N|7|SK
5|29|24|197|294|90|1S|E|7|D7
5|29|10|161|258|103|2H|E|9|D7
5|29|238|30|53|148|1N|N|7|HK
5|29|144|127|281|135|2H|E|10|H4
5|3|300|253|107|181|6S|S|13|C8
5|3|272|34|69|29|7S|S|13|HJ
5|3|145|2|5|4|7S|N|13|D7
5|3|152|264|28|283|6S|S|13|HQ
5|3|120|174|180|176|6S|N|13|H8
5|3|221|177|251|37|7S|S|13|S2
5|3|214|197|203|90|7S|N|13|H8
5|3|10|161|258|103|6S|S|12|HQ
5|3|238|30|53|148|7S|S|13|S2
5|3|21|127|187|135|7S|S|13|S2
5|30|34|253|29|181|3H|S|8|H3
5|30|282|300|189|107|4H|S|8|H5
5|30|145|2|5|4|2H|S|8|CQ
5|30|152|264|28|283|2H|S|8|CQ
5|30|120|178|180|117|2S|W|10|H6
5|30|221|177|251|32|2H|N|8|SA
5|30|24|197|294|90|3H|S|9|S3
5|30|10|161|258|103|4H|S|8|S3
5|30|238|30|53|148|3H|S|8|S2
5|30|144|127|281|135|1H|S|8|DK
5|31|34|253|29|181|3N|W|10|S4
5|31|282|300|189|107|3N|W|11|HQ
5|31|145|2|5|4|3N|E|10|S5
5|31|152|264|28|283|2N|E|8|H3
5|31|120|178|180|117|3N|W|10|S4
5|31|221|177|251|32|3N|E|7|H7
5|31|24|197|294|90|3N|W|9|S3
5|31|10|161|258|103|3N|W|10|S3
5|31|238|30|53|148|3N|E|7|H7
5|31|144|127|281|135|3N|W|11|HQ
5|32|34|253|29|181|3N|W|8|ST
5|32|282|300|189|107|2S|S|7|CJ
5|32|145|2|5|4|3S|S|8|CJ
5|32|152|264|28|283|2D|S|5|CJ
5|32|120|178|180|117|3S|S|7|H5
5|32|221|177|251|32|2D|S|4|CJ
5|32|24|197|294|90|2SX|S|8|CJ
5|32|10|161|258|103|3S|S|6|H5
5|32|238|30|53|148|1N|E|6|S2
5|32|144|127|281|135|3C|N|5|DJ
5|4|300|253|107|181|6S|W|13|DJ
5|4|272|34|69|29|6S|W|13|SJ
5|4|145|2|5|4|7S|W|13|SJ
5|4|152|264|28|283|6N|W|13|DQ
5|4|120|174|180|176|7S|W|13|SJ
5|4|221|177|251|37|6S|W|13|DQ
5|4|214|197|203|90|7S|W|13|DQ
5|4|10|161|258|103|6S|W|13|SJ
5|4|238|30|53|148|6S|W|13|SJ
5|4|21|127|187|135|7S|E|13|HJ
5|5|300|253|107|181|3N|N|10|HQ
5|5|272|34|69|29|4S|S|10|H3
5|5|145|2|5|4|2S|S|11|D6
5|5|152|264|28|283|4S|S|10|D7
5|5|120|174|180|176|4S|S|11|D7
5|5|221|177|251|37|4S|S|10|D7
5|5|214|197|203|90|4S|S|10|D7
5|5|10|161|258|103|4S|S|10|HT
5|5|238|30|53|148|3N|S|9|H7
5|5|21|127|187|135|4S|S|10|D6
5|6|300|253|107|181|5H|E|11|S2
5|6|272|34|69|29|3H|W|11|ST
5|6|145|2|5|4|5S|N|10|HA
5|6|152|264|28|283|5C|N|11|HA
5|6|120|174|180|176|4S|N|10|D4
5|6|221|177|251|37|4S|N|12|S5
5|6|214|197|203|90|5SX|N|11|H2
5|6|10|161|258|103|5C|N|11|S5
5|6|238|30|53|148|4S|N|10|HA
5|6|21|127|187|135|5C|N|11|S5
5|7|300|253|107|181|3N|W|9|D8
5|7|272|34|69|29|3N|W|9|D4
5|7|145|2|5|4|3N|W|9|S7
5|7|152|264|28|283|3N|E|9|DJ
5|7|120|174|180|176|3N|E|9|S8
5|7|221|177|251|37|3N|E|11|C3
5|7|214|197|203|90|3N|E|9|H2
5|7|10|161|258|103|3N|W|11|S2
5|7|238|30|53|148|5C|W|11|HA
5|7|21|127|187|135|3N|E|9|D3
5|8|300|253|107|181|3N|N|12|H5
5|8|272|34|69|29|4N|N|10|D3
5|8|145|2|5|4|4S|N|12|H4
5|8|152|264|28|283|5S|N|12|D3
5|8|120|174|180|176|5S|N|11|H3
5|8|221|177|251|37|4S|N|11|H7
5|8|214|197|203|90|6N|S|12|H7
5|8|10|161|258|103|3N|S|9|H5
5|8|238|30|53|148|4S|N|12|C5
5|8|21|127|187|135|3N|N|10|D3
5|9|300|253|107|181|4S|E|12|S3
5|9|272|34|69|29|6C|W|9|DK
5|9|145|2|5|4|4S|E|10|S3
5|9|152|264|28|283|4S|E|12|H5
5|9|120|174|180|176|4S|E|10|S9
5|9|221|177|251|37|5DX|N|8|SA
5|9|214|197|203|90|5S|E|10|DA
5|9|10|161|258|103|6C|W|10|DJ
5|9|238|30|53|148|5DX|N|8|HA
5|9|21|127|187|135|5S|E|10|DA
6|1|2|300|4|107|4S|N|12|C7
6|1|254|152|172|28|6S|N|12|C6
6|1|221|264|251|283|6S|N|12|C6
6|1|301|178|291|117|6S|N|12|C2
6|1|144|177|281|32|5S|N|12|C7
6|1|120|21|180|187|6S|N|12|C2
6|1|16|272|10|69|6S|S|12|CA
6|1|253|197|181|90|5S|N|12|C2
6|1|238|161|53|103|6S|N|12|C2
6|1|214|127|203|135|6S|N|12|C7
6|10|2|300|4|107|1N|N|8|H7
6|10|254|152|172|28|1N|E|5|DJ
6|10|221|264|251|283|1N|E|6|S3
6|10|301|178|291|117|1N|W|5|DT
6|10|144|177|281|32|1N|N|9|C3
6|10|120|21|180|187|1N|E|6|H2
6|10|16|272|10|69|2S|E|6|S5
6|10|253|197|181|90|1N|E|7|H2
6|10|238|161|53|103|1N|N|8|H4
6|10|214|127|203|135|1N|E|6|H2
6|11|2|300|4|107|4S|S|11|CA
6|11|254|152|172|28|6S|S|11|CA
6|11|221|264|251|283|6S|S|11|CA
6|11|301|178|291|117|6S|S|12|CA
6|11|144|177|281|32|4S|S|11|CA
6|11|120|21|180|187|4S|S|11|CA
6|11|16|272|10|69|5S|S|11|CA
6|11|253|197|181|90|4S|S|12|CA
6|11|238|161|53|103|4S|S|11|CK
6|11|214|127|203|135|4S|S|12|CA
6|12|2|300|4|107|2N|S|9|SQ
6|12|254|152|172|28|3C|N|9|HQ
6|12|221|264|251|283|3H|W|7|S5
6|12|301|178|291|117|3D|W|6|C2
6|12|144|177|281|32|3C|N|9|HQ
6|12|120|21|180|187|1H|W|6|H2
6|12|16|272|10|69|3S|W|7|H2
6|12|253|197|181|90|2N|W|8|CT
6|12|238|161|53|103|3C|N|9|HQ
6|12|214|127|203|135|3C|N|9|HQ
6|13|2|300|4|107|2S|E|9|S2
6|13|254|152|172|28|2S|W|11|HA
6|13|221|264|251|283|4SX|W|9|HK
6|13|301|178|291|117|5HX|S|8|DQ
6|13|144|177|281|32|4S|W|9|HA
6|13|120|21|180|187|4H|S|8|SK
6|13|16|272|10|69|3S|W|9|HA
6|13|253|197|181|90|4S|W|8|HK
6|13|238|161|53|103|3S|W|11|HA
6|13|214|127|203|135|4S|W|11|HA
6|14|2|300|4|107|3D|S|9|SJ
6|14|254|152|172|28|3D|S|9|SQ
6|14|221|264|251|283|2D|S|9|SQ
6|14|301|178|291|117|2S|E|8|H6
6|14|144|177|281|32|2S|E|7|H6
6|14|120|21|180|187|2D|S|10|DJ
6|14|16|272|10|69|4D|S|9|SQ
6|14|253|197|181|90|3D|S|10|SQ
6|14|238|161|53|103|1N|S|8|C5
6|14|214|127|203|135|2S|E|8|H6
6|15|2|300|4|107|2S|S|5|DT
6|15|254|152|172|28|2S|S|6|DJ
6|15|221|264|251|283|2S|S|6|DJ
6|15|301|178|291|117|1N|E|7|S5
6|15|144|177|281|32|4H|W|8|S6
6|15|120|21|180|187|3N|E|7|C6
6|15|16|272|10|69|3H|W|8|S6
6|15|253|197|181|90|4H|W|9|S6
6|15|238|161|53|103|2S|S|6|HT
6|15|214|127|203|135|2N|E|6|C9
6|16|2|300|4|107|2S|N|8|HT
6|16|254|152|172|28|2H|E|7|C3
6|16|221|264|251|283|2H|W|7|H5
6|16|301|178|291|117|2N|E|7|S2
6|16|144|177|281|32|2S|N|8|HT
6|16|120|21|180|187|1N|E|5|S3
6|16|16|272|10|69|3S|N|7|CA
6|16|253|197|181|90|1N|E|5|S3
6|16|238|161|53|103|1S|N|8|CA
6|16|214|127|203|135|2S|N|7|CA
6|17|2|300|4|107|3D|N|9|HQ
6|17|254|152|172|28|1N|N|8|C5
6|17|174|145|176|5|1N|N|8|C8
6|17|301|178|291|117|1N|N|8|C5
6|17|144|177|281|32|1N|N|8|C5
6|17|120|21|180|187|2D|N|9|HK
6|17|16|272|10|69|1N|N|8|S3
6|17|282|197|189|90|1N|N|8|C5
6|17|127|214|135|203|3N|N|8|S3
6|17|24|238|294|53|1N|N|8|C5
6|18|2|300|4|107|4S|N|10|H2
6|18|254|152|172|28|4S|N|10|CA
6|18|174|145|176|5|4S|N|11|CA
6|18|301|178|291|117|4S|N|10|CA
6|18|144|177|281|32|4S|N|11|CA
6|18|120|21|180|187|4S|N|10|CA
6|18|16|272|10|69|4S|N|10|CA
6|18|282|197|189|90|4S|N|10|CA
6|18|127|214|135|203|4S|N|11|CA
6|18|24|238|294|53|4S|N|10|CA
6|19|2|300|4|107|3H|W|10|DQ
6|19|254|152|172|28|4H|W|10|SA
6|19|174|145|176|5|4H|E|10|SJ
6|19|301|178|291|117|4H|E|10|SJ
6|19|144|177|281|32|4H|W|10|C9
6|19|120|21|180|187|4H|W|10|DQ
6|19|16|272|10|69|4H|W|10|C9
6|19|282|197|189|90|4H|E|9|SJ
6|19|127|214|135|203|4H|E|9|SJ
6|19|24|238|294|53|4H|E|9|SJ
6|2|2|300|4|107|3N|N|9|CT
6|2|254|152|172|28|3N|N|10|CT
6|2|221|264|251|283|4H|N|9|S7
6|2|301|178|291|117|4S|S|8|C8
6|2|144|177|281|32|3N|S|9|CT
6|2|120|21|180|187|3N|N|9|CT
6|2|16|272|10|69|3N|N|10|S4
6|2|253|197|181|90|4C|W|6|C5
6|2|238|161|53|103|4H|N|8|D8
6|2|214|127|203|135|6HX|N|9|CA
6|20|2|300|4|107|3N|E|7|H6
6|20|254|152|172|28|3N|E|10|H6
6|20|174|145|176|5|3N|E|10|SJ
6|20|301|178|291|117|3N|E|8|D2
6|20|144|177|281|32|4SX|W|8|H7
6|20|120|21|180|187|3N|E|10|H6
6|20|16|272|10|69|3S|E|11|HA
6|20|282|197|189|90|3N|E|9|H6
6|20|127|214|135|203|3N|E|9|H6
6|20|24|238|294|53|2S|W|9|H7
6|21|2|300|4|107|4H|E|10|SQ
6|21|254|152|172|28|4H|E|10|D7
6|21|174|145|176|5|2H|E|9|SQ
6|21|301|178|291|117|4H|E|10|SQ
6|21|144|177|281|32|2S|N|6|C4
6|21|120|21|180|187|4H|E|10|SQ
6|21|16|272|10|69|4H|E|10|SQ
6|21|282|197|189|90|4H|E|10|SQ
6|21|127|214|135|203|4H|E|10|SQ
6|21|24|238|294|53|4H|E|10|SQ
6|22|2|300|4|107|2S|N|7|HJ
6|22|254|152|172|28|1N|S|7|H6
6|22|174|145|176|5|2S|N|7|C4
6|22|301|178|291|117|2S|N|7|S4
6|22|144|177|281|32|2S|N|7|H3
6|22|120|21|180|187|2S|N|7|HJ
6|22|16|272|10|69|2S|N|7|HJ
6|22|282|197|189|90|1N|S|7|H6
6|22|127|214|135|203|2S|S|7|H6
6|22|24|238|294|53|1N|S|7|H3
6|23|2|300|4|107|2D|S|6|C3
6|23|254|152|172|28|4S|W|9|H5
6|23|174|145|176|5|4S|W|9|H6
6|23|301|178|291|117|5CX|S|11|SA
6|23|144|177|281|32|4S|W|9|H6
6|23|120|21|180|187|2S|W|9|H6
6|23|16|272|10|69|4S|W|9|H6
6|23|282|197|189|90|4SX|E|9|H5
6|23|127|214|135|203|4S|W|9|H7
6|23|24|238|294|53|5C|N|10|CQ
6|24|2|300|4|107|4H|S|9|DT
6|24|254|152|172|28|4H|S|10|DJ
6|24|174|145|176|5|4H|S|10|DJ
6|24|301|178|291|117|4H|S|9|DJ
6|24|144|177|281|32|4H|N|9|S8
6|24|120|21|180|187|4H|S|10|DJ
6|24|16|272|10|69|4H|N|10|DK
6|24|282|197|189|90|4H|S|9|DJ
6|24|127|214|135|203|3N|N|9|C7
6|24|24|238|294|53|4H|N|8|S8
6|25|2|300|4|107|2S|S|8|D7
6|25|254|152|172|28|2S|N|8|DA
6|25|174|145|176|5|5C|E|10|SK
6|25|301|178|291|117|2N|E|7|S6
6|25|144|177|281|32|4S|S|8|HT
6|25|120|21|180|187|2N|E|6|S6
6|25|16|272|10|69|2N|E|7|S6
6|25|282|197|189|90|3N|E|7|S6
6|25|127|214|135|203|1N|E|6|S3
6|25|24|238|294|53|5C|E|9|SK
6|26|2|300|4|107|4H|N|11|SQ
6|26|254|152|172|28|3H|S|11|C9
6|26|174|145|176|5|4H|N|10|SK
6|26|301|178|291|117|3S|W|7|D2
6|26|144|177|281|32|5HX|N|10|SK
6|26|120|21|180|187|4H|N|10|SK
6|26|16|272|10|69|3H|N|10|CT
6|26|282|197|189|90|4H|N|10|SK
6|26|127|214|135|203|4H|N|11|CT
6|26|24|238|294|53|4H|N|11|SK
6|27|2|300|4|107|1N|N|6|D2
6|27|254|152|172|28|2C|N|7|DK
6|27|174|145|176|5|1N|N|6|D4
6|27|301|178|291|117|1N|N|6|D4
6|27|144|177|281|32|1N|N|6|D4
6|27|120|21|180|187|1N|N|6|D4
6|27|16|272|10|69|1N|N|5|D4
6|27|282|197|189|90|1N|E|8|C4
6|27|127|214|135|203|1N|N|6|D4
6|27|24|238|294|53|1N|N|8|DK
6|28|2|300|4|107|3N|W|10|D4
6|28|254|152|172|28|3N|W|11|S5
6|28|174|145|176|5|3N|W|12|S5
6|28|301|178|291|117|3N|W|11|HT
6|28|144|177|281|32|3N|E|11|S4
6|28|120|21|180|187|3N|W|10|D4
6|28|16|272|10|69|3N|E|11|S4
6|28|282|197|189|90|3N|W|11|D4
6|28|127|214|135|203|3N|W|11|D4
6|28|24|238|294|53|1N|E|11|S2
6|29|2|300|4|107|6S|S|12|S3
6|29|254|152|172|28|4S|N|12|D7
6|29|174|145|176|5|6S|S|12|S7
6|29|301|178|291|117|4S|S|13|DT
6|29|144|177|281|32|4S|S|12|C8
6|29|120|21|180|187|6S|S|12|S4
6|29|16|272|10|69|4S|S|12|C8
6|29|282|197|189|90|6S|N|12|D7
6|29|127|214|135|203|4S|S|13|C8
6|29|24|238|294|53|4S|S|12|C8
6|3|2|300|4|107|4H|W|9|S6
6|3|254|152|172|28|4H|W|11|D7
6|3|221|264|251|283|4H|E|11|SQ
6|3|301|178|291|117|4H|E|12|SQ
6|3|144|177|281|32|4H|W|11|S5
6|3|120|21|180|187|3H|E|10|SQ
6|3|16|272|10|69|4H|W|11|C2
6|3|253|197|181|90|4H|E|11|SQ
6|3|238|161|53|103|4H|E|9|SQ
6|3|214|127|203|135|4S|S|6|HA
6|30|2|300|4|107|2H|W|8|SJ
6|30|254|152|172|28|4C|N|9|DA
6|30|174|145|176|5|2D|E|10|C3
6|30|301|178|291|117|2D|E|10|S8
6|30|144|177|281|32|5DX|E|10|D2
6|30|120|21|180|187|4C|N|9|DA
6|30|16|272|10|69|3N|E|8|S4
6|30|282|197|189|90|3S|E|6|C2
6|30|127|214|135|203|2D|E|8|D2
6|30|24|238|294|53|2D|E|10|S8
6|31|2|300|4|107|4H|E|13|SJ
6|31|254|152|172|28|4H|E|13|SJ
6|31|174|145|176|5|4H|E|13|H5
6|31|301|178|291|117|4H|E|13|DK
6|31|144|177|281|32|4H|E|13|SJ
6|31|120|21|180|187|6H|E|13|H5
6|31|16|272|10|69|6H|E|13|SJ
6|31|282|197|189|90|4H|E|12|SJ
6|31|127|214|135|203|6H|E|13|SJ
6|31|24|238|294|53|4H|E|13|SJ
6|32|2|300|4|107|3N|E|10|C5
6|32|254|152|172|28|3N|E|10|C2
6|32|174|145|176|5|6D|W|10|CK
6|32|301|178|291|117|3N|E|10|C3
6|32|144|177|281|32|2CX|N|5|DK
6|32|120|21|180|187|3N|E|10|C3
6|32|16|272|10|69|2CX|N|5|DK
6|32|282|197|189|90|4S|E|9|CA
6|32|127|214|135|203|2CX|N|4|DK
6|32|24|238|294|53|2H|E|11|H3
6|4|2|300|4|107|1N|N|5|D2
6|4|254|152|172|28|2D|E|8|D7
6|4|221|264|251|283|2D|E|8|C5
6|4|301|178|291|117|1N|N|5|D7
6|4|144|177|281|32|3NX|W|8|S7
6|4|120|21|180|187|1N|E|8|ST
6|4|16|272|10|69|3N|W|10|H3
6|4|253|197|181|90|3N|E|9|S8
6|4|238|161|53|103|2H|N|5|S9
6|4|214|127|203|135|1N|E|8|S8
6|5|2|300|4|107|4S|S|11|H2
6|5|254|152|172|28|4S|N|11|D9
6|5|221|264|251|283|4S|S|11|CJ
6|5|301|178|291|117|2H|S|5|DK
6|5|144|177|281|32|4S|S|11|H6
6|5|120|21|180|187|4S|S|11|H7
6|5|16|272|10|69|4S|S|11|CJ
6|5|253|197|181|90|4S|S|11|DK
6|5|238|161|53|103|4S|S|11|H3
6|5|214|127|203|135|4S|S|11|DK
6|6|2|300|4|107|3N|E|7|H6
6|6|254|152|172|28|3C|E|9|H5
6|6|221|264|251|283|3S|W|9|H6
6|6|301|178|291|117|4C|W|9|H4
6|6|144|177|281|32|2S|W|9|H4
6|6|120|21|180|187|3N|E|7|H5
6|6|16|272|10|69|3N|E|7|H3
6|6|253|197|181|90|3N|E|7|H5
6|6|238|161|53|103|3N|E|6|H3
6|6|214|127|203|135|2N|E|7|H5
6|7|2|300|4|107|2S|W|11|DA
6|7|254|152|172|28|2S|W|11|DA
6|7|221|264|251|283|2S|W|10|DK
6|7|301|178|291|117|4S|W|11|DA
6|7|144|177|281|32|3S|W|11|DK
6|7|120|21|180|187|2S|W|11|DA
6|7|16|272|10|69|4S|W|11|DA
6|7|253|197|181|90|4S|W|11|DK
6|7|238|161|53|103|3H|S|7|DT
6|7|214|127|203|135|3D|N|6|CA
6|8|2|300|4|107|3N|S|11|D2
6|8|254|152|172|28|3N|N|10|S3
6|8|221|264|251|283|4H|N|7|S3
6|8|301|178|291|117|3N|S|10|S6
6|8|144|177|281|32|3N|S|10|D5
6|8|120|21|180|187|3N|S|11|S7
6|8|16|272|10|69|5HX|N|9|D8
6|8|253|197|181|90|5C|S|11|HK
6|8|238|161|53|103|4H|N|10|H7
6|8|214|127|203|135|4H|N|9|D8
6|9|2|300|4|107|1N|S|7|S8
6|9|254|152|172|28|2D|E|10|CK
6|9|221|264|251|283|2D|E|9|CK
6|9|301|178|291|117|2H|S|6|S3
6|9|144|177|281|32|1N|E|7|CQ
6|9|120|21|180|187|1N|E|10|D8
6|9|16|272|10|69|1S|N|6|HA
6|9|253|197|181|90|3D|W|9|CA
6|9|238|161|53|103|3N|E|8|CK
6|9|214|127|203|135|1N|E|10|H3
7|1|300|174|107|176|5H|E|9|H4
7|1|221|34|251|29|4H|E|10|SJ
7|1|301|177|291|32|4H|E|10|DA
7|1|120|264|180|283|4H|E|10|H4
7|1|263|16|215|10|4H|E|9|H3
7|1|197|152|90|28|4H|E|10|SJ
7|1|272|179|69|127|2C|E|7|DK
7|1|238|282|53|181|4H|E|9|H3
7|1|24|21|294|187|4H|E|9|C9
7|1|30|161|148|103|3H|E|10|SJ
7|10|300|174|107|176|4S|S|10|D2
7|10|221|34|251|29|4S|S|10|HT
7|10|301|177|291|32|4S|N|9|DA
7|10|120|264|180|283|4S|N|10|DA
7|10|263|16|215|10|4S|N|10|DA
7|10|197|152|90|28|3N|S|8|D3
7|10|272|179|69|127|3N|S|8|D3
7|10|238|282|53|181|3N|N|9|D5
7|10|24|21|294|187|4S|N|9|DA
7|10|30|161|148|103|4H|S|8|SK
7|11|300|174|107|176|2S|E|8|D7
7|11|221|34|251|29|3N|N|8|ST
7|11|301|177|291|32|3N|N|9|S7
7|11|120|264|180|283|2D|N|9|SJ
7|11|263|16|215|10|3D|N|8|SJ
7|11|197|152|90|28|1N|N|6|SJ
7|11|272|179|69|127|2S|E|8|D4
7|11|238|282|53|181|2H|S|9|SK
7|11|24|21|294|187|3N|N|7|S7
7|11|30|161|148|103|4S|E|8|C5
7|12|300|174|107|176|3S|N|10|C8
7|12|221|34|251|29|1NX|E|6|CQ
7|12|301|177|291|32|2S|N|10|HJ
7|12|120|264|180|283|2S|N|10|HT
7|12|263|16|215|10|3S|N|10|C4
7|12|197|152|90|28|4S|S|9|CA
7|12|272|179|69|127|3S|S|9|CA
7|12|238|282|53|181|3D|W|8|ST
7|12|24|21|294|187|1N|W|6|ST
7|12|30|161|148|103|1N|E|6|SA
7|13|300|174|107|176|3H|S|9|S6
7|13|221|34|251|29|4H|S|10|C4
7|13|301|177|291|32|4H|S|9|C4
7|13|120|264|180|283|4H|S|9|C4
7|13|263|16|215|10|4H|S|10|C4
7|13|197|152|90|28|4H|N|9|D7
7|13|272|179|69|127|4H|S|9|C4
7|13|238|282|53|181|4H|S|9|C4
7|13|24|21|294|187|4H|S|9|C7
7|13|30|161|148|103|2S|N|7|D4
7|14|300|174|107|176|3N|N|7|C7
7|14|221|34|251|29|3N|N|10|C7
7|14|301|177|291|32|3N|N|9|C7
7|14|120|264|180|283|3N|N|9|H5
7|14|263|16|215|10|3N|N|10|C7
7|14|197|152|90|28|3N|N|9|C7
7|14|272|179|69|127|3N|N|9|H5
7|14|238|282|53|181|3N|N|10|H5
7|14|24|21|294|187|5D|S|11|S7
7|14|30|161|148|103|3N|N|7|C7
7|15|300|174|107|176|3N|W|10|H6
7|15|221|34|251|29|3N|W|10|HT
7|15|301|177|291|32|3N|W|10|H6
7|15|120|264|180|283|3N|W|10|H5
7|15|263|16|215|10|3N|W|10|HT
7|15|197|152|90|28|3N|W|10|H6
7|15|272|179|69|127|3N|W|10|HT
7|15|238|282|53|181|3N|W|10|DT
7|15|24|21|294|187|4S|E|10|H3
7|15|30|161|148|103|3N|W|10|HT
7|16|300|174|107|176|1N|N|6|H4
7|16|221|34|251|29|2S|E|7|CK
7|16|301|177|291|32|3S|E|9|CK
7|16|120|264|180|283|2S|E|8|CK
7|16|263|16|215|10|3S|E|8|D7
7|16|197|152|90|28|2D|N|6|H4
7|16|272|179|69|127|3S|E|9|CK
7|16|238|282|53|181|2D|N|6|H4
7|16|24|21|294|187|2S|E|8|D3
7|16|30|161|148|103|2S|E|9|CK
7|17|34|178|29|117|4H|E|8|SJ
7|17|221|300|251|107|4H|E|9|S2
7|17|301|177|291|133|4H|E|11|S2
7|17|120|264|180|283|4H|E|9|DJ
7|17|2|197|4|90|4H|W|9|DA
7|17|16|152|10|28|4H|E|8|S2
7|17|272|127|189|135|4H|W|9|DA
7|17|238|282|53|181|4H|E|9|DJ
7|17|24|21|294|187|3H|E|9|DJ
7|17|144|214|281|203|4H|E|9|DJ
7|18|34|178|29|117|1N|N|6|D9
7|18|221|300|251|107|1N|N|6|DT
7|18|301|177|291|133|2C|N|8|DT
7|18|120|264|180|283|3H|N|8|D9
7|18|2|197|4|90|2S|W|6|HA
7|18|16|152|10|28|2S|N|3|S4
7|18|272|127|189|135|2S|W|6|C7
7|18|238|282|53|181|2D|S|8|S9
7|18|24|21|294|187|1N|N|7|DT
7|18|144|214|281|203|2D|S|6|S8
7|19|34|178|29|117|3C|S|9|D2
7|19|221|300|251|107|3S|S|7|D2
7|19|301|177|291|133|3N|S|9|CQ
7|19|120|264|180|283|3D|W|10|C7
7|19|2|197|4|90|4DX|W|11|C7
7|19|16|152|10|28|3C|S|9|D6
7|19|272|127|189|135|4C|S|9|D6
7|19|238|282|53|181|4D|W|10|C5
7|19|24|21|294|187|3C|S|8|D2
7|19|144|214|281|203|3C|S|9|CJ
7|2|300|174|107|176|3N|N|9|S6
7|2|221|34|251|29|5D|S|12|S5
7|2|301|177|291|32|3N|S|10|HJ
7|2|120|264|180|283|3N|N|9|S7
7|2|263|16|215|10|3N|S|10|H2
7|2|197|152|90|28|1SX|E|7|DA
7|2|272|179|69|127|5D|S|12|S2
7|2|238|282|53|181|3N|N|12|C6
7|2|24|21|294|187|3N|S|10|H5
7|2|30|161|148|103|6D|S|12|C5
7|20|34|178|29|117|4S|S|11|D6
7|20|221|300|251|107|4S|S|11|C9
7|20|301|177|291|133|4S|S|11|D2
7|20|120|264|180|283|4S|S|11|C7
7|20|2|197|4|90|4S|S|11|C7
7|20|16|152|10|28|4S|S|11|C7
7|20|272|127|189|135|4S|S|11|D5
7|20|238|282|53|181|3N|N|5|DT
7|20|24|21|294|187|4S|S|11|D3
7|20|144|214|281|203|4S|S|11|C7
7|21|34|178|29|117|2S|N|6|S6
7|21|221|300|251|107|2S|N|6|HK
7|21|301|177|291|133|1N|E|6|C4
7|21|120|264|180|283|2S|S|7|CA
7|21|2|197|4|90|3H|W|7|SA
7|21|16|152|10|28|3H|W|8|SA
7|21|272|127|189|135|2S|N|8|HA
7|21|238|282|53|181|2S|N|8|HA
7|21|24|21|294|187|2S|S|7|D7
7|21|144|214|281|203|2S|N|6|HA
7|22|34|178|29|117|1S|W|11|H2
7|22|221|300|251|107|4S|W|11|C5
7|22|301|177|291|133|4S|W|11|C4
7|22|120|264|180|283|4S|W|11|C2
7|22|2|197|4|90|4S|W|10|SA
7|22|16|152|10|28|4S|W|11|H2
7|22|272|127|189|135|3N|E|11|S8
7|22|238|282|53|181|3N|W|9|H5
7|22|24|21|294|187|1S|W|11|C4
7|22|144|214|281|203|4S|W|10|H5
7|23|34|178|29|117|3N|W|8|C6
7|23|221|300|251|107|3D|W|10|C6
7|23|301|177|291|133|3D|W|10|C5
7|23|120|264|180|283|2D|W|11|S2
7|23|2|197|4|90|1SX|S|8|D5
7|23|16|152|10|28|3D|W|11|C5
7|23|272|127|189|135|2D|W|10|C6
7|23|238|282|53|181|3N|E|7|S8
7|23|24|21|294|187|2N|W|7|C7
7|23|144|214|281|203|2C|N|7|HK
7|24|34|178|29|117|1N|N|7|S3
7|24|221|300|251|107|2C|E|6|C2
7|24|301|177|291|133|2D|S|9|D4
7|24|120|264|180|283|2N|S|10|D7
7|24|2|197|4|90|1N|S|7|HA
7|24|16|152|10|28|1N|S|8|H5
7|24|272|127|189|135|1N|S|8|H5
7|24|238|282|53|181|1N|E|6|CK
7|24|24|21|294|187|1N|S|8|ST
7|24|144|214|281|203|1N|S|8|HA
7|25|34|178|29|117|4H|E|10|SK
7|25|221|300|251|107|4H|E|10|SK
7|25|301|177|291|133|6H|E|9|SK
7|25|120|264|180|283|4H|E|10|SK
7|25|2|197|4|90|6S|E|10|SK
7|25|16|152|10|28|4H|E|10|SK
7|25|272|127|189|135|4HX|E|10|SK
7|25|238|282|53|181|4H|E|11|SK
7|25|24|21|294|187|4H|E|10|SK
7|25|144|214|281|203|4H|E|11|SK
7|26|34|178|29|117|3N|E|8|SK
7|26|221|300|251|107|3N|E|9|SK
7|26|301|177|291|133|3NX|W|10|CQ
7|26|120|264|180|283|3N|E|9|SK
7|26|2|197|4|90|3N|E|7|SK
7|26|16|152|10|28|2SX|S|7|H4
7|26|272|127|189|135|3N|E|10|SK
7|26|238|282|53|181|3N|E|10|SK
7|26|24|21|294|187|3N|E|9|SK
7|26|144|214|281|203|2SX|S|7|H4
7|27|34|178|29|117|2S|W|9|D7
7|27|221|300|251|107|3D|E|9|H7
7|27|301|177|291|133|3N|W|11|S9
7|27|120|264|180|283|3N|W|11|H7
7|27|2|197|4|90|3N|W|11|H7
7|27|16|152|10|28|3N|W|11|D7
7|27|272|127|189|135|2S|W|9|D7
7|27|238|282|53|181|3N|W|11|C7
7|27|24|21|294|187|3N|E|11|D2
7|27|144|214|281|203|3N|W|10|H7
7|28|34|178|29|117|3N|E|12|C6
7|28|221|300|251|107|3N|E|11|S9
7|28|301|177|291|133|3N|E|11|S7
7|28|120|264|180|283|4N|E|11|HQ
7|28|2|197|4|90|3N|E|11|HQ
7|28|16|152|10|28|3N|W|11|SJ
7|28|272|127|189|135|4N|W|11|SJ
7|28|238|282|53|181|6D|W|12|SJ
7|28|24|21|294|187|3N|E|11|S7
7|28|144|214|281|203|3N|W|11|SJ
7|29|34|178|29|117|2H|E|9|C5
7|29|221|300|251|107|1N|N|5|D6
7|29|301|177|291|133|2H|W|9|C2
7|29|120|264|180|283|4H|E|10|C5
7|29|2|197|4|90|4H|E|9|C5
7|29|16|152|10|28|4H|E|9|S4
7|29|272|127|189|135|4H|E|10|C5
7|29|238|282|53|181|3N|W|7|C5
7|29|24|21|294|187|2H|W|9|DJ
7|29|144|214|281|203|2H|E|9|S4
7|3|300|174|107|176|4H|W|11|S9
7|3|221|34|251|29|4H|W|10|CJ
7|3|301|177|291|32|3H|W|10|CT
7|3|120|264|180|283|4H|W|10|D5
7|3|263|16|215|10|4H|W|10|H5
7|3|197|152|90|28|4H|W|10|D6
7|3|272|179|69|127|3N|E|10|D7
7|3|238|282|53|181|4H|E|11|H4
7|3|24|21|294|187|4H|W|10|D6
7|3|30|161|148|103|4H|W|10|D5
7|30|34|178|29|117|4S|W|6|CK
7|30|221|300|251|107|5HX|S|11|C2
7|30|301|177|291|133|5HX|S|11|C8
7|30|120|264|180|283|4H|S|9|D2
7|30|2|197|4|90|2S|W|6|H3
7|30|16|152|10|28|4H|S|10|D2
7|30|272|127|189|135|4H|N|10|H7
7|30|238|282|53|181|4H|S|11|C8
7|30|24|21|294|187|4H|S|10|D2
7|30|144|214|281|203|4SX|W|6|CK
7|31|34|178|29|117|2H|E|7|D4
7|31|221|300|251|107|3D|S|8|CJ
7|31|301|177|291|133|2D|S|9|S7
7|31|120|264|180|283|2D|S|9|CQ
7|31|2|197|4|90|2D|S|9|C7
7|31|16|152|10|28|3N|E|9|DA
7|31|272|127|189|135|2D|S|8|CQ
7|31|238|282|53|181|3D|S|9|CQ
7|31|24|21|294|187|2D|S|8|CQ
7|31|144|214|281|203|3D|S|9|S4
7|32|34|178|29|117|4H|N|8|CA
7|32|221|300|251|107|4H|N|9|DK
7|32|301|177|291|133|4H|N|9|CK
7|32|120|264|180|283|5HX|S|9|C2
7|32|2|197|4|90|5D|E|10|HA
7|32|16|152|10|28|5HX|N|9|CA
7|32|272|127|189|135|4H|N|9|DK
7|32|238|282|53|181|4H|N|9|DK
7|32|24|21|294|187|3H|S|9|D2
7|32|144|214|281|203|3D|E|10|CT
7|4|300|174|107|176|3N|W|9|S3
7|4|221|34|251|29|3C|W|5|S3
7|4|301|177|291|32|3N|W|8|C7
7|4|120|264|180|283|3N|W|9|C7
7|4|263|16|215|10|3S|E|8|DT
7|4|197|152|90|28|2S|E|8|DT
7|4|272|179|69|127|3N|W|7|C7
7|4|238|282|53|181|3N|W|8|C3
7|4|24|21|294|187|2S|W|6|H2
7|4|30|161|148|103|2S|E|8|DT
7|5|300|174|107|176|2S|S|7|DT
7|5|221|34|251|29|2S|S|8|D9
7|5|301|177|291|32|4HX|W|8|ST
7|5|120|264|180|283|4S|S|7|H9
7|5|263|16|215|10|4S|S|9|CK
7|5|197|152|90|28|4S|S|8|DT
7|5|272|179|69|127|2S|S|8|DT
7|5|238|282|53|181|2S|S|8|DT
7|5|24|21|294|187|4S|N|7|H9
7|5|30|161|148|103|3S|S|8|H4
7|6|300|174|107|176|3N|E|10|HK
7|6|221|34|251|29|5D|E|11|HK
7|6|301|177|291|32|5D|E|9|HK
7|6|120|264|180|283|3N|W|9|H9
7|6|263|16|215|10|3N|E|9|HK
7|6|197|152|90|28|3N|W|9|H9
7|6|272|179|69|127|3N|W|9|H6
7|6|238|282|53|181|5DX|E|10|HK
7|6|24|21|294|187|5D|E|11|HK
7|6|30|161|148|103|3N|W|9|H9
7|7|300|174|107|176|3N|W|7|ST
7|7|221|34|251|29|3N|W|6|SJ
7|7|301|177|291|32|3N|W|7|S7
7|7|120|264|180|283|3N|W|7|ST
7|7|263|16|215|10|3N|W|7|SJ
7|7|197|152|90|28|2H|E|8|S4
7|7|272|179|69|127|1N|W|7|SJ
7|7|238|282|53|181|4H|E|8|S4
7|7|24|21|294|187|2N|W|8|S3
7|7|30|161|148|103|3N|W|9|C6
7|8|300|174|107|176|3N|E|9|HK
7|8|221|34|251|29|3H|W|10|DJ
7|8|301|177|291|32|2H|W|8|S5
7|8|120|264|180|283|3H|E|8|D4
7|8|263|16|215|10|2N|W|9|D5
7|8|197|152|90|28|3H|E|9|DJ
7|8|272|179|69|127|3N|W|8|S2
7|8|238|282|53|181|4H|W|10|S5
7|8|24|21|294|187|3H|E|9|D2
7|8|30|161|148|103|1N|W|7|S2
7|9|300|174|107|176|2C|S|10|DK
7|9|221|34|251|29|4H|S|9|CA
7|9|301|177|291|32|3H|S|10|DK
7|9|120|264|180|283|4H|S|9|DA
7|9|263|16|215|10|4H|S|9|DA
7|9|197|152|90|28|3N|N|7|S8
7|9|272|179|69|127|4H|S|9|DA
7|9|238|282|53|181|3N|S|9|DA
7|9|24|21|294|187|3NX|S|7|DK
7|9|30|161|148|103|3H|S|10|CA
8|1|120|254|180|172|6D|N|10|S6
8|1|300|32|222|133|6H|S|11|SA
8|1|144|264|281|283|6H|N|11|D9
8|1|301|30|291|148|5H|N|9|DT
8|1|16|174|10|176|5H|N|11|S5
8|1|178|197|117|90|6H|N|11|HQ
8|1|238|2|53|4|6HX|N|11|S6
8|1|263|127|215|135|5H|N|10|D5
8|1|214|272|203|69|4H|N|10|DT
8|1|282|161|189|103|6H|N|11|S5
8|10|120|254|180|172|3N|N|8|S5
8|10|300|32|222|133|3N|S|8|D5
8|10|144|264|281|283|3N|N|6|S5
8|10|301|30|291|148|3N|N|9|S5
8|10|16|174|10|176|3N|N|9|D5
8|10|178|197|117|90|3N|N|8|D3
8|10|238|2|53|4|3N|S|10|DJ
8|10|263|127|215|135|3N|N|7|S5
8|10|214|272|203|69|3N|N|8|S5
8|10|282|161|189|103|3N|N|9|C5
8|11|120|254|180|172|4H|W|9|C4
8|11|300|32|222|133|4H|E|11|SA
8|11|144|264|281|283|3H|W|9|SQ
8|11|301|30|291|148|3H|W|10|C4
8|11|16|174|10|176|4H|W|9|C4
8|11|178|197|117|90|3H|E|10|S3
8|11|238|2|53|4|4H|W|8|C4
8|11|263|127|215|135|4SX|N|8|CA
8|11|214|272|203|69|4H|W|10|C4
8|11|282|161|189|103|2S|N|6|CA
8|12|120|254|180|172|2H|S|9|S4
8|12|300|32|222|133|3S|W|7|HA
8|12|144|264|281|283|3H|S|9|SJ
8|12|301|30|291|148|3H|S|9|SJ
8|12|16|174|10|176|2H|S|9|SJ
8|12|178|197|117|90|2S|W|6|H3
8|12|238|2|53|4|2H|S|9|SJ
8|12|263|127|215|135|3SX|W|7|HA
8|12|214|272|203|69|3H|S|9|CQ
8|12|282|161|189|103|3H|N|10|DK
8|13|120|254|180|172|3N|E|8|S3
8|13|300|32|222|133|3N|E|8|S4
8|13|144|264|281|283|3N|W|8|D5
8|13|301|30|291|148|3N|E|8|S3
8|13|16|174|10|176|3N|E|8|H2
8|13|178|197|117|90|3N|E|8|D3
8|13|238|2|53|4|3N|E|8|S3
8|13|263|127|215|135|2SX|N|8|S8
8|13|214|272|203|69|3N|E|8|D9
8|13|282|161|189|103|3N|W|9|D4
8|14|120|254|180|172|4H|S|10|S6
8|14|300|32|222|133|4H|N|10|D6
8|14|144|264|281|283|4H|N|10|C2
8|14|301|30|291|148|4H|S|10|C5
8|14|16|174|10|176|4H|S|11|C5
8|14|178|197|117|90|5DX|E|6|H3
8|14|238|2|53|4|4H|S|10|DJ
8|14|263|127|215|135|3H|S|10|DT
8|14|214|272|203|69|4H|N|10|D5
8|14|282|161|189|103|4H|S|10|C5
8|15|120|254|180|172|3D|W|9|C3
8|15|300|32|222|133|3N|E|8|CJ
8|15|144|264|281|283|2S|N|9|HQ
8|15|301|30|291|148|3N|E|8|HK
8|15|16|174|10|176|3N|E|9|CQ
8|15|178|197|117|90|3N|E|9|CQ
8|15|238|2|53|4|5D|W|10|C3
8|15|263|127|215|135|3N|W|8|H7
8|15|214|272|203|69|2S|N|7|HQ
8|15|282|161|189|103|2C|S|8|SA
8|16|120|254|180|172|6S|N|13|S7
8|16|300|32|222|133|4S|N|12|D6
8|16|144|264|281|283|6C|N|13|H2
8|16|301|30|291|148|6C|N|13|S3
8|16|16|174|10|176|4S|S|11|DA
8|16|178|197|117|90|4S|S|11|H8
8|16|238|2|53|4|6C|N|12|D7
8|16|263|127|215|135|6S|S|13|H9
8|16|214|272|203|69|6S|S|12|DA
8|16|282|161|189|103|6S|S|12|DA
8|17|120|254|180|172|3N|S|10|S4
8|17|300|177|222|32|3N|S|10|S6
8|17|21|301|187|291|3N|N|9|H3
8|17|264|30|283|148|3N|S|9|ST
8|17|16|174|10|176|3N|S|9|S3
8|17|221|197|251|90|3N|N|9|H3
8|17|238|152|53|28|5D|S|11|H5
8|17|263|127|215|135|3N|S|10|S4
8|17|214|272|203|69|3SX|W|7|S7
8|17|189|24|181|294|3N|S|10|S3
8|18|120|254|180|172|4H|S|8|SA
8|18|300|177|222|32|2HX|W|4|CJ
8|18|21|301|187|291|4D|S|12|C8
8|18|264|30|283|148|4HX|N|7|S3
8|18|16|174|10|176|4SX|W|8|HA
8|18|221|197|251|90|2S|W|8|HK
8|18|238|152|53|28|2S|W|7|HA
8|18|263|127|215|135|3N|S|8|S7
8|18|214|272|203|69|3N|S|8|SA
8|18|189|24|181|294|3D|S|9|SK
8|19|120|254|180|172|4S|W|8|CA
8|19|300|177|222|32|3C|S|10|HA
8|19|21|301|187|291|2S|W|8|CA
8|19|264|30|283|148|4H|W|8|CA
8|19|16|174|10|176|3S|W|8|CA
8|19|221|197|251|90|4S|W|8|CK
8|19|238|152|53|28|3C|S|9|HA
8|19|263|127|215|135|2S|W|8|CK
8|19|214|272|203|69|4H|W|9|CA
8|19|189|24|181|294|4S|W|8|CA
8|2|120|254|180|172|2H|E|7|D3
8|2|300|32|222|133|1N|N|7|CJ
8|2|144|264|281|283|2H|W|7|S7
8|2|301|30|291|148|2H|W|8|CK
8|2|16|174|10|176|2H|W|7|DA
8|2|178|197|117|90|2H|E|8|H3
8|2|238|2|53|4|2H|W|8|H5
8|2|263|127|215|135|2H|W|7|DK
8|2|214|272|203|69|2H|W|8|DA
8|2|282|161|189|103|2H|E|7|C4
8|20|120|254|180|172|1N|W|7|H2
8|20|300|177|222|32|3S|W|9|D6
8|20|21|301|187|291|2S|E|8|DK
8|20|264|30|283|148|4H|N|9|S7
8|20|16|174|10|176|3S|E|8|H4
8|20|221|197|251|90|3S|E|9|H3
8|20|238|152|53|28|3S|W|8|HT
8|20|263|127|215|135|2S|E|8|DK
8|20|214|272|203|69|3H|N|9|DT
8|20|189|24|181|294|3S|E|8|DK
8|21|120|254|180|172|6H|N|13|CT
8|21|300|177|222|32|7H|S|13|DT
8|21|21|301|187|291|7H|N|13|CT
8|21|264|30|283|148|7H|N|13|H4
8|21|16|174|10|176|6H|N|13|H3
8|21|221|197|251|90|7H|N|13|CT
8|21|238|152|53|28|6H|S|13|CQ
8|21|263|127|215|135|6H|N|13|D8
8|21|214|272|203|69|7H|N|13|CT
8|21|189|24|181|294|6H|S|13|DT
8|22|120|254|180|172|4S|S|9|HJ
8|22|300|177|222|32|4S|S|10|HJ
8|22|21|301|187|291|4S|S|9|HJ
8|22|264|30|283|148|4H|E|8|S5
8|22|16|174|10|176|5H|E|9|S2
8|22|221|197|251|90|4S|N|9|DK
8|22|238|152|53|28|4S|N|9|DK
8|22|263|127|215|135|4H|E|8|C4
8|22|214|272|203|69|4SX|S|10|HJ
8|22|189|24|181|294|4H|E|8|C6
8|23|120|254|180|172|3N|E|11|SJ
8|23|300|177|222|32|3N|E|12|DT
8|23|21|301|187|291|3N|E|9|DT
8|23|264|30|283|148|3N|E|9|D9
8|23|16|174|10|176|4N|E|7|D9
8|23|221|197|251|90|3N|E|10|DT
8|23|238|152|53|28|3N|E|10|H3
8|23|263|127|215|135|3DX|N|9|C8
8|23|214|272|203|69|3N|E|9|DT
8|23|189|24|181|294|3N|E|11|SJ
8|24|120|254|180|172|3S|N|9|DK
8|24|300|177|222|32|2D|W|8|SK
8|24|21|301|187|291|2S|N|8|DK
8|24|264|30|283|148|2S|N|9|DK
8|24|16|174|10|176|3N|E|8|SQ
8|24|221|197|251|90|2S|N|9|DK
8|24|238|152|53|28|2H|N|8|S2
8|24|263|127|215|135|1S|N|8|HK
8|24|214|272|203|69|3S|N|9|DK
8|24|189|24|181|294|2S|N|9|DK
8|25|120|254|180|172|4H|N|9|CA
8|25|300|177|222|32|4H|N|8|CK
8|25|21|301|187|291|4CX|E|10|C3
8|25|264|30|283|148|5CX|E|10|DJ
8|25|16|174|10|176|4H|N|9|H3
8|25|221|197|251|90|4H|S|11|S7
8|25|238|152|53|28|4H|N|10|CA
8|25|263|127|215|135|2H|N|10|CA
8|25|214|272|203|69|4H|S|5|D9
8|25|189|24|181|294|2S|N|8|CK
8|26|120|254|180|172|4H|W|11|S7
8|26|300|177|222|32|4H|E|11|C4
8|26|21|301|187|291|4H|W|12|HT
8|26|264|30|283|148|4H|W|11|C2
8|26|16|174|10|176|3H|W|11|DJ
8|26|221|197|251|90|4H|W|11|HT
8|26|238|152|53|28|4H|E|11|DA
8|26|263|127|215|135|3N|W|11|D8
8|26|214|272|203|69|4H|E|11|C4
8|26|189|24|181|294|4H|W|11|D7
8|27|120|254|180|172|4H|N|11|DQ
8|27|300|177|222|32|4H|N|10|SJ
8|27|21|301|187|291|4H|N|10|SJ
8|27|264|30|283|148|4H|N|11|SJ
8|27|16|174|10|176|4S|E|9|H2
8|27|221|197|251|90|4H|N|11|DQ
8|27|238|152|53|28|4H|N|11|SJ
8|27|263|127|215|135|4H|S|11|C5
8|27|214|272|203|69|4H|N|11|DQ
8|27|189|24|181|294|4H|N|11|DQ
8|28|120|254|180|172|2S|E|9|C8
8|28|300|177|222|32|3N|W|7|CA
8|28|21|301|187|291|2D|W|10|CA
8|28|264|30|283|148|1N|W|9|CA
8|28|16|174|10|176|2D|W|9|CA
8|28|221|197|251|90|1N|W|9|CK
8|28|238|152|53|28|2N|W|10|CA
8|28|263|127|215|135|3NX|W|9|CK
8|28|214|272|203|69|3N|W|9|CA
8|28|189|24|181|294|2N|W|9|CA
8|29|120|254|180|172|6S|S|12|CT
8|29|300|177|222|32|6S|N|12|HQ
8|29|21|301|187|291|7S|S|12|DK
8|29|264|30|283|148|7C|N|12|HQ
8|29|16|174|10|176|5S|S|13|DK
8|29|221|197|251|90|7S|S|12|DK
8|29|238|152|53|28|4S|S|13|DK
8|29|263|127|215|135|6S|N|12|HQ
8|29|214|272|203|69|6S|S|12|DK
8|29|189|24|181|294|6S|S|12|CT
8|3|120|254|180|172|2N|S|8|S4
8|3|300|32|222|133|3N|S|9|HA
8|3|144|264|281|283|3N|S|8|S4
8|3|301|30|291|148|3N|S|8|S4
8|3|16|174|10|176|3N|S|8|HA
8|3|178|197|117|90|2N|S|8|S6
8|3|238|2|53|4|3N|S|8|HA
8|3|263|127|215|135|2N|S|8|S4
8|3|214|272|203|69|3N|S|10|S4
8|3|282|161|189|103|3N|S|9|HA
8|30|120|254|180|172|4S|N|12|CQ
8|30|300|177|222|32|3S|N|10|H5
8|30|21|301|187|291|3S|N|10|H5
8|30|264|30|283|148|4S|N|10|H9
8|30|16|174|10|176|3S|N|10|H5
8|30|221|197|251|90|4S|N|12|CQ
8|30|238|152|53|28|4S|N|9|H9
8|30|263|127|215|135|5HX|W|8|S2
8|30|214|272|203|69|3C|S|8|HA
8|30|189|24|181|294|3S|N|11|S9
8|31|120|254|180|172|3N|S|11|C4
8|31|300|177|222|32|4S|S|11|H8
8|31|21|301|187|291|4S|N|11|C5
8|31|264|30|283|148|4S|N|11|HT
8|31|16|174|10|176|4S|N|11|HT
8|31|221|197|251|90|4S|S|11|H4
8|31|238|152|53|28|4S|N|11|ST
8|31|263|127|215|135|4S|S|11|H8
8|31|214|272|203|69|4S|N|11|HT
8|31|189|24|181|294|3N|N|12|D9
8|32|120|254|180|172|1N|W|9|SA
8|32|300|177|222|32|1N|W|9|DT
8|32|21|301|187|291|2S|E|10|H4
8|32|264|30|283|148|4S|W|9|DT
8|32|16|174|10|176|4S|W|10|DT
8|32|221|197|251|90|3D|N|6|S5
8|32|238|152|53|28|4S|W|10|DT
8|32|263|127|215|135|2N|E|8|ST
8|32|214|272|203|69|1N|W|8|DT
8|32|189|24|181|294|2S|E|10|H4
8|4|120|254|180|172|3N|N|9|D4
8|4|300|32|222|133|3N|S|10|H5
8|4|144|264|281|283|3N|N|9|D4
8|4|301|30|291|148|3N|N|9|D4
8|4|16|174|10|176|3N|N|9|S4
8|4|178|197|117|90|3N|N|12|S3
8|4|238|2|53|4|3N|N|9|D4
8|4|263|127|215|135|3N|S|9|S5
8|4|214|272|203|69|3N|N|9|D4
8|4|282|161|189|103|3N|N|9|S4
8|5|120|254|180|172|5HX|E|11|D6
8|5|300|32|222|133|4H|E|11|D6
8|5|144|264|281|283|4H|E|11|D6
8|5|301|30|291|148|6SX|S|8|CA
8|5|16|174|10|176|4H|E|11|D6
8|5|178|197|117|90|4H|E|11|DA
8|5|238|2|53|4|4SX|S|8|CA
8|5|263|127|215|135|5HX|E|11|D8
8|5|214|272|203|69|4H|E|11|D8
8|5|282|161|189|103|6H|E|11|H9
8|6|120|254|180|172|4S|N|11|D5
8|6|300|32|222|133|4S|N|11|D9
8|6|144|264|281|283|4S|N|9|CT
8|6|301|30|291|148|4S|N|10|CT
8|6|16|174|10|176|4S|N|10|CT
8|6|178|197|117|90|4S|N|11|DT
8|6|238|2|53|4|3N|S|10|C3
8|6|263|127|215|135|4S|N|10|C4
8|6|214|272|203|69|3N|S|10|C6
8|6|282|161|189|103|3N|S|10|C6
8|7|120|254|180|172|3D|W|10|D6
8|7|300|32|222|133|4H|W|10|H4
8|7|144|264|281|283|3N|E|7|H4
8|7|301|30|291|148|3N|W|8|S6
8|7|16|174|10|176|5D|W|10|D9
8|7|178|197|117|90|4H|W|10|SA
8|7|238|2|53|4|5D|W|11|SA
8|7|263|127|215|135|3N|W|7|C7
8|7|214|272|203|69|3N|W|5|C7
8|7|282|161|189|103|3N|W|8|S5
8|8|120|254|180|172|3N|S|10|DQ
8|8|300|32|222|133|3N|N|10|D5
8|8|144|264|281|283|3N|N|10|D5
8|8|301|30|291|148|3N|N|10|D5
8|8|16|174|10|176|3N|N|11|D4
8|8|178|197|117|90|3N|N|10|H3
8|8|238|2|53|4|3S|N|11|DA
8|8|263|127|215|135|3N|N|10|D5
8|8|214|272|203|69|3C|N|11|DA
8|8|282|161|189|103|3N|S|10|DQ
8|9|120|254|180|172|3H|S|9|CJ
8|9|300|32|222|133|3H|S|9|H7
8|9|144|264|281|283|4H|S|9|CJ
8|9|301|30|291|148|4H|S|9|CJ
8|9|16|174|10|176|3H|S|9|CJ
8|9|178|197|117|90|4H|S|8|ST
8|9|238|2|53|4|2S|N|7|D6
8|9|263|127|215|135|3H|S|9|H7
8|9|214|272|203|69|3H|S|9|DT
8|9|282|161|189|103|4H|S|9|DT
9|1|300|301|222|291|2S|S|10|C5
9|1|120|197|180|90|3N|S|9|D3
9|1|16|177|23|133|3N|S|9|D3
9|1|221|127|251|135|3N|S|9|C2
9|1|238|178|53|117|3N|S|9|C2
9|1|2|161|4|103|3N|S|9|D3
9|1|24|152|294|28|3N|S|9|D3
9|1|282|21|181|187|2S|N|10|HT
9|1|144|272|281|69|3S|N|10|CA
9|10|300|301|222|291|2H|N|7|SJ
9|10|264|34|283|29|2S|S|6|DJ
9|10|120|197|180|90|2S|S|6|DQ
9|10|16|177|23|133|2S|S|5|DQ
9|10|221|127|251|135|2S|S|7|DQ
9|10|238|178|53|117|3D|W|9|S7
9|10|2|161|4|103|2S|S|6|DQ
9|10|24|152|294|28|3S|S|7|DQ
9|10|282|21|181|187|4H|N|9|DA
9|10|144|272|281|69|2S|S|8|DQ
9|11|300|301|222|291|4S|E|8|CT
9|11|264|34|283|29|2S|W|8|H8
9|11|120|197|180|90|2S|E|9|HQ
9|11|16|177|23|133|2S|W|9|H8
9|11|221|127|251|135|4S|E|10|S3
9|11|238|178|53|117|2S|E|10|HQ
9|11|2|161|4|103|2S|W|9|CA
9|11|24|152|294|28|3S|W|9|H8
9|11|282|21|181|187|2S|E|10|D5
9|11|144|272|281|69|4S|W|10|H8
9|12|300|301|222|291|2D|S|10|CA
9|12|264|34|283|29|3N|N|7|CK
9|12|120|197|180|90|3D|S|10|CA
9|12|16|177|23|133|3D|S|10|CA
9|12|221|127|251|135|4H|N|9|CK
9|12|238|178|53|117|3D|S|10|CA
9|12|2|161|4|103|3D|S|10|CA
9|12|24|152|294|28|4H|N|9|CK
9|12|282|21|181|187|3N|N|7|CK
9|12|144|272|281|69|3D|S|10|CA
9|13|300|301|222|291|5S|S|11|D5
9|13|264|34|283|29|4H|S|13|C9
9|13|120|197|180|90|6S|N|12|DJ
9|13|16|177|23|133|5S|S|12|SJ
9|13|221|127|251|135|6S|S|12|D8
9|13|238|178|53|117|4S|S|11|SQ
9|13|2|161|4|103|4S|S|11|C3
9|13|24|152|294|28|4S|S|11|SQ
9|13|282|21|181|187|3N|S|12|SQ
9|13|144|272|281|69|4S|S|11|D4
9|14|300|301|222|291|3N|E|9|S8
9|14|264|34|283|29|5CX|W|11|SK
9|14|120|197|180|90|3N|W|9|H2
9|14|16|177|23|133|4C|W|11|SA
9|14|221|127|251|135|5CX|W|11|SK
9|14|238|178|53|117|3H|S|7|CK
9|14|2|161|4|103|3N|E|9|H5
9|14|24|152|294|28|5C|E|11|SK
9|14|282|21|181|187|5CX|W|11|SA
9|14|144|272|281|69|5C|W|11|SA
9|15|300|301|222|291|4H|S|10|S4
9|15|264|34|283|29|4H|S|11|DA
9|15|120|197|180|90|5DX|W|8|S5
9|15|16|177|23|133|3S|N|11|DJ
9|15|221|127|251|135|6S|N|12|C9
9|15|238|178|53|117|4H|S|10|DA
9|15|2|161|4|103|4S|S|10|C7
9|15|24|152|294|28|4H|S|11|S4
9|15|282|21|181|187|6H|S|11|DA
9|15|144|272|281|69|4S|N|11|DQ
9|16|300|301|222|291|3N|N|12|D5
9|16|264|34|283|29|3N|N|11|SJ
9|16|120|197|180|90|3N|N|13|D5
9|16|16|177|23|133|3N|N|13|D5
9|16|221|127|251|135|3N|N|13|D5
9|16|238|178|53|117|3N|N|10|D6
9|16|2|161|4|103|3N|N|13|D5
9|16|24|152|294|28|3N|N|13|D5
9|16|282|21|181|187|4S|S|10|DT
9|16|144|272|281|69|3N|N|12|D5
9|17|29|301|107|291|4H|E|9|D6
9|17|264|300|283|222|4S|W|10|DA
9|17|120|197|180|90|5C|W|9|DA
9|17|16|177|23|32|3S|W|9|DA
9|17|174|127|176|135|4S|W|10|DA
9|17|238|178|53|117|3D|N|9|CK
9|17|263|214|215|203|5DX|N|8|D2
9|17|161|2|103|4|4S|W|10|DA
9|17|272|30|189|148|5DX|N|8|SA
9|17|144|282|281|181|5DX|N|9|D2
9|18|29|301|107|291|2H|W|5|DK
9|18|264|300|283|222|2H|E|5|S7
9|18|120|197|180|90|2H|E|5|DA
9|18|16|177|23|32|3H|E|7|DA
9|18|174|127|176|135|3SX|W|6|S2
9|18|238|178|53|117|1N|N|7|DJ
9|18|263|214|215|203|1N|N|7|CJ
9|18|161|2|103|4|1N|E|7|D2
9|18|272|30|189|148|3N|S|6|S6
9|18|144|282|281|181|2S|S|8|H6
9|19|29|301|107|291|3N|W|7|DK
9|19|264|300|283|222|1N|E|8|D2
9|19|120|197|180|90|3N|W|9|DK
9|19|16|177|23|32|3N|W|9|DK
9|19|174|127|176|135|3N|W|8|DK
9|19|238|178|53|117|3N|W|8|DK
9|19|263|214|215|203|3N|W|8|DK
9|19|161|2|103|4|3N|W|8|DK
9|19|272|30|189|148|3N|W|10|DK
9|19|144|282|281|181|3N|W|9|DK
9|2|300|301|222|291|4S|N|12|H5
9|2|120|197|180|90|5S|S|13|DA
9|2|16|177|23|133|5S|S|13|DK
9|2|221|127|251|135|5S|N|13|S4
9|2|238|178|53|117|4S|N|13|DJ
9|2|2|161|4|103|6S|S|12|HA
9|2|24|152|294|28|4S|N|13|DJ
9|2|282|21|181|187|5S|S|13|DA
9|2|144|272|281|69|5SX|S|13|DA
9|20|29|301|107|291|4H|E|9|SQ
9|20|264|300|283|222|2H|W|9|C8
9|20|120|197|180|90|1N|W|10|S8
9|20|16|177|23|32|3N|W|8|D8
9|20|174|127|176|135|4H|E|9|D4
9|20|238|178|53|117|2H|E|9|SK
9|20|263|214|215|203|2H|E|9|D6
9|20|161|2|103|4|3N|W|9|D4
9|20|272|30|189|148|2H|E|9|SK
9|20|144|282|281|181|1N|W|8|DT
9|21|29|301|107|291|5DX|W|11|SK
9|21|264|300|283|222|4D|W|11|SA
9|21|120|197|180|90|5DX|W|10|SA
9|21|16|177|23|32|4D|W|11|SA
9|21|174|127|176|135|3S|N|8|D9
9|21|238|178|53|117|4SX|N|7|CA
9|21|263|214|215|203|5D|W|11|SK
9|21|161|2|103|4|5DX|W|11|SA
9|21|272|30|189|148|5D|W|11|SA
9|21|144|282|281|181|2S|N|8|CA
9|22|29|301|107|291|2S|S|6|HA
9|22|264|300|283|222|2S|S|6|HK
9|22|120|197|180|90|2H|W|7|SA
9|22|16|177|23|32|2H|E|9|DK
9|22|174|127|176|135|2H|W|9|D2
9|22|238|178|53|117|2H|W|9|D2
9|22|263|214|215|203|2S|S|7|HK
9|22|161|2|103|4|2S|S|5|D8
9|22|272|30|189|148|1N|W|8|CQ
9|22|144|282|281|181|2N|E|7|H3
9|23|29|301|107|291|3N|E|9|C6
9|23|264|300|283|222|3N|W|10|CJ
9|23|120|197|180|90|3N|E|10|D4
9|23|16|177|23|32|3N|W|10|CJ
9|23|174|127|176|135|3N|E|9|C3
9|23|238|178|53|117|3N|W|9|CJ
9|23|263|214|215|203|3N|W|10|CJ
9|23|161|2|103|4|3N|W|10|H9
9|23|272|30|189|148|3N|W|10|H4
9|23|144|282|281|181|3N|W|9|CJ
9|24|29|301|107|291|4S|N|10|DT
9|24|264|300|283|222|4S|S|10|DQ
9|24|120|197|180|90|5DX|W|7|SA
9|24|16|177|23|32|4S|N|10|DT
9|24|174|127|176|135|4S|N|10|DT
9|24|238|178|53|117|4S|S|11|DK
9|24|263|214|215|203|4S|N|11|DT
9|24|161|2|103|4|4S|N|10|DT
9|24|272|30|189|148|4S|N|10|DT
9|24|144|282|281|181|4S|S|11|HQ
9|25|29|301|107|291|4C|N|9|ST
9|25|264|300|283|222|3C|N|9|ST
9|25|120|197|180|90|3S|W|9|CA
9|25|16|177|23|32|3D|E|8|C6
9|25|174|127|176|135|3C|N|9|S6
9|25|238|178|53|117|3C|N|9|ST
9|25|263|214|215|203|3S|W|9|CA
9|25|161|2|103|4|3C|N|10|ST
9|25|272|30|189|148|3C|N|9|ST
9|25|144|282|281|181|2C|N|10|ST
9|26|29|301|107|291|2D|N|11|S6
9|26|264|300|283|222|1N|N|8|S4
9|26|120|197|180|90|3D|N|11|C3
9|26|16|177|23|32|2D|N|11|S4
9|26|174|127|176|135|2D|N|11|C8
9|26|238|178|53|117|3D|N|11|S6
9|26|263|214|215|203|2D|N|11|HK
9|26|161|2|103|4|5DX|N|11|S7
9|26|272|30|189|148|2D|N|11|S4
9|26|144|282|281|181|1N|N|8|S4
9|27|29|301|107|291|4S|E|9|HA
9|27|264|300|283|222|2S|E|8|CQ
9|27|120|197|180|90|2S|E|8|HA
9|27|16|177|23|32|2S|E|9|HA
9|27|174|127|176|135|3N|W|9|C2
9|27|238|178|53|117|2S|E|8|CQ
9|27|263|214|215|203|2S|E|8|DJ
9|27|161|2|103|4|3D|E|7|CQ
9|27|272|30|189|148|2S|E|9|HA
9|27|144|282|281|181|3S|E|7|DJ
9|28|29|301|107|291|3N|E|12|H2
9|28|264|300|283|222|5D|E|12|CT
9|28|120|197|180|90|6D|E|12|H2
9|28|16|177|23|32|4S|W|12|H6
9|28|174|127|176|135|6D|E|12|H2
9|28|238|178|53|117|5S|W|12|D5
9|28|263|214|215|203|3N|E|11|H2
9|28|161|2|103|4|6D|E|12|H8
9|28|272|30|189|148|6D|E|12|H2
9|28|144|282|281|181|4S|W|12|D6
9|29|29|301|107|291|4S|W|12|C2
9|29|264|300|283|222|2H|E|12|SQ
9|29|120|197|180|90|4H|E|10|SQ
9|29|16|177|23|32|4H|E|11|CT
9|29|174|127|176|135|4S|E|12|C5
9|29|238|178|53|117|4S|E|12|D4
9|29|263|214|215|203|4S|W|12|C2
9|29|161|2|103|4|4S|W|12|C4
9|29|272|30|189|148|4S|W|12|SJ
9|29|144|282|281|181|4S|W|12|DA
9|3|300|301|222|291|5HX|N|11|CA
9|3|264|34|283|29|6DX|N|11|SK
9|3|120|197|180|90|5CX|S|11|S5
9|3|16|177|23|133|5S|E|8|D4
9|3|221|127|251|135|4SX|W|8|DA
9|3|238|178|53|117|6C|N|11|SA
9|3|2|161|4|103|5SX|E|8|DT
9|3|24|152|294|28|6DX|S|11|S3
9|3|282|21|181|187|6C|N|11|SA
9|3|144|272|281|69|5HX|N|11|SA
9|30|29|301|107|291|3C|N|9|C2
9|30|264|300|283|222|1H|S|9|S3
9|30|120|197|180|90|3N|S|9|S4
9|30|16|177|23|32|3C|S|9|H4
9|30|174|127|176|135|3N|N|9|SA
9|30|238|178|53|117|3N|S|10|S4
9|30|263|214|215|203|2S|W|7|C8
9|30|161|2|103|4|3C|S|10|D3
9|30|272|30|189|148|1N|S|9|H7
9|30|144|282|281|181|3H|S|9|H7
9|31|29|301|107|291|2H|W|9|S5
9|31|264|300|283|222|2H|W|10|HA
9|31|120|197|180|90|3S|S|9|HQ
9|31|16|177|23|32|4H|W|9|S4
9|31|174|127|176|135|4SX|S|9|HQ
9|31|238|178|53|117|3N|N|6|C3
9|31|263|214|215|203|3S|S|7|HQ
9|31|161|2|103|4|2S|S|8|HQ
9|31|272|30|189|148|4SX|S|8|HQ
9|31|144|282|281|181|3S|S|9|HQ
9|32|29|301|107|291|3D|N|9|S4
9|32|264|300|283|222|3D|S|11|HQ
9|32|120|197|180|90|3D|S|9|HK
9|32|16|177|23|32|3D|S|9|HK
9|32|174|127|176|135|5D|S|9|HK
9|32|238|178|53|117|3N|S|7|HK
9|32|263|214|215|203|4D|N|11|S4
9|32|161|2|103|4|2N|S|8|HK
9|32|272|30|189|148|2N|S|8|H3
9|32|144|282|281|181|3N|N|8|S4
9|4|300|301|222|291|2S|W|6|H3
9|4|264|34|283|29|3N|E|10|D5
9|4|120|197|180|90|1NX|S|3|S6
9|4|16|177|23|133|1NX|S|4|S6
9|4|221|127|251|135|1N|E|11|C7
9|4|238|178|53|117|1N|W|10|S4
9|4|2|161|4|103|1NX|S|4|S6
9|4|24|152|294|28|1N|S|5|D9
9|4|282|21|181|187|2D|E|9|HJ
9|4|144|272|281|69|1NX|S|3|S6
9|5|300|301|222|291|4S|E|10|H8
9|5|264|34|283|29|4S|E|10|H4
9|5|120|197|180|90|4S|E|10|C5
9|5|16|177|23|133|4S|E|10|H3
9|5|221|127|251|135|4S|E|10|H7
9|5|238|178|53|117|4S|E|10|H3
9|5|2|161|4|103|4S|E|10|H7
9|5|24|152|294|28|4S|E|10|H3
9|5|282|21|181|187|4S|E|10|H7
9|5|144|272|281|69|4S|E|10|H8
9|6|300|301|222|291|3N|E|9|HT
9|6|264|34|283|29|5C|E|9|HT
9|6|120|197|180|90|3N|W|9|D2
9|6|16|177|23|133|3N|E|9|D3
9|6|221|127|251|135|3N|W|9|HJ
9|6|238|178|53|117|3N|W|9|D4
9|6|2|161|4|103|3N|W|8|D2
9|6|24|152|294|28|3N|W|9|HJ
9|6|282|21|181|187|3N|E|10|D3
9|6|144|272|281|69|3N|E|8|HT
9|7|300|301|222|291|1N|E|8|D2
9|7|264|34|283|29|2C|E|8|D2
9|7|120|197|180|90|1N|E|7|S2
9|7|16|177|23|133|3C|E|8|D7
9|7|221|127|251|135|1N|E|5|H7
9|7|238|178|53|117|2C|N|7|CK
9|7|2|161|4|103|2D|E|7|C6
9|7|24|152|294|28|1N|E|7|H6
9|7|282|21|181|187|1N|E|7|H5
9|7|144|272|281|69|2C|E|8|D7
9|8|300|301|222|291|4H|W|8|CJ
9|8|264|34|283|29|5DX|E|7|S2
9|8|120|197|180|90|4H|W|9|CA
9|8|16|177|23|133|3C|E|4|S8
9|8|221|127|251|135|5SX|N|9|HK
9|8|238|178|53|117|4C|N|8|HK
9|8|2|161|4|103|4S|N|8|DA
9|8|24|152|294|28|3H|W|8|H2
9|8|282|21|181|187|3HX|W|9|CA
9|8|144|272|281|69|5DX|E|10|S3
9|9|300|301|222|291|4S|E|10|DA
9|9|264|34|283|29|5HX|S|10|S3
9|9|120|197|180|90|5SX|E|10|DA
9|9|16|177|23|133|4H|S|10|S3
9|9|221|127|251|135|5HX|S|10|S3
9|9|238|178|53|117|5HX|S|10|S3
9|9|2|161|4|103|3S|E|10|DA
9|9|24|152|294|28|4H|S|10|S3
9|9|282|21|181|187|4H|S|10|S4
9|9|144|272|281|69|5SXX|E|9|DK
