1|1|17|195|61|1|6C|E|13|HK
1|1|40|259|232|138|6C|E|13|HQ
1|1|108|15|244|54|7C|E|13|S7
1|1|218|146|22|72|7C|W|13|S5
1|1|68|43|41|278|6C|W|13|HJ
1|1|165|208|188|205|6C|E|13|HK
1|1|137|207|170|271|4SX|N|8|SA
1|1|211|47|106|257|6C|E|13|HK
1|1|236|49|132|155|6C|W|13|HJ
1|1|182|196|98|55|7C|W|13|S2
1|10|17|195|61|1|1N|E|7|HJ
1|10|40|259|232|138|1N|E|7|HT
1|10|108|15|244|54|1N|E|7|H5
1|10|218|146|22|72|1N|E|9|H4
1|10|68|43|41|278|1N|W|9|S6
1|10|165|208|188|205|2H|S|7|C6
1|10|137|207|170|271|1N|E|8|D3
1|10|211|47|106|257|1N|E|7|HJ
1|10|236|49|132|155|1NX|E|7|HJ
1|10|182|196|98|55|1N|E|7|HJ
1|11|17|195|61|1|2S|S|10|HA
1|11|40|259|232|138|5CX|W|9|D7
1|11|108|15|244|54|4S|S|10|CQ
1|11|218|146|22|72|4S|S|10|CQ
1|11|68|43|41|278|4S|S|10|CJ
1|11|165|208|188|205|4S|S|11|S5
1|11|137|207|170|271|4S|S|10|C4
1|11|211|47|106|257|4S|S|10|CQ
1|11|236|49|132|155|4S|S|10|CQ
1|11|182|196|98|55|3S|S|10|CQ
1|12|17|195|61|1|6NX|S|11|DA
1|12|40|259|232|138|3N|S|12|D3
1|12|108|15|244|54|3N|S|12|D6
1|12|218|146|22|72|3N|S|12|S5
1|12|68|43|41|278|3N|S|12|D5
1|12|165|208|188|205|3N|S|11|D6
1|12|137|207|170|271|3N|S|11|D6
1|12|211|47|106|257|3N|S|12|D6
1|12|236|49|132|155|3N|S|11|D5
1|12|182|196|98|55|3N|S|11|D6
1|13|17|195|61|1|3S|E|10|H4
1|13|40|259|232|138|2S|E|9|H8
1|13|108|15|244|54|4S|E|9|H8
1|13|218|146|22|72|1S|E|10|H8
1|13|68|43|41|278|4S|E|9|H8
1|13|165|208|188|205|2S|E|10|H4
1|13|137|207|170|271|2S|E|9|H4
1|13|211|47|106|257|2S|E|10|H4
1|13|236|49|132|155|4S|E|9|H8
1|13|182|196|98|55|2S|E|10|H8
1|14|17|195|61|1|2S|N|9|HT
1|14|40|259|232|138|2S|S|8|S5
1|14|108|15|244|54|2S|N|8|S3
1|14|218|146|22|72|2N|S|7|D5
1|14|68|43|41|278|1NX|E|7|HA
1|14|165|208|188|205|2S|S|8|H6
1|14|137|207|170|271|2S|S|9|H6
1|14|211|47|106|257|2S|N|9|H7
1|14|236|49|132|155|2S|S|9|H2
1|14|182|196|98|55|2S|S|9|HT
1|15|17|195|61|1|2S|N|8|H2
1|15|40|259|232|138|2S|S|8|C3
1|15|108|15|244|54|2S|N|7|H2
1|15|218|146|22|72|2S|N|7|H2
1|15|68|43|41|278|2N|S|9|C2
1|15|165|208|188|205|3N|N|7|D9
1|15|137|207|170|271|2N|S|7|C4
1|15|211|47|106|257|2S|S|7|C2
1|15|236|49|132|155|2N|S|6|C2
1|15|182|196|98|55|3N|S|8|D2
1|16|17|195|61|1|4H|N|9|H9
1|16|40|259|232|138|4H|N|9|CA
1|16|108|15|244|54|4H|N|9|SA
1|16|218|146|22|72|2S|W|8|HJ
1|16|68|43|41|278|3H|N|9|D4
1|16|165|208|188|205|3H|N|9|SA
1|16|137|207|170|271|3H|N|10|SK
1|16|211|47|106|257|4SX|W|8|HJ
1|16|236|49|132|155|4H|N|9|SA
1|16|182|196|98|55|4H|N|9|SA
1|17|17|195|61|1|3CX|N|7|HQ
1|17|40|259|232|138|3N|E|10|ST
1|17|108|218|244|22|3CX|N|8|HQ
1|17|227|146|101|72|3N|E|10|SJ
1|17|68|268|41|224|3N|E|10|SJ
1|17|43|208|278|205|3CX|N|8|HQ
1|17|137|136|170|240|3N|E|10|SJ
1|17|207|47|271|33|3N|E|10|ST
1|17|236|49|132|155|3N|E|10|SJ
1|17|163|55|48|105|3N|W|9|S4
1|18|17|195|61|1|4S|N|9|SJ
1|18|40|259|232|138|4S|N|9|SQ
1|18|108|218|244|22|4S|N|9|SQ
1|18|227|146|101|72|3S|N|9|H6
1|18|68|268|41|224|3C|S|8|HJ
1|18|43|208|278|205|3N|S|7|DQ
1|18|137|136|170|240|3C|N|8|H4
1|18|207|47|271|33|2S|S|9|DQ
1|18|236|49|132|155|2N|S|8|D4
1|18|163|55|48|105|1CX|E|5|CA
1|19|17|195|61|1|2S|N|10|D4
1|19|40|259|232|138|4S|S|10|DQ
1|19|108|218|244|22|3S|N|10|C8
1|19|227|146|101|72|2S|N|10|C8
1|19|68|268|41|224|4S|N|10|C2
1|19|43|208|278|205|4S|N|10|C8
1|19|137|136|170|240|3S|N|10|H5
1|19|207|47|271|33|2S|N|9|H5
1|19|236|49|132|155|3S|N|10|H2
1|19|163|55|48|105|2S|N|10|D4
1|2|17|195|61|1|4D|W|10|SQ
1|2|40|259|232|138|3S|N|10|DK
1|2|108|15|244|54|3S|N|10|DK
1|2|218|146|22|72|3H|W|10|DJ
1|2|68|43|41|278|3S|N|9|DQ
1|2|165|208|188|205|4H|W|11|DJ
1|2|137|207|170|271|4D|E|10|SA
1|2|211|47|106|257|4H|W|10|DJ
1|2|236|49|132|155|4SX|N|10|DK
1|2|182|196|98|55|3S|N|9|DK
1|20|17|195|61|1|4S|E|11|DQ
1|20|40|259|232|138|4S|W|10|CQ
1|20|108|218|244|22|4S|W|11|CK
1|20|227|146|101|72|4S|W|11|CK
1|20|68|268|41|224|4S|W|11|CK
1|20|43|208|278|205|4S|W|11|CQ
1|20|137|136|170|240|4S|E|10|DQ
1|20|207|47|271|33|4S|E|11|DJ
1|20|236|49|132|155|2S|W|10|CK
1|20|163|55|48|105|4S|W|11|CK
1|21|17|195|61|1|2H|E|8|SQ
1|21|40|259|232|138|3H|W|8|DT
1|21|108|218|244|22|2H|W|9|SA
1|21|227|146|101|72|2H|E|8|SQ
1|21|68|268|41|224|4H|W|8|DJ
1|21|43|208|278|205|2H|E|8|SJ
1|21|137|136|170|240|2H|E|8|SQ
1|21|207|47|271|33|2H|E|8|SJ
1|21|236|49|132|155|2H|E|7|SQ
1|21|163|55|48|105|4H|W|7|SA
1|22|17|195|61|1|4S|N|11|H5
1|22|40|259|232|138|4H|N|11|H3
1|22|108|218|244|22|4S|N|11|S4
1|22|227|146|101|72|4S|N|11|D6
1|22|68|268|41|224|4H|N|10|DT
1|22|43|208|278|205|4S|N|11|H5
1|22|137|136|170|240|4S|N|11|D6
1|22|207|47|271|33|4S|N|10|S4
1|22|236|49|132|155|4S|N|10|C4
1|22|163|55|48|105|4S|N|11|CT
1|23|17|195|61|1|2S|W|10|HJ
1|23|40|259|232|138|1N|N|4|S6
1|23|108|218|244|22|4SX|E|10|D4
1|23|227|146|101|72|4SX|W|9|HJ
1|23|68|268|41|224|4S|W|9|HJ
1|23|43|208|278|205|3N|E|10|H7
1|23|137|136|170|240|4SX|W|9|HJ
1|23|207|47|271|33|2S|W|9|HT
1|23|236|49|132|155|4S|E|9|H8
1|23|163|55|48|105|4C|E|9|D4
1|24|17|195|61|1|5D|W|12|HA
1|24|40|259|232|138|3N|E|11|SJ
1|24|108|218|244|22|3N|E|9|HQ
1|24|227|146|101|72|5D|W|12|HA
1|24|68|268|41|224|5C|W|11|HA
1|24|43|208|278|205|3N|W|11|SJ
1|24|137|136|170|240|3N|E|7|HQ
1|24|207|47|271|33|5C|E|11|SJ
1|24|236|49|132|155|5D|W|11|HA
1|24|163|55|48|105|3N|E|11|SJ
1|25|17|195|61|1|2H|E|9|CK
1|25|40|259|232|138|5CX|N|10|DA
1|25|108|218|244|22|5C|S|10|H6
1|25|227|146|101|72|4C|N|10|DA
1|25|68|268|41|224|3H|E|8|CA
1|25|137|136|170|240|3H|E|11|CA
1|25|207|47|271|33|3C|N|10|DA
1|25|236|49|132|155|2H|E|9|CA
1|25|163|55|48|105|5CX|N|10|DA
1|26|17|195|61|1|4S|W|6|H8
1|26|40|259|232|138|4S|W|7|H8
1|26|108|218|244|22|4S|W|6|H8
1|26|227|146|101|72|4S|W|8|SQ
1|26|68|268|41|224|4SX|W|7|H8
1|26|43|208|278|205|5HX|S|8|SA
1|26|137|136|170|240|3S|W|8|H8
1|26|207|47|271|33|5DX|E|9|HK
1|26|236|49|132|155|4S|W|6|H8
1|26|163|55|48|105|4S|W|8|H8
1|27|17|195|61|1|3S|E|7|D5
1|27|40|259|232|138|5C|S|8|S5
1|27|108|218|244|22|3S|E|8|C6
1|27|227|146|101|72|3H|S|8|S4
1|27|68|268|41|224|4D|N|10|SQ
1|27|43|208|278|205|3D|S|10|S4
1|27|137|136|170|240|3D|N|10|SQ
1|27|207|47|271|33|3D|N|10|SQ
1|27|236|49|132|155|3D|N|9|S2
1|27|163|55|48|105|3D|N|10|SQ
1|28|17|195|61|1|1N|N|8|C2
1|28|40|259|232|138|1N|E|4|DK
1|28|108|218|244|22|2N|N|8|S6
1|28|227|146|101|72|2C|E|8|DK
1|28|68|268|41|224|2N|N|9|S3
1|28|43|208|278|205|2N|S|9|C8
1|28|137|136|170|240|1N|N|7|C5
1|28|207|47|271|33|3N|N|9|S9
1|28|236|49|132|155|2H|W|6|HT
1|28|163|55|48|105|2H|W|5|HT
1|29|17|195|61|1|4H|S|9|S6
1|29|40|259|232|138|4HX|N|9|DQ
1|29|108|218|244|22|4S|N|8|DQ
1|29|227|146|101|72|4H|S|9|S6
1|29|68|268|41|224|4H|S|9|S9
1|29|43|208|278|205|3N|N|5|DQ
1|29|137|136|170|240|3N|S|5|D6
1|29|207|47|271|33|4HX|N|9|DQ
1|29|236|49|132|155|4H|S|9|S9
1|29|163|55|48|105|3N|S|6|D8
1|3|17|195|61|1|2D|N|9|CA
1|3|40|259|232|138|2HX|W|8|DK
1|3|108|15|244|54|2D|N|9|CA
1|3|218|146|22|72|2D|N|9|CA
1|3|68|43|41|278|3D|N|9|H4
1|3|165|208|188|205|3N|S|9|H6
1|3|137|207|170|271|2D|N|9|H9
1|3|211|47|106|257|2D|N|9|CA
1|3|236|49|132|155|2D|N|10|H4
1|3|182|196|98|55|3N|N|8|C2
1|30|17|195|61|1|1S|E|6|HQ
1|30|40|259|232|138|1S|E|8|HJ
1|30|108|218|244|22|1N|N|6|D3
1|30|227|146|101|72|3N|W|7|C4
1|30|68|268|41|224|P||0
1|30|43|208|278|205|2N|W|9|S6
1|30|137|136|170|240|1N|W|7|H6
1|30|207|47|271|33|1S|E|7|HJ
1|30|236|49|132|155|1N|W|9|H6
1|30|163|55|48|105|1N|E|7|HQ
1|31|17|195|61|1|6D|W|12|ST
1|31|40|259|232|138|6D|W|11|S9
1|31|108|218|244|22|6D|W|12|H8
1|31|227|146|101|72|3N|W|12|S5
1|31|68|268|41|224|3N|E|11|C2
1|31|43|208|278|205|6D|E|11|S4
1|31|137|136|170|240|3N|W|12|H4
1|31|207|47|271|33|5D|W|12|S9
1|31|236|49|132|155|6D|W|11|S9
1|31|163|55|48|105|3N|E|11|S8
1|32|17|195|61|1|3N|W|9|S2
1|32|40|259|232|138|3N|W|7|H4
1|32|108|218|244|22|3N|W|10|H4
1|32|227|146|101|72|3D|W|10|H4
1|32|68|268|41|224|3N|W|7|H4
1|32|43|208|278|205|3N|W|9|SK
1|32|137|136|170|240|3N|E|10|S3
1|32|207|47|271|33|3N|E|10|SQ
1|32|236|49|132|155|3D|W|9|H2
1|32|163|55|48|105|3N|W|7|H4
1|4|17|195|61|1|4S|E|10|D5
1|4|40|259|232|138|4S|E|11|D4
1|4|108|15|244|54|4SX|E|10|HA
1|4|218|146|22|72|4S|E|11|D4
1|4|68|43|41|278|4S|W|10|C4
1|4|165|208|188|205|4S|E|10|C2
1|4|137|207|170|271|4S|E|10|HA
1|4|211|47|106|257|5HX|S|6|S7
1|4|236|49|132|155|4S|E|11|HA
1|4|182|196|98|55|4S|E|10|C2
1|5|17|195|61|1|P||0
1|5|40|259|232|138|3D|W|9|SQ
1|5|108|15|244|54|3S|N|7|D4
1|5|218|146|22|72|2S|N|9|D3
1|5|68|43|41|278|3D|W|8|SK
1|5|165|208|188|205|2S|N|9|CQ
1|5|137|207|170|271|2S|N|9|CJ
1|5|211|47|106|257|3D|W|9|SK
1|5|236|49|132|155|3S|N|7|D2
1|5|182|196|98|55|3D|W|9|SK
1|6|17|195|61|1|3S|E|8|C4
1|6|40|259|232|138|3S|W|9|H3
1|6|108|15|244|54|3SX|E|10|C3
1|6|218|146|22|72|5H|N|9|S4
1|6|68|43|41|278|4SX|W|10|C7
1|6|165|208|188|205|3S|W|10|C8
1|6|137|207|170|271|2S|E|10|C4
1|6|211|47|106|257|2S|E|9|H5
1|6|236|49|132|155|3S|E|10|S7
1|6|182|196|98|55|3S|E|10|C2
1|7|17|195|61|1|4H|S|11|C6
1|7|40|259|232|138|4H|N|10|D4
1|7|108|15|244|54|4H|S|11|C6
1|7|218|146|22|72|4H|N|10|CA
1|7|68|43|41|278|4H|S|11|C2
1|7|165|208|188|205|4H|N|11|H4
1|7|137|207|170|271|4H|S|10|C6
1|7|211|47|106|257|4H|S|11|C2
1|7|236|49|132|155|4H|N|10|D2
1|7|182|196|98|55|2H|N|11|D2
1|8|17|195|61|1|2H|W|9|D4
1|8|40|259|232|138|3H|W|9|CQ
1|8|108|15|244|54|2H|W|9|CQ
1|8|218|146|22|72|2H|W|9|C2
1|8|68|43|41|278|2H|W|8|CQ
1|8|165|208|188|205|2H|W|9|CQ
1|8|137|207|170|271|2H|E|9|CQ
1|8|211|47|106|257|2H|W|9|CQ
1|8|236|49|132|155|2H|W|8|SA
1|8|182|196|98|55|3C|S|7|HT
1|9|17|195|61|1|2H|S|8|DK
1|9|40|259|232|138|2H|S|8|DK
1|9|108|15|244|54|3H|S|8|CQ
1|9|218|146|22|72|1NX|E|4|H4
1|9|68|43|41|278|3H|S|8|DK
1|9|165|208|188|205|2D|E|7|CT
1|9|137|207|170|271|4H|S|8|DK
1|9|211|47|106|257|4H|N|9|SQ
1|9|236|49|132|155|2H|S|8|DK
1|9|182|196|98|55|2H|S|8|DK
2|1|15|259|54|138|4D|E|7|H5
2|1|17|218|61|22|4H|N|10|C8
2|1|165|108|188|244|4HX|N|10|C8
2|1|146|268|72|224|5HX|N|10|C8
2|1|136|88|240|80|5DX|E|7|H2
2|1|68|211|41|106|4HX|N|10|SK
2|1|182|47|98|257|5HX|N|11|DK
2|1|137|49|170|155|4HX|N|10|C8
2|1|40|196|232|236|4H|N|10|C8
2|1|55|195|105|1|4H|N|10|C8
2|10|15|259|54|138|2S|E|10|C4
2|10|17|218|61|22|2S|E|10|HJ
2|10|165|108|188|244|2S|W|10|CA
2|10|146|268|72|224|4H|W|10|D5
2|10|136|88|240|80|3H|E|10|HJ
2|10|68|211|41|106|3H|W|9|D5
2|10|182|47|98|257|2H|E|10|C2
2|10|137|49|170|155|2H|E|9|HJ
2|10|40|196|232|236|2S|E|10|HJ
2|10|55|195|105|1|2H|E|10|HJ
2|11|15|259|54|138|2H|S|7|DT
2|11|17|218|61|22|5CX|E|9|HK
2|11|165|108|188|244|3D|E|10|DQ
2|11|146|268|72|224|4N|W|6|H8
2|11|136|88|240|80|2H|S|8|DT
2|11|68|211|41|106|2N|N|8|D5
2|11|182|47|98|257|2H|S|9|D2
2|11|137|49|170|155|1N|N|9|D4
2|11|40|196|232|236|3N|N|9|D3
2|11|55|195|105|1|3H|S|6|DT
2|12|15|259|54|138|1N|W|5|CQ
2|12|17|218|61|22|2H|S|7|CK
2|12|165|108|188|244|3S|W|8|CJ
2|12|146|268|72|224|3NX|N|7|D5
2|12|136|88|240|80|1N|W|7|CQ
2|12|68|211|41|106|1N|W|8|C2
2|12|182|47|98|257|2S|W|7|CQ
2|12|137|49|170|155|1N|E|7|CQ
2|12|40|196|232|236|2D|E|8|D4
2|12|55|195|105|1|2C|N|8|S9
2|13|15|259|54|138|3N|W|9|S2
2|13|17|218|61|22|3N|W|9|S2
2|13|165|108|188|244|3N|E|9|D4
2|13|146|268|72|224|3N|E|9|D2
2|13|136|88|240|80|3N|W|9|S8
2|13|68|211|41|106|3N|E|9|H2
2|13|182|47|98|257|3N|W|9|S2
2|13|137|49|170|155|3N|W|9|S2
2|13|40|196|232|236|3N|W|9|S2
2|13|55|195|105|1|5D|E|11|SA
2|14|15|259|54|138|2SX|W|8|CA
2|14|17|218|61|22|3DX|E|7|HQ
2|14|165|108|188|244|4D|E|7|C9
2|14|146|268|72|224|3D|E|7|HQ
2|14|136|88|240|80|3C|S|9|SK
2|14|68|211|41|106|3DX|W|8|HQ
2|14|182|47|98|257|3DX|E|8|S2
2|14|137|49|170|155|3D|E|8|HQ
2|14|40|196|232|236|3DX|E|8|HJ
2|14|55|195|105|1|3H|W|5|S5
2|15|15|259|54|138|4S|E|11|CA
2|15|17|218|61|22|4S|E|10|CK
2|15|165|108|188|244|4S|E|9|CK
2|15|146|268|72|224|4S|E|9|CK
2|15|136|88|240|80|4S|E|10|CA
2|15|68|211|41|106|4S|E|10|CK
2|15|182|47|98|257|4S|E|11|CK
2|15|137|49|170|155|4S|E|10|CA
2|15|40|196|232|236|4S|E|9|CK
2|15|55|195|105|1|4S|E|10|CA
2|16|15|259|54|138|3N|E|9|D7
2|16|17|218|61|22|3N|E|9|DT
2|16|165|108|188|244|4H|E|8|C5
2|16|146|268|72|224|4H|E|8|C3
2|16|136|88|240|80|4H|E|9|C4
2|16|68|211|41|106|2H|E|9|C3
2|16|182|47|98|257|3N|E|9|D2
2|16|137|49|170|155|3N|E|9|DT
2|16|40|196|232|236|2H|E|9|C3
2|16|55|195|105|1|2H|E|10|C3
2|17|227|17|101|61|3H|S|9|H3
2|17|259|15|138|54|3H|S|8|CA
2|17|165|108|188|244|3D|W|9|H9
2|17|146|43|72|278|3H|S|8|S3
2|17|136|208|240|205|5D|W|9|H2
2|17|88|207|80|271|2H|S|9|S4
2|17|182|33|98|137|2H|S|8|S2
2|17|47|163|257|48|1N|E|7|HA
2|17|195|55|1|105|3H|N|8|H2
2|17|196|40|132|232|3S|E|8|HK
2|18|227|17|101|61|4S|E|9|CA
2|18|259|15|138|54|3S|E|9|HK
2|18|165|108|188|244|4S|E|10|HK
2|18|146|43|72|278|4S|E|9|D2
2|18|136|208|240|205|4S|E|11|D4
2|18|88|207|80|271|4S|E|11|HK
2|18|182|33|98|137|4S|E|9|CA
2|18|47|163|257|48|4S|E|9|HK
2|18|195|55|1|105|4S|E|9|HK
2|18|196|40|132|232|4S|E|9|CA
2|19|227|17|101|61|4S|S|10|CA
2|19|259|15|138|54|4S|S|10|D4
2|19|165|108|188|244|4S|S|10|D4
2|19|146|43|72|278|3N|S|10|C2
2|19|136|208|240|205|4S|S|9|CA
2|19|88|207|80|271|4S|S|9|D4
2|19|182|33|98|137|4S|S|10|D2
2|19|47|163|257|48|4S|S|9|D4
2|19|195|55|1|105|4S|S|9|D7
2|19|196|40|132|232|4S|S|9|D4
2|2|15|259|54|138|4H|E|11|SA
2|2|17|218|61|22|4H|E|10|SK
2|2|165|108|188|244|4H|E|10|SK
2|2|146|268|72|224|3H|E|10|HJ
2|2|136|88|240|80|4H|E|11|SA
2|2|68|211|41|106|4H|E|11|SK
2|2|182|47|98|257|3H|W|11|SJ
2|2|137|49|170|155|3S|S|8|CK
2|2|40|196|232|236|4H|W|11|DT
2|2|55|195|105|1|3S|S|8|CQ
2|20|227|17|101|61|4H|E|10|C5
2|20|259|15|138|54|4H|E|10|C5
2|20|165|108|188|244|4H|E|10|D5
2|20|146|43|72|278|4H|E|10|D8
2|20|136|208|240|205|6D|E|11|SA
2|20|88|207|80|271|4H|W|10|H9
2|20|182|33|98|137|5H|E|10|C2
2|20|47|163|257|48|3N|W|9|HQ
2|20|195|55|1|105|4H|E|10|D5
2|20|196|40|132|232|4H|E|10|D6
2|21|227|17|101|61|3N|N|6|D3
2|21|259|15|138|54|3N|N|7|D6
2|21|165|108|188|244|4H|E|9|CQ
2|21|146|43|72|278|3N|N|7|D5
2|21|136|208|240|205|3D|E|10|CK
2|21|88|207|80|271|3N|S|8|H3
2|21|182|33|98|137|3N|N|9|SJ
2|21|47|163|257|48|3D|E|9|CK
2|21|195|55|1|105|3S|N|8|D2
2|21|196|40|132|232|2H|E|9|CK
2|22|227|17|101|61|2N|W|8|CJ
2|22|259|15|138|54|2S|W|7|DK
2|22|165|108|188|244|1N|S|8|SA
2|22|146|43|72|278|1N|N|7|S5
2|22|136|208|240|205|3H|E|6|CQ
2|22|88|207|80|271|1N|S|7|SQ
2|22|182|33|98|137|1N|S|7|SA
2|22|47|163|257|48|2N|E|7|D4
2|22|195|55|1|105|3D|E|7|CQ
2|22|196|40|132|232|2H|E|5|S2
2|23|227|17|101|61|3N|E|11|C9
2|23|259|15|138|54|3N|W|10|S6
2|23|165|108|188|244|3N|E|11|ST
2|23|146|43|72|278|2HX|S|3|DQ
2|23|136|208|240|205|3N|W|11|C5
2|23|88|207|80|271|4N|W|11|S4
2|23|182|33|98|137|5N|W|11|S4
2|23|47|163|257|48|6NX|W|11|D2
2|23|195|55|1|105|4N|W|11|C7
2|23|196|40|132|232|3N|W|11|C7
2|24|227|17|101|61|2S|S|8|C5
2|24|259|15|138|54|1S|S|7|C8
2|24|165|108|188|244|2H|N|7|CK
2|24|146|43|72|278|3S|S|8|C5
2|24|136|208|240|205|3H|N|7|CQ
2|24|88|207|80|271|2H|N|7|CQ
2|24|182|33|98|137|2H|N|8|D2
2|24|47|163|257|48|4DX|W|6|C7
2|24|195|55|1|105|2N|S|6|D5
2|24|196|40|132|232|3NX|E|6|SA
2|25|227|17|101|61|4H|W|10|DK
2|25|259|15|138|54|3N|E|9|HT
2|25|165|108|188|244|4SX|S|8|DT
2|25|146|43|72|278|4SX|S|9|DT
2|25|136|208|240|205|4H|W|10|DA
2|25|88|207|80|271|4H|W|9|DK
2|25|182|33|98|137|3S|S|8|H2
2|25|47|163|257|48|3S|S|8|DT
2|25|195|55|1|105|4H|W|10|DK
2|25|196|40|132|232|4H|W|10|S6
2|26|227|17|101|61|6C|S|12|C2
2|26|259|15|138|54|3N|N|8|H2
2|26|165|108|188|244|6C|S|12|C8
2|26|146|43|72|278|6C|S|12|H4
2|26|136|208|240|205|6C|N|12|HK
2|26|88|207|80|271|6C|S|12|H9
2|26|182|33|98|137|5C|S|12|H2
2|26|47|163|257|48|5C|N|11|D3
2|26|195|55|1|105|6C|S|12|H9
2|26|196|40|132|232|6C|S|12|C2
2|27|227|17|101|61|3N|N|9|H3
2|27|259|15|138|54|3N|N|9|HA
2|27|165|108|188|244|3N|S|9|H3
2|27|146|43|72|278|3N|S|10|H4
2|27|136|208|240|205|3N|N|10|H2
2|27|88|207|80|271|3N|S|9|S9
2|27|182|33|98|137|3N|N|9|H2
2|27|47|163|257|48|3N|N|8|HA
2|27|195|55|1|105|3N|N|10|H2
2|27|196|40|132|232|3N|N|9|H2
2|28|227|17|101|61|4H|W|10|D6
2|28|259|15|138|54|4H|E|9|CQ
2|28|165|108|188|244|4H|E|9|CJ
2|28|146|43|72|278|4H|W|9|D2
2|28|136|208|240|205|4H|E|10|HJ
2|28|88|207|80|271|4H|W|9|S8
2|28|182|33|98|137|4H|E|9|H2
2|28|47|163|257|48|4H|W|9|CQ
2|28|195|55|1|105|4H|W|9|S7
2|28|196|40|132|232|4H|E|9|HJ
2|29|227|17|101|61|2S|S|5|H6
2|29|259|15|138|54|4H|W|10|S4
2|29|165|108|188|244|4H|W|9|CJ
2|29|146|43|72|278|2H|W|9|CQ
2|29|136|208|240|205|4H|W|11|S4
2|29|88|207|80|271|2S|S|7|HJ
2|29|182|33|98|137|4H|W|11|DA
2|29|47|163|257|48|2H|W|9|CQ
2|29|195|55|1|105|4H|E|9|S5
2|29|196|40|132|232|3H|W|10|S5
2|3|15|259|54|138|5DX|S|8|HK
2|3|17|218|61|22|2D|S|8|HK
2|3|165|108|188|244|5D|S|8|HA
2|3|146|268|72|224|3D|S|8|HA
2|3|136|88|240|80|5D|N|8|CQ
2|3|68|211|41|106|5DX|S|8|HA
2|3|182|47|98|257|4C|E|10|SK
2|3|137|49|170|155|4C|E|11|DA
2|3|40|196|232|236|3N|N|8|CK
2|3|55|195|105|1|5H|W|10|DJ
2|30|227|17|101|61|4H|S|10|C6
2|30|259|15|138|54|4H|S|12|D6
2|30|165|108|188|244|4H|S|10|C2
2|30|146|43|72|278|5DX|E|9|D6
2|30|136|208|240|205|4H|S|10|S3
2|30|88|207|80|271|4H|S|10|C2
2|30|182|33|98|137|4H|S|10|C2
2|30|47|163|257|48|2H|S|10|C2
2|30|195|55|1|105|2H|S|10|C2
2|30|196|40|132|232|3H|S|10|C2
2|31|227|17|101|61|4N|W|11|HT
2|31|259|15|138|54|6D|E|11|CK
2|31|165|108|188|244|3N|E|11|C2
2|31|146|43|72|278|5D|E|11|CK
2|31|136|208|240|205|3N|W|11|C5
2|31|88|207|80|271|3N|W|11|HT
2|31|182|33|98|137|3N|W|10|H2
2|31|47|163|257|48|6D|W|11|CK
2|31|195|55|1|105|3N|W|11|S5
2|31|196|40|132|232|3N|W|11|HT
2|32|227|17|101|61|4H|N|10|D6
2|32|259|15|138|54|4H|S|10|S7
2|32|165|108|188|244|4H|S|10|DJ
2|32|146|43|72|278|3N|S|9|S2
2|32|136|208|240|205|4H|S|10|S7
2|32|88|207|80|271|4H|N|10|CJ
2|32|182|33|98|137|4H|S|10|S2
2|32|47|163|257|48|4H|N|10|D4
2|32|195|55|1|105|4H|S|10|S7
2|32|196|40|132|232|4H|N|10|D4
2|4|15|259|54|138|3N|W|10|H4
2|4|17|218|61|22|3N|W|10|CK
2|4|165|108|188|244|4D|E|11|CQ
2|4|146|268|72|224|5SX|S|7|DA
2|4|136|88|240|80|4D|E|11|CQ
2|4|68|211|41|106|3SX|S|8|CT
2|4|182|47|98|257|3S|S|7|SA
2|4|137|49|170|155|3N|W|9|CA
2|4|40|196|232|236|3N|W|9|CA
2|4|55|195|105|1|3N|W|9|CA
2|5|15|259|54|138|4H|N|10|ST
2|5|17|218|61|22|4H|S|10|SK
2|5|165|108|188|244|4H|N|11|S9
2|5|146|268|72|224|4H|S|11|SK
2|5|136|88|240|80|4H|S|9|C3
2|5|68|211|41|106|4H|S|11|C3
2|5|182|47|98|257|4H|S|11|SK
2|5|137|49|170|155|4H|S|10|SK
2|5|40|196|232|236|4H|S|10|C5
2|5|55|195|105|1|4H|S|10|C3
2|6|15|259|54|138|1N|S|9|HJ
2|6|17|218|61|22|1N|S|7|D3
2|6|165|108|188|244|3C|S|8|HJ
2|6|146|268|72|224|2N|N|9|ST
2|6|136|88|240|80|1N|S|9|H5
2|6|68|211|41|106|1N|S|7|HJ
2|6|182|47|98|257|1N|S|8|D3
2|6|137|49|170|155|1N|S|8|HJ
2|6|40|196|232|236|1N|S|8|HJ
2|6|55|195|105|1|2N|S|8|HT
2|7|15|259|54|138|5D|E|11|S4
2|7|17|218|61|22|3N|W|9|SK
2|7|165|108|188|244|3N|W|10|S7
2|7|146|268|72|224|2SX|N|5|CA
2|7|136|88|240|80|3N|W|11|SA
2|7|68|211|41|106|2SX|N|5|CA
2|7|182|47|98|257|3N|E|10|S2
2|7|137|49|170|155|3N|W|9|SA
2|7|40|196|232|236|6D|E|12|S3
2|7|55|195|105|1|3N|W|10|CJ
2|8|15|259|54|138|3N|S|9|D3
2|8|17|218|61|22|1N|S|9|D3
2|8|165|108|188|244|3D|E|6|SK
2|8|146|268|72|224|3N|N|8|CK
2|8|136|88|240|80|3C|N|10|DT
2|8|68|211|41|106|3N|S|8|H3
2|8|182|47|98|257|1N|N|9|CK
2|8|137|49|170|155|3C|N|10|CK
2|8|40|196|232|236|3N|N|9|D2
2|8|55|195|105|1|3N|S|8|ST
2|9|15|259|54|138|5H|E|12|D3
2|9|17|218|61|22|6H|E|12|D4
2|9|165|108|188|244|6S|E|11|C9
2|9|136|88|240|80|5S|E|12|S2
2|9|68|211|41|106|4H|W|13|D6
2|9|182|47|98|257|5S|E|11|H2
2|9|137|49|170|155|5H|E|12|D4
2|9|40|196|232|236|3N|W|12|C4
2|9|55|195|105|1|6H|W|12|DA
3|1|17|268|61|224|1N|N|10|DJ
3|1|43|259|278|138|2H|N|10|S2
3|1|146|136|72|240|3H|N|11|C4
3|1|211|108|106|244|2H|N|10|C3
3|1|208|49|205|155|4H|N|10|S2
3|1|163|88|48|80|4H|S|10|D6
3|1|137|236|170|132|4H|N|10|C3
3|1|196|33|105|257|4H|S|10|D3
3|1|227|195|101|1|4H|S|11|D7
3|1|40|15|232|54|4H|S|11|D9
3|10|17|268|61|224|4N|N|12|C5
3|10|43|259|278|138|3N|N|11|C4
3|10|146|136|72|240|3N|N|12|C5
3|10|211|108|106|244|4N|N|12|C4
3|10|208|49|205|155|3N|N|12|D9
3|10|163|88|48|80|4N|N|12|D8
3|10|137|236|170|132|6N|N|12|D8
3|10|196|33|105|257|6N|N|12|D9
3|10|227|195|101|1|6N|N|12|D8
3|10|40|15|232|54|3N|N|12|D9
3|11|17|268|61|224|5D|E|10|CK
3|11|43|259|278|138|5D|E|9|CK
3|11|146|136|72|240|3D|E|10|CK
3|11|211|108|106|244|3D|E|9|CK
3|11|208|49|205|155|5CX|S|8|D3
3|11|163|88|48|80|4D|E|10|CK
3|11|137|236|170|132|2D|E|9|CK
3|11|196|33|105|257|2D|E|10|CK
3|11|227|195|101|1|4D|E|9|CK
3|11|40|15|232|54|2D|E|10|CK
3|12|17|268|61|224|6S|E|11|D6
3|12|43|259|278|138|6S|E|11|D6
3|12|146|136|72|240|6S|E|11|S2
3|12|211|108|106|244|3N|W|9|C3
3|12|208|49|205|155|6S|E|11|D6
3|12|163|88|48|80|4S|W|10|D6
3|12|137|236|170|132|6S|E|11|D6
3|12|196|33|105|257|4S|E|11|D6
3|12|227|195|101|1|6S|E|11|D6
3|12|40|15|232|54|6S|E|11|D6
3|13|17|268|61|224|4H|N|11|CJ
3|13|43|259|278|138|4H|N|10|D6
3|13|146|136|72|240|4H|N|11|CJ
3|13|211|108|106|244|4H|N|11|C5
3|13|208|49|205|155|3N|N|10|S3
3|13|163|88|48|80|4H|N|11|CT
3|13|137|236|170|132|4H|N|10|CJ
3|13|196|33|105|257|4H|N|11|S2
3|13|227|195|101|1|4H|N|11|C5
3|13|40|15|232|54|1N|N|9|S4
3|14|17|268|61|224|4H|N|12|C8
3|14|43|259|278|138|5H|S|12|S6
3|14|146|136|72|240|6H|N|12|C8
3|14|211|108|106|244|4H|S|12|S2
3|14|208|49|205|155|4H|S|12|S2
3|14|163|88|48|80|4H|S|12|S2
3|14|137|236|170|132|6HX|N|12|SA
3|14|196|33|105|257|5H|S|11|S6
3|14|227|195|101|1|6H|S|12|CA
3|14|40|15|232|54|5H|N|12|C2
3|15|17|268|61|224|4H|S|11|CJ
3|15|43|259|278|138|2H|N|9|HK
3|15|146|136|72|240|3H|S|9|SJ
3|15|211|108|106|244|2H|N|9|HK
3|15|208|49|205|155|2H|S|9|H2
3|15|163|88|48|80|3D|W|8|H2
3|15|137|236|170|132|3D|W|7|ST
3|15|196|33|105|257|4D|W|9|H8
3|15|227|195|101|1|4H|N|10|HJ
3|15|40|15|232|54|2H|S|9|CJ
3|16|17|268|61|224|2N|E|8|S4
3|16|43|259|278|138|1N|W|8|C3
3|16|146|136|72|240|2N|E|8|S2
3|16|211|108|106|244|3N|W|8|C6
3|16|208|49|205|155|2H|N|8|H2
3|16|163|88|48|80|2D|E|9|HK
3|16|137|236|170|132|1N|W|9|HT
3|16|196|33|105|257|1N|W|8|C4
3|16|227|195|101|1|1N|W|8|C6
3|16|40|15|232|54|1N|W|9|H9
3|17|17|268|61|224|3N|E|11|D2
3|17|165|259|188|138|5H|E|11|S8
3|17|146|207|72|271|4H|E|11|DA
3|17|211|108|106|244|4H|E|11|HJ
3|17|88|182|80|98|4H|E|12|S8
3|17|163|208|48|205|4H|W|10|D4
3|17|33|236|170|132|4H|E|11|DA
3|17|196|47|55|257|4H|E|12|S8
3|17|218|195|22|1|5H|E|11|S8
3|17|40|15|232|54|5H|E|11|S8
3|18|17|268|61|224|3N|E|9|SJ
3|18|165|259|188|138|3N|E|10|SJ
3|18|146|207|72|271|3N|E|10|H4
3|18|211|108|106|244|4H|E|11|H8
3|18|88|182|80|98|3N|E|10|H5
3|18|163|208|48|205|4H|E|11|SJ
3|18|33|236|170|132|3N|W|10|SK
3|18|196|47|55|257|3N|E|12|D2
3|18|218|195|22|1|3N|E|10|SJ
3|18|40|15|232|54|3N|E|10|SJ
3|19|17|268|61|224|1N|N|8|H3
3|19|165|259|188|138|1N|S|7|H5
3|19|146|207|72|271|1N|S|9|ST
3|19|211|108|106|244|1N|N|6|H5
3|19|88|182|80|98|1N|S|7|HJ
3|19|163|208|48|205|1N|S|8|HJ
3|19|33|236|170|132|1N|S|7|HJ
3|19|196|47|55|257|1N|S|7|HJ
3|19|218|195|22|1|1N|S|7|HJ
3|19|40|15|232|54|2S|W|7|D2
3|2|17|268|61|224|1N|E|6|C2
3|2|43|259|278|138|4S|N|10|DA
3|2|146|136|72|240|3N|S|10|D2
3|2|211|108|106|244|4H|S|12|ST
3|2|208|49|205|155|5H|S|11|D2
3|2|163|88|48|80|5C|N|11|DK
3|2|137|236|170|132|4S|N|8|DA
3|2|196|33|105|257|3N|N|9|DA
3|2|227|195|101|1|4H|S|11|H5
3|2|40|15|232|54|4S|N|10|DA
3|20|17|268|61|224|2S|N|7|D6
3|20|165|259|188|138|1N|S|6|H4
3|20|146|207|72|271|2H|W|8|CJ
3|20|211|108|106|244|1D|S|7|DQ
3|20|88|182|80|98|1N|S|7|DQ
3|20|163|208|48|205|2S|N|7|D6
3|20|33|236|170|132|1N|S|6|DQ
3|20|196|47|55|257|2H|E|8|H5
3|20|218|195|22|1|1N|S|5|DJ
3|20|40|15|232|54|2S|N|7|D6
3|21|17|268|61|224|3S|E|7|C2
3|21|165|259|188|138|3D|S|8|ST
3|21|146|207|72|271|4S|E|8|HK
3|21|211|108|106|244|3D|S|8|ST
3|21|88|182|80|98|3D|N|8|SK
3|21|163|208|48|205|2S|E|8|C2
3|21|33|236|170|132|2S|E|8|HK
3|21|196|47|55|257|2S|E|7|HK
3|21|218|195|22|1|3N|N|7|SQ
3|21|40|15|232|54|2S|E|7|C5
3|22|17|268|61|224|3N|S|11|HT
3|22|165|259|188|138|3N|S|11|HT
3|22|146|207|72|271|6N|S|11|H9
3|22|211|108|106|244|3N|S|11|H9
3|22|88|182|80|98|5N|S|11|HT
3|22|163|208|48|205|3N|S|11|HT
3|22|33|236|170|132|6N|S|11|H9
3|22|196|47|55|257|3N|S|11|H9
3|22|218|195|22|1|3N|S|11|H9
3|22|40|15|232|54|3N|S|11|D8
3|23|17|268|61|224|3N|N|12|D5
3|23|165|259|188|138|3N|S|12|D6
3|23|146|207|72|271|3N|N|12|D6
3|23|211|108|106|244|3N|N|12|H2
3|23|88|182|80|98|3N|N|13|H2
3|23|163|208|48|205|3N|N|12|H2
3|23|33|236|170|132|3N|N|13|H2
3|23|196|47|55|257|3N|N|12|D5
3|23|218|195|22|1|3N|N|12|C8
3|23|40|15|232|54|3N|N|13|H3
3|24|17|268|61|224|2S|S|7|D6
3|24|165|259|188|138|2DX|S|7|C4
3|24|146|207|72|271|3D|N|8|S7
3|24|211|108|106|244|2D|N|6|S7
3|24|88|182|80|98|2H|S|7|H3
3|24|163|208|48|205|2D|N|7|S9
3|24|33|236|170|132|2D|N|6|C3
3|24|196|47|55|257|2D|N|6|H7
3|24|218|195|22|1|2D|N|6|H8
3|24|40|15|232|54|2D|N|7|C8
3|25|17|268|61|224|4H|N|11|D5
3|25|165|259|188|138|3H|S|9|CA
3|25|146|207|72|271|3D|S|9|HQ
3|25|211|108|106|244|3H|N|10|HA
3|25|88|182|80|98|4H|N|10|SQ
3|25|163|208|48|205|4H|N|11|D9
3|25|33|236|170|132|3H|N|9|C5
3|25|196|47|55|257|4H|N|11|CA
3|25|218|195|22|1|4H|N|11|CA
3|25|40|15|232|54|3C|E|10|CQ
3|26|17|268|61|224|2S|S|8|CJ
3|26|165|259|188|138|3H|W|7|S7
3|26|146|207|72|271|2S|S|9|CT
3|26|211|108|106|244|3S|S|9|CJ
3|26|88|182|80|98|3H|W|8|S8
3|26|163|208|48|205|2H|E|8|DQ
3|26|33|236|170|132|3H|W|6|S7
3|26|196|47|55|257|2H|E|9|DQ
3|26|218|195|22|1|2S|S|8|D3
3|26|40|15|232|54|3H|W|8|S8
3|27|17|268|61|224|1N|S|6|H4
3|27|165|259|188|138|3S|N|8|CK
3|27|146|207|72|271|3N|W|5|S5
3|27|211|108|106|244|1N|S|9|H4
3|27|88|182|80|98|3C|W|8|S5
3|27|163|208|48|205|4C|E|8|D9
3|27|33|236|170|132|3S|N|9|CK
3|27|196|47|55|257|3CX|E|8|C6
3|27|218|195|22|1|3C|E|8|SA
3|27|40|15|232|54|2S|S|7|D2
3|28|17|268|61|224|3N|N|9|C4
3|28|165|259|188|138|2S|N|11|CT
3|28|146|207|72|271|2S|S|11|C9
3|28|211|108|106|244|4S|N|10|C2
3|28|88|182|80|98|3N|N|10|C2
3|28|163|208|48|205|3N|N|9|D3
3|28|33|236|170|132|4S|S|9|CT
3|28|196|47|55|257|4S|S|11|CT
3|28|218|195|22|1|3N|N|11|C2
3|28|40|15|232|54|3N|N|10|D3
3|29|17|268|61|224|4H|E|8|CA
3|29|165|259|188|138|3N|E|6|C4
3|29|146|207|72|271|4H|E|9|S4
3|29|211|108|106|244|4H|E|8|CA
3|29|88|182|80|98|4H|E|8|CA
3|29|163|208|48|205|4H|E|7|CA
3|29|33|236|170|132|4H|W|7|S7
3|29|196|47|55|257|4H|E|9|CA
3|29|218|195|22|1|5CX|N|11|HT
3|29|40|15|232|54|3D|E|8|H6
3|3|17|268|61|224|4S|W|8|HK
3|3|43|259|278|138|4S|W|8|HK
3|3|146|136|72|240|3S|W|8|HA
3|3|211|108|106|244|4S|W|10|HA
3|3|208|49|205|155|4S|W|8|HA
3|3|163|88|48|80|2S|W|9|HK
3|3|137|236|170|132|2S|W|9|HA
3|3|196|33|105|257|3H|S|8|SA
3|3|227|195|101|1|2S|W|9|HA
3|3|40|15|232|54|3H|S|7|SA
3|30|17|268|61|224|3N|W|8|H5
3|30|165|259|188|138|3N|E|9|C2
3|30|146|207|72|271|3N|W|10|DJ
3|30|211|108|106|244|3N|W|9|DJ
3|30|88|182|80|98|3N|W|8|H2
3|30|163|208|48|205|3N|E|10|C7
3|30|33|236|170|132|3N|W|8|DJ
3|30|196|47|55|257|2S|E|9|CQ
3|30|218|195|22|1|3N|W|10|DJ
3|30|40|15|232|54|3N|W|9|DT
3|31|17|268|61|224|4S|E|11|D5
3|31|165|259|188|138|4S|E|11|D5
3|31|146|207|72|271|4S|E|11|D9
3|31|211|108|106|244|4S|E|9|HK
3|31|88|182|80|98|4S|E|11|D8
3|31|163|208|48|205|3N|W|8|DQ
3|31|33|236|170|132|4S|E|11|D5
3|31|196|47|55|257|5S|E|10|HK
3|31|218|195|22|1|3S|E|11|D8
3|31|40|15|232|54|4S|E|10|HQ
3|32|17|268|61|224|5C|E|9|SK
3|32|165|259|188|138|3SX|N|8|H5
3|32|146|207|72|271|3S|N|8|H4
3|32|211|108|106|244|3S|S|8|H5
3|32|88|182|80|98|3S|S|8|H5
3|32|163|208|48|205|3S|S|8|H4
3|32|33|236|170|132|4SX|S|8|H5
3|32|196|47|55|257|3S|S|8|H6
3|32|218|195|22|1|4SX|S|8|H5
3|32|40|15|232|54|2S|S|8|H5
3|4|17|268|61|224|2H|S|9|SJ
3|4|43|259|278|138|2H|N|9|C3
3|4|146|136|72|240|3C|S|9|SJ
3|4|211|108|106|244|2H|N|9|D4
3|4|208|49|205|155|4H|N|9|C3
3|4|163|88|48|80|2H|N|9|D4
3|4|137|236|170|132|2H|N|9|C2
3|4|196|33|105|257|2H|S|9|SJ
3|4|227|195|101|1|3H|N|9|C5
3|4|40|15|232|54|2H|S|9|CQ
3|5|17|268|61|224|4H|W|10|DK
3|5|43|259|278|138|3S|E|9|C4
3|5|146|136|72|240|3S|E|8|C9
3|5|211|108|106|244|3S|E|9|HA
3|5|208|49|205|155|3S|E|8|C9
3|5|163|88|48|80|3S|E|9|D7
3|5|137|236|170|132|4H|W|10|DK
3|5|196|33|105|257|3S|E|8|C8
3|5|227|195|101|1|4S|E|8|C9
3|5|40|15|232|54|4S|E|8|C8
3|6|17|268|61|224|3N|W|10|S6
3|6|43|259|278|138|3N|W|10|S6
3|6|146|136|72|240|3D|E|10|H3
3|6|211|108|106|244|3N|W|9|HA
3|6|208|49|205|155|3N|W|10|S2
3|6|163|88|48|80|3N|W|9|HK
3|6|137|236|170|132|3N|W|10|S9
3|6|196|33|105|257|3N|W|9|HA
3|6|227|195|101|1|3N|W|12|S5
3|6|40|15|232|54|3N|W|9|S8
3|7|17|268|61|224|3N|W|8|H4
3|7|43|259|278|138|3N|E|8|HJ
3|7|146|136|72|240|3N|E|9|HJ
3|7|211|108|106|244|3N|E|10|CQ
3|7|208|49|205|155|3N|E|8|HJ
3|7|163|88|48|80|3N|E|9|HJ
3|7|137|236|170|132|3N|W|9|DK
3|7|196|33|105|257|3N|E|9|HJ
3|7|227|195|101|1|3N|E|10|H6
3|7|40|15|232|54|3N|E|8|HT
3|8|17|268|61|224|2H|W|11|SK
3|8|43|259|278|138|3N|E|12|DT
3|8|146|136|72|240|5C|W|12|SK
3|8|211|108|106|244|3C|W|12|SK
3|8|208|49|205|155|2H|W|11|SQ
3|8|163|88|48|80|2N|E|11|D9
3|8|137|236|170|132|3C|W|11|D4
3|8|196|33|105|257|3N|E|12|DT
3|8|227|195|101|1|4C|W|12|SK
3|8|40|15|232|54|2H|W|11|SQ
3|9|17|268|61|224|1N|N|5|C5
3|9|43|259|278|138|3D|S|8|H2
3|9|146|136|72|240|1N|S|4|H2
3|9|211|108|106|244|1N|N|7|S2
3|9|208|49|205|155|3N|N|8|S3
3|9|163|88|48|80|3N|N|6|C5
3|9|137|236|170|132|2N|N|8|S9
3|9|196|33|105|257|2D|N|8|S6
3|9|227|195|101|1|1N|N|7|S9
3|9|40|15|232|54|3D|S|8|H5
4|1|211|290|106|267|4S|W|10
4|1|7|207|138|112|2S|W|10
4|1|182|146|98|72|4S|W|9
4|1|108|49|244|155|4H|E|10
4|1|196|88|236|80|4H|E|10
4|1|68|55|41|105|4H|E|10
4|1|40|47|192|257|4H|E|10
4|1|137|195|170|1|4S|W|10
4|1|218|268|22|224|4S|W|10
4|1|165|15|188|54|4S|W|10
4|10|211|290|106|267|6C|W|13
4|10|7|207|138|112|6N|E|12
4|10|182|146|98|72|6C|W|13
4|10|108|49|244|155|6C|W|13
4|10|196|88|236|80|6N|E|12
4|10|68|55|41|105|6C|E|13
4|10|40|47|192|257|6N|W|12
4|10|137|195|170|1|6N|E|13
4|10|218|268|22|224|6C|E|13
4|10|165|15|188|54|7C|E|13
4|11|211|290|106|267|2S|N|8
4|11|7|207|138|112|2N|S|9
4|11|182|146|98|72|2N|S|7
4|11|108|49|244|155|1N|S|8
4|11|196|88|236|80|2S|N|7
4|11|68|55|41|105|2N|S|8
4|11|40|47|192|257|3N|S|8
4|11|137|195|170|1|1C|S|6
4|11|218|268|22|224|2N|S|7
4|11|165|15|188|54|2S|N|7
4|12|211|290|106|267|6C|W|12
4|12|7|207|138|112|6C|W|12
4|12|182|146|98|72|3N|E|13
4|12|108|49|244|155|6C|W|12
4|12|196|88|236|80|4N|W|12
4|12|68|55|41|105|6C|W|12
4|12|40|47|192|257|5C|W|13
4|12|137|195|170|1|5C|W|13
4|12|218|268|22|224|5C|W|12
4|12|165|15|188|54|6C|W|12
4|13|211|290|106|267|4H|S|9
4|13|7|207|138|112|4H|S|10
4|13|182|146|98|72|2S|W|8
4|13|108|49|244|155|2H|S|10
4|13|196|88|236|80|2S|W|8
4|13|68|55|41|105|2H|S|10
4|13|40|47|192|257|2H|S|10
4|13|137|195|170|1|3H|N|10
4|13|218|268|22|224|3S|W|7
4|13|165|15|188|54|3H|S|10
4|14|211|290|106|267|2N|W|7
4|14|7|207|138|112|2D|W|7
4|14|182|146|98|72|3N|E|7
4|14|108|49|244|155|3N|E|8
4|14|196|88|236|80|3N|E|8
4|14|68|55|41|105|2N|E|8
4|14|40|47|192|257|2N|W|7
4|14|137|195|170|1|3N|E|7
4|14|218|268|22|224|3H|E|7
4|14|165|15|188|54|3N|E|8
4|15|211|290|106|267|3N|S|7
4|15|7|207|138|112|3S|S|9
4|15|182|146|98|72|2S|S|9
4|15|108|49|244|155|3S|S|9
4|15|196|88|236|80|2S|S|9
4|15|68|55|41|105|4S|S|9
4|15|40|47|192|257|3C|N|9
4|15|137|195|170|1|2S|S|9
4|15|218|268|22|224|2S|S|9
4|15|165|15|188|54|4S|S|8
4|16|211|290|106|267|3N|E|11
4|16|7|207|138|112|3N|E|10
4|16|182|146|98|72|3N|W|10
4|16|108|49|244|155|3N|E|11
4|16|196|88|236|80|3N|E|11
4|16|68|55|41|105|3N|E|11
4|16|40|47|192|257|3N|E|11
4|16|137|195|170|1|1N|E|8
4|16|218|268|22|224|3N|E|11
4|16|165|15|188|54|3N|E|11
4|17|211|17|106|61|4S|W|10
4|17|7|136|138|240|3N|E|10
4|17|163|146|48|72|4S|W|11
4|17|108|49|244|155|4S|E|12
4|17|196|88|236|80|3N|W|12
4|17|68|55|41|105|4S|W|11
4|17|25|47|232|33|4S|E|11
4|17|137|195|170|1|4S|E|10
4|17|218|268|22|224|4S|W|10
4|17|165|15|188|54|4S|E|11
4|18|211|17|106|61|4H|E|8
4|18|7|136|138|240|2S|S|7
4|18|163|146|48|72|2H|E|9
4|18|108|49|244|155|4H|W|10
4|18|196|88|236|80|3H|E|9
4|18|68|55|41|105|2D|N|7
4|18|25|47|232|33|3N|W|11
4|18|137|195|170|1|3H|E|9
4|18|218|268|22|224|4H|E|10
4|18|165|15|188|54|4H|W|9
4|19|211|17|106|61|3N|N|7
4|19|7|136|138|240|2S|S|10
4|19|163|146|48|72|2H|E|7
4|19|108|49|244|155|3C|S|8
4|19|196|88|236|80|2S|S|10
4|19|68|55|41|105|2H|E|6
4|19|25|47|232|33|3N|N|7
4|19|137|195|170|1|3D|N|10
4|19|218|268|22|224|3N|N|9
4|19|165|15|188|54|3H|E|6
4|2|211|290|106|267|5H|S|9
4|2|7|207|138|112|5C|N|12
4|2|182|146|98|72|4H|S|11
4|2|108|49|244|155|2H|S|11
4|2|196|88|236|80|5D|W|10
4|2|68|55|41|105|4H|S|12
4|2|40|47|192|257|4H|S|10
4|2|137|195|170|1|2H|S|11
4|2|218|268|22|224|5D|W|11
4|2|165|15|188|54|5C|S|12
4|20|211|17|106|61|4S|N|10
4|20|7|136|138|240|4S|S|10
4|20|163|146|48|72|4S|S|10
4|20|108|49|244|155|4S|S|10
4|20|196|88|236|80|4S|S|10
4|20|68|55|41|105|4S|S|10
4|20|25|47|232|33|4S|S|10
4|20|137|195|170|1|4S|S|10
4|20|218|268|22|224|4S|S|10
4|20|165|15|188|54|4S|S|10
4|21|211|17|106|61|3H|N|7
4|21|7|136|138|240|2H|N|8
4|21|163|146|48|72|3D|W|9
4|21|108|49|244|155|2H|N|8
4|21|196|88|236|80|2H|N|8
4|21|68|55|41|105|2H|N|9
4|21|25|47|232|33|2H|N|8
4|21|137|195|170|1|2H|N|8
4|21|218|268|22|224|2H|N|8
4|21|165|15|188|54|2H|N|8
4|22|211|17|106|61|2H|S|8
4|22|7|136|138|240|2H|S|9
4|22|163|146|48|72|2H|S|9
4|22|108|49|244|155|4H|S|10
4|22|196|88|236|80|2S|S|10
4|22|68|55|41|105|2S|S|9
4|22|25|47|232|33|2N|N|6
4|22|137|195|170|1|2H|S|10
4|22|218|268|22|224|2H|S|10
4|22|165|15|188|54|2H|S|8
4|23|211|17|106|61|3N|N|11
4|23|7|136|138|240|3N|S|10
4|23|163|146|48|72|3N|S|10
4|23|108|49|244|155|3N|S|10
4|23|196|88|236|80|3N|S|9
4|23|68|55|41|105|3N|S|11
4|23|25|47|232|33|3N|S|11
4|23|137|195|170|1|3N|S|11
4|23|218|268|22|224|3N|S|11
4|23|165|15|188|54|2H|E|8
4|24|211|17|106|61|6H|W|11
4|24|7|136|138|240|6H|W|11
4|24|163|146|48|72|4H|W|11
4|24|108|49|244|155|4H|W|11
4|24|196|88|236|80|4H|W|11
4|24|68|55|41|105|4H|W|11
4|24|25|47|232|33|6H|W|11
4|24|137|195|170|1|4H|W|11
4|24|218|268|22|224|4H|W|11
4|24|165|15|188|54|6H|W|11
4|25|211|17|106|61|4S|N|11
4|25|7|136|138|240|4S|N|10
4|25|163|146|48|72|4S|N|11
4|25|108|49|244|155|4S|N|10
4|25|196|88|236|80|4S|N|10
4|25|68|55|41|105|4S|N|10
4|25|25|47|232|33|4S|N|9
4|25|137|195|170|1|3H|S|8
4|25|218|268|22|224|4S|N|10
4|25|165|15|188|54|4S|N|10
4|26|211|17|106|61|6C|E|13
4|26|7|136|138|240|6C|E|12
4|26|163|146|48|72|3N|W|13
4|26|108|49|244|155|5C|W|12
4|26|196|88|236|80|6N|W|13
4|26|68|55|41|105|3N|W|12
4|26|25|47|232|33|6N|W|12
4|26|137|195|170|1|6C|W|12
4|26|218|268|22|224|6C|E|12
4|26|165|15|188|54|6N|W|12
4|27|211|17|106|61|4H|W|11
4|27|7|136|138|240|4H|W|12
4|27|163|146|48|72|4H|W|12
4|27|108|49|244|155|4H|W|11
4|27|196|88|236|80|4H|W|12
4|27|68|55|41|105|6H|W|11
4|27|25|47|232|33|4H|W|11
4|27|137|195|170|1|4H|W|12
4|27|218|268|22|224|4H|W|11
4|27|165|15|188|54|4H|W|11
4|28|211|17|106|61|4S|W|9
4|28|7|136|138|240|5H|N|9
4|28|163|146|48|72|4S|W|8
4|28|108|49|244|155|4S|W|11
4|28|196|88|236|80|4S|W|8
4|28|68|55|41|105|4S|W|9
4|28|25|47|232|33|4S|W|11
4|28|137|195|170|1|4S|W|8
4|28|218|268|22|224|4S|W|10
4|28|165|15|188|54|5S|W|11
4|29|211|17|106|61|4S|N|10
4|29|7|136|138|240|5D|W|11
4|29|163|146|48|72|5H|W|11
4|29|108|49|244|155|3H|W|9
4|29|196|88|236|80|4S|N|10
4|29|68|55|41|105|4S|S|11|HA
4|29|25|47|232|33|4S|N|10
4|29|137|195|170|1|4S|N|11
4|29|218|268|22|224|4S|N|10
4|29|165|15|188|54|4S|N|10
4|3|211|290|106|267|3S|N|9
4|3|7|207|138|112|2S|N|11
4|3|182|146|98|72|3S|N|9
4|3|108|49|244|155|3S|N|9
4|3|196|88|236|80|4S|N|9
4|3|68|55|41|105|3S|N|9
4|3|40|47|192|257|4S|N|9
4|3|137|195|170|1|3S|N|9
4|3|218|268|22|224|3S|N|9
4|3|165|15|188|54|4S|N|9
4|30|211|17|106|61|4H|E|10
4|30|7|136|138|240|4S|S|10
4|30|163|146|48|72|3N|S|9
4|30|108|49|244|155|4H|E|10
4|30|196|88|236|80|4H|E|10
4|30|68|55|41|105|4H|E|10
4|30|25|47|232|33|3D|S|11
4|30|137|195|170|1|3H|E|7
4|30|218|268|22|224|4H|E|10
4|30|165|15|188|54|4H|E|10
4|31|7|136|138|240|3H|W|10
4|31|163|146|48|72|4H|W|9
4|31|108|49|244|155|4H|W|10
4|31|196|88|236|80|4H|W|10
4|31|68|55|41|105|4H|W|9
4|31|25|47|232|33|4H|W|10
4|31|137|195|170|1|4H|W|9
4|31|218|268|22|224|4H|W|9
4|31|165|15|188|54|3H|W|10
4|32|211|17|106|61|1N|N|8
4|32|7|136|138|240|1N|N|6
4|32|163|146|48|72|1N|N|6
4|32|108|49|244|155|1N|W|6
4|32|196|88|236|80|1S|N|8
4|32|68|55|41|105|1S|S|7
4|32|25|47|232|33|1S|S|7
4|32|137|195|170|1|1N|N|6
4|32|218|268|22|224|1N|N|6
4|32|165|15|188|54|2C|N|7
4|4|211|290|106|267|1N|N|8
4|4|7|207|138|112|1S|E|8
4|4|182|146|98|72|2S|E|8
4|4|108|49|244|155|1N|S|7
4|4|196|88|236|80|1S|E|7
4|4|68|55|41|105|1N|S|7
4|4|40|47|192|257|1N|N|6
4|4|137|195|170|1|1S|E|7
4|4|218|268|22|224|1S|E|8
4|4|165|15|188|54|1N|N|6
4|5|211|290|106|267|6S|S|10
4|5|7|207|138|112|4S|S|9
4|5|182|146|98|72|3S|S|9
4|5|108|49|244|155|4S|S|8
4|5|196|88|236|80|4S|S|10
4|5|68|55|41|105|3N|N|7
4|5|40|47|192|257|4S|N|10
4|5|137|195|170|1|2S|S|9
4|5|218|268|22|224|3S|S|9
4|5|165|15|188|54|2C|E|6
4|6|211|290|106|267|4S|E|10
4|6|7|207|138|112|4S|E|11
4|6|182|146|98|72|4S|E|11
4|6|108|49|244|155|5C|S|8
4|6|196|88|236|80|3N|N|8
4|6|68|55|41|105|3N|N|4
4|6|40|47|192|257|3S|E|11
4|6|137|195|170|1|3S|W|11
4|6|218|268|22|224|4S|E|11
4|6|165|15|188|54|3C|S|9
4|7|211|290|106|267|2D|S|8
4|7|7|207|138|112|2D|S|8
4|7|182|146|98|72|3N|S|7
4|7|108|49|244|155|3D|S|8
4|7|196|88|236|80|2S|W|8
4|7|68|55|41|105|2D|S|8
4|7|40|47|192|257|4C|W|8
4|7|137|195|170|1|2S|W|7
4|7|218|268|22|224|2H|N|7
4|7|165|15|188|54|2S|W|6
4|8|211|290|106|267|3N|W|9
4|8|7|207|138|112|4S|W|10
4|8|182|146|98|72|4S|W|10
4|8|108|49|244|155|3N|W|8
4|8|196|88|236|80|4S|W|10
4|8|68|55|41|105|2S|W|10
4|8|40|47|192|257|4S|W|10
4|8|137|195|170|1|3S|W|10
4|8|218|268|22|224|2S|W|10
4|8|165|15|188|54|3D|N|9
4|9|211|290|106|267|6S|S|12
4|9|7|207|138|112|6S|S|12
4|9|182|146|98|72|6S|S|12
4|9|108|49|244|155|6S|N|12
4|9|196|88|236|80|6S|N|12
4|9|68|55|41|105|6S|S|12
4|9|40|47|192|257|6N|S|12
4|9|137|195|170|1|6N|S|12
4|9|218|268|22|224|6S|S|12
4|9|165|15|188|54|6N|S|13
5|1|17|49|61|155|4S|N|10|H4
5|1|182|290|98|267|4S|N|10|S6
5|1|108|236|244|105|4S|N|10|H3
5|1|196|146|55|72|4S|N|10|H2
5|1|208|47|205|257|4S|N|10|H7
5|1|137|88|170|80|4S|N|11|C3
5|1|207|15|112|54|4S|N|10|H2
5|1|218|136|22|240|4S|N|11|D8
5|1|43|195|278|1|4S|N|10|H2
5|1|40|268|192|224|4S|N|10|S3
5|10|17|49|61|155|3C|N|9|SK
5|10|182|290|98|267|3S|E|10|DK
5|10|108|236|244|105|4H|E|10|DA
5|10|196|146|55|72|4S|E|10|DA
5|10|208|47|205|257|3H|E|10|C8
5|10|137|88|170|80|3H|E|9|DA
5|10|207|15|112|54|4S|E|10|DA
5|10|218|136|22|240|3H|E|9|C8
5|10|43|195|278|1|4H|E|10|DK
5|10|40|268|192|224|4H|E|10|DK
5|11|17|49|61|155|3N|W|6|HQ
5|11|182|290|98|267|2C|N|5|D2
5|11|108|236|244|105|2C|S|6|S3
5|11|196|146|55|72|2S|E|8|C6
5|11|208|47|205|257|2S|W|7|HK
5|11|137|88|170|80|2H|E|7|DK
5|11|207|15|112|54|2S|E|7|S9
5|11|218|136|22|240|2DX|N|9|D8
5|11|43|195|278|1|1NX|N|6|D7
5|11|40|268|192|224|3S|W|9|HQ
5|12|17|49|61|155|4S|N|10|H3
5|12|182|290|98|267|4S|S|11|H2
5|12|108|236|244|105|4S|S|10|D4
5|12|196|146|55|72|3N|N|10|CJ
5|12|208|47|205|257|4S|N|11|H7
5|12|137|88|170|80|4S|S|10|D4
5|12|207|15|112|54|4S|S|10|D4
5|12|218|136|22|240|4S|N|10|DJ
5|12|43|195|278|1|4S|N|10|H3
5|12|40|268|192|224|4S|N|10|H7
5|13|17|49|61|155|3N|S|10|DQ
5|13|182|290|98|267|3N|N|10|S2
5|13|108|236|244|105|3N|N|11|S3
5|13|196|146|55|72|3N|N|10|S3
5|13|208|47|205|257|3N|N|10|S3
5|13|137|88|170|80|3N|N|11|S3
5|13|207|15|112|54|3N|N|11|S3
5|13|218|136|22|240|3N|N|10|S2
5|13|43|195|278|1|3N|N|11|S3
5|13|40|268|192|224|3N|N|8|S2
5|14|17|49|61|155|6C|N|12|SJ
5|14|182|290|98|267|6C|N|11|S2
5|14|108|236|244|105|3N|S|10|H9
5|14|196|146|55|72|4N|S|9|HT
5|14|208|47|205|257|3N|S|11|H4
5|14|137|88|170|80|3N|S|10|H9
5|14|207|15|112|54|3N|S|11|HT
5|14|218|136|22|240|4N|S|12|HT
5|14|43|195|278|1|6N|N|11|ST
5|14|40|268|192|224|4N|S|11|HT
5|15|17|49|61|155|4S|S|10|CA
5|15|182|290|98|267|1NX|W|7|DA
5|15|108|236|244|105|4S|S|10|CA
5|15|196|146|55|72|4S|S|8|CK
5|15|208|47|205|257|1DX|W|3|C8
5|15|137|88|170|80|1DX|W|5|C8
5|15|207|15|112|54|4S|N|9|C6
5|15|218|136|22|240|1N|E|7|DQ
5|15|43|195|278|1|4S|S|10|CK
5|15|40|268|192|224|2DX|E|5|CJ
5|16|17|49|61|155|5CX|W|10|SK
5|16|182|290|98|267|5DX|W|10|SK
5|16|108|236|244|105|5CX|W|9|SK
5|16|196|146|55|72|5CX|W|11|SK
5|16|208|47|205|257|2C|W|10|SK
5|16|137|88|170|80|5DX|W|8|HQ
5|16|207|15|112|54|3S|S|10|DA
5|16|218|136|22|240|5CX|E|10|SK
5|16|43|195|278|1|5CX|W|8|SQ
5|16|40|268|192|224|5SX|N|10|C6
5|17|17|163|61|48|6H|E|13|D9
5|17|182|7|98|138|3N|W|12|S2
5|17|108|236|244|105|6D|E|13|C5
5|17|196|146|55|72|6H|E|13|S2
5|17|68|33|41|137|3N|W|12|S6
5|17|47|208|257|205|6D|E|13|C3
5|17|211|15|106|54|3N|W|13|CK
5|17|218|207|22|112|4H|W|13|S6
5|17|43|25|278|232|6H|W|13|S3
5|17|40|165|192|188|3N|W|12|S6
5|18|17|163|61|48|3D|E|8|SA
5|18|182|7|98|138|2H|W|6|DK
5|18|108|236|244|105|2H|W|6|DA
5|18|196|146|55|72|2S|N|7|H2
5|18|68|33|41|137|2S|S|8|HA
5|18|47|208|257|205|2H|W|6|DA
5|18|211|15|106|54|3C|S|10|HA
5|18|218|207|22|112|2DX|W|8|CT
5|18|43|25|278|232|2S|N|7|H4
5|18|40|165|192|188|3C|S|8|HK
5|19|17|163|61|48|4S|S|9|SK
5|19|182|7|98|138|4S|S|8|HK
5|19|108|236|244|105|4S|S|9|HK
5|19|196|146|55|72|4S|S|9|HK
5|19|68|33|41|137|4S|S|10|HA
5|19|47|208|257|205|4S|S|10|HA
5|19|211|15|106|54|4S|S|10|HA
5|19|218|207|22|112|4S|S|10|HA
5|19|43|25|278|232|5DX|E|7|DA
5|19|40|165|192|188|4S|S|11|HK
5|2|17|49|61|155|2H|W|10|H2
5|2|182|290|98|267|4S|W|10|DQ
5|2|108|236|244|105|4S|W|10|DQ
5|2|196|146|55|72|4S|E|10|D5
5|2|208|47|205|257|4H|E|10|S8
5|2|137|88|170|80|4S|E|10|D4
5|2|207|15|112|54|4SX|W|10|DQ
5|2|218|136|22|240|4H|E|8|S8
5|2|43|195|278|1|2S|W|10|DJ
5|2|40|268|192|224|4S|W|10|DJ
5|20|17|163|61|48|5C|E|11|D2
5|20|182|7|98|138|4H|W|10|D7
5|20|108|236|244|105|3N|E|9|D6
5|20|196|146|55|72|2H|W|10|CT
5|20|68|33|41|137|3N|E|8|D6
5|20|47|208|257|205|4H|W|9|CT
5|20|211|15|106|54|2H|W|10|CT
5|20|218|207|22|112|3N|E|11|D2
5|20|43|25|278|232|4H|W|10|D3
5|20|40|165|192|188|5C|E|12|CA
5|21|17|163|61|48|4H|E|12|D4
5|21|182|7|98|138|4H|E|12|D6
5|21|108|236|244|105|4H|E|11|C3
5|21|196|146|55|72|4H|E|11|C3
5|21|68|33|41|137|4H|E|11|C3
5|21|47|208|257|205|6H|E|12|C2
5|21|211|15|106|54|4H|E|11|C2
5|21|218|207|22|112|6H|E|12|D6
5|21|43|25|278|232|4H|E|11|C2
5|21|40|165|192|188|6H|E|12|D6
5|22|17|163|61|48|6C|E|11|SJ
5|22|182|7|98|138|6C|E|11|D6
5|22|108|236|244|105|5C|E|11|SJ
5|22|196|146|55|72|6C|E|11|SJ
5|22|68|33|41|137|6C|E|11|SJ
5|22|47|208|257|205|6C|E|12|SJ
5|22|211|15|106|54|4N|W|11|D2
5|22|218|207|22|112|6C|E|12|H7
5|22|43|25|278|232|6C|E|11|ST
5|22|40|165|192|188|6C|E|12|ST
5|23|17|163|61|48|3H|N|10|D9
5|23|182|7|98|138|4H|N|10|D2
5|23|108|236|244|105|4H|N|10|C9
5|23|196|146|55|72|3H|N|10|C9
5|23|68|33|41|137|3H|N|10|D2
5|23|47|208|257|205|3H|N|10|H4
5|23|211|15|106|54|3H|N|10|D4
5|23|218|207|22|112|2D|E|6|H7
5|23|43|25|278|232|3H|N|10|D2
5|23|40|165|192|188|2S|E|8|H7
5|24|17|163|61|48|5S|S|10|HA
5|24|182|7|98|138|5DX|W|10|CA
5|24|108|236|244|105|5DX|W|10|CA
5|24|196|146|55|72|5SX|S|10|HA
5|24|68|33|41|137|4S|S|10|HA
5|24|47|208|257|205|5DX|W|10|SK
5|24|211|15|106|54|5DX|W|10|D5
5|24|218|207|22|112|5DX|E|10|S5
5|24|43|25|278|232|4S|S|10|DK
5|24|40|165|192|188|4S|S|10|HA
5|25|17|163|61|48|4S|W|10|HQ
5|25|182|7|98|138|4S|E|10|D5
5|25|108|236|244|105|4S|E|10|D5
5|25|196|146|55|72|4S|E|10|D5
5|25|68|33|41|137|4S|E|10|D5
5|25|47|208|257|205|4S|E|10|D7
5|25|211|15|106|54|4S|E|10|CA
5|25|218|207|22|112|4S|E|11|D5
5|25|43|25|278|232|5CX|S|7|SA
5|25|40|165|192|188|4S|E|10|HQ
5|26|17|163|61|48|3N|N|9|CT
5|26|182|7|98|138|3N|N|9|C2
5|26|108|236|244|105|3N|N|9|C9
5|26|196|146|55|72|3N|N|8|CT
5|26|68|33|41|137|3N|N|9|CT
5|26|47|208|257|205|3N|S|9|C4
5|26|211|15|106|54|3N|S|8|C4
5|26|218|207|22|112|1N|N|8|CT
5|26|43|25|278|232|3N|S|10|H8
5|26|40|165|192|188|2N|N|8|CT
5|27|17|163|61|48|4S|S|12|D2
5|27|182|7|98|138|5S|S|12|HA
5|27|108|236|244|105|6S|N|12|D7
5|27|196|146|55|72|6S|S|12|HA
5|27|68|33|41|137|4S|S|12|S2
5|27|47|208|257|205|4S|N|12|H5
5|27|211|15|106|54|6S|S|12|S2
5|27|218|207|22|112|6S|S|12|S2
5|27|43|25|278|232|6S|S|12|S3
5|27|40|165|192|188|4S|N|11|C5
5|28|17|163|61|48|3N|W|9|H3
5|28|182|7|98|138|3N|E|11|H2
5|28|108|236|244|105|3N|E|9|HK
5|28|196|146|55|72|3N|E|9|HQ
5|28|68|33|41|137|3N|W|9|H6
5|28|47|208|257|205|3N|E|9|HK
5|28|211|15|106|54|3N|W|10|S2
5|28|218|207|22|112|3N|E|9|H2
5|28|43|25|278|232|2N|E|9|HK
5|28|40|165|192|188|3N|W|11|H6
5|29|17|163|61|48|2H|W|9|H6
5|29|182|7|98|138|2H|E|11|H6
5|29|108|236|244|105|2H|E|9|C3
5|29|196|146|55|72|2C|W|9|C4
5|29|68|33|41|137|1S|E|8|DT
5|29|47|208|257|205|1SX|N|4|HK
5|29|211|15|106|54|2H|W|9|H6
5|29|218|207|22|112|1S|E|9|C5
5|29|43|25|278|232|2H|W|9|CT
5|29|40|165|192|188|2H|W|9|H8
5|3|17|49|61|155|6S|S|13|HQ
5|3|182|290|98|267|6S|S|13|HQ
5|3|108|236|244|105|6S|S|13|D6
5|3|196|146|55|72|6S|S|13|D6
5|3|208|47|205|257|6S|S|13|HQ
5|3|137|88|170|80|6S|S|13|D6
5|3|207|15|112|54|4S|N|13|H6
5|3|218|136|22|240|7S|S|13|C8
5|3|43|195|278|1|7S|S|13|S2
5|3|40|268|192|224|6S|N|13|C3
5|30|17|163|61|48|3S|W|10|D4
5|30|182|7|98|138|3H|S|8|H3
5|30|108|236|244|105|2H|S|8|CQ
5|30|196|146|55|72|2S|W|10|H6
5|30|68|33|41|137|3H|N|8|SA
5|30|47|208|257|205|3S|E|10|HA
5|30|211|15|106|54|3H|S|8|S2
5|30|218|207|22|112|3H|S|8|S3
5|30|43|25|278|232|3H|S|8|S2
5|30|40|165|192|188|4H|S|8|DQ
5|31|17|163|61|48|3N|E|9|H2
5|31|182|7|98|138|3N|E|12|H2
5|31|108|236|244|105|3N|E|10|H3
5|31|196|146|55|72|3N|W|9|S4
5|31|68|33|41|137|3N|W|9|S4
5|31|47|208|257|205|3N|E|9|H3
5|31|211|15|106|54|3N|W|10|S4
5|31|218|207|22|112|3N|E|10|H7
5|31|43|25|278|232|3S|N|6|H5
5|31|40|165|192|188|3N|W|9|S4
5|32|17|163|61|48|2S|S|6|CJ
5|32|182|7|98|138|2S|S|8|CJ
5|32|108|236|244|105|2S|S|7|CJ
5|32|196|146|55|72|3D|W|6|ST
5|32|68|33|41|137|2S|S|7|CJ
5|32|47|208|257|205|2S|S|7|CJ
5|32|211|15|106|54|3C|N|5|HA
5|32|218|207|22|112|2D|S|4|CJ
5|32|43|25|278|232|2S|S|8|CJ
5|32|40|165|192|188|3SX|S|7|CJ
5|4|17|49|61|155|6S|E|13|HJ
5|4|182|290|98|267|6S|E|13|HJ
5|4|108|236|244|105|4S|W|13|SJ
5|4|196|146|55|72|6S|W|13|DQ
5|4|208|47|205|257|6S|E|13|DT
5|4|137|88|170|80|6S|E|13|HJ
5|4|207|15|112|54|7S|W|13|SJ
5|4|218|136|22|240|6S|E|13|HJ
5|4|43|195|278|1|6S|E|13|HT
5|4|40|268|192|224|6S|W|13|ST
5|5|17|49|61|155|4S|S|11|D7
5|5|182|290|98|267|4S|S|10|H2
5|5|108|236|244|105|6SX|S|10|D6
5|5|196|146|55|72|4S|S|10|C3
5|5|208|47|205|257|3N|N|11|D5
5|5|137|88|170|80|2S|S|11|D3
5|5|207|15|112|54|4S|S|10|D6
5|5|218|136|22|240|3N|N|11|CA
5|5|43|195|278|1|2N|N|10|D8
5|5|40|268|192|224|4SX|S|10|H5
5|6|17|49|61|155|4H|E|11|DQ
5|6|182|290|98|267|4C|N|11|S2
5|6|108|236|244|105|5H|W|11|DQ
5|6|196|146|55|72|6CX|N|11|HA
5|6|208|47|205|257|5C|N|10|HA
5|6|137|88|170|80|4S|N|11|H2
5|6|207|15|112|54|4H|E|11|DQ
5|6|218|136|22|240|4S|N|11|HA
5|6|43|195|278|1|4H|E|11|DJ
5|6|40|268|192|224|5SX|N|10|H2
5|7|17|49|61|155|3N|W|9|S6
5|7|182|290|98|267|3N|W|10|H9
5|7|108|236|244|105|3N|E|11|D3
5|7|196|146|55|72|3N|W|11|D4
5|7|208|47|205|257|3N|W|11|C9
5|7|137|88|170|80|3N|E|9|D3
5|7|207|15|112|54|3N|W|11|S6
5|7|218|136|22|240|3N|W|9|S7
5|7|43|195|278|1|3N|E|9|D6
5|7|40|268|192|224|3N|W|9|S2
5|8|17|49|61|155|4S|N|12|H3
5|8|182|290|98|267|4N|S|12|H7
5|8|108|236|244|105|6S|N|12|C6
5|8|196|146|55|72|3N|S|12|H5
5|8|208|47|205|257|3N|N|10|D4
5|8|137|88|170|80|3N|N|11|D3
5|8|207|15|112|54|3N|S|12|H8
5|8|218|136|22|240|3N|S|11|H7
5|8|43|195|278|1|3N|S|12|H8
5|8|40|268|192|224|4S|N|11|C5
5|9|17|49|61|155|4S|E|10|H5
5|9|182|290|98|267|6DX|N|8|HA
5|9|108|236|244|105|6S|E|10|DA
5|9|196|146|55|72|4S|E|10|H7
5|9|208|47|205|257|5H|W|10|C2
5|9|137|88|170|80|4S|E|10|S3
5|9|207|15|112|54|4S|E|10|S9
5|9|218|136|22|240|5DX|N|8|HA
5|9|43|195|278|1|4S|E|11|CA
5|9|40|268|192|224|4S|E|11|S3
6|1|196|290|55|267|6S|N|12|C2
6|1|7|236|138|105|6S|N|13|H3
6|1|137|108|170|244|5S|N|12|C6
6|1|146|33|72|257|6S|N|12|C2
6|1|25|68|232|41|6S|N|12|C6
6|1|208|40|205|192|6S|N|12|C6
6|1|218|49|22|155|4S|N|12|C2
6|1|163|15|48|54|6S|N|12|C7
6|1|43|136|278|240|5S|N|12|C2
6|1|207|268|112|224|6S|N|12|C2
6|10|196|290|55|267|1N|N|8|C3
6|10|7|236|138|105|1N|E|5|H2
6|10|137|108|170|244|1N|E|5|H2
6|10|146|33|72|257|1N|E|5|H2
6|10|25|68|232|41|1N|E|6|H2
6|10|208|40|205|192|1H|S|7|D5
6|10|218|49|22|155|1NX|E|5|DJ
6|10|163|15|48|54|1N|E|6|H2
6|10|43|136|278|240|1N|E|5|DJ
6|10|207|268|112|224|1N|E|5|H8
6|11|196|290|55|267|4S|S|12|CA
6|11|7|236|138|105|4S|S|12|H5
6|11|137|108|170|244|4S|N|11|CA
6|11|146|33|72|257|4S|S|12|CA
6|11|25|68|232|41|4S|S|11|CK
6|11|208|40|205|192|4S|S|11|CK
6|11|218|49|22|155|4S|S|11|CK
6|11|163|15|48|54|4S|S|12|CA
6|11|43|136|278|240|4S|S|11|S7
6|11|207|268|112|224|4S|S|11|CA
6|12|196|290|55|267|1H|W|6|S5
6|12|7|236|138|105|1H|W|6|S5
6|12|137|108|170|244|3S|E|8|C5
6|12|146|33|72|257|3S|W|8|H2
6|12|25|68|232|41|3C|N|9|HQ
6|12|208|40|205|192|1H|W|8|S6
6|12|218|49|22|155|3N|S|9|SA
6|12|163|15|48|54|3C|N|9|HQ
6|12|43|136|278|240|2N|S|9|SQ
6|12|207|268|112|224|3S|E|8|C5
6|13|196|290|55|267|3H|S|7|SK
6|13|7|236|138|105|4S|W|10|HA
6|13|137|108|170|244|3S|W|8|HA
6|13|146|33|72|257|3S|W|11|HA
6|13|25|68|232|41|4SX|W|9|HA
6|13|208|40|205|192|4S|W|9|HA
6|13|218|49|22|155|3H|S|8|SK
6|13|163|15|48|54|3S|W|11|HK
6|13|43|136|278|240|4H|S|6|SK
6|13|207|268|112|224|4SX|W|9|HA
6|14|196|290|55|267|3D|S|9|DJ
6|14|7|236|138|105|1S|E|7|H6
6|14|137|108|170|244|2S|E|7|H6
6|14|146|33|72|257|2D|S|9|SQ
6|14|25|68|232|41|3D|S|9|SQ
6|14|208|40|205|192|3S|E|7|H6
6|14|218|49|22|155|2S|E|8|H6
6|14|163|15|48|54|3D|S|10|SQ
6|14|43|136|278|240|2D|S|9|SQ
6|14|207|268|112|224|2S|E|7|H6
6|15|196|290|55|267|4H|W|9|HA
6|15|7|236|138|105|4SX|S|6|DJ
6|15|137|108|170|244|4H|W|9|S6
6|15|146|33|72|257|2N|E|7|S5
6|15|25|68|232|41|3H|E|10|S6
6|15|208|40|205|192|2C|N|8|HJ
6|15|218|49|22|155|4H|W|8|CA
6|15|163|15|48|54|2S|S|6|HT
6|15|43|136|278|240|3H|W|8|S6
6|15|207|268|112|224|3H|W|8|S6
6|16|196|290|55|267|2S|N|9|CA
6|16|7|236|138|105|2SX|S|8|HQ
6|16|137|108|170|244|2H|W|6|S5
6|16|146|33|72|257|2S|S|8|HQ
6|16|25|68|232|41|2D|E|7|C4
6|16|208|40|205|192|2S|N|8|CK
6|16|218|49|22|155|2D|W|6|S2
6|16|163|15|48|54|P||0
6|16|43|136|278|240|2H|W|8|C4
6|16|207|268|112|224|3D|N|6|CA
6|17|196|290|55|267|1N|N|8|S4
6|17|17|236|61|105|1N|N|8|C5
6|17|47|108|257|244|1N|S|8|S2
6|17|146|33|72|170|1N|N|8|C5
6|17|40|208|192|205|1N|N|8|C5
6|17|68|25|41|232|3D|N|9|S5
6|17|218|163|22|48|1N|N|8|C5
6|17|182|15|98|54|2S|E|7|S2
6|17|43|136|278|240|3S|E|8|S5
6|17|211|165|106|188|1N|N|8|S4
6|18|196|290|55|267|4S|N|10|CA
6|18|17|236|61|105|4S|N|11|CA
6|18|47|108|257|244|4S|N|10|CA
6|18|146|33|72|170|4S|N|11|CA
6|18|40|208|192|205|4S|N|11|CA
6|18|68|25|41|232|4S|N|11|CA
6|18|218|163|22|48|4S|N|10|CK
6|18|182|15|98|54|4S|N|10|CA
6|18|43|136|278|240|4S|N|10|CA
6|18|211|165|106|188|4S|N|10|CK
6|19|196|290|55|267|4H|W|10|H5
6|19|17|236|61|105|3N|W|9|S3
6|19|47|108|257|244|4H|W|8|C9
6|19|146|33|72|170|4H|E|10|SJ
6|19|40|208|192|205|4H|E|10|ST
6|19|68|25|41|232|2N|W|6|D3
6|19|218|163|22|48|4H|W|10|C6
6|19|182|15|98|54|3N|W|10|S2
6|19|43|136|278|240|4H|W|8|C9
6|19|211|165|106|188|4H|W|10|H5
6|2|196|290|55|267|3N|N|9|CJ
6|2|7|236|138|105|3N|S|9|C3
6|2|137|108|170|244|4H|N|5|D5
6|2|146|33|72|257|3N|S|8|HQ
6|2|25|68|232|41|4H|N|9|S4
6|2|208|40|205|192|3N|N|10|CJ
6|2|218|49|22|155|4S|S|9|C8
6|2|163|15|48|54|3N|N|9|CJ
6|2|43|136|278|240|3N|N|10|CT
6|2|207|268|112|224|3N|N|10|CJ
6|20|196|290|55|267|2N|E|8|D2
6|20|17|236|61|105|3N|E|9|H4
6|20|47|108|257|244|2S|W|10|H7
6|20|146|33|72|170|3N|E|10|SJ
6|20|40|208|192|205|2S|W|11|H5
6|20|68|25|41|232|3N|E|10|H3
6|20|218|163|22|48|3N|E|9|H3
6|20|182|15|98|54|3N|E|9|SJ
6|20|43|136|278|240|3N|E|10|H4
6|20|211|165|106|188|3N|E|9|SJ
6|21|196|290|55|267|3H|E|9|D4
6|21|17|236|61|105|4H|E|9|SQ
6|21|47|108|257|244|4H|E|10|SQ
6|21|146|33|72|170|4H|E|10|SJ
6|21|40|208|192|205|4H|E|10|SQ
6|21|68|25|41|232|4H|E|10|SQ
6|21|218|163|22|48|4H|E|10|SQ
6|21|182|15|98|54|4H|E|9|SQ
6|21|43|136|278|240|4H|W|10|C7
6|21|211|165|106|188|4H|E|10|SQ
6|22|196|290|55|267|2S|N|7|HJ
6|22|17|236|61|105|1N|S|7|H6
6|22|47|108|257|244|2C|E|8|S6
6|22|146|33|72|170|2S|S|7|H3
6|22|40|208|192|205|1N|S|8|H6
6|22|68|25|41|232|1N|N|7|ST
6|22|218|163|22|48|2S|N|7|HJ
6|22|182|15|98|54|1N|S|7|H2
6|22|43|136|278|240|1N|S|7|H3
6|22|211|165|106|188|2S|S|7|C2
6|23|196|290|55|267|4S|W|9|CA
6|23|17|236|61|105|4SX|W|9|H6
6|23|47|108|257|244|4S|W|8|H6
6|23|146|33|72|170|2C|S|10|C3
6|23|40|208|192|205|2S|W|9|CA
6|23|68|25|41|232|3S|W|9|CA
6|23|218|163|22|48|2C|S|10|C2
6|23|182|15|98|54|4S|W|9|H7
6|23|43|136|278|240|1D|S|7|H2
6|23|211|165|106|188|4SX|W|9|H6
6|24|196|290|55|267|3S|W|5|H7
6|24|17|236|61|105|3N|N|8|S5
6|24|47|108|257|244|3N|S|8|DJ
6|24|146|33|72|170|4H|S|10|DJ
6|24|40|208|192|205|3N|S|9|DJ
6|24|68|25|41|232|4H|S|10|DJ
6|24|218|163|22|48|4H|S|8|DJ
6|24|182|15|98|54|4H|N|9|D2
6|24|43|136|278|240|4H|N|9|S2
6|24|211|165|106|188|3N|S|6|DJ
6|25|196|290|55|267|2N|E|7|S6
6|25|17|236|61|105|2N|E|6|S5
6|25|47|108|257|244|3S|S|8|HT
6|25|146|33|72|170|2N|E|6|S6
6|25|40|208|192|205|2N|E|7|SK
6|25|68|25|41|232|2N|E|8|S6
6|25|218|163|22|48|4D|E|10|SA
6|25|182|15|98|54|2N|E|7|S2
6|25|43|136|278|240|2N|E|7|SA
6|25|211|165|106|188|3C|E|10|SA
6|26|196|290|55|267|4H|N|10|SK
6|26|17|236|61|105|3S|W|8|D2
6|26|47|108|257|244|3D|S|12|C4
6|26|146|33|72|170|4H|N|11|SK
6|26|40|208|192|205|3H|N|10|CT
6|26|68|25|41|232|4H|N|10|C9
6|26|218|163|22|48|4H|N|10|CT
6|26|182|15|98|54|4H|S|10|D2
6|26|43|136|278|240|4H|N|10|SK
6|26|211|165|106|188|4H|N|11|C9
6|27|196|290|55|267|1N|N|6|D2
6|27|17|236|61|105|2C|N|7|D4
6|27|47|108|257|244|1N|N|6|D4
6|27|146|33|72|170|1H|N|6|DK
6|27|40|208|192|205|1N|E|8|C4
6|27|68|25|41|232|1N|N|5|DK
6|27|218|163|22|48|1N|N|6|D4
6|27|182|15|98|54|1N|N|6|D2
6|27|43|136|278|240|2C|N|7|DK
6|27|211|165|106|188|2H|S|7|DA
6|28|196|290|55|267|4H|W|11|D4
6|28|17|236|61|105|3N|W|11|HT
6|28|47|108|257|244|4H|W|11|D4
6|28|146|33|72|170|3N|W|10|D4
6|28|40|208|192|205|3N|W|10|D4
6|28|68|25|41|232|3N|W|10|D2
6|28|218|163|22|48|3N|W|10|D2
6|28|182|15|98|54|3N|W|11|S6
6|28|43|136|278|240|3N|W|11|D2
6|28|211|165|106|188|3N|E|11|S4
6|29|196|290|55|267|4S|S|12|C8
6|29|17|236|61|105|4S|N|12|H4
6|29|47|108|257|244|6S|N|12|S5
6|29|146|33|72|170|6N|S|10|H7
6|29|40|208|192|205|4S|N|12|D4
6|29|68|25|41|232|4S|S|12|C8
6|29|218|163|22|48|6S|S|12|C8
6|29|182|15|98|54|4S|N|12|D2
6|29|43|136|278|240|4S|N|11|D7
6|29|211|165|106|188|4S|N|12|D7
6|3|196|290|55|267|4H|W|11|S6
6|3|7|236|138|105|4H|E|11|S3
6|3|137|108|170|244|4H|W|11|S5
6|3|146|33|72|257|3C|W|9|S6
6|3|25|68|232|41|4H|E|12|SQ
6|3|208|40|205|192|4H|E|11|SQ
6|3|218|49|22|155|4H|W|9|S3
6|3|163|15|48|54|4H|W|10|S6
6|3|43|136|278|240|4H|E|11|SJ
6|3|207|268|112|224|4H|W|10|D7
6|30|196|290|55|267|3S|S|7|CJ
6|30|17|236|61|105|3D|W|10|C3
6|30|47|108|257|244|4H|W|8|SJ
6|30|146|33|72|170|2D|E|10|S4
6|30|40|208|192|205|3D|E|10|H6
6|30|68|25|41|232|2H|W|8|SJ
6|30|218|163|22|48|3D|E|10|D6
6|30|182|15|98|54|2H|W|8|SJ
6|30|43|136|278|240|4D|E|10|C3
6|30|211|165|106|188|5D|E|10|C3
6|31|196|290|55|267|4H|E|13|SJ
6|31|17|236|61|105|4H|E|13|D6
6|31|47|108|257|244|4H|E|13|SJ
6|31|146|33|72|170|4H|E|13|SJ
6|31|40|208|192|205|4H|E|13|ST
6|31|68|25|41|232|4H|E|13|S3
6|31|218|163|22|48|4H|E|13|SJ
6|31|182|15|98|54|4H|E|13|H2
6|31|43|136|278|240|4H|E|13|ST
6|31|211|165|106|188|6H|E|13|D6
6|32|196|290|55|267|2H|E|9|S3
6|32|17|236|61|105|2CX|N|5|DK
6|32|47|108|257|244|4H|E|11|C2
6|32|146|33|72|170|2CX|N|5|DK
6|32|40|208|192|205|3N|E|10|C3
6|32|68|25|41|232|3N|E|10|C3
6|32|218|163|22|48|2H|E|11|H3
6|32|182|15|98|54|2CX|N|5|DK
6|32|43|136|278|240|3N|E|10|C2
6|32|211|165|106|188|3N|W|12|C4
6|4|196|290|55|267|1N|N|5|D2
6|4|7|236|138|105|1S|S|6|D4
6|4|137|108|170|244|1N|N|8|D7
6|4|146|33|72|257|1N|E|8|S8
6|4|25|68|232|41|1S|S|4|D4
6|4|208|40|205|192|1S|S|5|D2
6|4|218|49|22|155|1N|N|7|D2
6|4|163|15|48|54|1N|N|6|HQ
6|4|43|136|278|240|1N|N|6|D2
6|4|207|268|112|224|3N|E|9|S3
6|5|196|290|55|267|4S|S|11|HK
6|5|7|236|138|105|4S|S|11|H6
6|5|137|108|170|244|4S|S|11|DK
6|5|146|33|72|257|4S|N|11|CT
6|5|25|68|232|41|4S|S|11|ST
6|5|208|40|205|192|4S|S|11|S5
6|5|218|49|22|155|4S|S|11|DK
6|5|163|15|48|54|4S|S|11|DK
6|5|43|136|278|240|4S|S|11|DK
6|5|207|268|112|224|6S|S|11|DK
6|6|196|290|55|267|3N|E|6|H5
6|6|7|236|138|105|3N|E|7|H5
6|6|137|108|170|244|2S|W|10|H4
6|6|146|33|72|257|2S|W|10|H8
6|6|25|68|232|41|2N|E|10|C4
6|6|208|40|205|192|3N|E|6|SJ
6|6|218|49|22|155|3N|E|7|H4
6|6|163|15|48|54|3N|W|6|CA
6|6|43|136|278|240|2H|S|5|D8
6|6|207|268|112|224|3N|E|6|H2
6|7|196|290|55|267|4S|W|11|DA
6|7|7|236|138|105|2S|W|11|DA
6|7|137|108|170|244|2S|W|11|DA
6|7|146|33|72|257|4S|W|11|DK
6|7|25|68|232|41|3S|W|12|CQ
6|7|208|40|205|192|4S|W|11|DQ
6|7|218|49|22|155|3S|W|11|DK
6|7|163|15|48|54|4S|W|11|DK
6|7|43|136|278|240|4H|S|8|D8
6|7|207|268|112|224|3D|N|6|CA
6|8|196|290|55|267|3N|S|10|D2
6|8|7|236|138|105|3N|N|10|S3
6|8|137|108|170|244|4H|N|10|D8
6|8|146|33|72|257|3N|S|10|D5
6|8|25|68|232|41|3N|S|11|D4
6|8|208|40|205|192|3N|N|11|H8
6|8|218|49|22|155|3N|S|10|D2
6|8|163|15|48|54|4H|N|10|D8
6|8|43|136|278|240|3N|S|10|D2
6|8|207|268|112|224|3H|N|9|S4
6|9|196|290|55|267|1N|E|8|CK
6|9|7|236|138|105|2S|W|7|DK
6|9|137|108|170|244|1N|E|10|H4
6|9|146|33|72|257|2H|S|6|D6
6|9|25|68|232|41|1N|N|5|HK
6|9|208|40|205|192|1N|E|8|CK
6|9|218|49|22|155|1N|E|8|CK
6|9|163|15|48|54|1D|E|10|CK
6|9|43|136|278|240|2HX|S|6|C3
6|9|207|268|112|224|1N|E|10|H3
7|1|17|137|61|170|4H|E|10|SJ
7|1|47|290|33|267|3H|E|10|SJ
7|1|108|88|244|80|4H|E|9|DA
7|1|208|146|205|72|4H|W|10|CK
7|1|55|15|27|54|3H|E|10|C7
7|1|218|105|22|198|4H|E|9|H7
7|1|182|268|98|224|4H|E|11|SJ
7|1|43|163|278|48|4H|E|10|SJ
7|1|136|25|240|232|4S|E|7|C7
7|1|40|207|192|112|4H|E|9|H3
7|10|17|137|61|170|3N|S|8|D3
7|10|47|290|33|267|4S|N|10|DA
7|10|108|88|244|80|4S|S|10|C5
7|10|208|146|205|72|4S|S|9|D3
7|10|55|15|27|54|4S|N|10|DK
7|10|218|105|22|198|4S|N|10|DA
7|10|182|268|98|224|4S|N|9|DA
7|10|43|163|278|48|4S|N|10|DA
7|10|136|25|240|232|3N|S|8|D8
7|10|40|207|192|112|3N|S|8|D5
7|11|17|137|61|170|3D|N|9|SJ
7|11|47|290|33|267|2S|E|8|D7
7|11|108|88|244|80|3S|E|6|D4
7|11|208|146|205|72|2D|N|8|SJ
7|11|55|15|27|54|4S|E|7|D7
7|11|218|105|22|198|2D|N|10|C2
7|11|43|163|278|48|2S|E|7|D7
7|11|136|25|240|232|2D|N|9|SJ
7|11|40|207|192|112|3D|N|10|SJ
7|12|17|137|61|170|2D|W|8|ST
7|12|47|290|33|267|1N|E|6|CQ
7|12|108|88|244|80|4S|S|9|CK
7|12|208|146|205|72|2S|S|9|CK
7|12|55|15|27|54|1N|E|6|CQ
7|12|218|105|22|198|1N|E|5|CQ
7|12|182|268|98|224|1N|E|6|CQ
7|12|43|163|278|48|4S|S|9|CK
7|12|136|25|240|232|1N|W|6|ST
7|12|40|207|192|112|1N|W|6|S6
7|13|17|137|61|170|4H|N|10|C7
7|13|47|290|33|267|4H|S|8|C7
7|13|108|88|244|80|3H|S|8|C4
7|13|208|146|205|72|2S|S|7|C7
7|13|55|15|27|54|4H|S|9|C4
7|13|218|105|22|198|3H|S|8|C4
7|13|182|268|98|224|4H|S|8|C2
7|13|43|163|278|48|4H|S|8|C4
7|13|136|25|240|232|4H|S|9|C7
7|13|40|207|192|112|4H|S|9|C7
7|14|17|137|61|170|3N|N|10|H5
7|14|47|290|33|267|3N|N|10|C5
7|14|108|88|244|80|5D|S|10|S4
7|14|208|146|205|72|3N|N|9|H5
7|14|55|15|27|54|3N|N|10|C9
7|14|218|105|22|198|5D|S|11|H4
7|14|182|268|98|224|4D|S|11|C6
7|14|43|163|278|48|3N|N|10|H5
7|14|136|25|240|232|5D|S|10|H3
7|14|40|207|192|112|5D|S|11|H8
7|15|17|137|61|170|3N|W|10|HT
7|15|47|290|33|267|3N|W|10|HT
7|15|108|88|244|80|3N|W|10|HT
7|15|208|146|205|72|3N|W|10|ST
7|15|55|15|27|54|6D|W|10|HT
7|15|218|105|22|198|3N|W|10|HT
7|15|182|268|98|224|4S|E|10|D2
7|15|43|163|278|48|3N|W|10|HT
7|15|136|25|240|232|3N|W|10|H9
7|15|40|207|192|112|3N|W|10|H6
7|16|17|137|61|170|2S|E|9|CK
7|16|47|290|33|267|3C|S|5|S8
7|16|108|88|244|80|2S|E|8|CK
7|16|208|146|205|72|2S|E|8|D7
7|16|55|15|27|54|2S|E|9|S2
7|16|218|105|22|198|2S|E|8|D7
7|16|182|268|98|224|3S|E|8|CK
7|16|43|163|278|48|4S|E|9|CQ
7|16|136|25|240|232|3S|E|9|CK
7|16|40|207|192|112|2D|N|6|H3
7|17|259|137|138|170|4H|E|9|DJ
7|17|47|17|33|61|4H|E|9|S2
7|17|108|88|244|80|4H|E|8|DJ
7|17|208|146|205|72|4H|E|9|DJ
7|17|55|227|27|101|4H|E|8|S2
7|17|218|105|22|198|2H|W|9|DJ
7|17|182|268|98|224|4H|E|9|DJ
7|17|43|163|278|48|4H|E|8|DK
7|17|136|25|240|232|4H|E|9|S3
7|17|40|207|192|112|3D|N|7|CK
7|18|259|137|138|170|1N|N|6|DT
7|18|47|17|33|61|1N|S|6|S2
7|18|108|88|244|80|2H|N|8|DT
7|18|208|146|205|72|2S|W|7|D5
7|18|55|227|27|101|1N|N|6|DT
7|18|218|105|22|198|1N|N|6|DT
7|18|182|268|98|224|3N|N|6|S2
7|18|43|163|278|48|1N|N|5|DT
7|18|136|25|240|232|2H|N|8|D9
7|18|40|207|192|112|1N|N|7|DT
7|19|259|137|138|170|3N|S|7|D6
7|19|47|17|33|61|2C|S|9|D2
7|19|108|88|244|80|2D|W|10|C7
7|19|208|146|205|72|3C|S|9|D6
7|19|55|227|27|101|3D|W|10|C5
7|19|218|105|22|198|3C|S|9|D6
7|19|182|268|98|224|3D|W|10|C7
7|19|43|163|278|48|3D|W|9|C7
7|19|136|25|240|232|3H|E|6|CA
7|19|40|207|192|112|3C|S|9|D5
7|2|17|137|61|170|3N|N|10|H5
7|2|47|290|33|267|5D|S|12|C5
7|2|108|88|244|80|5D|S|12|S5
7|2|208|146|205|72|3D|S|12|C3
7|2|55|15|27|54|5D|S|12|S5
7|2|218|105|22|198|3N|N|10|C6
7|2|182|268|98|224|3D|S|12|S2
7|2|43|163|278|48|3N|S|12|C3
7|2|136|25|240|232|5D|S|12|S2
7|2|40|207|192|112|5D|S|11|S2
7|20|259|137|138|170|4S|S|11|C6
7|20|47|17|33|61|2S|S|11|H2
7|20|108|88|244|80|4S|S|11|D5
7|20|208|146|205|72|3N|S|11|C9
7|20|55|227|27|101|4S|S|11|D3
7|20|218|105|22|198|4S|S|10|H7
7|20|182|268|98|224|4S|S|11|H6
7|20|43|163|278|48|4S|S|11|C9
7|20|136|25|240|232|4S|S|9|H4
7|20|40|207|192|112|4S|S|10|HT
7|21|259|137|138|170|3H|W|9|SA
7|21|47|17|33|61|2S|S|7|D5
7|21|108|88|244|80|2S|N|8|HK
7|21|208|146|205|72|1N|W|8|S3
7|21|55|227|27|101|3D|E|8|ST
7|21|218|105|22|198|2S|S|7|D4
7|21|182|268|98|224|3D|E|8|ST
7|21|43|163|278|48|3H|W|8|SK
7|21|136|25|240|232|2H|W|8|SA
7|21|40|207|192|112|2S|S|7|D7
7|22|259|137|138|170|1D|W|10|SA
7|22|47|17|33|61|4S|W|10|D7
7|22|108|88|244|80|2D|E|9|CA
7|22|208|146|205|72|4S|W|9|C2
7|22|55|227|27|101|1D|W|10|C4
7|22|218|105|22|198|4S|W|11|C5
7|22|182|268|98|224|1D|W|10|C2
7|22|43|163|278|48|4S|W|10|H5
7|22|136|25|240|232|4S|W|9|C6
7|22|40|207|192|112|5CX|S|6|DA
7|23|259|137|138|170|2S|S|6|H2
7|23|47|17|33|61|3N|W|7|C6
7|23|108|88|244|80|2N|W|7|C6
7|23|208|146|205|72|2N|W|7|C5
7|23|55|227|27|101|2N|W|8|C6
7|23|218|105|22|198|2D|W|10|C4
7|23|182|268|98|224|3N|W|7|C2
7|23|43|163|278|48|3S|S|7|H8
7|23|136|25|240|232|2D|W|10|C5
7|23|40|207|192|112|2C|N|6|S6
7|24|259|137|138|170|1N|N|7|H6
7|24|47|17|33|61|1N|S|7|H4
7|24|108|88|244|80|1N|S|8|C4
7|24|208|146|205|72|2D|N|8|H2
7|24|55|227|27|101|1N|S|8|C4
7|24|218|105|22|198|2D|S|8|HA
7|24|182|268|98|224|1N|S|7|S3
7|24|43|163|278|48|1N|S|6|ST
7|24|136|25|240|232|1N|S|8|ST
7|24|40|207|192|112|1N|S|7|ST
7|25|259|137|138|170|4H|E|11|SK
7|25|47|17|33|61|4H|W|10|SK
7|25|108|88|244|80|4HX|E|11|SK
7|25|208|146|205|72|4H|E|11|SK
7|25|55|227|27|101|4H|E|10|SK
7|25|218|105|22|198|4H|E|12|D8
7|25|182|268|98|224|4H|E|10|SK
7|25|43|163|278|48|3N|E|11|SQ
7|25|136|25|240|232|6H|E|10|SK
7|25|40|207|192|112|4HX|E|12|SQ
7|26|259|137|138|170|3N|E|9|SK
7|26|47|17|33|61|3N|W|9|S3
7|26|108|88|244|80|3N|E|10|SK
7|26|208|146|205|72|3N|W|7|S2
7|26|55|227|27|101|3N|E|10|SK
7|26|218|105|22|198|3N|W|9|S2
7|26|182|268|98|224|5C|E|11|SK
7|26|43|163|278|48|3N|E|9|SQ
7|26|136|25|240|232|3N|E|10|SK
7|26|40|207|192|112|3N|E|7|SQ
7|27|259|137|138|170|3N|W|11|D7
7|27|47|17|33|61|3N|W|11|C4
7|27|108|88|244|80|3N|W|10|H7
7|27|208|146|205|72|1N|S|4|H2
7|27|55|227|27|101|3N|W|11|S9
7|27|218|105|22|198|3N|E|11|D6
7|27|182|268|98|224|3D|W|9|H9
7|27|43|163|278|48|3N|E|11|HQ
7|27|136|25|240|232|3N|E|11|D2
7|27|40|207|192|112|2S|W|9|D7
7|28|259|137|138|170|3N|W|11|H5
7|28|47|17|33|61|3N|E|11|S7
7|28|108|88|244|80|3N|W|11|SJ
7|28|208|146|205|72|6D|W|12|SJ
7|28|55|227|27|101|3N|W|11|SJ
7|28|218|105|22|198|3N|E|11|S9
7|28|182|268|98|224|3N|W|11|S6
7|28|43|163|278|48|3N|E|12|HQ
7|28|136|25|240|232|6D|W|12|ST
7|28|40|207|192|112|6D|W|12|ST
7|29|259|137|138|170|2H|E|9|S4
7|29|47|17|33|61|4H|W|9|D3
7|29|108|88|244|80|3N|E|7|C5
7|29|208|146|205|72|4H|W|10|DJ
7|29|55|227|27|101|4H|E|10|C2
7|29|218|105|22|198|2H|W|9|DJ
7|29|182|268|98|224|4H|W|10|DJ
7|29|43|163|278|48|3N|E|8|C4
7|29|136|25|240|232|4H|E|9|C3
7|29|40|207|192|112|2H|E|9|C5
7|3|17|137|61|170|4H|W|10|D6
7|3|47|290|33|267|4H|W|11|D6
7|3|108|88|244|80|4H|W|10|S6
7|3|208|146|205|72|4H|W|10|CJ
7|3|55|15|27|54|4H|W|10|CJ
7|3|218|105|22|198|4H|W|10|CJ
7|3|182|268|98|224|3H|W|10|C2
7|3|43|163|278|48|4H|W|10|D5
7|3|136|25|240|232|4H|W|11|CT
7|3|40|207|192|112|4H|W|10|S5
7|30|259|137|138|170|4H|S|10|D2
7|30|47|17|33|61|3S|W|6|CA
7|30|108|88|244|80|4H|S|10|D2
7|30|208|146|205|72|5H|N|10|DK
7|30|55|227|27|101|4H|S|11|C3
7|30|218|105|22|198|4H|S|9|SA
7|30|182|268|98|224|3S|W|6|CK
7|30|43|163|278|48|3H|S|10|C2
7|30|136|25|240|232|3H|S|10|D6
7|30|40|207|192|112|3H|S|10|D2
7|31|259|137|138|170|2D|N|9|CQ
7|31|47|17|33|61|2D|S|9|CQ
7|31|108|88|244|80|2D|S|9|S7
7|31|208|146|205|72|3D|S|8|C2
7|31|55|227|27|101|3D|S|8|CQ
7|31|218|105|22|198|2D|S|9|CQ
7|31|182|268|98|224|3D|S|9|C6
7|31|43|163|278|48|2N|E|8|DT
7|31|136|25|240|232|3NX|E|8|DA
7|31|40|207|192|112|3D|S|8|CQ
7|32|259|137|138|170|4H|N|9|DK
7|32|47|17|33|61|3S|W|7|HK
7|32|108|88|244|80|4S|W|9|HK
7|32|208|146|205|72|5D|E|10|HA
7|32|55|227|27|101|4D|E|10|CT
7|32|218|105|22|198|4H|N|9|CA
7|32|182|268|98|224|4H|N|9|CA
7|32|43|163|278|48|4HX|N|9|DK
7|32|136|25|240|232|4S|W|8|HK
7|32|40|207|192|112|4H|N|9|CK
7|4|17|137|61|170|3N|W|9|C3
7|4|47|290|33|267|2S|E|7|DT
7|4|108|88|244|80|2S|W|8|H4
7|4|208|146|205|72|2D|E|9|DT
7|4|55|15|27|54|3N|W|7|C7
7|4|218|105|22|198|1N|W|8|C7
7|4|182|268|98|224|3N|W|9|C2
7|4|43|163|278|48|3N|W|8|H5
7|4|136|25|240|232|3N|W|8|CA
7|4|40|207|192|112|2S|E|7|H6
7|5|17|137|61|170|4S|S|8|H4
7|5|47|290|33|267|4S|S|8|DT
7|5|108|88|244|80|3S|S|7|D9
7|5|208|146|205|72|4S|S|7|H2
7|5|55|15|27|54|4S|S|8|H8
7|5|218|105|22|198|3S|S|7|H8
7|5|182|268|98|224|4S|S|8|DT
7|5|43|163|278|48|2S|S|8|DT
7|5|136|25|240|232|3S|N|9|CJ
7|5|40|207|192|112|3N|N|8|H3
7|6|17|137|61|170|5D|E|9|HK
7|6|47|290|33|267|3N|W|8|H9
7|6|108|88|244|80|5D|E|9|HK
7|6|208|146|205|72|3NX|E|9|S6
7|6|55|15|27|54|3N|W|11|S4
7|6|218|105|22|198|4N|W|10|H6
7|6|182|268|98|224|3HX|S|6|D2
7|6|43|163|278|48|5D|E|9|HQ
7|6|136|25|240|232|6DX|E|9|HQ
7|6|40|207|192|112|6D|E|8|HQ
7|7|17|137|61|170|3N|W|7|SJ
7|7|47|290|33|267|3N|W|6|SJ
7|7|108|88|244|80|3D|E|8|S8
7|7|208|146|205|72|3N|W|6|SJ
7|7|55|15|27|54|2N|W|6|S7
7|7|218|105|22|198|3N|W|5|S7
7|7|182|268|98|224|3N|W|7|SJ
7|7|43|163|278|48|2H|E|8|S4
7|7|136|25|240|232|3N|W|7|S3
7|7|40|207|192|112|3N|W|7|SJ
7|8|17|137|61|170|2N|E|7|D2
7|8|47|290|33|267|2N|W|11|DJ
7|8|108|88|244|80|2H|W|9|S2
7|8|208|146|205|72|3H|W|9|S2
7|8|55|15|27|54|2H|E|9|D2
7|8|218|105|22|198|2N|W|8|C2
7|8|182|268|98|224|2H|E|8|D2
7|8|43|163|278|48|3H|E|9|D2
7|8|136|25|240|232|2N|W|9|S5
7|8|40|207|192|112|4H|W|9|S2
7|9|17|137|61|170|2H|S|10|DK
7|9|47|290|33|267|3S|E|7|HA
7|9|108|88|244|80|4H|S|9|DK
7|9|208|146|205|72|4D|W|7|H7
7|9|55|15|27|54|2H|S|10|DA
7|9|218|105|22|198|3C|N|8|D7
7|9|182|268|98|224|3H|S|9|DA
7|9|43|163|278|48|2N|S|7|DK
7|9|136|25|240|232|3H|S|10|DA
7|9|40|207|192|112|3N|S|7|DA
8|1|68|259|41|138|7C|N|11|D9
8|1|290|208|267|205|5H|N|10|DT
8|1|40|146|192|72|6C|N|9|D5
8|1|108|25|244|232|6H|N|11|DT
8|1|227|47|101|33|6H|N|11|DT
8|1|137|15|170|54|7SX|S|9|SA
8|1|43|105|278|198|5H|N|10|DT
8|1|55|268|27|224|6H|N|11|S7
8|1|211|163|106|48|6H|N|11|DT
8|1|182|136|98|240|4H|S|11|SA
8|10|68|259|41|138|3N|N|10|S5
8|10|290|208|267|205|3N|N|9|S9
8|10|40|146|192|72|2H|S|8|DJ
8|10|108|25|244|232|3N|N|9|S5
8|10|227|47|101|33|3N|S|7|D2
8|10|137|15|170|54|3N|N|7|S5
8|10|43|105|278|198|3N|N|8|S4
8|10|55|268|27|224|3N|N|7|S8
8|10|211|163|106|48|2C|N|10|C5
8|10|182|136|98|240|3N|N|7|S8
8|11|68|259|41|138|3S|N|6|CA
8|11|290|208|267|205|4H|W|9|C4
8|11|40|146|192|72|4H|E|10|H3
8|11|108|25|244|232|3S|N|9|CA
8|11|227|47|101|33|3H|W|9|C4
8|11|137|15|170|54|4H|E|10|H4
8|11|43|105|278|198|4H|W|9|C4
8|11|55|268|27|224|4H|W|9|SQ
8|11|211|163|106|48|3H|W|8|C4
8|11|182|136|98|240|4H|W|10|C4
8|12|68|259|41|138|3N|N|9|S5
8|12|290|208|267|205|3H|S|9|SJ
8|12|40|146|192|72|4H|N|9|DK
8|12|108|25|244|232|3DX|E|7|S2
8|12|227|47|101|33|3H|S|10|CQ
8|12|137|15|170|54|3H|S|9|SJ
8|12|43|105|278|198|3H|S|10|SJ
8|12|55|268|27|224|2S|W|7|HA
8|12|211|163|106|48|4H|N|9|DK
8|12|182|136|98|240|4H|N|9|DA
8|13|68|259|41|138|3N|E|8|S3
8|13|290|208|267|205|3N|E|8|S4
8|13|40|146|192|72|3N|W|8|D4
8|13|108|25|244|232|3N|E|8|S3
8|13|227|47|101|33|3C|W|9|C2
8|13|137|15|170|54|3N|E|8|S3
8|13|43|105|278|198|3N|W|8|H8
8|13|55|268|27|224|3N|E|8|S3
8|13|211|163|106|48|1N|N|4|C4
8|13|182|136|98|240|3N|W|8|D4
8|14|68|259|41|138|4H|S|10|S6
8|14|290|208|267|205|4H|N|11|H5
8|14|40|146|192|72|4S|N|11|C2
8|14|108|25|244|232|4H|S|10|C5
8|14|227|47|101|33|4H|S|10|DJ
8|14|137|15|170|54|4H|N|11|C2
8|14|43|105|278|198|3N|S|7|DJ
8|14|55|268|27|224|4H|S|10|S6
8|14|211|163|106|48|4H|S|10|S7
8|14|182|136|98|240|4H|S|10|S6
8|15|68|259|41|138|3N|E|9|HA
8|15|290|208|267|205|3N|E|8|CQ
8|15|40|146|192|72|3N|E|8|HA
8|15|108|25|244|232|3N|E|7|CQ
8|15|227|47|101|33|3N|E|8|CQ
8|15|137|15|170|54|3D|W|10|C3
8|15|43|105|278|198|3N|E|8|CQ
8|15|55|268|27|224|3N|W|9|SJ
8|15|211|163|106|48|2H|S|9|SA
8|15|182|136|98|240|3N|E|8|HA
8|16|68|259|41|138|6S|S|12|DA
8|16|290|208|267|205|6S|S|12|DA
8|16|40|146|192|72|6S|S|13|H7
8|16|108|25|244|232|6C|N|13|H2
8|16|227|47|101|33|6S|S|12|DA
8|16|137|15|170|54|6S|S|12|DA
8|16|43|105|278|198|4S|S|13|CQ
8|16|55|268|27|224|6S|S|13|H8
8|16|211|163|106|48|6S|S|12|DA
8|16|182|136|98|240|5C|N|12|D2
8|17|68|259|41|138|5D|S|11|ST
8|17|17|88|61|80|3N|S|9|S4
8|17|40|146|192|72|4H|N|10|SK
8|17|108|25|244|232|3N|S|9|S4
8|17|227|47|101|33|3N|S|10|S4
8|17|137|218|170|22|2H|S|10|H2
8|17|268|105|224|198|5D|S|11|S9
8|17|55|43|27|278|3N|S|9|S3
8|17|211|163|106|48|4H|N|10|SK
8|17|182|207|98|112|3N|S|10|S3
8|18|68|259|41|138|3N|S|8|S7
8|18|17|88|61|80|2SX|E|8|DK
8|18|40|146|192|72|2SX|E|6|DQ
8|18|108|25|244|232|4HX|N|7|S3
8|18|227|47|101|33|4C|S|8|SA
8|18|137|218|170|22|4H|N|7|S4
8|18|268|105|224|198|3N|S|8|S7
8|18|55|43|27|278|3N|S|8|S6
8|18|211|163|106|48|3D|S|10|S5
8|18|182|207|98|112|4H|N|9|S2
8|19|68|259|41|138|4HX|W|8|CK
8|19|17|88|61|80|4H|W|9|CK
8|19|40|146|192|72|2S|W|10|CK
8|19|108|25|244|232|2S|W|8|CA
8|19|227|47|101|33|4H|W|9|CA
8|19|137|218|170|22|4S|W|8|CA
8|19|268|105|224|198|2S|W|8|CA
8|19|55|43|27|278|2S|W|10|CA
8|19|211|163|106|48|3H|E|9|C4
8|19|182|207|98|112|3S|W|8|CA
8|2|68|259|41|138|2H|W|8|H5
8|2|290|208|267|205|2H|W|7|DA
8|2|40|146|192|72|1N|W|6|S8
8|2|108|25|244|232|2H|W|6|H5
8|2|227|47|101|33|2H|W|8|DA
8|2|137|15|170|54|2H|W|9|CK
8|2|43|105|278|198|2D|S|8|S2
8|2|55|268|27|224|1N|W|6|S9
8|2|211|163|106|48|2H|W|8|S7
8|2|182|136|98|240|2H|W|7|DA
8|20|68|259|41|138|3S|E|8|DK
8|20|17|88|61|80|2S|E|9|D4
8|20|40|146|192|72|3S|W|9|H9
8|20|108|25|244|232|4SX|E|9|H3
8|20|227|47|101|33|3S|W|8|HT
8|20|137|218|170|22|3S|E|9|DK
8|20|268|105|224|198|3H|N|9|DT
8|20|55|43|27|278|2NX|W|8|HT
8|20|211|163|106|48|3S|E|8|H4
8|20|182|207|98|112|3S|W|8|H9
8|21|68|259|41|138|7H|N|13|H3
8|21|17|88|61|80|7H|N|13|H3
8|21|40|146|192|72|7H|N|13|H3
8|21|108|25|244|232|6H|S|13|CQ
8|21|227|47|101|33|7H|N|13|H4
8|21|137|218|170|22|4H|N|13|D2
8|21|268|105|224|198|7H|N|13|H2
8|21|55|43|27|278|7H|N|13|D8
8|21|211|163|106|48|7H|S|13|DT
8|21|182|207|98|112|7H|N|13|H2
8|22|68|259|41|138|4H|E|9|S8
8|22|17|88|61|80|4SX|S|9|HT
8|22|40|146|192|72|4SX|S|9|HJ
8|22|108|25|244|232|4SX|N|10|SA
8|22|227|47|101|33|4S|N|9|H4
8|22|137|218|170|22|4S|N|10|H4
8|22|268|105|224|198|4S|N|10|H4
8|22|55|43|27|278|4H|E|9|S9
8|22|211|163|106|48|4S|N|10|H4
8|22|182|207|98|112|4SX|S|10|H2
8|23|68|259|41|138|3N|W|7|D2
8|23|17|88|61|80|3N|E|12|HT
8|23|40|146|192|72|3N|E|11|DT
8|23|108|25|244|232|3N|E|11|SJ
8|23|227|47|101|33|3N|E|12|H4
8|23|137|218|170|22|6C|W|11|D4
8|23|268|105|224|198|3N|E|10|SJ
8|23|55|43|27|278|3N|E|10|SJ
8|23|211|163|106|48|3N|E|10|DT
8|23|182|207|98|112|3N|E|10|D2
8|24|68|259|41|138|3D|E|7|SQ
8|24|17|88|61|80|2S|N|8|DK
8|24|40|146|192|72|3D|W|9|SK
8|24|108|25|244|232|2S|N|8|HK
8|24|227|47|101|33|2H|S|8|S7
8|24|137|218|170|22|2D|W|8|SA
8|24|268|105|224|198|3D|W|9|SA
8|24|55|43|27|278|2N|E|7|C4
8|24|211|163|106|48|2S|N|10|H4
8|24|182|207|98|112|4S|N|8|DK
8|25|68|259|41|138|4H|N|9|CA
8|25|17|88|61|80|4C|E|10|S2
8|25|40|146|192|72|4H|N|10|CK
8|25|108|25|244|232|4H|S|10|D9
8|25|227|47|101|33|3D|N|7|CA
8|25|137|218|170|22|5H|S|10|D9
8|25|268|105|224|198|4H|N|10|CA
8|25|55|43|27|278|5CX|E|10|DJ
8|25|211|163|106|48|5CX|E|10|C3
8|25|182|207|98|112|4H|N|10|CA
8|26|68|259|41|138|3N|W|12|D8
8|26|17|88|61|80|4H|W|11|D7
8|26|40|146|192|72|4H|W|11|S6
8|26|108|25|244|232|4H|W|11|C6
8|26|227|47|101|33|4H|W|11|C2
8|26|137|218|170|22|4H|W|11|S4
8|26|268|105|224|198|4H|W|12|S3
8|26|55|43|27|278|4H|W|11|D4
8|26|211|163|106|48|4H|W|11|C2
8|26|182|207|98|112|6H|E|11|H2
8|27|68|259|41|138|4H|N|11|DQ
8|27|17|88|61|80|4H|N|11|SQ
8|27|40|146|192|72|3H|S|11|SQ
8|27|108|25|244|232|4H|S|11|SJ
8|27|227|47|101|33|3H|N|11|SJ
8|27|137|218|170|22|4H|N|11|SJ
8|27|268|105|224|198|4H|S|11|CT
8|27|55|43|27|278|4H|N|11|ST
8|27|211|163|106|48|4H|N|11|S2
8|27|182|207|98|112|4H|N|11|S2
8|28|68|259|41|138|3D|W|9|CA
8|28|17|88|61|80|3D|W|10|CK
8|28|40|146|192|72|2N|W|9|CK
8|28|108|25|244|232|2N|W|9|CA
8|28|227|47|101|33|1SX|S|5|SQ
8|28|137|218|170|22|2D|W|9|CA
8|28|268|105|224|198|1N|W|9|CA
8|28|55|43|27|278|3N|W|9|CQ
8|28|211|163|106|48|3CX|W|9|DA
8|28|182|207|98|112|3D|W|9|CK
8|29|68|259|41|138|7S|S|12|DK
8|29|17|88|61|80|6S|S|12|DQ
8|29|40|146|192|72|4S|S|12|D5
8|29|108|25|244|232|6S|N|12|HQ
8|29|227|47|101|33|6S|N|12|D4
8|29|137|218|170|22|6S|S|12|DK
8|29|268|105|224|198|7S|S|12|DK
8|29|55|43|27|278|6S|S|12|DQ
8|29|211|163|106|48|6S|S|12|H7
8|29|182|207|98|112|4S|S|12|DK
8|3|68|259|41|138|2N|S|8|S4
8|3|290|208|267|205|2N|S|8|S4
8|3|40|146|192|72|3N|S|8|S4
8|3|108|25|244|232|3N|S|8|S4
8|3|227|47|101|33|2N|S|8|S3
8|3|137|15|170|54|2N|S|8|S4
8|3|43|105|278|198|3N|S|9|H4
8|3|55|268|27|224|2N|S|8|S2
8|3|211|163|106|48|3N|S|8|S4
8|3|182|136|98|240|3N|S|8|S2
8|30|68|259|41|138|4S|N|10|H5
8|30|17|88|61|80|4S|N|10|H8
8|30|40|146|192|72|4S|N|10|H9
8|30|108|25|244|232|4S|N|9|DA
8|30|227|47|101|33|4S|N|9|H5
8|30|137|218|170|22|3S|N|10|H8
8|30|268|105|224|198|4S|N|10|DA
8|30|55|43|27|278|4S|N|10|H8
8|30|211|163|106|48|4S|N|10|H9
8|30|182|207|98|112|4S|N|10|H2
8|31|68|259|41|138|3N|S|11|H7
8|31|17|88|61|80|3N|N|11|H9
8|31|40|146|192|72|3N|N|11|C5
8|31|108|25|244|232|4S|S|11|C4
8|31|227|47|101|33|4S|N|11|H8
8|31|137|218|170|22|4S|N|11|HT
8|31|268|105|224|198|4S|N|11|H9
8|31|55|43|27|278|4S|N|11|H9
8|31|211|163|106|48|4S|N|11|HT
8|31|182|207|98|112|3N|S|11|H8
8|32|68|259|41|138|3D|S|5|S3
8|32|17|88|61|80|2N|W|9|DT
8|32|40|146|192|72|4S|W|10|D9
8|32|108|25|244|232|3D|N|5|S4
8|32|227|47|101|33|2S|W|9|C3
8|32|137|218|170|22|2S|E|10|H4
8|32|268|105|224|198|4S|E|10|C7
8|32|55|43|27|278|4S|W|9|DT
8|32|211|163|106|48|1N|E|10|ST
8|32|182|207|98|112|2S|W|9|D9
8|4|68|259|41|138|3S|E|7|D5
8|4|290|208|267|205|3N|N|8|D2
8|4|40|146|192|72|3N|N|10|D4
8|4|108|25|244|232|3C|N|10|H8
8|4|227|47|101|33|3N|N|10|D4
8|4|137|15|170|54|3N|N|9|D4
8|4|43|105|278|198|3N|N|9|D4
8|4|55|268|27|224|3N|N|9|D3
8|4|211|163|106|48|3N|N|9|D4
8|4|182|136|98|240|3N|N|9|D2
8|5|68|259|41|138|5SX|S|8|CA
8|5|290|208|267|205|5H|E|11|D6
8|5|40|146|192|72|4H|E|11|D8
8|5|108|25|244|232|5H|E|11|ST
8|5|227|47|101|33|4SX|S|8|CA
8|5|137|15|170|54|5H|E|11|S4
8|5|43|105|278|198|4H|E|11|D6
8|5|55|268|27|224|5H|E|11|S4
8|5|211|163|106|48|4H|E|11|S4
8|5|182|136|98|240|4H|E|11|D2
8|6|68|259|41|138|4N|N|11|DT
8|6|290|208|267|205|4S|N|10|CT
8|6|40|146|192|72|4S|N|10|CT
8|6|108|25|244|232|4S|S|10|H2
8|6|227|47|101|33|2N|N|7|DT
8|6|137|15|170|54|4S|N|10|DT
8|6|43|105|278|198|4S|N|11|H5
8|6|55|268|27|224|3N|S|10|C3
8|6|211|163|106|48|4S|N|10|DT
8|6|182|136|98|240|4S|N|10|D8
8|7|68|259|41|138|3N|W|7|C7
8|7|290|208|267|205|4H|W|8|H2
8|7|40|146|192|72|2H|W|9|H4
8|7|108|25|244|232|4H|W|10|H4
8|7|227|47|101|33|3N|W|9|S5
8|7|137|15|170|54|3D|W|10|C4
8|7|43|105|278|198|3D|W|10|D6
8|7|55|268|27|224|3N|W|8|S5
8|7|211|163|106|48|4H|W|9|H2
8|7|182|136|98|240|3D|W|10|D9
8|8|68|259|41|138|3N|N|9|D5
8|8|290|208|267|205|3N|N|11|D4
8|8|40|146|192|72|3N|S|9|CT
8|8|108|25|244|232|3N|N|11|S9
8|8|227|47|101|33|2C|N|8|D2
8|8|137|15|170|54|1N|S|10|DQ
8|8|43|105|278|198|3N|S|10|DQ
8|8|55|268|27|224|4S|S|10|DQ
8|8|211|163|106|48|3N|N|10|D5
8|8|182|136|98|240|3N|N|10|D2
8|9|68|259|41|138|4H|S|9|CJ
8|9|290|208|267|205|3H|S|9|CJ
8|9|40|146|192|72|4H|S|9|CJ
8|9|108|25|244|232|3H|S|8|CJ
8|9|227|47|101|33|2H|S|9|D2
8|9|137|15|170|54|4H|S|9|CJ
8|9|43|105|278|198|5H|S|10|CJ
8|9|55|268|27|224|P||0
8|9|211|163|106|48|4H|S|9|CJ
8|9|182|136|98|240|4H|S|9|SA
9|1|259|146|138|72|3N|S|11|C2
9|1|108|290|244|267|2S|S|10|C4
9|1|68|15|41|54|3N|S|9|D5
9|1|227|88|101|80|2N|S|9|D3
9|1|137|268|170|224|2N|S|9|C4
9|1|43|47|278|33|3N|S|9|SQ
9|1|105|207|198|112|3N|S|10|C5
9|1|136|55|240|27|3N|S|9|D6
9|1|182|25|98|232|3N|S|9|C2
9|1|40|163|192|48|4S|N|9|HT
9|10|259|146|138|72|3D|W|9|S7
9|10|108|290|244|267|2S|S|6|DQ
9|10|68|15|41|54|2S|S|6|DQ
9|10|227|88|101|80|2S|S|6|DJ
9|10|137|268|170|224|3H|N|8|DA
9|10|43|47|278|33|2S|S|7|DQ
9|10|105|207|198|112|2S|S|6|DQ
9|10|136|55|240|27|2S|N|8|SJ
9|10|182|25|98|232|2S|S|6|DQ
9|10|40|163|192|48|2S|S|7|DQ
9|11|259|146|138|72|2S|W|9|H8
9|11|108|290|244|267|2S|E|10|H4
9|11|68|15|41|54|2S|E|10|HQ
9|11|227|88|101|80|2S|E|10|H8
9|11|137|268|170|224|2S|E|9|HQ
9|11|43|47|278|33|4S|E|10|C3
9|11|105|207|198|112|2S|W|10|H6
9|11|136|55|240|27|2S|E|9|HQ
9|11|182|25|98|232|2S|E|10|HQ
9|11|40|163|192|48|2D|E|8|HJ
9|12|259|146|138|72|2HX|W|6|HQ
9|12|108|290|244|267|3D|S|10|CA
9|12|68|15|41|54|3D|S|10|CA
9|12|227|88|101|80|3D|S|10|S3
9|12|137|268|170|224|3D|S|10|CA
9|12|43|47|278|33|2D|S|10|CA
9|12|105|207|198|112|3N|S|6|S2
9|12|136|55|240|27|2D|S|10|CA
9|12|182|25|98|232|3N|N|7|CK
9|12|40|163|192|48|2H|N|10|CK
9|13|259|146|138|72|6S|S|13|C9
9|13|108|290|244|267|4S|N|10|DJ
9|13|68|15|41|54|5S|S|12|D5
9|13|227|88|101|80|4S|S|11|D4
9|13|137|268|170|224|6S|S|11|HA
9|13|43|47|278|33|6S|S|12|SJ
9|13|105|207|198|112|4S|S|12|HA
9|13|136|55|240|27|6S|S|11|C3
9|13|182|25|98|232|4S|S|13|C2
9|13|40|163|192|48|4S|S|12|D8
9|14|259|146|138|72|5CX|W|11|SK
9|14|108|290|244|267|2N|E|9|H5
9|14|68|15|41|54|3N|E|9|CT
9|14|227|88|101|80|3N|E|9|H4
9|14|137|268|170|224|3N|E|9|D2
9|14|43|47|278|33|5C|W|11|SK
9|14|105|207|198|112|5C|W|11|SA
9|14|136|55|240|27|3C|W|11|SA
9|14|182|25|98|232|3N|W|11|D2
9|14|40|163|192|48|4C|W|11|SK
9|15|259|146|138|72|4S|N|11|DQ
9|15|108|290|244|267|4S|N|11|DQ
9|15|68|15|41|54|4S|N|11|DQ
9|15|227|88|101|80|4S|N|11|DQ
9|15|137|268|170|224|4H|S|10|S4
9|15|43|47|278|33|4S|N|11|DQ
9|15|105|207|198|112|4H|S|10|DA
9|15|136|55|240|27|4H|S|10|S4
9|15|182|25|98|232|4S|N|11|DQ
9|15|40|163|192|48|4S|N|11|DQ
9|16|259|146|138|72|3N|N|10|D5
9|16|108|290|244|267|3N|S|12|DT
9|16|68|15|41|54|3N|N|13|D5
9|16|227|88|101|80|3N|N|10|D5
9|16|137|268|170|224|3N|N|13|S2
9|16|43|47|278|33|3N|N|10|D5
9|16|105|207|198|112|3N|N|10|D3
9|16|136|55|240|27|3N|N|10|D5
9|16|182|25|98|232|3N|N|12|D5
9|16|40|163|192|48|3N|N|12|D5
9|17|17|146|61|72|4S|W|10|DK
9|17|108|290|244|267|4S|W|10|DA
9|17|68|15|41|54|4S|W|10|DK
9|17|218|88|22|80|3S|W|10|DK
9|17|137|268|170|224|4S|W|10|DK
9|17|43|47|278|33|4S|W|10|DK
9|17|105|207|198|112|4S|W|10|DA
9|17|211|55|106|27|5S|W|11|DK
9|17|182|25|98|232|3S|W|10|DK
9|17|40|163|192|48|4DX|N|8|SA
9|18|17|146|61|72|2H|W|6|DK
9|18|108|290|244|267|2H|W|6|DK
9|18|68|15|41|54|2H|E|5|D2
9|18|218|88|22|80|2H|E|6|S2
9|18|137|268|170|224|3N|W|7|SJ
9|18|43|47|278|33|1N|N|5|DJ
9|18|105|207|198|112|1N|N|5|DJ
9|18|211|55|106|27|1N|E|8|D2
9|18|182|25|98|232|1N|N|6|D2
9|18|40|163|192|48|2SX|W|6|ST
9|19|17|146|61|72|4H|W|10|DK
9|19|108|290|244|267|3N|W|9|DK
9|19|68|15|41|54|3N|W|9|DK
9|19|218|88|22|80|3N|W|7|DK
9|19|137|268|170|224|3N|W|9|DK
9|19|43|47|278|33|3N|W|9|DK
9|19|105|207|198|112|3N|W|7|DK
9|19|211|55|106|27|3NX|W|9|DJ
9|19|182|25|98|232|3N|W|10|DK
9|19|40|163|192|48|3N|W|8|DQ
9|2|259|146|138|72|5SX|N|13|DJ
9|2|108|290|244|267|4SX|N|12|D7
9|2|68|15|41|54|5D|W|9|CK
9|2|227|88|101|80|5S|N|11|D2
9|2|137|268|170|224|6DX|W|10|CA
9|2|43|47|278|33|5D|W|10|CK
9|2|105|207|198|112|5S|S|11|DA
9|2|136|55|240|27|3D|W|10|CA
9|2|182|25|98|232|5S|S|13|DK
9|2|40|163|192|48|6S|N|13|DQ
9|20|17|146|61|72|3H|W|9|DT
9|20|108|290|244|267|2H|E|9|H2
9|20|68|15|41|54|4H|E|9|D6
9|20|218|88|22|80|2H|E|9|SQ
9|20|137|268|170|224|2H|E|9|H3
9|20|43|47|278|33|3H|E|9|SQ
9|20|105|207|198|112|2H|W|9|H6
9|20|211|55|106|27|4H|E|9|SK
9|20|182|25|98|232|3H|E|9|SK
9|20|40|163|192|48|1H|E|9|SQ
9|21|17|146|61|72|5DX|W|11|SK
9|21|108|290|244|267|3D|W|11|SA
9|21|68|15|41|54|4D|W|11|SK
9|21|218|88|22|80|4D|W|11|SK
9|21|137|268|170|224|4D|E|11|SA
9|21|43|47|278|33|4D|W|11|SK
9|21|105|207|198|112|5D|W|11|SA
9|21|211|55|106|27|5D|W|11|SA
9|21|182|25|98|232|5D|W|11|SK
9|21|40|163|192|48|4SX|N|8|CK
9|22|17|146|61|72|2S|S|6|HK
9|22|108|290|244|267|3H|W|8|SA
9|22|68|15|41|54|2C|S|5|HA
9|22|218|88|22|80|1N|W|9|C6
9|22|137|268|170|224|2S|S|6|HA
9|22|43|47|278|33|2H|W|7|CJ
9|22|105|207|198|112|1N|W|7|C6
9|22|211|55|106|27|1N|E|9|S7
9|22|182|25|98|232|2S|S|6|D7
9|22|40|163|192|48|2H|W|9|SA
9|23|17|146|61|72|3N|E|10|C3
9|23|108|290|244|267|3N|W|10|CJ
9|23|68|15|41|54|3N|W|11|H4
9|23|218|88|22|80|3N|W|10|CJ
9|23|137|268|170|224|3N|W|9|H9
9|23|43|47|278|33|3N|W|10|CJ
9|23|105|207|198|112|3N|W|10|D6
9|23|211|55|106|27|3N|W|10|CJ
9|23|182|25|98|232|3N|W|10|H4
9|23|40|163|192|48|4S|W|10|H4
9|24|17|146|61|72|3D|W|7|H2
9|24|108|290|244|267|4S|S|10|DK
9|24|68|15|41|54|4S|N|11|DT
9|24|218|88|22|80|4S|N|10|DT
9|24|137|268|170|224|4S|N|10|DT
9|24|43|47|278|33|4S|S|10|DK
9|24|105|207|198|112|4S|S|10|DK
9|24|211|55|106|27|4S|S|11|DK
9|24|182|25|98|232|4S|S|10|DK
9|24|40|163|192|48|4S|S|11|DK
9|25|17|146|61|72|4S|W|9|CA
9|25|108|290|244|267|4C|N|9|ST
9|25|68|15|41|54|5C|N|9|ST
9|25|218|88|22|80|3C|N|9|ST
9|25|137|268|170|224|3S|W|8|SA
9|25|43|47|278|33|3C|N|9|ST
9|25|105|207|198|112|3C|N|9|ST
9|25|211|55|106|27|2C|N|9|ST
9|25|182|25|98|232|3S|W|9|SA
9|25|40|163|192|48|3N|N|7|ST
9|26|17|146|61|72|5DX|N|11|H4
9|26|108|290|244|267|2D|N|11|S6
9|26|68|15|41|54|3N|S|8|CK
9|26|218|88|22|80|2D|N|11|S2
9|26|137|268|170|224|2D|N|11|HT
9|26|43|47|278|33|5DX|N|11|S7
9|26|105|207|198|112|3D|N|11|S6
9|26|211|55|106|27|1NX|W|5|DK
9|26|182|25|98|232|1N|N|8|S2
9|26|40|163|192|48|2D|N|11|C6
9|27|17|146|61|72|2N|W|7|HK
9|27|108|290|244|267|2H|S|7|C3
9|27|68|15|41|54|2S|E|7|CQ
9|27|218|88|22|80|2S|E|8|HA
9|27|137|268|170|224|3S|E|7|D6
9|27|43|47|278|33|2H|S|7|SQ
9|27|105|207|198|112|2S|E|6|D4
9|27|211|55|106|27|2C|N|7|D5
9|27|182|25|98|232|2S|E|6|DJ
9|27|40|163|192|48|3S|E|9|HA
9|28|17|146|61|72|6D|W|12|H5
9|28|108|290|244|267|3N|E|11|H2
9|28|68|15|41|54|3N|E|12|H2
9|28|218|88|22|80|6D|W|12|H4
9|28|137|268|170|224|6S|E|12|CK
9|28|43|47|278|33|6D|W|12|D3
9|28|105|207|198|112|6D|W|12|H4
9|28|211|55|106|27|3N|E|12|S9
9|28|182|25|98|232|6D|E|12|H2
9|28|40|163|192|48|6D|E|12|H2
9|29|17|146|61|72|4S|W|12|S5
9|29|108|290|244|267|4H|E|11|D6
9|29|68|15|41|54|4S|W|12|C2
9|29|218|88|22|80|4H|E|11|CT
9|29|137|268|170|224|4S|W|12|C4
9|29|43|47|278|33|4S|E|11|C9
9|29|105|207|198|112|4H|E|11|C9
9|29|211|55|106|27|4S|W|12|C5
9|29|182|25|98|232|4S|W|12|C2
9|29|40|163|192|48|4H|E|11|C9
9|3|259|146|138|72|4SX|E|8|D7
9|3|108|290|244|267|5HX|N|12|SA
9|3|68|15|41|54|5H|N|11|SK
9|3|227|88|101|80|5SX|E|9|C7
9|3|137|268|170|224|5HX|N|12|SA
9|3|43|47|278|33|5H|N|12|SA
9|3|105|207|198|112|5D|N|12|SK
9|3|136|55|240|27|4SX|E|8|D9
9|3|182|25|98|232|6DX|N|12|SA
9|3|40|163|192|48|6CX|N|12|SA
9|30|17|146|61|72|1N|S|9|S4
9|30|108|290|244|267|3N|S|9|S3
9|30|68|15|41|54|2N|S|9|D3
9|30|218|88|22|80|3C|S|9|D3
9|30|137|268|170|224|2S|W|7|H4
9|30|43|47|278|33|1N|S|9|S4
9|30|105|207|198|112|3C|N|9|D4
9|30|211|55|106|27|3D|E|7|CA
9|30|182|25|98|232|3N|S|9|S4
9|30|40|163|192|48|3N|N|8|D2
9|31|17|146|61|72|3S|S|8|HQ
9|31|108|290|244|267|3NX|E|7|S6
9|31|68|15|41|54|4HX|W|9|S5
9|31|218|88|22|80|3S|N|8|H5
9|31|137|268|170|224|3H|W|9|S4
9|31|43|47|278|33|2D|W|6|S2
9|31|105|207|198|112|2H|W|9|C5
9|31|211|55|106|27|4S|N|9|H3
9|31|182|25|98|232|3H|W|10|HJ
9|31|40|163|192|48|3S|S|8|HQ
9|32|17|146|61|72|4D|N|11|S4
9|32|108|290|244|267|3N|N|8|S4
9|32|68|15|41|54|2N|S|7|HK
9|32|218|88|22|80|2S|S|8|HQ
9|32|137|268|170|224|3D|S|9|HK
9|32|43|47|278|33|5D|N|9|S6
9|32|105|207|198|112|2N|S|10|S2
9|32|211|55|106|27|2N|S|9|S3
9|32|182|25|98|232|3N|S|8|HK
9|32|40|163|192|48|4H|S|3|SA
9|4|259|146|138|72|3H|W|10|C7
9|4|108|290|244|267|2SX|S|5|D9
9|4|68|15|41|54|2D|E|9|S2
9|4|227|88|101|80|1NX|S|3|S6
9|4|137|268|170|224|1SX|S|4|D9
9|4|43|47|278|33|1SX|N|4|SJ
9|4|105|207|198|112|2D|E|9|SA
9|4|136|55|240|27|1N|E|8|D6
9|4|182|25|98|232|1N|E|11|D2
9|4|40|163|192|48|1N|E|10|S5
9|5|259|146|138|72|4S|E|10|H3
9|5|108|290|244|267|4S|E|10|H4
9|5|68|15|41|54|4S|E|10|H7
9|5|227|88|101|80|4S|E|10|H4
9|5|137|268|170|224|4S|E|10|H3
9|5|43|47|278|33|4S|E|10|H3
9|5|105|207|198|112|4S|E|10|H7
9|5|136|55|240|27|4S|E|9|H6
9|5|182|25|98|232|4S|E|10|H7
9|5|40|163|192|48|4S|E|11|H7
9|6|259|146|138|72|3N|E|9|HT
9|6|108|290|244|267|3N|E|9|H9
9|6|68|15|41|54|3N|E|9|D3
9|6|227|88|101|80|3N|E|10|D4
9|6|137|268|170|224|4S|W|9|S8
9|6|43|47|278|33|3N|E|8|D7
9|6|105|207|198|112|3N|E|9|D3
9|6|136|55|240|27|3N|E|9|HT
9|6|182|25|98|232|3N|E|9|D3
9|6|40|163|192|48|1S|E|8|H9
9|7|259|146|138|72|2H|N|7|CQ
9|7|108|290|244|267|2N|E|7|S2
9|7|68|15|41|54|1N|E|7|D8
9|7|227|88|101|80|1N|E|6|H3
9|7|137|268|170|224|1N|E|7|S2
9|7|43|47|278|33|1N|E|6|H6
9|7|105|207|198|112|1N|E|7|H5
9|7|136|55|240|27|1N|E|7|H6
9|7|182|25|98|232|1N|E|7|H2
9|7|40|163|192|48|2D|N|7|DK
9|8|259|146|138|72|4S|N|9|HK
9|8|108|290|244|267|4S|N|9|HK
9|8|68|15|41|54|4S|N|9|HK
9|8|227|88|101|80|4S|N|8|H6
9|8|137|268|170|224|5DX|E|7|HT
9|8|43|47|278|33|4SX|N|9|HK
9|8|105|207|198|112|4S|N|8|HK
9|8|136|55|240|27|4S|N|9|HK
9|8|182|25|98|232|5SX|N|8|HK
9|8|40|163|192|48|5HX|E|10|S8
9|9|259|146|138|72|5SX|E|10|DK
9|9|108|290|244|267|4H|S|10|S4
9|9|68|15|41|54|5S|E|9|HA
9|9|227|88|101|80|4H|S|10|S3
9|9|137|268|170|224|4SX|E|10|DK
9|9|43|47|278|33|3H|S|10|SJ
9|9|105|207|198|112|4H|S|10|S4
9|9|136|55|240|27|4H|S|10|S4
9|9|182|25|98|232|5HX|S|10|SK
9|9|40|163|192|48|3H|S|10|S3
