1|1|115|210|225|74|7C|W|13
1|1|173|242|76|270|6C|W|13
1|1|26|143|81|89|6C|W|13
1|1|19|260|119|58|7C|W|13
1|1|141|14|185|116|4S|S|10
1|1|99|95|113|262|5C|W|13
1|1|11|9|82|102|6C|W|13
1|1|91|66|269|175|7C|W|13
1|1|246|162|297|164|6C|W|13
1|1|287|289|277|8|7C|W|13
1|10|115|210|225|74|1N|W|7
1|10|173|242|76|270|1N|W|7
1|10|26|143|81|89|1N|W|7
1|10|19|260|119|58|2S|N|6
1|10|141|14|185|116|2H|S|7
1|10|99|95|113|262|1N|W|7
1|10|11|9|82|102|1N|W|9
1|10|91|66|269|175|2H|S|7
1|10|246|162|297|164|1N|W|7
1|10|287|289|277|8|1N|W|7
1|11|115|210|225|74|2S|S|10
1|11|173|242|76|270|4S|S|10
1|11|26|143|81|89|4S|S|10
1|11|19|260|119|58|4S|S|10
1|11|141|14|185|116|4C|W|9
1|11|99|95|113|262|4S|S|10
1|11|11|9|82|102|3S|S|10
1|11|91|66|269|175|4S|S|10
1|11|246|162|297|164|2S|S|10
1|11|287|289|277|8|4S|S|10
1|12|115|210|225|74|3N|S|12
1|12|173|242|76|270|3N|S|11
1|12|26|143|81|89|3N|S|11
1|12|19|260|119|58|4S|N|11
1|12|141|14|185|116|3N|S|12
1|12|99|95|113|262|3N|S|11
1|12|11|9|82|102|6C|S|11
1|12|91|66|269|175|5C|S|11
1|12|246|162|297|164|6N|S|12
1|12|287|289|277|8|3N|S|12
1|13|115|210|225|74|1S|W|10
1|13|173|242|76|270|3S|W|10
1|13|26|143|81|89|2S|W|9
1|13|19|260|119|58|4S|W|9
1|13|141|14|185|116|1S|W|9
1|13|99|95|113|262|2S|W|9
1|13|11|9|82|102|1S|W|9
1|13|91|66|269|175|4S|W|10
1|13|246|162|297|164|4S|W|9
1|13|287|289|277|8|2S|W|10
1|14|115|210|225|74|2S|S|8
1|14|173|242|76|270|2S|S|9
1|14|26|143|81|89|1N|S|7
1|14|19|260|119|58|1N|S|7
1|14|141|14|185|116|3N|S|8
1|14|99|95|113|262|2S|S|9
1|14|11|9|82|102|3S|N|8
1|14|91|66|269|175|2S|N|9
1|14|246|162|297|164|2S|N|9
1|14|287|289|277|8|1N|W|7
1|15|115|210|225|74|2S|N|8
1|15|173|242|76|270|1N|S|7
1|15|26|143|81|89|2S|S|7
1|15|19|260|119|58|3N|S|8
1|15|141|14|185|116|2N|S|10
1|15|99|95|113|262|2S|N|8
1|15|11|9|82|102|2S|S|9
1|15|91|66|269|175|2S|N|8
1|15|246|162|297|164|2S|N|8
1|15|287|289|277|8|3D|S|8
1|16|115|210|225|74|3D|W|9
1|16|173|242|76|270|3H|N|8
1|16|26|143|81|89|2N|S|7
1|16|19|260|119|58|4H|N|9
1|16|141|14|185|116|2S|W|7
1|16|99|95|113|262|2N|S|7
1|16|11|9|82|102|3H|N|9
1|16|91|66|269|175|3H|N|9
1|16|246|162|297|164|3H|N|9
1|16|287|289|277|8|3H|N|9
1|17|115|210|225|74|3N|W|10
1|17|173|158|76|75|3N|E|9|C9
1|17|230|143|13|89|3N|W|9|S4
1|17|19|260|119|58|3C|N|7|HQ
1|17|141|14|185|116|3N|E|10|SJ
1|17|113|95|298|262|4D|W|10|S4
1|17|11|44|82|266|3N|E|10|SJ
1|17|91|66|269|175|3CX|N|6|HQ
1|17|246|162|297|164|3C|N|9
1|17|126|289|194|8|3SX|S|6|DJ
1|18|115|210|225|74|1CX|E|4|CA
1|18|173|158|76|75|4S|N|9|SQ
1|18|230|143|13|89|2N|S|8|HJ
1|18|19|260|119|58|3N|S|8|DQ
1|18|141|14|185|116|2N|S|7|DQ
1|18|113|95|298|262|3N|S|7|HJ
1|18|11|44|82|266|3C|N|9|DA
1|18|91|66|269|175|2N|S|7|DQ
1|18|246|162|297|164|2N|S|7|HJ
1|18|126|289|194|8|1CX|E|4|CA
1|19|115|210|225|74|3S|N|10|D4
1|19|173|158|76|75|4S|N|10|C8
1|19|230|143|13|89|2S|N|11|C6
1|19|19|260|119|58|2S|S|10|DQ
1|19|141|14|185|116|2S|N|10|D4
1|19|113|95|298|262|4S|N|9|D4
1|19|11|44|82|266|4S|N|10|D3
1|19|91|66|269|175|3S|N|10|H2
1|19|246|162|297|164|2S|N|9|H5
1|19|126|289|194|8|2S|N|8|H5
1|2|115|210|225|74|4H|W|10
1|2|173|242|76|270|4S|N|10
1|2|26|143|81|89|3S|N|10
1|2|19|260|119|58|4H|W|11
1|2|141|14|185|116|4D|W|10
1|2|99|95|113|262|4S|N|10
1|2|11|9|82|102|3H|W|10
1|2|91|66|269|175|4H|W|10
1|2|246|162|297|164|5D|W|10
1|2|287|289|277|8|4D|W|10
1|20|115|210|225|74|3S|E|9|C4
1|20|173|158|76|75|4S|E|11|C4
1|20|230|143|13|89|4S|E|11|DQ
1|20|19|260|119|58|4S|W|10|CK
1|20|141|14|185|116|4S|W|10|D5
1|20|113|95|298|262|4S|E|11|DQ
1|20|11|44|82|266|4S|W|11|CK
1|20|91|66|269|175|3N|W|8|CK
1|20|246|162|297|164|4S|E|11|DQ
1|20|126|289|194|8|3S|E|10|H9
1|21|115|210|225|74|2H|E|8|SQ
1|21|173|158|76|75|2H|W|9|DJ
1|21|230|143|13|89|3H|E|7|SQ
1|21|19|260|119|58|2H|W|8|SA
1|21|141|14|185|116|2H|E|8|SQ
1|21|113|95|298|262|2H|E|8|SQ
1|21|11|44|82|266|2H|W|8|DJ
1|21|91|66|269|175|3N|E|8|SQ
1|21|246|162|297|164|2H|E|8|SQ
1|21|126|289|194|8|2H|E|9|SQ
1|22|115|210|225|74|4S|N|11|H5
1|22|173|158|76|75|4S|N|11|S4
1|22|230|143|13|89|4S|N|12|S6
1|22|19|260|119|58|4S|N|10|H7
1|22|141|14|185|116|5S|N|10|S4
1|22|113|95|298|262|4S|N|10|H4
1|22|11|44|82|266|4S|N|11|D6
1|22|91|66|269|175|4S|N|9|CT
1|22|246|162|297|164|4S|N|11|S4
1|22|126|289|194|8|4S|S|11|DT
1|23|115|210|225|74|4S|W|9|HJ
1|23|173|158|76|75|4S|W|9|HJ
1|23|230|143|13|89|3N|E|9|H6
1|23|19|260|119|58|3N|E|9|D3
1|23|141|14|185|116|4S|E|10|H5
1|23|113|95|298|262|4S|W|9|HJ
1|23|11|44|82|266|4S|E|10|D4
1|23|91|66|269|175|4S|E|10|H7
1|23|246|162|297|164|2D|S|8|CA
1|23|126|289|194|8|2D|S|8|CA
1|24|115|210|225|74|2D|W|12|S4
1|24|173|158|76|75|3N|W|11|S5
1|24|230|143|13|89|5C|W|11|HA
1|24|19|260|119|58|5D|W|11|S3
1|24|141|14|185|116|3N|E|9|SJ
1|24|113|95|298|262|3N|E|11|SJ
1|24|11|44|82|266|3N|E|10|HQ
1|24|91|66|269|175|3N|W|12|S5
1|24|246|162|297|164|3N|W|7|H8
1|24|126|289|194|8|3N|W|12|S4
1|25|115|210|225|74|4H|E|11|CA
1|25|173|158|76|75|5CX|S|10|C7
1|25|230|143|13|89|4H|E|11|CK
1|25|19|260|119|58|4S|W|11|CQ
1|25|141|14|185|116|5CX|N|10|DK
1|25|113|95|298|262|5CX|N|10|DK
1|25|11|44|82|266|3H|E|10|CA
1|25|91|66|269|175|4H|E|10|CK
1|25|246|162|297|164|4H|E|10|CA
1|25|126|289|194|8|5CX|N|10|DA
1|26|115|210|225|74|4SX|W|7|H8
1|26|173|158|76|75|4S|W|8|H8
1|26|230|143|13|89|4SX|W|8|H8
1|26|19|260|119|58|5DX|E|9|HK
1|26|141|14|185|116|4SX|W|8|H8
1|26|113|95|298|262|5HX|S|8|DA
1|26|11|44|82|266|2S|W|8|H8
1|26|91|66|269|175|2S|W|8|H8
1|26|246|162|297|164|5DX|E|9|HA
1|26|126|289|194|8|5D|E|9|HA
1|27|115|210|225|74|3N|S|7|S5
1|27|173|158|76|75|3H|N|9|SQ
1|27|230|143|13|89|3N|S|7|S5
1|27|19|260|119|58|3N|S|7|S5
1|27|141|14|185|116|3D|N|9|SQ
1|27|113|95|298|262|3S|E|8|C3
1|27|11|44|82|266|3H|N|8|SQ
1|27|91|66|269|175|3N|S|7|S4
1|27|246|162|297|164|3N|N|5|S5
1|27|126|289|194|8|3S|E|8|C2
1|28|115|210|225|74|1N|N|7|C2
1|28|173|158|76|75|1N|S|8|S2
1|28|230|143|13|89|1S|S|9|C7
1|28|19|260|119|58|3N|S|10|S4
1|28|141|14|185|116|1N|N|9|C2
1|28|113|95|298|262|3N|N|7|H3
1|28|11|44|82|266|1N|N|7|C5
1|28|91|66|269|175|3C|N|8|H5
1|28|246|162|297|164|2S|S|9|D7
1|28|126|289|194|8|1N|N|8|S9
1|29|115|210|225|74|4H|S|9|D7
1|29|173|158|76|75|4H|S|8|D4
1|29|230|143|13|89|4H|S|8|D6
1|29|19|260|119|58|4H|S|9|D4
1|29|141|14|185|116|4H|N|8|S3
1|29|113|95|298|262|4H|S|8|D8
1|29|11|44|82|266|4HX|N|10|DQ
1|29|91|66|269|175|4H|S|9|D7
1|29|246|162|297|164|3N|N|9|H6
1|29|126|289|194|8|4H|S|9|D6
1|3|115|210|225|74|2D|N|9
1|3|173|242|76|270|1N|S|9
1|3|26|143|81|89|2D|N|9
1|3|19|260|119|58|3H|W|8
1|3|141|14|185|116|2D|N|9
1|3|99|95|113|262|3N|S|9
1|3|11|9|82|102|2D|N|9
1|3|91|66|269|175|3D|N|9
1|3|246|162|297|164|2D|N|9
1|3|287|289|277|8|2D|N|9
1|30|115|210|225|74|1S|E|8|HQ
1|30|173|158|76|75|1N|W|7|C5
1|30|230|143|13|89|2S|W|8|H6
1|30|19|260|119|58|1N|W|7|C3
1|30|141|14|185|116|1N|W|7|C6
1|30|113|95|298|262|2D|S|7|DJ
1|30|11|44|82|266|1N|W|8|C6
1|30|91|66|269|175|3N|E|8|HQ
1|30|246|162|297|164|2H|N|6|DJ
1|30|126|289|194|8|1S|W|8|HJ
1|31|115|210|225|74|3N|E|11|H6
1|31|173|158|76|75|4N|E|11|ST
1|31|230|143|13|89|3N|E|12|S6
1|31|19|260|119|58|6D|W|12|H4
1|31|141|14|185|116|3N|E|11|H3
1|31|113|95|298|262|6D|W|11|ST
1|31|11|44|82|266|3N|E|11|H3
1|31|91|66|269|175|3N|E|11|H3
1|31|246|162|297|164|5D|W|11|ST
1|31|126|289|194|8|3D|E|12|ST
1|32|115|210|225|74|3N|W|10|H2
1|32|173|158|76|75|3D|W|11|H2
1|32|230|143|13|89|3N|W|10|H4
1|32|19|260|119|58|3N|W|10|H2
1|32|141|14|185|116|3N|W|10|H5
1|32|113|95|298|262|3N|W|8|H4
1|32|11|44|82|266|3N|W|6|H4
1|32|91|66|269|175|3N|W|10|H4
1|32|246|162|297|164|3D|W|9|S2
1|32|126|289|194|8|3N|E|7|H7
1|4|115|210|225|74|4S|W|10
1|4|173|242|76|270|4S|W|10
1|4|26|143|81|89|2S|W|11
1|4|19|260|119|58|4S|W|11
1|4|141|14|185|116|3S|W|11
1|4|99|95|113|262|4S|W|10
1|4|11|9|82|102|3N|N|5
1|4|91|66|269|175|4S|W|11
1|4|246|162|297|164|4S|W|10
1|4|287|289|277|8|4S|W|11
1|5|115|210|225|74|3D|W|9
1|5|173|242|76|270|1N|S|7
1|5|26|143|81|89|3D|W|9
1|5|19|260|119|58|1N|N|7
1|5|141|14|185|116|2S|N|9
1|5|99|95|113|262|3S|N|8
1|5|11|9|82|102|P||0
1|5|91|66|269|175|3D|W|9
1|5|246|162|297|164|3S|N|9
1|5|287|289|277|8|2S|N|9
1|6|115|210|225|74|3S|W|10
1|6|173|242|76|270|5H|N|9
1|6|26|143|81|89|4S|W|10
1|6|19|260|119|58|3S|W|11
1|6|141|14|185|116|3S|W|10
1|6|99|95|113|262|1N|W|10
1|6|11|9|82|102|4S|W|9
1|6|91|66|269|175|3S|W|9
1|6|246|162|297|164|3S|W|10
1|6|287|289|277|8|5H|N|8
1|7|115|210|225|74|4H|S|10
1|7|173|242|76|270|4H|N|10
1|7|26|143|81|89|4H|N|10
1|7|19|260|119|58|4H|N|10
1|7|141|14|185|116|4H|N|10
1|7|99|95|113|262|4H|N|10
1|7|11|9|82|102|4H|N|10
1|7|91|66|269|175|4H|N|11
1|7|246|162|297|164|4H|N|10
1|7|287|289|277|8|4H|S|10
1|8|115|210|225|74|4H|W|8
1|8|173|242|76|270|3H|W|9
1|8|26|143|81|89|2S|W|8
1|8|19|260|119|58|2H|W|8
1|8|141|14|185|116|2H|W|9
1|8|99|95|113|262|2H|W|9
1|8|11|9|82|102|1S|N|7
1|8|91|66|269|175|2H|W|8
1|8|246|162|297|164|3C|S|6
1|8|287|289|277|8|2H|W|9
1|9|115|210|225|74|1N|N|7
1|9|173|242|76|270|4H|S|8
1|9|26|143|81|89|2H|S|9
1|9|19|260|119|58|4H|S|8
1|9|141|14|185|116|4H|S|8
1|9|99|95|113|262|4H|N|8
1|9|11|9|82|102|2H|S|8
1|9|91|66|269|175|4H|S|8
1|9|246|162|297|164|3C|W|9
1|9|287|289|277|8|3H|S|8
2|1|143|242|89|270|5HX|N|11|C8
2|1|158|19|75|119|3H|N|10|C8
2|1|99|230|113|13|5DX|E|7|H5
2|1|26|14|81|116|4H|N|10|DK
2|1|9|141|102|185|5DX|E|8|H2
2|1|95|44|262|266|3H|N|10|C8
2|1|287|66|277|175|5HX|N|10|SK
2|1|11|162|82|164|3D|E|7|H2
2|1|173|231|76|124|4H|N|10|C8
2|1|246|210|297|74|5DX|E|7|H2
2|10|143|242|89|270|2H|E|10|HJ
2|10|158|19|75|119|3H|W|9|H2
2|10|99|230|113|13|2H|E|10|C2
2|10|26|14|81|116|2N|E|9|D3
2|10|9|141|102|185|4S|E|10|HJ
2|10|95|44|262|266|4H|E|10|SA
2|10|287|66|277|175|4H|E|10|SA
2|10|11|162|82|164|2S|E|10|HJ
2|10|173|231|76|124|2S|E|10|HJ
2|10|246|210|297|74|2S|E|10|HJ
2|11|143|242|89|270|3H|S|7|DT
2|11|158|19|75|119|3D|E|10|DJ
2|11|99|230|113|13|1N|N|9|D5
2|11|26|14|81|116|3H|S|7|DT
2|11|9|141|102|185|1N|N|9|D8
2|11|95|44|262|266|3D|E|10|DJ
2|11|287|66|277|175|2N|N|9|S9
2|11|11|162|82|164|3D|E|10|HK
2|11|173|231|76|124|3H|S|7|DT
2|11|246|210|297|74|2SX|W|6|C3
2|12|143|242|89|270|2H|N|6|D5
2|12|158|19|75|119|4S|W|6|CQ
2|12|99|230|113|13|3D|E|8|C3
2|12|26|14|81|116|2C|N|8|S6
2|12|9|141|102|185|P||0
2|12|95|44|262|266|2C|N|7|S6
2|12|287|66|277|175|2S|W|6|CT
2|12|11|162|82|164|2S|W|9|HQ
2|12|173|231|76|124|2C|N|7|ST
2|12|246|210|297|74|2S|W|7|HQ
2|13|143|242|89|270|3N|W|9|S3
2|13|158|19|75|119|5D|W|11|S2
2|13|99|230|113|13|3N|W|9|S2
2|13|26|14|81|116|3N|E|9|S2
2|13|9|141|102|185|3N|W|9|S2
2|13|95|44|262|266|3D|E|9|H8
2|13|287|66|277|175|5D|E|11|S8
2|13|11|162|82|164|3N|W|9|S2
2|13|173|231|76|124|3N|W|9|S2
2|13|246|210|297|74|3N|W|9|S2
2|14|143|242|89|270|2D|E|7|S3
2|14|158|19|75|119|4D|E|8|ST
2|14|99|230|113|13|2H|W|6|S5
2|14|26|14|81|116|3C|S|8|SA
2|14|9|141|102|185|3C|S|9|SA
2|14|95|44|262|266|3DX|W|7|S3
2|14|287|66|277|175|3C|S|8|SK
2|14|11|162|82|164|3N|S|8|DJ
2|14|173|231|76|124|5C|S|9|SK
2|14|246|210|297|74|3DX|E|8|HQ
2|15|143|242|89|270|4S|E|10|CA
2|15|158|19|75|119|4S|E|10|CA
2|15|99|230|113|13|4S|E|9|CA
2|15|26|14|81|116|4S|E|10|CK
2|15|9|141|102|185|4S|E|10|CA
2|15|95|44|262|266|4S|E|10|CA
2|15|287|66|277|175|4S|E|10|CA
2|15|11|162|82|164|3N|W|10|CT
2|15|173|231|76|124|4S|E|9|CK
2|15|246|210|297|74|4S|E|11|CA
2|16|143|242|89|270|3N|E|9|HT
2|16|158|19|75|119|2H|E|8|C3
2|16|99|230|113|13|2H|E|10|S5
2|16|26|14|81|116|2H|W|8|H2
2|16|9|141|102|185|2H|E|9|C4
2|16|95|44|262|266|3H|E|9|H4
2|16|287|66|277|175|3N|E|9|HT
2|16|11|162|82|164|3N|E|9|HT
2|16|173|231|76|124|2H|E|8|C4
2|16|246|210|297|74|3H|E|9|H9
2|17|143|115|89|225|3H|S|8|S3
2|17|158|19|75|119|3H|S|9|H4
2|17|14|230|99|13|2H|S|8|S5
2|17|26|113|81|298|3H|S|8|S2
2|17|9|141|102|185|1N|W|4|H2
2|17|95|91|262|269|2H|S|8|S3
2|17|126|66|194|175|3H|S|9|DA
2|17|11|287|82|277|3D|W|9|H9
2|17|173|289|76|8|4D|W|9|H2
2|17|246|210|297|74|3H|S|8|S5
2|18|143|115|89|225|4S|E|11|HJ
2|18|158|19|75|119|4S|W|11|ST
2|18|14|230|99|13|3S|E|11|HK
2|18|26|113|81|298|4S|W|10|CA
2|18|9|141|102|185|4S|E|9|H2
2|18|95|91|262|269|4S|E|9|H2
2|18|126|66|194|175|4S|E|10|CA
2|18|11|287|82|277|4S|E|9|HK
2|18|173|289|76|8|4S|E|11|HK
2|18|246|210|297|74|4H|N|7|D7
2|19|143|115|89|225|4S|S|10|D4
2|19|158|19|75|119|4S|S|10|D4
2|19|14|230|99|13|4S|S|10|D4
2|19|26|113|81|298|4S|S|9|D5
2|19|9|141|102|185|4S|S|9|D3
2|19|95|91|262|269|4S|S|10|D4
2|19|126|66|194|175|4S|S|10|D4
2|19|11|287|82|277|4S|S|9|D4
2|19|173|289|76|8|4S|S|8|D4
2|19|246|210|297|74|4S|S|10|D4
2|2|143|242|89|270|5H|E|11|SA
2|2|158|19|75|119|5HX|W|11|SA
2|2|99|230|113|13|4H|S|8|CK
2|2|26|14|81|116|4S|S|6|CK
2|2|9|141|102|185|2H|W|10|SJ
2|2|95|44|262|266|4H|W|10|SJ
2|2|287|66|277|175|4H|W|11|SJ
2|2|11|162|82|164|4H|E|11|SA
2|2|173|231|76|124|3S|S|8|CK
2|2|246|210|297|74|4H|E|11|SA
2|20|143|115|89|225|4H|E|10|C5
2|20|158|19|75|119|3N|W|9|S6
2|20|14|230|99|13|4H|E|10|C6
2|20|26|113|81|298|6HX|E|10|S6
2|20|9|141|102|185|4H|W|10|S5
2|20|95|91|262|269|6D|E|11|C2
2|20|126|66|194|175|4H|W|10|S2
2|20|11|287|82|277|6HX|E|10|SA
2|20|173|289|76|8|4H|E|10|C6
2|20|246|210|297|74|4H|E|10|C5
2|21|143|115|89|225|3C|S|8|H7
2|21|158|19|75|119|4H|W|9|S3
2|21|14|230|99|13|3D|E|10|CK
2|21|26|113|81|298|4C|S|8|H3
2|21|9|141|102|185|3N|N|7|D5
2|21|95|91|262|269|2S|S|8|C4
2|21|126|66|194|175|4C|S|8|SA
2|21|11|287|82|277|3N|N|6|D8
2|21|173|289|76|8|3D|E|10|CK
2|21|246|210|297|74|3C|S|8|H3
2|22|143|115|89|225|2N|W|8|CJ
2|22|158|19|75|119|2S|W|7|DK
2|22|14|230|99|13|2H|E|6|CQ
2|22|26|113|81|298|2H|E|6|CQ
2|22|9|141|102|185|2C|N|8|S7
2|22|95|91|262|269|2H|E|6|CQ
2|22|126|66|194|175|2C|N|6|SA
2|22|11|287|82|277|2N|E|6|D4
2|22|173|289|76|8|2S|S|6|H6
2|22|246|210|297|74|3H|W|8|S8
2|23|143|115|89|225|6NX|E|11|D2
2|23|158|19|75|119|3N|W|11|C7
2|23|14|230|99|13|4H|W|10|C6
2|23|26|113|81|298|3N|W|11|C7
2|23|9|141|102|185|3N|E|11|ST
2|23|95|91|262|269|6NX|E|11|HA
2|23|126|66|194|175|3N|E|11|ST
2|23|11|287|82|277|6N|W|11|C8
2|23|173|289|76|8|3N|W|11|S6
2|23|246|210|297|74|6NX|W|11|S4
2|24|143|115|89|225|2S|S|7|H9
2|24|158|19|75|119|3H|N|8|D2
2|24|14|230|99|13|3H|E|6|SA
2|24|26|113|81|298|3C|E|5|HQ
2|24|9|141|102|185|4HX|N|8|CK
2|24|95|91|262|269|2H|S|7|S7
2|24|126|66|194|175|3C|W|7|SA
2|24|11|287|82|277|3N|S|6|D5
2|24|173|289|76|8|3H|S|8|S7
2|24|246|210|297|74|2S|S|7|H7
2|25|143|115|89|225|4SX|S|8|C4
2|25|158|19|75|119|4H|E|9|CQ
2|25|14|230|99|13|3S|N|8|C2
2|25|26|113|81|298|4H|E|10|DA
2|25|9|141|102|185|4H|W|9|DK
2|25|95|91|262|269|4SX|S|9|C4
2|25|126|66|194|175|4SX|S|9|DT
2|25|11|287|82|277|4N|W|9|S7
2|25|173|289|76|8|4S|S|8|DT
2|25|246|210|297|74|3S|S|9|DT
2|26|143|115|89|225|3C|S|12|C2
2|26|158|19|75|119|6C|S|12|HT
2|26|14|230|99|13|4S|N|11|H9
2|26|26|113|81|298|6C|S|12|HT
2|26|9|141|102|185|3N|N|9|H3
2|26|95|91|262|269|5C|S|12|C2
2|26|126|66|194|175|6C|S|12|HT
2|26|11|287|82|277|6C|S|12|HT
2|26|173|289|76|8|4S|S|11|HT
2|26|246|210|297|74|3N|N|9|H4
2|27|143|115|89|225|3N|N|10|HA
2|27|158|19|75|119|3N|S|10|HT
2|27|14|230|99|13|3N|N|9|H5
2|27|26|113|81|298|3N|N|9|H2
2|27|9|141|102|185|5D|N|10|HK
2|27|95|91|262|269|3N|N|10|H2
2|27|126|66|194|175|5D|N|10|HK
2|27|11|287|82|277|3N|N|9|H2
2|27|173|289|76|8|3N|N|9|HA
2|27|246|210|297|74|3N|N|9|H5
2|28|143|115|89|225|4H|E|9|HJ
2|28|158|19|75|119|4H|E|10|HJ
2|28|14|230|99|13|4H|E|10|HJ
2|28|26|113|81|298|4H|E|10|H8
2|28|9|141|102|185|4H|W|9|S6
2|28|95|91|262|269|4H|E|9|HJ
2|28|126|66|194|175|2H|W|9|DJ
2|28|11|287|82|277|2H|W|9|S6
2|28|173|289|76|8|4H|E|9|HJ
2|28|246|210|297|74|4H|E|9|HJ
2|29|143|115|89|225|2S|S|8|D8
2|29|158|19|75|119|3H|W|10|S5
2|29|14|230|99|13|2H|W|11|S8
2|29|26|113|81|298|2H|E|9|S4
2|29|9|141|102|185|2S|S|7|D8
2|29|95|91|262|269|2H|W|9|CQ
2|29|126|66|194|175|3H|W|9|S8
2|29|11|287|82|277|2H|W|9|S5
2|29|173|289|76|8|2H|W|9|S4
2|29|246|210|297|74|3H|W|10|SK
2|3|143|242|89|270|2D|S|8|HA
2|3|158|19|75|119|5DX|S|8|HK
2|3|99|230|113|13|5D|S|9|HK
2|3|26|14|81|116|3N|S|6|HK
2|3|9|141|102|185|4DX|S|8|HK
2|3|95|44|262|266|2D|S|8|HA
2|3|287|66|277|175|5DX|S|8|C7
2|3|11|162|82|164|3H|W|10|DJ
2|3|173|231|76|124|5D|N|8|CK
2|3|246|210|297|74|5DX|S|8|HA
2|30|143|115|89|225|4H|S|10|C6
2|30|158|19|75|119|5DX|E|9|D6
2|30|14|230|99|13|4H|N|10|C2
2|30|26|113|81|298|4H|N|12|D2
2|30|95|91|262|269|5DX|E|9|HA
2|30|126|66|194|175|4H|N|10|DK
2|30|11|287|82|277|4H|S|10|C6
2|30|173|289|76|8|4H|S|10|C6
2|30|246|210|297|74|4H|S|11|D5
2|31|143|115|89|225|3N|W|11|H9
2|31|158|19|75|119|3N|W|11|HT
2|31|14|230|99|13|4N|E|11|S9
2|31|26|113|81|298|3N|W|10|S5
2|31|9|141|102|185|5H|W|9|C3
2|31|95|91|262|269|3N|W|10|S5
2|31|126|66|194|175|4N|E|11|C2
2|31|11|287|82|277|3N|W|11|H2
2|31|173|289|76|8|4H|E|9|CK
2|31|246|210|297|74|4N|E|11|S9
2|32|143|115|89|225|3N|N|9|CQ
2|32|158|19|75|119|4H|S|11|S2
2|32|14|230|99|13|4H|N|10|D4
2|32|26|113|81|298|4H|S|11|CQ
2|32|9|141|102|185|4H|S|11|S7
2|32|95|91|262|269|4H|N|10|CQ
2|32|126|66|194|175|3N|S|8|HJ
2|32|11|287|82|277|4H|N|10|D9
2|32|173|289|76|8|4H|S|11|S2
2|32|246|210|297|74|3N|S|8|DJ
2|4|143|242|89|270|3N|W|9|CK
2|4|158|19|75|119|3N|E|10|S4
2|4|99|230|113|13|3N|W|9|S7
2|4|26|14|81|116|1N|W|9|CQ
2|4|9|141|102|185|2D|W|11|CA
2|4|95|44|262|266|3D|W|10|CK
2|4|287|66|277|175|3SX|S|7|H6
2|4|11|162|82|164|2SX|S|8|SA
2|4|173|231|76|124|2N|W|10|C7
2|4|246|210|297|74|3N|W|9|CK
2|5|143|242|89|270|4H|S|11|SK
2|5|158|19|75|119|4H|S|10|C7
2|5|99|230|113|13|4H|N|9|S5
2|5|26|14|81|116|4H|S|11|SK
2|5|9|141|102|185|4H|S|11|SK
2|5|95|44|262|266|4H|S|11|SK
2|5|287|66|277|175|4H|N|10|ST
2|5|11|162|82|164|4H|S|12|SK
2|5|173|231|76|124|4H|S|11|C3
2|5|246|210|297|74|4H|N|11|H3
2|6|143|242|89|270|1N|S|8|S2
2|6|158|19|75|119|1N|S|8|HJ
2|6|99|230|113|13|1N|S|9|HJ
2|6|26|14|81|116|1N|S|8|HJ
2|6|9|141|102|185|1N|S|8|S2
2|6|95|44|262|266|1N|S|9|HJ
2|6|287|66|277|175|1N|S|7|D3
2|6|11|162|82|164|1N|S|7|D3
2|6|173|231|76|124|1N|S|9|S2
2|6|246|210|297|74|3C|S|8|HJ
2|7|143|242|89|270|3N|W|9|C3
2|7|158|19|75|119|2SX|N|5|CK
2|7|99|230|113|13|6D|W|12|SA
2|7|26|14|81|116|3N|W|10|CJ
2|7|9|141|102|185|2SX|N|6|CA
2|7|95|44|262|266|3N|W|9|CJ
2|7|287|66|277|175|3N|W|9|CJ
2|7|11|162|82|164|2SX|N|4|CA
2|7|173|231|76|124|2SX|N|5|CA
2|7|246|210|297|74|4H|W|8|SA
2|8|143|242|89|270|1N|N|9|D6
2|8|158|19|75|119|1N|N|9|H8
2|8|99|230|113|13|3N|S|9|SJ
2|8|26|14|81|116|1N|S|9|H3
2|8|9|141|102|185|3N|S|10|H2
2|8|95|44|262|266|1N|S|9|SJ
2|8|287|66|277|175|3N|S|9|SJ
2|8|11|162|82|164|3N|N|10|D2
2|8|173|231|76|124|3N|S|10|SJ
2|8|246|210|297|74|1N|N|9|CK
2|9|143|242|89|270|6H|E|12|D4
2|9|158|19|75|119|4H|E|12|C7
2|9|99|230|113|13|6H|E|12|D4
2|9|26|14|81|116|4H|E|12|C8
2|9|9|141|102|185|6H|E|12|C9
2|9|95|44|262|266|6H|E|12|D4
2|9|287|66|277|175|6H|E|12|C7
2|9|11|162|82|164|4S|E|12|D3
2|9|173|231|76|124|4H|E|12|H5
2|9|246|210|297|74|4H|E|12|D4
3|1|158|14|75|116|4H|N|10|C5
3|1|113|242|298|270|3H|S|10|D6
3|1|230|44|13|266|4H|N|11|S2
3|1|91|260|269|58|4H|N|11|C4
3|1|141|162|185|164|3H|S|11|D5
3|1|126|95|194|262|1N|N|9|C6
3|1|11|231|82|124|1N|N|11|DJ
3|1|289|66|8|175|4H|S|10|D7
3|1|143|210|89|74|4H|N|10|D7
3|1|173|19|76|119|4H|S|11|C5
3|10|158|14|75|116|4N|N|12|HT
3|10|113|242|298|270|5N|N|12|D9
3|10|230|44|13|266|6N|N|12|D7
3|10|91|260|269|58|6N|S|12|D5
3|10|141|162|185|164|3N|N|10|D9
3|10|126|95|194|262|3N|N|11|HT
3|10|11|231|82|124|6N|N|12|D9
3|10|289|66|8|175|6N|N|12|D8
3|10|143|210|89|74|6N|N|12|D8
3|10|173|19|76|119|6N|N|12|D9
3|11|158|14|75|116|2D|E|10|S3
3|11|113|242|298|270|5D|E|10|CA
3|11|230|44|13|266|4D|E|9|S6
3|11|91|260|269|58|3D|E|10|CK
3|11|141|162|185|164|3D|E|10|S3
3|11|126|95|194|262|3DX|E|10|CA
3|11|11|231|82|124|3D|E|10|CK
3|11|289|66|8|175|2D|E|10|S3
3|11|143|210|89|74|4C|S|8|D2
3|11|173|19|76|119|2D|E|10|CK
3|12|158|14|75|116|6S|E|11|D6
3|12|113|242|298|270|4S|E|10|D6
3|12|230|44|13|266|6S|E|10|D6
3|12|91|260|269|58|6S|E|11|D6
3|12|141|162|185|164|6S|W|11|D6
3|12|126|95|194|262|3N|E|9|SJ
3|12|11|231|82|124|4S|E|11|H2
3|12|289|66|8|175|6S|E|10|D6
3|12|143|210|89|74|6S|E|11|D6
3|12|173|19|76|119|4S|W|11|S8
3|13|158|14|75|116|1N|N|9|S2
3|13|113|242|298|270|4H|N|11|CJ
3|13|230|44|13|266|3N|N|10|S6
3|13|91|260|269|58|4H|N|11|S3
3|13|141|162|185|164|4H|N|11|CJ
3|13|126|95|194|262|4H|N|11|SA
3|13|11|231|82|124|4H|N|10|CJ
3|13|289|66|8|175|4H|N|11|C5
3|13|143|210|89|74|4H|N|10|D6
3|13|173|19|76|119|3C|E|9|H6
3|14|158|14|75|116|5H|S|12|S3
3|14|113|242|298|270|6H|S|12|H9
3|14|230|44|13|266|3N|N|8|S3
3|14|91|260|269|58|6H|S|12|S6
3|14|141|162|185|164|6H|N|12|S3
3|14|126|95|194|262|5H|S|12|S6
3|14|11|231|82|124|4H|S|12|S2
3|14|289|66|8|175|5H|N|12|S5
3|14|143|210|89|74|5H|S|12|S5
3|14|173|19|76|119|5SX|E|9|CT
3|15|158|14|75|116|4D|W|7|H7
3|15|113|242|298|270|2S|S|7|CJ
3|15|230|44|13|266|4D|W|8|H8
3|15|91|260|269|58|3H|N|10|HK
3|15|141|162|185|164|4H|S|10|CJ
3|15|126|95|194|262|4H|N|11|CT
3|15|11|231|82|124|3D|W|6|ST
3|15|289|66|8|175|4H|S|10|CJ
3|15|143|210|89|74|3N|E|7|HJ
3|15|173|19|76|119|4D|W|7|H8
3|16|158|14|75|116|2N|W|8|C6
3|16|113|242|298|270|3N|W|8|CA
3|16|230|44|13|266|2N|E|8|S6
3|16|91|260|269|58|3D|E|9|C5
3|16|141|162|185|164|1N|W|8|HT
3|16|126|95|194|262|1N|W|8|C2
3|16|11|231|82|124|1N|W|8|C6
3|16|289|66|8|175|3D|E|9|C5
3|16|143|210|89|74|3N|W|8|C3
3|16|173|19|76|119|1N|W|9|HT
3|17|115|14|225|99|4H|E|11|S3
3|17|113|158|298|75|5H|E|11|DA
3|17|260|44|58|266|4H|E|12|D2
3|17|9|26|102|81|4H|E|11|S9
3|17|141|287|185|277|4H|E|12|S8
3|17|126|95|194|262|4H|E|11|C4
3|17|11|231|82|124|4H|E|11|HJ
3|17|289|66|8|175|3N|E|11|D3
3|17|143|210|89|74|4H|E|11|S9
3|17|173|19|76|119|4H|E|10|S3
3|18|115|14|225|99|3N|E|11|H9
3|18|113|158|298|75|3N|W|10|SK
3|18|260|44|58|266|3N|E|10|SJ
3|18|9|26|102|81|3N|E|11|H9
3|18|141|287|185|277|3N|E|10|SJ
3|18|126|95|194|262|3N|W|11|H9
3|18|11|231|82|124|3N|E|10|SJ
3|18|289|66|8|175|3N|E|10|SJ
3|18|143|210|89|74|3N|E|12|H9
3|18|173|19|76|119|3N|E|10|C3
3|19|115|14|225|99|1N|S|7|HJ
3|19|113|158|298|75|1N|S|7|HJ
3|19|260|44|58|266|1N|N|6|H3
3|19|9|26|102|81|1N|S|7|HJ
3|19|141|287|185|277|1N|N|7|H5
3|19|126|95|194|262|1N|N|7|H3
3|19|11|231|82|124|1N|N|7|H5
3|19|289|66|8|175|1N|S|7|HJ
3|19|143|210|89|74|1N|N|6|H5
3|19|173|19|76|119|1N|W|5|S6
3|2|158|14|75|116|1N|E|1|C3
3|2|113|242|298|270|4SX|N|10|DA
3|2|230|44|13|266|2H|S|11|ST
3|2|91|260|269|58|2H|N|11|H2
3|2|141|162|185|164|4S|S|10|DA
3|2|126|95|194|262|3S|S|10|D2
3|2|11|231|82|124|4S|N|10|DA
3|2|289|66|8|175|1NX|E|3|C5
3|2|143|210|89|74|4H|S|11|D3
3|2|173|19|76|119|3N|N|11|S7
3|20|115|14|225|99|1N|S|6|DQ
3|20|113|158|298|75|1S|N|7|D6
3|20|260|44|58|266|2H|E|8|H7
3|20|9|26|102|81|2D|W|7|CJ
3|20|141|287|185|277|2H|E|9|H5
3|20|126|95|194|262|2SX|S|7|S7
3|20|11|231|82|124|2N|N|4|D6
3|20|289|66|8|175|1N|S|6|DQ
3|20|143|210|89|74|1N|S|6|DQ
3|20|173|19|76|119|2S|N|7|D6
3|21|115|14|225|99|2S|E|8|HA
3|21|113|158|298|75|3D|N|8|HJ
3|21|260|44|58|266|3D|S|7|ST
3|21|9|26|102|81|2S|E|7|HK
3|21|141|287|185|277|2S|E|7|HK
3|21|126|95|194|262|3D|S|9|ST
3|21|11|231|82|124|3D|S|8|ST
3|21|289|66|8|175|3N|N|8|DA
3|21|143|210|89|74|5DX|S|9|DJ
3|21|173|19|76|119|2S|E|7|C2
3|22|115|14|225|99|3N|S|11|H3
3|22|113|158|298|75|4S|N|10|D6
3|22|260|44|58|266|3N|S|10|S2
3|22|9|26|102|81|3N|S|11|HT
3|22|141|287|185|277|4H|N|10|H2
3|22|126|95|194|262|3N|S|9|C5
3|22|11|231|82|124|3N|S|11|HT
3|22|289|66|8|175|4H|N|11|C2
3|22|143|210|89|74|3N|S|11|C5
3|22|173|19|76|119|3N|S|11|C6
3|23|115|14|225|99|3N|N|12|H2
3|23|113|158|298|75|5C|S|12|H4
3|23|260|44|58|266|3N|N|12|S8
3|23|9|26|102|81|3N|N|12|D3
3|23|141|287|185|277|3N|S|12|C8
3|23|126|95|194|262|6C|S|12|H3
3|23|11|231|82|124|3N|N|12|D6
3|23|289|66|8|175|3N|N|12|C8
3|23|143|210|89|74|4S|S|12|H6
3|23|173|19|76|119|3N|N|12|H5
3|24|115|14|225|99|2H|N|8|C8
3|24|113|158|298|75|2D|N|7|C8
3|24|260|44|58|266|3DX|N|7|DA
3|24|9|26|102|81|2N|N|5|C2
3|24|141|287|185|277|2D|N|8|C4
3|24|126|95|194|262|2H|S|7|D8
3|24|11|231|82|124|2D|N|6|H8
3|24|289|66|8|175|2S|S|7|C5
3|24|143|210|89|74|3N|N|7|C8
3|24|173|19|76|119|2D|N|8|S9
3|25|115|14|225|99|4H|N|11|HA
3|25|113|158|298|75|3H|N|11|CA
3|25|260|44|58|266|4C|W|8|DT
3|25|9|26|102|81|4C|W|7|DT
3|25|141|287|185|277|3N|W|7|H3
3|25|126|95|194|262|4H|N|11|DT
3|25|11|231|82|124|4H|N|11|D9
3|25|289|66|8|175|4H|N|10|SQ
3|25|143|210|89|74|3C|E|10|CQ
3|25|173|19|76|119|3H|N|11|HA
3|26|115|14|225|99|3H|W|7|S7
3|26|113|158|298|75|2S|S|9|CJ
3|26|260|44|58|266|2S|S|8|D2
3|26|9|26|102|81|2S|S|8|D3
3|26|141|287|185|277|2S|S|9|D2
3|26|126|95|194|262|2S|S|9|CJ
3|26|11|231|82|124|2S|S|8|H4
3|26|289|66|8|175|3H|W|8|DQ
3|26|143|210|89|74|3S|S|9|D2
3|26|173|19|76|119|3H|E|8|D7
3|27|115|14|225|99|3S|S|8|CK
3|27|113|158|298|75|3C|E|8|C3
3|27|260|44|58|266|2S|S|8|S3
3|27|9|26|102|81|3S|S|8|CK
3|27|141|287|185|277|1N|E|6|ST
3|27|126|95|194|262|1N|S|9|D2
3|27|11|231|82|124|1N|E|7|ST
3|27|289|66|8|175|3C|E|8|SA
3|27|143|210|89|74|3C|E|8|D4
3|27|173|19|76|119|2S|S|8|S3
3|28|115|14|225|99|4S|S|11|CT
3|28|113|158|298|75|3S|N|10|C2
3|28|260|44|58|266|2S|N|10|C2
3|28|9|26|102|81|4S|N|10|C3
3|28|141|287|185|277|3N|N|10|C2
3|28|126|95|194|262|4S|S|9|C7
3|28|11|231|82|124|2S|N|11|C2
3|28|289|66|8|175|3N|N|10|C2
3|28|143|210|89|74|3N|N|11|C3
3|28|173|19|76|119|4S|N|10|C4
3|29|115|14|225|99|4H|E|8|CA
3|29|113|158|298|75|3H|W|7|S4
3|29|260|44|58|266|4DX|W|8|C6
3|29|9|26|102|81|3N|E|6|C5
3|29|141|287|185|277|3D|W|8|H6
3|29|126|95|194|262|4CX|N|10|C3
3|29|11|231|82|124|4H|E|7|C3
3|29|289|66|8|175|4H|E|8|CA
3|29|143|210|89|74|3H|E|7|CA
3|29|173|19|76|119|4H|E|8|H7
3|3|158|14|75|116|3S|W|8|HA
3|3|113|242|298|270|3S|W|8|HA
3|3|230|44|13|266|4S|W|8|HA
3|3|91|260|269|58|4S|W|8|HK
3|3|141|162|185|164|4S|W|8|HA
3|3|126|95|194|262|3S|W|9|C9
3|3|11|231|82|124|2H|S|7|SK
3|3|289|66|8|175|4S|W|8|HA
3|3|143|210|89|74|3S|W|8|HA
3|3|173|19|76|119|3S|W|9|HK
3|30|115|14|225|99|2S|E|9|H6
3|30|113|158|298|75|2N|W|7|H2
3|30|260|44|58|266|3N|W|10|DJ
3|30|9|26|102|81|3N|E|8|H4
3|30|141|287|185|277|3N|W|10|DJ
3|30|126|95|194|262|3N|W|8|H5
3|30|11|231|82|124|2S|E|10|H4
3|30|289|66|8|175|3N|W|8|H2
3|30|143|210|89|74|3N|W|8|H2
3|30|173|19|76|119|2S|E|8|H6
3|31|115|14|225|99|4S|E|10|HK
3|31|113|158|298|75|4S|E|10|HK
3|31|260|44|58|266|4S|E|11|D5
3|31|9|26|102|81|4S|E|10|D4
3|31|141|287|185|277|3N|W|8|DQ
3|31|126|95|194|262|4S|E|11|HK
3|31|11|231|82|124|4S|E|11|D9
3|31|289|66|8|175|4S|E|10|HK
3|31|143|210|89|74|2DX|N|8|SK
3|31|173|19|76|119|4C|E|9|HK
3|32|115|14|225|99|2SX|S|9|H2
3|32|113|158|298|75|3D|W|8|S4
3|32|260|44|58|266|4SX|S|9|H5
3|32|9|26|102|81|3S|S|9|H5
3|32|141|287|185|277|3C|W|9|DT
3|32|126|95|194|262|2S|S|8|H5
3|32|11|231|82|124|5CX|W|10|S7
3|32|289|66|8|175|4H|E|9|C7
3|32|143|210|89|74|3S|S|9|H5
3|32|173|19|76|119|3SX|S|9|H5
3|4|158|14|75|116|2H|S|9|SJ
3|4|113|242|298|270|2H|S|9|SJ
3|4|230|44|13|266|2H|S|9|S2
3|4|91|260|269|58|2H|N|9|S8
3|4|141|162|185|164|2H|S|9|S2
3|4|126|95|194|262|3N|S|5|S5
3|4|11|231|82|124|2H|S|9|CQ
3|4|289|66|8|175|3N|S|6|S4
3|4|143|210|89|74|2H|S|9|SJ
3|4|173|19|76|119|2H|S|9|SJ
3|5|158|14|75|116|4S|E|8|D5
3|5|113|242|298|270|4H|W|9|DK
3|5|230|44|13|266|4H|E|11|C8
3|5|91|260|269|58|3S|E|9|C4
3|5|141|162|185|164|3S|E|8|C8
3|5|126|95|194|262|3S|E|9|C9
3|5|11|231|82|124|3S|E|8|C9
3|5|289|66|8|175|4H|W|9|DK
3|5|143|210|89|74|4H|W|10|DK
3|5|173|19|76|119|4H|W|9|C3
3|6|158|14|75|116|3D|E|10|H5
3|6|113|242|298|270|3N|W|10|S9
3|6|230|44|13|266|3N|W|10|S8
3|6|91|260|269|58|3N|E|9|H4
3|6|141|162|185|164|3N|E|9|S5
3|6|126|95|194|262|3N|W|10|S9
3|6|11|231|82|124|3N|W|10|HA
3|6|289|66|8|175|4N|W|10|HA
3|6|143|210|89|74|3N|W|12|S9
3|6|173|19|76|119|3N|W|10|HK
3|7|158|14|75|116|3N|W|9|D3
3|7|113|242|298|270|3N|E|9|HJ
3|7|230|44|13|266|3N|W|10|H5
3|7|91|260|269|58|3N|E|9|HJ
3|7|141|162|185|164|2DX|N|6|DQ
3|7|126|95|194|262|2H|N|7|C3
3|7|11|231|82|124|3N|E|9|HJ
3|7|289|66|8|175|3N|E|11|HJ
3|7|143|210|89|74|3N|E|9|HJ
3|7|173|19|76|119|3N|E|10|HJ
3|8|158|14|75|116|3N|E|7|DT
3|8|113|242|298|270|5C|W|12|CJ
3|8|230|44|13|266|3N|E|7|DT
3|8|91|260|269|58|5C|W|12|SK
3|8|141|162|185|164|5C|W|12|SK
3|8|126|95|194|262|4D|S|7|HA
3|8|11|231|82|124|3C|W|12|SK
3|8|289|66|8|175|3H|E|11|SK
3|8|143|210|89|74|3D|S|7|HA
3|8|173|19|76|119|3N|W|12|SK
3|9|158|14|75|116|3D|N|8|S2
3|9|113|242|298|270|3D|N|9|HA
3|9|230|44|13|266|3D|N|8|S6
3|9|91|260|269|58|3H|W|9|D6
3|9|141|162|185|164|3D|S|8|H2
3|9|126|95|194|262|3D|S|8|S3
3|9|11|231|82|124|1N|N|7|S2
3|9|289|66|8|175|2D|S|8|S5
3|9|143|210|89|74|3D|N|8|S2
3|9|173|19|76|119|3H|W|9|D9
4|1|44|115|266|225|4H|E|10
4|1|242|9|75|102|4S|W|10
4|1|287|26|277|81|4S|W|10
4|1|260|162|58|164|4S|W|9
4|1|100|95|18|262|4H|E|11
4|1|141|289|185|8|4H|E|10
4|1|173|66|76|175|4S|W|9
4|1|11|210|292|74|4S|W|10
4|1|19|276|119|298|4S|E|11
4|1|252|143|299|89|4H|E|11
4|10|44|115|266|225|7C|W|13
4|10|242|9|75|102|6N|W|13
4|10|287|26|277|81|6N|E|13
4|10|260|162|58|164|6N|E|13
4|10|100|95|18|262|6C|E|13
4|10|141|289|185|8|7C|W|13
4|10|173|66|76|175|6H|E|13
4|10|11|210|292|74|7C|E|13
4|10|19|276|119|298|4H|W|13
4|10|252|143|299|89|6N|E|13
4|11|44|115|266|225|2N|S|7
4|11|242|9|75|102|4S|N|8
4|11|287|26|277|81|1C|S|6
4|11|260|162|58|164|2N|S|8
4|11|100|95|18|262|4S|N|7
4|11|141|289|185|8|1C|S|5
4|11|173|66|76|175|1C|S|6
4|11|11|210|292|74|2N|S|7
4|11|19|276|119|298|4S|N|7
4|11|252|143|299|89|2N|S|7
4|12|44|115|266|225|6C|W|13
4|12|242|9|75|102|6C|W|13
4|12|287|26|277|81|6C|W|12
4|12|260|162|58|164|6C|W|12
4|12|100|95|18|262|6C|W|12
4|12|141|289|185|8|6C|W|12
4|12|173|66|76|175|5C|W|12
4|12|11|210|292|74|6C|W|12
4|12|19|276|119|298|6C|W|13
4|12|252|143|299|89|6C|W|12
4|13|44|115|266|225|3H|S|9
4|13|242|9|75|102|3H|S|10
4|13|287|26|277|81|3H|S|10
4|13|260|162|58|164|2H|S|9
4|13|100|95|18|262|2H|S|10
4|13|141|289|185|8|2H|S|9
4|13|173|66|76|175|4H|S|9
4|13|11|210|292|74|1S|W|9
4|13|19|276|119|298|2H|S|10
4|13|252|143|299|89|4H|S|10
4|14|44|115|266|225|3N|E|9
4|14|242|9|75|102|1N|E|7
4|14|287|26|277|81|3N|E|8
4|14|260|162|58|164|3N|E|8
4|14|100|95|18|262|4H|E|8
4|14|141|289|185|8|1N|N|5
4|14|173|66|76|175|3N|E|7
4|14|11|210|292|74|3N|E|9
4|14|19|276|119|298|2D|W|8
4|14|252|143|299|89|3N|E|7
4|15|44|115|266|225|3S|S|9
4|15|242|9|75|102|4S|S|9
4|15|287|26|277|81|4S|S|9
4|15|260|162|58|164|4S|S|10
4|15|100|95|18|262|3H|W|8
4|15|141|289|185|8|4S|S|9
4|15|173|66|76|175|2S|S|9
4|15|11|210|292|74|3S|S|11
4|15|19|276|119|298|2S|S|9
4|15|252|143|299|89|2S|S|9
4|16|44|115|266|225|3N|E|11
4|16|242|9|75|102|3N|E|11
4|16|287|26|277|81|3N|E|10
4|16|260|162|58|164|3N|E|9
4|16|100|95|18|262|3N|E|10
4|16|141|289|185|8|3N|E|11
4|16|173|66|76|175|3N|E|11
4|16|11|210|292|74|3N|E|12
4|16|19|276|119|298|3N|W|11
4|16|252|143|299|89|3N|E|11
4|17|44|115|266|225|4S|E|11
4|17|96|91|158|269|4S|W|11
4|17|287|230|277|13|4S|E|11
4|17|260|126|58|194|4S|W|10
4|17|100|95|18|262|4S|E|11
4|17|141|289|185|8|4S|E|11
4|17|173|66|76|175|4S|W|10
4|17|11|210|292|74|4S|E|11
4|17|19|252|119|299|3N|E|11
4|17|99|143|113|89|4S|E|11
4|18|44|115|266|225|4H|W|9
4|18|96|91|158|269|4H|W|9
4|18|287|230|277|13|2N|W|10
4|18|260|126|58|194|3H|E|9
4|18|100|95|18|262|2C|S|8
4|18|141|289|185|8|4H|W|9
4|18|173|66|76|175|4H|E|9
4|18|11|210|292|74|4H|E|8
4|18|19|252|119|299|4H|E|9
4|18|99|143|113|89|4H|W|9
4|19|44|115|266|225|3D|N|10
4|19|96|91|158|269|2H|W|8
4|19|287|230|277|13|2S|S|11
4|19|260|126|58|194|2H|E|6
4|19|100|95|18|262|2S|S|10
4|19|141|289|185|8|3N|N|7
4|19|173|66|76|175|1N|N|8
4|19|11|210|292|74|5D|N|11
4|19|19|252|119|299|3H|E|9
4|19|99|143|113|89|2S|S|10
4|2|44|115|266|225|4H|S|11
4|2|242|9|75|102|5C|S|12
4|2|287|26|277|81|4H|S|12
4|2|260|162|58|164|4H|S|11
4|2|100|95|18|262|3S|E|6
4|2|141|289|185|8|5D|W|11
4|2|173|66|76|175|4D|E|10
4|2|11|210|292|74|4H|S|10
4|2|19|276|119|298|2H|S|11
4|2|252|143|299|89|4S|E|10
4|20|44|115|266|225|4S|S|10
4|20|96|91|158|269|4S|S|10
4|20|287|230|277|13|4S|S|10
4|20|260|126|58|194|4H|N|10
4|20|100|95|18|262|4S|S|10
4|20|141|289|185|8|4S|S|10
4|20|173|66|76|175|4H|N|10
4|20|11|210|292|74|4H|N|9
4|20|19|252|119|299|4S|N|10
4|20|99|143|113|89|4S|S|10
4|21|44|115|266|225|2H|N|7
4|21|96|91|158|269|3H|N|8
4|21|287|230|277|13|2H|N|8
4|21|260|126|58|194|2S|E|6
4|21|100|95|18|262|2H|N|8
4|21|141|289|185|8|2H|N|9
4|21|173|66|76|175|3D|W|9
4|21|11|210|292|74|2H|N|8
4|21|19|252|119|299|3N|W|7
4|21|99|143|113|89|3N|W|9
4|22|44|115|266|225|4H|S|10
4|22|96|91|158|269|2H|S|10
4|22|287|230|277|13|2H|S|7
4|22|260|126|58|194|2H|S|10
4|22|100|95|18|262|2H|S|10
4|22|141|289|185|8|2H|S|8
4|22|173|66|76|175|4H|S|10
4|22|11|210|292|74|2H|S|10
4|22|19|252|119|299|2S|S|9
4|22|99|143|113|89|4H|S|9
4|23|44|115|266|225|3N|S|11
4|23|96|91|158|269|2H|W|8
4|23|287|230|277|13|3N|S|11
4|23|260|126|58|194|3N|N|11
4|23|100|95|18|262|3N|N|11
4|23|141|289|185|8|3N|S|11
4|23|173|66|76|175|3N|S|8
4|23|19|252|119|299|3N|N|11
4|23|99|143|113|89|3N|S|11
4|24|44|115|266|225|4H|E|11
4|24|96|91|158|269|6H|E|11
4|24|287|230|277|13|6H|W|11
4|24|260|126|58|194|4H|W|11
4|24|100|95|18|262|6H|W|12
4|24|141|289|185|8|4H|W|11
4|24|173|66|76|175|4H|W|11
4|24|19|252|119|299|5H|W|11
4|24|99|143|113|89|4H|W|11
4|25|44|115|266|225|4S|N|9
4|25|96|91|158|269|4S|N|11
4|25|287|230|277|13|3N|S|9
4|25|260|126|58|194|5S|N|11
4|25|100|95|18|262|4S|N|10
4|25|141|289|185|8|5C|N|11
4|25|173|66|76|175|5S|N|11
4|25|11|210|292|74|3N|S|9
4|25|19|252|119|299|4S|N|11
4|25|99|143|113|89|4S|N|11
4|26|44|115|266|225|5C|W|12
4|26|96|91|158|269|6C|W|13
4|26|287|230|277|13|6C|W|12
4|26|260|126|58|194|6C|W|12
4|26|100|95|18|262|6C|E|12
4|26|141|289|185|8|6C|E|12
4|26|173|66|76|175|6N|W|12
4|26|11|210|292|74|3N|W|13
4|26|19|252|119|299|6C|E|13
4|26|99|143|113|89|3N|W|12
4|27|44|115|266|225|4H|W|11
4|27|96|91|158|269|6H|E|10
4|27|287|230|277|13|6H|W|12
4|27|260|126|58|194|4N|W|9
4|27|100|95|18|262|4H|W|11
4|27|141|289|185|8|3N|E|11
4|27|173|66|76|175|4H|W|11
4|27|11|210|292|74|4H|W|11
4|27|19|252|119|299|4H|W|11
4|27|99|143|113|89|4H|W|11
4|28|44|115|266|225|4S|W|11
4|28|96|91|158|269|4S|E|10
4|28|287|230|277|13|5S|W|9
4|28|260|126|58|194|4S|W|10
4|28|100|95|18|262|4S|W|10
4|28|141|289|185|8|4H|N|10
4|28|173|66|76|175|4C|E|8
4|28|11|210|292|74|5S|W|11
4|28|19|252|119|299|4S|W|9
4|28|99|143|113|89|4S|W|10
4|29|44|115|266|225|5H|W|11
4|29|96|91|158|269|4S|S|11
4|29|287|230|277|13|4S|N|11
4|29|260|126|58|194|5H|E|11
4|29|100|95|18|262|4S|N|11
4|29|141|289|185|8|4S|N|10
4|29|173|66|76|175|4S|N|10
4|29|11|210|292|74|5D|W|11
4|29|19|252|119|299|4S|N|10
4|29|99|143|113|89|4S|S|10
4|3|44|115|266|225|2S|N|9
4|3|242|9|75|102|2S|N|9
4|3|287|26|277|81|4S|N|9
4|3|260|162|58|164|2S|N|9
4|3|100|95|18|262|2S|N|9
4|3|141|289|185|8|2S|N|9
4|3|173|66|76|175|2S|N|9
4|3|11|210|292|74|2S|N|9
4|3|19|276|119|298|3S|N|9
4|3|252|143|299|89|3S|N|9
4|30|44|115|266|225|4H|E|10
4|30|96|91|158|269|4H|W|10
4|30|287|230|277|13|3H|E|9
4|30|260|126|58|194|4H|E|10
4|30|100|95|18|262|4H|E|10
4|30|141|289|185|8|4H|E|10
4|30|173|66|76|175|4H|E|10
4|30|11|210|292|74|3H|E|7
4|30|19|252|119|299|6D|S|11
4|30|99|143|113|89|3N|N|7
4|31|44|115|266|225|4H|W|10
4|31|96|91|158|269|4H|E|9
4|31|287|230|277|13|4H|W|10
4|31|260|126|58|194|4H|W|10
4|31|100|95|18|262|4H|W|7
4|31|141|289|185|8|4H|W|10
4|31|173|66|76|175|3N|W|9
4|31|11|210|292|74|3H|W|10
4|31|19|252|119|299|4H|W|10
4|31|99|143|113|89|3H|W|10
4|32|44|115|266|225|1N|E|7
4|32|96|91|158|269|1N|W|7
4|32|287|230|277|13|1H|E|7
4|32|260|126|58|194|1N|E|6
4|32|100|95|18|262|1N|N|6
4|32|141|289|185|8|1N|N|6
4|32|173|66|76|175|2N|N|8
4|32|11|210|292|74|1N|E|7
4|32|19|252|119|299|2N|N|8
4|32|99|143|113|89|2H|E|7
4|4|44|115|266|225|1N|N|6
4|4|242|9|75|102|1S|E|8
4|4|287|26|277|81|2S|E|7
4|4|260|162|58|164|1N|N|4
4|4|100|95|18|262|1N|N|8
4|4|141|289|185|8|1N|N|6
4|4|173|66|76|175|2S|E|7
4|4|11|210|292|74|2S|E|8
4|4|19|276|119|298|1N|N|4
4|4|252|143|299|89|2H|N|6
4|5|44|115|266|225|4S|S|9
4|5|242|9|75|102|4S|S|10
4|5|287|26|277|81|3S|S|9
4|5|260|162|58|164|4H|S|6
4|5|100|95|18|262|3S|S|10
4|5|141|289|185|8|3S|S|9
4|5|173|66|76|175|4S|S|9
4|5|11|210|292|74|2S|S|10
4|5|19|276|119|298|4S|N|9
4|5|252|143|299|89|4S|S|8
4|6|44|115|266|225|4S|E|11
4|6|242|9|75|102|5S|E|11
4|6|287|26|277|81|4S|E|11
4|6|260|162|58|164|4S|E|11
4|6|100|95|18|262|4S|E|10
4|6|141|289|185|8|4S|E|10
4|6|173|66|76|175|5S|E|11
4|6|11|210|292|74|4S|E|11
4|6|19|276|119|298|4S|E|10
4|6|252|143|299|89|4C|S|9
4|7|44|115|266|225|2N|S|5
4|7|242|9|75|102|2D|S|8
4|7|287|26|277|81|2N|S|7
4|7|260|162|58|164|4H|N|10
4|7|100|95|18|262|3H|N|8
4|7|141|289|185|8|2H|N|7
4|7|173|66|76|175|2H|S|9
4|7|11|210|292|74|2S|E|8
4|7|19|276|119|298|3S|W|8
4|7|252|143|299|89|3N|S|9
4|8|44|115|266|225|3N|W|8
4|8|242|9|75|102|3N|W|8
4|8|287|26|277|81|3N|W|8
4|8|260|162|58|164|3N|W|8
4|8|100|95|18|262|3N|W|8
4|8|141|289|185|8|2S|W|10
4|8|173|66|76|175|5C|W|10
4|8|11|210|292|74|3N|W|8
4|8|19|276|119|298|4C|W|10
4|8|252|143|299|89|4S|W|10
4|9|44|115|266|225|6S|S|12
4|9|242|9|75|102|6S|S|12
4|9|287|26|277|81|6S|S|13
4|9|260|162|58|164|6S|S|12
4|9|100|95|18|262|6S|S|12
4|9|141|289|185|8|4S|S|12
4|9|173|66|76|175|4S|S|12
4|9|11|210|292|74|4S|S|12
4|9|19|276|119|298|6S|S|13
4|9|252|143|299|89|6S|S|12
5|1|242|162|75|164|4S|N|10|H7
5|1|287|115|277|225|4S|S|11|D4
5|1|230|100|13|18|4S|N|10|H2
5|1|246|26|124|81|4S|N|10|H2
5|1|141|66|185|175|4S|N|11|S6
5|1|11|95|292|262|4S|N|12|C7
5|1|19|44|119|266|4S|N|10|H7
5|1|9|143|102|89|5S|N|11|H3
5|1|252|210|299|74|4S|N|10|S6
5|1|173|276|76|298|4S|N|11|S6
5|10|242|162|75|164|4S|E|10|C2
5|10|287|115|277|225|4S|E|10|DA
5|10|230|100|13|18|3C|N|8|SK
5|10|246|26|124|81|4S|E|10|DA
5|10|141|66|185|175|3S|E|10|DK
5|10|11|95|292|262|3S|E|10|DA
5|10|19|44|119|266|4H|E|10|DK
5|10|9|143|102|89|4H|E|10|DA
5|10|252|210|299|74|4S|E|10|S4
5|10|173|276|76|298|2S|E|10|DK
5|11|242|162|75|164|2D|N|9|D8
5|11|287|115|277|225|4S|W|8|HJ
5|11|230|100|13|18|2S|W|8|HK
5|11|246|26|124|81|1N|W|7|D2
5|11|141|66|185|175|2S|W|8|HK
5|11|11|95|292|262|2S|W|8
5|11|19|44|119|266|3NX|S|7|S6
5|11|9|143|102|89|3S|E|8|C8
5|11|252|210|299|74|3S|W|7|CT
5|11|173|276|76|298|3S|W|8|D3
5|12|242|162|75|164|4SX|S|10|D8
5|12|287|115|277|225|4S|S|11|H6
5|12|230|100|13|18|4S|S|9|D4
5|12|246|26|124|81|4S|S|10|D4
5|12|141|66|185|175|4S|N|10|C5
5|12|11|95|292|262|4S|N|10|H7
5|12|19|44|119|266|4S|S|10|D3
5|12|252|210|299|74|4S|S|11|CA
5|12|173|276|76|298|4S|S|10|D8
5|13|242|162|75|164|3N|N|9|S3
5|13|287|115|277|225|3N|N|9|S2
5|13|230|100|13|18|3N|N|10|S3
5|13|246|26|124|81|3N|N|10|S3
5|13|141|66|185|175|3N|N|10|S3
5|13|11|95|292|262|3N|N|11|S7
5|13|19|44|119|266|3N|N|9|D4
5|13|9|143|102|89|3N|N|10|S3
5|13|252|210|299|74|3N|N|8|S3
5|13|173|276|76|298|3N|N|11|S3
5|14|242|162|75|164|3N|N|12|HQ
5|14|287|115|277|225|3N|S|10|HT
5|14|230|100|13|18|6C|S|11|HT
5|14|246|26|124|81|6C|N|11|SJ
5|14|141|66|185|175|3N|N|11|H6
5|14|11|95|292|262|3N|N|11|SJ
5|14|19|44|119|266|3N|N|11|SJ
5|14|9|143|102|89|3N|N|11|HT
5|14|252|210|299|74|4N|S|12|HT
5|14|173|276|76|298|3N|S|11|H9
5|15|242|162|75|164|2S|S|10|CA
5|15|287|115|277|225|4S|S|10|CA
5|15|230|100|13|18|1N|W|7|D7
5|15|246|26|124|81|2S|N|11|DT
5|15|141|66|185|175|1D|W|5|C8
5|15|11|95|292|262|2S|S|10|CK
5|15|19|44|119|266|3C|S|8|D2
5|15|9|143|102|89|4S|S|10|CA
5|15|252|210|299|74|4S|S|10|CA
5|15|173|276|76|298|1N|W|6|DQ
5|16|242|162|75|164|5SX|N|10|C6
5|16|287|115|277|225|5D|E|11|S9
5|16|230|100|13|18|4S|N|10|C6
5|16|246|26|124|81|5SX|N|10|C6
5|16|141|66|185|175|5D|E|10|HA
5|16|11|95|292|262|5D|E|10|S7
5|16|19|44|119|266|5SX|N|10|C6
5|16|9|143|102|89|5SX|N|11|C5
5|16|252|210|299|74|5SX|N|11|C6
5|16|173|276|76|298|2C|W|10|SK
5|17|96|162|158|164|6H|W|13|S6
5|17|126|115|194|225|6D|W|12|D7
5|17|230|289|13|8|6D|W|12|S6
5|17|246|260|124|58|3N|W|13|S6
5|17|141|66|185|175|6H|W|13|S6
5|17|11|95|292|262|4H|E|13|D9
5|17|91|143|269|89|4H|E|13|C3
5|17|19|9|119|102|6H|E|13|C9
5|17|99|210|113|74|3N|E|13|C9
5|17|173|252|76|299|6N|W|13|DT
5|18|96|162|158|164|2S|S|8|DQ
5|18|126|115|194|225|3C|S|8|HA
5|18|230|289|13|8|3S|S|7|HA
5|18|246|260|124|58|2S|S|8|SQ
5|18|141|66|185|175|1NX|W|5|CT
5|18|11|95|292|262|2C|S|9|HK
5|18|91|143|269|89|2D|W|8|CT
5|18|19|9|119|102|2H|W|7|CT
5|18|99|210|113|74|2S|S|8|HA
5|18|173|252|76|299|2D|W|8|DK
5|19|96|162|158|164|4S|S|9|HA
5|19|126|115|194|225|4S|S|10|HA
5|19|230|289|13|8|4S|S|11|HA
5|19|246|260|124|58|4S|S|10|HA
5|19|141|66|185|175|4S|S|10|HK
5|19|11|95|292|262|4S|S|10|HA
5|19|91|143|269|89|2S|S|10|HA
5|19|19|9|119|102|4S|S|8|HK
5|19|99|210|113|74|4S|S|9|HA
5|19|173|252|76|299|4S|S|9|HA
5|2|242|162|75|164|3S|W|10|H3
5|2|287|115|277|225|2H|W|10|H2
5|2|230|100|13|18|4H|E|8|S8
5|2|246|26|124|81|4S|E|10|D3
5|2|141|66|185|175|4H|W|10|DQ
5|2|11|95|292|262|4S|W|10|DQ
5|2|19|44|119|266|4SX|W|10|DQ
5|2|9|143|102|89|2H|W|10|DQ
5|2|252|210|299|74|4S|W|10|SA
5|2|173|276|76|298|4H|W|10|H2
5|20|96|162|158|164|6C|E|11|SQ
5|20|126|115|194|225|2H|E|10|SQ
5|20|230|289|13|8|2H|W|11|CT
5|20|246|260|124|58|4H|W|10|D7
5|20|141|66|185|175|4H|E|10|SQ
5|20|11|95|292|262|3N|E|8|SQ
5|20|91|143|269|89|3N|E|9|D6
5|20|19|9|119|102|3D|S|5|S6
5|20|99|210|113|74|3N|E|9|D9
5|20|173|252|76|299|3N|E|10|D6
5|21|96|162|158|164|6H|E|12|D6
5|21|126|115|194|225|6H|W|12|C2
5|21|230|289|13|8|6H|E|12|C3
5|21|246|260|124|58|6H|E|12|D2
5|21|141|66|185|175|4H|E|11|C3
5|21|11|95|292|262|4H|E|11|C3
5|21|91|143|269|89|4H|E|11|C2
5|21|19|9|119|102|4H|E|13|C2
5|21|99|210|113|74|4H|E|11|C3
5|21|173|252|76|299|4H|E|12|H3
5|22|96|162|158|164|6C|E|12|SJ
5|22|126|115|194|225|6N|W|11|SJ
5|22|230|289|13|8|5C|E|11|SJ
5|22|246|260|124|58|6C|E|11|SJ
5|22|141|66|185|175|5C|E|11|SJ
5|22|11|95|292|262|5C|E|11|SJ
5|22|91|143|269|89|5C|E|11|SJ
5|22|19|9|119|102|6C|E|11|SJ
5|22|99|210|113|74|6C|E|11|SJ
5|22|173|252|76|299|7C|E|11|SJ
5|23|96|162|158|164|3S|E|8|H7
5|23|126|115|194|225|3H|N|9|D2
5|23|230|289|13|8|3H|N|10|D2
5|23|246|260|124|58|2S|W|7|D6
5|23|141|66|185|175|3S|E|7|H2
5|23|11|95|292|262|2S|W|7|S4
5|23|91|143|269|89|3S|E|7|H5
5|23|19|9|119|102|4H|N|10|D2
5|23|99|210|113|74|1N|W|7|H6
5|23|173|252|76|299|3H|N|10|D2
5|24|96|162|158|164|5S|N|9|D9
5|24|126|115|194|225|5S|S|10|HA
5|24|230|289|13|8|5S|S|10|HA
5|24|246|260|124|58|5DX|W|10|SK
5|24|141|66|185|175|4S|S|9|DK
5|24|11|95|292|262|5S|S|10|HA
5|24|91|143|269|89|5DX|W|10|CK
5|24|19|9|119|102|4S|S|9|DK
5|24|99|210|113|74|5DX|W|10|CA
5|24|173|252|76|299|5DX|W|10|CA
5|25|96|162|158|164|3S|E|10|C6
5|25|126|115|194|225|5CX|S|6|SK
5|25|230|289|13|8|4S|E|10|HQ
5|25|246|260|124|58|4S|E|10|D5
5|25|141|66|185|175|4S|W|11|C6
5|25|11|95|292|262|4S|W|10|S6
5|25|91|143|269|89|4S|W|10|C8
5|25|19|9|119|102|4S|E|10|HQ
5|25|99|210|113|74|4S|W|10|C6
5|25|173|252|76|299|4S|W|10|S2
5|26|96|162|158|164|3N|N|9|CT
5|26|126|115|194|225|3N|N|5|C4
5|26|230|289|13|8|3N|N|9|CT
5|26|246|260|124|58|2DX|E|6|H6
5|26|141|66|185|175|3N|N|9|C2
5|26|11|95|292|262|1N|E|5|D2
5|26|91|143|269|89|3N|S|9|S8
5|26|19|9|119|102|3N|N|8|CT
5|26|99|210|113|74|3N|S|9|C3
5|26|173|252|76|299|3N|N|9|CT
5|27|96|162|158|164|4S|S|12|D6
5|27|126|115|194|225|6S|S|12|D6
5|27|230|289|13|8|4S|S|12|S2
5|27|246|260|124|58|6S|S|12|S2
5|27|141|66|185|175|4S|S|12|S3
5|27|11|95|292|262|4S|S|12|D6
5|27|91|143|269|89|6S|S|12|S2
5|27|19|9|119|102|6S|S|12|S3
5|27|99|210|113|74|4S|S|12|S6
5|27|173|252|76|299|5S|S|12|S2
5|28|96|162|158|164|3N|E|9|H6
5|28|126|115|194|225|3N|W|9|H7
5|28|230|289|13|8|3N|E|12|S3
5|28|246|260|124|58|3N|W|10|S7
5|28|141|66|185|175|3N|E|10|H2
5|28|11|95|292|262|3N|E|9|HK
5|28|91|143|269|89|3N|W|10|S2
5|28|19|9|119|102|3N|W|12|H3
5|28|99|210|113|74|3N|W|9|H7
5|28|173|252|76|299|3N|E|9|C3
5|29|96|162|158|164|1S|E|9|S7
5|29|126|115|194|225|2H|W|10|CT
5|29|230|289|13|8|2H|E|9|H3
5|29|246|260|124|58|2H|E|9|C3
5|29|141|66|185|175|2S|W|9|C5
5|29|11|95|292|262|2H|W|9|CT
5|29|91|143|269|89|2H|W|10|SJ
5|29|19|9|119|102|1S|E|8|C6
5|29|99|210|113|74|1S|E|8|S3
5|29|173|252|76|299|1N|W|7|H8
5|3|242|162|75|164|7S|S|13|S6
5|3|287|115|277|225|6S|S|13|S2
5|3|230|100|13|18|6S|S|13|S2
5|3|246|26|124|81|7S|N|13|S2
5|3|141|66|185|175|7S|S|13|S2
5|3|11|95|292|262|6S|S|13|S6
5|3|19|44|119|266|4S|S|13|S6
5|3|9|143|102|89|6S|S|13|S3
5|3|252|210|299|74|6S|S|13|C8
5|3|173|276|76|298|7S|S|13|S2
5|30|96|162|158|164|2S|E|10|HA
5|30|126|115|194|225|2H|S|8|DK
5|30|230|289|13|8|3H|S|8|S3
5|30|246|260|124|58|2S|W|10|H6
5|30|141|66|185|175|3H|S|8|HQ
5|30|11|95|292|262|3H|S|8|DK
5|30|91|143|269|89|3H|N|8|SK
5|30|19|9|119|102|2N|S|8|S2
5|30|99|210|113|74|3H|N|8|S2
5|30|173|252|76|299|2H|S|8|CQ
5|31|96|162|158|164|3N|W|9|S4
5|31|126|115|194|225|3S|N|7|CA
5|31|230|289|13|8|3N|W|10|S4
5|31|246|260|124|58|3N|W|10|S4
5|31|141|66|185|175|1N|W|8|H5
5|31|11|95|292|262|3N|W|10|S4
5|31|91|143|269|89|3N|E|9|H3
5|31|19|9|119|102|2S|N|7|DA
5|31|99|210|113|74|3N|E|7|H7
5|31|173|252|76|299|3N|W|10|S4
5|32|96|162|158|164|2D|S|6|CJ
5|32|126|115|194|225|3S|S|8|CJ
5|32|230|289|13|8|2DX|S|4|CJ
5|32|246|260|124|58|2C|E|7|SK
5|32|141|66|185|175|2N|E|7|D5
5|32|11|95|292|262|2C|E|7|SK
5|32|91|143|269|89|3C|E|7|SK
5|32|19|9|119|102|3SX|S|7|CJ
5|32|99|210|113|74|3SX|S|7|CJ
5|32|173|252|76|299|2S|S|6|CJ
5|4|242|162|75|164|5S|W|13|SJ
5|4|287|115|277|225|7S|E|13|HJ
5|4|230|100|13|18|7S|W|13|DQ
5|4|246|26|124|81|6S|W|13|DQ
5|4|141|66|185|175|7S|W|13|SJ
5|4|11|95|292|262|6S|W|13|SJ
5|4|19|44|119|266|6S|W|13|CQ
5|4|9|143|102|89|6S|W|13|SJ
5|4|252|210|299|74|6S|W|13|SJ
5|4|173|276|76|298|6S|W|13|SJ
5|5|242|162|75|164|4SX|S|10|H3
5|5|287|115|277|225|4S|S|10|C4
5|5|230|100|13|18|2S|S|10|H6
5|5|246|26|124|81|4S|S|10|D6
5|5|141|66|185|175|4S|S|10|C5
5|5|11|95|292|262|2S|S|10|HT
5|5|19|44|119|266|4S|N|10|HQ
5|5|9|143|102|89|3N|N|11|C3
5|5|252|210|299|74|4S|S|10|HT
5|5|173|276|76|298|4S|S|10|D6
5|6|242|162|75|164|4S|N|10|HA
5|6|287|115|277|225|5HX|W|12|S3
5|6|230|100|13|18|4S|N|10|HA
5|6|246|26|124|81|6HX|W|11|ST
5|6|141|66|185|175|5S|N|10|D2
5|6|11|95|292|262|6C|N|10|HA
5|6|19|44|119|266|5HX|E|11|DQ
5|6|9|143|102|89|4H|E|11|S2
5|6|252|210|299|74|4S|N|10|H2
5|6|173|276|76|298|5H|E|11|DQ
5|7|242|162|75|164|3N|W|9|S2
5|7|287|115|277|225|3N|W|9|S2
5|7|230|100|13|18|3N|W|9|S7
5|7|246|26|124|81|3N|W|9|S7
5|7|141|66|185|175|3N|W|11|D4
5|7|11|95|292|262|3N|W|9|D8
5|7|19|44|119|266|3N|E|9|D6
5|7|9|143|102|89|3N|W|10|S2
5|7|252|210|299|74|3N|W|9|S2
5|7|173|276|76|298|3N|W|10|S2
5|8|242|162|75|164|6N|S|12|D8
5|8|287|115|277|225|5S|N|12|H3
5|8|230|100|13|18|5S|N|12|H6
5|8|246|26|124|81|5S|N|11|D4
5|8|141|66|185|175|3N|N|12|D3
5|8|11|95|292|262|3N|S|12|H8
5|8|19|44|119|266|4S|N|12|D7
5|8|9|143|102|89|3N|S|12|D8
5|8|252|210|299|74|5S|N|11|H4
5|8|173|276|76|298|4S|N|12|H6
5|9|242|162|75|164|4C|W|9|DT
5|9|287|115|277|225|4S|E|10|DA
5|9|230|100|13|18|5DX|N|8|HK
5|9|246|26|124|81|4S|E|10|S3
5|9|141|66|185|175|5S|E|10|DA
5|9|11|95|292|262|4S|W|10|S3
5|9|19|44|119|266|4S|E|10|H2
5|9|9|143|102|89|4S|E|10|H3
5|9|252|210|299|74|5DX|N|8|SA
5|9|173|276|76|298|5DX|N|8|SK
6|1|246|96|124|158|6S|N|12|C6
6|1|242|100|75|18|5S|N|13|HT
6|1|11|260|292|58|6S|N|12|C8
6|1|230|66|13|175|6S|N|12|C6
6|1|173|95|76|262|6S|N|12|C2
6|1|141|210|185|74|6S|N|12|C8
6|1|19|287|119|277|5S|N|12|C5
6|1|126|143|194|89|6S|N|12|C6
6|1|99|44|113|266|6S|N|13|H7
6|1|91|276|269|298|6S|N|12|C6
6|10|246|96|124|158|1N|E|5|H2
6|10|242|100|75|18|1S|W|7|HA
6|10|11|260|292|58|1C|E|6|H4
6|10|230|66|13|175|1N|E|5|H6
6|10|173|95|76|262|1H|S|8|C2
6|10|141|210|185|74|1N|E|5|DJ
6|10|19|287|119|277|1N|E|5|H8
6|10|126|143|194|89|1N|E|5|S8
6|10|99|44|113|266|1N|N|8|H4
6|10|91|276|269|298|1N|E|5|H2
6|11|246|96|124|158|4S|S|12|CA
6|11|242|100|75|18|4S|S|11|CA
6|11|11|260|292|58|4S|S|11|CK
6|11|230|66|13|175|4S|S|12|CK
6|11|173|95|76|262|4S|N|11|CK
6|11|141|210|185|74|4S|S|11|CA
6|11|19|287|119|277|4S|S|11|CA
6|11|126|143|194|89|4S|S|12|C9
6|11|99|44|113|266|6S|S|11|CK
6|11|91|276|269|298|4S|S|11|CK
6|12|246|96|124|158|3N|S|9|SA
6|12|242|100|75|18|3N|S|9|SQ
6|12|11|260|292|58|3C|N|10|HQ
6|12|230|66|13|175|3S|W|8|C4
6|12|173|95|76|262|2H|W|6|S4
6|12|141|210|185|74|3S|W|9|H2
6|12|19|287|119|277|3C|N|9|HQ
6|12|126|143|194|89|3N|S|9|SA
6|12|99|44|113|266|2N|N|9|ST
6|12|91|276|269|298|2S|W|7|H2
6|13|246|96|124|158|3S|W|9|HA
6|13|242|100|75|18|4H|S|6|SK
6|13|11|260|292|58|4HX|S|8|SK
6|13|230|66|13|175|3S|W|11|HA
6|13|173|95|76|262|2S|W|11|HK
6|13|141|210|185|74|4SX|W|9|HK
6|13|19|287|119|277|4SX|W|9|HK
6|13|126|143|194|89|3S|W|8|HK
6|13|99|44|113|266|4S|W|9|HA
6|13|91|276|269|298|4S|W|9|HA
6|14|246|96|124|158|3D|S|9|SQ
6|14|242|100|75|18|3D|S|9|SQ
6|14|11|260|292|58|2D|S|10|DJ
6|14|230|66|13|175|2D|S|10|DJ
6|14|173|95|76|262|3D|S|9|SQ
6|14|141|210|185|74|3D|S|9|ST
6|14|19|287|119|277|1N|S|8|C5
6|14|126|143|194|89|2D|S|9|SQ
6|14|99|44|113|266|3C|S|9|SQ
6|14|91|276|269|298|3D|S|9|SJ
6|15|246|96|124|158|2S|S|6|H9
6|15|242|100|75|18|2S|S|5|DJ
6|15|11|260|292|58|4H|W|8|CA
6|15|230|66|13|175|2D|W|7|HA
6|15|173|95|76|262|4H|W|9|S4
6|15|141|210|185|74|3C|N|7|DA
6|15|19|287|119|277|2S|S|5|DJ
6|15|126|143|194|89|2S|S|7|DJ
6|15|99|44|113|266|3H|W|10|S6
6|15|91|276|269|298|2N|W|7|C5
6|16|246|96|124|158|P||0
6|16|242|100|75|18|2S|N|7|HT
6|16|11|260|292|58|1H|W|8|H2
6|16|230|66|13|175|1N|E|6|S2
6|16|173|95|76|262|3D|N|6|HT
6|16|141|210|185|74|2H|E|7|H2
6|16|19|287|119|277|2H|E|8|H4
6|16|126|143|194|89|1N|E|7|H3
6|16|99|44|113|266|1N|N|7|C6
6|16|91|276|269|298|2S|N|7|CK
6|17|289|115|8|225|3D|N|9|S6
6|17|242|100|75|18|1N|N|8|S3
6|17|11|260|292|58|P||0
6|17|230|66|13|175|2D|N|9|HQ
6|17|173|95|76|262|1N|N|9|S3
6|17|141|210|185|74|2S|E|8|S5
6|17|19|162|119|164|3C|E|7|HJ
6|17|126|143|194|89|2S|E|8|S7
6|17|99|9|113|102|1N|N|8|C5
6|17|91|276|269|298|1N|N|8|S3
6|18|289|115|8|225|4S|N|10|CA
6|18|242|100|75|18|4S|N|10|CA
6|18|11|260|292|58|3S|N|10|S2
6|18|230|66|13|175|5CX|W|8|HK
6|18|173|95|76|262|4S|N|11|CA
6|18|141|210|185|74|4S|N|10|CA
6|18|19|162|119|164|4S|N|10|CK
6|18|126|143|194|89|4S|N|10|CA
6|18|99|9|113|102|4S|N|11|CK
6|18|91|276|269|298|4S|N|10|CK
6|19|289|115|8|225|4H|E|10|SJ
6|19|242|100|75|18|4H|W|8|C9
6|19|11|260|292|58|4H|W|10|H5
6|19|230|66|13|175|4H|E|9|SJ
6|19|173|95|76|262|4H|W|10|H5
6|19|141|210|185|74|4H|E|9|SJ
6|19|19|162|119|164|4H|E|9|DQ
6|19|126|143|194|89|4H|W|9|DQ
6|19|99|9|113|102|4H|W|10|H5
6|19|91|276|269|298|3H|E|9|SJ
6|2|246|96|124|158|3N|S|8|C3
6|2|242|100|75|18|6H|N|9|CA
6|2|11|260|292|58|2H|N|9|S7
6|2|230|66|13|175|3N|N|10|CJ
6|2|173|95|76|262|3N|N|9|CJ
6|2|141|210|185|74|4H|N|7|S7
6|2|19|287|119|277|3N|S|10|HQ
6|2|126|143|194|89|4H|N|7|D4
6|2|99|44|113|266|4H|S|9|S7
6|2|91|276|269|298|3N|N|9|CT
6|20|289|115|8|225|3N|E|8|D2
6|20|242|100|75|18|3N|E|8|D3
6|20|11|260|292|58|3N|E|9|D2
6|20|230|66|13|175|2S|E|6|H5
6|20|173|95|76|262|3N|E|10|H6
6|20|141|210|185|74|3HX|S|6|H2
6|20|19|162|119|164|2S|W|11|H7
6|20|126|143|194|89|3HX|S|7|C5
6|20|99|9|113|102|2S|W|8|H5
6|20|91|276|269|298|2S|W|11|H7
6|21|289|115|8|225|4H|E|10|SQ
6|21|242|100|75|18|4H|E|10|SQ
6|21|11|260|292|58|4H|E|10|SJ
6|21|230|66|13|175|4H|E|10|SQ
6|21|173|95|76|262|4H|E|9|D6
6|21|141|210|185|74|4H|E|10|D4
6|21|19|162|119|164|4H|E|10|SQ
6|21|126|143|194|89|4H|E|10|SQ
6|21|99|9|113|102|4H|E|10|SQ
6|21|91|276|269|298|4H|E|10|SQ
6|22|289|115|8|225|2S|N|7|HJ
6|22|242|100|75|18|2S|N|7|S3
6|22|11|260|292|58|1N|S|7|H3
6|22|230|66|13|175|2S|N|6|HJ
6|22|173|95|76|262|2S|N|7|HJ
6|22|141|210|185|74|1N|S|7|H6
6|22|19|162|119|164|3N|S|5|DK
6|22|126|143|194|89|1N|S|6|H3
6|22|99|9|113|102|1N|S|7|H6
6|22|91|276|269|298|2S|S|7|C5
6|23|289|115|8|225|4SX|W|9|H6
6|23|242|100|75|18|3S|W|9|H6
6|23|11|260|292|58|4S|W|9|H6
6|23|230|66|13|175|1D|S|7|H9
6|23|173|95|76|262|3S|W|9|H6
6|23|141|210|185|74|4SX|W|9|CA
6|23|19|162|119|164|3DX|S|5|C3
6|23|126|143|194|89|3S|W|10|H6
6|23|99|9|113|102|5C|S|10|SA
6|23|91|276|269|298|3S|W|9|H6
6|24|289|115|8|225|4H|S|10|DJ
6|24|242|100|75|18|4H|S|9|DJ
6|24|11|260|292|58|4H|S|10|S3
6|24|230|66|13|175|4H|S|9|CA
6|24|173|95|76|262|4H|N|10|S2
6|24|141|210|185|74|3N|S|10|DJ
6|24|19|162|119|164|4H|N|8|S2
6|24|126|143|194|89|4H|S|11|DJ
6|24|99|9|113|102|4H|S|11|DJ
6|24|91|276|269|298|4H|S|10|DT
6|25|289|115|8|225|2N|E|7|SA
6|25|242|100|75|18|2N|E|7|S6
6|25|11|260|292|58|2N|E|7|S6
6|25|230|66|13|175|3S|S|8|H6
6|25|173|95|76|262|2N|E|7|S6
6|25|141|210|185|74|5C|E|10|SK
6|25|19|162|119|164|2N|E|7|S5
6|25|126|143|194|89|3S|S|9|HT
6|25|99|9|113|102|2N|E|8|S6
6|25|91|276|269|298|2N|E|6|S6
6|26|289|115|8|225|4H|N|10|SK
6|26|242|100|75|18|4H|N|11|CT
6|26|11|260|292|58|4H|N|10|SK
6|26|230|66|13|175|4H|N|10|SQ
6|26|173|95|76|262|4H|N|11|SK
6|26|141|210|185|74|4H|N|11|SK
6|26|19|162|119|164|4H|N|11|SK
6|26|126|143|194|89|3D|S|11|C6
6|26|99|9|113|102|5H|N|11|SK
6|26|91|276|269|298|4H|N|10|SQ
6|27|289|115|8|225|1N|N|5|D2
6|27|242|100|75|18|1N|N|5|D4
6|27|11|260|292|58|1S|W|8|CA
6|27|230|66|13|175|1N|N|7|DQ
6|27|173|95|76|262|1N|E|8|C4
6|27|141|210|185|74|3D|E|8|C4
6|27|19|162|119|164|2H|S|7|S4
6|27|126|143|194|89|2S|W|8|CA
6|27|99|9|113|102|1N|N|5|D4
6|27|91|276|269|298|1H|N|5|DQ
6|28|289|115|8|225|3N|W|11|S5
6|28|242|100|75|18|3N|E|12|S4
6|28|11|260|292|58|3N|W|10|D4
6|28|230|66|13|175|3N|E|11|DQ
6|28|173|95|76|262|3N|W|11|S5
6|28|141|210|185|74|3N|W|10|D2
6|28|19|162|119|164|3N|W|11|D3
6|28|126|143|194|89|3N|W|11|D3
6|28|99|9|113|102|3N|E|11|D4
6|28|91|276|269|298|3N|W|10|D4
6|29|289|115|8|225|6S|S|12|C8
6|29|242|100|75|18|6S|S|12|C8
6|29|11|260|292|58|4S|N|12|D7
6|29|230|66|13|175|4S|N|13|C8
6|29|173|95|76|262|5S|S|12|C8
6|29|141|210|185|74|4S|N|12|D7
6|29|19|162|119|164|4S|N|12|D7
6|29|126|143|194|89|4S|N|12|D5
6|29|99|9|113|102|4S|S|12|C8
6|29|91|276|269|298|6S|S|12|C8
6|3|246|96|124|158|4H|E|8|SQ
6|3|242|100|75|18|4H|W|11|S5
6|3|11|260|292|58|4H|W|10|S6
6|3|230|66|13|175|4H|E|10|SQ
6|3|173|95|76|262|3H|W|11|S5
6|3|141|210|185|74|4SX|S|6|ST
6|3|19|287|119|277|4H|E|11|SQ
6|3|126|143|194|89|4H|E|11|SQ
6|3|99|44|113|266|2S|N|5|DQ
6|3|91|276|269|298|4H|W|11|D2
6|30|289|115|8|225|2H|W|8|SJ
6|30|242|100|75|18|2H|W|8|SJ
6|30|11|260|292|58|2D|E|10|S4
6|30|230|66|13|175|3N|E|8|S4
6|30|173|95|76|262|3D|E|10|C3
6|30|141|210|185|74|2D|E|10|S4
6|30|19|162|119|164|3D|E|9|D2
6|30|126|143|194|89|3H|W|7|SJ
6|30|99|9|113|102|3D|E|8|D2
6|30|91|276|269|298|3D|E|11|S8
6|31|289|115|8|225|4H|E|13|SJ
6|31|242|100|75|18|4H|E|13|SJ
6|31|11|260|292|58|4H|E|13|D6
6|31|230|66|13|175|4H|E|13|SJ
6|31|173|95|76|262|4H|E|13|SJ
6|31|141|210|185|74|4H|E|13|SJ
6|31|19|162|119|164|4H|W|13|S2
6|31|126|143|194|89|4H|W|13|D4
6|31|99|9|113|102|4H|E|13|SJ
6|31|91|276|269|298|4H|E|13|D6
6|32|289|115|8|225|2CX|N|5|DK
6|32|242|100|75|18|3N|E|10|S3
6|32|11|260|292|58|3N|E|10|C2
6|32|230|66|13|175|4H|E|10|C3
6|32|173|95|76|262|3N|E|10|C2
6|32|141|210|185|74|2CX|N|4|DA
6|32|19|162|119|164|2CX|N|5|DA
6|32|126|143|194|89|2CX|N|6|HQ
6|32|99|9|113|102|2CX|N|5|DK
6|32|91|276|269|298|5D|W|11|CK
6|4|246|96|124|158|1D|E|8|HK
6|4|242|100|75|18|1S|S|5|D4
6|4|11|260|292|58|1S|S|5|D9
6|4|230|66|13|175|1S|S|6|CT
6|4|173|95|76|262|1N|E|8|C4
6|4|141|210|185|74|2D|E|8|C5
6|4|19|287|119|277|2C|W|8|S7
6|4|126|143|194|89|2D|E|9|D6
6|4|99|44|113|266|2D|E|8|HK
6|4|91|276|269|298|2D|E|7|C4
6|5|246|96|124|158|4S|N|11|D3
6|5|242|100|75|18|4S|S|11|H2
6|5|11|260|292|58|4S|N|11|D9
6|5|230|66|13|175|2S|S|11|DQ
6|5|173|95|76|262|4S|N|11|CT
6|5|141|210|185|74|4S|N|11|S7
6|5|19|287|119|277|4S|S|11|DK
6|5|126|143|194|89|4S|S|11|DK
6|5|99|44|113|266|4S|N|11|C2
6|5|91|276|269|298|4S|S|11|DQ
6|6|246|96|124|158|3N|E|7|H5
6|6|242|100|75|18|2N|E|7|C8
6|6|11|260|292|58|3S|W|9|H4
6|6|230|66|13|175|2D|W|8|H6
6|6|173|95|76|262|3N|E|7|H5
6|6|141|210|185|74|4S|W|9|CA
6|6|19|287|119|277|1D|E|8|H3
6|6|126|143|194|89|3C|E|9|C6
6|6|99|44|113|266|3N|E|8|H5
6|6|91|276|269|298|4S|W|8|H4
6|7|246|96|124|158|2H|S|7|DT
6|7|242|100|75|18|4H|S|8|SK
6|7|11|260|292|58|4S|W|10|DK
6|7|230|66|13|175|4H|S|7|CJ
6|7|173|95|76|262|3S|W|10|DA
6|7|141|210|185|74|4H|S|7|D7
6|7|19|287|119|277|4S|W|11|DK
6|7|126|143|194|89|3C|E|10|C4
6|7|99|44|113|266|2S|W|11|DA
6|7|91|276|269|298|2S|W|11|DK
6|8|246|96|124|158|3N|S|11|S7
6|8|242|100|75|18|4N|S|11|D3
6|8|11|260|292|58|3H|N|9|D9
6|8|230|66|13|175|4N|S|11|D5
6|8|173|95|76|262|4H|N|8|D9
6|8|141|210|185|74|3N|S|10|D5
6|8|19|287|119|277|3N|S|10|D5
6|8|126|143|194|89|3N|S|10|D2
6|8|99|44|113|266|3N|S|10|D2
6|8|91|276|269|298|3N|N|10|D8
6|9|246|96|124|158|2H|S|6|S2
6|9|242|100|75|18|1N|E|8|CK
6|9|11|260|292|58|2H|S|6|S7
6|9|230|66|13|175|2H|S|6|S2
6|9|173|95|76|262|3D|W|10|H9
6|9|141|210|185|74|2H|S|6|S2
6|9|19|287|119|277|2S|N|6|HA
6|9|126|143|194|89|3D|E|10|CK
6|9|99|44|113|266|3N|E|8|CQ
6|9|91|276|269|298|1S|N|6|SA
7|1|115|66|225|175|3S|E|9|C9
7|1|11|242|82|270|4H|E|10|C9
7|1|260|95|58|262|4H|E|11|SJ
7|1|141|26|185|81|4S|E|7|C3
7|1|246|143|297|89|4H|E|9|H3
7|1|19|289|119|124|3N|W|8|S6
7|1|287|14|277|116|4H|E|9|C7
7|1|252|162|299|164|2H|E|9|SJ
7|1|9|210|102|74|4H|E|10|C2
7|1|173|91|76|269|4H|E|10|H3
7|10|115|66|225|175|4S|N|10|S4
7|10|11|242|82|270|4S|N|10|DA
7|10|260|95|58|262|4H|S|9|D4
7|10|141|26|185|81|4S|N|9|DK
7|10|246|143|297|89|3N|S|9|D7
7|10|19|289|119|124|4S|N|10|DA
7|10|287|14|277|116|4S|N|10|DA
7|10|252|162|299|164|4S|N|10|DA
7|10|9|210|102|74|3N|S|8|D7
7|10|173|91|76|269|3N|S|8|D3
7|11|115|66|225|175|4S|E|7|D7
7|11|11|242|82|270|3D|N|10|HK
7|11|260|95|58|262|1N|N|9|HK
7|11|141|26|185|81|3D|N|10|SJ
7|11|246|143|297|89|3S|E|7|D7
7|11|19|289|119|124|2S|E|7|D7
7|11|287|14|277|116|3D|N|9|S4
7|11|252|162|299|164|2D|N|9|HK
7|11|9|210|102|74|3D|N|9|S3
7|11|173|91|76|269|3S|E|7|D7
7|12|115|66|225|175|1N|E|6|SA
7|12|11|242|82|270|1N|W|6|ST
7|12|260|95|58|262|1N|E|6|CQ
7|12|141|26|185|81|1N|E|7|SA
7|12|246|143|297|89|4S|S|9|CK
7|12|19|289|119|124|2S|S|9|CA
7|12|287|14|277|116|3D|W|8|ST
7|12|252|162|299|164|3S|N|9|C6
7|12|9|210|102|74|3S|N|9|DA
7|12|173|91|76|269|2S|N|10|C4
7|13|115|66|225|175|4H|S|10|DA
7|13|11|242|82|270|4H|S|9|C7
7|13|260|95|58|262|4H|S|10|S6
7|13|141|26|185|81|4H|S|10|C4
7|13|246|143|297|89|4H|S|10|C7
7|13|19|289|119|124|4H|N|9|D2
7|13|287|14|277|116|4H|S|10|C2
7|13|252|162|299|164|4H|S|9|C7
7|13|9|210|102|74|3H|S|9|C8
7|13|173|91|76|269|4H|S|8|C7
7|14|115|66|225|175|5D|S|12|H7
7|14|11|242|82|270|5D|S|11|C6
7|14|260|95|58|262|3N|N|10|H6
7|14|141|26|185|81|3N|N|10|C4
7|14|246|143|297|89|5D|S|11|H8
7|14|19|289|119|124|3N|N|10|C2
7|14|287|14|277|116|1D|S|11|H3
7|14|252|162|299|164|3N|N|10|H5
7|14|9|210|102|74|3N|N|8|C9
7|14|173|91|76|269|3N|N|7|C7
7|15|115|66|225|175|3N|W|10|DT
7|15|11|242|82|270|3N|W|10|H6
7|15|260|95|58|262|3N|W|10|DT
7|15|141|26|185|81|3N|W|10|H6
7|15|246|143|297|89|3N|W|10|H6
7|15|19|289|119|124|3N|E|10|H9
7|15|287|14|277|116|3N|W|10|H9
7|15|252|162|299|164|3N|W|10|HT
7|15|9|210|102|74|3N|W|10|H6
7|15|173|91|76|269|3N|W|10|H6
7|16|115|66|225|175|3C|S|6|S7
7|16|11|242|82|270|2S|E|9|CK
7|16|260|95|58|262|3CX|S|6|S9
7|16|141|26|185|81|4S|E|9|D7
7|16|246|143|297|89|2S|E|8|D3
7|16|19|289|119|124|2S|E|9|CK
7|16|287|14|277|116|3S|E|8|D3
7|16|252|162|299|164|2S|E|9|CK
7|16|9|210|102|74|2S|E|9|D3
7|16|173|91|76|269|4S|E|8|S2
7|17|115|66|225|175|4H|W|11|DK
7|17|11|96|82|158|3S|W|8|DA
7|17|26|95|81|262|4H|W|10|DK
7|17|141|230|185|13|4H|E|8|DJ
7|17|289|143|124|89|4H|E|8|DJ
7|17|19|246|119|297|4H|E|9|DJ
7|17|287|276|277|298|4S|W|8|DA
7|17|252|126|299|194|4H|E|8|DJ
7|17|44|210|266|74|4H|W|9|DK
7|17|173|91|76|269|4H|E|9|DJ
7|18|115|66|225|175|2S|E|8|D3
7|18|11|96|82|158|1N|N|7|DT
7|18|26|95|81|262|2S|W|8|C7
7|18|141|230|185|13|1N|N|6|DT
7|18|289|143|124|89|1N|N|6|DT
7|18|19|246|119|297|3S|W|7|DA
7|18|287|276|277|298|1N|N|7|DT
7|18|252|126|299|194|1N|S|6|S9
7|18|44|210|266|74|1N|N|6|DT
7|18|173|91|76|269|1N|N|6|H9
7|19|115|66|225|175|3H|E|7|CA
7|19|11|96|82|158|3C|S|8|D6
7|19|26|95|81|262|3N|S|7|D5
7|19|141|230|185|13|3C|S|9|CQ
7|19|289|143|124|89|3D|W|10|C8
7|19|19|246|119|297|3N|S|8|D6
7|19|287|276|277|298|3C|S|9|D3
7|19|252|126|299|194|3N|S|9|D5
7|19|44|210|266|74|3CX|S|9|D4
7|19|173|91|76|269|3D|W|10|C5
7|2|115|66|225|175|5D|S|12|C3
7|2|11|242|82|270|3N|N|12|C6
7|2|260|95|58|262|3N|N|12|C2
7|2|141|26|185|81|3SX|E|6|DK
7|2|246|143|297|89|2SX|E|5|DA
7|2|19|289|119|124|5D|S|11|S5
7|2|287|14|277|116|3N|N|11|C8
7|2|252|162|299|164|2SX|E|6|DA
7|2|9|210|102|74|3N|N|9|S7
7|2|173|91|76|269|4H|N|7|DT
7|20|115|66|225|175|4S|S|11|H7
7|20|11|96|82|158|4S|S|11|H7
7|20|26|95|81|262|4S|S|11|C6
7|20|141|230|185|13|4S|S|11|H7
7|20|289|143|124|89|3N|N|6|DT
7|20|19|246|119|297|4S|S|11|D3
7|20|287|276|277|298|4S|S|11|C6
7|20|252|126|299|194|4S|S|11|D3
7|20|44|210|266|74|4S|S|9|H7
7|20|173|91|76|269|4S|S|10|H6
7|21|115|66|225|175|2S|N|7|HK
7|21|11|96|82|158|3H|W|8|D2
7|21|26|95|81|262|2S|N|7|HA
7|21|141|230|185|13|2S|S|7|D4
7|21|289|143|124|89|3H|W|7|SK
7|21|19|246|119|297|3D|W|8|SK
7|21|287|276|277|298|2S|N|8|HK
7|21|252|126|299|194|2S|N|7|HK
7|21|44|210|266|74|3H|W|8|SA
7|21|173|91|76|269|2S|N|7|HK
7|22|115|66|225|175|3N|E|8|D5
7|22|11|96|82|158|4S|W|11|H2
7|22|26|95|81|262|5S|E|11|C2
7|22|141|230|185|13|1D|W|10|SA
7|22|289|143|124|89|4S|W|11|C2
7|22|19|246|119|297|4S|W|11|C4
7|22|287|276|277|298|4H|E|10|CA
7|22|252|126|299|194|4S|W|11|SA
7|22|44|210|266|74|4S|W|11|C4
7|22|173|91|76|269|4S|W|10|C4
7|23|115|66|225|175|2H|E|8|CA
7|23|11|96|82|158|2N|E|9|S4
7|23|26|95|81|262|3N|W|8|C4
7|23|141|230|185|13|3D|W|11|C4
7|23|289|143|124|89|2H|E|9|CA
7|23|19|246|119|297|3N|W|8|C4
7|23|287|276|277|298|3D|W|11|C5
7|23|252|126|299|194|4H|E|9|CA
7|23|44|210|266|74|3N|W|8|C5
7|23|173|91|76|269|3N|W|8|C6
7|24|115|66|225|175|2C|W|7|HQ
7|24|11|96|82|158|1S|W|7|C5
7|24|26|95|81|262|1N|S|8|HA
7|24|141|230|185|13|1N|N|8|S3
7|24|289|143|124|89|1N|W|8|H3
7|24|19|246|119|297|1N|S|6|ST
7|24|287|276|277|298|1N|S|8|HK
7|24|252|126|299|194|1N|S|8|ST
7|24|44|210|266|74|1H|W|4|S2
7|24|173|91|76|269|1N|S|7|S9
7|25|115|66|225|175|5CX|S|7|H6
7|25|11|96|82|158|4H|E|11|SK
7|25|26|95|81|262|4H|E|10|SK
7|25|141|230|185|13|4HX|W|10|SK
7|25|289|143|124|89|4H|E|10|SK
7|25|19|246|119|297|4H|E|10|SK
7|25|287|276|277|298|4H|W|10|SJ
7|25|252|126|299|194|5HX|E|9|SK
7|25|44|210|266|74|4H|E|10|SK
7|25|173|91|76|269|6H|E|10|SK
7|26|115|66|225|175|3N|E|10|SK
7|26|11|96|82|158|3N|E|9|SK
7|26|26|95|81|262|3N|E|9|SK
7|26|141|230|185|13|2SX|S|7|HQ
7|26|289|143|124|89|3N|E|10|SK
7|26|19|246|119|297|3N|W|9|S3
7|26|287|276|277|298|4C|E|10|SJ
7|26|252|126|299|194|3N|W|9|S3
7|26|44|210|266|74|3N|E|7|SK
7|26|173|91|76|269|3N|E|10|SK
7|27|115|66|225|175|2S|W|11|D7
7|27|11|96|82|158|3N|E|11|HQ
7|27|26|95|81|262|2S|W|9|D7
7|27|141|230|185|13|2H|E|8|D6
7|27|289|143|124|89|3D|W|9|H7
7|27|19|246|119|297|2S|W|10|D7
7|27|287|276|277|298|4S|E|11|D8
7|27|252|126|299|194|3N|W|11|D7
7|27|44|210|266|74|3N|W|9|H3
7|27|173|91|76|269|3N|W|10|H9
7|28|115|66|225|175|3N|E|12|S7
7|28|11|96|82|158|3N|W|11|SJ
7|28|26|95|81|262|3N|W|12|C6
7|28|141|230|185|13|6D|W|12|SJ
7|28|289|143|124|89|3N|W|11|SJ
7|28|19|246|119|297|3N|E|12|S7
7|28|287|276|277|298|3N|W|11|SJ
7|28|252|126|299|194|7D|W|11|SJ
7|28|44|210|266|74|3N|E|11|C4
7|28|173|91|76|269|3N|E|11|C6
7|29|115|66|225|175|4H|W|10|DJ
7|29|11|96|82|158|2H|E|9|S4
7|29|26|95|81|262|4H|E|9|S8
7|29|141|230|185|13|2H|E|9|C5
7|29|289|143|124|89|3N|E|8|C5
7|29|19|246|119|297|3N|E|7|C4
7|29|287|276|277|298|4H|E|9|C3
7|29|252|126|299|194|4H|W|9|DJ
7|29|44|210|266|74|2H|E|9|C4
7|29|173|91|76|269|4H|W|9|C2
7|3|115|66|225|175|4H|W|10|S3
7|3|11|242|82|270|4H|W|10|D5
7|3|260|95|58|262|4H|W|10|H5
7|3|141|26|185|81|4H|W|10|D6
7|3|246|143|297|89|4H|W|10|CJ
7|3|19|289|119|124|4H|W|10|S3
7|3|287|14|277|116|4H|W|10|H5
7|3|252|162|299|164|4H|W|10|S3
7|3|9|210|102|74|4H|W|10|CT
7|3|173|91|76|269|4H|W|10|S3
7|30|115|66|225|175|4H|S|11|C8
7|30|11|96|82|158|2S|W|6|CA
7|30|26|95|81|262|4H|S|10|C3
7|30|141|230|185|13|4HX|S|10|D2
7|30|289|143|124|89|2S|W|6|CA
7|30|19|246|119|297|4H|S|9|SA
7|30|287|276|277|298|3N|N|10|SK
7|30|252|126|299|194|4SX|W|6|CK
7|30|44|210|266|74|4SX|W|6|CA
7|30|173|91|76|269|4H|S|10|D2
7|31|115|66|225|175|3D|S|8|C5
7|31|11|96|82|158|3D|S|8|S7
7|31|26|95|81|262|2H|W|7|CK
7|31|141|230|185|13|3D|S|8|CQ
7|31|289|143|124|89|3H|W|7|CA
7|31|19|246|119|297|3D|S|8|CQ
7|31|287|276|277|298|2D|S|8|S7
7|31|252|126|299|194|3NX|E|7|DK
7|31|44|210|266|74|3N|E|9|DA
7|31|173|91|76|269|3D|S|8|HA
7|32|115|66|225|175|4S|E|7|HA
7|32|11|96|82|158|3H|S|9|C2
7|32|26|95|81|262|4D|E|10|C8
7|32|141|230|185|13|5HX|N|9|CA
7|32|289|143|124|89|4H|N|9|CK
7|32|19|246|119|297|4H|N|9|DK
7|32|287|276|277|298|4H|N|9|DQ
7|32|252|126|299|194|3S|W|8|HK
7|32|44|210|266|74|4S|W|9|HK
7|32|173|91|76|269|3H|S|9|D2
7|4|115|66|225|175|3S|W|7|H3
7|4|11|242|82|270|2H|E|4|S6
7|4|260|95|58|262|3N|W|10|S3
7|4|141|26|185|81|3N|W|8|C7
7|4|246|143|297|89|2S|W|7|H3
7|4|19|289|119|124|1N|W|8|C3
7|4|287|14|277|116|3S|E|8|DT
7|4|252|162|299|164|2H|E|4|C5
7|4|9|210|102|74|3N|W|8|C7
7|4|173|91|76|269|3N|W|8|C3
7|5|115|66|225|175|2S|S|8|DT
7|5|11|242|82|270|4S|S|7|D3
7|5|260|95|58|262|3N|S|7|H4
7|5|141|26|185|81|3S|S|9|H8
7|5|246|143|297|89|4S|S|9|DT
7|5|19|289|119|124|2C|S|8|DT
7|5|287|14|277|116|2S|S|8|DT
7|5|252|162|299|164|2S|S|8|DT
7|5|9|210|102|74|2S|S|7|DT
7|5|173|91|76|269|2S|S|7|H4
7|6|115|66|225|175|5D|E|9|HK
7|6|11|242|82|270|5DX|E|10|HK
7|6|260|95|58|262|5DX|E|9|HK
7|6|141|26|185|81|5D|E|9|HK
7|6|246|143|297|89|3N|W|10|H9
7|6|19|289|119|124|3N|E|8|HK
7|6|287|14|277|116|5D|E|9|HJ
7|6|252|162|299|164|5D|E|10|HK
7|6|9|210|102|74|5D|E|9|HK
7|6|173|91|76|269|5D|E|9|HK
7|7|115|66|225|175|2H|E|6|H5
7|7|11|242|82|270|3N|W|6|SJ
7|7|260|95|58|262|3N|W|7|ST
7|7|141|26|185|81|2N|W|10|C6
7|7|246|143|297|89|3N|W|7|SJ
7|7|19|289|119|124|3N|W|6|ST
7|7|287|14|277|116|1N|W|8|ST
7|7|252|162|299|164|3N|W|5|SA
7|7|9|210|102|74|3N|W|6|ST
7|7|173|91|76|269|3N|W|8|C6
7|8|115|66|225|175|2H|W|9|S5
7|8|11|242|82|270|3H|E|8|D4
7|8|260|95|58|262|2H|W|10|S5
7|8|141|26|185|81|3H|W|11|DJ
7|8|246|143|297|89|2H|W|9|S5
7|8|19|289|119|124|3H|S|10|S5
7|8|287|14|277|116|3H|W|9|S2
7|8|252|162|299|164|3H|W|10|DJ
7|8|9|210|102|74|2N|E|9|D4
7|8|173|91|76|269|1N|E|9|D4
7|9|115|66|225|175|2H|S|10|DK
7|9|11|242|82|270|3H|S|9|DA
7|9|260|95|58|262|4SX|E|7|HA
7|9|141|26|185|81|2H|S|10|DK
7|9|246|143|297|89|3N|S|7|DK
7|9|19|289|119|124|4H|S|9|DA
7|9|287|14|277|116|3H|S|9|DA
7|9|252|162|299|164|3NX|S|7|DA
7|9|9|210|102|74|3H|S|9|DK
7|9|173|91|76|269|3N|N|7|S6
8|1|141|242|185|270|6H|S|11|D2
8|1|96|95|158|262|4H|N|11|DT
8|1|173|230|76|13|6C|N|11|D5
8|1|260|210|58|74|6H|N|11|S6
8|1|19|66|119|175|6H|N|11|D5
8|1|11|143|82|89|6H|N|11|D9
8|1|276|289|298|124|6H|S|10|SA
8|1|246|14|297|116|5H|N|11|HT
8|1|9|287|102|277|6H|N|10|D9
8|1|162|44|164|266|5H|N|12|D3
8|10|141|242|185|270|3N|N|9|S5
8|10|96|95|158|262|3N|N|10|S9
8|10|173|230|76|13|3N|N|10|D9
8|10|260|210|58|74|3N|N|9|S9
8|10|19|66|119|175|3N|N|9|C5
8|10|11|143|82|89|1N|N|9|S5
8|10|276|289|298|124|4H|S|8|DJ
8|10|246|14|297|116|3N|N|7|S6
8|10|9|287|102|277|3N|S|9|D3
8|10|162|44|164|266|3N|S|8|D7
8|11|141|242|185|270|4H|W|8|C4
8|11|96|95|158|262|4H|W|10|C4
8|11|173|230|76|13|2S|N|6|CA
8|11|260|210|58|74|3H|W|10|C4
8|11|19|66|119|175|3H|W|9|C4
8|11|11|143|82|89|4H|W|9|C4
8|11|276|289|298|124|2S|N|6|H2
8|11|246|14|297|116|2S|N|8|CA
8|11|9|287|102|277|3N|W|9|S4
8|11|162|44|164|266|4H|W|10|SQ
8|12|141|242|185|270|3H|S|9|D5
8|12|96|95|158|262|2H|S|9|SJ
8|12|173|230|76|13|2S|E|6|DT
8|12|260|210|58|74|4H|N|9|DA
8|12|19|66|119|175|4H|S|9|D6
8|12|11|143|82|89|3S|W|7|HA
8|12|276|289|298|124|2H|S|10|SJ
8|12|246|14|297|116|3N|N|9|DK
8|12|9|287|102|277|2H|S|9|CQ
8|12|162|44|164|266|2H|S|10|SJ
8|13|141|242|185|270|3N|E|8|S3
8|13|96|95|158|262|1D|N|7|HA
8|13|173|230|76|13|3N|E|8|H2
8|13|260|210|58|74|3N|E|8|S4
8|13|19|66|119|175|1N|N|5|C7
8|13|11|143|82|89|1NX|N|5|C4
8|13|276|289|298|124|3N|E|8|S3
8|13|246|14|297|116|3N|E|8|S3
8|13|9|287|102|277|3N|E|9|H3
8|13|162|44|164|266|3N|E|8|S3
8|14|141|242|185|270|4H|S|10|S2
8|14|96|95|158|262|4H|S|10|DJ
8|14|173|230|76|13|4H|S|10|S7
8|14|260|210|58|74|4H|N|10|H3
8|14|19|66|119|175|4H|S|11|S7
8|14|11|143|82|89|4H|N|10|C7
8|14|276|289|298|124|4H|S|11|S7
8|14|246|14|297|116|4H|S|10|C6
8|14|9|287|102|277|4H|S|10|S5
8|14|162|44|164|266|4H|S|11|S6
8|15|141|242|185|270|2S|N|9|HQ
8|15|96|95|158|262|3N|E|8|HA
8|15|173|230|76|13|3N|E|9|CQ
8|15|260|210|58|74|3N|E|8|HK
8|15|19|66|119|175|3H|N|8|DA
8|15|11|143|82|89|4D|W|10|C3
8|15|276|289|298|124|2S|N|9|HQ
8|15|246|14|297|116|2S|N|7|HQ
8|15|9|287|102|277|3N|W|8|C3
8|15|162|44|164|266|4HX|S|9|C3
8|16|141|242|185|270|6C|N|13|H2
8|16|96|95|158|262|4S|S|12|DA
8|16|173|230|76|13|6S|S|12|DA
8|16|260|210|58|74|6S|S|11|DA
8|16|19|66|119|175|3N|N|13|S7
8|16|11|143|82|89|3N|N|13|H2
8|16|276|289|298|124|6S|N|12|D7
8|16|246|14|297|116|6C|N|13|C6
8|16|9|287|102|277|4S|S|11|H6
8|16|162|44|164|266|4S|S|12|C2
8|17|95|96|262|158|3N|S|10|S9
8|17|115|141|225|185|3N|S|10|ST
8|17|173|26|76|81|4H|S|10|ST
8|17|260|210|58|74|3N|S|10|S4
8|17|19|66|119|175|1N|S|10|ST
8|17|11|143|82|89|3N|S|9|S3
8|17|276|289|298|124|3N|N|9|SQ
8|17|246|252|297|299|3N|S|10|S5
8|17|91|162|269|164|3N|S|10|S4
8|17|126|44|194|266|4H|S|10|H2
8|18|95|96|262|158|3N|S|8|SA
8|18|115|141|225|185|3H|N|7|S3
8|18|173|26|76|81|4SX|E|8|DK
8|18|260|210|58|74|3N|S|8|S7
8|18|19|66|119|175|4H|N|6|D6
8|18|11|143|82|89|2S|N|5|H2
8|18|276|289|298|124|3S|W|7|HK
8|18|246|252|297|299|3H|N|9|S3
8|18|91|162|269|164|4SX|W|5|S5
8|18|126|44|194|266|3SX|E|7|DK
8|19|95|96|262|158|4H|W|8|CK
8|19|115|141|225|185|3S|W|8|CA
8|19|173|26|76|81|3S|W|8|CK
8|19|260|210|58|74|2S|E|8|CA
8|19|19|66|119|175|2S|W|10|D3
8|19|11|143|82|89|4H|E|9|C8
8|19|276|289|298|124|2S|W|8|CK
8|19|246|252|297|299|4H|W|8|H7
8|19|91|162|269|164|4S|W|8|CA
8|19|126|44|194|266|5CX|N|9|S4
8|2|141|242|185|270|2H|W|7|D2
8|2|96|95|158|262|2H|W|8|DA
8|2|173|230|76|13|1N|W|7|HT
8|2|260|210|58|74|2H|W|7|S7
8|2|19|66|119|175|2N|E|6|C3
8|2|11|143|82|89|2H|W|7|DA
8|2|276|289|298|124|1N|E|7|SJ
8|2|246|14|297|116|2H|W|7|DA
8|2|9|287|102|277|2H|W|7|DA
8|2|162|44|164|266|2S|S|7|HK
8|20|95|96|262|158|2S|E|8|SK
8|20|115|141|225|185|3S|W|7|HT
8|20|173|26|76|81|2S|W|8|S3
8|20|260|210|58|74|3H|N|9|S7
8|20|19|66|119|175|3S|E|9|H4
8|20|11|143|82|89|3S|W|8|HT
8|20|276|289|298|124|2S|W|8|H9
8|20|246|252|297|299|3S|W|8|S3
8|20|91|162|269|164|2S|W|8|H6
8|20|126|44|194|266|3D|S|7|S6
8|21|95|96|262|158|7H|N|13|H2
8|21|115|141|225|185|6H|N|13|H5
8|21|173|26|76|81|6H|N|13|CT
8|21|260|210|58|74|6H|N|13|H2
8|21|19|66|119|175|4H|N|11|H3
8|21|11|143|82|89|7H|N|13|H2
8|21|276|289|298|124|6H|S|13|D5
8|21|246|252|297|299|7H|N|13|H9
8|21|91|162|269|164|7H|N|13|H3
8|21|126|44|194|266|6C|S|9|D5
8|22|95|96|262|158|4S|S|10|HJ
8|22|115|141|225|185|4S|N|10|H4
8|22|173|26|76|81|4H|E|10|C6
8|22|260|210|58|74|4SX|N|9|DK
8|22|19|66|119|175|4S|N|10|H4
8|22|11|143|82|89|5S|N|10|H4
8|22|276|289|298|124|3N|S|6|HJ
8|22|246|252|297|299|4SX|S|9|HJ
8|22|91|162|269|164|4H|E|7|C6
8|22|126|44|194|266|5SX|S|9|H6
8|23|95|96|262|158|3N|E|9|SJ
8|23|115|141|225|185|3N|E|12|D9
8|23|173|26|76|81|3N|E|9|DT
8|23|260|210|58|74|4S|W|10|C4
8|23|19|66|119|175|3N|E|9|D9
8|23|11|143|82|89|3N|E|11|SJ
8|23|276|289|298|124|3N|E|11|ST
8|23|246|252|297|299|3N|E|10|SJ
8|23|91|162|269|164|3N|E|11|SJ
8|23|126|44|194|266|3N|E|9|D9
8|24|95|96|262|158|2D|W|9|SK
8|24|115|141|225|185|3S|N|9|DK
8|24|173|26|76|81|3D|W|9|SK
8|24|260|210|58|74|3S|N|9|DK
8|24|19|66|119|175|2S|N|8|DK
8|24|11|143|82|89|3D|W|8|SA
8|24|276|289|298|124|3D|E|8|SQ
8|24|246|252|297|299|3S|N|9|DK
8|24|91|162|269|164|3C|N|8|DK
8|24|126|44|194|266|1S|N|9|H8
8|25|95|96|262|158|4H|N|10|CA
8|25|115|141|225|185|3H|N|10|CK
8|25|173|26|76|81|4H|N|10|CA
8|25|260|210|58|74|3H|N|10|CA
8|25|19|66|119|175|4H|N|10|SA
8|25|11|143|82|89|4H|N|10|SA
8|25|276|289|298|124|4C|E|9|HA
8|25|246|252|297|299|4H|S|10|D9
8|25|91|162|269|164|4H|N|10|CA
8|25|126|44|194|266|4H|N|10|CA
8|26|95|96|262|158|3N|W|11|D7
8|26|115|141|225|185|4H|E|11|D2
8|26|173|26|76|81|4H|E|11|H4
8|26|260|210|58|74|2C|E|9|H4
8|26|19|66|119|175|4H|W|12|HT
8|26|11|143|82|89|4H|E|11|H4
8|26|276|289|298|124|4H|E|10|H6
8|26|246|252|297|299|4H|W|11|D7
8|26|91|162|269|164|4H|W|11|D7
8|26|126|44|194|266|4H|W|11|D7
8|27|95|96|262|158|3H|N|10|SJ
8|27|115|141|225|185|4H|N|11|SJ
8|27|173|26|76|81|4H|S|10|H4
8|27|260|210|58|74|4H|N|11|DQ
8|27|19|66|119|175|4H|N|11|SJ
8|27|11|143|82|89|3H|N|10|CA
8|27|276|289|298|124|4H|N|11|D4
8|27|246|252|297|299|5H|N|10|DQ
8|27|91|162|269|164|4H|N|11|SJ
8|27|126|44|194|266|4H|N|11|SJ
8|28|95|96|262|158|3D|W|9|CA
8|28|115|141|225|185|3C|E|9|D5
8|28|173|26|76|81|1N|W|9|CK
8|28|260|210|58|74|3N|W|9|CA
8|28|19|66|119|175|3N|W|8|CK
8|28|11|143|82|89|3N|W|9|CA
8|28|276|289|298|124|3N|W|9|CK
8|28|246|252|297|299|3D|W|10|CA
8|28|91|162|269|164|3N|W|10|CK
8|28|126|44|194|266|2S|E|9|C8
8|29|95|96|262|158|6S|S|12|CT
8|29|115|141|225|185|6S|S|12|DK
8|29|173|26|76|81|6S|S|12|DQ
8|29|260|210|58|74|6S|S|12|DK
8|29|19|66|119|175|6S|N|12|HQ
8|29|11|143|82|89|6S|S|12|DK
8|29|276|289|298|124|6S|N|12|HQ
8|29|246|252|297|299|6S|S|13|DK
8|29|91|162|269|164|7S|S|12|H4
8|29|126|44|194|266|7S|N|12|S7
8|3|141|242|185|270|2N|S|8|S4
8|3|96|95|158|262|2N|S|8|S2
8|3|173|230|76|13|3N|S|8|S4
8|3|260|210|58|74|2N|S|8|S2
8|3|19|66|119|175|3N|S|9|S4
8|3|11|143|82|89|2N|S|9|HA
8|3|276|289|298|124|3N|S|9|HA
8|3|246|14|297|116|2N|S|8|S4
8|3|9|287|102|277|2N|S|8|S4
8|3|162|44|164|266|3N|S|9|S2
8|30|95|96|262|158|2S|N|12|CQ
8|30|115|141|225|185|3D|E|6|H3
8|30|173|26|76|81|1S|N|10|H8
8|30|260|210|58|74|4S|N|9|H9
8|30|19|66|119|175|4S|N|10|H8
8|30|11|143|82|89|4S|N|12|CQ
8|30|276|289|298|124|4S|N|10|H6
8|30|246|252|297|299|3C|S|7|HK
8|30|91|162|269|164|4S|N|12|S9
8|30|126|44|194|266|4S|N|12|S9
8|31|95|96|262|158|4S|S|11|C2
8|31|115|141|225|185|3N|S|11|H5
8|31|173|26|76|81|4S|S|11|H7
8|31|260|210|58|74|4S|S|11|H3
8|31|19|66|119|175|4S|S|11|H7
8|31|11|143|82|89|3N|S|11|H8
8|31|276|289|298|124|4S|S|11|H4
8|31|246|252|297|299|3N|S|11|D5
8|31|91|162|269|164|4S|S|11|C4
8|31|126|44|194|266|3N|S|11|D4
8|32|95|96|262|158|2S|E|10|H4
8|32|115|141|225|185|1N|W|9|DT
8|32|173|26|76|81|1N|W|8|DT
8|32|260|210|58|74|3N|E|10|H4
8|32|19|66|119|175|3N|W|8|DT
8|32|11|143|82|89|2S|W|10|DT
8|32|276|289|298|124|1N|W|8|D9
8|32|246|252|297|299|3S|E|9|D2
8|32|91|162|269|164|4S|W|9|DT
8|32|126|44|194|266|4S|W|10|D7
8|4|141|242|185|270|3N|N|9|D4
8|4|96|95|158|262|3N|N|9|S3
8|4|173|230|76|13|5C|N|10|H8
8|4|260|210|58|74|3N|N|9|D2
8|4|19|66|119|175|3N|N|12|S4
8|4|11|143|82|89|3N|N|9|D4
8|4|276|289|298|124|3N|N|9|D2
8|4|246|14|297|116|3N|N|10|S2
8|4|9|287|102|277|3N|N|9|D3
8|4|162|44|164|266|3N|N|11|S3
8|5|141|242|185|270|4H|E|11|D8
8|5|96|95|158|262|4H|E|11|H3
8|5|173|230|76|13|4H|E|11|D6
8|5|260|210|58|74|5HX|E|11|D6
8|5|19|66|119|175|5HX|E|11|S4
8|5|11|143|82|89|4SX|S|8|CA
8|5|276|289|298|124|4H|E|11|DQ
8|5|246|14|297|116|4H|E|11|D5
8|5|9|287|102|277|5HX|W|11|D5
8|5|162|44|164|266|5SX|S|8|CK
8|6|141|242|185|270|4S|N|10|S3
8|6|96|95|158|262|4S|N|10|CT
8|6|173|230|76|13|4S|N|10|D9
8|6|260|210|58|74|4S|N|11|H2
8|6|19|66|119|175|4S|N|10|CT
8|6|11|143|82|89|4S|N|10|DT
8|6|276|289|298|124|4S|N|10|DT
8|6|246|14|297|116|4S|N|11|DT
8|6|9|287|102|277|4S|N|10|DT
8|6|162|44|164|266|3N|N|12|DT
8|7|141|242|185|270|3N|W|9|S5
8|7|96|95|158|262|3N|W|9|S5
8|7|173|230|76|13|3N|W|7|C4
8|7|260|210|58|74|3N|W|8|C7
8|7|19|66|119|175|4H|W|9|H2
8|7|11|143|82|89|3H|W|9|C4
8|7|276|289|298|124|2H|W|10|H2
8|7|246|14|297|116|4H|W|9|H6
8|7|9|287|102|277|3N|W|9|S5
8|7|162|44|164|266|3D|W|10|D6
8|8|141|242|185|270|3N|N|10|D5
8|8|96|95|158|262|3S|S|11|DQ
8|8|173|230|76|13|3N|N|11|D5
8|8|260|210|58|74|4S|N|10|DA
8|8|19|66|119|175|3N|S|10|H3
8|8|11|143|82|89|3N|N|10|DK
8|8|276|289|298|124|3N|N|10|D2
8|8|246|14|297|116|3N|N|11|D3
8|8|9|287|102|277|3N|N|10|D3
8|8|162|44|164|266|3N|N|10|D4
8|9|141|242|185|270|4H|S|9|H7
8|9|96|95|158|262|3S|W|7|DA
8|9|173|230|76|13|4H|S|9|CJ
8|9|260|210|58|74|4H|S|9|CJ
8|9|19|66|119|175|4H|N|9|D7
8|9|11|143|82|89|4H|S|9|CJ
8|9|276|289|298|124|4H|S|9|DT
8|9|246|14|297|116|4H|S|9|H8
8|9|9|287|102|277|3H|S|9|CJ
8|9|162|44|164|266|4H|S|9|CJ
9|1|242|260|270|58|2N|S|9|D4
9|1|230|96|13|158|3N|S|10|C6
9|1|141|143|185|89|3N|S|9|C6
9|1|19|95|119|262|3N|S|9|D5
9|1|11|252|82|299|3N|S|9|C2
9|1|276|66|298|175|3N|S|8|D2
9|1|246|91|297|269|2S|N|11|H5
9|1|9|289|102|124|2N|S|9|D3
9|1|126|210|194|74|3N|S|9|DT
9|1|173|287|76|277|2N|S|10|C2
9|10|242|260|270|58|2S|S|5|DQ
9|10|230|96|13|158|3C|S|6|DQ
9|10|141|143|185|89|2S|S|7|DQ
9|10|19|95|119|262|2S|S|6|DQ
9|10|11|252|82|299|2S|S|6|DQ
9|10|276|66|298|175|2S|S|6|DQ
9|10|246|91|297|269|3D|W|10|S7
9|10|9|289|102|124|3D|W|10|S7
9|10|126|210|194|74|3S|S|7|DQ
9|10|173|287|76|277|3D|W|9|S7
9|11|242|260|270|58|2S|W|9|H8
9|11|230|96|13|158|2S|E|10|HQ
9|11|141|143|185|89|4S|W|9|H6
9|11|19|95|119|262|2S|W|10|H8
9|11|11|252|82|299|2S|E|10|D5
9|11|276|66|298|175|2S|E|10|HJ
9|11|246|91|297|269|2S|E|9|HQ
9|11|9|289|102|124|2S|W|9|H8
9|11|126|210|194|74|2S|E|10|H2
9|11|173|287|76|277|1N|W|10|C4
9|12|242|260|270|58|4D|S|10|CA
9|12|230|96|13|158|4D|S|10|CA
9|12|141|143|185|89|3N|S|10|S5
9|12|19|95|119|262|4N|N|7|CK
9|12|11|252|82|299|2H|N|9|CK
9|12|276|66|298|175|3D|S|10|S4
9|12|246|91|297|269|3D|S|9|CA
9|12|9|289|102|124|2D|S|10|CA
9|12|126|210|194|74|3H|N|9|CT
9|12|173|287|76|277|2D|S|10|CA
9|13|242|260|270|58|5S|S|12|SJ
9|13|230|96|13|158|4S|S|12|HA
9|13|141|143|185|89|6S|S|11|HA
9|13|19|95|119|262|4S|S|12|D3
9|13|11|252|82|299|6S|S|11|HA
9|13|276|66|298|175|4S|S|11|D4
9|13|246|91|297|269|4S|S|11|HA
9|13|9|289|102|124|4S|S|13|C9
9|13|126|210|194|74|6S|S|12|HA
9|13|173|287|76|277|5S|S|13|SJ
9|14|242|260|270|58|3N|W|9|H2
9|14|230|96|13|158|3N|W|10|S3
9|14|141|143|185|89|3N|W|10|SA
9|14|19|95|119|262|5CX|W|11|DK
9|14|11|252|82|299|5CX|W|11|SA
9|14|276|66|298|175|3C|W|11|DA
9|14|246|91|297|269|3N|E|9|SQ
9|14|9|289|102|124|4C|E|10|D4
9|14|126|210|194|74|3C|W|10|C9
9|14|173|287|76|277|3N|W|10|S2
9|15|242|260|270|58|4H|S|11|S2
9|15|230|96|13|158|5S|N|11|DQ
9|15|141|143|185|89|4S|N|11|DQ
9|15|19|95|119|262|4S|S|11|DA
9|15|11|252|82|299|4H|S|10|DA
9|15|276|66|298|175|5DX|W|8|S5
9|15|246|91|297|269|4S|N|11|DQ
9|15|9|289|102|124|4H|S|11|DA
9|15|126|210|194|74|4H|S|11|D2
9|15|173|287|76|277|4H|S|11|S4
9|16|242|260|270|58|3N|N|12|C3
9|16|230|96|13|158|3N|N|10|D5
9|16|141|143|185|89|4S|S|10|DT
9|16|19|95|119|262|3N|N|10|D3
9|16|11|252|82|299|3N|N|12|D5
9|16|276|66|298|175|3N|N|13|D4
9|16|246|91|297|269|3N|N|10|D6
9|16|9|289|102|124|3N|N|11|S3
9|16|126|210|194|74|2SX|E|1|HQ
9|16|173|287|76|277|3N|N|12|DA
9|17|115|26|225|81|4S|E|10|D5
9|17|230|242|13|270|5DX|N|8|CK
9|17|95|143|262|89|3N|N|3|CK
9|17|19|141|119|185|4S|W|10|DK
9|17|11|252|82|299|5DX|N|9|H5
9|17|276|66|298|175|4S|W|10|DK
9|17|246|44|297|266|3H|E|8|D5
9|17|9|289|102|124|4H|E|10|D3
9|17|126|210|194|74|3S|W|9|DK
9|17|173|287|76|164|4S|W|10|DA
9|18|115|26|225|81|2S|S|8|H6
9|18|230|242|13|270|2H|E|6|S6
9|18|95|143|262|89|2H|W|8|C4
9|18|19|141|119|185|1N|N|5|DJ
9|18|11|252|82|299|1N|E|9|D2
9|18|276|66|298|175|2SX|S|8|H6
9|18|246|44|297|266|2H|W|5|DK
9|18|9|289|102|124|2H|W|7|S7
9|18|126|210|194|74|1NX|E|8|D2
9|18|173|287|76|164|2H|E|6|S7
9|19|115|26|225|81|2D|N|5|HT
9|19|230|242|13|270|3N|W|9|DK
9|19|95|143|262|89|3N|W|9|DK
9|19|19|141|119|185|3N|W|9|DK
9|19|11|252|82|299|3N|W|7|DK
9|19|276|66|298|175|3N|W|11|DQ
9|19|246|44|297|266|5C|E|8|S2
9|19|9|289|102|124|3N|E|7|S4
9|19|126|210|194|74|3N|W|9|DK
9|19|173|287|76|164|3N|W|10|DK
9|2|242|260|270|58|3D|W|10|CA
9|2|230|96|13|158|4S|N|12|DJ
9|2|141|143|185|89|3C|S|12|H6
9|2|19|95|119|262|4S|N|12|S4
9|2|11|252|82|299|4S|N|13|DJ
9|2|276|66|298|175|4H|N|8|DJ
9|2|246|91|297|269|6C|N|12|DJ
9|2|9|289|102|124|3D|W|10|CK
9|2|126|210|194|74|5SX|N|13|S4
9|2|173|287|76|277|5DX|W|10|CA
9|20|115|26|225|81|2H|E|9|D4
9|20|230|242|13|270|3H|E|9|D6
9|20|95|143|262|89|2H|W|9|DT
9|20|19|141|119|185|2H|E|9|H2
9|20|11|252|82|299|2H|E|9|SK
9|20|276|66|298|175|2H|E|9|SQ
9|20|246|44|297|266|2H|E|9|D7
9|20|9|289|102|124|2H|E|9|D3
9|20|126|210|194|74|1N|W|10|H9
9|20|173|287|76|164|2H|E|9|SK
9|21|115|26|225|81|4SX|N|8|CK
9|21|230|242|13|270|4D|W|11|SK
9|21|95|143|262|89|5D|W|11|SK
9|21|19|141|119|185|3D|W|11|SK
9|21|11|252|82|299|5D|W|11|SA
9|21|276|66|298|175|4SX|N|8|CK
9|21|246|44|297|266|5DX|W|11|SA
9|21|9|289|102|124|3D|W|10|SK
9|21|126|210|194|74|5DX|W|11|SK
9|21|173|287|76|164|4D|W|11|SK
9|22|115|26|225|81|2S|S|6|HK
9|22|230|242|13|270|3D|E|6|C2
9|22|95|143|262|89|2N|E|6|C7
9|22|19|141|119|185|2H|E|9|DK
9|22|11|252|82|299|1N|W|8|C6
9|22|276|66|298|175|1N|E|9|S3
9|22|246|44|297|266|3H|W|9|SA
9|22|9|289|102|124|2H|E|8|DA
9|22|126|210|194|74|2H|W|9|SA
9|22|173|287|76|164|2H|W|8|SA
9|23|115|26|225|81|3N|W|10|H2
9|23|230|242|13|270|3N|W|10|CJ
9|23|95|143|262|89|3N|W|10|S5
9|23|19|141|119|185|4S|W|9|DT
9|23|11|252|82|299|3N|W|10|CJ
9|23|276|66|298|175|4S|W|10|H9
9|23|246|44|297|266|3N|W|10|H4
9|23|9|289|102|124|3N|W|10|D6
9|23|126|210|194|74|3N|W|10|S5
9|23|173|287|76|164|3N|W|10|S3
9|24|115|26|225|81|4S|N|10|DT
9|24|230|242|13|270|4S|S|11|DK
9|24|95|143|262|89|4S|N|10|DT
9|24|19|141|119|185|4S|N|10|D6
9|24|11|252|82|299|4S|N|11|DT
9|24|276|66|298|175|3D|W|9|H9
9|24|246|44|297|266|4S|S|11|DK
9|24|9|289|102|124|4S|N|10|DT
9|24|126|210|194|74|4S|N|10|DT
9|24|173|287|76|164|4S|N|11|DT
9|25|115|26|225|81|3S|W|9|SA
9|25|230|242|13|270|4C|N|10|ST
9|25|95|143|262|89|4S|W|9|CA
9|25|19|141|119|185|3C|N|9|ST
9|25|11|252|82|299|5CX|N|9|ST
9|25|276|66|298|175|3C|N|9|ST
9|25|246|44|297|266|3C|N|9|ST
9|25|9|289|102|124|3C|N|9|ST
9|25|126|210|194|74|3S|W|9|CA
9|25|173|287|76|164|3C|N|9|ST
9|26|115|26|225|81|2D|N|11|S4
9|26|230|242|13|270|2D|N|11|S6
9|26|95|143|262|89|3D|S|11|CK
9|26|19|141|119|185|2D|N|11|S7
9|26|11|252|82|299|2D|N|11|S6
9|26|276|66|298|175|2D|N|11|C4
9|26|246|44|297|266|5D|N|11|S6
9|26|9|289|102|124|2D|N|11|H3
9|26|126|210|194|74|2D|N|11|H2
9|26|173|287|76|164|1N|W|5|DK
9|27|115|26|225|81|2CX|N|7|D3
9|27|230|242|13|270|3S|W|7|CQ
9|27|95|143|262|89|2S|E|7|HA
9|27|19|141|119|185|2S|E|8|H3
9|27|11|252|82|299|2S|E|9|HA
9|27|276|66|298|175|3S|W|8|HQ
9|27|246|44|297|266|3S|E|8|DJ
9|27|9|289|102|124|2S|E|8|HA
9|27|126|210|194|74|2S|E|8|HA
9|27|173|287|76|164|2S|E|8|D6
9|28|115|26|225|81|4S|W|12|C5
9|28|230|242|13|270|6S|W|12|H4
9|28|95|143|262|89|6S|W|12|D5
9|28|19|141|119|185|6D|E|12|H5
9|28|11|252|82|299|6D|E|12|H2
9|28|276|66|298|175|6S|W|12|C8
9|28|246|44|297|266|6D|E|12|CT
9|28|9|289|102|124|6S|W|12|H5
9|28|126|210|194|74|3N|E|12|H5
9|28|173|287|76|164|6D|E|12|S9
9|29|115|26|225|81|4S|W|12|C5
9|29|230|242|13|270|4S|W|12|SJ
9|29|95|143|262|89|4S|W|12|C5
9|29|19|141|119|185|4S|W|12|SJ
9|29|11|252|82|299|4S|W|12|C2
9|29|276|66|298|175|2H|E|12|C9
9|29|246|44|297|266|4S|W|12|C5
9|29|9|289|102|124|4S|W|12|C5
9|29|126|210|194|74|4S|W|12|C4
9|29|173|287|76|164|4S|W|12|SJ
9|3|242|260|270|58|5H|N|12|SA
9|3|230|96|13|158|6D|N|12|D6
9|3|141|143|185|89|5SX|E|9|S2
9|3|19|95|119|262|5SX|E|9|C2
9|3|11|252|82|299|3H|N|12|SA
9|3|276|66|298|175|6CX|N|11|SK
9|3|246|91|297|269|5H|N|11|SJ
9|3|9|289|102|124|5D|S|12|S2
9|3|126|210|194|74|4H|N|11|SA
9|3|173|287|76|277|6DX|S|12|H3
9|30|115|26|225|81|3C|S|10|S4
9|30|230|242|13|270|3S|W|7|C4
9|30|95|143|262|89|3C|S|9|H7
9|30|19|141|119|185|3N|N|9|S4
9|30|11|252|82|299|1N|S|9|S4
9|30|276|66|298|175|3D|W|6|C5
9|30|246|44|297|266|3C|S|9|H7
9|30|9|289|102|124|3C|S|9|S4
9|30|126|210|194|74|2N|S|10|S6
9|30|173|287|76|164|3H|N|8|D8
9|31|115|26|225|81|2S|S|8|HQ
9|31|230|242|13|270|4S|N|8|H6
9|31|95|143|262|89|2HX|W|9|HK
9|31|19|141|119|185|3S|N|8|H5
9|31|11|252|82|299|4S|S|9|HQ
9|31|276|66|298|175|3N|N|4|C3
9|31|246|44|297|266|3S|S|9|HQ
9|31|9|289|102|124|2H|W|9|S3
9|31|126|210|194|74|3S|S|8|HQ
9|31|173|287|76|164|4S|N|9|C3
9|32|115|26|225|81|3D|S|9|HK
9|32|230|242|13|270|2N|S|7|S3
9|32|95|143|262|89|2D|S|9|HK
9|32|19|141|119|185|3N|N|7|C8
9|32|11|252|82|299|3N|S|10|S3
9|32|276|66|298|175|3N|S|7|HQ
9|32|246|44|297|266|2N|S|7|HK
9|32|9|289|102|124|2N|S|8|HQ
9|32|126|210|194|74|3N|S|7|HK
9|32|173|287|76|164|3N|N|7|C8
9|4|242|260|270|58|2S|W|8|DJ
9|4|230|96|13|158|1N|S|3|S6
9|4|141|143|185|89|2S|W|10|DJ
9|4|19|95|119|262|2SX|S|5|D9
9|4|11|252|82|299|3N|E|9|S2
9|4|276|66|298|175|2S|W|8|C2
9|4|246|91|297|269|1NX|S|4|S6
9|4|9|289|102|124|2D|E|7|SK
9|4|126|210|194|74|1N|S|4|S6
9|4|173|287|76|277|1N|E|9|S2
9|5|242|260|270|58|4S|E|10|H3
9|5|230|96|13|158|4S|E|10|H7
9|5|141|143|185|89|4S|E|10|C5
9|5|19|95|119|262|4S|W|10|H3
9|5|11|252|82|299|4S|E|10|C5
9|5|276|66|298|175|4S|E|10|S9
9|5|246|91|297|269|4S|E|10|H8
9|5|9|289|102|124|4S|E|10|H3
9|5|126|210|194|74|4S|E|10|C5
9|5|173|287|76|277|4S|E|10|S9
9|6|242|260|270|58|3N|E|9|D3
9|6|230|96|13|158|3N|E|8|D3
9|6|141|143|185|89|3N|W|9|D2
9|6|19|95|119|262|3N|W|8|SQ
9|6|11|252|82|299|3N|E|9|HT
9|6|276|66|298|175|3N|W|10|D2
9|6|246|91|297|269|3N|E|10|HT
9|6|9|289|102|124|3N|E|9|D3
9|6|126|210|194|74|3N|E|10|HT
9|6|173|287|76|277|3N|W|9|D2
9|7|242|260|270|58|3C|E|8|D7
9|7|230|96|13|158|1N|E|7|D8
9|7|141|143|185|89|1N|E|7|H5
9|7|19|95|119|262|2N|E|7|D7
9|7|11|252|82|299|1N|E|6|H5
9|7|276|66|298|175|1N|E|8|H2
9|7|246|91|297|269|1N|E|8|D8
9|7|9|289|102|124|3N|E|7|D3
9|7|126|210|194|74|3N|W|6|SJ
9|7|173|287|76|277|1N|E|6|H5
9|8|242|260|270|58|3S|N|9|S9
9|8|230|96|13|158|5HX|E|8|C9
9|8|141|143|185|89|4D|E|9|S8
9|8|19|95|119|262|4S|N|9|HK
9|8|11|252|82|299|5HX|E|9|CT
9|8|276|66|298|175|3S|N|9|S9
9|8|246|91|297|269|4S|N|8|HJ
9|8|9|289|102|124|4S|N|8|HK
9|8|126|210|194|74|5DX|E|8|S6
9|8|173|287|76|277|5SX|N|8|C7
9|9|242|260|270|58|5H|S|10|S3
9|9|230|96|13|158|4H|S|10|S3
9|9|141|143|185|89|5HX|S|10|S4
9|9|19|95|119|262|5S|E|9|DK
9|9|11|252|82|299|4H|S|10|S4
9|9|276|66|298|175|5S|E|10|DA
9|9|246|91|297|269|4H|S|10|S4
9|9|9|289|102|124|4H|S|10|S3
9|9|126|210|194|74|4H|S|10|S3
9|9|173|287|76|277|3H|S|10|S6
