1|1|200|122|191|128|6C|E|13|HK
1|1|139|131|130|97|7C|W|13|HJ
1|1|46|150|153|226|6C|W|13|S2
1|1|199|121|87|85|5C|W|13|HJ
1|1|250|65|284|63|5C|W|13|HJ
1|1|213|159|77|64|6C|W|13|HJ
1|1|6|20|241|140|5C|E|13|HQ
1|1|193|183|134|35|4C|W|13|D3
1|1|255|57|111|12|6C|W|13|S5
1|1|288|219|216|109|6C|E|13|S7
1|10|200|122|191|128|3D|W|9|S4
1|10|139|131|130|97|1N|E|7|HJ
1|10|46|150|153|226|1N|E|7|H5
1|10|199|121|87|85|1N|E|7|HJ
1|10|250|65|284|63|1N|E|7|HJ
1|10|213|159|77|64|1N|E|8|HJ
1|10|6|20|241|140|2H|N|7|DQ
1|10|193|183|134|35|1N|E|7|S3
1|10|255|57|111|12|1N|E|7|HJ
1|10|288|219|216|109|1N|E|7|HJ
1|11|200|122|191|128|5CX|W|9|D7
1|11|139|131|130|97|4S|S|10|HA
1|11|46|150|153|226|4S|S|10|CQ
1|11|199|121|87|85|4S|S|10|ST
1|11|250|65|284|63|3S|S|10|HA
1|11|213|159|77|64|5C|W|9|D7
1|11|6|20|241|140|5CX|W|8|D7
1|11|193|183|134|35|3S|S|10|DJ
1|11|255|57|111|12|5CX|W|10|D7
1|11|288|219|216|109|4S|S|10|CQ
1|12|200|122|191|128|3N|S|12|D5
1|12|139|131|130|97|3N|N|12|HT
1|12|46|150|153|226|3N|S|11|D6
1|12|199|121|87|85|3N|S|12|D5
1|12|250|65|284|63|3N|S|12|HA
1|12|213|159|77|64|3N|N|12|D5
1|12|6|20|241|140|3N|S|13|D6
1|12|193|183|134|35|4S|N|12|HT
1|12|255|57|111|12|3N|S|11|S5
1|12|288|219|216|109|5D|S|8|HA
1|13|200|122|191|128|2S|E|10|H4
1|13|139|131|130|97|2S|E|9|H8
1|13|46|150|153|226|4S|E|10|H4
1|13|199|121|87|85|2S|E|9|H4
1|13|250|65|284|63|1NX|N|6|SK
1|13|213|159|77|64|4S|E|9|H4
1|13|6|20|241|140|2HX|N|7|SK
1|13|193|183|134|35|4S|E|9|HJ
1|13|255|57|111|12|1S|E|9|H8
1|13|288|219|216|109|3S|E|10|H8
1|14|200|122|191|128|2S|S|10|H5
1|14|139|131|130|97|2S|S|9|H5
1|14|46|150|153|226|2S|N|8|S3
1|14|199|121|87|85|1N|S|8|S8
1|14|250|65|284|63|2S|N|8|S3
1|14|213|159|77|64|2S|S|8|S5
1|14|6|20|241|140|3D|W|8|C7
1|14|193|183|134|35|2C|W|5|S6
1|14|255|57|111|12|2S|S|9|D5
1|14|288|219|216|109|2S|N|9|C8
1|15|200|122|191|128|2N|S|8|HJ
1|15|139|131|130|97|2N|S|7|HJ
1|15|46|150|153|226|1N|S|8|C4
1|15|199|121|87|85|3N|S|8|D8
1|15|250|65|284|63|2S|S|8|D9
1|15|213|159|77|64|1N|S|7|C2
1|15|6|20|241|140|2S|N|10|D7
1|15|193|183|134|35|2S|S|7|D9
1|15|255|57|111|12|2S|N|8|H2
1|15|288|219|216|109|3N|S|8|C7
1|16|200|122|191|128|3H|N|9|CA
1|16|139|131|130|97|4H|N|9|SK
1|16|46|150|153|226|4H|N|9|SK
1|16|199|121|87|85|3H|N|9|SA
1|16|250|65|284|63|3H|N|9|SK
1|16|213|159|77|64|4H|N|8|SA
1|16|6|20|241|140|3H|N|9|CA
1|16|193|183|134|35|3H|N|8|D4
1|16|255|57|111|12|3H|N|9|CA
1|16|288|219|216|109|3H|N|9|SA
1|17|168|279|97|274|3N|E|9|SJ
1|17|139|200|130|131|3CX|N|7|HQ
1|17|78|150|110|226|3N|E|10|SJ
1|17|94|121|247|85|3N|E|9|SJ
1|17|250|73|284|36|3N|E|10|SJ
1|17|213|159|77|64|3N|E|10|SJ
1|17|6|20|241|140|3N|W|9|S4
1|17|193|183|134|35|3N|E|10|SJ
1|17|255|57|111|12|3N|E|10|SJ
1|17|288|296|216|206|3CX|N|8|HQ
1|18|168|279|97|274|2N|S|7|DQ
1|18|139|200|130|131|3N|N|9|C4
1|18|78|150|110|226|3N|S|7|DQ
1|18|94|121|247|85|3C|N|8|SQ
1|18|250|73|284|36|1CX|E|4|CA
1|18|213|159|77|64|3N|S|7|DQ
1|18|6|20|241|140|2HX|E|6|HK
1|18|193|183|134|35|2H|E|7|HA
1|18|255|57|111|12|3C|N|9|SQ
1|18|288|296|216|206|2N|S|7|DQ
1|19|168|279|97|274|4S|S|10|DQ
1|19|139|200|130|131|3S|N|7|H5
1|19|78|150|110|226|4S|S|10|DQ
1|19|94|121|247|85|4S|N|10|C2
1|19|250|73|284|36|2S|N|10|H5
1|19|213|159|77|64|2S|N|8|H5
1|19|6|20|241|140|4S|N|10|H2
1|19|193|183|134|35|6D|S|8|CA
1|19|255|57|111|12|2S|N|10|H2
1|19|288|296|216|206|2S|N|9|H2
1|2|200|122|191|128|3S|N|10|DK
1|2|139|131|130|97|5D|E|10|SQ
1|2|46|150|153|226|5H|W|10|DJ
1|2|199|121|87|85|3D|W|10|SQ
1|2|250|65|284|63|4H|W|11|SQ
1|2|213|159|77|64|3S|N|10|DK
1|2|6|20|241|140|3S|N|10|DK
1|2|193|183|134|35|3S|S|9|HK
1|2|255|57|111|12|5DX|E|10|SA
1|2|288|219|216|109|3S|N|10|DK
1|20|168|279|97|274|4S|W|10|CK
1|20|139|200|130|131|4S|W|10|CK
1|20|78|150|110|226|3S|W|10|CK
1|20|94|121|247|85|4S|E|11|DQ
1|20|250|73|284|36|3S|W|10|CK
1|20|213|159|77|64|4S|W|11|CK
1|20|6|20|241|140|4S|W|10|CQ
1|20|193|183|134|35|3S|W|10|CK
1|20|255|57|111|12|4S|W|10|CK
1|20|288|296|216|206|4S|W|10|CK
1|21|168|279|97|274|4H|W|8|DJ
1|21|139|200|130|131|4H|E|9|D6
1|21|78|150|110|226|2H|E|7|SQ
1|21|94|121|247|85|3D|N|8|HA
1|21|250|73|284|36|3D|N|8|C2
1|21|213|159|77|64|4H|W|8|DJ
1|21|6|20|241|140|3N|E|8|D3
1|21|193|183|134|35|3N|E|8|SQ
1|21|255|57|111|12|3C|E|9|D6
1|21|288|296|216|206|2H|E|8|SQ
1|22|168|279|97|274|4S|N|11|H4
1|22|139|200|130|131|4S|N|10|C5
1|22|78|150|110|226|4S|N|10|H5
1|22|94|121|247|85|4S|N|10|S4
1|22|250|73|284|36|4S|N|10|S4
1|22|213|159|77|64|4S|N|11|H4
1|22|6|20|241|140|4S|N|11|H5
1|22|193|183|134|35|4S|N|11|S4
1|22|255|57|111|12|4S|N|10|S8
1|22|288|296|216|206|4S|N|10|H5
1|23|168|279|97|274|4S|W|10|HJ
1|23|139|200|130|131|3N|E|9|D4
1|23|78|150|110|226|3S|E|9|D3
1|23|94|121|247|85|2D|S|8|DJ
1|23|250|73|284|36|4S|W|10|HJ
1|23|213|159|77|64|4S|E|10|H7
1|23|6|20|241|140|3DX|S|8|S7
1|23|193|183|134|35|2D|S|8|CA
1|23|255|57|111|12|4S|E|10|H6
1|23|288|296|216|206|2D|N|9|H8
1|24|168|279|97|274|3N|E|10|SJ
1|24|139|200|130|131|3N|W|12|S2
1|24|78|150|110|226|3D|W|12|S4
1|24|94|121|247|85|5D|W|12|HA
1|24|250|73|284|36|3N|E|11|SJ
1|24|213|159|77|64|3N|W|12|S5
1|24|6|20|241|140|5C|W|11|S4
1|24|193|183|134|35|5C|W|13|S4
1|24|255|57|111|12|3N|E|11|SJ
1|24|288|296|216|206|3N|E|11|SJ
1|25|168|279|97|274|2H|E|11|CA
1|25|139|200|130|131|2H|E|11|CA
1|25|78|150|110|226|3H|E|11|CA
1|25|94|121|247|85|3H|E|11|CA
1|25|250|73|284|36|5CX|S|10|C7
1|25|213|159|77|64|4C|N|10|DA
1|25|6|20|241|140|4H|W|11|CK
1|25|193|183|134|35|4H|E|11|CA
1|25|255|57|111|12|5CX|N|10|DK
1|25|288|296|216|206|4H|E|10|CA
1|26|168|279|97|274|5D|E|7|HA
1|26|139|200|130|131|4S|W|7|H8
1|26|78|150|110|226|5HX|S|8|SA
1|26|94|121|247|85|4S|E|7|H8
1|26|250|73|284|36|4S|W|6|H8
1|26|213|159|77|64|4SX|W|8|H8
1|26|6|20|241|140|4SX|W|8|H8
1|26|193|183|134|35|4SX|W|8|H8
1|26|255|57|111|12|4S|W|8|H8
1|26|288|296|216|206|3S|W|8|H8
1|27|168|279|97|274|3S|E|8|H6
1|27|139|200|130|131|3S|E|9|D4
1|27|78|150|110|226|3S|E|8|D5
1|27|94|121|247|85|3S|E|9|D4
1|27|250|73|284|36|3S|E|8|D5
1|27|213|159|77|64|4SX|E|8|D5
1|27|6|20|241|140|4H|N|9|SQ
1|27|193|183|134|35|4SX|E|8|H6
1|27|255|57|111|12|3D|N|10|SQ
1|27|288|296|216|206|3N|S|7|S4
1|28|168|279|97|274|2D|S|10|C8
1|28|139|200|130|131|3D|S|8|C7
1|28|78|150|110|226|1N|N|10|C2
1|28|94|121|247|85|3N|N|8|H3
1|28|250|73|284|36|1N|N|7|C5
1|28|213|159|77|64|1N|N|7|S9
1|28|6|20|241|140|3N|N|9|C2
1|28|193|183|134|35|1N|N|8|S9
1|28|255|57|111|12|3D|S|8|D2
1|28|288|296|216|206|1N|N|7|C2
1|29|168|279|97|274|4H|S|9|S9
1|29|139|200|130|131|6DX|E|7|CQ
1|29|78|150|110|226|4HX|N|9|DQ
1|29|94|121|247|85|4H|S|9|S9
1|29|250|73|284|36|4H|N|9|DQ
1|29|213|159|77|64|4H|S|9|D6
1|29|6|20|241|140|3N|N|6|DQ
1|29|193|183|134|35|4HX|N|9|DQ
1|29|255|57|111|12|3N|S|9|S9
1|29|288|296|216|206|4H|S|9|S6
1|3|200|122|191|128|3D|N|9|HJ
1|3|139|131|130|97|2D|N|9|H4
1|3|46|150|153|226|2D|N|9|CA
1|3|199|121|87|85|3N|N|8|C3
1|3|250|65|284|63|2D|N|9|H9
1|3|213|159|77|64|2D|N|9|H4
1|3|6|20|241|140|2D|N|9|CA
1|3|193|183|134|35|2D|N|9|H4
1|3|255|57|111|12|3D|N|9|CA
1|3|288|219|216|109|3D|S|9|HA
1|30|168|279|97|274|1N|W|7|C6
1|30|139|200|130|131|1N|W|6|C6
1|30|78|150|110|226|1N|W|7|C3
1|30|94|121|247|85|1N|W|7|C6
1|30|250|73|284|36|1N|W|7|C6
1|30|213|159|77|64|1N|W|7|C6
1|30|6|20|241|140|1N|W|9|C6
1|30|193|183|134|35|2H|S|5|C4
1|30|255|57|111|12|3HX|S|5|H2
1|30|288|296|216|206|2H|S|6|C4
1|31|168|279|97|274|3D|W|11|ST
1|31|139|200|130|131|3N|E|11|S8
1|31|78|150|110|226|3N|E|11|H6
1|31|94|121|247|85|3N|E|11|S8
1|31|250|73|284|36|3N|E|11|H3
1|31|213|159|77|64|6D|W|11|ST
1|31|6|20|241|140|3N|E|11|S3
1|31|193|183|134|35|3N|E|11|S6
1|31|255|57|111|12|3N|E|11|H3
1|31|288|296|216|206|3N|E|12|H3
1|32|168|279|97|274|3N|W|7|H4
1|32|139|200|130|131|3N|W|7|S8
1|32|78|150|110|226|3N|W|8|S2
1|32|94|121|247|85|3N|W|10|H4
1|32|250|73|284|36|3N|E|9|S3
1|32|213|159|77|64|3N|W|6|H4
1|32|6|20|241|140|3N|W|9|H4
1|32|193|183|134|35|3N|W|10|H4
1|32|255|57|111|12|3N|W|10|H4
1|32|288|296|216|206|3N|W|10|H4
1|4|200|122|191|128|4HX|S|7|S7
1|4|139|131|130|97|4S|E|10|S4
1|4|46|150|153|226|4S|E|10|HA
1|4|199|121|87|85|4SX|E|11|C2
1|4|250|65|284|63|4S|E|10|C9
1|4|213|159|77|64|4S|E|10|D5
1|4|6|20|241|140|4S|E|11|D5
1|4|193|183|134|35|4S|E|11|HA
1|4|255|57|111|12|4S|E|10|D4
1|4|288|219|216|109|3N|W|8|HK
1|5|200|122|191|128|3D|W|9|SK
1|5|139|131|130|97|2S|N|9|D3
1|5|46|150|153|226|3S|N|7|D3
1|5|199|121|87|85|2S|S|8|CK
1|5|250|65|284|63|2S|S|8|D2
1|5|213|159|77|64|3D|W|9|SK
1|5|6|20|241|140|2S|N|9|D4
1|5|193|183|134|35|2S|S|8|CK
1|5|255|57|111|12|3S|N|7|D4
1|5|288|219|216|109|3D|E|9|H4
1|6|200|122|191|128|3S|E|10|S7
1|6|139|131|130|97|2S|E|10|DK
1|6|46|150|153|226|4S|E|9|HA
1|6|199|121|87|85|2S|E|10|C3
1|6|250|65|284|63|3S|E|10|HA
1|6|213|159|77|64|2S|E|11|C4
1|6|6|20|241|140|3S|E|10|C4
1|6|193|183|134|35|2S|E|10|HA
1|6|255|57|111|12|2S|E|10|DK
1|6|288|219|216|109|2S|W|10|C4
1|7|200|122|191|128|4H|S|11|C6
1|7|139|131|130|97|2H|S|10|S7
1|7|46|150|153|226|4H|S|10|C4
1|7|199|121|87|85|4H|N|10|C3
1|7|250|65|284|63|4H|N|10|C9
1|7|213|159|77|64|4H|S|10|DA
1|7|6|20|241|140|4H|N|10|SA
1|7|193|183|134|35|4H|S|10|S7
1|7|255|57|111|12|4H|S|10|DA
1|7|288|219|216|109|4H|S|10|S6
1|8|200|122|191|128|2H|W|8|S5
1|8|139|131|130|97|2H|W|8|CQ
1|8|46|150|153|226|3C|S|6|HT
1|8|199|121|87|85|2H|W|9|D4
1|8|250|65|284|63|2H|W|8|CQ
1|8|213|159|77|64|3S|N|7|H2
1|8|6|20|241|140|2H|W|8|SA
1|8|193|183|134|35|3H|W|9|CQ
1|8|255|57|111|12|2H|W|8|S6
1|8|288|219|216|109|2H|E|8|D4
1|9|200|122|191|128|2D|W|7|CA
1|9|139|131|130|97|2H|S|8|DK
1|9|46|150|153|226|3H|N|9|SQ
1|9|199|121|87|85|4H|S|9|DK
1|9|250|65|284|63|1NX|N|7|SQ
1|9|213|159|77|64|1N|N|8|SQ
1|9|6|20|241|140|2H|S|8|DK
1|9|193|183|134|35|2H|S|9|DK
1|9|255|57|111|12|1N|E|6|CT
1|9|288|219|216|109|1N|N|7|DQ
2|1|199|168|87|131|4H|N|10|C8
2|1|200|94|191|247|5DX|E|7|H2
2|1|213|78|77|110|5HX|N|10|SK
2|1|46|65|153|63|4DX|E|8|H2
2|1|20|159|134|64|3H|N|10|DK
2|1|250|235|284|140|4H|N|10|C8
2|1|288|183|216|35|5HX|N|11|DK
2|1|6|57|241|12|5H|N|10|C8
2|1|122|219|128|109|4H|N|10|SK
2|1|296|279|206|274|4H|N|10|C8
2|10|199|168|87|131|2S|E|9|HJ
2|10|200|94|191|247|2S|E|10|HJ
2|10|213|78|77|110|1S|S|3|S3
2|10|46|65|153|63|2H|E|10|C3
2|10|20|159|134|64|2S|W|10|CA
2|10|250|235|284|140|3H|E|9|D7
2|10|288|183|216|35|3H|E|10|C2
2|10|6|57|241|12|4H|E|10|C3
2|10|122|219|128|109|4H|E|10|SA
2|10|296|279|206|274|2N|E|10|C3
2|11|199|168|87|131|3D|E|10|HK
2|11|200|94|191|247|3H|S|8|DT
2|11|213|78|77|110|2H|S|7|DT
2|11|46|65|153|63|2N|N|10|D5
2|11|20|159|134|64|2H|W|5|C2
2|11|250|235|284|140|3D|E|9|C7
2|11|288|183|216|35|1N|N|9|S9
2|11|6|57|241|12|3N|S|9|S3
2|11|122|219|128|109|2H|S|8|SA
2|11|296|279|206|274|2H|S|7|DT
2|12|199|168|87|131|P||0
2|12|200|94|191|247|2C|N|8|S9
2|12|213|78|77|110|P||0
2|12|46|65|153|63|4SX|E|7|C4
2|12|20|159|134|64|1N|W|8|CQ
2|12|250|235|284|140|2S|W|7|CQ
2|12|288|183|216|35|2S|W|8|CQ
2|12|6|57|241|12|2C|N|7|ST
2|12|122|219|128|109|3C|N|8|ST
2|12|296|279|206|274|2S|W|7|CQ
2|13|199|168|87|131|3N|W|9|S2
2|13|200|94|191|247|3N|W|9|S2
2|13|213|78|77|110|3N|W|9|S2
2|13|46|65|153|63|3N|W|9|S2
2|13|20|159|134|64|3N|W|9|S2
2|13|250|235|284|140|3N|W|9|S2
2|13|288|183|216|35|3N|W|9|S2
2|13|6|57|241|12|5D|E|9|SA
2|13|122|219|128|109|3N|W|9|S2
2|13|296|279|206|274|3D|E|11|SA
2|14|199|168|87|131|3C|S|8|SA
2|14|200|94|191|247|3D|E|8|HQ
2|14|213|78|77|110|3DX|E|7|HQ
2|14|46|65|153|63|3DX|E|8|HQ
2|14|20|159|134|64|3C|S|8|SA
2|14|250|235|284|140|3C|S|9|SA
2|14|288|183|216|35|3DX|E|8|ST
2|14|6|57|241|12|3C|S|9|SK
2|14|122|219|128|109|4H|S|5|SA
2|14|296|279|206|274|4D|E|8|ST
2|15|199|168|87|131|4S|E|10|CA
2|15|200|94|191|247|3N|W|6|CT
2|15|213|78|77|110|4S|E|10|CA
2|15|46|65|153|63|4S|E|11|CA
2|15|20|159|134|64|4S|E|9|CA
2|15|250|235|284|140|4S|W|11|CT
2|15|288|183|216|35|4S|E|11|CA
2|15|6|57|241|12|4S|E|10|CA
2|15|122|219|128|109|5S|E|11|CA
2|15|296|279|206|274|4S|E|11|D6
2|16|199|168|87|131|4H|E|9|C4
2|16|200|94|191|247|3N|E|11|HT
2|16|213|78|77|110|3D|S|7|H3
2|16|46|65|153|63|4H|E|9|C4
2|16|20|159|134|64|4H|E|8|C4
2|16|250|235|284|140|4H|E|8|C4
2|16|288|183|216|35|3N|W|9|D7
2|16|6|57|241|12|2H|E|8|C4
2|16|122|219|128|109|4H|E|9|C4
2|16|296|279|206|274|4H|E|9|HT
2|17|199|168|87|97|3H|S|8|S3
2|17|200|150|191|226|3H|S|8|H3
2|17|73|78|36|110|3H|S|8|S3
2|17|121|65|85|63|2H|S|8|S5
2|17|193|159|134|64|4D|W|9|C3
2|17|250|20|284|235|3D|W|8|C6
2|17|288|183|216|35|4D|E|9|HA
2|17|6|57|241|12|4H|S|8|H3
2|17|139|219|130|109|4H|S|9|CA
2|17|255|279|111|274|2H|S|9|S5
2|18|199|168|87|97|4S|E|9|HK
2|18|200|150|191|226|5CX|S|10|S3
2|18|73|78|36|110|4S|E|9|CA
2|18|121|65|85|63|4S|E|9|H2
2|18|193|159|134|64|4S|E|9|CA
2|18|250|20|284|235|3S|E|9|CA
2|18|288|183|216|35|4S|E|10|HK
2|18|6|57|241|12|4S|E|9|D4
2|18|139|219|130|109|4S|E|10|HK
2|18|255|279|111|274|4S|W|11|C6
2|19|199|168|87|97|4S|S|9|D4
2|19|200|150|191|226|4S|S|9|CA
2|19|73|78|36|110|4S|S|10|D4
2|19|121|65|85|63|4S|S|10|CA
2|19|193|159|134|64|4S|S|10|D4
2|19|250|20|284|235|4S|S|9|D4
2|19|288|183|216|35|4S|S|8|CA
2|19|6|57|241|12|4S|S|8|CA
2|19|139|219|130|109|4S|S|9|D4
2|19|255|279|111|274|4S|S|10|D4
2|2|199|168|87|131|4H|W|9|SA
2|2|200|94|191|247|4H|E|11|SA
2|2|213|78|77|110|5HX|E|9|SA
2|2|46|65|153|63|4H|W|10|SJ
2|2|20|159|134|64|4H|W|10|SJ
2|2|250|235|284|140|3N|E|8|S6
2|2|288|183|216|35|4H|E|10|SA
2|2|6|57|241|12|4H|E|10|SK
2|2|122|219|128|109|3H|W|11|SJ
2|2|296|279|206|274|4S|S|8|CK
2|20|199|168|87|97|4H|E|10|C6
2|20|200|150|191|226|4H|E|10|D5
2|20|73|78|36|110|5D|E|12|SA
2|20|121|65|85|63|4H|E|10|SA
2|20|193|159|134|64|4H|E|10|D6
2|20|250|20|284|235|4H|W|10|C8
2|20|288|183|216|35|4H|W|10|HQ
2|20|6|57|241|12|4H|W|10|HQ
2|20|139|219|130|109|4H|E|10|C2
2|20|255|279|111|274|4H|W|10|C4
2|21|199|168|87|97|4HX|E|9|CK
2|21|200|150|191|226|5C|S|9|DA
2|21|73|78|36|110|3N|N|6|D5
2|21|121|65|85|63|3N|N|9|SJ
2|21|193|159|134|64|3N|N|10|SJ
2|21|250|20|284|235|4C|S|10|DA
2|21|288|183|216|35|3N|N|8|H5
2|21|6|57|241|12|3N|N|6|D6
2|21|139|219|130|109|3N|S|8|H3
2|21|255|279|111|274|4CX|S|8|SA
2|22|199|168|87|97|1N|S|7|SA
2|22|200|150|191|226|3H|E|5|S2
2|22|73|78|36|110|2S|W|8|D5
2|22|121|65|85|63|2C|S|6|SK
2|22|193|159|134|64|2S|W|7|S8
2|22|250|20|284|235|2S|W|7|DK
2|22|288|183|216|35|3N|W|8|CJ
2|22|6|57|241|12|1N|E|8|D4
2|22|139|219|130|109|1N|S|7|SA
2|22|255|279|111|274|2S|W|9|S3
2|23|199|168|87|97|3N|E|11|ST
2|23|200|150|191|226|3N|W|10|S6
2|23|73|78|36|110|3N|E|11|ST
2|23|121|65|85|63|6NX|W|11|C8
2|23|193|159|134|64|6N|W|11|C8
2|23|250|20|284|235|3N|W|10|C8
2|23|288|183|216|35|6NX|W|11|C7
2|23|6|57|241|12|6D|E|10|CA
2|23|139|219|130|109|6N|E|11|CA
2|23|255|279|111|274|4N|W|11|S2
2|24|199|168|87|97|2S|S|7|C5
2|24|200|150|191|226|3H|N|7|CK
2|24|73|78|36|110|3H|N|8|D6
2|24|121|65|85|63|3S|S|8|H7
2|24|193|159|134|64|3H|S|8|S7
2|24|250|20|284|235|3C|S|6|S7
2|24|288|183|216|35|3NX|W|5|H4
2|24|6|57|241|12|3NX|W|6|C7
2|24|139|219|130|109|3D|W|7|C7
2|24|255|279|111|274|2H|N|9|CK
2|25|199|168|87|97|4H|W|9|DA
2|25|200|150|191|226|4H|W|9|DA
2|25|73|78|36|110|3N|W|8|S7
2|25|121|65|85|63|4C|E|12|S5
2|25|193|159|134|64|3S|S|9|C4
2|25|250|20|284|235|3S|S|9|DT
2|25|288|183|216|35|3S|S|9|C4
2|25|6|57|241|12|4SX|S|8|C2
2|25|139|219|130|109|4H|W|10|DA
2|25|255|279|111|274|3H|W|10|DA
2|26|199|168|87|97|5C|S|12|HT
2|26|200|150|191|226|3N|N|9|H2
2|26|73|78|36|110|4S|S|11|H7
2|26|121|65|85|63|6C|S|12|HT
2|26|193|159|134|64|4S|S|11|HT
2|26|250|20|284|235|4S|S|11|H6
2|26|288|183|216|35|3N|N|9|H2
2|26|6|57|241|12|3N|N|8|H2
2|26|139|219|130|109|3N|N|9|H2
2|26|255|279|111|274|4S|S|11|HT
2|27|199|168|87|97|4D|N|10|HA
2|27|200|150|191|226|3N|N|9|H2
2|27|73|78|36|110|3N|N|12|C7
2|27|121|65|85|63|3N|N|11|H2
2|27|193|159|134|64|3N|S|9|HT
2|27|250|20|284|235|3N|N|9|H2
2|27|288|183|216|35|3N|N|8|H2
2|27|6|57|241|12|3N|S|9|ST
2|27|139|219|130|109|3N|N|9|HA
2|27|255|279|111|274|3N|N|9|H2
2|28|199|168|87|97|4H|E|9|HJ
2|28|200|150|191|226|4H|E|10|CQ
2|28|73|78|36|110|4H|E|9|HJ
2|28|121|65|85|63|4H|E|9|HJ
2|28|193|159|134|64|2H|W|9|S6
2|28|250|20|284|235|4H|E|9|HJ
2|28|288|183|216|35|4H|E|10|S2
2|28|6|57|241|12|4H|W|9|S6
2|28|139|219|130|109|4H|W|9|D2
2|28|255|279|111|274|4H|W|9|S7
2|29|199|168|87|97|2H|E|9|SK
2|29|200|150|191|226|3H|W|10|S4
2|29|73|78|36|110|2S|S|8|CK
2|29|121|65|85|63|3H|E|10|SK
2|29|193|159|134|64|3H|W|9|CQ
2|29|250|20|284|235|3H|W|9|CQ
2|29|288|183|216|35|3H|W|10|S5
2|29|6|57|241|12|2S|S|7|HK
2|29|139|219|130|109|3D|N|8|HQ
2|29|255|279|111|274|3H|W|9|CQ
2|3|199|168|87|131|4DX|S|8|HA
2|3|200|94|191|247|3D|S|8|HK
2|3|213|78|77|110|4D|N|8|CK
2|3|46|65|153|63|5DX|S|8|HA
2|3|20|159|134|64|2D|S|8|HA
2|3|250|235|284|140|5D|S|8|HA
2|3|288|183|216|35|5H|W|10|DJ
2|3|6|57|241|12|5DX|N|8|CK
2|3|122|219|128|109|4DX|S|8|D2
2|3|296|279|206|274|4C|E|10|DA
2|30|199|168|87|97|5DX|E|8|HA
2|30|200|150|191|226|5DX|E|9|HA
2|30|73|78|36|110|4H|S|10|D2
2|30|121|65|85|63|4H|S|10|C2
2|30|193|159|134|64|4H|S|10|S3
2|30|250|20|284|235|3H|S|10|C6
2|30|288|183|216|35|5DX|E|10|HA
2|30|6|57|241|12|5H|S|11|D5
2|30|139|219|130|109|4D|E|9|HA
2|30|255|279|111|274|3H|S|10|C6
2|31|199|168|87|97|6D|W|11|C9
2|31|200|150|191|226|5N|W|11|S5
2|31|73|78|36|110|3N|E|10|C6
2|31|121|65|85|63|3N|E|10|S4
2|31|193|159|134|64|3N|W|10|ST
2|31|250|20|284|235|3N|W|11|C5
2|31|288|183|216|35|3N|W|11|S5
2|31|6|57|241|12|5N|W|11|C5
2|31|139|219|130|109|3N|W|11|HT
2|31|255|279|111|274|6H|W|9|C7
2|32|199|168|87|97|3N|S|11|S7
2|32|200|150|191|226|4H|S|11|H7
2|32|73|78|36|110|3N|S|7|DT
2|32|121|65|85|63|4H|S|10|CK
2|32|193|159|134|64|4H|S|10|S2
2|32|250|20|284|235|4H|S|10|DJ
2|32|288|183|216|35|4H|S|10|S2
2|32|6|57|241|12|6H|S|10|S7
2|32|139|219|130|109|4H|N|10|D4
2|32|255|279|111|274|2S|N|10|CQ
2|4|199|168|87|131|2N|W|9|C8
2|4|200|94|191|247|3N|W|9|CA
2|4|213|78|77|110|1N|W|9|CA
2|4|46|65|153|63|3N|W|9|CK
2|4|20|159|134|64|3D|W|11|CA
2|4|250|235|284|140|3D|W|11|CA
2|4|288|183|216|35|3D|E|11|CA
2|4|6|57|241|12|1N|E|9|SQ
2|4|122|219|128|109|3N|E|9|SQ
2|4|296|279|206|274|5D|W|11|CA
2|5|199|168|87|131|4H|S|11|C7
2|5|200|94|191|247|4H|S|10|C3
2|5|213|78|77|110|4H|S|11|C7
2|5|46|65|153|63|4H|S|10|C3
2|5|20|159|134|64|4H|S|11|SK
2|5|250|235|284|140|4H|N|10|H2
2|5|288|183|216|35|4H|S|11|C7
2|5|6|57|241|12|4H|N|11|ST
2|5|122|219|128|109|4H|S|10|SK
2|5|296|279|206|274|4H|N|11|C6
2|6|199|168|87|131|3N|S|8|HJ
2|6|200|94|191|247|1N|S|9|HJ
2|6|213|78|77|110|1N|S|8|D6
2|6|46|65|153|63|1N|S|7|HJ
2|6|20|159|134|64|1N|S|8|HJ
2|6|250|235|284|140|1N|S|8|S2
2|6|288|183|216|35|1N|S|10|S4
2|6|6|57|241|12|1N|S|7|HJ
2|6|122|219|128|109|1N|S|9|S2
2|6|296|279|206|274|1N|S|6|HJ
2|7|199|168|87|131|6D|E|11|S6
2|7|200|94|191|247|5H|W|10|SA
2|7|213|78|77|110|3N|W|9|S8
2|7|46|65|153|63|4H|W|9|SA
2|7|20|159|134|64|4H|W|9|SA
2|7|250|235|284|140|4H|W|9|SA
2|7|288|183|216|35|5D|E|11|S4
2|7|6|57|241|12|4H|W|10|SA
2|7|122|219|128|109|3N|W|10|S5
2|7|296|279|206|274|2SX|N|5|CA
2|8|199|168|87|131|1N|S|8|D3
2|8|200|94|191|247|3N|S|9|SJ
2|8|213|78|77|110|3N|N|9|D4
2|8|46|65|153|63|2N|S|9|D3
2|8|20|159|134|64|1N|S|10|SJ
2|8|250|235|284|140|1N|E|5|CT
2|8|288|183|216|35|3H|N|8|CK
2|8|6|57|241|12|3N|S|10|SJ
2|8|122|219|128|109|3C|N|9|DJ
2|8|296|279|206|274|1N|S|8|SJ
2|9|199|168|87|131|4S|E|12|H8
2|9|200|94|191|247|6H|W|12|H2
2|9|213|78|77|110|6H|W|12|H2
2|9|46|65|153|63|4S|E|12|H8
2|9|20|159|134|64|6H|E|12|C9
2|9|250|235|284|140|5S|E|11|H8
2|9|288|183|216|35|6H|E|12|D3
2|9|6|57|241|12|4S|E|11|H8
2|9|122|219|128|109|4S|E|12|H8
2|9|296|279|206|274|6H|E|12|D3
3|1|131|65|191|63|4H|N|10|S8
3|1|213|168|77|97|4H|S|10|C5
3|1|78|235|110|140|4H|N|11|DA
3|1|193|46|134|153|4H|N|11|S2
3|1|250|57|284|12|3H|N|11|C3
3|1|288|159|216|64|4H|S|10|D6
3|1|6|296|241|206|4H|N|10|S8
3|1|255|183|111|35|4H|N|10|S2
3|1|150|122|226|128|3H|N|11|S7
3|1|279|94|274|247|1N|N|11|DJ
3|10|131|65|191|63|3N|N|12|D8
3|10|213|168|77|97|3N|N|12|D9
3|10|78|235|110|140|3N|N|12|D9
3|10|193|46|134|153|6N|N|12|D9
3|10|250|57|284|12|6N|N|12|D9
3|10|288|159|216|64|3N|N|12|D5
3|10|6|296|241|206|6N|N|13|S6
3|10|255|183|111|35|3N|N|12|C5
3|10|150|122|226|128|7N|N|12|S7
3|10|279|94|274|247|6N|N|12|D8
3|11|131|65|191|63|3D|E|9|CA
3|11|213|168|77|97|3D|E|10|CA
3|11|78|235|110|140|4D|E|9|CA
3|11|193|46|134|153|5D|E|9|CA
3|11|250|57|284|12|3D|E|9|S3
3|11|288|159|216|64|3D|E|9|CA
3|11|6|296|241|206|3N|W|6|S6
3|11|255|183|111|35|3D|E|10|CA
3|11|150|122|226|128|3D|E|9|CA
3|11|279|94|274|247|3D|W|11|CQ
3|12|131|65|191|63|6S|E|11|D6
3|12|213|168|77|97|6S|E|10|D6
3|12|78|235|110|140|6S|E|11|D6
3|12|193|46|134|153|4S|E|11|D6
3|12|250|57|284|12|6S|E|11|D6
3|12|288|159|216|64|4S|E|11|D6
3|12|6|296|241|206|4S|E|10|D6
3|12|255|183|111|35|4S|E|11|D6
3|12|150|122|226|128|3N|W|11|DJ
3|12|279|94|274|247|4S|E|11|D6
3|13|131|65|191|63|4H|N|11|C5
3|13|213|168|77|97|4H|N|11|CJ
3|13|78|235|110|140|4H|N|11|D6
3|13|193|46|134|153|4H|N|11|CJ
3|13|250|57|284|12|4H|N|11|CJ
3|13|288|159|216|64|2D|S|9|C6
3|13|6|296|241|206|4H|N|11|CJ
3|13|255|183|111|35|4H|N|11|CJ
3|13|150|122|226|128|4H|N|10|S2
3|13|279|94|274|247|4H|N|11|CJ
3|14|131|65|191|63|6H|S|12|S2
3|14|213|168|77|97|4H|S|12|S6
3|14|78|235|110|140|6H|S|12|CA
3|14|193|46|134|153|6H|S|12|CA
3|14|250|57|284|12|4H|S|11|D2
3|14|288|159|216|64|6H|N|11|D3
3|14|6|296|241|206|5H|S|12|S2
3|14|255|183|111|35|4S|E|9|CT
3|14|150|122|226|128|4H|N|12|C8
3|14|279|94|274|247|6H|S|12|CA
3|15|131|65|191|63|3H|N|10|HK
3|15|213|168|77|97|4HX|S|10|SJ
3|15|78|235|110|140|3C|E|9|SA
3|15|193|46|134|153|3H|S|10|CJ
3|15|250|57|284|12|2H|S|9|DA
3|15|288|159|216|64|3H|S|10|CJ
3|15|6|296|241|206|4H|S|8|CJ
3|15|255|183|111|35|1N|W|6|D5
3|15|150|122|226|128|4D|W|9|H8
3|15|279|94|274|247|4HX|S|9|CJ
3|16|131|65|191|63|2D|E|9|HK
3|16|213|168|77|97|1N|W|8|C6
3|16|78|235|110|140|2N|E|9|S4
3|16|193|46|134|153|1N|W|8|C6
3|16|250|57|284|12|2N|W|8|C6
3|16|288|159|216|64|2N|W|8|S5
3|16|6|296|241|206|3D|W|9|SJ
3|16|255|183|111|35|2N|E|7|S2
3|16|150|122|226|128|3N|W|8|C3
3|16|279|94|274|247|3D|E|10|C7
3|17|200|73|191|36|4H|E|11|HJ
3|17|65|131|63|97|4H|E|11|S8
3|17|46|20|153|140|4H|E|11|HJ
3|17|193|121|134|85|4H|E|12|S8
3|17|250|288|284|216|6H|E|11|DA
3|17|57|159|12|64|4H|E|11|S9
3|17|183|219|35|109|6H|E|11|DA
3|17|296|6|206|241|5H|E|12|S8
3|17|199|139|87|130|4H|E|11|C6
3|17|122|150|128|226|4H|E|11|DA
3|18|200|73|191|36|4H|W|9|SK
3|18|65|131|63|97|3N|E|10|SJ
3|18|46|20|153|140|3N|E|10|H9
3|18|193|121|134|85|3N|E|10|SJ
3|18|250|288|284|216|1SX|N|6|D8
3|18|57|159|12|64|3N|E|12|D2
3|18|183|219|35|109|3N|E|10|SJ
3|18|296|6|206|241|3N|E|10|H6
3|18|199|139|87|130|3N|W|11|SQ
3|18|122|150|128|226|3N|E|10|SJ
3|19|200|73|191|36|1N|S|8|SJ
3|19|65|131|63|97|1N|S|8|HJ
3|19|46|20|153|140|1N|S|7|HJ
3|19|193|121|134|85|1N|N|7|H3
3|19|250|288|284|216|1N|N|8|H3
3|19|57|159|12|64|1N|N|7|H3
3|19|183|219|35|109|1N|N|7|H5
3|19|296|6|206|241|1N|N|7|H5
3|19|199|139|87|130|1N|N|7|H5
3|19|122|150|128|226|1N|S|7|HJ
3|2|131|65|191|63|4S|N|10|DK
3|2|213|168|77|97|4S|N|10|DA
3|2|78|235|110|140|1N|E|3|C2
3|2|193|46|134|153|4S|N|9|DA
3|2|250|57|284|12|3N|N|9|D8
3|2|288|159|216|64|3C|S|11|ST
3|2|6|296|241|206|4S|N|10|DA
3|2|255|183|111|35|2H|S|11|ST
3|2|150|122|226|128|4S|N|10|DA
3|2|279|94|274|247|4H|N|11|DA
3|20|200|73|191|36|1N|S|7|DQ
3|20|65|131|63|97|2H|E|9|D5
3|20|46|20|153|140|1N|S|7|DQ
3|20|193|121|134|85|2H|E|9|H5
3|20|250|288|284|216|2S|N|6|D6
3|20|57|159|12|64|2H|E|8|SA
3|20|183|219|35|109|3D|N|6|S8
3|20|296|6|206|241|2H|E|9|H5
3|20|199|139|87|130|2H|E|8|CA
3|20|122|150|128|226|3H|E|9|H7
3|21|200|73|191|36|3S|E|7|HK
3|21|65|131|63|97|1N|N|6|S6
3|21|46|20|153|140|2S|E|8|C2
3|21|193|121|134|85|3D|S|7|ST
3|21|250|288|284|216|3S|E|7|HA
3|21|57|159|12|64|3D|S|8|ST
3|21|183|219|35|109|3D|S|8|ST
3|21|296|6|206|241|2S|E|8|HA
3|21|199|139|87|130|3D|S|7|ST
3|21|122|150|128|226|2S|E|7|C2
3|22|200|73|191|36|3N|S|11|H3
3|22|65|131|63|97|3N|S|11|HT
3|22|46|20|153|140|6H|N|11|C8
3|22|193|121|134|85|3N|S|11|HT
3|22|250|288|284|216|3N|S|11|H9
3|22|57|159|12|64|4N|S|11|HT
3|22|183|219|35|109|4N|S|11|HT
3|22|296|6|206|241|3N|S|11|HT
3|22|199|139|87|130|6N|S|11|H9
3|22|122|150|128|226|3N|S|10|C5
3|23|200|73|191|36|3N|S|12|D5
3|23|65|131|63|97|3N|N|12|H5
3|23|46|20|153|140|6C|S|12|DA
3|23|193|121|134|85|3N|N|12|H5
3|23|250|288|284|216|3N|N|12|S9
3|23|57|159|12|64|5C|S|12|H3
3|23|183|219|35|109|6S|S|12|S4
3|23|296|6|206|241|3N|N|12|CT
3|23|199|139|87|130|3N|N|11|S9
3|23|122|150|128|226|5C|N|12|C2
3|24|200|73|191|36|2H|S|7|CA
3|24|65|131|63|97|2D|N|8|C4
3|24|46|20|153|140|2S|S|8|D8
3|24|193|121|134|85|3N|N|5|C4
3|24|250|288|284|216|2D|N|8|C8
3|24|57|159|12|64|2N|N|7|C4
3|24|183|219|35|109|2S|S|8|D5
3|24|296|6|206|241|3H|S|6|D8
3|24|199|139|87|130|3D|N|7|C8
3|24|122|150|128|226|4H|S|8|H3
3|25|200|73|191|36|4H|N|11|CA
3|25|65|131|63|97|3H|N|9|SQ
3|25|46|20|153|140|1N|E|9|D5
3|25|193|121|134|85|3C|W|9|DT
3|25|250|288|284|216|3H|N|9|SQ
3|25|57|159|12|64|3H|S|9|ST
3|25|183|219|35|109|3H|N|8|SQ
3|25|296|6|206|241|3CX|W|7|DT
3|25|199|139|87|130|3C|E|10|H2
3|25|122|150|128|226|3N|E|10|S3
3|26|200|73|191|36|2S|S|9|CJ
3|26|65|131|63|97|3H|W|8|S8
3|26|46|20|153|140|3S|S|8|D3
3|26|193|121|134|85|2S|S|10|D2
3|26|250|288|284|216|3H|W|8|S7
3|26|57|159|12|64|3S|S|8|D2
3|26|183|219|35|109|1N|N|5|HA
3|26|296|6|206|241|3H|W|7|S8
3|26|199|139|87|130|3S|S|8|H4
3|27|200|73|191|36|3C|E|8|D4
3|27|65|131|63|97|2S|S|8|CK
3|27|46|20|153|140|2S|S|8|CK
3|27|193|121|134|85|1N|S|8|D3
3|27|250|288|284|216|1N|S|8|H4
3|27|57|159|12|64|2S|S|9|CK
3|27|183|219|35|109|2S|S|7|S6
3|27|296|6|206|241|4CX|E|8|D9
3|27|199|139|87|130|1N|N|7|C3
3|27|122|150|128|226|3C|E|9|SA
3|28|200|73|191|36|2S|S|10|H6
3|28|65|131|63|97|4S|S|10|CT
3|28|46|20|153|140|4S|S|10|CT
3|28|193|121|134|85|3N|N|10|C4
3|28|250|288|284|216|4S|N|10|C2
3|28|57|159|12|64|2S|N|10|C4
3|28|183|219|35|109|3N|N|11|D3
3|28|296|6|206|241|2S|N|10|C4
3|28|199|139|87|130|4S|N|10|C2
3|28|122|150|128|226|3N|N|10|C2
3|29|200|73|191|36|4H|E|8|CA
3|29|65|131|63|97|5CX|S|11|CK
3|29|46|20|153|140|3CX|S|11|D5
3|29|193|121|134|85|4H|E|9|CA
3|29|250|288|284|216|5D|E|8|H7
3|29|57|159|12|64|3N|E|7|C5
3|29|183|219|35|109|3N|W|5|C6
3|29|296|6|206|241|4H|E|9|S4
3|29|199|139|87|130|4H|W|8|CA
3|29|122|150|128|226|4C|N|11|DA
3|3|131|65|191|63|4S|W|8|HA
3|3|213|168|77|97|3S|W|9|HA
3|3|78|235|110|140|3S|W|8|C7
3|3|193|46|134|153|2S|W|8|HA
3|3|250|57|284|12|4S|W|8|HA
3|3|288|159|216|64|1S|W|9|HA
3|3|6|296|241|206|4S|W|8|HA
3|3|255|183|111|35|3S|W|8|HA
3|3|150|122|226|128|3S|W|8|HK
3|3|279|94|274|247|3S|W|9|HA
3|30|200|73|191|36|3N|W|7|H2
3|30|65|131|63|97|3N|W|9|DJ
3|30|46|20|153|140|3N|W|8|H2
3|30|193|121|134|85|2S|E|9|H4
3|30|250|288|284|216|3N|W|9|DJ
3|30|57|159|12|64|3N|E|11|C7
3|30|183|219|35|109|3N|W|10|DJ
3|30|296|6|206|241|3N|W|8|H2
3|30|199|139|87|130|3N|W|7|H2
3|30|122|150|128|226|3N|W|10|DJ
3|31|200|73|191|36|2S|E|11|D9
3|31|65|131|63|97|4S|E|11|D8
3|31|46|20|153|140|4S|E|11|D9
3|31|193|121|134|85|4S|E|11|D8
3|31|250|288|284|216|4S|E|11|D5
3|31|57|159|12|64|4S|E|9|HK
3|31|183|219|35|109|3S|E|9|D9
3|31|296|6|206|241|4S|E|10|D8
3|31|199|139|87|130|4S|E|10|HK
3|31|122|150|128|226|4S|E|11|D9
3|32|200|73|191|36|4SX|S|8|H5
3|32|65|131|63|97|3S|S|8|H5
3|32|46|20|153|140|4HX|E|7|SK
3|32|193|121|134|85|3H|E|9|SK
3|32|250|288|284|216|3H|E|9|SK
3|32|57|159|12|64|4C|W|9|S4
3|32|183|219|35|109|3SX|S|7|H5
3|32|296|6|206|241|4H|E|9|SK
3|32|199|139|87|130|3H|E|9|SK
3|32|122|150|128|226|3S|S|7|H5
3|4|131|65|191|63|3N|S|6|SJ
3|4|213|168|77|97|2H|S|9|SJ
3|4|78|235|110|140|2H|S|9|S3
3|4|193|46|134|153|2H|S|9|SJ
3|4|250|57|284|12|2H|S|9|CQ
3|4|288|159|216|64|2H|S|9|CQ
3|4|6|296|241|206|3N|S|6|S3
3|4|255|183|111|35|2H|N|9|D6
3|4|150|122|226|128|2H|S|9|SJ
3|4|279|94|274|247|2S|W|7|HK
3|5|131|65|191|63|3S|E|8|C4
3|5|213|168|77|97|3S|E|9|D2
3|5|78|235|110|140|4S|E|9|D2
3|5|193|46|134|153|3S|E|8|HA
3|5|250|57|284|12|3S|E|8|C9
3|5|288|159|216|64|4H|W|10|C6
3|5|6|296|241|206|4S|E|8|C4
3|5|255|183|111|35|3S|E|8|C8
3|5|150|122|226|128|4H|W|10|C6
3|5|279|94|274|247|3S|E|8|C9
3|6|131|65|191|63|3N|E|9|S4
3|6|213|168|77|97|3N|W|10|S2
3|6|78|235|110|140|3H|W|8|S6
3|6|193|46|134|153|3N|E|9|H3
3|6|250|57|284|12|3N|E|9|S4
3|6|288|159|216|64|3N|W|10|S8
3|6|6|296|241|206|3N|W|10|HA
3|6|255|183|111|35|3N|W|10|S9
3|6|150|122|226|128|3D|E|10|H3
3|6|279|94|274|247|2C|W|8|S9
3|7|131|65|191|63|2HX|N|7|SQ
3|7|213|168|77|97|2HX|S|8|DJ
3|7|78|235|110|140|3N|W|8|H4
3|7|193|46|134|153|3N|W|9|DK
3|7|250|57|284|12|3N|E|9|HJ
3|7|288|159|216|64|3N|W|9|H5
3|7|6|296|241|206|3N|E|9|HJ
3|7|255|183|111|35|2HX|S|6|CK
3|7|150|122|226|128|3N|E|10|HJ
3|7|279|94|274|247|3N|E|8|HJ
3|8|131|65|191|63|5C|W|12|SK
3|8|213|168|77|97|3C|E|11|DA
3|8|78|235|110|140|3C|W|12|SK
3|8|193|46|134|153|5C|W|12|SK
3|8|250|57|284|12|3C|W|12|SK
3|8|288|159|216|64|3C|W|12|SK
3|8|6|296|241|206|3N|E|12|DT
3|8|255|183|111|35|4H|W|11|D7
3|8|150|122|226|128|2H|W|11|SK
3|8|279|94|274|247|2H|W|11|SK
3|9|131|65|191|63|2N|N|9|S2
3|9|213|168|77|97|2D|S|8|C4
3|9|78|235|110|140|2N|N|7|ST
3|9|193|46|134|153|1NX|N|8|ST
3|9|250|57|284|12|3N|N|8|S2
3|9|288|159|216|64|3H|W|9|D8
3|9|6|296|241|206|3N|N|9|HT
3|9|255|183|111|35|1N|N|8|S6
3|9|150|122|226|128|3H|W|9|D9
3|9|279|94|274|247|2N|N|7|S9
4|1|193|131|134|97|4S|W|10|C2
4|1|168|235|191|140|4S|W|10|S9
4|1|57|78|12|110|4H|E|10|S4
4|1|46|216|153|50|4S|W|9|ST
4|1|255|250|111|284|4H|E|10|S4
4|1|67|296|184|206|5S|W|9|C2
4|1|139|183|130|35|4S|W|10|HJ
4|1|6|123|241|151|4S|W|9|HJ
4|1|150|73|226|36|4H|E|10|S4
4|1|213|199|77|87|4S|W|10|C4
4|10|193|131|134|97|7C|E|13|D4
4|10|168|235|191|140|6N|W|12|C7
4|10|57|78|12|110|6N|E|13|S3
4|10|46|216|153|50|6C|W|13|ST
4|10|255|250|111|284|6C|W|13|C7
4|10|67|296|184|206|6N|E|12|H9
4|10|139|183|130|35|6N|E|13|H4
4|10|6|123|241|151|7C|W|13|S5
4|10|150|73|226|36|6C|W|13|C7
4|10|213|199|77|87|6C|W|13|C3
4|11|193|131|134|97|1C|S|6|C7
4|11|168|235|191|140|3S|N|7|C3
4|11|57|78|12|110|2C|W|7|CK
4|11|46|216|153|50|3CX|W|7|DT
4|11|255|250|111|284|3S|N|7|H3
4|11|67|296|184|206|2N|S|10|C8
4|11|139|183|130|35|2S|S|7|H6
4|11|6|123|241|151|2N|S|7|C8
4|11|150|73|226|36|1C|S|6|D2
4|11|213|199|77|87|1C|S|6|C4
4|12|193|131|134|97|6C|W|13|S5
4|12|168|235|191|140|3N|E|12|S2
4|12|57|78|12|110|3N|E|12|S2
4|12|46|216|153|50|6C|W|12|DT
4|12|255|250|111|284|6C|W|12|D8
4|12|67|296|184|206|3N|W|12|DT
4|12|139|183|130|35|3N|E|13|S2
4|12|6|123|241|151|6N|E|12|SQ
4|12|150|73|226|36|3N|E|12|S2
4|12|213|199|77|87|6C|W|12|S3
4|13|193|131|134|97|4H|S|10|SA
4|13|168|235|191|140|3D|W|8|HA
4|13|57|78|12|110|2H|S|10|SA
4|13|46|216|153|50|4H|S|9|SA
4|13|255|250|111|284|3H|S|10|SA
4|13|67|296|184|206|2H|S|10|SA
4|13|139|183|130|35|2H|S|9|SA
4|13|6|123|241|151|4H|S|10|SA
4|13|150|73|226|36|4H|S|10|SA
4|13|213|199|77|87|2S|W|8|HA
4|14|193|131|134|97|1N|E|5|DJ
4|14|168|235|191|140|2N|E|9|SJ
4|14|57|78|12|110|2N|E|7|CQ
4|14|46|216|153|50|4HX|E|8|DJ
4|14|255|250|111|284|2H|E|10|DJ
4|14|67|296|184|206|3N|E|9|SJ
4|14|139|183|130|35|4H|W|10|DJ
4|14|6|123|241|151|3H|E|8|CQ
4|14|150|73|226|36|4H|E|7|H5
4|14|213|199|77|87|2H|E|7|CQ
4|15|193|131|134|97|2S|S|10|HA
4|15|168|235|191|140|4D|E|8|SA
4|15|57|78|12|110|4S|S|10|HA
4|15|46|216|153|50|2S|S|10|HA
4|15|255|250|111|284|3S|S|9|HA
4|15|67|296|184|206|4S|N|9|HA
4|15|139|183|130|35|4S|S|9|HA
4|15|6|123|241|151|4SX|S|10|HA
4|15|150|73|226|36|2S|S|9|HA
4|15|213|199|77|87|3S|S|9|HA
4|16|193|131|134|97|3N|E|11|S2
4|16|168|235|191|140|3N|E|10|S6
4|16|57|78|12|110|3N|E|11|D2
4|16|46|216|153|50|3N|E|11|S2
4|16|255|250|111|284|3N|E|11|S2
4|16|67|296|184|206|3N|E|10|S2
4|16|139|183|130|35|3N|E|11|D2
4|16|6|123|241|151|3N|E|12|S6
4|16|150|73|226|36|3N|E|11|S6
4|16|213|199|77|87|3N|E|11|S2
4|17|193|131|134|97|4S|E|10|C2
4|17|168|235|191|140|3N|E|10|C8
4|17|57|121|12|85|4S|W|11|D6
4|17|46|216|153|50|4S|E|10|S8
4|17|255|250|111|284|2S|W|11|H2
4|17|159|219|64|109|3N|E|10|DQ
4|17|139|183|130|35|4S|W|11|D3
4|17|6|279|241|274|4S|W|11|C4
4|17|150|73|226|36|4S|W|10|D9
4|17|213|94|77|199|4S|W|10|D5
4|18|193|131|134|97|2C|S|7|S5
4|18|168|235|191|140|4H|E|9|D4
4|18|57|121|12|85|4H|E|9|D2
4|18|46|216|153|50|4H|W|9|SQ
4|18|255|250|111|284|4H|E|10|D2
4|18|159|219|64|109|2H|E|9|D4
4|18|139|183|130|35|3H|E|9|D2
4|18|6|279|241|274|4H|E|9|D4
4|18|150|73|226|36|3H|W|9|H2
4|18|213|94|77|199|3H|W|9|S7
4|19|193|131|134|97|3N|N|7|HT
4|19|168|235|191|140|2H|E|6|CK
4|19|57|121|12|85|4S|S|11|H5
4|19|46|216|153|50|3N|N|7|HT
4|19|255|250|111|284|2S|S|10|H5
4|19|159|219|64|109|2S|S|10|CJ
4|19|139|183|130|35|2S|S|10|CJ
4|19|6|279|241|274|4S|S|10|H5
4|19|150|73|226|36|2S|S|10|CJ
4|19|213|94|77|199|3N|N|7|HK
4|2|193|131|134|97|4H|S|12|D5
4|2|168|235|191|140|5DX|W|9|HK
4|2|57|78|12|110|4H|S|10|C4
4|2|46|216|153|50|4H|S|10|C4
4|2|255|250|111|284|4H|S|11|SA
4|2|67|296|184|206|5C|S|12|C4
4|2|139|183|130|35|4SX|E|9|HA
4|2|6|123|241|151|5C|S|12|DJ
4|2|150|73|226|36|4H|S|11|SA
4|2|213|199|77|87|4HX|S|11|SA
4|20|193|131|134|97|4S|S|10|HT
4|20|168|235|191|140|4S|N|11|HA
4|20|57|121|12|85|4S|S|10|HT
4|20|46|216|153|50|4H|N|10|SJ
4|20|255|250|111|284|4H|N|10|SJ
4|20|159|219|64|109|4H|N|10|SJ
4|20|139|183|130|35|4S|S|10|HT
4|20|6|279|241|274|4S|S|10|CT
4|20|150|73|226|36|4S|S|10|HT
4|20|213|94|77|199|4S|S|10|HT
4|21|193|131|134|97|3D|W|8|C7
4|21|168|235|191|140|3D|W|8|C7
4|21|57|121|12|85|2H|N|8|DK
4|21|46|216|153|50|4D|W|8|C7
4|21|255|250|111|284|2H|N|8|DK
4|21|159|219|64|109|2H|N|8|DK
4|21|139|183|130|35|3D|W|9|C7
4|21|6|279|241|274|3D|W|8|C7
4|21|150|73|226|36|2S|E|4|H7
4|21|213|94|77|199|2H|N|8|DK
4|22|193|131|134|97|4H|S|10|C9
4|22|168|235|191|140|2H|S|10|C9
4|22|57|121|12|85|2H|S|10|HA
4|22|46|216|153|50|2H|S|9|C6
4|22|255|250|111|284|2H|S|10|HA
4|22|159|219|64|109|2H|S|10|C6
4|22|139|183|130|35|2H|S|10|C9
4|22|6|279|241|274|2H|S|10|C9
4|22|150|73|226|36|2H|S|10|C9
4|22|213|94|77|199|2H|S|10|C9
4|23|193|131|134|97|3N|S|11|CQ
4|23|168|235|191|140|3N|S|10|CQ
4|23|57|121|12|85|3N|S|11|H3
4|23|46|216|153|50|3N|S|11|H3
4|23|255|250|111|284|3N|S|8|CQ
4|23|159|219|64|109|3N|S|11|H3
4|23|139|183|130|35|3N|S|11|CQ
4|23|6|279|241|274|3N|S|11|H3
4|23|150|73|226|36|3N|S|10|CQ
4|23|213|94|77|199|3N|S|11|CQ
4|24|193|131|134|97|4H|W|11|ST
4|24|168|235|191|140|6H|W|11|S2
4|24|57|121|12|85|4H|W|11|ST
4|24|46|216|153|50|6H|W|11|H2
4|24|255|250|111|284|6H|W|11|ST
4|24|159|219|64|109|4H|W|11|CQ
4|24|139|183|130|35|6H|W|11|S5
4|24|6|279|241|274|4H|W|11|ST
4|24|150|73|226|36|6H|W|11|H2
4|24|213|94|77|199|4H|E|11|ST
4|25|193|131|134|97|4S|N|9|DT
4|25|168|235|191|140|4S|N|10|D7
4|25|57|121|12|85|4S|N|11|DT
4|25|46|216|153|50|3N|N|9|DT
4|25|255|250|111|284|4S|N|11|DT
4|25|159|219|64|109|4S|N|11|D9
4|25|139|183|130|35|3N|S|9|D3
4|25|6|279|241|274|4S|N|10|D9
4|25|150|73|226|36|5C|N|11|CA
4|25|213|94|77|199|4S|N|10|D9
4|26|193|131|134|97|4N|W|12|D2
4|26|168|235|191|140|6C|E|12|H8
4|26|57|121|12|85|5C|W|12|D2
4|26|46|216|153|50|4H|E|12|CJ
4|26|255|250|111|284|6C|E|13|CJ
4|26|159|219|64|109|6C|E|12|DA
4|26|139|183|130|35|6C|E|13|SJ
4|26|6|279|241|274|6C|E|12|SQ
4|26|150|73|226|36|4H|E|12|CJ
4|26|213|94|77|199|3N|W|12|C6
4|27|193|131|134|97|4H|W|10|S5
4|27|168|235|191|140|4H|W|9|S5
4|27|57|121|12|85|4H|W|11|H2
4|27|46|216|153|50|3N|W|11|S7
4|27|255|250|111|284|5H|W|11|H4
4|27|159|219|64|109|4H|W|11|D6
4|27|139|183|130|35|4H|W|11|S7
4|27|6|279|241|274|4H|W|11|S5
4|27|150|73|226|36|4H|W|11|H2
4|27|213|94|77|199|5H|W|11|H2
4|28|193|131|134|97|5S|W|10|HA
4|28|168|235|191|140|4S|W|10|HA
4|28|57|121|12|85|4S|W|10|HA
4|28|46|216|153|50|5SX|W|8|HA
4|28|255|250|111|284|5HX|S|10|C9
4|28|159|219|64|109|4S|W|10|HA
4|28|139|183|130|35|4S|W|11|HA
4|28|6|279|241|274|4S|W|8|HA
4|28|150|73|226|36|4S|W|8|HA
4|28|213|94|77|199|4S|W|10|S2
4|29|193|131|134|97|5HX|W|7|C5
4|29|168|235|191|140|4S|N|10|HQ
4|29|57|121|12|85|3N|S|9|H6
4|29|46|216|153|50|4S|S|11|HA
4|29|255|250|111|284|4S|N|10|HQ
4|29|159|219|64|109|4S|S|11|HA
4|29|139|183|130|35|4S|S|11|HK
4|29|6|279|241|274|5DX|W|6|C3
4|29|150|73|226|36|4S|N|10|HQ
4|29|213|94|77|199|4S|S|10|HA
4|3|193|131|134|97|3S|N|9|HA
4|3|168|235|191|140|3S|N|9|HA
4|3|57|78|12|110|3S|N|9|S3
4|3|46|216|153|50|2S|N|9|D9
4|3|255|250|111|284|2S|N|9|S3
4|3|67|296|184|206|2S|N|9|HA
4|3|139|183|130|35|4S|N|9|HA
4|3|6|123|241|151|2S|N|9|S4
4|3|150|73|226|36|3S|N|9|C8
4|3|213|199|77|87|3S|N|9|HA
4|30|193|131|134|97|3HX|E|7|C8
4|30|168|235|191|140|3N|N|9|HA
4|30|57|121|12|85|3D|S|9|CJ
4|30|46|216|153|50|5D|S|11|CJ
4|30|255|250|111|284|4H|E|7|C8
4|30|159|219|64|109|3N|N|9|HA
4|30|139|183|130|35|4HX|E|7|D3
4|30|6|279|241|274|4H|E|8|C3
4|30|150|73|226|36|4H|E|8|D6
4|30|213|94|77|199|4H|W|7|C3
4|31|193|131|134|97|4H|W|9|C7
4|31|168|235|191|140|4H|W|9|D4
4|31|57|121|12|85|4H|W|9|D2
4|31|46|216|153|50|4H|W|11|SA
4|31|255|250|111|284|4H|W|10|D2
4|31|159|219|64|109|4H|W|9|D4
4|31|139|183|130|35|4H|W|9|D2
4|31|6|279|241|274|4H|W|9|D4
4|31|150|73|226|36|4H|W|10|H2
4|31|213|94|77|199|4H|W|10|C7
4|32|193|131|134|97|1D|E|8|SK
4|32|168|235|191|140|1N|E|7|SK
4|32|57|121|12|85|1N|E|7|SK
4|32|46|216|153|50|2D|N|5|DK
4|32|255|250|111|284|1N|E|7|SK
4|32|159|219|64|109|1N|N|6|H6
4|32|139|183|130|35|1N|N|6|DQ
4|32|6|279|241|274|2S|N|8|DA
4|32|150|73|226|36|1H|E|7|SK
4|32|213|94|77|199|1N|N|6|H6
4|4|193|131|134|97|1N|N|8|S4
4|4|168|235|191|140|2N|E|7|D2
4|4|57|78|12|110|2S|E|9|S6
4|4|46|216|153|50|2HX|N|6|HK
4|4|255|250|111|284|1N|S|7|H4
4|4|67|296|184|206|1N|N|5|S4
4|4|139|183|130|35|1N|S|7|H2
4|4|6|123|241|151|1N|N|6|S4
4|4|150|73|226|36|1N|W|4|H7
4|4|213|199|77|87|1N|S|8|H4
4|5|193|131|134|97|4S|S|10|C7
4|5|168|235|191|140|2C|E|5|SQ
4|5|57|78|12|110|4S|S|9|C7
4|5|46|216|153|50|4S|S|8|C7
4|5|255|250|111|284|3C|E|6|SQ
4|5|67|296|184|206|4S|N|10|CK
4|5|139|183|130|35|6S|S|11|C7
4|5|6|123|241|151|4S|S|10|C7
4|5|150|73|226|36|4S|S|8|C7
4|5|213|199|77|87|2S|N|9|C7
4|6|193|131|134|97|5CX|N|9|DK
4|6|168|235|191|140|3S|E|9|HJ
4|6|57|78|12|110|3N|N|7|DA
4|6|46|216|153|50|4S|E|11|HJ
4|6|255|250|111|284|4S|E|11|SJ
4|6|67|296|184|206|3N|N|8|S4
4|6|139|183|130|35|5CX|N|8|DA
4|6|6|123|241|151|4C|S|9|S3
4|6|150|73|226|36|2S|E|11|C4
4|6|213|199|77|87|5CX|N|9|DK
4|7|193|131|134|97|3C|W|6|DQ
4|7|168|235|191|140|2N|S|8|SQ
4|7|57|78|12|110|3NX|S|8|S4
4|7|46|216|153|50|2D|S|8|H2
4|7|255|250|111|284|2N|S|4|S6
4|7|67|296|184|206|4SX|W|8|DQ
4|7|139|183|130|35|3D|S|8|H2
4|7|6|123|241|151|2D|S|8|H2
4|7|150|73|226|36|2H|N|7|S3
4|7|213|199|77|87|3D|S|8|H2
4|8|193|131|134|97|4S|W|10|DK
4|8|168|235|191|140|4S|W|10|DA
4|8|57|78|12|110|4S|W|10|DA
4|8|46|216|153|50|3N|W|8|DK
4|8|255|250|111|284|3N|W|8|DK
4|8|67|296|184|206|3N|W|8|DA
4|8|139|183|130|35|3N|W|8|DA
4|8|6|123|241|151|3N|W|8|DK
4|8|150|73|226|36|3N|W|8|DK
4|8|213|199|77|87|3N|W|8|DA
4|9|193|131|134|97|6S|S|13|S4
4|9|168|235|191|140|4S|S|12|HQ
4|9|57|78|12|110|6S|S|12|HQ
4|9|46|216|153|50|6S|S|12|HQ
4|9|255|250|111|284|4N|S|13|D8
4|9|67|296|184|206|6S|N|12|HA
4|9|139|183|130|35|6C|N|13|DQ
4|9|6|123|241|151|3N|S|12|H6
4|9|150|73|226|36|6S|S|12|HQ
4|9|213|199|77|87|6S|S|12|HQ
5|1|191|216|97|50|4S|N|10|H2
5|1|57|168|12|131|4S|N|10|H2
5|1|46|219|153|109|4S|N|10|H2
5|1|296|78|206|110|4S|N|10|S3
5|1|159|183|64|35|4S|N|11|C7
5|1|6|67|241|184|4S|N|10|H2
5|1|134|199|154|87|4S|N|10|H2
5|1|94|140|226|193|4S|N|10|H2
5|1|213|122|77|279|4S|N|10|S6
5|1|123|73|151|36|4S|N|11|C2
5|10|191|216|97|50|4S|E|10|DA
5|10|57|168|12|131|4S|E|10|DK
5|10|46|219|153|109|2H|E|9|DA
5|10|296|78|206|110|2H|E|9|DA
5|10|159|183|64|35|4S|E|10|DA
5|10|6|67|241|184|4H|E|10|DK
5|10|134|199|154|87|4H|E|10|C8
5|10|94|140|226|193|4H|E|10|DA
5|10|213|122|77|279|4S|E|10|DA
5|10|123|73|151|36|3C|N|8|SK
5|11|191|216|97|50|3N|W|7|D5
5|11|57|168|12|131|1NX|N|7|D8
5|11|46|219|153|109|2S|W|9|HK
5|11|296|78|206|110|3S|W|8|HK
5|11|159|183|64|35|2S|W|7|S4
5|11|6|67|241|184|2S|W|7|CT
5|11|134|199|154|87|3S|W|8|HK
5|11|94|140|226|193|3S|W|8|HK
5|11|213|122|77|279|3S|W|8|HK
5|11|123|73|151|36|3S|W|8|HK
5|12|191|216|97|50|4S|S|10|D4
5|12|57|168|12|131|4S|S|11|H6
5|12|46|219|153|109|4S|S|10|D8
5|12|296|78|206|110|4S|S|10|D3
5|12|159|183|64|35|4S|N|10|CJ
5|12|6|67|241|184|4S|N|10|H7
5|12|134|199|154|87|3S|S|10|D8
5|12|94|140|226|193|2H|W|7|DA
5|12|213|122|77|279|4S|S|10|D4
5|12|123|73|151|36|4S|S|10|D2
5|13|191|216|97|50|3N|N|8|S3
5|13|57|168|12|131|3N|N|9|S3
5|13|46|219|153|109|3N|N|10|S3
5|13|296|78|206|110|3N|N|8|S2
5|13|159|183|64|35|3N|N|8|S2
5|13|6|67|241|184|3N|N|10|S3
5|13|134|199|154|87|3N|N|7|S3
5|13|94|140|226|193|3N|N|8|S3
5|13|213|122|77|279|3N|N|8|S3
5|13|123|73|151|36|3N|N|10|S5
5|14|191|216|97|50|6C|S|12|H9
5|14|57|168|12|131|6C|N|12|SJ
5|14|46|219|153|109|4N|S|12|HT
5|14|296|78|206|110|6N|S|11|HT
5|14|159|183|64|35|4N|S|12|S8
5|14|6|67|241|184|6C|N|11|SJ
5|14|134|199|154|87|3N|S|11|HT
5|14|94|140|226|193|6N|S|11|HT
5|14|213|122|77|279|3N|S|11|HT
5|14|123|73|151|36|6N|S|11|S2
5|15|191|216|97|50|4S|S|10|CA
5|15|57|168|12|131|4S|N|8|C3
5|15|46|219|153|109|1D|N|9|C6
5|15|296|78|206|110|2S|N|10|HA
5|15|159|183|64|35|2S|N|10|H4
5|15|6|67|241|184|2DX|E|4|CQ
5|15|134|199|154|87|2D|S|8|CA
5|15|94|140|226|193|1NX|W|4|D3
5|15|213|122|77|279|2DX|W|5|D8
5|15|123|73|151|36|2S|N|9|CT
5|16|191|216|97|50|5SX|N|10|C6
5|16|57|168|12|131|5SX|N|11|C6
5|16|46|219|153|109|5CX|W|10|SK
5|16|296|78|206|110|4S|N|8|C6
5|16|159|183|64|35|5SX|N|9|C6
5|16|6|67|241|184|3N|W|7|S6
5|16|134|199|154|87|5D|W|10|SK
5|16|94|140|226|193|5C|W|11|SK
5|16|213|122|77|279|5DX|W|10|SK
5|16|123|73|151|36|5SXX|N|10|C6
5|17|191|216|97|50|6N|W|12|D7
5|17|57|168|12|131|6H|E|13|S2
5|17|78|219|110|109|6H|E|13|S7
5|17|255|121|111|85|6H|E|13|S2
5|17|159|183|64|35|7H|E|13|C3
5|17|6|250|241|284|4H|E|13|S7
5|17|134|199|154|87|7H|E|13|H4
5|17|150|140|226|193|3N|W|12|S6
5|17|213|279|77|274|6D|W|12|D2
5|17|139|73|130|36|6D|E|13|C6
5|18|191|216|97|50|2D|W|7|CT
5|18|57|168|12|131|2D|W|7|DK
5|18|78|219|110|109|3C|S|8|HA
5|18|255|121|111|85|2C|S|9|HK
5|18|159|183|64|35|2C|S|8|HK
5|18|6|250|241|284|3C|S|8|HA
5|18|134|199|154|87|2D|E|7|CT
5|18|150|140|226|193|2D|W|8|CT
5|18|213|279|77|274|2D|W|7|CT
5|18|139|73|130|36|3C|S|8|HA
5|19|191|216|97|50|4S|S|10|HA
5|19|57|168|12|131|4S|S|10|HA
5|19|78|219|110|109|4S|S|10|HA
5|19|255|121|111|85|4S|S|10|HK
5|19|159|183|64|35|3S|S|10|HK
5|19|6|250|241|284|3H|N|6|C2
5|19|134|199|154|87|4S|S|9|HA
5|19|150|140|226|193|4S|S|9|HA
5|19|213|279|77|274|4S|S|10|HA
5|19|139|73|130|36|4S|S|10|HA
5|2|191|216|97|50|4H|W|9|S3
5|2|57|168|12|131|4S|W|10|DQ
5|2|46|219|153|109|4S|E|10|H9
5|2|296|78|206|110|4S|E|10|D5
5|2|159|183|64|35|3H|E|8|S8
5|2|6|67|241|184|4S|E|10|H9
5|2|134|199|154|87|4S|W|10|DQ
5|2|94|140|226|193|4H|E|8|S8
5|2|213|122|77|279|4H|E|8|S8
5|2|123|73|151|36|3S|W|10|DQ
5|20|191|216|97|50|2H|E|10|SQ
5|20|57|168|12|131|2H|W|10|CT
5|20|78|219|110|109|2H|E|11|H6
5|20|255|121|111|85|3N|E|9|D6
5|20|159|183|64|35|3N|E|8|SQ
5|20|6|250|241|284|2H|E|10|SQ
5|20|134|199|154|87|2H|E|10|CA
5|20|150|140|226|193|3N|E|9|D6
5|20|213|279|77|274|2H|W|11|CT
5|20|139|73|130|36|3N|E|9|D6
5|21|191|216|97|50|4H|E|11|C2
5|21|57|168|12|131|4H|E|12|D3
5|21|78|219|110|109|4H|E|12|D4
5|21|255|121|111|85|4H|E|12|D3
5|21|159|183|64|35|6H|E|12|C2
5|21|6|250|241|284|4H|E|12|D4
5|21|134|199|154|87|6H|E|12|H3
5|21|150|140|226|193|4H|E|12|D3
5|21|213|279|77|274|4H|E|12|D4
5|21|139|73|130|36|4H|E|11|C3
5|22|191|216|97|50|5C|E|11|SJ
5|22|57|168|12|131|3N|W|12|S2
5|22|78|219|110|109|6C|E|12|SJ
5|22|255|121|111|85|6C|E|11|SJ
5|22|159|183|64|35|6C|E|11|SJ
5|22|6|250|241|284|5C|E|11|SJ
5|22|134|199|154|87|6C|E|11|SJ
5|22|150|140|226|193|6C|E|12|H7
5|22|213|279|77|274|6C|E|11|SJ
5|22|139|73|130|36|6C|E|12|SJ
5|23|191|216|97|50|3H|N|10|H4
5|23|57|168|12|131|3S|E|6|H2
5|23|78|219|110|109|3H|N|10|D9
5|23|255|121|111|85|2S|E|7|H2
5|23|159|183|64|35|4H|N|10|C8
5|23|6|250|241|284|3H|S|10|S3
5|23|134|199|154|87|2S|W|7|D6
5|23|150|140|226|193|2S|W|7|D6
5|23|213|279|77|274|2S|W|7|D5
5|23|139|73|130|36|2H|N|10|D9
5|24|191|216|97|50|5DX|W|10|CA
5|24|57|168|12|131|4S|S|10|HA
5|24|78|219|110|109|3S|S|10|HA
5|24|255|121|111|85|5S|S|10|DK
5|24|159|183|64|35|5DX|W|10|SK
5|24|6|250|241|284|4S|S|10|HA
5|24|134|199|154|87|5DX|W|10|CK
5|24|150|140|226|193|3S|S|10|HA
5|24|213|279|77|274|5DX|W|10|D5
5|24|139|73|130|36|5S|S|10|HA
5|25|191|216|97|50|4S|E|11|S7
5|25|57|168|12|131|4S|E|10|CA
5|25|78|219|110|109|4S|E|10|HQ
5|25|255|121|111|85|4S|W|10|C6
5|25|159|183|64|35|4S|E|11|HQ
5|25|6|250|241|284|4S|W|10|C8
5|25|134|199|154|87|4S|W|10|S5
5|25|150|140|226|193|4S|E|10|CA
5|25|213|279|77|274|5DX|N|5|SQ
5|25|139|73|130|36|4S|E|10|D5
5|26|191|216|97|50|3N|N|7|C9
5|26|57|168|12|131|3N|S|7|D6
5|26|78|219|110|109|2CX|E|6|D2
5|26|255|121|111|85|3N|N|7|CT
5|26|159|183|64|35|3N|S|9|S3
5|26|6|250|241|284|3N|N|6|CT
5|26|134|199|154|87|2N|S|8|S8
5|26|150|140|226|193|1N|E|5|D6
5|26|213|279|77|274|1NX|E|5|D3
5|26|139|73|130|36|3N|N|8|CT
5|27|191|216|97|50|6N|N|12|H5
5|27|57|168|12|131|4S|S|12|S6
5|27|78|219|110|109|4S|S|12|S3
5|27|255|121|111|85|4S|S|12|S3
5|27|159|183|64|35|5S|S|12|D6
5|27|6|250|241|284|6S|S|12|S2
5|27|134|199|154|87|4S|S|12|D2
5|27|150|140|226|193|4S|N|12|H3
5|27|213|279|77|274|4S|N|12|H6
5|27|139|73|130|36|6S|S|12|HA
5|28|191|216|97|50|3N|W|11|S7
5|28|57|168|12|131|3N|W|10|D3
5|28|78|219|110|109|3N|W|10|S5
5|28|255|121|111|85|3N|E|9|H2
5|28|159|183|64|35|3N|W|9|H3
5|28|6|250|241|284|3N|W|9|H7
5|28|134|199|154|87|3N|W|10|S2
5|28|150|140|226|193|3N|E|10|H2
5|28|213|279|77|274|3N|E|10|HK
5|28|139|73|130|36|3N|W|10|S2
5|29|191|216|97|50|1S|E|8|D7
5|29|57|168|12|131|2N|W|7|DQ
5|29|78|219|110|109|2H|W|9|CT
5|29|255|121|111|85|1S|E|9|C5
5|29|159|183|64|35|2CX|W|9|SJ
5|29|6|250|241|284|1NX|N|5|S5
5|29|134|199|154|87|2H|W|11|CT
5|29|150|140|226|193|1S|E|9|D7
5|29|213|279|77|274|2H|E|10|H3
5|29|139|73|130|36|1S|E|7|DT
5|3|191|216|97|50|7S|S|13|HJ
5|3|57|168|12|131|7S|S|13|HQ
5|3|46|219|153|109|6S|S|13|S2
5|3|296|78|206|110|6S|S|13|HQ
5|3|159|183|64|35|7S|S|13|C8
5|3|6|67|241|184|6S|S|13|S2
5|3|134|199|154|87|6S|S|13|HQ
5|3|94|140|226|193|6S|S|13|HQ
5|3|213|122|77|279|6S|S|13|HQ
5|3|123|73|151|36|7S|S|13|S2
5|30|191|216|97|50|2H|S|8|DK
5|30|57|168|12|131|3H|S|8|CQ
5|30|78|219|110|109|3H|S|8|S2
5|30|255|121|111|85|2H|S|8|H3
5|30|159|183|64|35|3S|W|10|H2
5|30|6|250|241|284|3H|S|9|H3
5|30|134|199|154|87|2S|W|10|H6
5|30|150|140|226|193|4S|E|10|HA
5|30|213|279|77|274|4SX|E|10|H2
5|30|139|73|130|36|3H|S|8|S5
5|31|191|216|97|50|3N|E|10|S5
5|31|57|168|12|131|3N|E|10|S5
5|31|78|219|110|109|3N|W|9|S3
5|31|255|121|111|85|5D|E|8|H3
5|31|159|183|64|35|3N|E|12|S7
5|31|6|250|241|284|3C|W|10|HQ
5|31|134|199|154|87|3N|W|10|S4
5|31|150|140|226|193|3N|W|10|S4
5|31|213|279|77|274|3N|W|10|S4
5|31|139|73|130|36|2C|W|10|HQ
5|32|191|216|97|50|3C|E|5|SK
5|32|57|168|12|131|2S|S|7|CJ
5|32|78|219|110|109|2H|N|6|DJ
5|32|255|121|111|85|2D|S|6|D2
5|32|159|183|64|35|2S|S|7|H5
5|32|6|250|241|284|2D|S|7|CJ
5|32|134|199|154|87|3C|E|7|DK
5|32|150|140|226|193|3CX|E|8|SK
5|32|213|279|77|274|2S|S|7|CJ
5|32|139|73|130|36|3C|N|5|S4
5|4|191|216|97|50|7S|E|13|HJ
5|4|57|168|12|131|6S|E|13|DT
5|4|46|219|153|109|6S|W|13|SJ
5|4|296|78|206|110|7S|E|13|HJ
5|4|159|183|64|35|6S|W|13|H3
5|4|6|67|241|184|6S|W|13|DQ
5|4|134|199|154|87|4S|W|13|SJ
5|4|94|140|226|193|6S|W|13|DQ
5|4|213|122|77|279|6S|E|13|HJ
5|4|123|73|151|36|7S|W|13|DQ
5|5|191|216|97|50|3N|N|5|HQ
5|5|57|168|12|131|4S|S|10|D7
5|5|46|219|153|109|4S|S|10|H9
5|5|296|78|206|110|3N|N|10|C7
5|5|159|183|64|35|4S|S|10|H5
5|5|6|67|241|184|4S|S|10|H7
5|5|134|199|154|87|4S|N|11|DA
5|5|94|140|226|193|4S|S|10|D7
5|5|213|122|77|279|3S|S|10|H9
5|5|123|73|151|36|3N|N|11|C8
5|6|191|216|97|50|4S|N|11|D2
5|6|57|168|12|131|5S|N|10|H2
5|6|46|219|153|109|5C|N|10|HA
5|6|296|78|206|110|6HX|E|11|CA
5|6|159|183|64|35|4S|N|10|HA
5|6|6|67|241|184|5H|W|11|C9
5|6|134|199|154|87|4HX|E|11|DQ
5|6|94|140|226|193|6SX|N|10|HA
5|6|213|122|77|279|5SX|N|10|H2
5|6|123|73|151|36|5S|S|11|SA
5|7|191|216|97|50|3N|E|11|D3
5|7|57|168|12|131|3N|E|9|D3
5|7|46|219|153|109|3N|E|9|D3
5|7|296|78|206|110|3N|W|9|D4
5|7|159|183|64|35|6C|E|11|HK
5|7|6|67|241|184|3N|W|9|D8
5|7|134|199|154|87|3N|W|9|D8
5|7|94|140|226|193|3N|W|9|S7
5|7|213|122|77|279|3N|E|10|S2
5|7|123|73|151|36|3N|E|11|C5
5|8|191|216|97|50|4S|N|12|H4
5|8|57|168|12|131|3N|N|12|D3
5|8|46|219|153|109|4S|N|12|H2
5|8|296|78|206|110|5S|N|11|HT
5|8|159|183|64|35|6S|N|12|H4
5|8|6|67|241|184|4N|N|11|D3
5|8|134|199|154|87|6S|N|12|D4
5|8|94|140|226|193|4N|N|10|D3
5|8|213|122|77|279|3N|S|12|HT
5|8|123|73|151|36|3N|N|12|D7
5|9|191|216|97|50|4S|E|10|H5
5|9|57|168|12|131|4S|E|10|S3
5|9|46|219|153|109|5DX|N|8|HA
5|9|296|78|206|110|4S|E|11|DA
5|9|159|183|64|35|4S|E|10|DA
5|9|6|67|241|184|5DX|N|8|SA
5|9|134|199|154|87|4S|E|10|S4
5|9|94|140|226|193|4S|E|10|H7
5|9|213|122|77|279|4S|E|10|S9
5|9|123|73|151|36|4S|E|10|S3
6|1|255|168|111|97|6S|N|12|C2
6|1|131|296|191|206|6S|N|12|C6
6|1|183|121|35|85|6S|N|12|C2
6|1|78|6|110|241|6S|N|12|C2
6|1|122|250|274|284|5S|N|12|C2
6|1|159|123|64|151|6S|N|13|D2
6|1|94|216|150|50|6S|N|12|C6
6|1|57|199|12|87|6S|N|12|C7
6|1|213|235|77|193|5S|N|12|C7
6|1|134|73|154|36|5S|N|12|C7
6|10|255|168|111|97|1N|E|5|H2
6|10|131|296|191|206|1N|N|8|CA
6|10|183|121|35|85|1N|N|8|H4
6|10|78|6|110|241|1N|N|9|CA
6|10|122|250|274|284|1D|S|8|C6
6|10|159|123|64|151|1N|N|8|CA
6|10|94|216|150|50|1N|E|5|DJ
6|10|57|199|12|87|1H|S|8|C2
6|10|213|235|77|193|1N|N|8|S6
6|10|134|73|154|36|1N|E|5|DJ
6|11|255|168|111|97|4S|S|11|CA
6|11|131|296|191|206|4S|S|11|CA
6|11|183|121|35|85|4S|S|11|CK
6|11|78|6|110|241|4S|S|11|CK
6|11|122|250|274|284|4S|S|11|CA
6|11|159|123|64|151|4S|S|11|CK
6|11|94|216|150|50|4S|S|11|CA
6|11|57|199|12|87|4S|S|11|CA
6|11|213|235|77|193|4S|S|11|CA
6|11|134|73|154|36|4S|S|11|CA
6|12|255|168|111|97|3C|N|10|HQ
6|12|131|296|191|206|3D|E|6|C2
6|12|183|121|35|85|3C|N|9|HQ
6|12|78|6|110|241|3S|E|7|C2
6|12|122|250|274|284|2D|E|7|C4
6|12|159|123|64|151|3S|E|8|C5
6|12|94|216|150|50|1H|W|6|S6
6|12|57|199|12|87|3N|S|9|SA
6|12|213|235|77|193|3H|W|8|CA
6|12|134|73|154|36|2S|E|7|C4
6|13|255|168|111|97|4H|S|6|SK
6|13|131|296|191|206|4S|W|9|HA
6|13|183|121|35|85|4S|W|9|HA
6|13|78|6|110|241|2S|W|9|CA
6|13|122|250|274|284|4H|S|6|SK
6|13|159|123|64|151|4H|S|8|SK
6|13|94|216|150|50|4S|W|9|HA
6|13|57|199|12|87|4H|S|6|SK
6|13|213|235|77|193|5H|S|8|SK
6|13|134|73|154|36|2S|W|10|HA
6|14|255|168|111|97|3D|S|9|SQ
6|14|131|296|191|206|2D|S|9|SQ
6|14|183|121|35|85|3D|S|9|SQ
6|14|78|6|110|241|2S|W|7|H6
6|14|122|250|274|284|3D|S|9|SQ
6|14|159|123|64|151|3D|S|9|SQ
6|14|94|216|150|50|2S|E|7|H6
6|14|57|199|12|87|3D|S|9|SQ
6|14|213|235|77|193|3D|S|9|SQ
6|14|134|73|154|36|2S|E|7|H6
6|15|255|168|111|97|4H|W|8|S6
6|15|131|296|191|206|4H|E|9|S6
6|15|183|121|35|85|4H|W|9|H2
6|15|78|6|110|241|4H|W|9|S6
6|15|122|250|274|284|3H|W|9|S6
6|15|159|123|64|151|4H|W|9|S6
6|15|94|216|150|50|2N|E|7|C6
6|15|57|199|12|87|2S|S|6|DJ
6|15|213|235|77|193|3H|W|9|S6
6|15|134|73|154|36|2S|S|6|DJ
6|16|255|168|111|97|2S|N|8|CA
6|16|131|296|191|206|3D|W|8|S5
6|16|183|121|35|85|2S|S|7|HQ
6|16|78|6|110|241|1N|W|8|S5
6|16|122|250|274|284|2S|N|7|HT
6|16|159|123|64|151|2H|W|7|C8
6|16|94|216|150|50|1N|E|6|S3
6|16|57|199|12|87|2S|S|7|SA
6|16|213|235|77|193|1N|N|7|S6
6|16|134|73|154|36|1N|S|6|H8
6|17|219|168|109|97|3S|W|7|CA
6|17|131|296|191|206|1N|N|8|C5
6|17|183|121|35|85|3N|N|8|C3
6|17|46|6|153|241|3D|N|9|S4
6|17|139|250|130|284|2D|N|10|S4
6|17|159|123|64|151|2S|E|8|S5
6|17|94|216|87|50|3S|E|7|CJ
6|17|57|150|12|226|2S|E|7|CJ
6|17|213|235|77|140|1N|N|8|S3
6|17|193|73|134|36|1N|N|8|C8
6|18|219|168|109|97|4S|N|10|CA
6|18|131|296|191|206|4S|N|11|CA
6|18|183|121|35|85|4S|N|10|CK
6|18|46|6|153|241|4S|N|11|CK
6|18|139|250|130|284|4S|N|11|CA
6|18|159|123|64|151|4S|N|11|CK
6|18|94|216|87|50|4S|N|10|CK
6|18|57|150|12|226|4N|S|11|C5
6|18|213|235|77|140|4S|N|10|CA
6|18|193|73|134|36|4S|N|10|CA
6|19|219|168|109|97|4H|E|10|SJ
6|19|131|296|191|206|4H|W|10|DQ
6|19|183|121|35|85|4H|W|10|H5
6|19|46|6|153|241|4H|W|10|C9
6|19|139|250|130|284|2H|E|10|SJ
6|19|94|216|87|50|4H|E|9|SJ
6|19|213|235|77|140|4H|W|9|DQ
6|19|193|73|134|36|4H|W|10|H5
6|2|255|168|111|97|3N|N|9|CJ
6|2|131|296|191|206|3N|N|9|D5
6|2|183|121|35|85|5D|S|10|C8
6|2|78|6|110|241|4H|S|9|C8
6|2|122|250|274|284|3N|N|9|CJ
6|2|159|123|64|151|3N|N|9|CT
6|2|94|216|150|50|3N|N|9|CJ
6|2|57|199|12|87|3N|N|9|CT
6|2|213|235|77|193|3N|N|10|S7
6|2|134|73|154|36|3N|N|10|D6
6|20|219|168|109|97|3N|E|10|H6
6|20|131|296|191|206|3N|E|8|D2
6|20|183|121|35|85|3N|E|8|D7
6|20|46|6|153|241|3C|E|8|D7
6|20|139|250|130|284|3N|E|10|H3
6|20|94|216|87|50|3N|E|10|H6
6|20|213|235|77|140|2N|E|9|H6
6|20|193|73|134|36|2N|E|7|D2
6|21|219|168|109|97|4H|E|10|D7
6|21|131|296|191|206|4H|E|10|SQ
6|21|183|121|35|85|4H|E|10|SQ
6|21|46|6|153|241|4H|E|10|SQ
6|21|139|250|130|284|4H|E|10|SQ
6|21|159|123|64|151|4H|E|10|SQ
6|21|94|216|87|50|4H|W|10|D9
6|21|213|235|77|140|4H|E|10|SQ
6|21|193|73|134|36|4H|E|10|SJ
6|22|219|168|109|97|2S|N|7|HJ
6|22|131|296|191|206|2S|N|7|HJ
6|22|183|121|35|85|1N|S|7|H3
6|22|46|6|153|241|2S|S|7|C2
6|22|139|250|130|284|3C|W|8|H5
6|22|159|123|64|151|1N|S|7|H6
6|22|94|216|87|50|1N|S|6|H6
6|22|213|235|77|140|2S|S|7|DK
6|22|193|73|134|36|1N|S|7|H6
6|23|219|168|109|97|3S|W|9|H5
6|23|131|296|191|206|3S|W|9|H6
6|23|183|121|35|85|5C|S|9|SA
6|23|46|6|153|241|4SX|W|9|H6
6|23|139|250|130|284|2D|S|5|C3
6|23|94|216|87|50|4S|W|9|H7
6|23|57|150|12|226|4C|S|11|H9
6|23|213|235|77|140|4S|W|8|H6
6|23|193|73|134|36|2D|S|6|C9
6|24|219|168|109|97|4H|S|10|DJ
6|24|131|296|191|206|4H|S|10|DJ
6|24|183|121|35|85|4H|S|9|DJ
6|24|46|6|153|241|4H|N|10|DK
6|24|139|250|130|284|5H|N|9|S8
6|24|94|216|87|50|3H|S|9|DJ
6|24|57|150|12|226|4H|S|10|DJ
6|24|213|235|77|140|4H|S|10|DJ
6|24|193|73|134|36|4H|N|9|S2
6|25|219|168|109|97|2N|E|6|S4
6|25|131|296|191|206|2N|E|7|S6
6|25|183|121|35|85|2N|E|6|S5
6|25|46|6|153|241|2N|E|7|S6
6|25|139|250|130|284|2N|E|7|SA
6|25|159|123|64|151|2N|E|8|S5
6|25|94|216|87|50|2N|E|7|S6
6|25|57|150|12|226|2N|E|7|S6
6|25|213|235|77|140|2N|E|6|S6
6|25|193|73|134|36|2N|E|6|S6
6|26|219|168|109|97|4H|N|10|CT
6|26|131|296|191|206|4H|N|11|SK
6|26|183|121|35|85|4H|N|11|SK
6|26|46|6|153|241|4H|N|11|C9
6|26|139|250|130|284|4H|N|10|SK
6|26|159|123|64|151|4H|N|10|SQ
6|26|94|216|87|50|4H|N|10|CT
6|26|57|150|12|226|4H|N|11|SK
6|26|213|235|77|140|4H|N|10|SK
6|26|193|73|134|36|4H|N|10|CT
6|27|219|168|109|97|1N|N|5|D4
6|27|131|296|191|206|1N|N|6|D4
6|27|183|121|35|85|1H|N|7|DK
6|27|46|6|153|241|1N|N|6|D4
6|27|139|250|130|284|1N|N|6|D4
6|27|159|123|64|151|2D|E|5|HT
6|27|94|216|87|50|3D|E|8|HT
6|27|57|150|12|226|2H|N|7|DK
6|27|213|235|77|140|2D|W|7|CA
6|27|193|73|134|36|2S|W|7|CA
6|28|219|168|109|97|3N|W|11|D4
6|28|131|296|191|206|3N|E|11|S4
6|28|183|121|35|85|3N|W|11|D3
6|28|46|6|153|241|3C|W|11|S5
6|28|139|250|130|284|3N|E|11|S4
6|28|159|123|64|151|1N|E|11|S2
6|28|94|216|87|50|3N|W|10|HT
6|28|57|150|12|226|3N|W|11|D4
6|28|213|235|77|140|3N|E|11|S4
6|28|193|73|134|36|3N|W|11|HT
6|29|219|168|109|97|6S|S|12|C8
6|29|131|296|191|206|6S|S|12|S4
6|29|183|121|35|85|4S|N|12|D7
6|29|46|6|153|241|5S|S|12|C8
6|29|139|250|130|284|6S|S|12|C8
6|29|159|123|64|151|4S|S|12|C8
6|29|94|216|87|50|4S|N|12|D4
6|29|57|150|12|226|4S|N|12|S5
6|29|213|235|77|140|6S|S|12|H7
6|29|193|73|134|36|5S|N|12|D4
6|3|255|168|111|97|4H|E|11|S3
6|3|131|296|191|206|4H|E|10|S2
6|3|183|121|35|85|4H|E|11|S2
6|3|78|6|110|241|4H|W|11|C2
6|3|122|250|274|284|4H|E|9|S3
6|3|159|123|64|151|4H|W|11|S5
6|3|94|216|150|50|4H|E|10|S3
6|3|57|199|12|87|4H|E|10|SQ
6|3|213|235|77|193|4H|W|9|D2
6|3|134|73|154|36|4H|E|10|SQ
6|30|219|168|109|97|2D|E|10|C2
6|30|131|296|191|206|3D|E|9|C3
6|30|183|121|35|85|4D|E|10|C3
6|30|46|6|153|241|2H|W|8|SJ
6|30|139|250|130|284|2H|W|8|DT
6|30|159|123|64|151|2H|W|8|SJ
6|30|94|216|87|50|2H|W|8|SJ
6|30|57|150|12|226|2H|W|7|SJ
6|30|213|235|77|140|3D|E|10|H2
6|30|193|73|134|36|2H|W|8|SJ
6|31|219|168|109|97|4H|E|13|SJ
6|31|131|296|191|206|4H|E|13|SJ
6|31|183|121|35|85|4H|E|13|H5
6|31|46|6|153|241|6H|E|13|SJ
6|31|139|250|130|284|4H|E|13|SJ
6|31|159|123|64|151|4H|W|12|D2
6|31|94|216|87|50|6H|W|13|SJ
6|31|57|150|12|226|4H|E|13|SJ
6|31|213|235|77|140|4H|E|12|SJ
6|31|193|73|134|36|4H|E|13|D5
6|32|219|168|109|97|2CX|N|5|DK
6|32|131|296|191|206|2CX|N|5|DA
6|32|183|121|35|85|3N|E|11|C2
6|32|46|6|153|241|2CX|N|5|DK
6|32|139|250|130|284|3N|E|10|C3
6|32|159|123|64|151|2CX|N|5|DA
6|32|94|216|87|50|2CX|N|5|DK
6|32|57|150|12|226|2CX|N|5|DK
6|32|213|235|77|140|3N|E|10|CJ
6|32|193|73|134|36|3N|E|10|C2
6|4|255|168|111|97|1S|S|4|D9
6|4|131|296|191|206|2D|E|6|HK
6|4|183|121|35|85|2N|W|7|H2
6|4|78|6|110|241|2C|W|8|S7
6|4|122|250|274|284|1S|S|4|D9
6|4|159|123|64|151|1S|S|6|D4
6|4|94|216|150|50|1N|E|8|S8
6|4|57|199|12|87|P||0
6|4|213|235|77|193|2D|E|8|C4
6|4|134|73|154|36|2D|E|8|C4
6|5|255|168|111|97|4S|S|11|H3
6|5|131|296|191|206|4S|S|11|H2
6|5|183|121|35|85|4S|S|11|H3
6|5|78|6|110|241|4S|N|11|C9
6|5|122|250|274|284|4S|N|11|CT
6|5|159|123|64|151|4S|N|11|D3
6|5|94|216|150|50|4S|N|11|DK
6|5|57|199|12|87|4S|S|11|CJ
6|5|213|235|77|193|4S|S|11|H2
6|5|134|73|154|36|4S|N|11|CT
6|6|255|168|111|97|3H|S|6|D8
6|6|131|296|191|206|2N|E|7|H5
6|6|183|121|35|85|2N|E|6|C4
6|6|78|6|110|241|3N|E|6|H3
6|6|122|250|274|284|3N|E|7|H5
6|6|159|123|64|151|3S|W|9|CA
6|6|94|216|150|50|3D|E|8|DT
6|6|57|199|12|87|3S|W|8|H6
6|6|213|235|77|193|2S|W|8|H4
6|6|134|73|154|36|P||0
6|7|255|168|111|97|2S|W|11|DA
6|7|131|296|191|206|3S|W|11|DA
6|7|183|121|35|85|3HX|S|8|SK
6|7|78|6|110|241|4S|W|11|DA
6|7|122|250|274|284|4S|E|11|DJ
6|7|159|123|64|151|4S|W|11|DK
6|7|94|216|150|50|4S|W|11|DA
6|7|57|199|12|87|3S|W|11|DK
6|7|213|235|77|193|4H|S|7|DT
6|7|134|73|154|36|2S|W|11|DK
6|8|255|168|111|97|3C|N|10|D9
6|8|131|296|191|206|3N|S|11|D5
6|8|183|121|35|85|3N|S|11|D2
6|8|78|6|110|241|4H|N|9|D9
6|8|122|250|274|284|5C|S|9|S6
6|8|159|123|64|151|3C|S|11|D5
6|8|94|216|150|50|3N|S|10|D5
6|8|57|199|12|87|4H|N|9|D9
6|8|213|235|77|193|3N|S|10|D5
6|8|134|73|154|36|4H|N|10|D9
6|9|255|168|111|97|2H|S|6|S3
6|9|131|296|191|206|1N|E|8|CK
6|9|183|121|35|85|3D|E|10|CK
6|9|78|6|110|241|3N|E|8|CK
6|9|122|250|274|284|2D|E|10|CK
6|9|159|123|64|151|2S|W|7|H9
6|9|94|216|150|50|1N|E|8|CK
6|9|57|199|12|87|3HX|S|4|D6
6|9|213|235|77|193|1N|E|9|CK
6|9|134|73|154|36|2H|N|6|CT
7|1|200|183|191|35|4H|E|10|C9
7|1|6|131|241|97|4H|E|9|C7
7|1|46|159|110|64|4H|E|9|C9
7|1|250|121|284|85|4H|E|10|C9
7|1|255|199|111|87|4S|E|9|C9
7|1|150|296|226|206|4H|E|9|C8
7|1|57|73|12|36|4H|E|10|DA
7|1|65|288|63|216|4H|E|11|SJ
7|1|20|279|134|274|5H|W|10|H6
7|1|123|193|151|154|4H|E|9|H3
7|10|200|183|191|35|4S|N|10|S4
7|10|6|131|241|97|4S|N|9|DK
7|10|46|159|110|64|4S|N|10|DA
7|10|250|121|284|85|4S|N|10|DA
7|10|255|199|111|87|4S|N|9|DA
7|10|150|296|226|206|4S|N|10|DA
7|10|57|73|12|36|4S|N|10|DA
7|10|65|288|63|216|4S|N|10|DA
7|10|20|279|134|274|4S|S|10|C8
7|10|123|193|151|154|4S|N|9|DA
7|11|200|183|191|35|3N|N|9|C3
7|11|6|131|241|97|2D|N|10|SJ
7|11|46|159|110|64|3S|W|8|D7
7|11|250|121|284|85|3S|E|7|D7
7|11|255|199|111|87|3D|N|9|HK
7|11|150|296|226|206|3D|N|10|SJ
7|11|57|73|12|36|3N|N|6|C3
7|11|65|288|63|216|2S|E|7|D4
7|11|20|279|134|274|3D|N|9|SJ
7|11|123|193|151|154|3D|N|9|SJ
7|12|200|183|191|35|2S|N|9|DA
7|12|6|131|241|97|2S|S|11|CA
7|12|46|159|110|64|1N|E|7|CQ
7|12|250|121|284|85|2S|N|10|SQ
7|12|255|199|111|87|1N|E|7|CQ
7|12|150|296|226|206|2S|N|9|DA
7|12|57|73|12|36|2S|S|10|CA
7|12|65|288|63|216|1N|W|6|ST
7|12|20|279|134|274|1N|E|6|CQ
7|12|123|193|151|154|2S|N|9|C3
7|13|200|183|191|35|4H|S|9|C7
7|13|6|131|241|97|4H|S|9|C7
7|13|46|159|110|64|4H|S|9|C7
7|13|250|121|284|85|4H|S|9|C7
7|13|255|199|111|87|2H|S|9|C4
7|13|150|296|226|206|2H|S|9|C4
7|13|57|73|12|36|3H|S|9|C7
7|13|65|288|63|216|4H|S|10|C4
7|13|20|279|134|274|4H|S|9|C7
7|13|123|193|151|154|4H|S|8|DA
7|14|200|183|191|35|3N|N|9|H6
7|14|6|131|241|97|3N|N|7|C7
7|14|46|159|110|64|3N|N|10|C5
7|14|250|121|284|85|5D|S|11|HT
7|14|255|199|111|87|3D|S|11|H8
7|14|150|296|226|206|3N|N|9|H5
7|14|57|73|12|36|3N|N|9|C7
7|14|65|288|63|216|5D|S|11|H7
7|14|20|279|134|274|3N|N|10|C7
7|14|123|193|151|154|3N|N|10|H5
7|15|200|183|191|35|3N|W|10|HT
7|15|6|131|241|97|3N|W|10|H6
7|15|46|159|110|64|3N|W|11|S5
7|15|250|121|284|85|3N|W|10|HT
7|15|255|199|111|87|3N|W|10|H9
7|15|150|296|226|206|3N|W|10|H6
7|15|57|73|12|36|3N|W|10|H9
7|15|65|288|63|216|3N|W|10|HT
7|15|20|279|134|274|3N|W|10|H6
7|15|123|193|151|154|3N|W|10|HT
7|16|200|183|191|35|2S|E|10|CK
7|16|6|131|241|97|3S|W|10|CK
7|16|46|159|110|64|4S|E|9|S2
7|16|250|121|284|85|3C|S|6|S8
7|16|255|199|111|87|4S|E|9|CK
7|16|150|296|226|206|3S|E|9|CK
7|16|57|73|12|36|2H|W|7|C7
7|16|65|288|63|216|3C|S|7|S7
7|16|20|279|134|274|2S|E|8|CK
7|16|123|193|151|154|2D|N|7|H4
7|17|200|183|191|35|3H|E|8|DJ
7|17|6|131|241|97|4H|W|8|S9
7|17|78|159|110|64|4H|E|8|S2
7|17|250|121|284|85|4H|E|11|S2
7|17|255|94|111|87|4H|E|8|DJ
7|17|150|296|226|206|4H|E|9|DJ
7|17|57|65|12|63|4H|E|8|S4
7|17|213|288|77|216|2H|W|9|DA
7|17|193|123|154|151|4H|E|8|S4
7|17|139|20|130|134|4H|E|8|DJ
7|18|200|183|191|35|1N|N|7|S4
7|18|6|131|241|97|1N|N|6|DT
7|18|78|159|110|64|3D|S|7|S9
7|18|250|121|284|85|1N|N|6|DT
7|18|255|94|111|87|2C|N|9|S4
7|18|150|296|226|206|2C|N|8|DT
7|18|57|65|12|63|1N|N|6|DT
7|18|213|288|77|216|2C|N|8|ST
7|18|193|123|154|151|1N|N|6|DT
7|18|139|20|130|134|2D|S|7|S9
7|19|200|183|191|35|3H|E|7|CA
7|19|6|131|241|97|3C|S|8|D5
7|19|78|159|110|64|3C|S|10|D5
7|19|250|121|284|85|3D|W|9|C5
7|19|255|94|111|87|3H|E|7|CA
7|19|150|296|226|206|2H|E|7|CA
7|19|57|65|12|63|3D|W|10|C7
7|19|213|288|77|216|5CX|S|9|CJ
7|19|193|123|154|151|5DX|W|9|C7
7|19|139|20|130|134|2D|W|10|C8
7|2|200|183|191|35|5D|S|12|S2
7|2|6|131|241|97|3N|N|10|HJ
7|2|46|159|110|64|6D|S|12|S2
7|2|250|121|284|85|2SX|E|7|DA
7|2|255|199|111|87|3N|N|11|C6
7|2|150|296|226|206|5D|S|12|S5
7|2|57|73|12|36|3D|S|12|SJ
7|2|65|288|63|216|4D|S|11|S5
7|2|20|279|134|274|3N|N|9|SK
7|2|123|193|151|154|3N|S|12|C5
7|20|200|183|191|35|4S|S|11|D3
7|20|6|131|241|97|4S|S|11|D3
7|20|78|159|110|64|4S|S|9|H6
7|20|250|121|284|85|3N|N|6|DT
7|20|255|94|111|87|4S|S|11|C9
7|20|150|296|226|206|4S|S|10|H7
7|20|57|65|12|63|4S|S|11|D2
7|20|213|288|77|216|4S|S|10|H7
7|20|193|123|154|151|4S|S|11|D2
7|20|139|20|130|134|4S|S|11|C7
7|21|200|183|191|35|2S|N|7|HK
7|21|6|131|241|97|3H|W|6|D2
7|21|78|159|110|64|2S|N|7|HK
7|21|250|121|284|85|3D|E|8|ST
7|21|255|94|111|87|2S|N|7|HA
7|21|150|296|226|206|2S|N|7|HA
7|21|57|65|12|63|2S|N|7|HK
7|21|213|288|77|216|3C|S|8|D4
7|21|193|123|154|151|1N|E|8|C4
7|21|139|20|130|134|2S|N|7|HK
7|22|200|183|191|35|4S|W|11|C4
7|22|6|131|241|97|5S|W|11|C4
7|22|78|159|110|64|1S|W|11|C4
7|22|250|121|284|85|1S|W|11|C4
7|22|255|94|111|87|1D|W|9|H2
7|22|150|296|226|206|1D|W|10|SA
7|22|57|65|12|63|4S|W|11|SA
7|22|213|288|77|216|1S|W|11|C4
7|22|193|123|154|151|4S|W|11|SA
7|22|139|20|130|134|4S|W|11|H2
7|23|200|183|191|35|3N|W|7|C6
7|23|6|131|241|97|3D|W|10|C5
7|23|78|159|110|64|3N|W|7|C5
7|23|250|121|284|85|3N|W|7|C6
7|23|255|94|111|87|2N|W|8|C6
7|23|150|296|226|206|2N|W|8|C6
7|23|57|65|12|63|3D|W|10|SK
7|23|213|288|77|216|3SX|S|7|H8
7|23|193|123|154|151|3N|W|7|C6
7|23|139|20|130|134|2C|N|6|HK
7|24|200|183|191|35|1N|S|8|H5
7|24|6|131|241|97|1N|S|8|ST
7|24|78|159|110|64|1N|S|7|ST
7|24|250|121|284|85|1N|N|8|S3
7|24|255|94|111|87|1N|S|8|HA
7|24|150|296|226|206|1N|S|8|H5
7|24|57|65|12|63|1N|S|7|ST
7|24|213|288|77|216|1N|S|7|H5
7|24|193|123|154|151|1N|S|7|ST
7|24|139|20|130|134|1N|S|7|HA
7|25|200|183|191|35|4H|E|10|SK
7|25|6|131|241|97|6H|E|10|SK
7|25|78|159|110|64|4H|E|10|SK
7|25|250|121|284|85|4H|E|11|SK
7|25|255|94|111|87|4HX|E|11|SK
7|25|150|296|226|206|4H|E|10|SK
7|25|57|65|12|63|4H|E|11|SK
7|25|213|288|77|216|6H|E|10|SK
7|25|193|123|154|151|4H|E|10|SK
7|25|139|20|130|134|6H|E|11|SQ
7|26|200|183|191|35|3D|E|9|SK
7|26|6|131|241|97|3N|E|9|SK
7|26|78|159|110|64|3N|W|9|S3
7|26|250|121|284|85|3C|E|11|SK
7|26|255|94|111|87|3N|W|10|S3
7|26|150|296|226|206|3N|W|9|S2
7|26|57|65|12|63|3N|E|9|SK
7|26|213|288|77|216|3N|E|9|SK
7|26|193|123|154|151|5C|W|11|S2
7|26|139|20|130|134|3C|W|9|S2
7|27|200|183|191|35|3N|W|8|H7
7|27|6|131|241|97|3D|W|9|S7
7|27|78|159|110|64|3D|W|9|S7
7|27|250|121|284|85|3D|W|9|S9
7|27|255|94|111|87|3N|W|11|S9
7|27|150|296|226|206|4S|E|10|D6
7|27|57|65|12|63|3N|E|11|HQ
7|27|213|288|77|216|3N|W|10|H7
7|27|193|123|154|151|4S|W|9|D7
7|27|139|20|130|134|3N|W|10|H7
7|28|200|183|191|35|3N|E|12|C6
7|28|6|131|241|97|4N|W|11|S6
7|28|78|159|110|64|6D|W|12|SJ
7|28|250|121|284|85|6D|W|12|D5
7|28|255|94|111|87|3N|E|12|S7
7|28|150|296|226|206|5D|W|12|SJ
7|28|57|65|12|63|3N|E|11|SQ
7|28|213|288|77|216|4N|E|11|S9
7|28|193|123|154|151|3N|E|11|S7
7|28|139|20|130|134|5D|W|12|SJ
7|29|200|183|191|35|4H|W|9|DJ
7|29|6|131|241|97|4S|E|8|H3
7|29|78|159|110|64|2H|W|10|SA
7|29|250|121|284|85|4H|W|10|DJ
7|29|255|94|111|87|2N|E|7|C5
7|29|150|296|226|206|2H|W|10|C2
7|29|57|65|12|63|4H|E|9|C5
7|29|213|288|77|216|4H|E|9|S4
7|29|193|123|154|151|4H|W|10|DJ
7|29|139|20|130|134|4H|W|9|C6
7|3|200|183|191|35|4H|W|10|H9
7|3|6|131|241|97|4H|W|10|CT
7|3|46|159|110|64|4H|W|10|H5
7|3|250|121|284|85|4H|W|10|CJ
7|3|255|199|111|87|4H|W|10|D5
7|3|150|296|226|206|4H|W|10|CJ
7|3|57|73|12|36|4H|W|10|D5
7|3|65|288|63|216|4H|W|10|H5
7|3|20|279|134|274|4H|W|11|D5
7|3|123|193|151|154|4H|W|10|D5
7|30|200|183|191|35|3D|S|11|C3
7|30|6|131|241|97|4H|S|10|D2
7|30|78|159|110|64|4H|S|11|C3
7|30|250|121|284|85|4H|S|10|SA
7|30|255|94|111|87|4H|S|10|D2
7|30|150|296|226|206|4H|S|11|C2
7|30|57|65|12|63|4H|S|10|D2
7|30|213|288|77|216|4H|S|10|D2
7|30|193|123|154|151|4H|N|9|SK
7|30|139|20|130|134|4H|S|9|SA
7|31|200|183|191|35|2D|S|8|CQ
7|31|6|131|241|97|3D|S|8|CQ
7|31|78|159|110|64|2D|S|8|CQ
7|31|250|121|284|85|3D|S|9|HA
7|31|255|94|111|87|3D|S|9|CQ
7|31|150|296|226|206|3D|S|8|CQ
7|31|57|65|12|63|2D|S|8|C5
7|31|213|288|77|216|2D|S|9|CQ
7|31|193|123|154|151|3N|E|9|DA
7|31|139|20|130|134|3D|S|9|S7
7|32|200|183|191|35|5D|E|10|HA
7|32|6|131|241|97|4H|N|9|CA
7|32|78|159|110|64|3H|S|9|D2
7|32|250|121|284|85|4S|W|9|HK
7|32|255|94|111|87|4H|N|9|DK
7|32|150|296|226|206|4H|S|9|D7
7|32|57|65|12|63|5HX|N|9|DK
7|32|213|288|77|216|3H|N|9|DK
7|32|193|123|154|151|4D|E|11|HA
7|32|139|20|130|134|5DX|E|10|HA
7|4|200|183|191|35|3N|W|9|C7
7|4|6|131|241|97|3N|W|8|C7
7|4|46|159|110|64|2D|E|8|H5
7|4|250|121|284|85|3N|W|7|H3
7|4|255|199|111|87|3N|W|7|D5
7|4|150|296|226|206|3N|W|8|S3
7|4|57|73|12|36|4S|W|8|S3
7|4|65|288|63|216|3HX|S|7|D4
7|4|20|279|134|274|3N|W|7|S3
7|4|123|193|151|154|2D|E|9|C4
7|5|200|183|191|35|4S|S|7|DT
7|5|6|131|241|97|4S|S|9|CK
7|5|46|159|110|64|4S|S|9|CK
7|5|250|121|284|85|4S|S|8|DT
7|5|255|199|111|87|4S|S|8|H9
7|5|150|296|226|206|3H|W|10|ST
7|5|57|73|12|36|3N|S|7|H9
7|5|65|288|63|216|4S|S|7|D9
7|5|20|279|134|274|2N|S|7|H9
7|5|123|193|151|154|2S|S|7|D5
7|6|200|183|191|35|3D|E|10|HK
7|6|6|131|241|97|5D|E|9|HK
7|6|46|159|110|64|5D|E|10|HK
7|6|250|121|284|85|3N|E|7|HK
7|6|255|199|111|87|6C|W|10|H6
7|6|150|296|226|206|3N|W|9|H9
7|6|57|73|12|36|3N|W|9|H6
7|6|65|288|63|216|3N|W|10|H6
7|6|20|279|134|274|6D|E|10|HK
7|6|123|193|151|154|3S|E|7|HK
7|7|200|183|191|35|3N|W|8|SJ
7|7|6|131|241|97|2N|W|7|S7
7|7|46|159|110|64|3N|W|6|SJ
7|7|250|121|284|85|2SX|N|6|C8
7|7|255|199|111|87|3N|W|6|ST
7|7|150|296|226|206|3N|W|7|SJ
7|7|57|73|12|36|3N|W|6|SJ
7|7|65|288|63|216|3N|W|5|SJ
7|7|20|279|134|274|3N|W|9|SJ
7|7|123|193|151|154|3N|W|8|ST
7|8|200|183|191|35|2H|E|8|D2
7|8|6|131|241|97|4H|E|10|C3
7|8|46|159|110|64|2N|W|8|H7
7|8|250|121|284|85|2N|W|8|C2
7|8|255|199|111|87|2N|W|9|S2
7|8|150|296|226|206|3N|W|9|S2
7|8|57|73|12|36|3N|W|9|DJ
7|8|65|288|63|216|2N|E|8|D4
7|8|20|279|134|274|3N|W|8|C2
7|8|123|193|151|154|3H|W|9|DJ
7|9|200|183|191|35|3C|N|9|S6
7|9|6|131|241|97|3H|S|8|CA
7|9|46|159|110|64|3H|S|10|DA
7|9|250|121|284|85|3NX|S|7|D2
7|9|255|199|111|87|4HX|S|9|DA
7|9|150|296|226|206|2H|S|10|DA
7|9|57|73|12|36|3C|N|9|S8
7|9|65|288|63|216|3H|S|9|DA
7|9|20|279|134|274|3H|S|10|DK
7|9|123|193|151|154|4H|S|8|DA
8|1|250|131|284|97|6H|N|11|DT
8|1|200|159|191|64|6H|N|11|DT
8|1|122|78|279|110|6H|N|11|D9
8|1|46|123|153|151|6H|N|10|DT
8|1|94|183|226|35|4H|N|8|DT
8|1|6|199|241|87|6H|N|11|D9
8|1|213|296|77|206|6H|N|10|S3
8|1|255|73|111|36|6H|N|10|D5
8|1|193|288|134|216|6C|N|12|DT
8|1|57|20|12|140|6C|N|9|S3
8|10|250|131|284|97|3N|N|9|S5
8|10|200|159|191|64|3N|N|8|S8
8|10|122|78|279|110|3N|N|8|S8
8|10|46|123|153|151|3N|N|7|S9
8|10|94|183|226|35|3N|N|7|S5
8|10|6|199|241|87|3N|N|10|S5
8|10|213|296|77|206|3N|N|9|S9
8|10|255|73|111|36|1N|N|9|S5
8|10|193|288|134|216|3N|N|7|S5
8|10|57|20|12|140|3N|N|7|S5
8|11|250|131|284|97|3H|E|10|SA
8|11|200|159|191|64|4H|W|11|SQ
8|11|122|78|279|110|4H|W|10|HT
8|11|46|123|153|151|4SX|N|7|D3
8|11|94|183|226|35|4H|W|9|S4
8|11|6|199|241|87|3H|W|9|C4
8|11|213|296|77|206|4H|W|10|C4
8|11|255|73|111|36|4H|W|11|C4
8|11|193|288|134|216|4H|W|9|SQ
8|11|57|20|12|140|2SX|N|9|CA
8|12|250|131|284|97|4H|S|9|CQ
8|12|200|159|191|64|2H|S|9|D5
8|12|122|78|279|110|2H|N|9|DA
8|12|46|123|153|151|2H|S|9|CQ
8|12|94|183|226|35|3D|E|7|HK
8|12|6|199|241|87|2H|S|9|SJ
8|12|213|296|77|206|2H|S|9|SJ
8|12|255|73|111|36|2H|S|9|SJ
8|12|193|288|134|216|3H|S|9|SJ
8|12|57|20|12|140|2H|S|10|D6
8|13|250|131|284|97|1N|N|5|C4
8|13|200|159|191|64|3N|E|8|S3
8|13|122|78|279|110|1N|N|4|C6
8|13|46|123|153|151|3N|E|8|S3
8|13|94|183|226|35|3N|E|8|S3
8|13|6|199|241|87|3N|E|8|S3
8|13|213|296|77|206|3N|E|8|S3
8|13|255|73|111|36|3N|W|8|D4
8|13|193|288|134|216|3C|W|8|H9
8|13|57|20|12|140|2D|N|6|HA
8|14|250|131|284|97|4H|S|10|S6
8|14|200|159|191|64|4H|S|10|DJ
8|14|122|78|279|110|2N|N|7|D7
8|14|46|123|153|151|4H|S|10|H4
8|14|94|183|226|35|4H|N|10|C7
8|14|6|199|241|87|4H|S|10|DT
8|14|213|296|77|206|4H|N|11|D5
8|14|255|73|111|36|4H|S|10|ST
8|14|193|288|134|216|4H|S|10|DJ
8|14|57|20|12|140|4H|S|10|S7
8|15|250|131|284|97|4HX|S|8|SA
8|15|200|159|191|64|3N|W|9|SJ
8|15|122|78|279|110|3N|E|8|CQ
8|15|46|123|153|151|3N|W|8|C3
8|15|94|183|226|35|3N|E|8|HA
8|15|6|199|241|87|3D|W|10|C3
8|15|213|296|77|206|3N|W|9|S7
8|15|255|73|111|36|3D|W|9|C3
8|15|193|288|134|216|3N|W|9|S7
8|15|57|20|12|140|3D|W|10|C3
8|16|250|131|284|97|5C|N|13|C2
8|16|200|159|191|64|4S|S|11|DA
8|16|122|78|279|110|6S|S|12|DA
8|16|46|123|153|151|6S|N|13|H2
8|16|94|183|226|35|6C|N|13|S6
8|16|6|199|241|87|6N|N|13|S7
8|16|213|296|77|206|6C|N|12|D6
8|16|255|73|111|36|3N|N|13|S8
8|16|193|288|134|216|6C|N|12|HT
8|16|57|20|12|140|3N|S|13|DT
8|17|250|131|284|97|3N|S|10|S4
8|17|200|159|191|64|3N|S|9|S3
8|17|139|46|130|153|3N|S|9|S4
8|17|121|279|85|274|3N|S|10|ST
8|17|150|183|226|35|3N|S|8|D5
8|17|6|94|241|199|4H|S|10|CQ
8|17|65|296|63|206|3N|S|9|S5
8|17|255|73|111|36|3N|S|10|S7
8|17|193|288|134|216|3N|S|10|D6
8|17|57|20|12|140|3N|S|10|H5
8|18|250|131|284|97|3N|S|8|S7
8|18|200|159|191|64|4H|N|7|S3
8|18|139|46|130|153|3N|S|7|SA
8|18|121|279|85|274|3S|E|7|DK
8|18|150|183|226|35|3D|S|11|SA
8|18|6|94|241|199|3N|S|8|S7
8|18|65|296|63|206|3SX|W|8|HK
8|18|255|73|111|36|4SX|E|6|DK
8|18|193|288|134|216|3S|E|8|DK
8|18|57|20|12|140|3N|S|7|SA
8|19|250|131|284|97|3S|W|8|CA
8|19|200|159|191|64|3H|W|8|CA
8|19|139|46|130|153|4H|W|9|CA
8|19|121|279|85|274|3S|W|8|CA
8|19|150|183|226|35|2S|W|8|CA
8|19|6|94|241|199|3C|S|9|HA
8|19|65|296|63|206|4H|E|8|C5
8|19|255|73|111|36|3S|W|8|CA
8|19|193|288|134|216|2S|W|9|D2
8|19|57|20|12|140|4S|W|8|CK
8|2|250|131|284|97|2H|W|7|DA
8|2|200|159|191|64|1N|W|5|S9
8|2|122|78|279|110|2H|W|8|DA
8|2|46|123|153|151|1N|E|7|HJ
8|2|94|183|226|35|1N|E|7|D3
8|2|6|199|241|87|2C|W|9|DA
8|2|213|296|77|206|1N|W|5|S9
8|2|255|73|111|36|2H|W|7|S8
8|2|193|288|134|216|2H|E|8|DA
8|2|57|20|12|140|2H|E|7|D3
8|20|250|131|284|97|3S|E|8|H4
8|20|200|159|191|64|3H|N|9|DT
8|20|139|46|130|153|3S|W|8|H9
8|20|121|279|85|274|3S|W|9|C5
8|20|150|183|226|35|3H|N|8|DT
8|20|6|94|241|199|3H|N|9|S7
8|20|65|296|63|206|3S|W|9|S3
8|20|255|73|111|36|2S|E|8|DK
8|20|193|288|134|216|2S|E|9|DK
8|20|57|20|12|140|2S|W|8|HT
8|21|250|131|284|97|7H|N|13|H2
8|21|200|159|191|64|6H|S|13|CQ
8|21|139|46|130|153|7H|S|13|CQ
8|21|121|279|85|274|7H|N|13|H3
8|21|150|183|226|35|7H|N|13|H3
8|21|6|94|241|199|6H|N|12|H2
8|21|65|296|63|206|6H|N|13|H3
8|21|255|73|111|36|7H|N|13|H3
8|21|193|288|134|216|6H|N|13|H2
8|21|57|20|12|140|7H|N|13|H3
8|22|250|131|284|97|4S|N|10|H3
8|22|200|159|191|64|4S|S|9|HJ
8|22|139|46|130|153|4SX|N|10|H3
8|22|121|279|85|274|4SX|N|10|H2
8|22|150|183|226|35|5HX|E|8|S9
8|22|6|94|241|199|4H|E|8|C6
8|22|65|296|63|206|5S|N|9|DK
8|22|255|73|111|36|3H|W|9|HA
8|22|193|288|134|216|4H|E|9|S4
8|22|57|20|12|140|4S|S|10|H5
8|23|250|131|284|97|3N|E|11|SJ
8|23|200|159|191|64|3N|E|9|DT
8|23|139|46|130|153|3N|E|8|DT
8|23|121|279|85|274|3N|E|10|SJ
8|23|150|183|226|35|3N|E|10|H5
8|23|6|94|241|199|3N|E|11|SJ
8|23|65|296|63|206|3N|E|10|DT
8|23|255|73|111|36|3N|E|10|SJ
8|23|193|288|134|216|3N|E|10|D8
8|23|57|20|12|140|3N|E|9|DQ
8|24|250|131|284|97|2N|E|8|SQ
8|24|200|159|191|64|3S|N|9|DK
8|24|139|46|130|153|3D|W|8|SA
8|24|121|279|85|274|2D|W|9|SK
8|24|150|183|226|35|1S|N|9|HQ
8|24|6|94|241|199|1S|N|9|HK
8|24|65|296|63|206|3S|N|8|DK
8|24|255|73|111|36|2N|E|8|SQ
8|24|193|288|134|216|3D|W|9|SA
8|24|57|20|12|140|3H|S|9|DA
8|25|250|131|284|97|2H|N|10|CA
8|25|200|159|191|64|4H|S|10|D9
8|25|139|46|130|153|5CX|E|10|DJ
8|25|121|279|85|274|3S|N|7|CA
8|25|150|183|226|35|4H|N|10|CK
8|25|6|94|241|199|4H|N|10|CA
8|25|65|296|63|206|3H|N|10|CK
8|25|255|73|111|36|2H|N|10|CA
8|25|193|288|134|216|3D|N|9|CA
8|25|57|20|12|140|5D|N|9|CA
8|26|250|131|284|97|4H|W|11|C2
8|26|200|159|191|64|4H|E|11|C5
8|26|139|46|130|153|3N|W|11|D8
8|26|121|279|85|274|4H|E|11|DA
8|26|150|183|226|35|4H|W|11|D7
8|26|6|94|241|199|4H|E|11|C5
8|26|65|296|63|206|4H|E|11|DA
8|26|255|73|111|36|3N|E|11|C6
8|26|193|288|134|216|4H|W|9|S4
8|26|57|20|12|140|5H|E|11|DA
8|27|250|131|284|97|4H|S|11|SQ
8|27|200|159|191|64|4H|N|11|SJ
8|27|139|46|130|153|4H|N|10|SJ
8|27|121|279|85|274|3H|S|11|SQ
8|27|150|183|226|35|4H|N|11|SJ
8|27|6|94|241|199|4H|N|10|SJ
8|27|65|296|63|206|4H|N|11|SJ
8|27|255|73|111|36|4H|N|10|S2
8|27|193|288|134|216|4H|N|11|SJ
8|27|57|20|12|140|4H|N|11|SJ
8|28|250|131|284|97|2D|W|9|CA
8|28|200|159|191|64|1N|W|9|CA
8|28|139|46|130|153|1N|W|9|CA
8|28|121|279|85|274|1N|W|9|CK
8|28|150|183|226|35|3N|W|9|CA
8|28|6|94|241|199|3H|N|9|SA
8|28|65|296|63|206|3N|W|9|CA
8|28|255|73|111|36|2D|W|9|CA
8|28|193|288|134|216|3D|W|9|CK
8|28|57|20|12|140|3CX|E|9|HQ
8|29|250|131|284|97|7S|S|12|DK
8|29|200|159|191|64|6S|S|12|DK
8|29|139|46|130|153|6S|S|12|DK
8|29|121|279|85|274|6S|N|12|C9
8|29|150|183|226|35|6S|S|12|DK
8|29|6|94|241|199|6S|S|12|DK
8|29|65|296|63|206|4S|N|12|HQ
8|29|255|73|111|36|5S|S|12|DK
8|29|193|288|134|216|7S|S|12|DK
8|29|57|20|12|140|6S|S|12|DK
8|3|250|131|284|97|2N|S|10|S4
8|3|200|159|191|64|3N|S|9|HA
8|3|122|78|279|110|7NX|S|9|HA
8|3|46|123|153|151|2N|S|8|S4
8|3|94|183|226|35|2N|S|8|S2
8|3|6|199|241|87|3N|S|8|S4
8|3|213|296|77|206|3N|S|8|S4
8|3|255|73|111|36|3N|S|9|HA
8|3|193|288|134|216|3N|S|8|S4
8|3|57|20|12|140|2N|S|8|S4
8|30|250|131|284|97|3S|N|10|H9
8|30|200|159|191|64|4S|N|10|H5
8|30|139|46|130|153|4S|N|8|H5
8|30|121|279|85|274|4S|N|9|H8
8|30|150|183|226|35|3D|E|7|CA
8|30|6|94|241|199|3S|N|9|H9
8|30|65|296|63|206|4S|N|10|DA
8|30|255|73|111|36|4S|N|10|H9
8|30|193|288|134|216|4S|N|10|H8
8|30|57|20|12|140|4S|N|12|DA
8|31|250|131|284|97|4S|N|11|HT
8|31|200|159|191|64|3N|S|11|H4
8|31|139|46|130|153|4S|N|10|HT
8|31|121|279|85|274|3N|S|11|C4
8|31|150|183|226|35|3N|S|11|D4
8|31|6|94|241|199|4S|N|11|HT
8|31|65|296|63|206|3N|S|11|H5
8|31|255|73|111|36|4S|N|11|HT
8|31|193|288|134|216|4S|S|11|C3
8|31|57|20|12|140|5S|S|11|H5
8|32|250|131|284|97|3D|N|6|S5
8|32|200|159|191|64|1N|W|9|DT
8|32|139|46|130|153|3DX|N|5|HK
8|32|121|279|85|274|1N|W|8|DT
8|32|150|183|226|35|1N|W|9|DT
8|32|6|94|241|199|1N|W|8|DT
8|32|65|296|63|206|4H|W|10|SA
8|32|255|73|111|36|2S|E|10|H8
8|32|193|288|134|216|2S|E|10|H5
8|32|57|20|12|140|1N|W|8|DT
8|4|250|131|284|97|3N|N|9|D4
8|4|200|159|191|64|2N|S|10|H3
8|4|122|78|279|110|2N|N|9|D6
8|4|46|123|153|151|3N|N|10|S3
8|4|94|183|226|35|3N|N|9|D3
8|4|6|199|241|87|3N|N|9|S3
8|4|213|296|77|206|3N|N|9|D4
8|4|255|73|111|36|3N|N|9|D6
8|4|193|288|134|216|3N|S|10|S7
8|4|57|20|12|140|3N|S|9|HK
8|5|250|131|284|97|3H|E|11|D6
8|5|200|159|191|64|5SX|S|7|CA
8|5|122|78|279|110|4H|E|11|D6
8|5|46|123|153|151|5SX|S|8|CK
8|5|94|183|226|35|4H|E|11|D6
8|5|6|199|241|87|4H|E|11|D6
8|5|213|296|77|206|4H|E|11|D6
8|5|255|73|111|36|4H|E|11|D8
8|5|193|288|134|216|5SX|S|8|CA
8|5|57|20|12|140|4H|E|11|D8
8|6|250|131|284|97|4S|N|11|DT
8|6|200|159|191|64|4S|N|10|DT
8|6|122|78|279|110|4S|N|10|H6
8|6|46|123|153|151|4S|N|10|CT
8|6|94|183|226|35|4S|N|10|DT
8|6|6|199|241|87|4S|N|10|CT
8|6|213|296|77|206|4S|N|11|DT
8|6|255|73|111|36|4S|N|10|CT
8|6|193|288|134|216|4S|N|10|D9
8|6|57|20|12|140|4S|N|10|CT
8|7|250|131|284|97|3N|W|6|CK
8|7|200|159|191|64|3D|W|10|D6
8|7|122|78|279|110|3N|W|10|D6
8|7|46|123|153|151|3N|W|9|S5
8|7|94|183|226|35|3N|W|7|C3
8|7|6|199|241|87|3N|W|8|S5
8|7|213|296|77|206|4H|W|10|H2
8|7|255|73|111|36|3N|W|8|S5
8|7|193|288|134|216|3D|W|10|D6
8|7|57|20|12|140|3N|W|8|S5
8|8|250|131|284|97|3N|N|11|D5
8|8|200|159|191|64|3N|N|10|D4
8|8|122|78|279|110|3N|N|10|D4
8|8|46|123|153|151|3N|N|10|D5
8|8|213|296|77|206|3N|N|9|D5
8|8|255|73|111|36|3N|N|10|D5
8|8|193|288|134|216|3N|N|10|D2
8|8|57|20|12|140|3N|N|11|D5
8|9|250|131|284|97|4H|S|9|CJ
8|9|200|159|191|64|4H|S|9|CJ
8|9|122|78|279|110|2H|S|10|DT
8|9|46|123|153|151|4H|S|10|CJ
8|9|94|183|226|35|4H|S|9|CJ
8|9|6|199|241|87|4H|S|9|CJ
8|9|213|296|77|206|4H|S|9|CJ
8|9|255|73|111|36|4H|S|9|CT
8|9|193|288|134|216|4H|N|9|S7
8|9|57|20|12|140|4H|S|9|SA
9|1|200|78|191|110|2N|S|10|C4
9|1|46|131|153|97|3N|S|9|D3
9|1|250|199|284|87|2S|N|11|HT
9|1|94|159|150|64|3N|S|9|C4
9|1|6|65|241|63|3N|S|9|C6
9|1|213|183|77|35|2N|S|9|D4
9|1|255|140|111|193|3N|S|9|D3
9|1|20|296|134|206|4S|N|11|S3
9|1|57|123|12|151|2H|S|8|C2
9|1|139|288|130|216|3N|S|9|D3
9|10|200|78|191|110|2S|S|5|DQ
9|10|46|131|153|97|2S|S|7|DQ
9|10|250|199|284|87|2S|S|7|DQ
9|10|94|159|150|64|2S|S|5|DQ
9|10|6|65|241|63|2S|S|5|DQ
9|10|213|183|77|35|2S|S|6|DQ
9|10|255|140|111|193|3N|S|6|D3
9|10|20|296|134|206|2S|S|7|DQ
9|10|57|123|12|151|2S|S|7|DQ
9|10|139|288|130|216|3H|N|8|C6
9|11|200|78|191|110|2S|W|8|H8
9|11|46|131|153|97|2S|E|10|HQ
9|11|250|199|284|87|3C|N|6|S6
9|11|94|159|150|64|2S|E|10|HQ
9|11|6|65|241|63|3S|E|10|H8
9|11|213|183|77|35|2S|E|8|HQ
9|11|255|140|111|193|2S|W|8|H6
9|11|20|296|134|206|2S|W|10|H8
9|11|57|123|12|151|2S|W|8|CA
9|11|139|288|130|216|1N|W|8|C4
9|12|200|78|191|110|3D|S|10|CA
9|12|46|131|153|97|3D|S|10|CA
9|12|250|199|284|87|3D|S|10|CA
9|12|94|159|150|64|3D|S|10|CA
9|12|6|65|241|63|2D|S|10|CA
9|12|213|183|77|35|5D|S|10|CA
9|12|255|140|111|193|2D|S|10|CA
9|12|20|296|134|206|2S|W|8|HA
9|12|57|123|12|151|3H|N|9|CK
9|12|139|288|130|216|3C|E|6|HJ
9|13|200|78|191|110|6S|S|11|HA
9|13|46|131|153|97|4S|S|12|D3
9|13|250|199|284|87|4N|N|10|H8
9|13|94|159|150|64|4S|N|11|SJ
9|13|6|65|241|63|4S|S|12|D4
9|13|213|183|77|35|6S|N|12|HA
9|13|255|140|111|193|4S|S|12|D2
9|13|20|296|134|206|5S|S|12|HA
9|13|57|123|12|151|4S|S|12|SJ
9|13|139|288|130|216|6S|S|11|HA
9|14|200|78|191|110|4C|W|11|SA
9|14|46|131|153|97|3N|E|9|SQ
9|14|250|199|284|87|4C|W|11|SA
9|14|94|159|150|64|3N|W|9|H2
9|14|6|65|241|63|5C|W|11|SK
9|14|213|183|77|35|3N|E|10|H5
9|14|255|140|111|193|3N|E|9|H5
9|14|20|296|134|206|3N|E|9|H5
9|14|57|123|12|151|5C|W|11|C9
9|14|139|288|130|216|3N|E|9|H5
9|15|200|78|191|110|4H|S|10|DA
9|15|46|131|153|97|4S|N|11|DQ
9|15|250|199|284|87|4S|N|11|DQ
9|15|94|159|150|64|4S|N|11|DQ
9|15|6|65|241|63|4S|N|11|DQ
9|15|213|183|77|35|4H|S|10|DA
9|15|255|140|111|193|4H|N|10|DQ
9|15|20|296|134|206|4S|N|11|DQ
9|15|57|123|12|151|4H|S|11|DA
9|15|139|288|130|216|4S|N|11|DQ
9|16|200|78|191|110|3N|N|13|D4
9|16|46|131|153|97|3N|N|12|D5
9|16|250|199|284|87|3N|N|13|D5
9|16|94|159|150|64|3N|N|13|C3
9|16|6|65|241|63|3N|N|13|D5
9|16|213|183|77|35|3N|N|12|D3
9|16|255|140|111|193|3N|N|11|S2
9|16|20|296|134|206|3N|N|10|DA
9|16|57|123|12|151|4H|N|10|DA
9|16|139|288|130|216|3N|N|11|S3
9|17|200|78|191|110|5DX|N|9|CK
9|17|121|131|85|97|3S|W|10|DK
9|17|250|199|284|87|5DX|N|8|D2
9|17|150|159|226|64|5C|E|10|D4
9|17|183|73|35|36|5D|N|9|CK
9|17|65|6|63|241|3S|W|11|DK
9|17|255|140|111|193|3N|N|3|CK
9|17|20|296|134|206|4H|E|9|D4
9|17|57|123|12|151|4S|W|9|DA
9|17|139|288|130|216|4S|W|9|DA
9|18|200|78|191|110|2H|W|8|DK
9|18|121|131|85|97|1N|S|6|DJ
9|18|250|199|284|87|2H|W|5|DK
9|18|150|159|226|64|2H|W|6|DK
9|18|183|73|35|36|1N|E|8|D6
9|18|65|6|63|241|2H|E|7|HA
9|18|255|140|111|193|3H|E|5|S2
9|18|20|296|134|206|1N|E|7|D2
9|18|57|123|12|151|2C|N|8|DJ
9|18|139|288|130|216|2H|E|5|S2
9|19|200|78|191|110|3N|W|8|DK
9|19|121|131|85|97|3N|W|9|DK
9|19|250|199|284|87|4H|W|9|DK
9|19|150|159|226|64|2H|W|10|DK
9|19|183|73|35|36|2H|W|8|DK
9|19|65|6|63|241|2C|W|8|DK
9|19|255|140|111|193|2H|W|8|DK
9|19|20|296|134|206|3N|E|10|D2
9|19|57|123|12|151|2H|W|9|DK
9|19|139|288|130|216|3N|W|9|DK
9|2|200|78|191|110|3D|W|9|CA
9|2|46|131|153|97|4S|N|13|DJ
9|2|94|159|150|64|2C|N|12|DJ
9|2|213|183|77|35|5S|S|13|DK
9|2|255|140|111|193|5S|N|13|DJ
9|2|20|296|134|206|5S|S|13|DA
9|2|57|123|12|151|5S|N|13|DJ
9|2|139|288|130|216|5DX|W|10|CK
9|20|200|78|191|110|2N|W|8|DT
9|20|121|131|85|97|4H|E|9|SK
9|20|250|199|284|87|2H|E|9|D7
9|20|150|159|226|64|2H|E|9|SK
9|20|183|73|35|36|3H|E|9|SQ
9|20|65|6|63|241|2H|E|9|D6
9|20|255|140|111|193|2H|E|9|D4
9|20|20|296|134|206|2H|E|9|CA
9|20|57|123|12|151|4H|W|9|H7
9|20|139|288|130|216|4H|E|9|SK
9|21|200|78|191|110|4D|W|11|SA
9|21|121|131|85|97|4D|W|11|SK
9|21|250|199|284|87|5DX|W|11|SA
9|21|150|159|226|64|3D|W|11|SK
9|21|183|73|35|36|3S|N|8|CA
9|21|65|6|63|241|5DX|W|11|SK
9|21|255|140|111|193|4S|N|8|CA
9|21|20|296|134|206|5D|W|11|SK
9|21|57|123|12|151|5DX|W|11|SK
9|21|139|288|130|216|5DX|W|11|SK
9|22|200|78|191|110|2H|E|7|SQ
9|22|121|131|85|97|2H|W|7|SA
9|22|250|199|284|87|3C|N|6|H7
9|22|150|159|226|64|2S|S|6|HA
9|22|183|73|35|36|1N|W|7|C5
9|22|65|6|63|241|2S|S|7|HK
9|22|255|140|111|193|2H|E|9|DA
9|22|20|296|134|206|2H|E|9|C7
9|22|57|123|12|151|2S|S|6|HA
9|22|139|288|130|216|1N|E|7|S7
9|23|200|78|191|110|3N|W|10|CJ
9|23|121|131|85|97|3N|W|12|S5
9|23|250|199|284|87|3N|W|9|CJ
9|23|150|159|226|64|3N|W|9|CJ
9|23|183|73|35|36|3N|W|10|H2
9|23|65|6|63|241|3N|W|10|D6
9|23|255|140|111|193|3N|W|10|CJ
9|23|20|296|134|206|3N|W|8|CJ
9|23|57|123|12|151|3N|W|8|CJ
9|23|139|288|130|216|3N|W|10|CJ
9|24|200|78|191|110|4S|S|11|DK
9|24|121|131|85|97|4S|N|11|DT
9|24|250|199|284|87|4S|N|11|DT
9|24|150|159|226|64|4S|N|10|DT
9|24|183|73|35|36|4S|N|11|DT
9|24|65|6|63|241|4S|S|11|DK
9|24|255|140|111|193|4S|N|11|DT
9|24|20|296|134|206|4S|N|10|DT
9|24|57|123|12|151|4S|N|10|DT
9|24|139|288|130|216|4S|N|10|DT
9|25|200|78|191|110|3C|N|9|ST
9|25|121|131|85|97|3S|W|9|CA
9|25|250|199|284|87|5CX|N|10|ST
9|25|150|159|226|64|4C|N|9|ST
9|25|183|73|35|36|5C|N|10|ST
9|25|65|6|63|241|3C|N|9|ST
9|25|255|140|111|193|4C|N|9|ST
9|25|20|296|134|206|3C|N|9|ST
9|25|57|123|12|151|4S|W|8|CA
9|25|139|288|130|216|3D|E|8|HJ
9|26|200|78|191|110|2D|N|11|C4
9|26|121|131|85|97|3D|N|11|HT
9|26|250|199|284|87|5DX|S|11|CK
9|26|150|159|226|64|2D|N|11|HT
9|26|183|73|35|36|2D|N|11|C2
9|26|65|6|63|241|2D|N|11|H6
9|26|255|140|111|193|3D|N|11|S4
9|26|20|296|134|206|4D|N|11|H4
9|26|57|123|12|151|1N|N|8|S7
9|26|139|288|130|216|2D|N|11|S7
9|27|200|78|191|110|3S|E|8|CQ
9|27|121|131|85|97|2N|W|7|HK
9|27|250|199|284|87|3S|E|8|DJ
9|27|150|159|226|64|2S|E|8|HA
9|27|183|73|35|36|2S|E|7|HA
9|27|65|6|63|241|3S|E|8|HA
9|27|255|140|111|193|3S|E|8|H7
9|27|20|296|134|206|1N|W|8|CT
9|27|57|123|12|151|2S|E|7|HA
9|27|139|288|130|216|2S|E|9|CQ
9|28|200|78|191|110|6D|E|12|H5
9|28|121|131|85|97|6D|E|12|CT
9|28|250|199|284|87|6D|E|12|CT
9|28|150|159|226|64|6D|E|12|H2
9|28|183|73|35|36|5D|E|12|H5
9|28|65|6|63|241|6D|E|12|CT
9|28|255|140|111|193|5S|E|12|S3
9|28|20|296|134|206|6D|E|12|S9
9|28|57|123|12|151|6S|W|12|H4
9|28|139|288|130|216|6D|E|12|C3
9|29|200|78|191|110|4S|W|12|C5
9|29|121|131|85|97|4S|W|12|C5
9|29|250|199|284|87|4S|W|12|C5
9|29|150|159|226|64|4S|W|12|SJ
9|29|183|73|35|36|4S|W|12|C5
9|29|65|6|63|241|4S|W|12|C2
9|29|255|140|111|193|4S|W|12|C2
9|29|20|296|134|206|4S|W|12|C2
9|29|57|123|12|151|4S|W|12|C2
9|29|139|288|130|216|4S|W|12|SJ
9|3|200|78|191|110|5HX|N|12|SA
9|3|46|131|153|97|4SX|E|8|D4
9|3|250|199|284|87|5H|N|11|SK
9|3|94|159|150|64|4S|E|8|DT
9|3|6|65|241|63|5HX|N|12|SK
9|3|213|183|77|35|6D|S|11|S5
9|3|255|140|111|193|5HX|N|11|SA
9|3|20|296|134|206|7DX|N|12|CA
9|3|57|123|12|151|4H|N|11|SK
9|3|139|288|130|216|5D|S|12|S2
9|30|200|78|191|110|3C|S|9|H7
9|30|121|131|85|97|2N|S|9|S4
9|30|250|199|284|87|3N|S|9|S4
9|30|150|159|226|64|3N|S|9|S3
9|30|183|73|35|36|2D|E|7|CA
9|30|65|6|63|241|3N|S|9|S4
9|30|255|140|111|193|2S|E|8|CA
9|30|20|296|134|206|3N|S|10|S4
9|30|57|123|12|151|3N|N|9|S9
9|30|139|288|130|216|3N|S|10|H4
9|31|200|78|191|110|4S|S|8|HQ
9|31|121|131|85|97|3S|S|9|HQ
9|31|250|199|284|87|2H|W|9|C8
9|31|150|159|226|64|3H|W|10|S4
9|31|183|73|35|36|2H|W|9|DA
9|31|65|6|63|241|4C|E|9|S3
9|31|255|140|111|193|3S|S|8|HQ
9|31|20|296|134|206|4S|S|9|HQ
9|31|57|123|12|151|4SX|S|10|HQ
9|31|139|288|130|216|3S|N|9|H5
9|32|200|78|191|110|2N|S|9|S2
9|32|121|131|85|97|3N|N|7|S4
9|32|250|199|284|87|2D|S|9|HK
9|32|150|159|226|64|3N|S|7|HK
9|32|183|73|35|36|2D|S|9|HK
9|32|65|6|63|241|2N|S|7|S4
9|32|255|140|111|193|2H|W|7|H5
9|32|20|296|134|206|3D|S|9|HK
9|32|57|123|12|151|2D|S|9|HK
9|32|139|288|130|216|3D|S|9|HK
9|4|200|78|191|110|2D|E|10|C2
9|4|46|131|153|97|2S|W|8|DJ
9|4|250|199|284|87|2D|E|9|HJ
9|4|94|159|150|64|2D|E|8|HQ
9|4|6|65|241|63|1NX|S|3|S6
9|4|213|183|77|35|1N|S|5|S5
9|4|255|140|111|193|1N|S|4|D9
9|4|20|296|134|206|2D|E|9|HJ
9|4|57|123|12|151|2D|E|10|SK
9|4|139|288|130|216|1N|E|10|C7
9|5|200|78|191|110|4S|E|10|H8
9|5|46|131|153|97|4S|E|10|S9
9|5|250|199|284|87|4S|E|10|H8
9|5|94|159|150|64|4S|W|11|D8
9|5|6|65|241|63|4S|E|10|H3
9|5|213|183|77|35|4S|E|10|H3
9|5|255|140|111|193|4S|E|10|S9
9|5|20|296|134|206|6S|E|10|DA
9|5|57|123|12|151|4S|E|10|H7
9|5|139|288|130|216|4S|E|10|H4
9|6|200|78|191|110|3N|E|9|HT
9|6|46|131|153|97|3N|E|9|HT
9|6|250|199|284|87|3N|E|10|HT
9|6|94|159|150|64|3N|E|9|D3
9|6|6|65|241|63|1N|W|9|D2
9|6|213|183|77|35|4S|E|9|HT
9|6|255|140|111|193|3N|E|10|D3
9|6|20|296|134|206|3N|E|8|D3
9|6|57|123|12|151|3N|W|10|D2
9|6|139|288|130|216|3N|E|8|D3
9|7|200|78|191|110|2N|E|8|D2
9|7|46|131|153|97|1N|E|7|H5
9|7|250|199|284|87|1S|E|4|D7
9|7|94|159|150|64|1N|W|7|C5
9|7|6|65|241|63|2N|E|7|H5
9|7|213|183|77|35|1S|E|6|D7
9|7|255|140|111|193|2N|E|6|H5
9|7|20|296|134|206|3N|E|5|H6
9|7|57|123|12|151|2N|E|8|S2
9|7|139|288|130|216|1N|E|8|H5
9|8|200|78|191|110|3H|W|8|CA
9|8|46|131|153|97|4S|N|8|C7
9|8|250|199|284|87|4SX|N|8|HK
9|8|94|159|150|64|3H|W|7|CA
9|8|6|65|241|63|4S|N|9|HK
9|8|213|183|77|35|4SX|N|9|HK
9|8|255|140|111|193|4H|W|9|CA
9|8|20|296|134|206|4S|N|9|HK
9|8|57|123|12|151|4SX|N|7|DA
9|8|139|288|130|216|4H|W|10|H2
9|9|200|78|191|110|4H|S|10|S4
9|9|46|131|153|97|5HX|E|10|DA
9|9|250|199|284|87|4H|S|10|S3
9|9|94|159|150|64|4H|S|10|S4
9|9|6|65|241|63|5S|E|9|DK
9|9|213|183|77|35|4H|S|10|S4
9|9|255|140|111|193|5H|S|10|S3
9|9|20|296|134|206|3H|S|9|S3
9|9|57|123|12|151|4S|E|9|DK
9|9|139|288|130|216|5H|S|9|S3
