Players                                                No. Pl1 Pl2 Def  L1  L2   IMPs    Bid  Play1  Play2   Lead1   Lead2    Def
A Żmudziński - C Balicki                               192  52  42  98  54  44   0.87   0.20   0.14   0.15    0.10    0.10   0.18
B Szulejewski - M Wiącek                               120  25  27  68  33  35   0.73   0.63   0.11  -0.07    0.03    0.02   0.01
B Pazur - M Wójcicki                                   264  58  83 123  47  76   0.71   0.48  -0.00   0.07    0.06    0.03   0.06
D Filipowicz - K Martens                               204  51  62  90  49  41   0.71   0.50   0.04   0.14   -0.03    0.03   0.03
L Ohrysko - M Jeleniewski                              192  36  54 102  43  59   0.54   0.10   0.10   0.22    0.02    0.05   0.05
R Sakowicz - A Jeleniewski                             180  53  52  75  43  32   0.51   0.32   0.00   0.04   -0.05    0.09   0.11
J Kalita - P Gawryś                                    168  34  64  70  45  25   0.51   0.47  -0.12   0.16   -0.03   -0.01   0.05
G Narkiewicz - K Buras                                 143  44  29  70  39  31   0.42   0.38  -0.02  -0.03   -0.05    0.11   0.03
D Kowalski - P Bizoń                                   180  44  49  87  51  36   0.41   0.33   0.03   0.02   -0.02   -0.06   0.10
B Gierulski - J Skrzypczak                             288  62  82 144  63  81   0.36  -0.01   0.07   0.06    0.01   -0.03   0.26
W Klapper - A Lubojemski                               108  31  24  53  28  25   0.35   0.25   0.19  -0.12   -0.05   -0.03   0.11
W Starkowski - K Jassem                                240  57  52 131  74  57   0.35   0.02   0.13  -0.10   -0.01    0.06   0.26
S Zawiślak - M Krupowicz                               120  35  25  59  38  21   0.33   0.35   0.05  -0.06   -0.09   -0.01   0.09
R Jagniewski - M Kwiecień                              264  68  73 123  34  89   0.29   0.13   0.02   0.12   -0.01    0.07  -0.04
P Wiankowski - M Nowosadzki                            132  32  40  60  31  29   0.28   0.24  -0.09  -0.17    0.05    0.10   0.14
R Grzelak - J Romański                                 228  65  62 101  48  53   0.27   0.07   0.05   0.13    0.08   -0.02  -0.04
P Miechowicz - J Kotorowicz                            144  32  37  75  39  36   0.23   0.26   0.07  -0.10    0.04    0.00  -0.05
P Zawada - R Opaliński                                 240  78  48 114  56  58   0.18   0.16  -0.05  -0.01   -0.00    0.05   0.03
B Chmurski - M Puczyński                               156  49  31  76  28  48   0.12  -0.14   0.06   0.04    0.02   -0.10   0.25
L Majdański - M Kupnicki                               144  33  27  83  43  40   0.10   0.04  -0.05  -0.11   -0.04    0.01   0.25
D Koproń - P Klimacki                                  180  54  42  84  44  40   0.10   0.14  -0.11   0.05    0.02    0.03  -0.03
Z Guła - M Łazanowski                                  156  32  40  84  40  44   0.09   0.01   0.02   0.10    0.02    0.01  -0.08
W Talar - J Dmowski                                    179  55  45  79  46  33   0.07   0.04  -0.05   0.08   -0.04    0.04  -0.01
P Niedzielski - J Makaruk                              120  25  27  68  29  39   0.03   0.07   0.06   0.10    0.01   -0.01  -0.20
A Tsimakhovich - I Radziukevich                        312  78  69 165  94  71   0.02   0.21  -0.09   0.01   -0.03    0.02  -0.09
E Sobolewska - M Szymanowski                           108  24  35  49  18  31  -0.02  -0.14  -0.08  -0.13   -0.04    0.13   0.24
J Stworzewicz - M Blat                                 108  42  18  48  18  30  -0.03   0.26  -0.13  -0.13   -0.01    0.01  -0.02
T Kluz - Z Papierniak                                  228  49  70 109  57  52  -0.03   0.19  -0.04  -0.07   -0.02    0.08  -0.17
A Sarniak - G Brewiak                                  120  25  29  66  38  28  -0.03  -0.03   0.01  -0.01   -0.01   -0.01   0.00
P Tuszyński - M Nowosadzki                             168  45  47  76  39  37  -0.04  -0.10   0.10   0.01    0.02   -0.00  -0.07
P Zatorski - S Gołębiowski                             108  30  26  52  24  28  -0.04   0.06  -0.11  -0.17    0.11    0.03   0.04
A Syrek - P Busse                                      192  57  43  92  55  37  -0.05  -0.24  -0.05   0.17   -0.04    0.01   0.10
A Zhukov - A Karbanovich                               288  76  68 144  77  67  -0.06  -0.15  -0.04   0.07    0.04   -0.03   0.05
A Arlovich - E Vainikonis                              120  34  30  56  35  21  -0.10  -0.27   0.13   0.07    0.03   -0.08   0.03
T Rawicz - A Hintertan                                 204  49  51 104  60  44  -0.18   0.09  -0.03  -0.14   -0.12    0.00   0.00
S Zakrzewski - E Miszewska                             240  60  42 138  78  60  -0.27  -0.19  -0.07  -0.01    0.10   -0.03  -0.07
A Suwik - R Stoliński                                  216  59  47 108  54  54  -0.28  -0.40   0.06  -0.01   -0.00    0.01   0.06
T Ukraiński - M Bartkowski                             240  55  58 127  77  50  -0.32  -0.03  -0.13  -0.26    0.10   -0.03   0.02
A Sarniak - E Harasimowicz                             120  36  30  54  21  33  -0.36  -0.06  -0.17  -0.01    0.04   -0.11  -0.04
E Warząchowski - M Atalski                             132  30  30  72  42  30  -0.38  -0.15  -0.14  -0.05   -0.13    0.02   0.06
M Jeleniewski - P Lutostański                          108  21  40  47  30  17  -0.38  -0.06  -0.14   0.06   -0.08   -0.01  -0.15
Z Halat - K Rogoziński                                 192  45  48  99  44  55  -0.41  -0.02  -0.03  -0.17    0.03    0.01  -0.24
J Ciechomski - P Janiszewski                           120  24  28  68  19  49  -0.44  -0.35  -0.07   0.09    0.05    0.04  -0.20
D Krajewski - L Łuniewski                              264  54  64 146  71  75  -0.44  -0.33  -0.02   0.09   -0.13    0.00  -0.06
M Podsiadło - P Matkowski                              132  25  33  74  37  37  -0.46  -0.20  -0.02  -0.15    0.03   -0.04  -0.07
R Gardzielewski - O Bestrzyński                        108  26  25  57  24  33  -0.57  -0.65   0.25  -0.02   -0.06   -0.10   0.01
J Skwark - M Witek                                     252  68  64 120  45  75  -0.58  -0.36  -0.06   0.08   -0.13   -0.06  -0.06
A Wojtusiak - A Guła                                   180  56  47  77  38  39  -0.59  -0.40   0.02  -0.04   -0.00   -0.03  -0.14
J Znamirowski - M Pietraszek                           228  56  62 110  56  54  -0.71  -0.49  -0.08   0.06   -0.01    0.01  -0.21
P Miechowicz - T Wiśniewski                            131  24  33  74  33  41  -1.11  -0.09  -0.20  -0.20   -0.08   -0.27  -0.28

Players                                                No. Pl1 Pl2 Def  L1  L2   IMPs    Bid  Play1  Play2   Lead1   Lead2    Def
D Koproń - J Ciechomski                                 12   4   3   5   3   2   1.89   1.48  -0.11   0.13    0.27   -0.07   0.18
R Jagniewski - S Zawiślak                               36  12   7  17   9   8   1.83   1.23   0.17   0.20   -0.04    0.00   0.26
J Kalida - J Russyan                                    12   2   1   9   6   3   1.24  -0.12  -0.06  -0.05    0.64    0.94  -0.11
D Filipowicz - J Cieślak                                12   2   1   9   4   5   1.09   1.89  -0.10   0.45   -0.50   -0.27  -0.38
R Kierznowski - Z Rogowski                              60  13  10  36  18  18   1.03   0.11  -0.00   0.03    0.01    0.28   0.60
S Gołębiowski - K Jassem                                12   4   1   7   1   6   0.88   0.78   0.31   0.12    0.02   -0.02  -0.34
E Warząchowski - A Lubojemski                           12   1   4   7   4   3   0.76   0.32   0.00   0.12    0.28    0.08  -0.03
J Michałek - J Stworzewicz                              84  18  21  45  30  15   0.73   0.76  -0.19  -0.09    0.04    0.11   0.11
B Gierulski - L Sztyrak                                 48   9  17  22   7  15   0.58   0.20   0.03   0.16    0.01    0.29  -0.11
J Ciechomski - M Nowosadzki                             12   6   2   4   0   4   0.56  -0.19   0.26   0.14    0.00    0.02   0.32
T Kluz - K Kleinrok                                     36   7   8  21  15   6   0.54   0.32   0.22   0.05   -0.07   -0.03   0.05
Z Guła - M Błach                                        12   2   2   8   3   5   0.51   0.27  -0.03   0.41    0.00   -0.00  -0.14
P Janiszewski - P Klimacki                              12   1   4   7   1   6   0.44   1.34  -0.04  -0.74   -0.05    0.11  -0.17
R Sakowicz - J Wachnowski                               48  14   9  25  12  13   0.43   0.30   0.10   0.02    0.05    0.07  -0.12
J Klukowski - J Russyan                                 84  21  23  40  17  23   0.42  -0.23   0.05   0.33    0.02    0.06   0.20
A Wojtusiak - A Robak                                   60  19   9  32  11  21   0.41   0.21  -0.12   0.27   -0.01    0.04   0.03
S Gołębiowski - W Starkowski                            35   9   9  17   6  11   0.41   0.30   0.10   0.27   -0.06   -0.10  -0.11
E Zalewski - M Chwirut                                  48   5  14  28  17  11   0.40   0.61  -0.06  -0.06    0.03    0.00  -0.12
M Kwiecień - M Wójcicki                                 36   7   8  21  14   7   0.39  -0.05  -0.29   0.55    0.03   -0.06   0.21
K Pikus - M Cichocki                                    84  23  18  43  22  21   0.38   0.14   0.19  -0.07    0.12   -0.06   0.06
A Sarniak - M Wiącek                                    24   5   6  13   7   6   0.38   0.68  -0.07  -0.13    0.02   -0.10  -0.01
J Turczynowicz - L Ohrysko                              60  20   7  33  16  17   0.38  -0.03   0.41   0.02    0.07   -0.07  -0.01
J Turczynowicz - A Ratyński                             60  16  19  25  16   9   0.21  -0.32   0.31   0.17   -0.01    0.15  -0.10
R Sakowicz - Z Halat                                    12   3   3   6   3   3   0.21   1.59  -0.21  -0.18    0.00   -0.14  -0.85
E Zalewski - A Robak                                    12   2   3   7   3   4   0.19   0.48   0.11  -0.78    0.02    0.07   0.29
K Araszkiewicz - K Kotorowicz                           96  23  21  52  31  21   0.17   0.09   0.02  -0.04   -0.02    0.07   0.05
K Kleinrok - A Lubojemski                               72  18  15  38  23  15   0.13   0.06   0.14   0.00   -0.19    0.00   0.12
A Kowalski - P Lutostański                              84  12  33  39  22  17   0.12   0.01   0.09   0.40    0.07   -0.21  -0.25
W Sołtysik - M Błach                                    12   3   5   4   2   2   0.12  -0.10  -0.34   0.51   -0.02   -0.16   0.22
R Kierznowski - M Cichocki                              84  29  15  40  27  13   0.06   0.15  -0.18   0.05    0.17   -0.10  -0.04
J Kalida - A Ratyński                                   12   6   2   4   2   2   0.02   0.79   0.09  -0.05    0.00   -0.09  -0.71
R Matlak - A Szepe                                      60  12  16  32  16  16  -0.01  -0.02   0.15  -0.07   -0.12    0.02   0.02
S Gołębiowski - M Klukowski                             24   5   9  10   6   4  -0.09  -1.14   0.51   0.79    0.05    0.15  -0.45
P Zatorski - M Klukowski                                96  38  19  39  23  16  -0.10  -0.26   0.20  -0.00    0.05    0.03  -0.12
R Pepłoński - J Ciechomski                              24   5   7  12  10   2  -0.12   0.54  -0.27  -0.29   -0.16    0.01   0.06
R Kierznowski - L Sztyrak                               84  15  25  44  22  22  -0.22   0.03  -0.10  -0.14    0.02   -0.08   0.05
J Michałek - K Lichawski                                48  13  13  22  10  12  -0.24  -0.26  -0.27   0.13    0.05    0.05   0.07
P Żak - J Zaremba                                       48  17  11  20  10  10  -0.26  -0.54  -0.25   0.07   -0.12   -0.00   0.59
J Posłuszny - K Kleinrok                                72  13  17  42  12  30  -0.28  -0.43   0.12  -0.13   -0.01   -0.00   0.16
S Gołębiowski - C Balicki                               12   6   2   4   4   0  -0.28  -0.49   0.28  -0.29    0.00    0.00   0.21
W Sołtysik - A Robak                                    12   4   2   6   5   1  -0.39  -1.21   0.27  -0.03    0.09    0.54  -0.05
A Jeleniewski - J Wachnowski                            84  21  18  45  13  32  -0.42  -0.44   0.03  -0.07   -0.01   -0.02   0.09
L Ohrysko - A Ratyński                                  36   9   6  21   6  15  -0.47   0.13  -0.07  -0.26   -0.02    0.06  -0.31
A Guła - E Zalewski                                     12   2   3   7   2   5  -0.50   0.15  -0.38  -0.07    0.00   -0.07  -0.13
L Łuniewski - M Wiącek                                  12   3   5   4   2   2  -0.51  -0.27   0.03   0.11   -0.01    0.03  -0.39
D Koproń - P Janiszewski                                60  20  11  29  10  19  -0.58  -0.28   0.09  -0.04   -0.02   -0.07  -0.25
J Russyan - A Kowalski                                  48  21   4  23  17   6  -0.60   0.28  -0.64   0.02   -0.39    0.08   0.05
R Kierznowski - K Pikus                                 36   9   5  22   8  14  -0.69  -0.23  -0.09   0.04   -0.27   -0.00  -0.15
J Kalita - Ł Brede                                      84  21  21  42  25  17  -0.81  -0.71   0.02   0.00   -0.02   -0.01  -0.09
T Wiśniewski - D Zembrzuski                             96  28  15  53  30  23  -0.82  -0.48   0.03  -0.09   -0.04    0.02  -0.26
A Guła - M Błach                                        12   5   3   4   1   3  -0.83   0.32  -0.76   0.08    0.04    0.04  -0.54
J Klukowski - A Kowalski                                24   6   6  12   6   6  -0.87  -0.50   0.06  -0.20    0.01   -0.33   0.10
J Kalita - K Kotorowicz                                 36   7  10  19   9  10  -0.99  -0.05   0.17  -0.24    0.02   -0.37  -0.51
D Krajewski - M Wiącek                                  24   3   8  13   7   6  -1.04  -0.20   0.04  -0.50    0.09   -0.21  -0.27
J Posłuszny - A Lubojemski                              60  15  15  30  18  12  -1.09  -0.94   0.08  -0.17   -0.08   -0.05   0.06
P Żak - J Cieślak                                       36   7  12  17  11   6  -1.19  -1.05  -0.23  -0.01    0.05    0.18  -0.13
L Sztyrak - M Cichocki                                  24   8   5  11   9   2  -1.31  -0.92   0.02   0.34    0.05    0.00  -0.79
A Sarniak - J Szczygieł                                 12   6   1   5   1   4  -1.33  -0.62  -0.36   0.00    0.00   -0.10  -0.25
Z Rogowski - K Pikus                                    12   1   5   6   5   1  -1.46  -1.02   0.00  -0.17   -0.06   -0.05  -0.15
T Urbański - M Wiącek                                   24   3   6  15   9   6  -1.85  -0.90  -0.19  -0.12   -0.10   -0.01  -0.53
R Opaliński - T Ukraiński                               12   4   1   7   2   5  -1.89  -0.79  -0.60  -0.04   -0.10    0.00  -0.36
P Miechowicz - M Krajewski                              24   4   6  14   8   6  -1.92  -1.05   0.04  -0.49    0.02   -0.24  -0.20
P Niedzielski - D Filipowicz                            12   5   1   6   3   3  -1.92  -0.79   0.17  -0.05   -0.76    0.00  -0.49
M Błach - A Robak                                       12   2   5   5   2   3  -2.19  -0.63  -0.12   0.48    0.00   -0.22  -1.70

