1|1|3|199|6|295|1N|W|7|HQ
1|1|193|31|21|160|1N|W|7|HQ
1|1|127|184|181|110|2D|W|8|HQ
1|1|200|231|263|229|1N|W|7|S3
1|1|151|293|287|223|1N|W|7|HQ
1|1|7|202|247|186|1N|W|7|HQ
1|1|95|195|89|149|2N|W|8|S3
1|1|280|279|144|80|1N|W|9|C2
1|1|207|299|5|311|3N|W|8|HQ
1|1|28|303|249|26|1N|W|8|S3
1|10|3|199|6|295|4H|W|11|D9
1|10|193|31|21|160|3N|W|10|SQ
1|10|127|184|181|110|6N|W|10|H7
1|10|200|231|263|229|3N|E|11|S6
1|10|151|293|287|223|4N|E|10|S8
1|10|7|202|247|186|3N|E|11|HA
1|10|95|195|89|149|3N|E|10|S6
1|10|280|279|144|80|4N|E|11|H3
1|10|207|299|5|311|3N|W|11|C5
1|10|28|303|249|26|3N|E|10|S6
1|11|3|199|6|295|5S|N|10|CA
1|11|193|31|21|160|4S|N|11|H9
1|11|127|184|181|110|2S|N|11|H9
1|11|200|231|263|229|5C|W|11|SK
1|11|151|293|287|223|5C|E|10|S4
1|11|7|202|247|186|4H|N|7|CA
1|11|95|195|89|149|4H|N|10|CA
1|11|280|279|144|80|4H|N|9|H9
1|11|207|299|5|311|4S|N|10|H9
1|11|28|303|249|26|4S|N|11|H9
1|12|3|199|6|295|4S|W|11|HJ
1|12|193|31|21|160|6S|E|11|DA
1|12|127|184|181|110|6S|E|11|DA
1|12|200|231|263|229|6S|E|11|DA
1|12|151|293|287|223|6S|E|11|DA
1|12|7|202|247|186|6S|E|11|HJ
1|12|95|195|89|149|6S|E|11|HJ
1|12|280|279|144|80|6S|W|11|H9
1|12|207|299|5|311|6S|E|11|D3
1|12|28|303|249|26|6S|E|10|HJ
1|13|3|199|6|295|2H|S|9|S4
1|13|193|31|21|160|2H|S|9|S4
1|13|127|184|181|110|3H|N|7|D3
1|13|200|231|263|229|3S|E|7|DT
1|13|151|293|287|223|3H|S|7|S2
1|13|7|202|247|186|3C|N|9|C3
1|13|95|195|89|149|2H|S|8|S4
1|13|280|279|144|80|3D|W|8|H2
1|13|207|299|5|311|4HX|N|7|CJ
1|13|28|303|249|26|3H|N|7|D7
1|14|3|199|6|295|3H|S|10|D2
1|14|193|31|21|160|2H|S|10|D6
1|14|127|184|181|110|2H|S|10|D6
1|14|200|231|263|229|3S|N|8|DK
1|14|151|293|287|223|5S|N|8|DA
1|14|7|202|247|186|2S|N|8|DA
1|14|95|195|89|149|2H|S|10|D6
1|14|280|279|144|80|3D|W|7|CA
1|14|207|299|5|311|4C|N|10|DA
1|14|28|303|249|26|3D|E|8|CA
1|15|3|199|6|295|3D|W|10|S9
1|15|193|31|21|160|2S|S|8|D3
1|15|127|184|181|110|2S|S|9|D3
1|15|200|231|263|229|3N|W|7|S5
1|15|151|293|287|223|3S|S|9|D3
1|15|7|202|247|186|3C|E|9|S2
1|15|95|195|89|149|3D|W|9|S5
1|15|280|279|144|80|3D|W|9|C4
1|15|207|299|5|311|4C|E|8|S3
1|15|28|303|249|26|3C|E|10|HA
1|16|3|199|6|295|3S|N|8|D8
1|16|193|31|21|160|3S|N|8|D8
1|16|127|184|181|110|5C|E|9|S3
1|16|200|231|263|229|3S|N|8|D8
1|16|151|293|287|223|3S|N|8|D3
1|16|7|202|247|186|4S|N|8|D8
1|16|95|195|89|149|2S|N|8|D8
1|16|280|279|144|80|3H|E|8|S3
1|16|207|299|5|311|3S|N|8|D2
1|16|28|303|249|26|2S|N|8|D8
1|17|221|107|271|81|4H|N|10|S3
1|17|193|31|21|160|3N|S|9|HQ
1|17|127|184|181|110|3N|S|10|HQ
1|17|200|218|263|274|3N|S|7|H6
1|17|32|183|156|35|3N|N|9|S8
1|17|7|151|247|287|3N|S|7|D3
1|17|95|195|89|149|3N|S|9|H6
1|17|280|213|144|87|3N|S|8|D3
1|17|303|22|26|37|3N|S|9|HQ
1|17|299|207|311|5|3N|S|9|D3
1|18|221|107|271|81|4S|W|10|S3
1|18|193|31|21|160|4S|W|10|HQ
1|18|127|184|181|110|4S|W|10|DQ
1|18|200|218|263|274|4S|W|10|DQ
1|18|32|183|156|35|4S|W|9|HQ
1|18|7|151|247|287|2H|E|8|S5
1|18|95|195|89|149|2HX|S|6|DA
1|18|280|213|144|87|2S|W|10|S3
1|18|303|22|26|37|4S|E|10|DQ
1|18|299|207|311|5|4S|W|10|DQ
1|19|221|107|271|81|3N|S|9|HA
1|19|193|31|21|160|3N|S|9|HK
1|19|127|184|181|110|3N|S|9|HA
1|19|200|218|263|274|3N|S|8|S5
1|19|32|183|156|35|3N|S|10|S4
1|19|7|151|247|287|2H|W|7|SK
1|19|95|195|89|149|3N|S|9|HA
1|19|280|213|144|87|4S|S|10|HK
1|19|303|22|26|37|3N|S|9|HA
1|19|299|207|311|5|3N|S|9|HA
1|2|3|199|6|295|5DX|E|10|SQ
1|2|193|31|21|160|3N|E|9|SQ
1|2|127|184|181|110|2H|N|7|DA
1|2|200|231|263|229|3N|E|9|SQ
1|2|151|293|287|223|4D|E|11|SQ
1|2|7|202|247|186|3H|N|8|DA
1|2|95|195|89|149|3HX|N|8|DA
1|2|280|279|144|80|3N|E|10|H7
1|2|207|299|5|311|5D|E|10|SQ
1|2|28|303|249|26|3D|E|12|SQ
1|20|221|107|271|81|3C|W|10|C6
1|20|193|31|21|160|2S|N|5|D9
1|20|127|184|181|110|2C|W|10|C7
1|20|200|218|263|274|2C|W|10|C2
1|20|32|183|156|35|2H|E|8|SA
1|20|7|151|247|287|2C|W|10|S5
1|20|95|195|89|149|2C|W|9|C2
1|20|280|213|144|87|2D|W|10|S3
1|20|303|22|26|37|3C|W|10|S5
1|20|299|207|311|5|2C|W|10|C2
1|21|221|107|271|81|3N|W|10|HQ
1|21|193|31|21|160|3N|W|10|HQ
1|21|127|184|181|110|3N|W|10|HQ
1|21|200|218|263|274|3N|W|10|HQ
1|21|32|183|156|35|3N|E|11|S8
1|21|7|151|247|287|3N|W|10|HQ
1|21|95|195|89|149|5C|W|12|HQ
1|21|280|213|144|87|3N|W|10|HQ
1|21|303|22|26|37|3N|E|10|HQ
1|21|299|207|311|5|3N|W|10|HQ
1|22|221|107|271|81|P||0
1|22|193|31|21|160|P||0
1|22|127|184|181|110|P||0
1|22|200|218|263|274|P||0
1|22|32|183|156|35|P||0
1|22|7|151|247|287|1N|W|8|SQ
1|22|95|195|89|149|2N|W|8|SQ
1|22|280|213|144|87|2N|W|8|C4
1|22|303|22|26|37|1N|W|9|SQ
1|22|299|207|311|5|2S|E|8|DA
1|23|221|107|271|81|4H|W|8|H9
1|23|193|31|21|160|4H|W|8|HT
1|23|127|184|181|110|4HX|W|9|CK
1|23|200|218|263|274|4H|E|10|D4
1|23|32|183|156|35|4H|W|9|HT
1|23|7|151|247|287|3N|W|9|HT
1|23|95|195|89|149|4H|W|9|HT
1|23|280|213|144|87|1D|W|6|CK
1|23|303|22|26|37|4H|W|10|CA
1|23|299|207|311|5|1D|W|10|HT
1|24|221|107|271|81|6S|W|11|CK
1|24|193|31|21|160|4S|W|11|CA
1|24|127|184|181|110|6S|W|11|CK
1|24|200|218|263|274|5S|W|11|CK
1|24|32|183|156|35|5CX|S|9|SA
1|24|7|151|247|287|4S|W|11|CK
1|24|95|195|89|149|5S|W|11|CK
1|24|280|213|144|87|4S|W|11|CA
1|24|303|22|26|37|4S|W|11|CK
1|24|299|207|311|5|6S|W|11|CA
1|25|221|107|271|81|4S|S|11|C7
1|25|193|31|21|160|4S|N|11|H9
1|25|127|184|181|110|4S|N|10|D2
1|25|200|218|263|274|4S|S|11|C9
1|25|32|183|156|35|4S|N|10|H9
1|25|7|151|247|287|4S|N|10|D2
1|25|95|195|89|149|4S|N|10|H6
1|25|280|213|144|87|4S|N|10|H8
1|25|303|22|26|37|4S|N|10|H8
1|25|299|207|311|5|4S|S|10|H4
1|26|221|107|271|81|1N|W|9|H3
1|26|193|31|21|160|1N|W|8|H3
1|26|127|184|181|110|3C|W|10|SK
1|26|200|218|263|274|3C|W|10|H3
1|26|32|183|156|35|1N|W|10|H3
1|26|7|151|247|287|3N|E|9|D5
1|26|95|195|89|149|3N|E|10|D5
1|26|280|213|144|87|3N|E|9|D5
1|26|303|22|26|37|1N|E|8|H4
1|26|299|207|311|5|3N|E|9|D5
1|27|221|107|271|81|3N|S|9|H2
1|27|193|31|21|160|3N|S|9|C8
1|27|127|184|181|110|3N|S|11|C8
1|27|200|218|263|274|3N|S|9|C8
1|27|32|183|156|35|3N|S|9|H6
1|27|7|151|247|287|3N|S|8|H2
1|27|95|195|89|149|3N|S|9|H2
1|27|280|213|144|87|3N|S|8|H2
1|27|303|22|26|37|3N|S|9|C8
1|27|299|207|311|5|3N|S|10|C5
1|28|221|107|271|81|3N|W|9|H9
1|28|193|31|21|160|3N|W|9|S2
1|28|127|184|181|110|3N|W|8|H8
1|28|200|218|263|274|3N|W|9|S2
1|28|32|183|156|35|3N|W|8|S2
1|28|7|151|247|287|3N|W|9|S2
1|28|95|195|89|149|1N|W|9|S2
1|28|280|213|144|87|3N|W|9|S2
1|28|303|22|26|37|5C|E|9|S4
1|28|299|207|311|5|3N|W|10|S2
1|29|221|107|271|81|3CX|E|5|D5
1|29|193|31|21|160|3N|N|10|C9
1|29|127|184|181|110|4H|S|9|D3
1|29|200|218|263|274|3N|N|9|S4
1|29|32|183|156|35|3N|N|10|S7
1|29|7|151|247|287|6D|N|12|D2
1|29|95|195|89|149|3N|N|9|S7
1|29|280|213|144|87|3N|N|10|S7
1|29|303|22|26|37|3N|N|9|S7
1|29|299|207|311|5|6D|N|10|S4
1|3|3|199|6|295|5D|E|10|D3
1|3|193|31|21|160|4S|N|9|C6
1|3|127|184|181|110|4S|N|9|C8
1|3|200|231|263|229|5S|N|8|D4
1|3|151|293|287|223|5CX|E|10|HQ
1|3|7|202|247|186|5C|E|10|HQ
1|3|95|195|89|149|4H|S|9|DA
1|3|280|279|144|80|5C|W|9|SA
1|3|207|299|5|311|5CX|E|10|HQ
1|3|28|303|249|26|5CX|E|10|SJ
1|30|221|107|271|81|2H|N|9|CT
1|30|193|31|21|160|2H|N|8|CT
1|30|127|184|181|110|2H|N|9|CT
1|30|200|218|263|274|2H|N|8|CT
1|30|32|183|156|35|2H|N|8|CT
1|30|7|151|247|287|1NX|E|4|S6
1|30|95|195|89|149|3C|E|6|S6
1|30|280|213|144|87|1N|W|5|SK
1|30|303|22|26|37|2H|N|9|CT
1|30|299|207|311|5|4H|N|8|CT
1|31|221|107|271|81|3C|W|11|H7
1|31|193|31|21|160|2DX|N|6|H5
1|31|127|184|181|110|3N|E|8|D5
1|31|200|218|263|274|1N|W|9|S2
1|31|32|183|156|35|3N|E|8|D3
1|31|7|151|247|287|3N|W|8|D6
1|31|95|195|89|149|3N|W|8|D6
1|31|280|213|144|87|1N|W|7|H2
1|31|303|22|26|37|3N|W|8|D5
1|31|299|207|311|5|1N|W|7|D6
1|32|221|107|271|81|3S|N|7|DA
1|32|193|31|21|160|P||0
1|32|127|184|181|110|P||0
1|32|200|218|263|274|2S|N|4|DA
1|32|32|183|156|35|P||0
1|32|7|151|247|287|P||0
1|32|95|195|89|149|P||0
1|32|280|213|144|87|2D|W|7|S2
1|32|303|22|26|37|1N|S|9|HQ
1|32|299|207|311|5|4H|E|8|C4
1|4|3|199|6|295|3N|E|9|S7
1|4|193|31|21|160|4H|W|10|H7
1|4|127|184|181|110|2H|W|10|S6
1|4|200|231|263|229|3H|W|10|S6
1|4|151|293|287|223|3N|E|10|S7
1|4|7|202|247|186|4H|W|9|S6
1|4|95|195|89|149|4H|W|10|S6
1|4|280|279|144|80|4H|W|10|D3
1|4|207|299|5|311|4H|W|9|S3
1|4|28|303|249|26|3N|E|10|S7
1|5|3|199|6|295|3N|W|7|H5
1|5|193|31|21|160|3N|W|8|H5
1|5|127|184|181|110|4N|W|9|H4
1|5|200|231|263|229|3N|W|8|H5
1|5|151|293|287|223|3N|W|8|H3
1|5|7|202|247|186|3N|W|8|H4
1|5|95|195|89|149|3N|W|8|H3
1|5|280|279|144|80|3N|W|8|H3
1|5|207|299|5|311|3N|W|8|H3
1|5|28|303|249|26|3N|W|10|H5
1|6|3|199|6|295|3N|S|6|H5
1|6|193|31|21|160|3N|S|6|H5
1|6|127|184|181|110|3N|S|6|H5
1|6|200|231|263|229|3N|N|10|C3
1|6|151|293|287|223|3N|S|8|H2
1|6|7|202|247|186|3N|S|6|H5
1|6|95|195|89|149|3N|S|6|H5
1|6|280|279|144|80|3N|S|6|H5
1|6|207|299|5|311|2N|S|6|H3
1|6|28|303|249|26|2N|S|8|H3
1|7|3|199|6|295|1D|W|7|HT
1|7|193|31|21|160|3N|W|9|H5
1|7|127|184|181|110|3N|W|10|H3
1|7|200|231|263|229|3N|W|9|HT
1|7|151|293|287|223|3N|E|8|S4
1|7|7|202|247|186|3N|W|8|S5
1|7|95|195|89|149|3N|W|9|H5
1|7|280|279|144|80|3N|W|10|D5
1|7|207|299|5|311|3N|W|9|HT
1|7|28|303|249|26|3N|W|10|H5
1|8|3|199|6|295|4H|E|7|DK
1|8|193|31|21|160|4H|E|7|DK
1|8|127|184|181|110|3N|W|6|C4
1|8|200|231|263|229|3SX|N|7|HJ
1|8|151|293|287|223|3S|N|8|HJ
1|8|7|202|247|186|3S|N|8|HJ
1|8|95|195|89|149|3H|E|8|DK
1|8|280|279|144|80|3SX|N|8|HA
1|8|207|299|5|311|3N|W|6|C2
1|8|28|303|249|26|2S|N|7|CA
1|9|3|199|6|295|4S|N|11|HA
1|9|193|31|21|160|4S|N|11|HA
1|9|127|184|181|110|5HX|W|10|SK
1|9|200|231|263|229|5HX|W|10|SK
1|9|151|293|287|223|4SX|N|11|HA
1|9|7|202|247|186|4SX|N|11|HA
1|9|95|195|89|149|4H|W|10|SA
1|9|280|279|144|80|4S|N|11|HA
1|9|207|299|5|311|3S|N|11|H3
1|9|28|303|249|26|6DX|N|11|C2
2|1|184|221|110|271|4S|E|9|C7
2|1|3|200|6|263|4S|E|9|C6
2|1|7|127|247|181|4S|E|10|H4
2|1|218|293|274|223|4S|W|9|HA
2|1|280|202|144|186|1N|N|4|SK
2|1|32|195|156|162|1N|N|6|SK
2|1|28|213|249|87|2DX|S|5|D3
2|1|279|22|80|37|4S|E|9|C7
2|1|199|207|295|5|4S|W|10|HA
2|1|303|107|26|81|4S|E|10|H3
2|10|184|221|110|271|1N|W|7|HA
2|10|3|200|6|263|2H|S|6|DA
2|10|7|127|247|181|3C|W|9|HK
2|10|218|293|274|223|5CX|E|9|H6
2|10|280|202|144|186|1N|W|9|HA
2|10|32|195|156|162|3C|W|10|HA
2|10|28|213|249|87|1N|W|7|HQ
2|10|279|22|80|37|1N|W|7|HA
2|10|199|207|295|5|3C|W|9|HA
2|10|303|107|26|81|3H|S|7|H2
2|11|184|221|110|271|3N|W|10|S2
2|11|3|200|6|263|3N|W|9|S2
2|11|7|127|247|181|3N|W|10|S2
2|11|218|293|274|223|3N|E|9|S9
2|11|280|202|144|186|3N|W|9|S2
2|11|32|195|156|162|3N|W|10|S2
2|11|28|213|249|87|3N|W|10|S2
2|11|279|22|80|37|3N|W|11|S2
2|11|199|207|295|5|3N|W|9|H3
2|11|303|107|26|81|3N|W|10|S4
2|12|3|200|6|263|1N|W|9|S2
2|12|7|127|247|181|3N|W|9|SA
2|12|218|293|274|223|1N|W|8|D2
2|12|280|202|144|186|2N|W|9|C4
2|12|32|195|156|162|1N|W|9|D2
2|12|28|213|249|87|2D|W|8|C3
2|12|279|22|80|37|2S|N|6|HA
2|12|199|207|295|5|2S|S|5|H6
2|12|303|107|26|81|3N|E|6|HJ
2|13|3|200|6|263|1N|S|6|S3
2|13|7|127|247|181|1N|N|6|S9
2|13|218|293|274|223|1N|N|6|S4
2|13|280|202|144|186|1N|N|8|S4
2|13|32|195|156|162|1N|N|5|S2
2|13|28|213|249|87|1N|N|6|S5
2|13|279|22|80|37|2S|N|8|H6
2|13|199|207|295|5|1N|N|6|S4
2|13|303|107|26|81|2H|S|8|C7
2|14|184|221|110|271|6C|S|13|S3
2|14|3|200|6|263|6C|S|13|C9
2|14|7|127|247|181|6C|N|13|ST
2|14|218|293|274|223|6N|S|12|H7
2|14|280|202|144|186|6N|S|13|H8
2|14|32|195|156|162|6N|S|12|H8
2|14|28|213|249|87|6D|S|13|S3
2|14|279|22|80|37|6N|S|12|C9
2|14|199|207|295|5|4SX|W|6|SA
2|14|303|107|26|81|7C|N|13|ST
2|15|184|221|110|271|6D|E|12|S9
2|15|3|200|6|263|4H|E|9|S6
2|15|218|293|274|223|6D|E|12|CQ
2|15|280|202|144|186|6D|E|12|CQ
2|15|32|195|156|162|5D|E|12|CQ
2|15|28|213|249|87|5D|E|12|CQ
2|15|279|22|80|37|7DX|W|12|C9
2|15|199|207|295|5|5D|W|12|CQ
2|15|303|107|26|81|6DX|W|11|H6
2|16|184|221|110|271|4S|E|9|H5
2|16|3|200|6|263|3S|E|9|S6
2|16|218|293|274|223|4H|N|10|SK
2|16|280|202|144|186|4H|N|10|SK
2|16|32|195|156|162|3S|E|8|HT
2|16|28|213|249|87|4SX|E|8|S6
2|16|279|22|80|37|3D|N|9|SK
2|16|199|207|295|5|4H|N|10|SK
2|16|303|107|26|81|4H|N|9|SK
2|17|184|197|110|221|2H|E|7|D7
2|17|3|200|6|263|3D|N|9|D5
2|17|183|231|35|229|1N|N|8|H3
2|17|218|293|274|223|2S|N|8|D2
2|17|280|202|144|186|2D|N|9|D2
2|17|151|195|287|162|2D|N|9|S8
2|17|299|213|311|87|2S|S|8|DT
2|17|95|28|89|249|2D|N|9|D2
2|17|193|207|21|5|2D|N|8|S8
2|17|303|107|26|81|2D|N|8|D3
2|18|184|197|110|221|4S|W|8|S4
2|18|3|200|6|263|4H|W|9|H2
2|18|183|231|35|229|2S|W|8|H2
2|18|218|293|274|223|4H|W|8|H2
2|18|280|202|144|186|3H|W|11|CA
2|18|151|195|287|162|4H|W|8|H6
2|18|299|213|311|87|3H|W|8|D7
2|18|95|28|89|249|3N|W|6|H8
2|18|193|207|21|5|3H|W|8|S4
2|18|303|107|26|81|4H|W|8|H3
2|19|184|197|110|221|1N|W|7|H7
2|19|3|200|6|263|1N|E|8|DA
2|19|183|231|35|229|2N|W|8|DQ
2|19|218|293|274|223|1N|W|7|DQ
2|19|280|202|144|186|1N|W|7|DQ
2|19|151|195|287|162|2H|W|8|C9
2|19|299|213|311|87|1N|W|7|DJ
2|19|95|28|89|249|3D|N|8|S5
2|19|193|207|21|5|2S|E|8|D3
2|19|303|107|26|81|2D|N|8|S6
2|2|184|221|110|271|3S|S|11|D7
2|2|3|200|6|263|4S|S|11|D7
2|2|7|127|247|181|1N|N|10|H5
2|2|218|293|274|223|1N|N|8|H2
2|2|280|202|144|186|1N|N|8|H2
2|2|32|195|156|162|4S|N|11|C3
2|2|28|213|249|87|4S|S|10|H4
2|2|279|22|80|37|1N|N|8|H2
2|2|199|207|295|5|4S|S|10|H2
2|2|303|107|26|81|1N|N|8|H2
2|20|184|197|110|221|4HX|E|9|S8
2|20|3|200|6|263|3S|S|8|S9
2|20|183|231|35|229|2H|S|6|H3
2|20|218|293|274|223|4HX|E|9|S4
2|20|280|202|144|186|2N|W|10|H5
2|20|151|195|287|162|3S|S|9|H3
2|20|299|213|311|87|2H|S|5|H3
2|20|95|28|89|249|4HX|W|9|HA
2|20|193|207|21|5|3N|W|10|H5
2|20|303|107|26|81|3D|E|7|HT
2|21|184|197|110|221|4H|E|11|H4
2|21|3|200|6|263|3N|E|12|S4
2|21|183|231|35|229|3N|W|12|S2
2|21|218|293|274|223|4H|E|10|H4
2|21|280|202|144|186|4H|E|10|SQ
2|21|151|195|287|162|4H|E|10|SQ
2|21|299|213|311|87|4H|E|11|DJ
2|21|95|28|89|249|4H|E|11|SQ
2|21|193|207|21|5|5D|E|10|SQ
2|21|303|107|26|81|4H|E|10|DJ
2|22|184|197|110|221|3C|E|9|H8
2|22|3|200|6|263|4S|W|8|HA
2|22|183|231|35|229|3H|N|7|SK
2|22|218|293|274|223|3H|N|7|SK
2|22|280|202|144|186|2N|E|7|DQ
2|22|151|195|287|162|3S|W|8|H3
2|22|299|213|311|87|2N|E|6|D2
2|22|95|28|89|249|2S|W|8|D9
2|22|193|207|21|5|4S|W|9|HA
2|22|303|107|26|81|2S|W|8|D9
2|23|184|197|110|221|3N|S|10|SJ
2|23|3|200|6|263|3N|S|8|S3
2|23|183|231|35|229|2H|N|10|D7
2|23|218|293|274|223|2H|N|9|D4
2|23|280|202|144|186|1N|S|8|S3
2|23|151|195|287|162|2N|N|8|SQ
2|23|299|213|311|87|2C|S|10|H5
2|23|95|28|89|249|2N|S|8|ST
2|23|193|207|21|5|3N|S|9|SJ
2|23|303|107|26|81|2C|S|10|C3
2|24|184|197|110|221|3H|N|10|CQ
2|24|3|200|6|263|4H|N|10|H2
2|24|183|231|35|229|3H|S|10|C2
2|24|218|293|274|223|2H|S|10|D5
2|24|280|202|144|186|4H|S|10|C2
2|24|151|195|287|162|2H|N|10|CQ
2|24|299|213|311|87|3C|E|9|HJ
2|24|95|28|89|249|2H|N|10|H3
2|24|193|207|21|5|2H|N|10|H3
2|24|303|107|26|81|4H|N|10|CQ
2|25|184|197|110|221|1N|W|8|SJ
2|25|3|200|6|263|1N|E|9|SJ
2|25|183|231|35|229|2C|E|9|S2
2|25|218|293|274|223|1N|E|8|H7
2|25|280|202|144|186|1N|E|9|S3
2|25|151|195|287|162|2S|W|7|DT
2|25|299|213|311|87|1N|W|9|SJ
2|25|95|28|89|249|1N|W|9|SJ
2|25|193|207|21|5|3N|E|9|S3
2|25|303|107|26|81|2D|E|5|H3
2|26|184|197|110|221|4S|N|10|D6
2|26|3|200|6|263|5S|N|12|C3
2|26|183|231|35|229|3N|N|11|C3
2|26|218|293|274|223|3N|S|11|H8
2|26|280|202|144|186|3N|S|10|H2
2|26|151|195|287|162|6S|N|10|H7
2|26|299|213|311|87|6S|N|10|D6
2|26|95|28|89|249|6S|N|11|C4
2|26|193|207|21|5|4S|N|10|H7
2|26|303|107|26|81|3N|N|11|H9
2|27|184|197|110|221|2D|W|9|H6
2|27|3|200|6|263|2D|W|9|D3
2|27|183|231|35|229|2H|S|7|DA
2|27|218|293|274|223|2H|S|8|DA
2|27|280|202|144|186|2H|S|7|DA
2|27|151|195|287|162|2H|S|8|DA
2|27|299|213|311|87|1N|E|8|H3
2|27|95|28|89|249|2D|W|9|H6
2|27|193|207|21|5|3N|W|8|H6
2|27|303|107|26|81|2S|S|8|DA
2|28|184|197|110|221|1H|E|8|C8
2|28|3|200|6|263|2D|S|8|HT
2|28|183|231|35|229|2H|W|6|CQ
2|28|218|293|274|223|1N|E|4|D4
2|28|280|202|144|186|1N|N|7|H7
2|28|151|195|287|162|2D|S|8|HT
2|28|299|213|311|87|1S|W|7|CK
2|28|95|28|89|249|1N|W|7|H2
2|28|193|207|21|5|1N|W|6|CK
2|28|303|107|26|81|1N|W|4|D6
2|29|184|197|110|221|2H|N|9|D8
2|29|3|200|6|263|3H|N|9|S5
2|29|183|231|35|229|2N|S|6|D3
2|29|218|293|274|223|3H|N|10|D8
2|29|280|202|144|186|2H|N|8|D7
2|29|151|195|287|162|2H|N|8|S2
2|29|299|213|311|87|2N|S|7|DQ
2|29|95|28|89|249|3H|N|9|S3
2|29|193|207|21|5|2H|N|8|D8
2|29|303|107|26|81|3H|N|9|S6
2|3|184|221|110|271|4H|W|8|D5
2|3|3|200|6|263|4H|E|8|DK
2|3|7|127|247|181|3H|W|8|D7
2|3|218|293|274|223|3H|E|8|DA
2|3|280|202|144|186|3H|E|8|DA
2|3|32|195|156|162|3H|W|8|D5
2|3|28|213|249|87|4H|E|8|DA
2|3|279|22|80|37|3N|E|5|D6
2|3|199|207|295|5|3H|E|8|DA
2|3|303|107|26|81|4H|E|9|DK
2|30|184|197|110|221|3D|S|9|C9
2|30|3|200|6|263|3C|E|8|DA
2|30|183|231|35|229|2C|E|9|DK
2|30|218|293|274|223|3H|E|7|H3
2|30|280|202|144|186|2D|S|8|D2
2|30|151|195|287|162|1N|W|6|D5
2|30|299|213|311|87|2H|W|8|D5
2|30|95|28|89|249|2H|W|8|D5
2|30|193|207|21|5|1H|W|8|D5
2|30|303|107|26|81|3D|S|9|HQ
2|31|184|197|110|221|4C|W|9|HQ
2|31|3|200|6|263|4H|N|9|DA
2|31|183|231|35|229|3H|N|9|S6
2|31|218|293|274|223|3C|W|9|HQ
2|31|280|202|144|186|2N|W|7|H2
2|31|151|195|287|162|4HX|N|9|DA
2|31|299|213|311|87|3D|W|9|HQ
2|31|95|28|89|249|4D|W|9|HQ
2|31|193|207|21|5|4C|W|9|D2
2|31|303|107|26|81|5C|W|10|HQ
2|32|184|197|110|221|3H|E|8|DK
2|32|3|200|6|263|2S|N|9|HK
2|32|183|231|35|229|3H|E|9|H4
2|32|218|293|274|223|2H|E|9|H4
2|32|280|202|144|186|2N|W|8|C6
2|32|151|195|287|162|4HX|E|9|H4
2|32|299|213|311|87|3S|N|9|HA
2|32|95|28|89|249|3N|W|6|S5
2|32|193|207|21|5|3SX|N|9|SJ
2|32|303|107|26|81|2C|W|7|S4
2|4|184|221|110|271|3D|W|10|CA
2|4|3|200|6|263|2D|W|10|CA
2|4|7|127|247|181|2D|W|10|CA
2|4|218|293|274|223|3D|W|10|CA
2|4|280|202|144|186|2D|W|10|CA
2|4|32|195|156|162|2D|W|10|CA
2|4|28|213|249|87|2S|E|6|C5
2|4|279|22|80|37|3D|W|10|CA
2|4|199|207|295|5|3D|W|10|CA
2|4|303|107|26|81|3D|W|10|CK
2|5|184|221|110|271|3N|N|11|DJ
2|5|3|200|6|263|3N|N|12|C6
2|5|7|127|247|181|3N|N|12|C4
2|5|218|293|274|223|3N|N|11|C6
2|5|280|202|144|186|3N|N|9|SK
2|5|32|195|156|162|3N|N|12|C7
2|5|28|213|249|87|3N|S|9|S3
2|5|279|22|80|37|4H|S|10|C2
2|5|199|207|295|5|3SX|W|5|H7
2|5|303|107|26|81|3N|S|7|S3
2|6|184|221|110|271|6C|S|9|HK
2|6|3|200|6|263|4S|N|7|CQ
2|6|7|127|247|181|2H|E|8|D3
2|6|218|293|274|223|3C|N|9|S8
2|6|280|202|144|186|3C|N|9|CQ
2|6|32|195|156|162|3S|W|8|DA
2|6|28|213|249|87|3N|S|7|HK
2|6|279|22|80|37|3C|N|11|S7
2|6|199|207|295|5|5CX|N|10|HA
2|6|303|107|26|81|2H|E|8|D3
2|7|184|221|110|271|2HX|S|4|H6
2|7|3|200|6|263|3N|W|11|S8
2|7|7|127|247|181|3N|W|11|S7
2|7|218|293|274|223|3N|W|10|S8
2|7|280|202|144|186|3N|W|11|H7
2|7|32|195|156|162|3N|W|11|S4
2|7|28|213|249|87|6D|W|12|H5
2|7|279|22|80|37|3N|W|11|H9
2|7|199|207|295|5|3N|W|10|H7
2|7|303|107|26|81|3N|W|10|S9
2|8|184|221|110|271|4S|E|10|H9
2|8|3|200|6|263|4S|E|10|HA
2|8|218|293|274|223|4S|W|10|H3
2|8|280|202|144|186|4S|W|9|C2
2|8|32|195|156|162|3S|W|10|D6
2|8|28|213|249|87|4S|W|9|H5
2|8|279|22|80|37|3HX|S|8|SJ
2|8|199|207|295|5|4S|W|10|D6
2|8|303|107|26|81|4S|W|10|D6
2|9|184|221|110|271|3N|W|11|C4
2|9|3|200|6|263|3N|W|12|H5
2|9|218|293|274|223|3N|E|11|H2
2|9|280|202|144|186|3N|W|12|C4
2|9|32|195|156|162|3N|W|11|C4
2|9|28|213|249|87|2HX|S|7|SJ
2|9|279|22|80|37|3N|E|11|H2
2|9|199|207|295|5|3N|W|12|H5
2|9|303|107|26|81|3N|W|11|C7
3|1|3|293|6|223|4H|N|11|S6
3|1|7|221|247|271|4H|S|11|D2
3|1|127|195|181|149|4H|N|10|S3
3|1|280|231|144|229|3N|S|7|S5
3|1|32|299|156|311|4H|S|10|H2
3|1|22|151|37|287|4H|N|10|S2
3|1|279|207|80|5|4H|S|10|D2
3|1|303|95|26|89|3N|S|10|C3
3|1|184|107|110|81|4H|S|10|D2
3|1|199|200|295|263|4H|S|10|D2
3|10|3|293|6|223|2S|S|9|HA
3|10|7|221|247|271|2S|N|9|CK
3|10|127|195|181|149|2S|N|8|CA
3|10|280|231|144|229|2S|N|10|CA
3|10|32|299|156|311|2D|E|9|S5
3|10|22|151|37|287|2D|E|9|D3
3|10|279|207|80|5|2S|N|6|CA
3|10|303|95|26|89|2H|E|8|H3
3|10|184|107|110|81|3D|E|9|D3
3|10|199|200|295|263|2S|N|9|HA
3|11|3|293|6|223|3DX|W|6|SA
3|11|7|221|247|271|3DX|W|7|H6
3|11|127|195|181|149|3D|W|7|H6
3|11|280|231|144|229|3C|N|11|DT
3|11|32|299|156|311|3D|W|8|H6
3|11|22|151|37|287|4H|S|10|DK
3|11|279|207|80|5|3DX|W|8|SA
3|11|303|95|26|89|3N|N|10|S3
3|11|184|107|110|81|4D|W|7|H6
3|11|199|200|295|263|4H|S|10|DK
3|12|3|293|6|223|2S|E|9|S6
3|12|7|221|247|271|2S|W|9|DA
3|12|127|195|181|149|2S|E|10|C3
3|12|280|231|144|229|2S|W|8|DA
3|12|32|299|156|311|2S|E|8|D3
3|12|22|151|37|287|2S|E|8|D3
3|12|279|207|80|5|2S|W|9|DA
3|12|303|95|26|89|2S|E|8|D3
3|12|184|107|110|81|2S|E|8|D3
3|12|199|200|295|263|2S|W|8|DA
3|13|3|293|6|223|4S|E|11|SQ
3|13|7|221|247|271|4S|E|11|D8
3|13|127|195|181|149|4S|E|11|D8
3|13|280|231|144|229|4S|W|11|D4
3|13|32|299|156|311|4S|E|11|SQ
3|13|22|151|37|287|5S|E|11|SQ
3|13|279|207|80|5|4S|E|11|H7
3|13|303|95|26|89|4S|E|11|SQ
3|13|184|107|110|81|4S|E|11|D2
3|13|199|200|295|263|4S|E|11|C2
3|14|3|293|6|223|3N|N|11|CJ
3|14|7|221|247|271|3N|N|9|CJ
3|14|127|195|181|149|3N|N|10|ST
3|14|280|231|144|229|3N|N|10|CJ
3|14|32|299|156|311|3N|N|10|CJ
3|14|22|151|37|287|3N|N|10|CJ
3|14|279|207|80|5|1SX|W|4|S7
3|14|303|95|26|89|3N|N|10|CJ
3|14|184|107|110|81|3N|N|9|CJ
3|14|199|200|295|263|3N|N|10|CJ
3|15|3|293|6|223|3D|N|11|H6
3|15|7|221|247|271|2H|W|6|D5
3|15|127|195|181|149|2H|W|5|D5
3|15|280|231|144|229|2H|W|7|D2
3|15|32|299|156|311|2H|W|6|D2
3|15|22|151|37|287|2H|E|6|D2
3|15|279|207|80|5|2H|W|6|D2
3|15|303|95|26|89|2H|W|6|D5
3|15|184|107|110|81|3H|W|7|C3
3|15|199|200|295|263|3D|N|9|H3
3|16|3|293|6|223|1NX|E|3|D6
3|16|7|221|247|271|2S|S|7|C3
3|16|127|195|181|149|2C|E|7|HJ
3|16|280|231|144|229|2HX|E|5|SK
3|16|32|299|156|311|1N|E|6|D2
3|16|22|151|37|287|2DX|E|6|HJ
3|16|279|207|80|5|2D|S|7|C3
3|16|303|95|26|89|2D|S|8|C9
3|16|184|107|110|81|2S|S|7|C9
3|16|199|200|295|263|1N|E|7|D6
3|17|3|293|6|223|3N|E|10|HQ
3|17|183|197|35|221|3N|E|10|D6
3|17|218|195|274|162|5C|W|11|H2
3|17|280|231|144|229|3N|E|11|S9
3|17|32|28|156|249|3N|E|10|HQ
3|17|22|202|37|186|3N|E|11|S9
3|17|279|303|80|26|3N|E|10|HQ
3|17|207|213|5|87|5C|W|11|H2
3|17|200|199|263|295|4HX|S|6|D5
3|17|193|184|21|110|6N|E|11|S4
3|18|3|293|6|223|5D|W|11|SJ
3|18|183|197|35|221|6D|W|12|D3
3|18|218|195|274|162|5D|W|13|SJ
3|18|280|231|144|229|4N|W|11|H7
3|18|32|28|156|249|6D|W|11|HA
3|18|22|202|37|186|6D|W|12|SJ
3|18|279|303|80|26|3N|W|11|SJ
3|18|207|213|5|87|5D|W|12|D3
3|18|200|199|263|295|6D|W|11|HA
3|18|193|184|21|110|6D|E|11|HJ
3|19|3|293|6|223|3C|W|7|SQ
3|19|183|197|35|221|2S|N|7|C2
3|19|218|195|274|162|3N|W|8|SQ
3|19|280|231|144|229|2S|N|8|D9
3|19|32|28|156|249|2H|S|8|C6
3|19|22|202|37|186|1N|W|7|S6
3|19|279|303|80|26|3H|S|7|HA
3|19|207|213|5|87|3H|N|8|D3
3|19|200|199|263|295|3D|W|9|D2
3|19|193|184|21|110|2H|S|9|C6
3|2|3|293|6|223|4S|E|9|CQ
3|2|7|221|247|271|6CX|N|10|SA
3|2|127|195|181|149|5C|N|11|SA
3|2|280|231|144|229|5CX|N|10|SK
3|2|32|299|156|311|4S|E|8|DA
3|2|22|151|37|287|4S|E|8|DA
3|2|279|207|80|5|5CX|N|10|CA
3|2|303|95|26|89|5CX|N|10|SK
3|2|184|107|110|81|4S|E|8|DA
3|2|199|200|295|263|5C|N|10|SK
3|20|3|293|6|223|3N|E|9|DJ
3|20|183|197|35|221|3N|E|9|DJ
3|20|218|195|274|162|3NX|W|9|D3
3|20|280|231|144|229|3NX|W|9|D5
3|20|32|28|156|249|3N|W|11|HT
3|20|22|202|37|186|3N|W|11|S8
3|20|279|303|80|26|3N|W|8|D3
3|20|207|213|5|87|3N|W|8|DJ
3|20|200|199|263|295|2N|W|9|D5
3|20|193|184|21|110|3N|W|11|C4
3|21|3|293|6|223|5D|S|8|HA
3|21|183|197|35|221|6S|N|10|HK
3|21|218|195|274|162|6S|S|10|HA
3|21|280|231|144|229|6SX|N|10|CT
3|21|32|28|156|249|5S|N|10|HK
3|21|22|202|37|186|6S|N|10|HK
3|21|279|303|80|26|4S|S|10|HA
3|21|207|213|5|87|6S|N|10|HK
3|21|200|199|263|295|6DX|W|7|DK
3|21|193|184|21|110|7DX|W|7|CA
3|22|3|293|6|223|1N|E|8|DT
3|22|183|197|35|221|1N|S|5|H5
3|22|218|195|274|162|1N|S|4|H5
3|22|280|231|144|229|2N|E|8|D4
3|22|32|28|156|249|3N|E|8|S5
3|22|22|202|37|186|1N|E|8|S3
3|22|279|303|80|26|1N|S|4|H2
3|22|207|213|5|87|1N|S|4|H3
3|22|200|199|263|295|2N|E|9|D4
3|22|193|184|21|110|1N|E|10|S7
3|23|3|293|6|223|3D|S|9|CQ
3|23|183|197|35|221|P||0
3|23|218|195|274|162|P||0
3|23|280|231|144|229|1N|W|6|D4
3|23|32|28|156|249|2C|W|8|DA
3|23|22|202|37|186|2S|E|7|CA
3|23|279|303|80|26|2D|N|9|HK
3|23|207|213|5|87|2S|E|7|D3
3|23|200|199|263|295|1N|W|6|D4
3|23|193|184|21|110|2S|E|7|S3
3|24|3|293|6|223|3N|W|12|CT
3|24|183|197|35|221|3N|E|12|H2
3|24|218|195|274|162|3N|W|12|CT
3|24|280|231|144|229|3N|W|12|HA
3|24|32|28|156|249|3N|W|12|CT
3|24|22|202|37|186|3N|W|12|CT
3|24|279|303|80|26|3N|W|12|CT
3|24|207|213|5|87|3N|W|12|H8
3|24|200|199|263|295|3N|E|10|H5
3|24|193|184|21|110|3N|E|12|H5
3|25|3|293|6|223|5C|S|8|D8
3|25|183|197|35|221|6H|N|12|D7
3|25|218|195|274|162|3S|N|11|CQ
3|25|280|231|144|229|4H|S|11|DT
3|25|32|28|156|249|4H|S|11|DT
3|25|22|202|37|186|4H|S|10|DT
3|25|279|303|80|26|4S|N|11|H9
3|25|207|213|5|87|4H|S|11|DT
3|25|200|199|263|295|4S|N|11|CQ
3|25|193|184|21|110|3H|S|12|S8
3|26|3|293|6|223|3N|W|8|C7
3|26|183|197|35|221|3N|W|8|C6
3|26|218|195|274|162|3N|W|8|C7
3|26|280|231|144|229|1D|W|11|C5
3|26|32|28|156|249|3N|W|7|C5
3|26|22|202|37|186|3N|W|9|S2
3|26|279|303|80|26|3N|W|8|C7
3|26|207|213|5|87|3N|W|8|C4
3|26|200|199|263|295|4S|W|9|C7
3|26|193|184|21|110|3N|W|8|C5
3|27|3|293|6|223|3H|W|9|D3
3|27|183|197|35|221|3H|W|8|D4
3|27|218|195|274|162|4H|W|8|D3
3|27|280|231|144|229|3H|W|9|D3
3|27|32|28|156|249|3H|W|9|S4
3|27|22|202|37|186|4H|W|8|D3
3|27|279|303|80|26|3H|W|11|CA
3|27|207|213|5|87|3H|W|9|C3
3|27|200|199|263|295|3H|W|10|C3
3|27|193|184|21|110|4H|W|9|CA
3|28|3|293|6|223|3N|W|8|S7
3|28|183|197|35|221|5DX|E|9|HQ
3|28|218|195|274|162|3D|E|9|SK
3|28|280|231|144|229|3N|E|8|SK
3|28|32|28|156|249|3N|W|9|HQ
3|28|22|202|37|186|3N|W|9|HQ
3|28|279|303|80|26|3N|W|9|HQ
3|28|207|213|5|87|3D|W|9|HQ
3|28|200|199|263|295|3N|W|8|S4
3|28|193|184|21|110|5D|W|9|HQ
3|29|3|293|6|223|4H|N|10|HT
3|29|183|197|35|221|4S|S|10|C8
3|29|218|195|274|162|4H|N|10|S5
3|29|280|231|144|229|4S|S|10|C5
3|29|32|28|156|249|4S|S|10|C5
3|29|22|202|37|186|4H|N|10|S2
3|29|279|303|80|26|4H|N|10|H8
3|29|207|213|5|87|4H|N|10|HT
3|29|200|199|263|295|4H|N|10|H8
3|29|193|184|21|110|4S|S|10|H4
3|3|3|293|6|223|1N|W|9|SK
3|3|7|221|247|271|3N|W|9|SQ
3|3|127|195|181|149|3N|W|8|SK
3|3|280|231|144|229|1N|W|8|SK
3|3|32|299|156|311|1N|W|8|SK
3|3|22|151|37|287|3N|E|8|S9
3|3|279|207|80|5|1N|W|9|SK
3|3|303|95|26|89|3N|W|9|SQ
3|3|184|107|110|81|1N|W|9|D3
3|3|199|200|295|263|2S|S|7|C6
3|30|3|293|6|223|1N|N|9|H8
3|30|183|197|35|221|4D|N|10|S2
3|30|218|195|274|162|3N|N|10|C6
3|30|280|231|144|229|3D|S|10|HA
3|30|32|28|156|249|3N|N|10|DA
3|30|22|202|37|186|3N|N|10|C6
3|30|279|303|80|26|3N|N|10|C3
3|30|207|213|5|87|1N|E|5|DK
3|30|200|199|263|295|1N|N|10|C3
3|30|193|184|21|110|2S|N|10|DA
3|31|3|293|6|223|4N|N|11|C8
3|31|183|197|35|221|4H|N|8|C8
3|31|218|195|274|162|3N|N|10|H2
3|31|280|231|144|229|3DX|E|7|SA
3|31|32|28|156|249|3N|N|10|D6
3|31|22|202|37|186|3N|N|10|D6
3|31|279|303|80|26|3N|N|10|D6
3|31|207|213|5|87|3N|N|10|D6
3|31|200|199|263|295|3N|N|10|D5
3|31|193|184|21|110|3N|N|10|D5
3|32|3|293|6|223|1N|W|9|S4
3|32|183|197|35|221|1N|W|9|S4
3|32|218|195|274|162|1N|W|8|S3
3|32|280|231|144|229|1N|W|8|S3
3|32|32|28|156|249|1N|W|9|S3
3|32|22|202|37|186|3N|E|9|C6
3|32|279|303|80|26|1N|W|9|S3
3|32|207|213|5|87|1N|W|9|S3
3|32|200|199|263|295|2H|E|8|C6
3|32|193|184|21|110|3N|W|8|S3
3|4|3|293|6|223|1N|E|9|S4
3|4|7|221|247|271|2S|E|8|HQ
3|4|127|195|181|149|3N|E|10|HQ
3|4|280|231|144|229|3N|E|10|D3
3|4|32|299|156|311|2S|E|9|HQ
3|4|22|151|37|287|2N|W|9|HJ
3|4|279|207|80|5|2H|N|7|SK
3|4|303|95|26|89|2S|E|7|HQ
3|4|184|107|110|81|2S|E|6|HQ
3|4|199|200|295|263|2H|N|7|SK
3|5|3|293|6|223|4S|N|8|HK
3|5|7|221|247|271|3S|S|7|H2
3|5|127|195|181|149|3D|W|7|SK
3|5|280|231|144|229|3D|W|7|SA
3|5|32|299|156|311|2N|N|7|HK
3|5|22|151|37|287|4S|N|7|S6
3|5|279|207|80|5|3S|S|7|H2
3|5|303|95|26|89|2S|S|7|H6
3|5|184|107|110|81|3D|W|9|SA
3|5|199|200|295|263|1S|S|8|H6
3|6|3|293|6|223|3N|W|11|HK
3|6|7|221|247|271|3N|W|11|HQ
3|6|127|195|181|149|6D|E|12|CJ
3|6|280|231|144|229|3N|W|11|S3
3|6|32|299|156|311|3N|W|12|D6
3|6|22|151|37|287|3N|E|12|CJ
3|6|279|207|80|5|6D|E|12|CJ
3|6|303|95|26|89|3N|W|11|HQ
3|6|184|107|110|81|3N|W|11|S7
3|6|199|200|295|263|3N|W|11|HK
3|7|3|293|6|223|3D|S|9|HK
3|7|7|221|247|271|4S|N|9|HK
3|7|127|195|181|149|3H|E|8|DT
3|7|280|231|144|229|3S|N|9|HK
3|7|32|299|156|311|3S|N|10|HK
3|7|22|151|37|287|3H|E|7|DT
3|7|279|207|80|5|3D|N|10|HK
3|7|303|95|26|89|2S|N|9|HK
3|7|184|107|110|81|3H|E|8|DT
3|7|199|200|295|263|3H|E|7|DT
3|8|3|293|6|223|3D|E|8|H8
3|8|7|221|247|271|3D|E|10|S2
3|8|127|195|181|149|3D|E|10|S3
3|8|280|231|144|229|3N|W|9|S6
3|8|32|299|156|311|4N|E|10|H4
3|8|22|151|37|287|3N|E|9|S2
3|8|279|207|80|5|3N|W|9|HA
3|8|303|95|26|89|4S|N|9|DK
3|8|184|107|110|81|4C|E|8|C4
3|8|199|200|295|263|3NX|E|9|S4
3|9|3|293|6|223|3S|S|8|HQ
3|9|7|221|247|271|3S|S|7|HQ
3|9|127|195|181|149|2S|S|10|CT
3|9|280|231|144|229|1N|S|6|C9
3|9|32|299|156|311|2S|S|8|HQ
3|9|22|151|37|287|2H|E|6|C5
3|9|279|207|80|5|1N|S|9|C3
3|9|303|95|26|89|3D|E|8|S3
3|9|184|107|110|81|3S|S|8|HQ
3|9|199|200|295|263|3S|S|8|HQ
4|1|280|221|144|271|4D|E|10|HQ
4|1|3|195|6|149|4H|E|8|S2
4|1|272|231|249|229|3N|W|7|C4
4|1|218|153|274|28|5D|E|10|S4
4|1|303|202|220|186|2S|W|9|CA
4|1|32|170|156|118|3N|E|6|S4
4|1|193|279|21|80|2H|E|8|C6
4|1|95|107|89|81|4H|E|9|C2
4|1|184|293|110|223|3N|W|9|CA
4|1|35|200|98|263|4H|W|9|H4
4|10|280|221|144|271|2H|W|8|SK
4|10|3|195|6|149|4S|S|8|H5
4|10|272|231|249|229|3S|S|8|DK
4|10|218|153|274|28|3S|S|9|DK
4|10|303|202|220|186|3S|S|9|DK
4|10|32|170|156|118|2S|S|8|DK
4|10|193|279|21|80|2S|S|8|DK
4|10|95|107|89|81|3S|S|8|DK
4|10|184|293|110|223|2S|S|8|DK
4|10|35|200|98|263|4H|E|8|SA
4|11|280|221|144|271|5C|N|11|D2
4|11|3|195|6|149|3N|S|11|D5
4|11|272|231|249|229|4S|N|10|CT
4|11|218|153|274|28|4S|N|11|H5
4|11|303|202|220|186|3C|N|11|D6
4|11|32|170|156|118|4C|N|10|D6
4|11|193|279|21|80|4DX|W|7|HK
4|11|95|107|89|81|4S|N|6|D6
4|11|184|293|110|223|5C|N|11|D2
4|11|35|200|98|263|5C|N|11|D2
4|12|280|221|144|271|3H|E|8|D6
4|12|3|195|6|149|4H|E|10|CQ
4|12|272|231|249|229|3N|E|10|D6
4|12|218|153|274|28|4H|E|8|D6
4|12|303|202|220|186|4H|E|8|SK
4|12|32|170|156|118|4H|E|10|CQ
4|12|193|279|21|80|4H|E|9|SK
4|12|95|107|89|81|4H|E|9|H6
4|12|184|293|110|223|4H|E|10|H5
4|12|35|200|98|263|5C|W|11|D8
4|13|280|221|144|271|3S|N|11|DA
4|13|3|195|6|149|3S|N|11|H6
4|13|272|231|249|229|3C|W|9|SA
4|13|218|153|274|28|4S|N|10|H8
4|13|303|202|220|186|2SX|N|10|H8
4|13|32|170|156|118|4S|N|11|H8
4|13|193|279|21|80|3N|E|9|HK
4|13|95|107|89|81|4H|W|9|C2
4|13|184|293|110|223|4H|W|9|C2
4|13|35|200|98|263|4H|W|8|C2
4|14|280|221|144|271|4H|S|11|DK
4|14|3|195|6|149|4H|N|10|DA
4|14|272|231|249|229|4H|S|11|DA
4|14|218|153|274|28|4H|S|10|DA
4|14|303|202|220|186|4H|S|10|DA
4|14|32|170|156|118|4H|S|11|DK
4|14|193|279|21|80|4H|S|11|DA
4|14|95|107|89|81|4H|S|10|DA
4|14|184|293|110|223|4H|S|11|DA
4|14|35|200|98|263|4H|S|11|DA
4|15|280|221|144|271|3N|S|11|D2
4|15|3|195|6|149|3N|S|10|D2
4|15|272|231|249|229|6N|S|12|H2
4|15|218|153|274|28|3N|S|12|ST
4|15|303|202|220|186|3N|S|10|D2
4|15|32|170|156|118|3N|S|11|SJ
4|15|193|279|21|80|3N|N|9|C6
4|15|95|107|89|81|3N|S|12|D2
4|15|184|293|110|223|3N|S|12|SJ
4|15|35|200|98|263|3N|S|10|D2
4|16|280|221|144|271|4H|S|12|C9
4|16|3|195|6|149|6H|S|12|C6
4|16|272|231|249|229|4H|S|11|C5
4|16|218|153|274|28|4H|S|12|H2
4|16|303|202|220|186|4H|S|12|C5
4|16|32|170|156|118|4H|S|11|C5
4|16|193|279|21|80|5D|N|11|CK
4|16|95|107|89|81|4H|N|12|CK
4|16|184|293|110|223|4H|N|12|CK
4|16|35|200|98|263|6H|S|11|DA
4|17|280|221|144|271|1N|E|8|CT
4|17|31|195|160|149|1N|E|7|C9
4|17|22|231|37|229|3N|E|9|CT
4|17|218|153|274|28|3D|E|8|H8
4|17|303|202|207|186|3D|E|8|SK
4|17|151|170|287|118|3N|W|7|HJ
4|17|199|213|295|87|2N|E|9|C8
4|17|95|107|89|81|1N|E|7|C8
4|17|184|293|110|223|2S|W|7|CQ
4|17|7|200|247|263|4D|E|9|H3
4|18|280|221|144|271|4S|N|13|D9
4|18|31|195|160|149|6S|N|12|CQ
4|18|22|231|37|229|4SX|N|12|C8
4|18|218|153|274|28|6N|S|13|S9
4|18|303|202|207|186|7N|S|13|H7
4|18|151|170|287|118|6SX|N|12|C7
4|18|199|213|295|87|4S|N|13|HQ
4|18|95|107|89|81|4S|N|13|HQ
4|18|184|293|110|223|6S|N|13|HQ
4|18|7|200|247|263|6N|S|13|D4
4|19|280|221|144|271|4S|S|11|C7
4|19|31|195|160|149|4S|S|11|D5
4|19|22|231|37|229|5S|S|11|C6
4|19|218|153|274|28|4S|S|11|D3
4|19|303|202|207|186|4S|S|11|D3
4|19|151|170|287|118|4S|S|11|C6
4|19|199|213|295|87|4S|S|11|D7
4|19|95|107|89|81|4S|S|11|D7
4|19|184|293|110|223|4S|S|11|D7
4|19|7|200|247|263|4S|S|11|D5
4|2|280|221|144|271|1D|E|7|SQ
4|2|3|195|6|149|3H|N|7|C2
4|2|272|231|249|229|1N|E|10|SQ
4|2|218|153|274|28|2C|W|10|S7
4|2|303|202|220|186|1D|E|8|SQ
4|2|32|170|156|118|2C|W|10|S7
4|2|193|279|21|80|3C|E|9|SQ
4|2|95|107|89|81|3C|E|9|SQ
4|2|184|293|110|223|3C|E|9|SQ
4|2|35|200|98|263|1D|E|6|SQ
4|20|280|221|144|271|2SX|N|7|DK
4|20|31|195|160|149|3N|E|8|S5
4|20|22|231|37|229|5C|W|9|D4
4|20|218|153|274|28|2SX|N|7|DK
4|20|303|202|207|186|3C|W|11|SK
4|20|151|170|287|118|2SX|N|8|H5
4|20|199|213|295|87|6C|W|9|C6
4|20|95|107|89|81|5C|W|9|CT
4|20|184|293|110|223|2SX|N|8|DK
4|20|7|200|247|263|5C|W|9|D4
4|21|280|221|144|271|3N|W|11|D2
4|21|31|195|160|149|3N|W|9|D2
4|21|22|231|37|229|3N|W|11|H3
4|21|218|153|274|28|3N|W|10|SQ
4|21|303|202|207|186|3N|W|9|SQ
4|21|151|170|287|118|3N|E|10|S7
4|21|199|213|295|87|3N|W|11|H2
4|21|95|107|89|81|3N|W|11|H2
4|21|184|293|110|223|3N|W|10|H2
4|21|7|200|247|263|3N|W|11|H2
4|22|280|221|144|271|2S|W|6|D5
4|22|31|195|160|149|3H|N|8|S4
4|22|22|231|37|229|3D|E|9|HQ
4|22|218|153|274|28|2H|N|8|S4
4|22|303|202|207|186|4H|N|8|S4
4|22|151|170|287|118|4H|N|7|S4
4|22|199|213|295|87|1N|E|6|HQ
4|22|95|107|89|81|3D|E|9|HQ
4|22|184|293|110|223|2H|N|8|S4
4|22|7|200|247|263|2H|N|9|S4
4|23|280|221|144|271|2S|S|11|C5
4|23|31|195|160|149|3S|S|9|HA
4|23|22|231|37|229|2S|N|11|HT
4|23|218|153|274|28|4SX|S|9|D2
4|23|303|202|207|186|4S|S|9|HA
4|23|151|170|287|118|4S|N|9|HT
4|23|199|213|295|87|4S|N|9|HT
4|23|95|107|89|81|2S|N|10|HT
4|23|184|293|110|223|2S|S|10|D6
4|23|7|200|247|263|3S|S|10|D2
4|24|280|221|144|271|3C|W|10|CA
4|24|31|195|160|149|4C|W|11|CA
4|24|22|231|37|229|3HX|N|6|DK
4|24|218|153|274|28|3D|E|9|C9
4|24|303|202|207|186|3S|W|9|HA
4|24|151|170|287|118|2S|E|10|H3
4|24|199|213|295|87|3N|E|6|HQ
4|24|95|107|89|81|5CX|W|10|CA
4|24|184|293|110|223|3N|W|10|H4
4|24|7|200|247|263|5C|W|10|CA
4|25|280|221|144|271|6D|E|12|DT
4|25|31|195|160|149|5H|E|12|DT
4|25|22|231|37|229|6H|W|12|SA
4|25|218|153|274|28|6D|W|12|D4
4|25|303|202|207|186|5D|W|12|C5
4|25|151|170|287|118|6D|W|12|HT
4|25|199|213|295|87|4H|W|12|SA
4|25|95|107|89|81|4H|E|12|DT
4|25|184|293|110|223|4N|W|13|C8
4|25|7|200|247|263|6H|E|12|S4
4|26|280|221|144|271|4S|S|11|HJ
4|26|31|195|160|149|3S|S|11|HJ
4|26|22|231|37|229|4S|S|11|HJ
4|26|218|153|274|28|4S|S|11|HJ
4|26|303|202|207|186|4S|S|10|HJ
4|26|151|170|287|118|4S|S|10|HJ
4|26|199|213|295|87|4S|S|11|HJ
4|26|95|107|89|81|4S|S|11|HJ
4|26|184|293|110|223|4S|S|11|HJ
4|26|7|200|247|263|4S|S|10|HJ
4|27|280|221|144|271|3N|N|11|C6
4|27|31|195|160|149|3N|S|11|H6
4|27|22|231|37|229|3N|N|12|C6
4|27|218|153|274|28|3N|N|12|ST
4|27|303|202|207|186|3N|N|12|H5
4|27|151|170|287|118|3N|S|11|DJ
4|27|199|213|295|87|4H|N|11|H5
4|27|95|107|89|81|3N|N|12|C6
4|27|184|293|110|223|6S|S|11|DJ
4|27|7|200|247|263|3N|N|12|C6
4|28|280|221|144|271|3H|E|5|C5
4|28|31|195|160|149|3N|S|12|HT
4|28|22|231|37|229|3N|N|10|HK
4|28|218|153|274|28|3N|S|11|S7
4|28|303|202|207|186|3N|N|11|HK
4|28|151|170|287|118|3N|N|11|HK
4|28|199|213|295|87|6C|N|12|HK
4|28|95|107|89|81|3N|N|10|HK
4|28|184|293|110|223|2HX|W|6|D6
4|28|7|200|247|263|3N|S|12|HT
4|29|280|221|144|271|4H|E|10|D7
4|29|31|195|160|149|3N|E|10|S3
4|29|22|231|37|229|3N|E|10|S3
4|29|218|153|274|28|4H|E|11|C6
4|29|303|202|207|186|4H|E|10|C4
4|29|151|170|287|118|4H|E|11|C4
4|29|199|213|295|87|3N|E|9|H5
4|29|95|107|89|81|4H|E|10|D7
4|29|184|293|110|223|4H|E|11|D5
4|29|7|200|247|263|4H|E|10|C4
4|3|280|221|144|271|3N|N|8|S6
4|3|3|195|6|149|3H|N|10|D6
4|3|272|231|249|229|4H|S|10|H2
4|3|218|153|274|28|4H|S|10|D9
4|3|303|202|220|186|3H|N|10|HA
4|3|32|170|156|118|1N|N|7|S6
4|3|193|279|21|80|3N|N|8|S6
4|3|95|107|89|81|1N|N|8|S6
4|3|184|293|110|223|4H|N|10|S6
4|3|35|200|98|263|4H|N|10|HA
4|30|280|221|144|271|4SX|N|8|C5
4|30|31|195|160|149|4H|W|10|SJ
4|30|22|231|37|229|4H|E|10|SQ
4|30|218|153|274|28|4SX|N|8|C3
4|30|303|202|207|186|4H|E|10|SQ
4|30|151|170|287|118|4SX|N|8|D3
4|30|199|213|295|87|4SX|N|8|C5
4|30|95|107|89|81|3N|W|10|SJ
4|30|184|293|110|223|4H|E|10|SQ
4|30|7|200|247|263|4H|W|8|DQ
4|31|280|221|144|271|3N|S|10|C8
4|31|31|195|160|149|4N|N|11|S3
4|31|22|231|37|229|3N|S|11|S6
4|31|218|153|274|28|3N|N|11|S3
4|31|303|202|207|186|3N|S|10|C8
4|31|151|170|287|118|5N|N|9|C6
4|31|199|213|295|87|3N|N|11|S6
4|31|95|107|89|81|3N|S|10|C8
4|31|184|293|110|223|3N|S|11|S5
4|31|7|200|247|263|3N|S|10|H5
4|32|280|221|144|271|2H|E|6|D6
4|32|31|195|160|149|2N|W|7|S3
4|32|22|231|37|229|2N|W|7|C2
4|32|218|153|274|28|2N|W|8|C3
4|32|303|202|207|186|1N|W|7|C2
4|32|151|170|287|118|4SX|N|7|DA
4|32|199|213|295|87|3N|E|6|C3
4|32|95|107|89|81|3N|W|8|S3
4|32|184|293|110|223|2N|W|8|S3
4|32|7|200|247|263|3H|E|7|S6
4|4|280|221|144|271|3N|N|10|HK
4|4|3|195|6|149|5D|N|11|HK
4|4|272|231|249|229|3N|N|10|HK
4|4|218|153|274|28|3N|N|10|SK
4|4|303|202|220|186|4N|N|10|HK
4|4|32|170|156|118|5D|S|11|HT
4|4|193|279|21|80|6D|S|11|H7
4|4|95|107|89|81|3N|N|10|HK
4|4|184|293|110|223|3N|N|10|HK
4|4|35|200|98|263|3N|N|11|HK
4|5|280|221|144|271|2D|E|9|HA
4|5|3|195|6|149|4D|E|8|HK
4|5|272|231|249|229|3D|E|9|HA
4|5|218|153|274|28|4S|E|10|HA
4|5|303|202|220|186|2S|E|8|HA
4|5|32|170|156|118|5D|E|9|HA
4|5|193|279|21|80|5D|E|9|HA
4|5|95|107|89|81|4S|E|9|HK
4|5|184|293|110|223|3S|E|9|HA
4|5|35|200|98|263|3H|S|8|H2
4|6|280|221|144|271|2S|N|9|D5
4|6|3|195|6|149|3H|S|8|DA
4|6|272|231|249|229|3D|E|10|HA
4|6|218|153|274|28|3D|E|10|S6
4|6|303|202|220|186|2H|S|8|HT
4|6|32|170|156|118|2S|N|9|SA
4|6|193|279|21|80|2S|N|9|C5
4|6|95|107|89|81|2H|S|8|H4
4|6|184|293|110|223|2H|S|8|HT
4|6|35|200|98|263|3H|S|9|HT
4|7|280|221|144|271|5C|W|11|C3
4|7|3|195|6|149|5C|W|11|SA
4|7|272|231|249|229|3N|W|7|SQ
4|7|218|153|274|28|5C|W|11|SA
4|7|303|202|220|186|2S|N|7|DK
4|7|32|170|156|118|5C|W|11|SA
4|7|193|279|21|80|3N|W|9|SQ
4|7|95|107|89|81|4H|W|9|H8
4|7|184|293|110|223|3N|W|11|H8
4|7|35|200|98|263|3N|W|8|SQ
4|8|280|221|144|271|6SX|W|9|H5
4|8|3|195|6|149|4S|W|8|H9
4|8|272|231|249|229|4S|W|10|H3
4|8|218|153|274|28|4S|W|9|C5
4|8|303|202|220|186|4S|W|9|H3
4|8|32|170|156|118|4S|W|9|H5
4|8|193|279|21|80|4S|E|9|CK
4|8|95|107|89|81|4S|W|9|H3
4|8|184|293|110|223|4S|W|9|H5
4|8|35|200|98|263|4S|W|10|H3
4|9|280|221|144|271|4H|W|11|C4
4|9|3|195|6|149|5S|E|10|CQ
4|9|272|231|249|229|4S|E|12|H5
4|9|218|153|274|28|5S|E|11|C6
4|9|303|202|220|186|4S|E|11|C6
4|9|32|170|156|118|4S|E|11|C6
4|9|193|279|21|80|4H|W|12|DA
4|9|95|107|89|81|4S|E|12|D2
4|9|184|293|110|223|4S|E|11|D2
4|9|35|200|98|263|4S|E|11|C6
5|1|3|272|6|249|4S|E|12|D7
5|1|22|31|37|160|3N|W|11|H3
5|1|231|220|229|207|3N|W|10|H4
5|1|170|218|118|274|3N|W|11|H4
5|1|32|279|156|80|3N|W|11|H4
5|1|213|151|87|287|3N|W|11|H4
5|1|195|200|144|263|3N|W|8|DJ
5|1|184|20|110|149|3N|W|9|DJ
5|1|7|199|247|295|3N|W|9|DJ
5|1|193|35|21|98|3N|W|10|H5
5|10|3|272|6|249|4S|N|11|D6
5|10|22|31|37|160|4S|S|10|DJ
5|10|231|220|229|207|5S|S|11|DJ
5|10|170|218|118|274|5S|S|11|H7
5|10|32|279|156|80|3CX|E|8|SJ
5|10|213|151|87|287|4S|S|11|CJ
5|10|195|200|144|263|4S|S|11|DJ
5|10|184|20|110|149|5S|N|11|DK
5|10|7|199|247|295|4S|S|11|DJ
5|10|193|35|21|98|4S|S|10|CJ
5|11|3|272|6|249|3C|N|9|CJ
5|11|22|31|37|160|3D|E|8|S5
5|11|231|220|229|207|3C|N|9|D7
5|11|170|218|118|274|3C|N|9|D6
5|11|32|279|156|80|3H|W|7|C4
5|11|213|151|87|287|3D|E|8|CT
5|11|195|200|144|263|3CX|S|9|D3
5|11|184|20|110|149|2D|N|5|CJ
5|11|7|199|247|295|2S|S|8|HK
5|11|193|35|21|98|3C|N|10|D6
5|12|3|272|6|249|2S|E|9|CQ
5|12|22|31|37|160|2S|E|8|H5
5|12|231|220|229|207|2S|E|9|CQ
5|12|170|218|118|274|2S|E|8|CQ
5|12|32|279|156|80|2S|E|9|CQ
5|12|213|151|87|287|3D|W|8|C8
5|12|195|200|144|263|2S|E|8|H5
5|12|184|20|110|149|3D|W|8|C8
5|12|7|199|247|295|2S|E|8|CQ
5|12|193|35|21|98|2S|E|7|H5
5|13|3|272|6|249|4H|N|9|S5
5|13|22|31|37|160|3C|S|10|H9
5|13|231|220|229|207|4SX|W|10|CA
5|13|170|218|118|274|5C|S|9|SA
5|13|32|279|156|80|4H|N|9|S2
5|13|213|151|87|287|4H|N|8|S5
5|13|195|200|144|263|4H|N|9|S2
5|13|184|20|110|149|4SX|W|9|CA
5|13|7|199|247|295|4H|N|9|C5
5|13|193|35|21|98|4H|N|9|S5
5|14|3|272|6|249|3N|W|10|D7
5|14|22|31|37|160|5C|W|12|DT
5|14|231|220|229|207|3N|E|11|D7
5|14|170|218|118|274|6NX|E|11|D2
5|14|32|279|156|80|3N|W|11|S8
5|14|213|151|87|287|5C|E|13|SJ
5|14|195|200|144|263|6C|E|12|D7
5|14|184|20|110|149|3N|E|10|SJ
5|14|7|199|247|295|3N|E|11|ST
5|14|193|35|21|98|5C|E|13|D2
5|15|3|272|6|249|4S|N|10|H6
5|15|22|31|37|160|4S|S|9|D6
5|15|231|220|229|207|4S|N|9|H7
5|15|170|218|118|274|4S|N|9|H2
5|15|32|279|156|80|4S|S|10|CJ
5|15|213|151|87|287|4S|N|10|H6
5|15|195|200|144|263|4S|S|9|D6
5|15|184|20|110|149|3N|N|10|D2
5|15|7|199|247|295|4S|S|11|H8
5|15|193|35|21|98|4S|N|9|H6
5|16|3|272|6|249|4H|N|11|D9
5|16|22|31|37|160|4H|N|10|S5
5|16|231|220|229|207|4H|N|11|D6
5|16|170|218|118|274|4H|S|10|CK
5|16|32|279|156|80|4H|N|11|C3
5|16|213|151|87|287|4H|N|10|DT
5|16|195|200|144|263|4S|S|10|CK
5|16|184|20|110|149|4S|S|11|CK
5|16|7|199|247|295|4S|S|10|CK
5|16|193|35|21|98|4H|N|12|D9
5|17|3|272|6|249|6D|S|11|HT
5|17|153|221|28|271|3N|N|12|C2
5|17|231|303|229|220|6D|N|11|ST
5|17|170|218|118|274|5D|S|11|HT
5|17|32|95|156|89|3N|N|11|H5
5|17|213|202|87|186|6D|N|11|D2
5|17|280|200|144|263|6D|N|11|HA
5|17|184|20|110|195|6N|N|11|HA
5|17|7|107|247|81|6D|S|11|S8
5|17|193|293|21|223|6D|S|11|S6
5|18|3|272|6|249|4S|S|10|CT
5|18|153|221|28|271|4SXX|S|10|C9
5|18|231|303|229|220|2S|S|11|CT
5|18|170|218|118|274|4S|S|10|CT
5|18|32|95|156|89|2N|N|8|CK
5|18|213|202|87|186|4S|S|10|CT
5|18|280|200|144|263|3N|N|11|CK
5|18|184|20|110|195|4DX|W|7|SA
5|18|7|107|247|81|4S|S|10|C9
5|18|193|293|21|223|4S|S|9|D7
5|19|3|272|6|249|4H|N|10|DT
5|19|153|221|28|271|4H|N|10|D9
5|19|231|303|229|220|4H|N|11|CJ
5|19|170|218|118|274|3N|W|9|H5
5|19|32|95|156|89|5HX|N|10|DT
5|19|213|202|87|186|5D|W|9|HK
5|19|280|200|144|263|4H|N|10|DT
5|19|184|20|110|195|5DX|W|10|HK
5|19|7|107|247|81|4HX|N|10|DT
5|19|193|293|21|223|5D|W|9|HK
5|2|3|272|6|249|3C|E|9|S3
5|2|22|31|37|160|3S|S|8|CK
5|2|231|220|229|207|3N|E|8|SQ
5|2|170|218|118|274|3N|E|4|SQ
5|2|32|279|156|80|3C|W|9|S2
5|2|213|151|87|287|3C|E|9|SQ
5|2|195|200|144|263|3C|W|8|H8
5|2|184|20|110|149|3C|E|9|SQ
5|2|7|199|247|295|3C|W|8|H8
5|2|193|35|21|98|3N|E|6|SQ
5|20|3|272|6|249|3H|E|9|H2
5|20|153|221|28|271|3H|E|9|CK
5|20|231|303|229|220|4H|W|9|CA
5|20|170|218|118|274|4H|E|9|CK
5|20|32|95|156|89|3H|E|9|S3
5|20|213|202|87|186|3H|E|9|C8
5|20|280|200|144|263|3H|E|10|CK
5|20|184|20|110|195|4H|W|9|CA
5|20|7|107|247|81|3CX|N|10|C7
5|20|193|293|21|223|4H|E|10|S3
5|21|3|272|6|249|4H|W|9|SK
5|21|153|221|28|271|5CX|S|9|HK
5|21|231|303|229|220|4H|W|9|SK
5|21|170|218|118|274|5CX|N|9|C3
5|21|32|95|156|89|4H|W|9|SK
5|21|213|202|87|186|5CX|S|9|CA
5|21|280|200|144|263|4H|W|9|SK
5|21|184|20|110|195|4H|E|9|SA
5|21|7|107|247|81|4H|W|9|SK
5|21|193|293|21|223|2H|E|9|SA
5|22|3|272|6|249|2HX|N|7|SA
5|22|153|221|28|271|1N|E|8|C7
5|22|231|303|229|220|2S|W|9|S3
5|22|170|218|118|274|1N|E|9|SQ
5|22|32|95|156|89|3S|E|9|SQ
5|22|213|202|87|186|1N|E|8|H5
5|22|280|200|144|263|2S|W|9|H6
5|22|184|20|110|195|1N|E|8|SQ
5|22|7|107|247|81|2S|E|10|DK
5|22|193|293|21|223|3H|S|8|S8
5|23|3|272|6|249|5DX|S|9|CA
5|23|153|221|28|271|3C|W|9|D3
5|23|231|303|229|220|5DX|N|9|CA
5|23|170|218|118|274|3D|S|9|S4
5|23|32|95|156|89|2D|S|8|HT
5|23|213|202|87|186|4C|W|9|ST
5|23|280|200|144|263|2D|S|11|S7
5|23|184|20|110|195|2S|W|8|HK
5|23|7|107|247|81|5DX|S|9|CA
5|23|193|293|21|223|3D|S|9|S7
5|24|3|272|6|249|3C|E|8|HK
5|24|153|221|28|271|1N|W|7|D4
5|24|231|303|229|220|3C|W|8|HQ
5|24|170|218|118|274|1N|W|8|D4
5|24|32|95|156|89|2H|W|8|HK
5|24|213|202|87|186|1N|W|7|D4
5|24|280|200|144|263|2H|W|7|C9
5|24|184|20|110|195|1N|W|7|D4
5|24|7|107|247|81|2N|W|7|S3
5|24|193|293|21|223|2S|N|8|H4
5|25|3|272|6|249|4H|W|9|SJ
5|25|153|221|28|271|4H|E|9|SA
5|25|231|303|229|220|4H|W|9|SJ
5|25|170|218|118|274|4H|E|10|SA
5|25|32|95|156|89|2H|W|9|SJ
5|25|213|202|87|186|3H|W|10|SJ
5|25|280|200|144|263|4H|W|8|SJ
5|25|184|20|110|195|4H|E|10|SA
5|25|7|107|247|81|4H|W|9|SJ
5|25|193|293|21|223|4H|E|9|D6
5|26|3|272|6|249|3N|W|11|C2
5|26|153|221|28|271|3N|W|11|C2
5|26|231|303|229|220|3N|W|11|C2
5|26|170|218|118|274|3N|W|11|C2
5|26|32|95|156|89|3N|W|11|C2
5|26|213|202|87|186|3N|W|11|C2
5|26|280|200|144|263|5D|E|12|HJ
5|26|184|20|110|195|3N|W|11|C2
5|26|7|107|247|81|3N|W|11|C2
5|26|193|293|21|223|3N|W|11|C2
5|27|3|272|6|249|4H|N|10|S3
5|27|153|221|28|271|4H|S|10|S9
5|27|231|303|229|220|4H|N|10|DA
5|27|170|218|118|274|3H|S|10|ST
5|27|32|95|156|89|2H|N|9|S3
5|27|213|202|87|186|4H|N|10|C9
5|27|280|200|144|263|2H|S|10|ST
5|27|184|20|110|195|2H|N|10|S3
5|27|7|107|247|81|3NX|N|10|S5
5|27|193|293|21|223|4H|N|10|C9
5|28|3|272|6|249|1S|S|8|H8
5|28|153|221|28|271|1N|S|8|D2
5|28|231|303|229|220|2H|S|9|H8
5|28|170|218|118|274|1S|S|6|H8
5|28|32|95|156|89|1N|E|7|D8
5|28|213|202|87|186|1S|S|7|H8
5|28|280|200|144|263|1N|E|7|SJ
5|28|184|20|110|195|1N|W|9|S7
5|28|7|107|247|81|1N|E|6|D5
5|28|193|293|21|223|1D|W|8|D4
5|29|3|272|6|249|4S|S|10|D8
5|29|153|221|28|271|4S|S|10|D7
5|29|231|303|229|220|2D|W|3|H7
5|29|170|218|118|274|4S|S|10|D7
5|29|32|95|156|89|4S|N|10|S3
5|29|213|202|87|186|4S|S|10|D7
5|29|280|200|144|263|4S|S|10|D7
5|29|184|20|110|195|4S|S|10|D7
5|29|7|107|247|81|4S|S|10|D7
5|29|193|293|21|223|4S|S|9|C4
5|3|3|272|6|249|3N|E|7|S4
5|3|22|31|37|160|3N|W|10|H2
5|3|231|220|229|207|3N|W|8|SA
5|3|170|218|118|274|3N|E|11|D4
5|3|32|279|156|80|3N|W|11|D5
5|3|213|151|87|287|3N|W|10|H7
5|3|195|200|144|263|3N|W|11|H2
5|3|184|20|110|149|3C|E|11|HT
5|3|7|199|247|295|5C|E|10|S2
5|3|193|35|21|98|3N|W|10|H2
5|30|3|272|6|249|3SX|S|7|DA
5|30|153|221|28|271|3C|E|10|SA
5|30|231|303|229|220|3S|S|7|DK
5|30|170|218|118|274|3C|E|10|SA
5|30|32|95|156|89|3H|N|7|CK
5|30|213|202|87|186|3C|E|9|SK
5|30|280|200|144|263|3S|S|6|DA
5|30|184|20|110|195|3C|E|9|SK
5|30|7|107|247|81|3S|S|7|DA
5|30|193|293|21|223|4H|N|7|CK
5|31|3|272|6|249|6D|S|10|S5
5|31|153|221|28|271|3N|N|8|S7
5|31|231|303|229|220|3N|N|8|S4
5|31|170|218|118|274|3N|N|8|S7
5|31|32|95|156|89|4H|N|9|H9
5|31|213|202|87|186|4N|S|9|H3
5|31|280|200|144|263|3N|N|7|S7
5|31|184|20|110|195|3N|N|10|S7
5|31|7|107|247|81|6D|S|10|D4
5|31|193|293|21|223|3N|S|12|C6
5|32|3|272|6|249|6S|E|13|DK
5|32|153|221|28|271|6C|W|11|H8
5|32|231|303|229|220|6S|E|12|DK
5|32|170|218|118|274|5C|W|12|C2
5|32|32|95|156|89|3N|W|12|C2
5|32|213|202|87|186|6S|E|12|DK
5|32|280|200|144|263|4S|E|12|HT
5|32|184|20|110|195|6C|W|11|H4
5|32|7|107|247|81|6S|E|12|DK
5|32|193|293|21|223|6N|W|12|D3
5|4|3|272|6|249|5H|E|11|H3
5|4|22|31|37|160|4H|E|11|H3
5|4|231|220|229|207|5H|E|11|H3
5|4|170|218|118|274|4H|W|11|H3
5|4|32|279|156|80|4H|E|11|H3
5|4|213|151|87|287|4H|E|11|S3
5|4|195|200|144|263|4H|E|11|H4
5|4|184|20|110|149|4H|E|11|DA
5|4|7|199|247|295|4H|E|12|CA
5|4|193|35|21|98|5H|E|11|H3
5|5|3|272|6|249|2H|E|9|CT
5|5|22|31|37|160|3D|S|9|CA
5|5|231|220|229|207|1N|N|8|HT
5|5|170|218|118|274|2H|W|9|DK
5|5|32|279|156|80|3S|S|7|HJ
5|5|213|151|87|287|3N|N|7|HT
5|5|195|200|144|263|2H|W|9|DK
5|5|184|20|110|149|2N|N|8|HT
5|5|7|199|247|295|2C|S|5|HJ
5|5|193|35|21|98|3D|N|9|S9
5|6|3|272|6|249|2D|E|8|HA
5|6|22|31|37|160|4H|W|10|CK
5|6|231|220|229|207|4H|W|10|HJ
5|6|170|218|118|274|3H|W|10|HJ
5|6|32|279|156|80|3S|S|5|DJ
5|6|213|151|87|287|4SX|S|8|H2
5|6|195|200|144|263|4H|W|9|CK
5|6|184|20|110|149|3S|S|8|H4
5|6|7|199|247|295|4SX|S|7|DJ
5|6|193|35|21|98|4S|S|9|DJ
5|7|3|272|6|249|3N|W|5|S3
5|7|22|31|37|160|2D|W|10|D7
5|7|231|220|229|207|3D|W|11|C7
5|7|170|218|118|274|3S|S|7|D4
5|7|32|279|156|80|2D|W|9|C7
5|7|213|151|87|287|2D|W|11|D5
5|7|195|200|144|263|2D|W|10|S3
5|7|184|20|110|149|3S|S|6|D2
5|7|7|199|247|295|2D|E|8|S2
5|7|193|35|21|98|3N|E|7|S6
5|8|3|272|6|249|4S|S|11|HA
5|8|22|31|37|160|4S|N|9|H3
5|8|231|220|229|207|4S|N|10|H3
5|8|170|218|118|274|4S|N|10|HQ
5|8|32|279|156|80|4S|N|10|H3
5|8|213|151|87|287|4S|S|10|ST
5|8|195|200|144|263|4S|N|10|H3
5|8|184|20|110|149|4S|N|10|D9
5|8|7|199|247|295|4S|N|9|H5
5|8|193|35|21|98|4S|N|8|H3
5|9|3|272|6|249|4S|W|11|H5
5|9|22|31|37|160|4H|E|10|C3
5|9|231|220|229|207|4S|E|10|HQ
5|9|170|218|118|274|4S|W|11|C2
5|9|32|279|156|80|4S|W|11|D5
5|9|213|151|87|287|4S|W|11|C3
5|9|195|200|144|263|2S|E|11|DJ
5|9|184|20|110|149|4S|E|9|HQ
5|9|7|199|247|295|5S|E|10|HQ
5|9|193|35|21|98|4S|W|11|C2
6|1|220|221|207|271|3N|S|11|C6
6|1|31|170|160|118|3N|N|10|D4
6|1|95|231|89|229|3N|S|10|CJ
6|1|218|279|274|80|5D|S|10|CT
6|1|199|202|295|186|3N|S|9|C6
6|1|151|107|287|81|3N|S|10|C6
6|1|184|22|110|37|3N|S|10|CT
6|1|272|200|249|263|3N|N|9|CQ
6|1|7|195|247|149|3N|N|10|CQ
6|1|280|35|144|98|3N|S|10|C3
6|10|220|221|207|271|3N|S|12|C8
6|10|31|170|160|118|3N|S|12|S2
6|10|95|231|89|229|3N|S|12|H7
6|10|218|279|274|80|6H|N|12|S6
6|10|199|202|295|186|4H|N|12|C6
6|10|151|107|287|81|4H|N|12|C6
6|10|184|22|110|37|4N|S|12|C7
6|10|272|200|249|263|4N|S|12|C8
6|10|7|195|247|149|3N|S|12|C8
6|10|280|35|144|98|3N|S|12|C7
6|11|220|221|207|271|3D|E|11|SA
6|11|31|170|160|118|3N|E|6|C4
6|11|95|231|89|229|4H|N|9|DA
6|11|218|279|274|80|4D|E|10|SA
6|11|199|202|295|186|5C|S|9|D3
6|11|151|107|287|81|3D|E|10|SA
6|11|184|22|110|37|3D|E|10|HQ
6|11|272|200|249|263|4D|E|10|SA
6|11|7|195|247|149|3N|N|3|S6
6|11|280|35|144|98|4D|E|10|SA
6|12|220|221|207|271|4S|S|9|DT
6|12|31|170|160|118|4S|S|9|D5
6|12|95|231|89|229|3S|S|9|D5
6|12|218|279|274|80|4SX|S|10|S4
6|12|199|202|295|186|3S|S|8|D5
6|12|151|107|287|81|4S|S|10|D5
6|12|184|22|110|37|2S|S|9|CQ
6|12|272|200|249|263|4S|S|9|D5
6|12|7|195|247|149|4S|S|10|D5
6|12|280|35|144|98|4S|S|9|D5
6|13|220|221|207|271|3N|N|8|HT
6|13|31|170|160|118|3S|N|8|DA
6|13|95|231|89|229|3N|S|6|C9
6|13|218|279|274|80|5DX|N|9|HA
6|13|199|202|295|186|4S|S|7|H3
6|13|151|107|287|81|3N|N|8|HT
6|13|184|22|110|37|3N|S|10|D2
6|13|272|200|249|263|3N|S|12|CT
6|13|7|195|247|149|4S|S|7|H3
6|13|280|35|144|98|3N|S|10|C9
6|14|220|221|207|271|3N|E|10|D7
6|14|31|170|160|118|4H|W|8|SJ
6|14|95|231|89|229|3N|E|9|S4
6|14|218|279|274|80|2SX|S|6|C8
6|14|199|202|295|186|3N|E|10|D7
6|14|151|107|287|81|3N|E|10|D7
6|14|184|22|110|37|3N|E|10|D7
6|14|272|200|249|263|3N|E|11|D7
6|14|7|195|247|149|4SX|S|6|C9
6|14|280|35|144|98|3N|E|10|D7
6|15|220|221|207|271|4D|E|10|CQ
6|15|31|170|160|118|3S|W|10|CA
6|15|95|231|89|229|3C|N|9|CT
6|15|218|279|274|80|4S|W|10|CA
6|15|199|202|295|186|3S|W|10|CA
6|15|151|107|287|81|3S|E|9|DT
6|15|184|22|110|37|3S|W|10|CA
6|15|272|200|249|263|3D|W|10|CA
6|15|7|195|247|149|3S|W|9|CA
6|15|280|35|144|98|4S|W|9|CA
6|16|220|221|207|271|5H|E|12|SQ
6|16|31|170|160|118|4H|E|12|SQ
6|16|95|231|89|229|5H|E|11|DA
6|16|218|279|274|80|5H|W|11|DK
6|16|199|202|295|186|5H|E|11|SQ
6|16|151|107|287|81|5DX|S|9|D9
6|16|184|22|110|37|5S|E|11|SQ
6|16|272|200|249|263|5H|E|11|DA
6|16|7|195|247|149|5H|E|11|SQ
6|16|280|35|144|98|6H|E|11|DA
6|17|303|3|207|6|1N|S|7|DK
6|17|31|170|160|118|3D|W|9|CA
6|17|279|231|80|229|4C|N|8|D2
6|17|218|213|274|87|2C|N|9|C8
6|17|193|202|21|186|1N|S|7|DK
6|17|151|199|287|295|1N|S|6|DK
6|17|184|153|110|28|2D|W|8|CK
6|17|272|200|249|263|2D|W|7|CA
6|17|7|195|247|149|3S|E|6|C6
6|17|280|35|144|98|2C|N|9|C8
6|18|303|3|207|6|1N|S|8|H5
6|18|31|170|160|118|2H|W|8|DT
6|18|279|231|80|229|2N|N|8|HJ
6|18|218|213|274|87|2D|S|10|H8
6|18|193|202|21|186|3D|S|9|H9
6|18|151|199|287|295|2D|S|11|H4
6|18|184|153|110|28|3HX|W|7|D6
6|18|272|200|249|263|2HX|W|8|DT
6|18|7|195|247|149|3N|N|8|HJ
6|18|280|35|144|98|3C|S|7|D4
6|19|303|3|207|6|4H|S|12|D9
6|19|31|170|160|118|3N|S|12|S7
6|19|279|231|80|229|6H|S|12|H6
6|19|218|213|274|87|4H|N|11|S5
6|19|193|202|21|186|5H|N|12|CJ
6|19|151|199|287|295|4N|S|11|D3
6|19|184|153|110|28|4H|N|11|S4
6|19|272|200|249|263|4H|S|12|H7
6|19|7|195|247|149|4H|S|12|D9
6|19|280|35|144|98|4H|S|12|H6
6|2|220|221|207|271|4H|S|8|D6
6|2|31|170|160|118|3N|S|9|S3
6|2|95|231|89|229|5C|N|10|D6
6|2|218|279|274|80|3N|S|9|S3
6|2|199|202|295|186|5C|S|10|C2
6|2|151|107|287|81|5C|N|10|D6
6|2|184|22|110|37|5C|N|10|D2
6|2|272|200|249|263|4H|S|9|DA
6|2|7|195|247|149|5S|N|9|ST
6|2|280|35|144|98|5C|N|11|D4
6|20|303|3|207|6|5SX|S|9|C7
6|20|31|170|160|118|5SX|S|9|C7
6|20|279|231|80|229|5SX|S|10|HA
6|20|218|213|274|87|5H|W|11|S4
6|20|193|202|21|186|5H|W|11|C9
6|20|151|199|287|295|5H|W|10|C9
6|20|184|153|110|28|4SX|S|9|C7
6|20|272|200|249|263|5SX|S|9|C7
6|20|7|195|247|149|5SX|S|9|HA
6|21|303|3|207|6|4S|E|8|DT
6|21|31|170|160|118|4S|E|10|DT
6|21|279|231|80|229|5DX|N|9|C8
6|21|218|213|274|87|4S|E|10|DT
6|21|193|202|21|186|3S|E|7|DT
6|21|151|199|287|295|4S|W|8|DT
6|21|184|153|110|28|3S|E|10|DT
6|21|272|200|249|263|4S|E|7|DT
6|21|7|195|247|149|4S|E|8|H3
6|21|280|35|144|98|4SX|E|8|DT
6|22|303|3|207|6|4H|N|11|S4
6|22|31|170|160|118|4H|N|12|S2
6|22|279|231|80|229|4H|S|12|SK
6|22|218|213|274|87|4H|N|12|S4
6|22|193|202|21|186|6H|N|12|S6
6|22|151|199|287|295|4H|S|12|SK
6|22|184|153|110|28|4H|N|12|S2
6|22|272|200|249|263|4H|N|12|S6
6|22|7|195|247|149|5H|N|12|S6
6|22|280|35|144|98|3S|W|8|D6
6|23|303|3|207|6|3H|N|8|D2
6|23|31|170|160|118|3N|E|9|CK
6|23|279|231|80|229|4H|N|7|D7
6|23|218|213|274|87|3H|N|9|D7
6|23|193|202|21|186|4H|N|10|D7
6|23|151|199|287|295|4HX|N|9|D7
6|23|184|153|110|28|3D|W|8|CJ
6|23|272|200|249|263|3H|N|9|D7
6|23|7|195|247|149|3S|S|9|DK
6|23|280|35|144|98|3D|W|8|CJ
6|24|303|3|207|6|2S|N|8|D3
6|24|31|170|160|118|3C|W|8|SA
6|24|279|231|80|229|3S|N|8|D7
6|24|218|213|274|87|2S|N|8|D7
6|24|193|202|21|186|3S|S|7|C2
6|24|151|199|287|295|3S|N|8|H6
6|24|184|153|110|28|4S|N|8|D7
6|24|272|200|249|263|2S|N|8|D7
6|24|7|195|247|149|3S|N|8|D7
6|24|280|35|144|98|5CX|E|8|S2
6|25|303|3|207|6|4H|E|10|S2
6|25|31|170|160|118|4H|E|10|S5
6|25|279|231|80|229|4H|W|9|SJ
6|25|218|213|274|87|4H|W|10|SJ
6|25|193|202|21|186|4H|W|10|SJ
6|25|151|199|287|295|4H|E|10|S2
6|25|184|153|110|28|4H|W|10|SJ
6|25|272|200|249|263|4H|W|9|SJ
6|25|7|195|247|149|4H|E|10|S2
6|25|280|35|144|98|4H|E|10|D7
6|26|303|3|207|6|2S|W|10|ST
6|26|31|170|160|118|3N|E|9|C2
6|26|279|231|80|229|2S|W|8|C6
6|26|218|213|274|87|2S|W|9|C7
6|26|193|202|21|186|2S|W|8|ST
6|26|151|199|287|295|3N|E|7|C2
6|26|184|153|110|28|3N|E|8|H9
6|26|272|200|249|263|3N|E|9|H9
6|26|7|195|247|149|3N|E|10|D6
6|26|280|35|144|98|3N|E|9|H9
6|27|303|3|207|6|1NX|E|7|H2
6|27|31|170|160|118|1C|E|8|H4
6|27|279|231|80|229|2N|E|7|H4
6|27|218|213|274|87|2D|N|9|HK
6|27|193|202|21|186|2D|N|8|HA
6|27|151|199|287|295|4HX|S|8|CJ
6|27|184|153|110|28|3C|E|8|SA
6|27|272|200|249|263|3D|N|8|HK
6|27|7|195|247|149|3D|N|7|HK
6|27|280|35|144|98|1S|N|7|HK
6|28|303|3|207|6|5C|W|11|S6
6|28|31|170|160|118|5C|E|11|D7
6|28|279|231|80|229|4SX|S|8|C3
6|28|218|213|274|87|5C|W|10|HA
6|28|193|202|21|186|3N|W|10|H5
6|28|151|199|287|295|5C|W|11|S5
6|28|184|153|110|28|4SX|S|9|C3
6|28|272|200|249|263|5CX|W|10|HA
6|28|7|195|247|149|5CX|E|11|SA
6|28|280|35|144|98|3N|W|10|DJ
6|29|303|3|207|6|3S|E|9|DK
6|29|31|170|160|118|2S|E|8|DA
6|29|279|231|80|229|2S|W|9|D5
6|29|218|213|274|87|3S|W|6|D9
6|29|193|202|21|186|2D|S|10|CQ
6|29|151|199|287|295|3S|W|8|D3
6|29|184|153|110|28|2S|W|7|D9
6|29|272|200|249|263|2S|W|6|D3
6|29|7|195|247|149|2S|W|8|D3
6|29|280|35|144|98|4S|W|8|D5
6|3|220|221|207|271|3N|E|12|S9
6|3|31|170|160|118|4N|E|11|C3
6|3|95|231|89|229|3N|W|11|S2
6|3|218|279|274|80|5D|W|10|C4
6|3|199|202|295|186|3N|E|11|C3
6|3|151|107|287|81|5N|E|11|S2
6|3|184|22|110|37|3N|E|10|C3
6|3|272|200|249|263|3N|E|11|C3
6|3|7|195|247|149|3N|W|11|S3
6|3|280|35|144|98|5D|W|11|S3
6|30|303|3|207|6|3D|S|10|D5
6|30|279|231|80|229|3D|S|9|C6
6|30|218|213|274|87|2S|E|5|C7
6|30|193|202|21|186|3D|S|11|SA
6|30|151|199|287|295|3D|S|10|SA
6|30|184|153|110|28|3D|S|10|C6
6|30|272|200|249|263|3N|S|10|S7
6|30|7|195|247|149|1N|E|6|D9
6|30|280|35|144|98|3H|N|9|SQ
6|31|303|3|207|6|2S|N|6|CT
6|31|31|170|160|118|2S|S|5|HQ
6|31|279|231|80|229|2H|E|9|D8
6|31|218|213|274|87|3N|W|8|S4
6|31|193|202|21|186|3N|E|8|C4
6|31|151|199|287|295|2C|S|6|DT
6|31|184|153|110|28|3N|E|9|C4
6|31|272|200|249|263|2N|E|9|C4
6|31|7|195|247|149|3N|E|7|C4
6|31|280|35|144|98|2H|E|10|H2
6|32|303|3|207|6|4S|E|9|D3
6|32|31|170|160|118|4S|W|10|HA
6|32|279|231|80|229|4S|E|9|CT
6|32|218|213|274|87|4S|E|9|D6
6|32|193|202|21|186|4S|W|10|HA
6|32|151|199|287|295|4S|W|9|DJ
6|32|184|153|110|28|4S|E|10|H5
6|32|272|200|249|263|4S|E|8|H7
6|32|7|195|247|149|4S|W|8|HA
6|32|280|35|144|98|4S|E|10|CT
6|4|220|221|207|271|3H|W|9|CK
6|4|31|170|160|118|3H|E|9|H6
6|4|95|231|89|229|3H|W|8|S4
6|4|218|279|274|80|4S|S|9|H6
6|4|199|202|295|186|5HX|W|9|DQ
6|4|151|107|287|81|4H|W|9|S4
6|4|184|22|110|37|3S|N|10|HA
6|4|272|200|249|263|3H|W|8|DQ
6|4|7|195|247|149|4S|S|11|H6
6|4|280|35|144|98|3S|N|10|HA
6|5|220|221|207|271|4H|E|7|D7
6|5|31|170|160|118|4S|W|9|C2
6|5|95|231|89|229|4S|W|9|C2
6|5|218|279|274|80|4S|W|9|C2
6|5|199|202|295|186|4S|W|11|HQ
6|5|151|107|287|81|4S|W|9|C2
6|5|184|22|110|37|4S|W|9|C2
6|5|272|200|249|263|4S|W|9|C2
6|5|7|195|247|149|3N|W|9|HJ
6|5|280|35|144|98|4S|W|9|C2
6|6|220|221|207|271|5SX|N|9|DA
6|6|31|170|160|118|5DX|W|12|SK
6|6|95|231|89|229|3S|S|9|H4
6|6|218|279|274|80|5SX|N|9|C2
6|6|199|202|295|186|4SX|N|9|DA
6|6|151|107|287|81|5DX|E|12|CQ
6|6|184|22|110|37|4S|N|9|DA
6|6|272|200|249|263|5CX|S|5|H4
6|6|7|195|247|149|5SX|N|9|DA
6|6|280|35|144|98|4D|E|12|S2
6|7|220|221|207|271|3C|W|9|D5
6|7|31|170|160|118|1N|W|9|D5
6|7|95|231|89|229|3N|W|9|SQ
6|7|218|279|274|80|2DX|N|8|C5
6|7|199|202|295|186|3N|W|9|SQ
6|7|151|107|287|81|2H|W|8|C9
6|7|184|22|110|37|3N|W|8|SQ
6|7|272|200|249|263|1N|W|9|D5
6|7|7|195|247|149|3N|W|9|D5
6|7|280|35|144|98|3N|W|9|D5
6|8|220|221|207|271|4SX|W|7|H6
6|8|31|170|160|118|2D|E|10|HA
6|8|95|231|89|229|4S|E|8|DA
6|8|218|279|274|80|4S|E|10|CA
6|8|199|202|295|186|2S|W|11|HA
6|8|151|107|287|81|4S|E|10|CA
6|8|184|22|110|37|2S|E|11|HA
6|8|272|200|249|263|3S|E|8|DA
6|8|7|195|247|149|3S|W|8|H4
6|8|280|35|144|98|3C|S|8|HK
6|9|220|221|207|271|3N|E|10|DQ
6|9|31|170|160|118|4S|E|10|H6
6|9|95|231|89|229|4S|E|10|CK
6|9|218|279|274|80|4S|E|10|CK
6|9|199|202|295|186|3N|E|9|H3
6|9|151|107|287|81|4S|W|10|HJ
6|9|184|22|110|37|4S|E|10|H8
6|9|272|200|249|263|4S|E|9|CK
6|9|7|195|247|149|4S|W|9|D4
6|9|280|35|144|98|4S|W|10|C7
7|1|3|213|6|87|4S|N|12|H4
7|1|279|221|80|271|4S|S|12|C2
7|1|218|151|274|287|4S|S|12|C4
7|1|32|127|156|181|4S|N|11|H2
7|1|170|263|118|143|4S|N|11|D4
7|1|184|303|110|26|4S|N|12|D6
7|1|153|35|299|98|4S|N|12|H2
7|1|7|28|247|311|4S|S|12|HT
7|1|280|107|144|81|4S|S|11|H9
7|1|193|195|21|162|4S|N|12|D6
7|10|3|213|6|87|4S|S|9|C7
7|10|279|221|80|271|4S|N|10|CK
7|10|218|151|274|287|4S|N|10|CA
7|10|32|127|156|181|4S|N|10|CK
7|10|170|263|118|143|4S|N|10|CA
7|10|184|303|110|26|3S|S|10|C7
7|10|153|35|299|98|4S|N|9|CK
7|10|7|28|247|311|2S|N|9|CA
7|10|280|107|144|81|4S|S|10|C7
7|10|193|195|21|162|3S|S|9|C7
7|11|3|213|6|87|3H|N|11|S3
7|11|279|221|80|271|4H|S|10|S5
7|11|218|151|274|287|4H|S|10|S3
7|11|32|127|156|181|4H|S|11|S3
7|11|170|263|118|143|3H|S|10|S4
7|11|184|303|110|26|3H|S|11|S2
7|11|153|35|299|98|4H|S|11|S3
7|11|7|28|247|311|3H|S|11|S3
7|11|280|107|144|81|3H|S|10|S3
7|11|193|195|21|162|4H|S|11|SJ
7|12|3|213|6|87|2S|W|9|HA
7|12|279|221|80|271|2S|W|9|CA
7|12|218|151|274|287|2S|W|9|HA
7|12|32|127|156|181|2S|W|9|CA
7|12|170|263|118|143|2S|W|9|HA
7|12|184|303|110|26|2S|W|8|D3
7|12|153|35|299|98|3D|S|5|D4
7|12|7|28|247|311|3C|N|7|C3
7|12|280|107|144|81|2S|W|9|HA
7|12|193|195|21|162|1N|W|9|HA
7|13|3|213|6|87|4S|N|11|D7
7|13|279|221|80|271|5DX|E|10|C4
7|13|218|151|274|287|4H|N|10|DK
7|13|32|127|156|181|5DX|E|10|H2
7|13|170|263|118|143|5H|N|9|D6
7|13|184|303|110|26|5DX|W|10|CA
7|13|153|35|299|98|5S|S|10|D4
7|13|7|28|247|311|4S|S|10|D4
7|13|280|107|144|81|4S|S|10|S8
7|13|193|195|21|162|3S|S|10|D5
7|14|3|213|6|87|5DX|N|11|D9
7|14|279|221|80|271|5S|S|9|C7
7|14|218|151|274|287|5D|N|10|SA
7|14|32|127|156|181|5D|N|11|CK
7|14|170|263|118|143|6D|N|11|CA
7|14|184|303|110|26|4D|N|11|CK
7|14|153|35|299|98|4CX|E|9|H9
7|14|7|28|247|311|5D|N|11|CA
7|14|280|107|144|81|4S|S|9|C6
7|14|193|195|21|162|4C|E|10|D3
7|15|3|213|6|87|4H|N|8|CK
7|15|279|221|80|271|4HX|N|9|CK
7|15|218|151|274|287|4SX|W|7|HA
7|15|32|127|156|181|4H|N|9|CK
7|15|170|263|118|143|4H|N|9|CA
7|15|184|303|110|26|4H|N|8|CK
7|15|153|35|299|98|5SX|W|8|HA
7|15|7|28|247|311|2H|N|8|D8
7|15|280|107|144|81|2H|N|8|CA
7|15|193|195|21|162|2S|W|9|HA
7|16|3|213|6|87|3S|N|7|S2
7|16|279|221|80|271|3C|W|10|SJ
7|16|218|151|274|287|4SX|N|8|CK
7|16|32|127|156|181|3C|W|10|HQ
7|16|170|263|118|143|3D|S|8|SA
7|16|184|303|110|26|3C|W|10|SJ
7|16|153|35|299|98|3S|N|8|CK
7|16|7|28|247|311|3S|N|8|CK
7|16|280|107|144|81|3D|S|8|SA
7|16|193|195|21|162|3C|W|10|SJ
7|17|31|213|160|87|4S|N|10|SJ
7|17|279|221|80|271|3S|N|10|H9
7|17|127|202|181|186|3C|E|7|HJ
7|17|32|231|156|229|3C|E|9|HJ
7|17|207|263|5|143|4H|S|7|C3
7|17|184|303|110|26|4H|W|7|C4
7|17|28|35|311|98|3C|E|7|HJ
7|17|7|272|247|249|3SX|N|10|SJ
7|17|280|107|144|81|4H|W|8|C4
7|17|199|195|295|162|3S|N|10|H6
7|18|31|213|160|87|6H|E|12|SA
7|18|279|221|80|271|6H|E|12|C3
7|18|127|202|181|186|6H|E|12|SA
7|18|32|231|156|229|6H|E|12|C3
7|18|207|263|5|143|6H|E|12|SA
7|18|184|303|110|26|6H|E|12|SA
7|18|28|35|311|98|6H|E|12|SA
7|18|7|272|247|249|6H|W|12|CQ
7|18|280|107|144|81|6N|W|12|DJ
7|18|199|195|295|162|3N|W|12|DJ
7|19|31|213|160|87|3H|S|9|C5
7|19|279|221|80|271|4S|W|6|H3
7|19|127|202|181|186|4H|S|10|H6
7|19|32|231|156|229|4S|W|5|H3
7|19|207|263|5|143|3H|S|11|H6
7|19|184|303|110|26|3H|S|10|DT
7|19|28|35|311|98|4HX|S|9|DT
7|19|7|272|247|249|3H|S|9|C2
7|19|280|107|144|81|3H|S|12|H6
7|19|199|195|295|162|2H|N|9|D2
7|2|3|213|6|87|4S|W|10|C3
7|2|279|221|80|271|3S|W|10|C3
7|2|218|151|274|287|4S|W|10|D6
7|2|32|127|156|181|2S|W|10|C3
7|2|170|263|118|143|5SX|W|10|H2
7|2|184|303|110|26|2S|E|10|C3
7|2|153|35|299|98|2S|W|10|D2
7|2|7|28|247|311|4S|W|10|D2
7|2|280|107|144|81|4S|W|10|D6
7|2|193|195|21|162|2S|E|10|S5
7|20|31|213|160|87|3S|W|7|CQ
7|20|279|221|80|271|4H|E|10|DA
7|20|127|202|181|186|4H|E|10|S7
7|20|32|231|156|229|4S|W|8|H5
7|20|207|263|5|143|4HX|E|8|CT
7|20|184|303|110|26|4H|E|10|H2
7|20|28|35|311|98|3H|E|8|S6
7|20|7|272|247|249|4S|W|8|H5
7|20|280|107|144|81|4S|W|8|CQ
7|20|199|195|295|162|4H|E|8|S7
7|21|31|213|160|87|5D|S|8|SK
7|21|279|221|80|271|4C|S|10|SK
7|21|127|202|181|186|5D|S|8|SA
7|21|32|231|156|229|3N|E|8|DA
7|21|207|263|5|143|4S|W|8|D5
7|21|184|303|110|26|3S|W|9|D5
7|21|28|35|311|98|4S|W|10|D5
7|21|7|272|247|249|2S|W|10|D5
7|21|280|107|144|81|2S|W|10|D5
7|21|199|195|295|162|2S|W|10|D5
7|22|31|213|160|87|1N|S|6|D5
7|22|279|221|80|271|2S|S|6|S3
7|22|127|202|181|186|1N|S|5|DA
7|22|32|231|156|229|1N|S|7|D5
7|22|207|263|5|143|1N|S|6|D5
7|22|184|303|110|26|2D|W|8|C3
7|22|28|35|311|98|2H|E|8|C5
7|22|7|272|247|249|1N|E|9|C6
7|22|280|107|144|81|2S|S|5|S3
7|22|199|195|295|162|2N|W|8|S4
7|23|31|213|160|87|5DX|E|8|HK
7|23|279|221|80|271|4S|N|11|C5
7|23|127|202|181|186|4S|N|8|D4
7|23|32|231|156|229|4S|N|11|C3
7|23|207|263|5|143|2DX|E|9|HK
7|23|184|303|110|26|4H|S|8|ST
7|23|28|35|311|98|2S|N|11|C3
7|23|7|272|247|249|2S|N|9|D4
7|23|280|107|144|81|4S|N|11|C5
7|23|199|195|295|162|4H|N|10|HA
7|24|31|213|160|87|4H|E|9|D6
7|24|279|221|80|271|4H|W|9|D7
7|24|127|202|181|186|4H|W|9|D5
7|24|32|231|156|229|3H|W|10|D3
7|24|207|263|5|143|2H|E|9|CJ
7|24|184|303|110|26|4H|E|9|D4
7|24|28|35|311|98|4H|E|9|D5
7|24|7|272|247|249|4H|E|9|D6
7|24|280|107|144|81|4H|E|9|C8
7|24|199|195|295|162|4S|N|5|H5
7|25|31|213|160|87|3N|E|10|H4
7|25|279|221|80|271|2SX|N|3|DA
7|25|127|202|181|186|3N|E|9|C4
7|25|32|231|156|229|3N|E|9|C4
7|25|207|263|5|143|3N|E|10|H3
7|25|184|303|110|26|3N|E|9|C2
7|25|28|35|311|98|3N|E|10|H8
7|25|7|272|247|249|1NX|N|4|C3
7|25|280|107|144|81|3N|E|9|H4
7|25|199|195|295|162|3N|E|9|DJ
7|26|31|213|160|87|4S|E|10|HJ
7|26|279|221|80|271|4S|E|10|HJ
7|26|127|202|181|186|4S|E|10|D4
7|26|32|231|156|229|4S|E|10|S7
7|26|207|263|5|143|4S|E|11|D7
7|26|184|303|110|26|4S|E|10|HJ
7|26|28|35|311|98|4S|E|10|D6
7|26|7|272|247|249|4S|E|10|D6
7|26|280|107|144|81|4S|E|10|HJ
7|26|199|195|295|162|4S|E|10|C7
7|27|31|213|160|87|4H|W|10|C7
7|27|279|221|80|271|3H|W|10|C5
7|27|127|202|181|186|4H|W|10|C7
7|27|32|231|156|229|3H|W|10|C7
7|27|207|263|5|143|5DX|N|8|H2
7|27|184|303|110|26|4DX|N|7|H7
7|27|28|35|311|98|4H|W|10|DA
7|27|7|272|247|249|3H|W|10|DA
7|27|280|107|144|81|4H|W|10|C7
7|27|199|195|295|162|4H|W|10|C7
7|28|31|213|160|87|1N|E|9|H3
7|28|279|221|80|271|2S|N|5|HJ
7|28|127|202|181|186|2S|N|7|D4
7|28|32|231|156|229|2S|S|6|DQ
7|28|207|263|5|143|2D|E|7|SJ
7|28|184|303|110|26|2S|N|6|C5
7|28|28|35|311|98|3D|E|8|SJ
7|28|7|272|247|249|2N|S|5|C5
7|28|280|107|144|81|3N|W|9|H7
7|28|199|195|295|162|3H|N|6|C4
7|29|31|213|160|87|2D|E|11|CA
7|29|279|221|80|271|5D|E|11|CA
7|29|127|202|181|186|2D|E|11|DT
7|29|32|231|156|229|2D|E|11|CA
7|29|207|263|5|143|2D|E|11|CA
7|29|184|303|110|26|2D|E|12|CK
7|29|28|35|311|98|2D|E|11|CK
7|29|7|272|247|249|3N|W|9|C5
7|29|280|107|144|81|3D|E|11|CA
7|29|199|195|295|162|2D|E|12|CA
7|3|3|213|6|87|2H|W|9|DA
7|3|279|221|80|271|3C|S|8|D7
7|3|218|151|274|287|3H|W|8|C2
7|3|32|127|156|181|2H|W|9|D4
7|3|170|263|118|143|3H|W|8|C6
7|3|184|303|110|26|2H|E|9|DA
7|3|153|35|299|98|2H|W|9|D6
7|3|7|28|247|311|2H|W|8|C6
7|3|280|107|144|81|3C|S|8|CJ
7|3|193|195|21|162|2H|E|8|C9
7|30|31|213|160|87|2H|E|7|CK
7|30|279|221|80|271|4S|E|10|CK
7|30|127|202|181|186|2H|E|7|CK
7|30|32|231|156|229|3S|W|10|D5
7|30|207|263|5|143|3S|W|10|H7
7|30|184|303|110|26|4S|W|10|H7
7|30|28|35|311|98|4S|W|12|H8
7|30|7|272|247|249|4S|W|12|H8
7|30|280|107|144|81|3H|E|9|CK
7|30|199|195|295|162|4S|W|10|H8
7|31|31|213|160|87|3C|N|7|SK
7|31|279|221|80|271|4CX|N|8|DK
7|31|127|202|181|186|4S|E|9|C3
7|31|32|231|156|229|4S|E|10|HA
7|31|207|263|5|143|3H|W|8|CK
7|31|184|303|110|26|4H|W|8|CK
7|31|28|35|311|98|4S|E|10|C3
7|31|7|272|247|249|3CX|N|8|DA
7|31|280|107|144|81|4S|E|8|C3
7|31|199|195|295|162|4S|E|8|HA
7|32|31|213|160|87|4H|E|13|SK
7|32|279|221|80|271|5CX|N|8|HA
7|32|127|202|181|186|4H|E|10|SK
7|32|32|231|156|229|4H|E|13|SK
7|32|207|263|5|143|4H|W|10|SK
7|32|184|303|110|26|4H|E|10|SK
7|32|28|35|311|98|4SX|S|7|DK
7|32|7|272|247|249|4H|E|11|SK
7|32|280|107|144|81|4SX|S|6|H7
7|32|199|195|295|162|4H|E|10|SK
7|4|3|213|6|87|4S|N|10|H4
7|4|279|221|80|271|4S|S|10|S7
7|4|218|151|274|287|3S|N|10|H4
7|4|32|127|156|181|4S|N|10|H4
7|4|170|263|118|143|4S|S|10|HA
7|4|184|303|110|26|4S|N|9|D5
7|4|153|35|299|98|2S|N|10|D5
7|4|7|28|247|311|4S|N|8|D5
7|4|280|107|144|81|4S|N|10|H4
7|4|193|195|21|162|4S|N|10|D2
7|5|3|213|6|87|1N|N|8|CQ
7|5|279|221|80|271|2N|N|7|CQ
7|5|218|151|274|287|3H|S|7|CK
7|5|32|127|156|181|1N|N|7|CQ
7|5|170|263|118|143|2N|N|8|CQ
7|5|184|303|110|26|1N|N|7|C9
7|5|153|35|299|98|2DX|W|6|CA
7|5|7|28|247|311|2DX|W|6|HA
7|5|280|107|144|81|3CX|E|8|SK
7|5|193|195|21|162|1N|N|7|CQ
7|6|3|213|6|87|6C|S|12|DA
7|6|279|221|80|271|3N|S|6|DT
7|6|218|151|274|287|3N|S|6|D9
7|6|32|127|156|181|5C|S|12|DA
7|6|170|263|118|143|4HX|S|8|DA
7|6|184|303|110|26|4S|N|11|C6
7|6|153|35|299|98|6C|S|12|DA
7|6|7|28|247|311|6C|S|12|ST
7|6|280|107|144|81|5C|S|12|HQ
7|6|193|195|21|162|4S|S|11|C7
7|7|3|213|6|87|4H|S|12|DJ
7|7|279|221|80|271|6H|S|12|DJ
7|7|218|151|274|287|6C|S|12|DJ
7|7|32|127|156|181|6H|S|12|DJ
7|7|170|263|118|143|7C|S|12|DJ
7|7|184|303|110|26|7H|N|12|H3
7|7|153|35|299|98|6NX|N|8|DK
7|7|7|28|247|311|4H|S|12|DJ
7|7|280|107|144|81|6H|S|12|DJ
7|7|193|195|21|162|4H|N|12|DA
7|8|3|213|6|87|3N|E|11|S3
7|8|279|221|80|271|3N|E|10|S3
7|8|218|151|274|287|3N|W|11|S7
7|8|32|127|156|181|3N|W|10|S4
7|8|170|263|118|143|3N|W|11|S6
7|8|184|303|110|26|3N|E|10|S7
7|8|153|35|299|98|3N|E|11|H5
7|8|7|28|247|311|3N|E|10|S7
7|8|280|107|144|81|3N|E|10|S7
7|8|193|195|21|162|3N|W|12|S2
7|9|3|213|6|87|4H|N|8|SK
7|9|279|221|80|271|4H|N|8|SK
7|9|218|151|274|287|5S|E|10|CA
7|9|32|127|156|181|4H|N|8|SK
7|9|170|263|118|143|4H|N|8|SK
7|9|184|303|110|26|4H|N|8|SK
7|9|153|35|299|98|4H|N|8|SK
7|9|7|28|247|311|4S|E|10|CK
7|9|280|107|144|81|5S|W|9|HK
7|9|193|195|21|162|4H|N|8|SK
8|1|151|31|287|160|6S|S|11|CJ
8|1|3|202|6|186|5S|S|11|CJ
8|1|193|218|21|274|6S|S|10|D5
8|1|127|199|181|295|5S|S|10|D6
8|1|184|213|110|87|6H|N|12|SK
8|1|279|263|80|12|6H|N|10|H2
8|1|7|170|247|118|4H|N|12|SK
8|1|207|35|5|98|5S|S|8|D2
8|1|280|153|144|299|5S|S|11|H5
8|1|272|195|249|162|6S|S|11|CJ
8|10|151|31|287|160|3H|N|9|S5
8|10|3|202|6|186|2H|N|8|D6
8|10|193|218|21|274|1N|W|7|SA
8|10|127|199|181|295|2H|N|9|D6
8|10|184|213|110|87|3H|S|9|D6
8|10|279|263|80|12|2H|N|7|D5
8|10|7|170|247|118|2H|S|9|D6
8|10|207|35|5|98|2H|N|8|S2
8|10|280|153|144|299|3H|N|9|S6
8|10|272|195|249|162|2H|N|8|S5
8|11|151|31|287|160|2S|N|9|DA
8|11|3|202|6|186|4H|S|6|DQ
8|11|193|218|21|274|2H|S|6|DQ
8|11|127|199|181|295|4SX|N|9|CJ
8|11|184|213|110|87|2S|N|9|CJ
8|11|279|263|80|12|4S|N|8|CJ
8|11|7|170|247|118|4S|N|9|CJ
8|11|207|35|5|98|4S|N|9|DA
8|11|280|153|144|299|3S|N|8|CJ
8|11|272|195|249|162|3S|N|8|D3
8|12|151|31|287|160|3D|E|7|H5
8|12|3|202|6|186|4S|S|10|C5
8|12|193|218|21|274|3D|E|7|SJ
8|12|127|199|181|295|3S|N|9|CA
8|12|184|213|110|87|3S|N|10|D5
8|12|279|263|80|12|4S|N|10|D5
8|12|7|170|247|118|4S|N|10|CA
8|12|207|35|5|98|3S|N|11|D2
8|12|280|153|144|299|3D|W|7|HA
8|12|272|195|249|162|4S|N|11|D5
8|13|151|31|287|160|4H|N|11|D4
8|13|3|202|6|186|4H|S|10|SQ
8|13|193|218|21|274|3H|S|10|S5
8|13|127|199|181|295|4H|S|10|C9
8|13|184|213|110|87|4H|N|9|D4
8|13|279|263|80|12|4H|N|10|D4
8|13|7|170|247|118|4H|N|10|D4
8|13|207|35|5|98|4H|N|11|D2
8|13|280|153|144|299|4H|N|10|D4
8|13|272|195|249|162|4H|S|10|SQ
8|14|151|31|287|160|1N|S|6|C4
8|14|3|202|6|186|2H|E|7|D5
8|14|193|218|21|274|1N|W|6|D8
8|14|127|199|181|295|3DX|N|7|H6
8|14|184|213|110|87|2H|E|7|D5
8|14|279|263|80|12|3C|N|7|S2
8|14|7|170|247|118|1N|E|8|H5
8|14|207|35|5|98|3S|N|8|H6
8|14|280|153|144|299|2S|N|7|S3
8|14|272|195|249|162|1N|W|7|D8
8|15|151|31|287|160|4S|E|11|D4
8|15|3|202|6|186|4S|E|11|D2
8|15|193|218|21|274|4S|E|12|D4
8|15|127|199|181|295|6S|E|11|D4
8|15|184|213|110|87|4S|W|11|H8
8|15|279|263|80|12|4S|E|11|D2
8|15|7|170|247|118|4S|E|12|D4
8|15|207|35|5|98|4S|E|11|DK
8|15|280|153|144|299|4S|E|11|ST
8|15|272|195|249|162|5DX|N|7|CA
8|16|151|31|287|160|3S|E|10|SQ
8|16|3|202|6|186|4S|E|10|SQ
8|16|193|218|21|274|4S|E|11|C7
8|16|127|199|181|295|3S|E|9|D6
8|16|184|213|110|87|3S|E|11|DT
8|16|279|263|80|12|3S|E|10|DT
8|16|7|170|247|118|3S|E|10|D3
8|16|207|35|5|98|3S|W|9|SQ
8|16|280|153|144|299|3S|E|10|C3
8|16|272|195|249|162|2S|E|10|D9
8|17|32|221|156|271|2H|W|8|C2
8|17|3|202|6|186|3N|N|5|H6
8|17|193|218|21|274|3H|W|7|S2
8|17|231|107|229|81|3H|W|7|S2
8|17|184|213|110|87|2N|N|10|H6
8|17|279|263|80|12|3N|N|10|H6
8|17|7|170|247|118|3N|N|10|HA
8|17|303|35|26|98|3H|W|8|C2
8|17|280|153|144|299|1N|S|10|H5
8|17|28|195|311|162|4D|S|11|H5
8|18|32|221|156|271|4H|E|10|SK
8|18|3|202|6|186|4H|E|10|CT
8|18|193|218|21|274|3N|W|11|C4
8|18|231|107|229|81|3N|E|9|SK
8|18|184|213|110|87|6C|W|9|S8
8|18|279|263|80|12|3N|E|9|SK
8|18|7|170|247|118|3N|E|10|HQ
8|18|303|35|26|98|6C|E|9|SK
8|18|280|153|144|299|5CX|W|9|S9
8|18|28|195|311|162|3N|E|10|SK
8|19|32|221|156|271|3N|W|7|SK
8|19|3|202|6|186|3N|W|7|SK
8|19|193|218|21|274|3N|W|7|SK
8|19|231|107|229|81|3NX|W|8|SQ
8|19|184|213|110|87|2N|W|8|DJ
8|19|279|263|80|12|4S|W|7|DJ
8|19|7|170|247|118|1NX|N|6|DK
8|19|303|35|26|98|3N|W|7|SQ
8|19|280|153|144|299|3N|E|7|SJ
8|19|28|195|311|162|3N|W|8|SQ
8|2|151|31|287|160|2H|S|8|D9
8|2|3|202|6|186|3S|E|8|CA
8|2|193|218|21|274|1N|E|6|HT
8|2|127|199|181|295|2S|W|8|CK
8|2|184|213|110|87|3SX|E|8|DQ
8|2|279|263|80|12|4SX|E|7|DQ
8|2|7|170|247|118|1N|E|6|HT
8|2|207|35|5|98|3S|W|6|SJ
8|2|280|153|144|299|4S|W|8|CA
8|2|272|195|249|162|4H|S|8|D2
8|20|32|221|156|271|4H|S|7|D5
8|20|3|202|6|186|2SX|W|6|H8
8|20|193|218|21|274|4H|N|9|S8
8|20|231|107|229|81|4H|S|7|D7
8|20|184|213|110|87|2H|S|7|D5
8|20|279|263|80|12|4H|N|7|H4
8|20|7|170|247|118|4H|S|7|D7
8|20|303|35|26|98|2SX|E|7|CJ
8|20|280|153|144|299|3H|S|8|S3
8|20|28|195|311|162|4HX|N|11|C3
8|21|32|221|156|271|4H|W|10|DQ
8|21|3|202|6|186|4H|W|10|H5
8|21|193|218|21|274|3H|W|10|ST
8|21|231|107|229|81|4H|W|10|ST
8|21|184|213|110|87|3H|W|10|ST
8|21|279|263|80|12|4H|W|10|ST
8|21|7|170|247|118|4H|W|10|DQ
8|21|303|35|26|98|4H|W|10|DQ
8|21|280|153|144|299|4H|W|10|DQ
8|21|28|195|311|162|4H|E|9|DQ
8|22|32|221|156|271|3H|N|8|CK
8|22|3|202|6|186|1N|E|6|HJ
8|22|193|218|21|274|2N|E|8|ST
8|22|231|107|229|81|3H|S|9|C3
8|22|184|213|110|87|2N|E|8|H6
8|22|279|263|80|12|1N|E|7|HJ
8|22|7|170|247|118|3N|E|6|H6
8|22|303|35|26|98|3N|E|6|H5
8|22|280|153|144|299|3N|E|9|ST
8|22|28|195|311|162|1NX|E|6|HT
8|23|32|221|156|271|3N|W|10|DT
8|23|3|202|6|186|3N|W|10|DA
8|23|193|218|21|274|3N|W|10|D9
8|23|231|107|229|81|3N|W|10|D9
8|23|184|213|110|87|3N|W|9|H9
8|23|279|263|80|12|3N|W|10|DT
8|23|7|170|247|118|3N|W|10|D9
8|23|303|35|26|98|3N|W|10|DT
8|23|280|153|144|299|3N|W|10|DT
8|23|28|195|311|162|3N|W|10|DA
8|24|32|221|156|271|4H|W|12|SK
8|24|3|202|6|186|4N|W|11|SK
8|24|193|218|21|274|4H|E|12|CT
8|24|231|107|229|81|4H|E|12|CT
8|24|184|213|110|87|4H|E|12|CT
8|24|279|263|80|12|4H|E|12|S8
8|24|7|170|247|118|4H|W|12|SK
8|24|303|35|26|98|4H|E|12|CT
8|24|280|153|144|299|5H|E|12|S5
8|24|28|195|311|162|5H|W|12|SK
8|25|32|221|156|271|3H|E|6|HK
8|25|3|202|6|186|2S|W|10|DQ
8|25|193|218|21|274|3D|S|8|D2
8|25|231|107|229|81|4S|W|8|CQ
8|25|184|213|110|87|3HX|E|9|CA
8|25|279|263|80|12|3S|W|10|DQ
8|25|7|170|247|118|4SX|W|8|CQ
8|25|303|35|26|98|4HX|E|9|D3
8|25|280|153|144|299|4H|E|9|D6
8|25|28|195|311|162|3S|W|9|CQ
8|26|32|221|156|271|4H|W|12|C2
8|26|3|202|6|186|4H|E|11|H5
8|26|193|218|21|274|4H|W|11|H4
8|26|231|107|229|81|4H|W|12|C3
8|26|184|213|110|87|4H|W|10|D2
8|26|279|263|80|12|4H|W|12|C2
8|26|7|170|247|118|4H|W|12|C3
8|26|303|35|26|98|4H|W|10|D2
8|26|280|153|144|299|4H|W|11|D2
8|26|28|195|311|162|4H|W|12|H6
8|27|32|221|156|271|3N|N|9|C4
8|27|3|202|6|186|2C|S|7|C6
8|27|193|218|21|274|3N|N|7|C4
8|27|231|107|229|81|3N|N|7|C4
8|27|184|213|110|87|3N|S|9|DT
8|27|279|263|80|12|3N|S|8|S6
8|27|7|170|247|118|3N|S|9|S6
8|27|303|35|26|98|3N|N|8|ST
8|27|280|153|144|299|3N|N|7|C4
8|27|28|195|311|162|3N|N|8|C4
8|28|32|221|156|271|2S|N|9|C7
8|28|3|202|6|186|4H|E|9|DA
8|28|193|218|21|274|3H|E|9|DA
8|28|231|107|229|81|5HX|E|9|DA
8|28|184|213|110|87|3S|N|8|C7
8|28|279|263|80|12|3H|E|9|DA
8|28|7|170|247|118|3H|W|9|S3
8|28|303|35|26|98|4H|E|8|DK
8|28|280|153|144|299|4H|E|9|DA
8|28|28|195|311|162|5CX|W|9|S3
8|29|32|221|156|271|2S|W|7|DK
8|29|3|202|6|186|3C|S|7|H9
8|29|193|218|21|274|3C|N|8|HK
8|29|231|107|229|81|1N|N|6|HK
8|29|184|213|110|87|1N|N|5|HK
8|29|279|263|80|12|3C|N|9|HK
8|29|7|170|247|118|2S|W|6|DK
8|29|303|35|26|98|1N|N|6|HK
8|29|280|153|144|299|2S|W|7|DK
8|29|28|195|311|162|1N|N|7|HK
8|3|151|31|287|160|1N|N|6|S3
8|3|3|202|6|186|1N|N|6|S3
8|3|193|218|21|274|1N|N|5|S3
8|3|127|199|181|295|1N|S|6|DJ
8|3|184|213|110|87|1N|N|5|S6
8|3|279|263|80|12|1N|S|7|DJ
8|3|7|170|247|118|1NX|S|8|D4
8|3|207|35|5|98|1N|S|6|DJ
8|3|280|153|144|299|2S|E|9|CA
8|3|272|195|249|162|2D|E|7|CA
8|30|32|221|156|271|2S|E|10|H7
8|30|3|202|6|186|1N|W|9|D5
8|30|193|218|21|274|3N|W|9|CQ
8|30|231|107|229|81|3C|W|11|HK
8|30|184|213|110|87|3C|W|12|S8
8|30|279|263|80|12|4S|E|10|DT
8|30|7|170|247|118|3N|W|8|H2
8|30|303|35|26|98|3C|E|11|C4
8|30|280|153|144|299|3C|W|12|HK
8|30|28|195|311|162|1N|W|11|D5
8|31|32|221|156|271|5D|N|11|SQ
8|31|3|202|6|186|3N|N|11|S7
8|31|193|218|21|274|6D|N|11|SQ
8|31|231|107|229|81|4SX|E|8|CK
8|31|184|213|110|87|3N|N|11|S7
8|31|279|263|80|12|6D|N|11|SQ
8|31|7|170|247|118|3N|N|11|S8
8|31|303|35|26|98|4SX|E|9|CK
8|31|280|153|144|299|4SX|E|8|CK
8|31|28|195|311|162|3N|N|11|SQ
8|32|32|221|156|271|5CX|E|8|HA
8|32|3|202|6|186|5NX|E|8|DK
8|32|193|218|21|274|3S|N|8|CA
8|32|231|107|229|81|4DX|W|6|CJ
8|32|184|213|110|87|4S|N|8|CK
8|32|279|263|80|12|3S|N|8|CA
8|32|7|170|247|118|5CX|E|8|HK
8|32|303|35|26|98|3S|N|8|CK
8|32|280|153|144|299|3N|E|8|DK
8|32|28|195|311|162|3S|N|8|CA
8|4|151|31|287|160|1NX|E|7|H3
8|4|3|202|6|186|4S|S|9|DT
8|4|193|218|21|274|2N|E|6|H4
8|4|127|199|181|295|4S|S|9|DT
8|4|184|213|110|87|4S|S|8|DT
8|4|279|263|80|12|5CX|N|10|HK
8|4|7|170|247|118|3C|N|10|HK
8|4|207|35|5|98|3C|N|9|HQ
8|4|280|153|144|299|3S|N|9|HK
8|4|272|195|249|162|4S|S|9|H3
8|5|151|31|287|160|4SX|N|8|HA
8|5|3|202|6|186|4C|E|10|S2
8|5|193|218|21|274|5C|W|10|H4
8|5|127|199|181|295|3S|N|9|C4
8|5|184|213|110|87|4C|E|9|SA
8|5|279|263|80|12|4C|W|9|ST
8|5|7|170|247|118|4C|W|9|S9
8|5|280|153|144|299|5C|W|10|S7
8|5|272|195|249|162|3S|N|8|C3
8|6|151|31|287|160|5S|E|12|D6
8|6|3|202|6|186|4S|E|12|DA
8|6|193|218|21|274|4S|W|12|CJ
8|6|127|199|181|295|4S|W|11|CJ
8|6|184|213|110|87|4S|W|12|CJ
8|6|279|263|80|12|4S|W|12|CJ
8|6|7|170|247|118|4S|E|10|C5
8|6|207|35|5|98|6S|W|12|D2
8|6|280|153|144|299|5DX|S|9|SA
8|6|272|195|249|162|5S|W|12|D6
8|7|151|31|287|160|1N|S|8|H8
8|7|3|202|6|186|1N|S|7|H8
8|7|193|218|21|274|1N|E|7|SQ
8|7|127|199|181|295|1N|E|7|SQ
8|7|184|213|110|87|1N|W|9|S3
8|7|279|263|80|12|3D|S|8|D7
8|7|7|170|247|118|1N|S|9|H2
8|7|207|35|5|98|1N|S|6|H2
8|7|280|153|144|299|1N|W|6|C4
8|7|272|195|249|162|1N|W|7|S3
8|8|151|31|287|160|3N|N|6|D5
8|8|3|202|6|186|3N|N|6|D5
8|8|193|218|21|274|3N|N|7|D5
8|8|127|199|181|295|1N|N|9|S6
8|8|184|213|110|87|3N|N|6|D5
8|8|279|263|80|12|3N|S|7|D3
8|8|7|170|247|118|3N|N|6|DQ
8|8|207|35|5|98|3N|N|7|D2
8|8|280|153|144|299|1N|N|7|D5
8|8|272|195|249|162|3N|N|7|DQ
8|9|151|31|287|160|1N|N|6|DA
8|9|3|202|6|186|1N|N|6|DA
8|9|193|218|21|274|1N|N|6|DA
8|9|127|199|181|295|2H|N|8|DA
8|9|184|213|110|87|2H|N|9|DK
8|9|279|263|80|12|4H|S|10|D9
8|9|7|170|247|118|2H|S|9|H2
8|9|207|35|5|98|3H|S|9|D2
8|9|280|153|144|299|3H|N|7|DA
8|9|272|195|249|162|3S|S|9|D9
9|1|31|231|160|229|1N|E|8|D3
9|1|127|221|181|271|3N|W|7|ST
9|1|32|263|156|12|2S|S|8|D5
9|1|184|151|110|287|4H|W|9|H6
9|1|213|35|87|98|2H|E|8|SK
9|1|7|279|247|80|1N|W|8|ST
9|1|28|107|311|81|3N|E|8|S3
9|1|199|272|295|249|3N|W|7|ST
9|10|31|231|160|229|4H|E|9|H8
9|10|127|221|181|271|4H|E|10|DK
9|10|32|263|156|12|4H|E|10|DK
9|10|184|151|110|287|4H|W|9|H7
9|10|213|35|87|98|4H|E|9|H8
9|10|7|279|247|80|4H|E|10|H8
9|10|28|107|311|81|4H|E|10|S6
9|10|199|272|295|249|4SX|N|8|HA
9|11|31|231|160|229|2H|N|7|C2
9|11|127|221|181|271|2C|N|5|C7
9|11|32|263|156|12|2H|N|5|DA
9|11|184|151|110|287|2S|E|6|D6
9|11|213|35|87|98|2H|N|6|C6
9|11|7|279|247|80|3D|S|8|C8
9|11|28|107|311|81|2S|W|8|D6
9|11|199|272|295|249|2H|N|7|D2
9|12|31|231|160|229|4H|E|11|S4
9|12|127|221|181|271|6DX|E|10|S4
9|12|32|263|156|12|4SX|N|8|HA
9|12|184|151|110|287|4H|W|11|S4
9|12|213|35|87|98|4H|E|9|S4
9|12|7|279|247|80|5H|E|10|H8
9|12|28|107|311|81|4H|E|11|S5
9|12|199|272|295|249|4H|E|11|HQ
9|13|31|231|160|229|4H|W|11|S4
9|13|127|221|181|271|6H|E|11|S8
9|13|32|263|156|12|4H|W|11|S4
9|13|184|151|110|287|4H|W|11|S3
9|13|213|35|87|98|4H|W|11|S4
9|13|7|279|247|80|4H|E|11|S8
9|13|28|107|311|81|4H|W|11|S4
9|13|199|272|295|249|4H|E|10|S8
9|14|31|231|160|229|3N|S|7|CT
9|14|127|221|181|271|2S|S|8|H6
9|14|32|263|156|12|4S|S|9|H6
9|14|184|151|110|287|4S|S|6|H9
9|14|213|35|87|98|2S|S|11|D7
9|14|7|279|247|80|3N|S|7|HT
9|14|28|107|311|81|4SX|S|10|HT
9|14|199|272|295|249|4HX|W|8|C4
9|15|31|231|160|229|2D|S|7|C6
9|15|127|221|181|271|1N|E|7|DJ
9|15|32|263|156|12|3C|E|9|S3
9|15|184|151|110|287|2S|N|6|H3
9|15|213|35|87|98|2S|N|7|C9
9|15|7|279|247|80|4SX|N|8|CT
9|15|28|107|311|81|2C|E|8|S3
9|15|199|272|295|249|2H|N|7|C9
9|16|31|231|160|229|4H|S|10|SK
9|16|127|221|181|271|4H|S|12|SK
9|16|32|263|156|12|5HX|S|10|SK
9|16|184|151|110|287|4H|S|10|SK
9|16|213|35|87|98|5HX|S|11|SK
9|16|7|279|247|80|5HX|S|10|SK
9|16|28|107|311|81|4H|S|10|SK
9|16|199|272|295|249|4H|S|10|SK
9|17|31|231|160|229|3N|W|5|C3
9|17|218|3|274|6|3D|E|10|C6
9|17|151|263|287|12|3N|W|6|C8
9|17|184|202|110|186|4S|W|9|DA
9|17|213|35|87|98|4S|W|10|HQ
9|17|7|279|247|80|3D|W|10|C3
9|17|272|199|249|295|4S|W|10|HQ
9|17|193|153|21|299|3N|W|4|C8
9|18|31|231|160|229|4S|N|9|D5
9|18|218|3|274|6|3S|S|9|DK
9|18|151|263|287|12|3S|S|9|DA
9|18|184|202|110|186|3D|W|7|SQ
9|18|213|35|87|98|1S|S|9|DK
9|18|7|279|247|80|3S|S|9|DA
9|18|272|199|249|295|3S|S|9|DA
9|18|193|153|21|299|4DX|W|7|SQ
9|19|31|231|160|229|3N|E|7|H4
9|19|218|3|274|6|5DX|N|8|CK
9|19|151|263|287|12|4S|W|8|DK
9|19|184|202|110|186|4S|W|8|DK
9|19|213|35|87|98|4S|W|9|DK
9|19|7|279|247|80|4S|E|10|CA
9|19|272|199|249|295|2S|W|9|DK
9|19|193|153|21|299|5DX|S|8|SK
9|2|31|231|160|229|3N|W|12|HJ
9|2|127|221|181|271|4N|W|10|HJ
9|2|32|263|156|12|4N|W|11|HJ
9|2|184|151|110|287|3N|E|12|H6
9|2|213|35|87|98|6N|W|11|HJ
9|2|7|279|247|80|3N|W|11|HJ
9|2|28|107|311|81|3N|W|11|HJ
9|2|199|272|295|249|3N|W|12|HJ
9|20|31|231|160|229|3N|S|9|S5
9|20|218|3|274|6|3N|N|11|H5
9|20|151|263|287|12|3N|N|10|C5
9|20|184|202|110|186|3N|N|11|S8
9|20|213|35|87|98|3N|N|11|H5
9|20|7|279|247|80|3N|N|11|C5
9|20|272|199|249|295|2D|N|11|S2
9|20|193|153|21|299|3N|N|9|C5
9|21|31|231|160|229|4H|W|10|CA
9|21|218|3|274|6|4HXX|W|10|CA
9|21|151|263|287|12|4H|W|10|CK
9|21|184|202|110|186|4HX|W|10|CK
9|21|213|35|87|98|4HX|E|10|DQ
9|21|7|279|247|80|4H|E|10|CK
9|21|272|199|249|295|4H|W|10|DA
9|21|193|153|21|299|4HX|E|10|DQ
9|22|31|231|160|229|4S|S|9|CQ
9|22|218|3|274|6|4S|S|9|CQ
9|22|151|263|287|12|4S|S|9|CQ
9|22|184|202|110|186|3S|S|9|CQ
9|22|213|35|87|98|4S|S|8|CQ
9|22|7|279|247|80|4S|S|9|CQ
9|22|272|199|249|295|4S|S|9|CQ
9|22|193|153|21|299|4S|N|9|C9
9|23|31|231|160|229|3N|W|10|S3
9|23|218|3|274|6|3N|W|10|S6
9|23|151|263|287|12|3N|W|10|S2
9|23|184|202|110|186|6N|W|11|CK
9|23|213|35|87|98|3N|W|11|S6
9|23|7|279|247|80|3N|W|10|S3
9|23|272|199|249|295|3N|W|10|S6
9|23|193|153|21|299|2SX|N|5|SQ
9|24|31|231|160|229|1N|N|7|DJ
9|24|218|3|274|6|3S|S|7|S2
9|24|151|263|287|12|1N|N|8|H4
9|24|184|202|110|186|3H|W|11|D2
9|24|213|35|87|98|3S|S|7|H3
9|24|7|279|247|80|3N|E|7|S6
9|24|272|199|249|295|1H|E|10|D2
9|24|193|153|21|299|1N|N|7|DJ
9|25|31|231|160|229|3N|W|5|D4
9|25|218|3|274|6|3N|W|6|D4
9|25|151|263|287|12|4C|E|9|D6
9|25|184|202|110|186|3N|W|6|D4
9|25|213|35|87|98|3N|W|7|D4
9|25|7|279|247|80|3N|E|7|D4
9|25|272|199|249|295|3N|W|7|D4
9|25|193|153|21|299|3N|W|9|H5
9|26|31|231|160|229|2S|E|7|SJ
9|26|218|3|274|6|2S|E|8|S5
9|26|151|263|287|12|3C|N|9|HA
9|26|184|202|110|186|1NX|E|6|C6
9|26|213|35|87|98|2S|E|7|C5
9|26|7|279|247|80|3C|N|9|HA
9|26|272|199|249|295|2N|N|8|S2
9|26|193|153|21|299|2S|E|6|C8
9|27|31|231|160|229|2S|W|9|HK
9|27|218|3|274|6|1S|E|9|HT
9|27|151|263|287|12|3S|W|8|HK
9|27|184|202|110|186|1N|W|8|HT
9|27|213|35|87|98|2S|E|9|HT
9|27|7|279|247|80|3D|S|8|D7
9|27|272|199|249|295|4DX|S|6|D4
9|27|193|153|21|299|3S|E|9|D5
9|28|31|231|160|229|3NX|N|6|D9
9|28|218|3|274|6|5DX|S|10|H7
9|28|151|263|287|12|3D|S|10|S5
9|28|184|202|110|186|4S|W|8|SA
9|28|213|35|87|98|4S|W|7|HT
9|28|7|279|247|80|5D|S|10|H7
9|28|272|199|249|295|4SX|W|8|HT
9|28|193|153|21|299|3N|S|6|S5
9|29|31|231|160|229|3N|S|10|C6
9|29|218|3|274|6|4S|S|10|HQ
9|29|151|263|287|12|4S|N|10|C2
9|29|184|202|110|186|4S|S|10|HQ
9|29|213|35|87|98|3N|S|9|ST
9|29|7|279|247|80|4S|S|10|S3
9|29|272|199|249|295|4S|S|10|HQ
9|29|193|153|21|299|3N|S|9|HQ
9|3|31|231|160|229|4S|E|10|ST
9|3|127|221|181|271|4S|W|10|D6
9|3|32|263|156|12|3S|E|9|CK
9|3|184|151|110|287|4S|E|11|ST
9|3|213|35|87|98|2S|E|11|CK
9|3|7|279|247|80|4S|W|10|D6
9|3|28|107|311|81|4S|E|10|H3
9|3|199|272|295|249|4S|E|9|CK
9|30|31|231|160|229|3N|E|10|S8
9|30|218|3|274|6|5D|W|11|C7
9|30|151|263|287|12|3N|E|9|S7
9|30|184|202|110|186|3N|E|8|S8
9|30|213|35|87|98|3N|E|10|S7
9|30|7|279|247|80|3N|E|8|H4
9|30|272|199|249|295|3N|E|10|H4
9|30|193|153|21|299|3N|E|9|D7
9|31|31|231|160|229|4H|W|11|D6
9|31|218|3|274|6|6H|W|11|C4
9|31|151|263|287|12|4H|W|11|D5
9|31|184|202|110|186|5H|W|11|C4
9|31|213|35|87|98|4H|W|11|S6
9|31|7|279|247|80|4H|W|11|C2
9|31|272|199|249|295|4H|W|11|C2
9|31|193|153|21|299|6H|W|11|C2
9|32|31|231|160|229|2S|W|9|CK
9|32|218|3|274|6|3H|S|7|CA
9|32|151|263|287|12|3SX|W|9|HJ
9|32|184|202|110|186|2S|W|8|CK
9|32|213|35|87|98|2N|N|7|S2
9|32|7|279|247|80|5C|S|7|C5
9|32|272|199|249|295|3S|W|8|CK
9|32|193|153|21|299|4HX|S|8|CA
9|4|31|231|160|229|6S|N|12|HA
9|4|127|221|181|271|6S|N|13|D9
9|4|32|263|156|12|6S|N|12|HA
9|4|184|151|110|287|6S|N|13|DT
9|4|213|35|87|98|6S|N|13|S7
9|4|7|279|247|80|6S|N|12|HA
9|4|28|107|311|81|6N|N|13|DT
9|4|199|272|295|249|6N|S|12|C9
9|5|31|231|160|229|4S|E|11|HA
9|5|127|221|181|271|5D|E|11|CA
9|5|32|263|156|12|3D|E|12|S8
9|5|184|151|110|287|4S|E|12|D2
9|5|213|35|87|98|3SX|S|2|DK
9|5|7|279|247|80|4S|W|11|HA
9|5|28|107|311|81|4S|W|11|HK
9|5|199|272|295|249|4SX|W|11|HK
9|6|31|231|160|229|3S|E|10|HT
9|6|127|221|181|271|P||0
9|6|32|263|156|12|2S|W|9|HQ
9|6|184|151|110|287|3S|E|9|CQ
9|6|213|35|87|98|3S|W|9|CQ
9|6|7|279|247|80|3S|W|8|CT
9|6|28|107|311|81|3S|W|8|CQ
9|6|199|272|295|249|4S|W|10|HQ
9|7|31|231|160|229|4S|S|11|CA
9|7|127|221|181|271|5S|S|11|CK
9|7|32|263|156|12|5H|S|11|CA
9|7|184|151|110|287|5S|N|11|DA
9|7|213|35|87|98|5S|S|11|CK
9|7|7|279|247|80|5S|N|11|S6
9|7|28|107|311|81|4H|S|11|CA
9|7|199|272|295|249|4S|N|11|C2
9|8|31|231|160|229|2H|S|8|DT
9|8|127|221|181|271|2H|N|6|HK
9|8|32|263|156|12|3N|N|7|C2
9|8|184|151|110|287|3D|N|8|HK
9|8|213|35|87|98|3D|S|9|DT
9|8|7|279|247|80|2S|S|7|DT
9|8|28|107|311|81|2S|E|6|H2
9|8|199|272|295|249|2N|N|6|HA
9|9|31|231|160|229|3N|W|9|H9
9|9|127|221|181|271|3N|E|8|H4
9|9|32|263|156|12|3N|W|8|HT
9|9|184|151|110|287|3N|E|9|H3
9|9|213|35|87|98|3C|E|10|H4
9|9|7|279|247|80|3N|E|9|H4
9|9|28|107|311|81|3N|E|9|H4
9|9|199|272|295|249|3N|W|11|H8
