1|1|84|133|222|179|2N|W|9|S4
1|1|171|284|74|47|1N|W|8|D2
1|1|132|270|215|189|1N|N|4|D4
1|1|71|83|296|134|2N|W|7|HQ
1|1|103|167|289|88|2N|W|8|S3
1|1|256|300|142|27|1N|W|7|S4
1|1|14|111|57|241|3S|N|7|C3
1|1|159|154|165|65|3NX|W|9|C5
1|1|115|13|129|96|2N|W|8|C2
1|1|76|261|93|308|1N|W|8|S3
1|10|84|133|222|179|6N|E|10|D5
1|10|171|284|74|47|6N|W|11|C8
1|10|132|270|215|189|3N|E|12|S6
1|10|71|83|296|134|3N|W|11|SQ
1|10|103|167|289|88|4N|E|10|S6
1|10|256|300|142|27|3N|E|11|S3
1|10|14|111|57|241|6N|W|11|C5
1|10|159|154|165|65|3N|W|12|S5
1|10|115|13|129|96|3N|E|12|S8
1|10|76|261|93|308|3N|E|11|CJ
1|11|84|133|222|179|4S|N|10|H9
1|11|171|284|74|47|4S|S|9|C9
1|11|132|270|215|189|5S|N|9|CA
1|11|71|83|296|134|4H|S|10|C7
1|11|103|167|289|88|4S|N|11|H9
1|11|256|300|142|27|5CX|E|10|S4
1|11|14|111|57|241|4S|N|10|H9
1|11|159|154|165|65|4S|N|10|H9
1|11|115|13|129|96|5S|N|10|CA
1|11|76|261|93|308|4H|N|10|CA
1|12|84|133|222|179|4S|E|11|H8
1|12|171|284|74|47|4S|W|11|H9
1|12|132|270|215|189|6S|W|11|C9
1|12|71|83|296|134|4S|E|11|HJ
1|12|103|167|289|88|4S|E|11|HJ
1|12|256|300|142|27|4S|E|11|HJ
1|12|14|111|57|241|4S|E|11|DA
1|12|159|154|165|65|4S|W|11|C9
1|12|115|13|129|96|6S|E|11|DA
1|12|76|261|93|308|6S|E|11|HJ
1|13|84|133|222|179|4H|S|7|S4
1|13|171|284|74|47|3D|E|8|H3
1|13|132|270|215|189|4HX|N|7|D3
1|13|71|83|296|134|3H|N|8|HA
1|13|103|167|289|88|2S|E|8|H6
1|13|256|300|142|27|2S|E|7|CK
1|13|14|111|57|241|3D|E|8|DT
1|13|159|154|165|65|2D|W|8|H5
1|13|115|13|129|96|3H|N|8|CJ
1|13|76|261|93|308|3H|N|8|HA
1|14|84|133|222|179|4C|N|10|DA
1|14|171|284|74|47|2H|N|10|DK
1|14|132|270|215|189|4D|W|7|CA
1|14|71|83|296|134|4D|E|8|CJ
1|14|103|167|289|88|2H|S|10|D6
1|14|256|300|142|27|3H|S|10|D6
1|14|14|111|57|241|2S|N|9|DK
1|14|159|154|165|65|3C|N|11|DK
1|14|115|13|129|96|3H|S|10|D6
1|14|76|261|93|308|3H|S|10|D2
1|15|84|133|222|179|3D|W|9|H2
1|15|171|284|74|47|3C|E|9|DK
1|15|132|270|215|189|2S|S|8|D3
1|15|71|83|296|134|3H|S|9|C9
1|15|103|167|289|88|2S|S|9|D3
1|15|256|300|142|27|2S|S|9|D3
1|15|14|111|57|241|1N|N|6|C6
1|15|159|154|165|65|2S|S|9|D3
1|15|115|13|129|96|3C|E|10|DK
1|15|76|261|93|308|3C|E|10|C7
1|16|84|133|222|179|3S|N|8|D8
1|16|171|284|74|47|3S|N|8|D8
1|16|132|270|215|189|2S|N|8|D2
1|16|71|83|296|134|2S|N|8|D8
1|16|103|167|289|88|3S|N|8|S2
1|16|256|300|142|27|2S|N|8|D3
1|16|14|111|57|241|3S|N|8|D8
1|16|159|154|165|65|4S|N|8|CQ
1|16|115|13|129|96|5C|W|9|HT
1|16|76|261|93|308|2S|N|8|D8
1|17|276|164|230|38|3N|S|9|D3
1|17|171|284|74|47|4H|N|8|C6
1|17|132|270|215|189|3N|S|9|HQ
1|17|71|83|296|134|3N|S|9|S4
1|17|25|250|264|278|3N|S|8|HQ
1|17|167|300|88|27|3N|S|9|HJ
1|17|14|111|57|241|3N|S|9|D3
1|17|159|154|165|65|3N|N|9|S6
1|17|283|13|307|96|3N|S|9|C9
1|17|76|261|93|308|3N|N|9|S6
1|18|276|164|230|38|4S|W|10|DQ
1|18|171|284|74|47|4S|W|10|DQ
1|18|132|270|215|189|3N|W|7|C7
1|18|71|83|296|134|4S|W|10|HQ
1|18|25|250|264|278|5D|W|10|S5
1|18|167|300|88|27|4S|W|10|HQ
1|18|14|111|57|241|4S|W|10|DQ
1|18|159|154|165|65|4S|W|10|DQ
1|18|283|13|307|96|3S|W|10|DJ
1|18|76|261|93|308|2H|E|8|S2
1|19|276|164|230|38|3N|S|10|S7
1|19|171|284|74|47|4D|N|11|H9
1|19|132|270|215|189|3N|S|7|H6
1|19|71|83|296|134|3N|S|9|HA
1|19|25|250|264|278|3N|S|9|HK
1|19|167|300|88|27|2D|N|11|H5
1|19|14|111|57|241|2D|S|11|HK
1|19|159|154|165|65|3N|S|10|S3
1|19|283|13|307|96|3N|S|9|HA
1|19|76|261|93|308|5D|N|11|H9
1|2|84|133|222|179|5DX|E|10|SQ
1|2|171|284|74|47|3N|E|10|H3
1|2|132|270|215|189|4HX|N|9|DK
1|2|71|83|296|134|5D|E|10|SQ
1|2|103|167|289|88|3H|N|7|DA
1|2|256|300|142|27|3N|E|9|SQ
1|2|14|111|57|241|3N|W|11|HA
1|2|159|154|165|65|5DX|E|10|SQ
1|2|115|13|129|96|5D|E|10|SQ
1|2|76|261|93|308|3N|E|9|SQ
1|20|276|164|230|38|2C|W|10|H2
1|20|171|284|74|47|3C|W|10|S5
1|20|132|270|215|189|2C|W|10|S3
1|20|71|83|296|134|2C|W|10|S3
1|20|25|250|264|278|2C|E|10|S8
1|20|167|300|88|27|3C|E|9|HA
1|20|14|111|57|241|2C|W|9|H4
1|20|159|154|165|65|3C|W|10|C2
1|20|283|13|307|96|2C|W|10|S3
1|20|76|261|93|308|2S|N|6|C5
1|21|276|164|230|38|3N|E|10|H7
1|21|171|284|74|47|3N|E|10|H2
1|21|132|270|215|189|3N|E|11|S8
1|21|71|83|296|134|3N|E|10|S3
1|21|25|250|264|278|3N|W|10|HQ
1|21|167|300|88|27|3N|W|10|HQ
1|21|14|111|57|241|5C|W|12|HQ
1|21|159|154|165|65|6C|W|12|HQ
1|21|283|13|307|96|5C|W|12|HJ
1|21|76|261|93|308|3N|W|10|HQ
1|22|276|164|230|38|1N|W|8|C7
1|22|171|284|74|47|P||0
1|22|132|270|215|189|1N|W|7|SQ
1|22|71|83|296|134|1N|S|6|D2
1|22|25|250|264|278|P||0
1|22|167|300|88|27|P||0
1|22|14|111|57|241|1N|W|7|C4
1|22|159|154|165|65|2S|W|9|DJ
1|22|283|13|307|96|P||0
1|22|76|261|93|308|1N|W|6|SQ
1|23|276|164|230|38|1D|W|7|HT
1|23|171|284|74|47|4H|E|9|CA
1|23|132|270|215|189|4H|W|9|CK
1|23|71|83|296|134|3N|W|8|CK
1|23|25|250|264|278|1D|E|7|HT
1|23|167|300|88|27|1D|W|8|H9
1|23|14|111|57|241|3N|E|8|C5
1|23|159|154|165|65|4H|W|9|CQ
1|23|283|13|307|96|4H|W|9|H9
1|23|76|261|93|308|3N|W|9|HT
1|24|276|164|230|38|4H|W|11|CA
1|24|171|284|74|47|4S|W|11|CK
1|24|132|270|215|189|4S|W|11|CA
1|24|71|83|296|134|4S|W|11|CK
1|24|25|250|264|278|4S|W|11|CA
1|24|167|300|88|27|4S|W|11|CA
1|24|14|111|57|241|5S|W|11|CK
1|24|159|154|165|65|5S|W|11|CQ
1|24|283|13|307|96|4S|W|11|CK
1|24|76|261|93|308|4S|W|11|CK
1|25|276|164|230|38|4S|N|10|H9
1|25|171|284|74|47|4S|N|10|H5
1|25|132|270|215|189|4S|S|10|HT
1|25|71|83|296|134|4S|S|10|HT
1|25|25|250|264|278|4S|N|10|H5
1|25|167|300|88|27|4S|N|10|H2
1|25|14|111|57|241|4S|N|10|H9
1|25|159|154|165|65|4S|N|10|H9
1|25|283|13|307|96|4S|N|10|H9
1|25|76|261|93|308|5S|N|10|H9
1|26|276|164|230|38|1N|W|9|D2
1|26|171|284|74|47|3C|W|10|SK
1|26|132|270|215|189|1N|W|9|SA
1|26|71|83|296|134|3N|W|10|H3
1|26|25|250|264|278|1N|W|9|H3
1|26|167|300|88|27|3N|W|10|H3
1|26|14|111|57|241|2S|E|6|HA
1|26|159|154|165|65|1N|W|9|S4
1|26|283|13|307|96|1N|W|9|S4
1|26|76|261|93|308|1N|W|8|SK
1|27|276|164|230|38|3N|S|8|H2
1|27|171|284|74|47|3N|S|9|C2
1|27|132|270|215|189|3N|N|8|H3
1|27|71|83|296|134|3N|S|8|H2
1|27|25|250|264|278|3N|S|9|C8
1|27|167|300|88|27|3N|S|9|C4
1|27|14|111|57|241|3N|S|9|H2
1|27|159|154|165|65|3N|N|8|HT
1|27|283|13|307|96|3N|S|9|S2
1|27|76|261|93|308|3N|S|8|H2
1|28|276|164|230|38|3N|W|9|S4
1|28|171|284|74|47|3N|W|8|S2
1|28|132|270|215|189|3N|W|10|S2
1|28|71|83|296|134|3N|W|8|H6
1|28|25|250|264|278|3N|W|9|S2
1|28|167|300|88|27|3N|W|9|H9
1|28|14|111|57|241|1N|W|10|H9
1|28|159|154|165|65|2D|W|9|S4
1|28|283|13|307|96|1N|W|10|S2
1|28|76|261|93|308|3N|W|8|S2
1|29|276|164|230|38|4H|S|10|D3
1|29|171|284|74|47|6D|N|9|S7
1|29|132|270|215|189|2CX|E|5|HA
1|29|71|83|296|134|6D|N|10|D7
1|29|25|250|264|278|3N|N|9|S7
1|29|167|300|88|27|3N|N|9|S3
1|29|14|111|57|241|6D|N|11|S7
1|29|159|154|165|65|6D|S|10|C5
1|29|283|13|307|96|3N|N|9|S7
1|29|76|261|93|308|6D|S|10|C7
1|3|84|133|222|179|4S|N|9|C6
1|3|171|284|74|47|5CX|E|9|SK
1|3|132|270|215|189|4H|S|9|DK
1|3|71|83|296|134|4S|N|9|S9
1|3|103|167|289|88|5DX|W|10|SK
1|3|256|300|142|27|4S|N|9|CK
1|3|14|111|57|241|4H|S|9|DK
1|3|159|154|165|65|4N|W|4|SA
1|3|115|13|129|96|4S|N|9|C6
1|3|76|261|93|308|3S|N|9|C4
1|30|276|164|230|38|3N|S|9|DJ
1|30|171|284|74|47|3D|N|7|C9
1|30|132|270|215|189|2S|W|4|HK
1|30|71|83|296|134|1S|N|7|CT
1|30|25|250|264|278|2H|N|8|H5
1|30|167|300|88|27|1S|N|8|CT
1|30|14|111|57|241|2H|N|8|CT
1|30|159|154|165|65|2H|N|8|CT
1|30|283|13|307|96|3D|S|8|SA
1|30|76|261|93|308|1S|N|7|CT
1|31|276|164|230|38|3N|E|8|D5
1|31|171|284|74|47|2C|W|11|D8
1|31|132|270|215|189|3N|W|8|D6
1|31|71|83|296|134|3N|E|9|D3
1|31|25|250|264|278|1N|E|9|S2
1|31|167|300|88|27|3N|W|8|D9
1|31|14|111|57|241|1N|W|8|D9
1|31|159|154|165|65|1N|W|11|S9
1|31|283|13|307|96|3N|E|8|S7
1|31|76|261|93|308|2H|E|8|CQ
1|32|276|164|230|38|P||0
1|32|171|284|74|47|3H|W|8|S6
1|32|132|270|215|189|2H|E|8|C9
1|32|71|83|296|134|1N|S|8|H5
1|32|25|250|264|278|P||0
1|32|167|300|88|27|P||0
1|32|14|111|57|241|P||0
1|32|159|154|165|65|2H|W|9|C6
1|32|283|13|307|96|2H|W|7|C7
1|32|76|261|93|308|3H|W|9|H7
1|4|84|133|222|179|4H|W|10|D8
1|4|171|284|74|47|4H|W|10|S6
1|4|132|270|215|189|3N|E|10|S5
1|4|71|83|296|134|4H|E|10|S3
1|4|103|167|289|88|3N|E|11|S7
1|4|256|300|142|27|4H|W|10|S6
1|4|14|111|57|241|3N|E|10|S3
1|4|159|154|165|65|3N|E|10|S7
1|4|115|13|129|96|3N|E|11|D9
1|4|76|261|93|308|3N|E|8|S7
1|5|84|133|222|179|3N|W|8|H4
1|5|171|284|74|47|3N|W|10|H5
1|5|132|270|215|189|3N|W|10|H7
1|5|71|83|296|134|3N|W|8|H3
1|5|103|167|289|88|3N|W|8|H5
1|5|256|300|142|27|3N|W|8|H4
1|5|14|111|57|241|3N|W|8|H3
1|5|159|154|165|65|3N|W|10|SK
1|5|115|13|129|96|3N|W|8|H3
1|5|76|261|93|308|3N|W|8|H5
1|6|84|133|222|179|3N|S|6|H5
1|6|171|284|74|47|2N|S|7|H3
1|6|132|270|215|189|3D|S|8|H5
1|6|71|83|296|134|3N|S|8|H5
1|6|103|167|289|88|3N|S|8|H5
1|6|256|300|142|27|3N|S|8|H5
1|6|14|111|57|241|3N|S|8|H5
1|6|159|154|165|65|3N|S|8|H6
1|6|115|13|129|96|3N|S|6|H5
1|6|76|261|93|308|3D|S|9|H3
1|7|84|133|222|179|3N|W|9|H3
1|7|171|284|74|47|3N|W|9|H5
1|7|132|270|215|189|3N|W|9|H5
1|7|71|83|296|134|4H|E|8|C2
1|7|103|167|289|88|3N|W|10|H5
1|7|256|300|142|27|3N|W|9|S3
1|7|14|111|57|241|3N|W|9|H5
1|7|159|154|165|65|3N|W|9|H5
1|7|115|13|129|96|3N|W|9|H5
1|7|76|261|93|308|3N|W|9|H5
1|8|84|133|222|179|4SX|N|6|H2
1|8|171|284|74|47|3H|E|7|DK
1|8|132|270|215|189|3SX|N|7|DA
1|8|71|83|296|134|1N|E|8|D4
1|8|103|167|289|88|4S|N|7|S7
1|8|256|300|142|27|3SX|N|8|CA
1|8|14|111|57|241|4SX|N|8|S8
1|8|159|154|165|65|3S|N|7|HJ
1|8|115|13|129|96|3S|N|6|H4
1|8|76|261|93|308|2S|N|7|H2
1|9|84|133|222|179|4SX|N|11|HA
1|9|171|284|74|47|4S|N|11|HA
1|9|132|270|215|189|4S|N|11|HA
1|9|71|83|296|134|4S|S|11|HA
1|9|103|167|289|88|4SX|N|11|S3
1|9|256|300|142|27|5S|N|11|HA
1|9|14|111|57|241|4S|N|11|HA
1|9|159|154|165|65|4S|N|11|HA
1|9|115|13|129|96|4S|N|11|HA
1|9|76|261|93|308|6S|N|11|HA
2|1|71|276|296|230|3H|N|6|DK
2|1|84|270|222|189|4S|E|10|D5
2|1|256|83|142|134|4S|E|9|C4
2|1|132|250|215|278|1N|N|4|SK
2|1|240|300|301|27|4S|W|10|HA
2|1|25|159|264|165|2S|E|9|C4
2|1|13|154|96|65|4H|W|7|DA
2|1|14|76|57|93|4S|E|10|H2
2|1|133|261|179|308|4S|E|11|H9
2|1|115|164|129|38|3S|E|9|C7
2|10|71|276|296|230|3C|W|9|HA
2|10|84|270|222|189|2S|E|8|CJ
2|10|256|83|142|134|3C|E|9|HA
2|10|132|250|215|278|2H|S|6|DA
2|10|240|300|301|27|3H|S|6|DK
2|10|25|159|264|165|3C|E|9|HA
2|10|13|154|96|65|3S|E|9|H6
2|10|14|76|57|93|2H|N|6|SK
2|10|133|261|179|308|1N|W|7|HA
2|10|115|164|129|38|3S|E|9|H5
2|11|71|276|296|230|3N|W|9|H3
2|11|84|270|222|189|3N|W|10|S4
2|11|256|83|142|134|3N|E|11|S4
2|11|132|250|215|278|3N|W|11|S2
2|11|240|300|301|27|3N|W|10|C3
2|11|25|159|264|165|3N|W|10|S2
2|11|13|154|96|65|3N|W|10|S2
2|11|14|76|57|93|3N|E|10|S2
2|11|133|261|179|308|1N|W|10|S2
2|11|115|164|129|38|3N|W|8|H4
2|12|71|276|296|230|1N|W|10|SA
2|12|84|270|222|189|1N|W|7|S6
2|12|256|83|142|134|2D|W|9|D6
2|12|132|250|215|278|1N|W|9|D2
2|12|240|300|301|27|1N|W|9|SA
2|12|25|159|264|165|1N|W|10|S3
2|12|13|154|96|65|1N|W|10|D2
2|12|14|76|57|93|1N|W|9|C4
2|12|133|261|179|308|2N|W|8|D2
2|12|115|164|129|38|1N|E|7|C8
2|13|71|276|296|230|2H|N|6|H6
2|13|84|270|222|189|1N|N|5|S4
2|13|256|83|142|134|2H|S|8|DK
2|13|132|250|215|278|1N|N|7|CQ
2|13|240|300|301|27|2H|S|8|DQ
2|13|25|159|264|165|1N|N|7|S2
2|13|13|154|96|65|1N|W|7|C6
2|13|14|76|57|93|1N|N|7|S4
2|13|133|261|179|308|2H|S|7|C7
2|13|115|164|129|38|2N|N|6|S9
2|14|71|276|296|230|3N|S|13|S5
2|14|84|270|222|189|5C|S|13|C5
2|14|256|83|142|134|6C|N|13|ST
2|14|132|250|215|278|6N|N|13|ST
2|14|240|300|301|27|3N|S|13|H2
2|14|25|159|264|165|6N|N|13|ST
2|14|13|154|96|65|6C|S|12|C9
2|14|14|76|57|93|6C|N|13|ST
2|14|133|261|179|308|5C|N|13|S5
2|14|115|164|129|38|6C|S|13|C9
2|15|71|276|296|230|3SX|S|3|S5
2|15|84|270|222|189|6D|E|12|CQ
2|15|256|83|142|134|5D|W|12|S4
2|15|132|250|215|278|6D|W|12|S4
2|15|240|300|301|27|6DX|W|11|H7
2|15|25|159|264|165|6DX|W|11|H3
2|15|13|154|96|65|6D|E|12|CQ
2|15|14|76|57|93|2SX|S|7|S3
2|15|133|261|179|308|5D|E|12|CQ
2|15|115|164|129|38|6D|W|12|C9
2|16|71|276|296|230|5DX|N|9|SK
2|16|84|270|222|189|4H|N|10|SK
2|16|256|83|142|134|4SX|E|9|DK
2|16|132|250|215|278|4S|E|8|HT
2|16|240|300|301|27|4H|N|10|SK
2|16|25|159|264|165|4SX|E|8|HT
2|16|13|154|96|65|5H|N|10|SK
2|16|14|76|57|93|4SX|E|9|S2
2|16|133|261|179|308|3S|E|8|HT
2|16|115|164|129|38|4SX|E|8|S6
2|17|270|284|189|47|2D|N|9|S3
2|17|84|71|222|296|2D|N|8|D2
2|17|256|83|142|134|2D|N|10|S8
2|17|132|167|215|88|2D|N|9|D2
2|17|240|103|301|289|2S|N|7|D5
2|17|25|111|264|241|2D|N|9|D6
2|17|13|154|96|65|3H|E|8|CK
2|17|14|76|57|93|3D|N|9|D2
2|17|171|261|74|308|2D|N|9|D4
2|17|283|164|307|38|3D|N|9|D2
2|18|270|284|189|47|2SX|S|5|HK
2|18|84|71|222|296|4H|E|7|CT
2|18|256|83|142|134|3S|W|8|S4
2|18|132|167|215|88|3H|W|8|S4
2|18|240|103|301|289|4H|W|8|S6
2|18|25|111|264|241|3H|W|9|H2
2|18|13|154|96|65|4SX|W|8|H6
2|18|14|76|57|93|4H|W|8|S4
2|18|171|261|74|308|4H|E|8|CT
2|18|283|164|307|38|4H|W|8|S4
2|19|270|284|189|47|3D|N|8|H4
2|19|84|71|222|296|2N|W|7|DQ
2|19|256|83|142|134|2D|N|8|S3
2|19|132|167|215|88|1N|W|7|DQ
2|19|240|103|301|289|1NX|W|7|DQ
2|19|25|111|264|241|1N|W|7|DQ
2|19|13|154|96|65|3S|W|9|C9
2|19|14|76|57|93|3D|N|8|D4
2|19|171|261|74|308|1N|W|7|DQ
2|19|283|164|307|38|1N|W|9|H7
2|2|71|276|296|230|4S|S|10|S3
2|2|84|270|222|189|1N|N|8|H2
2|2|256|83|142|134|2S|S|11|DT
2|2|132|250|215|278|3S|N|10|C5
2|2|240|300|301|27|2S|S|11|CT
2|2|25|159|264|165|4S|S|10|C7
2|2|13|154|96|65|1N|N|9|H2
2|2|14|76|57|93|2S|S|10|CT
2|2|133|261|179|308|4S|S|10|H4
2|2|115|164|129|38|4S|N|10|H2
2|20|270|284|189|47|3H|E|10|S4
2|20|84|71|222|296|3D|E|7|HT
2|20|256|83|142|134|2S|S|9|H6
2|20|132|167|215|88|4H|E|10|S2
2|20|240|103|301|289|3D|E|7|HT
2|20|25|111|264|241|3C|W|6|HA
2|20|13|154|96|65|1NX|W|10|D9
2|20|14|76|57|93|4HX|W|10|SA
2|20|171|261|74|308|4H|W|10|SA
2|20|283|164|307|38|3D|E|8|HT
2|21|270|284|189|47|3N|W|12|S4
2|21|84|71|222|296|3N|W|11|S2
2|21|256|83|142|134|4H|E|10|DJ
2|21|132|167|215|88|6D|E|11|H8
2|21|240|103|301|289|3N|W|11|S4
2|21|25|111|264|241|4H|E|10|SQ
2|21|13|154|96|65|6D|W|11|SA
2|21|14|76|57|93|5D|E|11|DJ
2|21|171|261|74|308|4H|E|11|DJ
2|21|283|164|307|38|4H|E|10|SJ
2|22|270|284|189|47|2S|W|7|D6
2|22|84|71|222|296|2S|W|9|D9
2|22|256|83|142|134|3N|E|6|DQ
2|22|132|167|215|88|2S|W|9|D9
2|22|240|103|301|289|2S|W|10|D9
2|22|25|111|264|241|2C|E|8|DQ
2|22|13|154|96|65|3N|E|6|D2
2|22|14|76|57|93|3D|W|8|D6
2|22|171|261|74|308|2S|W|6|D9
2|22|283|164|307|38|3N|E|6|D2
2|23|270|284|189|47|3N|S|5|ST
2|23|84|71|222|296|2C|S|10|H5
2|23|256|83|142|134|2C|S|10|H4
2|23|132|167|215|88|2C|N|11|C3
2|23|240|103|301|289|2C|S|10|H5
2|23|25|111|264|241|3N|S|8|SJ
2|23|13|154|96|65|1N|S|8|SJ
2|23|14|76|57|93|2S|W|6|CQ
2|23|171|261|74|308|2C|S|9|SJ
2|23|283|164|307|38|2H|N|8|D5
2|24|270|284|189|47|4H|N|10|CJ
2|24|84|71|222|296|2H|S|10|C4
2|24|256|83|142|134|1H|N|10|D4
2|24|132|167|215|88|3H|S|10|CQ
2|24|240|103|301|289|4H|S|10|C4
2|24|25|111|264|241|2H|N|10|C5
2|24|13|154|96|65|3H|N|10|CQ
2|24|14|76|57|93|2H|S|10|D5
2|24|171|261|74|308|3H|S|10|C8
2|24|283|164|307|38|2H|S|10|D5
2|25|270|284|189|47|1N|W|8|SJ
2|25|84|71|222|296|3D|S|6|C4
2|25|256|83|142|134|1N|W|8|H8
2|25|132|167|215|88|1N|W|7|H4
2|25|240|103|301|289|3N|E|9|S2
2|25|25|111|264|241|1N|W|8|SJ
2|25|13|154|96|65|2S|W|7|C3
2|25|14|76|57|93|2N|E|7|S3
2|25|171|261|74|308|1N|W|6|C8
2|25|283|164|307|38|1N|W|7|SJ
2|26|270|284|189|47|3N|N|10|D2
2|26|84|71|222|296|4S|S|10|H2
2|26|256|83|142|134|6S|N|11|D4
2|26|132|167|215|88|6S|N|11|C3
2|26|240|103|301|289|6S|N|11|C4
2|26|25|111|264|241|4S|N|10|H5
2|26|13|154|96|65|3N|S|10|C8
2|26|14|76|57|93|4S|S|10|H8
2|26|171|261|74|308|4S|N|10|D4
2|26|283|164|307|38|6S|N|11|C3
2|27|270|284|189|47|2D|W|8|H6
2|27|84|71|222|296|3D|E|8|D4
2|27|256|83|142|134|3H|N|5|D9
2|27|132|167|215|88|2H|S|7|DA
2|27|240|103|301|289|2H|S|6|DK
2|27|25|111|264|241|2D|W|9|H6
2|27|13|154|96|65|2H|S|8|DK
2|27|14|76|57|93|2H|S|8|DK
2|27|171|261|74|308|2H|S|8|DA
2|27|283|164|307|38|2H|N|8|CK
2|28|270|284|189|47|2S|E|8|C6
2|28|84|71|222|296|1N|N|7|H7
2|28|256|83|142|134|1H|E|7|C3
2|28|132|167|215|88|2D|N|8|HA
2|28|240|103|301|289|3D|S|7|H6
2|28|25|111|264|241|1H|E|8|C2
2|28|13|154|96|65|2H|W|7|CK
2|28|14|76|57|93|1N|S|9|S2
2|28|171|261|74|308|2N|N|8|S9
2|28|283|164|307|38|2D|N|8|HK
2|29|270|284|189|47|2H|N|9|S3
2|29|84|71|222|296|3N|S|5|D3
2|29|256|83|142|134|3H|N|9|S2
2|29|132|167|215|88|2H|N|9|D8
2|29|240|103|301|289|2D|W|9|HA
2|29|25|111|264|241|3H|N|9|D8
2|29|13|154|96|65|2H|N|10|D6
2|29|14|76|57|93|3H|N|9|D8
2|29|171|261|74|308|2N|S|11|D3
2|29|283|164|307|38|2H|N|9|D6
2|3|71|276|296|230|2H|E|9|DK
2|3|84|270|222|189|3H|E|8|DA
2|3|256|83|142|134|3H|E|8|DA
2|3|132|250|215|278|4H|E|8|DA
2|3|240|300|301|27|3H|E|8|DA
2|3|25|159|264|165|3H|W|8|S3
2|3|13|154|96|65|3H|W|8|D9
2|3|14|76|57|93|P||0
2|3|133|261|179|308|3H|W|8|D9
2|3|115|164|129|38|2N|E|6|D4
2|30|270|284|189|47|3D|S|9|CT
2|30|84|71|222|296|3C|E|9|DA
2|30|256|83|142|134|2D|S|9|HQ
2|30|132|167|215|88|3C|E|9|DA
2|30|240|103|301|289|2D|S|9|C5
2|30|25|111|264|241|1D|S|9|C7
2|30|13|154|96|65|3C|E|9|DA
2|30|14|76|57|93|3D|S|8|C9
2|30|171|261|74|308|3C|E|9|DK
2|30|283|164|307|38|1S|S|5|HQ
2|31|270|284|189|47|5DX|E|8|HQ
2|31|84|71|222|296|4DX|W|9|HQ
2|31|256|83|142|134|3H|N|8|S6
2|31|132|167|215|88|3D|W|9|HQ
2|31|240|103|301|289|5DX|W|9|HQ
2|31|25|111|264|241|4D|W|9|HQ
2|31|13|154|96|65|5CX|W|9|D2
2|31|14|76|57|93|5D|W|8|D2
2|31|171|261|74|308|4D|W|9|HQ
2|31|283|164|307|38|2N|E|6|DT
2|32|270|284|189|47|3H|E|9|H5
2|32|84|71|222|296|3H|W|8|S4
2|32|256|83|142|134|4H|E|8|H4
2|32|132|167|215|88|2S|S|9|HK
2|32|240|103|301|289|2S|N|9|DT
2|32|25|111|264|241|3H|E|8|H4
2|32|13|154|96|65|2H|W|8|C6
2|32|14|76|57|93|2S|S|9|HK
2|32|171|261|74|308|3H|E|9|H4
2|32|283|164|307|38|3H|E|8|SA
2|4|71|276|296|230|3D|W|10|CK
2|4|84|270|222|189|2D|W|10|CA
2|4|256|83|142|134|5D|W|10|CA
2|4|132|250|215|278|3D|W|10|CA
2|4|240|300|301|27|5D|W|10|CA
2|4|25|159|264|165|3D|W|10|CA
2|4|13|154|96|65|4SX|N|7|DA
2|4|14|76|57|93|2D|W|10|CK
2|4|133|261|179|308|2D|W|10|CA
2|4|115|164|129|38|2D|W|10|CA
2|5|71|276|296|230|4H|S|11|C2
2|5|84|270|222|189|3N|N|10|DJ
2|5|256|83|142|134|5C|N|9|H8
2|5|132|250|215|278|3N|N|10|DJ
2|5|240|300|301|27|3N|N|10|S2
2|5|25|159|264|165|3N|N|9|SK
2|5|13|154|96|65|3N|S|9|S3
2|5|14|76|57|93|3N|N|11|DJ
2|5|133|261|179|308|4H|S|11|C2
2|5|115|164|129|38|4H|S|10|C2
2|6|71|276|296|230|2H|W|8|D2
2|6|84|270|222|189|3C|N|10|HA
2|6|256|83|142|134|5C|N|10|HA
2|6|132|250|215|278|4C|N|9|S7
2|6|240|300|301|27|3S|E|8|D2
2|6|25|159|264|165|2H|E|8|D3
2|6|13|154|96|65|3HX|E|8|D3
2|6|14|76|57|93|3H|E|7|D4
2|6|133|261|179|308|4D|S|9|S4
2|6|115|164|129|38|3N|S|6|HK
2|7|71|276|296|230|3N|W|10|H5
2|7|84|270|222|189|3N|W|11|S9
2|7|256|83|142|134|3N|E|10|C7
2|7|132|250|215|278|3N|W|10|S9
2|7|240|300|301|27|3N|W|10|S9
2|7|25|159|264|165|2HX|S|4|H5
2|7|13|154|96|65|5D|W|12|H7
2|7|14|76|57|93|3N|W|11|H7
2|7|133|261|179|308|3N|W|11|H9
2|7|115|164|129|38|3N|W|11|H9
2|8|71|276|296|230|4S|W|10|HA
2|8|84|270|222|189|4S|W|10|D6
2|8|256|83|142|134|2S|W|10|H2
2|8|132|250|215|278|4S|E|9|H2
2|8|240|300|301|27|4S|E|9|H2
2|8|25|159|264|165|4S|E|10|H2
2|8|13|154|96|65|4S|W|10|D6
2|8|14|76|57|93|4S|W|10|HA
2|8|133|261|179|308|4S|W|9|HA
2|8|115|164|129|38|4S|W|10|D4
2|9|71|276|296|230|3N|W|11|H2
2|9|84|270|222|189|3N|W|11|C7
2|9|256|83|142|134|3N|E|11|H4
2|9|132|250|215|278|6D|W|11|SK
2|9|240|300|301|27|3N|W|10|H3
2|9|25|159|264|165|3N|W|10|H5
2|9|13|154|96|65|3N|W|12|H5
2|9|14|76|57|93|3N|W|11|C4
2|9|133|261|179|308|3N|W|10|H5
2|9|115|164|129|38|3N|W|11|C8
3|1|84|250|222|278|5H|S|10|D2
3|1|256|276|142|230|4H|S|10|SA
3|1|132|240|215|301|4H|S|10|D2
3|1|159|83|165|134|3N|N|7|S9
3|1|103|76|289|93|3N|S|9|S5
3|1|13|300|96|27|3N|S|9|S5
3|1|14|283|57|307|3N|S|10|H9
3|1|115|154|129|65|3N|N|7|S3
3|1|71|164|296|38|3N|S|10|C3
3|1|133|270|179|189|4H|S|10|D2
3|10|84|250|222|278|2D|E|8|H3
3|10|256|276|142|230|3S|N|9|CA
3|10|132|240|215|301|3D|E|8|S5
3|10|159|83|165|134|3D|E|8|S5
3|10|103|76|289|93|3H|E|8|ST
3|10|13|300|96|27|2S|N|9|CA
3|10|14|283|57|307|2S|N|8|CK
3|10|115|154|129|65|3D|W|9|CJ
3|10|71|164|296|38|2D|E|8|D8
3|10|133|270|179|189|2H|E|8|C2
3|11|84|250|222|278|4H|S|9|DK
3|11|256|276|142|230|5CX|N|9|D6
3|11|132|240|215|301|3D|W|10|SA
3|11|159|83|165|134|4H|N|10|DT
3|11|103|76|289|93|4SX|E|7|D4
3|11|13|300|96|27|3DX|W|7|H6
3|11|14|283|57|307|4D|W|7|H6
3|11|115|154|129|65|4H|S|8|DK
3|11|71|164|296|38|3N|N|9|DT
3|11|133|270|179|189|3DX|W|7|H6
3|12|84|250|222|278|2S|W|8|DA
3|12|256|276|142|230|2S|E|9|D3
3|12|132|240|215|301|2H|S|6|S5
3|12|159|83|165|134|2S|W|10|DK
3|12|103|76|289|93|2S|E|8|DT
3|12|13|300|96|27|2S|W|9|DA
3|12|14|283|57|307|2S|E|9|C4
3|12|115|154|129|65|2C|N|6|HA
3|12|71|164|296|38|2S|W|9|DK
3|12|133|270|179|189|2S|E|9|D2
3|13|84|250|222|278|6SX|E|11|D8
3|13|256|276|142|230|6S|E|11|D8
3|13|132|240|215|301|6S|E|11|SQ
3|13|159|83|165|134|4S|E|11|SQ
3|13|103|76|289|93|4S|E|11|SQ
3|13|13|300|96|27|4S|E|11|D2
3|13|14|283|57|307|4S|E|11|D2
3|13|115|154|129|65|6S|E|11|D2
3|13|71|164|296|38|6S|E|10|D2
3|13|133|270|179|189|4S|E|11|SQ
3|14|84|250|222|278|3N|N|11|S6
3|14|256|276|142|230|3N|N|10|CJ
3|14|132|240|215|301|3N|N|7|CJ
3|14|159|83|165|134|3N|N|10|CJ
3|14|103|76|289|93|3N|S|10|S3
3|14|13|300|96|27|3N|N|10|CJ
3|14|14|283|57|307|3N|S|10|S3
3|14|115|154|129|65|3N|N|10|CJ
3|14|71|164|296|38|3N|N|11|ST
3|14|133|270|179|189|3N|S|11|S3
3|15|84|250|222|278|3D|N|9|H3
3|15|256|276|142|230|3H|W|6|D5
3|15|132|240|215|301|2N|S|8|H5
3|15|159|83|165|134|2HX|W|5|HK
3|15|103|76|289|93|3D|N|9|HQ
3|15|13|300|96|27|2H|W|7|D2
3|15|14|283|57|307|2H|W|4|D2
3|15|115|154|129|65|1N|S|9|H3
3|15|71|164|296|38|2H|W|6|D2
3|15|133|270|179|189|2H|W|6|D2
3|16|84|250|222|278|2N|E|7|D3
3|16|256|276|142|230|2S|S|8|C9
3|16|132|240|215|301|2HX|E|5|HJ
3|16|159|83|165|134|2D|S|8|C9
3|16|103|76|289|93|2S|S|9|HT
3|16|13|300|96|27|2S|S|6|C3
3|16|14|283|57|307|2S|S|7|DT
3|16|115|154|129|65|1N|E|7|S2
3|16|71|164|296|38|2S|S|9|HT
3|16|133|270|179|189|1N|E|6|D6
3|17|276|250|230|278|6C|W|11|H5
3|17|167|284|88|47|3N|E|11|HQ
3|17|132|111|215|241|3N|E|11|HQ
3|17|240|83|301|134|3N|E|11|HQ
3|17|103|76|289|93|6C|E|11|S7
3|17|13|25|96|264|3N|E|10|HQ
3|17|14|283|57|307|3N|E|9|D8
3|17|115|154|129|65|3N|E|10|HQ
3|17|71|171|296|74|3N|E|11|S4
3|17|133|270|179|189|3N|E|11|HQ
3|18|276|250|230|278|6D|E|11|HJ
3|18|167|284|88|47|3N|E|10|S9
3|18|132|111|215|241|3N|E|10|S3
3|18|240|83|301|134|6D|E|11|HJ
3|18|103|76|289|93|1HX|N|5|HT
3|18|13|25|96|264|6D|W|12|SJ
3|18|14|283|57|307|3N|W|11|SJ
3|18|115|154|129|65|3N|E|10|S3
3|18|71|171|296|74|3N|E|10|S3
3|18|133|270|179|189|3N|E|11|S3
3|19|276|250|230|278|2H|S|8|C6
3|19|167|284|88|47|2S|N|8|C2
3|19|132|111|215|241|4H|S|8|DA
3|19|240|83|301|134|1N|E|7|H2
3|19|103|76|289|93|2S|N|8|D3
3|19|13|25|96|264|3C|E|8|H3
3|19|14|283|57|307|2S|N|9|C2
3|19|115|154|129|65|3H|S|8|HA
3|19|71|171|296|74|2H|S|8|S2
3|19|133|270|179|189|3D|E|8|CA
3|2|84|250|222|278|4S|E|9|DA
3|2|256|276|142|230|4S|E|8|DA
3|2|132|240|215|301|4S|E|9|DA
3|2|159|83|165|134|5C|N|10|SQ
3|2|103|76|289|93|4S|E|9|DA
3|2|13|300|96|27|5C|N|10|SK
3|2|14|283|57|307|5CX|N|10|SK
3|2|115|154|129|65|5CX|N|10|SK
3|2|71|164|296|38|4S|E|8|DK
3|2|133|270|179|189|4S|E|8|DA
3|20|276|250|230|278|3NX|W|10|C2
3|20|167|284|88|47|3N|E|9|DJ
3|20|132|111|215|241|2S|W|9|D5
3|20|240|83|301|134|3N|E|9|DJ
3|20|103|76|289|93|3N|W|10|HT
3|20|13|25|96|264|3N|W|11|HT
3|20|14|283|57|307|3N|W|9|D3
3|20|115|154|129|65|5C|W|11|D2
3|20|71|171|296|74|3N|E|9|DJ
3|20|133|270|179|189|3N|E|9|DT
3|21|276|250|230|278|4S|S|10|HA
3|21|167|284|88|47|6C|N|9|D4
3|21|132|111|215|241|4S|N|10|HK
3|21|240|83|301|134|4S|S|12|D5
3|21|103|76|289|93|5S|S|12|D9
3|21|13|25|96|264|4S|S|10|HA
3|21|14|283|57|307|5S|N|10|HK
3|21|115|154|129|65|4S|S|12|D7
3|21|71|171|296|74|6S|S|10|HA
3|21|133|270|179|189|5DX|W|9|CA
3|22|276|250|230|278|1N|S|4|H5
3|22|167|284|88|47|3H|W|8|C7
3|22|132|111|215|241|2N|E|8|D4
3|22|240|83|301|134|2N|E|9|D4
3|22|103|76|289|93|3N|E|8|S7
3|22|13|25|96|264|3N|E|8|DT
3|22|14|283|57|307|2C|W|10|ST
3|22|115|154|129|65|3N|W|8|D4
3|22|71|171|296|74|1N|S|5|H5
3|22|133|270|179|189|2N|E|8|D9
3|23|276|250|230|278|1N|S|7|CQ
3|23|167|284|88|47|1N|W|4|D4
3|23|132|111|215|241|2D|S|9|CQ
3|23|240|83|301|134|2S|E|8|D7
3|23|103|76|289|93|3D|S|9|CQ
3|23|13|25|96|264|3S|E|7|D7
3|23|14|283|57|307|1N|N|7|S2
3|23|115|154|129|65|1N|N|7|S6
3|23|71|171|296|74|1N|S|7|CQ
3|23|133|270|179|189|2S|E|7|D7
3|24|276|250|230|278|4S|W|12|CT
3|24|167|284|88|47|3N|W|12|C9
3|24|132|111|215|241|4S|W|12|CT
3|24|240|83|301|134|3N|E|10|H5
3|24|103|76|289|93|3N|W|12|CT
3|24|13|25|96|264|3N|W|12|CT
3|24|14|283|57|307|3N|W|12|CT
3|24|115|154|129|65|3N|W|12|CT
3|24|71|171|296|74|3N|E|12|H5
3|24|133|270|179|189|3N|W|12|CT
3|25|276|250|230|278|4H|N|12|H7
3|25|167|284|88|47|4H|S|12|C3
3|25|132|111|215|241|5H|S|11|DT
3|25|240|83|301|134|4H|S|11|DT
3|25|103|76|289|93|4H|N|12|H7
3|25|13|25|96|264|4H|N|12|CQ
3|25|14|283|57|307|4H|S|12|S8
3|25|115|154|129|65|6H|N|12|CQ
3|25|71|171|296|74|5H|N|12|CQ
3|25|133|270|179|189|4H|N|12|ST
3|26|276|250|230|278|3S|W|10|C5
3|26|167|284|88|47|4S|W|7|D9
3|26|132|111|215|241|4S|W|9|C8
3|26|240|83|301|134|3N|W|6|C8
3|26|103|76|289|93|4S|W|8|DT
3|26|13|25|96|264|1D|W|11|SK
3|26|14|283|57|307|3H|W|10|SK
3|26|115|154|129|65|1D|W|11|C8
3|26|71|171|296|74|3N|W|8|C4
3|26|133|270|179|189|3N|W|9|C8
3|27|276|250|230|278|4H|W|9|D4
3|27|167|284|88|47|3H|W|9|CA
3|27|132|111|215|241|4H|W|10|CA
3|27|240|83|301|134|4H|W|9|D4
3|27|103|76|289|93|2S|N|7|H3
3|27|13|25|96|264|3H|W|10|D3
3|27|14|283|57|307|4H|W|9|CA
3|27|115|154|129|65|4H|E|9|DQ
3|27|71|171|296|74|4H|W|9|S4
3|27|133|270|179|189|4H|W|9|D3
3|28|276|250|230|278|3N|W|9|C9
3|28|167|284|88|47|5D|W|9|HQ
3|28|132|111|215|241|5D|E|9|SK
3|28|240|83|301|134|3D|E|9|SK
3|28|103|76|289|93|4D|W|9|HQ
3|28|13|25|96|264|3N|W|8|S4
3|28|14|283|57|307|3D|W|9|HQ
3|28|115|154|129|65|3D|E|9|SK
3|28|71|171|296|74|3N|W|9|HQ
3|28|133|270|179|189|3N|W|9|HQ
3|29|276|250|230|278|6S|S|10|DA
3|29|167|284|88|47|4H|N|10|S3
3|29|132|111|215|241|4H|N|10|HT
3|29|240|83|301|134|4S|S|10|C5
3|29|103|76|289|93|4H|N|10|HT
3|29|13|25|96|264|4S|S|10|C5
3|29|14|283|57|307|4S|S|10|S2
3|29|115|154|129|65|4H|N|10|HT
3|29|71|171|296|74|4S|S|10|C5
3|29|133|270|179|189|4H|N|10|D4
3|3|84|250|222|278|1N|W|8|SK
3|3|256|276|142|230|2S|S|8|SA
3|3|132|240|215|301|1N|W|9|SK
3|3|159|83|165|134|1N|W|9|SK
3|3|103|76|289|93|3C|W|9|SK
3|3|13|300|96|27|1N|W|9|SK
3|3|14|283|57|307|3S|N|7|DQ
3|3|115|154|129|65|2N|E|9|SK
3|3|71|164|296|38|1N|W|8|D3
3|3|133|270|179|189|3N|W|9|SK
3|30|276|250|230|278|1S|N|8|HA
3|30|167|284|88|47|2S|N|8|HK
3|30|132|111|215|241|2D|S|9|H3
3|30|240|83|301|134|3D|S|9|C4
3|30|103|76|289|93|3D|N|10|HK
3|30|13|25|96|264|1N|N|10|C6
3|30|14|283|57|307|3D|N|9|HK
3|30|115|154|129|65|2N|N|10|C6
3|30|71|171|296|74|3N|N|10|C5
3|30|133|270|179|189|1N|E|5|DK
3|31|276|250|230|278|3N|N|10|D6
3|31|167|284|88|47|3N|N|10|D6
3|31|132|111|215|241|3N|N|10|S3
3|31|240|83|301|134|3N|N|10|S2
3|31|103|76|289|93|3N|N|10|S2
3|31|13|25|96|264|3N|N|10|D5
3|31|14|283|57|307|3N|N|10|S2
3|31|115|154|129|65|4HX|E|4|C4
3|31|71|171|296|74|3N|N|10|D5
3|31|133|270|179|189|3N|N|10|D5
3|32|276|250|230|278|1N|W|9|H3
3|32|167|284|88|47|2H|E|9|ST
3|32|132|111|215|241|1N|W|9|S3
3|32|240|83|301|134|1N|W|8|S2
3|32|103|76|289|93|2H|E|8|C6
3|32|13|25|96|264|1N|W|8|S3
3|32|14|283|57|307|1N|W|8|D9
3|32|115|154|129|65|1N|W|9|S3
3|32|71|171|296|74|2H|E|8|C5
3|32|133|270|179|189|3N|E|9|S3
3|4|84|250|222|278|2S|E|8|HQ
3|4|256|276|142|230|3HX|N|7|SA
3|4|132|240|215|301|3N|E|9|HQ
3|4|159|83|165|134|2S|E|9|HQ
3|4|103|76|289|93|1SX|S|5|SJ
3|4|13|300|96|27|2S|E|7|HQ
3|4|14|283|57|307|1SX|S|4|SJ
3|4|115|154|129|65|2N|W|11|HJ
3|4|71|164|296|38|1N|E|10|S4
3|4|133|270|179|189|2S|E|7|HQ
3|5|84|250|222|278|3S|S|8|DA
3|5|256|276|142|230|1C|N|5|HK
3|5|132|240|215|301|3S|S|7|DA
3|5|159|83|165|134|2N|N|7|DK
3|5|103|76|289|93|3H|S|9|DA
3|5|13|300|96|27|3S|S|8|DA
3|5|14|283|57|307|3D|W|8|DJ
3|5|115|154|129|65|4S|S|8|S8
3|5|71|164|296|38|4S|S|8|H6
3|5|133|270|179|189|1N|W|6|SA
3|6|84|250|222|278|6DX|E|12|C6
3|6|256|276|142|230|6D|E|12|C2
3|6|132|240|215|301|3N|W|11|HK
3|6|159|83|165|134|6NX|E|12|SJ
3|6|103|76|289|93|6D|W|12|S3
3|6|13|300|96|27|4N|W|11|S3
3|6|14|283|57|307|6N|W|12|CJ
3|6|115|154|129|65|6D|E|12|H9
3|6|71|164|296|38|4N|W|12|S3
3|6|133|270|179|189|6D|E|12|CJ
3|7|84|250|222|278|3H|E|8|D5
3|7|256|276|142|230|3D|N|8|HK
3|7|132|240|215|301|3H|E|7|DT
3|7|159|83|165|134|3H|E|7|H3
3|7|103|76|289|93|3S|N|10|HK
3|7|13|300|96|27|3S|N|8|HK
3|7|14|283|57|307|2S|N|9|HQ
3|7|115|154|129|65|3S|N|10|HK
3|7|71|164|296|38|3H|E|8|CQ
3|7|133|270|179|189|3S|N|8|HK
3|8|84|250|222|278|5DX|E|9|S5
3|8|256|276|142|230|4N|E|10|S9
3|8|132|240|215|301|5DX|E|10|S5
3|8|159|83|165|134|3N|E|8|S4
3|8|103|76|289|93|3N|E|9|D4
3|8|13|300|96|27|3N|E|10|S4
3|8|14|283|57|307|3N|W|9|HA
3|8|115|154|129|65|6CX|W|9|D2
3|8|71|164|296|38|3N|W|10|HA
3|8|133|270|179|189|3N|E|10|S2
3|9|84|250|222|278|3D|E|8|S3
3|9|256|276|142|230|2S|S|8|HQ
3|9|132|240|215|301|2S|S|9|D4
3|9|159|83|165|134|2C|W|5|S9
3|9|103|76|289|93|3S|S|9|HQ
3|9|13|300|96|27|3S|S|10|DT
3|9|14|283|57|307|2S|S|9|HQ
3|9|115|154|129|65|2S|S|9|HQ
3|9|71|164|296|38|3S|S|8|HQ
3|9|133|270|179|189|2S|S|9|HQ
4|1|240|284|301|47|4DX|E|9|C5
4|1|84|111|222|241|2S|N|5|C8
4|1|13|83|96|134|1S|W|8|H6
4|1|132|76|215|93|1S|W|8|D5
4|1|115|300|129|27|2S|W|7|D4
4|1|103|261|289|308|2D|E|9|HQ
4|1|171|154|74|85|1S|W|7|H6
4|1|14|133|57|179|3N|W|8|S8
4|1|71|256|296|142|1S|W|8|H5
4|1|167|270|88|189|1S|W|7|H4
4|10|240|284|301|47|2H|E|11|DA
4|10|84|111|222|241|3D|W|10|SK
4|10|13|83|96|134|3S|S|8|DK
4|10|132|76|215|93|3S|S|8|DK
4|10|115|300|129|27|3S|S|8|DQ
4|10|103|261|289|308|1N|W|7|S7
4|10|171|154|74|85|3S|S|8|DK
4|10|14|133|57|179|2S|S|8|DK
4|10|71|256|296|142|2H|E|10|H5
4|10|167|270|88|189|3S|S|9|DK
4|11|240|284|301|47|5DX|W|8|SA
4|11|84|111|222|241|5C|N|11|D2
4|11|13|83|96|134|5C|N|11|D7
4|11|132|76|215|93|5C|N|11|D2
4|11|115|300|129|27|3N|S|11|D5
4|11|103|261|289|308|3N|N|6|D2
4|11|171|154|74|85|5C|N|11|D2
4|11|14|133|57|179|5C|N|11|CT
4|11|71|256|296|142|4S|S|10|S6
4|11|167|270|88|189|6C|N|11|D2
4|12|240|284|301|47|4H|E|8|SK
4|12|84|111|222|241|3H|E|9|D3
4|12|13|83|96|134|4H|E|10|CQ
4|12|132|76|215|93|4H|E|10|SK
4|12|115|300|129|27|4H|E|9|CQ
4|12|103|261|289|308|4H|E|9|D6
4|12|171|154|74|85|5C|W|11|D8
4|12|14|133|57|179|3H|E|9|SK
4|12|71|256|296|142|4H|E|9|CQ
4|12|167|270|88|189|4H|E|11|H3
4|13|240|284|301|47|4SX|N|11|H8
4|13|84|111|222|241|4H|E|8|C2
4|13|13|83|96|134|3S|N|11|HT
4|13|132|76|215|93|3H|W|8|C3
4|13|115|300|129|27|3S|N|10|H5
4|13|103|261|289|308|3S|N|11|H8
4|13|171|154|74|85|3S|N|11|H2
4|13|14|133|57|179|4H|W|8|C2
4|13|71|256|296|142|3S|N|11|H5
4|13|167|270|88|189|4H|W|8|C2
4|14|240|284|301|47|4H|N|11|DK
4|14|84|111|222|241|4H|S|10|DK
4|14|13|83|96|134|4H|S|11|DA
4|14|132|76|215|93|4H|S|10|DK
4|14|115|300|129|27|4H|S|10|DK
4|14|103|261|289|308|4H|S|10|DA
4|14|171|154|74|85|5CX|E|8|S5
4|14|14|133|57|179|4H|S|10|DA
4|14|71|256|296|142|4H|S|11|DK
4|14|167|270|88|189|4H|S|10|DA
4|15|240|284|301|47|6N|N|11|D6
4|15|84|111|222|241|3N|S|11|SJ
4|15|13|83|96|134|3N|S|13|ST
4|15|132|76|215|93|6N|S|10|HJ
4|15|115|300|129|27|3N|S|12|D2
4|15|103|261|289|308|3N|S|12|SJ
4|15|171|154|74|85|3N|S|11|SJ
4|15|14|133|57|179|3N|S|12|HJ
4|15|71|256|296|142|3N|S|12|SJ
4|15|167|270|88|189|3N|S|12|SJ
4|16|240|284|301|47|4H|S|12|C8
4|16|84|111|222|241|4H|S|12|C5
4|16|13|83|96|134|4H|S|12|H2
4|16|132|76|215|93|4H|S|12|C9
4|16|115|300|129|27|4S|N|9|CK
4|16|103|261|289|308|4H|S|12|C5
4|16|171|154|74|85|4H|S|11|H3
4|16|14|133|57|179|4H|S|12|C5
4|16|71|256|296|142|4H|S|12|C5
4|16|167|270|88|189|4H|S|11|CJ
4|17|159|84|165|222|3N|E|8|C7
4|17|276|111|230|241|2H|N|10|CK
4|17|13|83|96|134|5D|E|8|SK
4|17|132|76|215|93|2S|W|7|D8
4|17|283|25|307|264|3D|E|9|H8
4|17|103|261|289|308|3N|W|7|HJ
4|17|171|154|74|85|2C|N|9|DA
4|17|14|164|57|38|3D|W|7|D5
4|17|71|250|296|131|3N|W|7|H4
4|17|167|270|88|189|3N|E|9|CT
4|18|159|84|165|222|4S|N|12|CQ
4|18|276|111|230|241|7C|S|10|H2
4|18|13|83|96|134|6S|N|12|CQ
4|18|132|76|215|93|4S|N|12|ST
4|18|283|25|307|264|4N|S|13|H3
4|18|103|261|289|308|3CX|E|4|S4
4|18|171|154|74|85|6N|S|12|D4
4|18|14|164|57|38|6S|N|12|D5
4|18|71|250|296|131|7S|S|13|H5
4|18|167|270|88|189|7N|N|13|D3
4|19|159|84|165|222|4S|S|10|D3
4|19|276|111|230|241|4S|N|11|D3
4|19|13|83|96|134|3N|N|11|C9
4|19|132|76|215|93|4S|S|11|D7
4|19|283|25|307|264|4S|S|11|C6
4|19|103|261|289|308|6S|S|11|D3
4|19|171|154|74|85|4S|S|11|C7
4|19|14|164|57|38|6S|S|11|S4
4|19|71|250|296|131|4S|S|11|D3
4|19|167|270|88|189|4S|S|11|D5
4|2|240|284|301|47|3C|E|11|SQ
4|2|84|111|222|241|1D|E|7|SQ
4|2|13|83|96|134|1D|E|8|SQ
4|2|132|76|215|93|3C|E|9|H3
4|2|115|300|129|27|1D|E|7|SQ
4|2|103|261|289|308|3N|E|11|D6
4|2|171|154|74|85|2N|W|5|H6
4|2|14|133|57|179|1D|E|9|CA
4|2|71|256|296|142|1D|E|8|SQ
4|2|167|270|88|189|3CX|E|10|SQ
4|20|159|84|165|222|5C|W|8|SK
4|20|276|111|230|241|5C|W|9|SK
4|20|13|83|96|134|3N|E|10|S5
4|20|132|76|215|93|3N|E|9|S5
4|20|283|25|307|264|3N|E|7|S8
4|20|103|261|289|308|3N|E|8|S8
4|20|171|154|74|85|3C|W|10|C6
4|20|14|164|57|38|3N|E|8|S8
4|20|71|250|296|131|2SX|N|7|DK
4|20|167|270|88|189|3N|E|8|SJ
4|21|159|84|165|222|3N|W|10|SQ
4|21|276|111|230|241|3N|W|10|H5
4|21|13|83|96|134|3N|W|9|SQ
4|21|132|76|215|93|3N|E|9|S4
4|21|283|25|307|264|3N|W|11|SJ
4|21|103|261|289|308|3N|W|11|D2
4|21|171|154|74|85|3N|W|10|SQ
4|21|14|164|57|38|3N|W|11|H2
4|21|71|250|296|131|3N|W|10|SQ
4|21|167|270|88|189|3N|W|11|SJ
4|22|159|84|165|222|2H|N|8|S4
4|22|276|111|230|241|1N|N|8|CK
4|22|13|83|96|134|4H|N|8|S4
4|22|132|76|215|93|2H|N|9|S4
4|22|283|25|307|264|2H|N|8|S5
4|22|103|261|289|308|1N|N|7|D4
4|22|171|154|74|85|2H|N|8|S4
4|22|14|164|57|38|4H|N|8|S4
4|22|71|250|296|131|3D|E|9|HQ
4|22|167|270|88|189|1N|E|6|HQ
4|23|159|84|165|222|2S|S|9|D5
4|23|276|111|230|241|4S|N|11|C3
4|23|13|83|96|134|2S|N|11|HT
4|23|132|76|215|93|2S|S|10|SJ
4|23|283|25|307|264|2S|N|9|HT
4|23|103|261|289|308|2S|S|9|HA
4|23|171|154|74|85|2S|W|4|CK
4|23|14|164|57|38|4S|S|9|SJ
4|23|71|250|296|131|2S|N|11|C2
4|23|167|270|88|189|2S|S|10|HA
4|24|159|84|165|222|3D|E|10|HQ
4|24|276|111|230|241|4C|W|10|H3
4|24|13|83|96|134|3H|N|7|DK
4|24|132|76|215|93|4S|W|9|HA
4|24|283|25|307|264|3N|W|7|H3
4|24|103|261|289|308|4C|W|10|HA
4|24|171|154|74|85|3C|W|11|HA
4|24|14|164|57|38|5C|W|10|HA
4|24|71|250|296|131|2H|N|6|S9
4|24|167|270|88|189|2N|E|11|C5
4|25|159|84|165|222|6H|E|12|DT
4|25|276|111|230|241|6H|E|12|DT
4|25|13|83|96|134|4H|W|13|HT
4|25|132|76|215|93|6H|W|12|SA
4|25|283|25|307|264|5H|W|12|SA
4|25|103|261|289|308|6D|W|12|C8
4|25|171|154|74|85|6D|W|12|C5
4|25|14|164|57|38|6H|W|12|SA
4|25|71|250|296|131|6H|W|12|SA
4|25|167|270|88|189|6H|W|13|C8
4|26|159|84|165|222|4H|W|8|CK
4|26|276|111|230|241|4S|S|11|HJ
4|26|13|83|96|134|4S|S|10|HJ
4|26|132|76|215|93|4S|S|11|HJ
4|26|283|25|307|264|4S|S|11|HJ
4|26|103|261|289|308|4S|S|10|HJ
4|26|171|154|74|85|4S|S|10|HJ
4|26|14|164|57|38|4S|S|11|HJ
4|26|71|250|296|131|4S|S|11|HJ
4|26|167|270|88|189|4S|S|10|HJ
4|27|159|84|165|222|6S|S|11|C3
4|27|276|111|230|241|3N|N|12|C6
4|27|13|83|96|134|3N|N|11|ST
4|27|132|76|215|93|3N|S|11|D2
4|27|283|25|307|264|3N|S|11|D6
4|27|103|261|289|308|3N|N|12|C6
4|27|171|154|74|85|3N|N|12|C6
4|27|14|164|57|38|3N|N|10|ST
4|27|71|250|296|131|3N|S|11|D2
4|27|167|270|88|189|3N|S|10|D4
4|28|159|84|165|222|3N|S|12|S4
4|28|276|111|230|241|3N|S|10|HT
4|28|13|83|96|134|3N|S|12|HT
4|28|132|76|215|93|5C|N|11|HK
4|28|283|25|307|264|3N|N|10|HK
4|28|103|261|289|308|3N|N|11|HK
4|28|171|154|74|85|3N|N|11|HK
4|28|14|164|57|38|3N|N|11|HK
4|28|71|250|296|131|3C|N|10|HK
4|28|167|270|88|189|3N|N|11|HK
4|29|159|84|165|222|4H|E|10|C9
4|29|276|111|230|241|4H|E|10|C4
4|29|13|83|96|134|4H|E|10|D7
4|29|132|76|215|93|3N|E|9|S3
4|29|283|25|307|264|4H|W|11|D5
4|29|103|261|289|308|4H|E|10|D5
4|29|171|154|74|85|3N|E|11|S3
4|29|14|164|57|38|4H|E|11|C3
4|29|71|250|296|131|3N|E|8|H5
4|29|167|270|88|189|4H|E|12|D6
4|3|240|284|301|47|3N|N|10|S8
4|3|84|111|222|241|2H|S|10|H2
4|3|13|83|96|134|4H|N|10|D8
4|3|132|76|215|93|4H|S|10|H2
4|3|115|300|129|27|1N|N|8|S6
4|3|103|261|289|308|4H|N|10|HK
4|3|171|154|74|85|2H|S|10|H2
4|3|14|133|57|179|4H|N|10|S6
4|3|71|256|296|142|4H|S|10|D9
4|3|167|270|88|189|1N|N|8|S6
4|30|159|84|165|222|4H|W|10|DQ
4|30|276|111|230|241|4SX|N|8|C3
4|30|13|83|96|134|4SX|N|8|D3
4|30|132|76|215|93|4H|W|10|DQ
4|30|283|25|307|264|4H|E|9|SQ
4|30|103|261|289|308|4H|E|10|SQ
4|30|171|154|74|85|4H|E|10|SQ
4|30|14|164|57|38|4SX|N|8|S3
4|30|71|250|296|131|4SX|S|8|HK
4|30|167|270|88|189|4H|E|10|SQ
4|31|159|84|165|222|3N|S|10|S6
4|31|276|111|230|241|3N|N|11|S4
4|31|13|83|96|134|3N|N|12|S3
4|31|132|76|215|93|3N|N|11|S2
4|31|283|25|307|264|3N|S|12|H5
4|31|103|261|289|308|3N|S|11|S6
4|31|171|154|74|85|3N|S|11|H5
4|31|14|164|57|38|3N|S|11|C6
4|31|71|250|296|131|3N|N|10|S5
4|31|167|270|88|189|3N|S|10|S5
4|32|159|84|165|222|2H|E|7|D8
4|32|276|111|230|241|3C|E|9|S6
4|32|13|83|96|134|2N|W|8|C3
4|32|132|76|215|93|2N|W|8|S3
4|32|283|25|307|264|2N|W|8|C2
4|32|103|261|289|308|2N|W|7|C4
4|32|171|154|74|85|1N|W|7|S3
4|32|14|164|57|38|4H|E|7|S2
4|32|71|250|296|131|2H|W|8|S3
4|32|167|270|88|189|2H|W|8|S3
4|4|240|284|301|47|3N|N|10|HJ
4|4|84|111|222|241|3H|W|9|H5
4|4|13|83|96|134|3D|S|10|HT
4|4|132|76|215|93|3D|S|11|HT
4|4|115|300|129|27|3N|N|10|HK
4|4|103|261|289|308|3N|N|10|HK
4|4|171|154|74|85|3N|N|11|HK
4|4|14|133|57|179|3N|N|10|HK
4|4|71|256|296|142|4SX|W|8|DK
4|4|167|270|88|189|3N|N|10|HK
4|5|240|284|301|47|3N|W|7|CK
4|5|84|111|222|241|3C|E|11|HA
4|5|13|83|96|134|3HX|S|8|CJ
4|5|132|76|215|93|3N|W|7|S2
4|5|115|300|129|27|5D|E|8|HA
4|5|103|261|289|308|5D|E|10|HK
4|5|171|154|74|85|3C|E|11|HK
4|5|14|133|57|179|4S|W|6|H8
4|5|71|256|296|142|1N|W|7|S2
4|5|167|270|88|189|4S|E|10|HA
4|6|240|284|301|47|3H|S|8|HT
4|6|84|111|222|241|3D|E|10|S3
4|6|13|83|96|134|1N|E|7|H5
4|6|132|76|215|93|2H|S|7|HT
4|6|115|300|129|27|2H|S|8|CK
4|6|103|261|289|308|3D|E|9|S2
4|6|171|154|74|85|2H|S|6|HT
4|6|14|133|57|179|2S|N|8|C5
4|6|71|256|296|142|2S|N|10|D2
4|6|167|270|88|189|2H|S|8|HT
4|7|240|284|301|47|3N|W|10|SA
4|7|84|111|222|241|5C|W|11|SA
4|7|13|83|96|134|5C|W|11|DA
4|7|132|76|215|93|3N|W|8|ST
4|7|115|300|129|27|3N|W|8|SQ
4|7|103|261|289|308|5C|W|11|SA
4|7|171|154|74|85|6C|W|11|SA
4|7|14|133|57|179|3N|W|8|ST
4|7|71|256|296|142|3N|W|10|H7
4|7|167|270|88|189|3N|W|7|SA
4|8|240|284|301|47|4S|W|9|H3
4|8|84|111|222|241|4S|E|9|D7
4|8|13|83|96|134|4S|W|8|H5
4|8|132|76|215|93|4S|W|9|H3
4|8|115|300|129|27|4S|W|9|H5
4|8|103|261|289|308|4S|W|9|C5
4|8|171|154|74|85|4S|W|9|H3
4|8|14|133|57|179|4S|W|9|S4
4|8|71|256|296|142|4S|E|9|H2
4|8|167|270|88|189|4S|W|9|D3
4|9|240|284|301|47|4S|E|11|C6
4|9|84|111|222|241|4S|E|11|D2
4|9|13|83|96|134|4H|W|11|C7
4|9|132|76|215|93|5S|E|12|C9
4|9|115|300|129|27|4H|W|9|DA
4|9|103|261|289|308|4H|W|10|C4
4|9|171|154|74|85|4S|E|11|C6
4|9|14|133|57|179|4S|E|11|D4
4|9|71|256|296|142|4H|W|10|C4
4|9|167|270|88|189|4S|E|11|D3
5|1|276|76|230|93|3C|E|11|H3
5|1|13|84|96|222|3N|W|8|DJ
5|1|132|261|215|308|3N|W|10|H4
5|1|115|83|129|134|3N|W|9|DJ
5|1|103|154|289|85|3N|W|10|H4
5|1|14|300|57|27|3N|W|9|DJ
5|1|240|270|301|189|3N|W|11|H4
5|1|71|111|296|241|2H|N|5|D8
5|1|250|164|131|38|3N|W|11|H4
5|1|133|256|179|142|3N|W|9|DJ
5|10|276|76|230|93|4S|S|11|CJ
5|10|13|84|96|222|5S|S|11|CJ
5|10|132|261|215|308|3CX|E|8|HA
5|10|115|83|129|134|5S|N|11|DK
5|10|103|154|289|85|4S|N|11|DK
5|10|14|300|57|27|4S|N|11|DK
5|10|240|270|301|189|5S|S|11|SA
5|10|71|111|296|241|5S|S|11|C5
5|10|250|164|131|38|6S|N|11|DK
5|10|133|256|179|142|4S|S|11|CJ
5|11|276|76|230|93|2S|S|6|HQ
5|11|13|84|96|222|3C|N|9|H3
5|11|132|261|215|308|3D|E|7|H8
5|11|115|83|129|134|3C|N|9|D9
5|11|103|154|289|85|3C|N|7|CJ
5|11|14|300|57|27|1N|N|6|H9
5|11|240|270|301|189|3DX|E|7|H8
5|11|71|111|296|241|3C|N|8|D5
5|11|250|164|131|38|2D|N|7|CJ
5|11|133|256|179|142|2D|N|6|CJ
5|12|276|76|230|93|4S|E|8|CQ
5|12|13|84|96|222|2S|E|8|CQ
5|12|132|261|215|308|2S|E|8|C3
5|12|115|83|129|134|2N|W|6|C8
5|12|103|154|289|85|2S|E|9|H7
5|12|14|300|57|27|2S|E|9|CQ
5|12|240|270|301|189|2S|E|8|CQ
5|12|71|111|296|241|2S|E|9|CQ
5|12|250|164|131|38|2S|E|8|CQ
5|12|133|256|179|142|2S|E|9|CQ
5|13|276|76|230|93|4H|N|9|S2
5|13|13|84|96|222|4H|N|9|S5
5|13|132|261|215|308|5HX|N|8|S5
5|13|115|83|129|134|4H|N|10|S9
5|13|103|154|289|85|4H|N|9|S2
5|13|14|300|57|27|4H|N|9|S2
5|13|240|270|301|189|4H|N|9|S2
5|13|71|111|296|241|4H|N|9|S5
5|13|250|164|131|38|4H|N|9|DT
5|13|133|256|179|142|4SX|W|10|CA
5|14|276|76|230|93|3HX|S|4|C3
5|14|13|84|96|222|3N|W|10|H4
5|14|132|261|215|308|3N|E|10|SJ
5|14|115|83|129|134|3N|W|10|S8
5|14|103|154|289|85|5C|E|11|D7
5|14|14|300|57|27|5C|W|11|C8
5|14|240|270|301|189|3N|E|11|D7
5|14|71|111|296|241|6C|W|12|H5
5|14|250|164|131|38|3N|E|11|H5
5|14|133|256|179|142|3N|E|11|H5
5|15|276|76|230|93|4S|S|10|D6
5|15|13|84|96|222|3N|N|9|H6
5|15|132|261|215|308|3N|S|10|CJ
5|15|115|83|129|134|4S|S|10|D2
5|15|103|154|289|85|4S|N|10|C8
5|15|14|300|57|27|4S|N|9|H7
5|15|240|270|301|189|4S|N|9|HT
5|15|71|111|296|241|4S|S|10|C5
5|15|250|164|131|38|3N|N|10|D2
5|15|133|256|179|142|4S|S|10|D3
5|16|276|76|230|93|4H|S|11|H7
5|16|13|84|96|222|4S|S|11|CK
5|16|132|261|215|308|4H|N|11|S6
5|16|115|83|129|134|4H|N|12|D5
5|16|103|154|289|85|4H|N|11|S9
5|16|14|300|57|27|4S|S|10|CK
5|16|240|270|301|189|4H|N|10|S9
5|16|71|111|296|241|4H|N|11|S5
5|16|250|164|131|38|4H|N|11|D6
5|16|133|256|179|142|4S|S|11|CK
5|17|276|76|230|93|6D|N|11|HA
5|17|13|284|96|47|3N|N|11|H4
5|17|83|261|134|308|6D|S|11|S8
5|17|283|132|307|215|6D|S|11|H3
5|17|25|154|264|85|6D|N|11|HA
5|17|14|300|57|27|6N|N|11|HA
5|17|159|270|165|189|3N|N|12|H5
5|17|71|240|296|301|6SX|W|6|HQ
5|17|167|171|88|74|3N|N|12|H4
5|17|133|256|179|142|6N|N|11|HA
5|18|276|76|230|93|2C|E|8|SK
5|18|13|284|96|47|4S|S|10|CT
5|18|83|261|134|308|4S|S|10|CT
5|18|283|132|307|215|5CX|E|9|DT
5|18|25|154|264|85|4S|S|10|C9
5|18|14|300|57|27|4S|S|10|C9
5|18|159|270|165|189|3N|N|9|CK
5|18|71|240|296|301|2S|S|11|C5
5|18|167|171|88|74|3N|N|10|CK
5|18|133|256|179|142|4S|S|11|CT
5|19|276|76|230|93|4H|N|10|CJ
5|19|13|284|96|47|5D|W|9|HK
5|19|83|261|134|308|5H|N|10|CJ
5|19|283|132|307|215|3H|N|10|DT
5|19|25|154|264|85|4H|N|10|DT
5|19|14|300|57|27|4H|N|10|DT
5|19|159|270|165|189|4H|N|10|DT
5|19|71|240|296|301|5D|W|9|HK
5|19|167|171|88|74|4H|N|9|DT
5|19|133|256|179|142|4H|N|10|DT
5|2|276|76|230|93|5CX|W|9|S2
5|2|13|84|96|222|3C|W|9|S2
5|2|132|261|215|308|4C|W|10|S2
5|2|115|83|129|134|3C|W|9|S3
5|2|103|154|289|85|5C|W|9|S3
5|2|14|300|57|27|3S|S|8|CQ
5|2|240|270|301|189|3N|W|10|D5
5|2|71|111|296|241|3C|W|9|S3
5|2|250|164|131|38|4S|S|8|CK
5|2|133|256|179|142|5C|E|9|SQ
5|20|276|76|230|93|3C|N|8|H2
5|20|13|284|96|47|4HX|E|10|CK
5|20|83|261|134|308|4H|E|10|D4
5|20|283|132|307|215|4H|W|6|SQ
5|20|25|154|264|85|3H|E|10|CK
5|20|14|300|57|27|3H|E|10|CK
5|20|159|270|165|189|4H|E|10|S3
5|20|71|240|296|301|2HX|E|10|C5
5|20|167|171|88|74|3C|N|8|H3
5|20|133|256|179|142|4H|E|10|S2
5|21|276|76|230|93|4H|E|9|SA
5|21|13|284|96|47|4H|E|9|SA
5|21|83|261|134|308|4H|W|10|C9
5|21|283|132|307|215|4H|E|10|C8
5|21|25|154|264|85|4H|W|9|SK
5|21|14|300|57|27|4H|E|9|SA
5|21|159|270|165|189|4H|W|9|SK
5|21|71|240|296|301|4H|E|9|S5
5|21|167|171|88|74|4H|W|9|SK
5|21|133|256|179|142|4H|W|9|SK
5|22|276|76|230|93|2S|W|9|H8
5|22|13|284|96|47|1N|E|8|H5
5|22|83|261|134|308|2S|E|9|C8
5|22|283|132|307|215|3H|N|7|SA
5|22|25|154|264|85|1N|E|8|H5
5|22|14|300|57|27|3S|E|9|HA
5|22|159|270|165|189|2S|W|9|S4
5|22|71|240|296|301|4S|W|9|D4
5|22|167|171|88|74|3S|W|10|H6
5|22|133|256|179|142|2S|W|9|H6
5|23|276|76|230|93|3HX|E|7|C2
5|23|13|284|96|47|3N|N|5|CK
5|23|83|261|134|308|4SX|W|8|HK
5|23|283|132|307|215|2D|S|10|DT
5|23|25|154|264|85|3N|E|7|DQ
5|23|14|300|57|27|3D|S|9|S7
5|23|159|270|165|189|2N|E|8|DA
5|23|71|240|296|301|3D|S|9|DT
5|23|167|171|88|74|3N|E|9|DQ
5|23|133|256|179|142|2D|S|9|CA
5|24|276|76|230|93|1D|E|6|HK
5|24|13|284|96|47|2S|N|8|H3
5|24|83|261|134|308|2S|S|8|CK
5|24|283|132|307|215|2S|S|10|CA
5|24|25|154|264|85|2C|W|9|DA
5|24|14|300|57|27|2S|N|9|H8
5|24|159|270|165|189|2S|S|9|CA
5|24|71|240|296|301|2S|N|8|C2
5|24|167|171|88|74|2S|N|9|C5
5|24|133|256|179|142|2H|W|8|HK
5|25|276|76|230|93|3N|E|7|S3
5|25|13|284|96|47|4H|W|8|SJ
5|25|83|261|134|308|3H|W|9|SJ
5|25|283|132|307|215|2H|W|8|D3
5|25|25|154|264|85|4H|E|9|SA
5|25|14|300|57|27|4H|W|8|SJ
5|25|159|270|165|189|4H|W|9|SJ
5|25|71|240|296|301|3N|E|7|S2
5|25|167|171|88|74|2DX|S|6|C3
5|25|133|256|179|142|3N|E|8|S4
5|26|276|76|230|93|5H|E|10|S6
5|26|13|284|96|47|5H|W|12|S5
5|26|83|261|134|308|5H|W|11|C7
5|26|283|132|307|215|4H|W|10|C2
5|26|25|154|264|85|3N|W|11|C2
5|26|14|300|57|27|3N|W|11|C2
5|26|159|270|165|189|3N|W|11|C7
5|26|71|240|296|301|6D|E|11|HJ
5|26|167|171|88|74|3N|W|11|C2
5|26|133|256|179|142|3N|W|11|C2
5|27|276|76|230|93|2H|S|9|ST
5|27|13|284|96|47|4H|S|9|ST
5|27|83|261|134|308|4H|S|10|DQ
5|27|283|132|307|215|2H|N|10|S3
5|27|25|154|264|85|4H|N|8|C9
5|27|14|300|57|27|3N|N|9|S5
5|27|159|270|165|189|4H|S|10|DQ
5|27|71|240|296|301|4H|S|9|ST
5|27|167|171|88|74|3N|N|10|S3
5|27|133|256|179|142|4H|S|10|S9
5|28|276|76|230|93|1D|W|7|C8
5|28|13|284|96|47|3C|E|8|C6
5|28|83|261|134|308|1N|E|8|S4
5|28|283|132|307|215|1N|E|7|C6
5|28|25|154|264|85|2C|E|10|D4
5|28|14|300|57|27|2H|S|10|CA
5|28|159|270|165|189|1S|S|7|H8
5|28|71|240|296|301|1N|E|7|S4
5|28|167|171|88|74|1N|E|7|S4
5|28|133|256|179|142|1N|E|5|S2
5|29|276|76|230|93|4S|N|10|D7
5|29|13|284|96|47|4S|S|10|D7
5|29|83|261|134|308|4S|S|10|D7
5|29|283|132|307|215|4S|S|10|D7
5|29|25|154|264|85|4S|S|10|D7
5|29|14|300|57|27|3HX|E|7|D6
5|29|159|270|165|189|4S|S|10|D7
5|29|71|240|296|301|4S|S|10|D7
5|29|167|171|88|74|4S|S|10|D7
5|29|133|256|179|142|4S|S|10|D7
5|3|276|76|230|93|4C|E|10|S2
5|3|13|84|96|222|3N|W|11|D5
5|3|132|261|215|308|3N|W|11|D5
5|3|115|83|129|134|4C|E|11|S4
5|3|103|154|289|85|3N|W|10|H7
5|3|14|300|57|27|3N|E|7|S4
5|3|240|270|301|189|3N|W|11|D4
5|3|71|111|296|241|3N|E|7|S4
5|3|250|164|131|38|3C|E|11|HT
5|3|133|256|179|142|1N|E|8|S4
5|30|276|76|230|93|3C|E|10|SA
5|30|13|284|96|47|3S|S|7|DK
5|30|83|261|134|308|3S|S|7|DK
5|30|283|132|307|215|3C|E|10|SK
5|30|25|154|264|85|3C|E|10|SA
5|30|14|300|57|27|2S|S|9|DK
5|30|159|270|165|189|3S|S|7|DA
5|30|71|240|296|301|2N|E|7|S3
5|30|167|171|88|74|3C|E|11|SA
5|30|133|256|179|142|3C|E|10|SA
5|31|276|76|230|93|5D|S|10|D4
5|31|13|284|96|47|5D|S|9|S5
5|31|83|261|134|308|3N|S|8|H3
5|31|283|132|307|215|3N|N|9|H9
5|31|25|154|264|85|3N|N|7|S7
5|31|14|300|57|27|4H|S|9|S7
5|31|159|270|165|189|3N|N|7|CJ
5|31|71|240|296|301|5D|S|11|D5
5|31|167|171|88|74|3N|S|10|C5
5|31|133|256|179|142|3N|N|7|S5
5|32|276|76|230|93|6C|W|11|S3
5|32|13|284|96|47|4C|W|11|D3
5|32|83|261|134|308|6S|E|13|DK
5|32|283|132|307|215|6C|W|11|D8
5|32|25|154|264|85|3N|W|11|D7
5|32|14|300|57|27|6S|E|12|DK
5|32|159|270|165|189|6C|W|11|D8
5|32|71|240|296|301|6C|W|11|D3
5|32|167|171|88|74|3C|W|11|D3
5|32|133|256|179|142|3S|E|12|HT
5|4|276|76|230|93|4H|E|11|DA
5|4|13|84|96|222|5H|E|11|H3
5|4|132|261|215|308|4H|E|11|H3
5|4|115|83|129|134|4H|E|11|S3
5|4|103|154|289|85|4H|E|11|H5
5|4|14|300|57|27|5H|E|11|S3
5|4|240|270|301|189|4H|E|11|CA
5|4|71|111|296|241|3H|E|11|H4
5|4|250|164|131|38|4H|E|11|DA
5|4|133|256|179|142|4H|E|11|H5
5|5|276|76|230|93|2H|E|7|CT
5|5|13|84|96|222|2S|N|8|H9
5|5|132|261|215|308|3D|N|9|CA
5|5|115|83|129|134|3D|N|9|CA
5|5|103|154|289|85|3N|N|8|HT
5|5|14|300|57|27|3HX|E|10|D3
5|5|240|270|301|189|3N|N|8|H6
5|5|71|111|296|241|2H|W|8|DK
5|5|250|164|131|38|3N|N|7|H9
5|5|133|256|179|142|3D|N|9|CA
5|6|276|76|230|93|4H|W|8|CK
5|6|13|84|96|222|4H|W|10|CK
5|6|132|261|215|308|4H|W|10|HJ
5|6|115|83|129|134|5H|W|10|HJ
5|6|103|154|289|85|4H|W|10|HJ
5|6|14|300|57|27|4H|W|9|HJ
5|6|240|270|301|189|4SX|S|6|HQ
5|6|71|111|296|241|4H|W|10|CK
5|6|250|164|131|38|5HX|W|10|HJ
5|6|133|256|179|142|4S|S|9|DJ
5|7|276|76|230|93|3C|E|10|C4
5|7|13|84|96|222|1N|E|3|S6
5|7|132|261|215|308|2D|W|8|C7
5|7|115|83|129|134|1N|E|5|S5
5|7|103|154|289|85|3D|W|11|D5
5|7|14|300|57|27|2D|W|9|HK
5|7|240|270|301|189|1N|E|5|S6
5|7|71|111|296|241|2D|W|10|D5
5|7|250|164|131|38|2D|W|10|D5
5|7|133|256|179|142|2D|W|10|D8
5|8|276|76|230|93|4S|N|9|H3
5|8|13|84|96|222|4S|N|9|H4
5|8|132|261|215|308|4S|S|10|HA
5|8|115|83|129|134|4S|S|11|C5
5|8|103|154|289|85|4S|N|9|H3
5|8|14|300|57|27|4S|S|10|HA
5|8|240|270|301|189|3N|N|9|H6
5|8|71|111|296|241|4S|S|10|ST
5|8|250|164|131|38|4S|N|10|H3
5|8|133|256|179|142|4S|N|10|H4
5|9|276|76|230|93|3N|W|9|D8
5|9|13|84|96|222|3N|W|8|D5
5|9|132|261|215|308|4S|E|10|D3
5|9|115|83|129|134|4S|E|10|HQ
5|9|103|154|289|85|4S|E|10|HQ
5|9|14|300|57|27|4S|W|11|C3
5|9|240|270|301|189|4S|E|9|HQ
5|9|71|111|296|241|4S|E|11|D4
5|9|250|164|131|38|4S|W|9|H3
5|9|133|256|179|142|3N|W|9|H2
6|1|115|284|129|47|3N|S|9|C2
6|1|84|283|222|307|3N|S|10|C9
6|1|14|83|57|134|3N|S|9|CT
6|1|132|154|215|85|3N|N|9|CQ
6|1|164|300|38|27|3N|S|9|C6
6|1|25|171|264|74|3N|S|10|C5
6|1|71|13|296|96|3N|N|10|C5
6|1|76|270|93|189|3N|N|10|S3
6|1|250|111|131|241|3N|S|10|CT
6|1|159|256|165|142|3N|N|10|S6
6|10|115|284|129|47|4H|N|12|C6
6|10|84|283|222|307|6H|N|12|C8
6|10|14|83|57|134|4H|N|12|C5
6|10|132|154|215|85|4H|N|12|C5
6|10|164|300|38|27|3N|S|12|CJ
6|10|25|171|264|74|3N|S|12|C8
6|10|71|13|296|96|4H|N|12|S7
6|10|76|270|93|189|6N|N|12|S6
6|10|250|111|131|241|6N|S|12|C7
6|10|159|256|165|142|6H|N|12|H9
6|11|115|284|129|47|5C|N|8|HK
6|11|84|283|222|307|5DX|E|10|SA
6|11|14|83|57|134|4S|S|8|HA
6|11|132|154|215|85|3D|E|10|SA
6|11|164|300|38|27|3H|N|8|HA
6|11|25|171|264|74|3D|E|11|SA
6|11|71|13|296|96|4S|S|7|HA
6|11|76|270|93|189|4D|E|10|SK
6|11|250|111|131|241|3N|N|8|DT
6|11|159|256|165|142|4D|E|9|SA
6|12|115|284|129|47|4S|S|10|CQ
6|12|84|283|222|307|4S|S|9|CQ
6|12|14|83|57|134|4SX|S|10|HT
6|12|132|154|215|85|4S|S|10|D5
6|12|164|300|38|27|2S|S|9|DQ
6|12|25|171|264|74|4S|S|8|D5
6|12|71|13|296|96|3S|S|9|CQ
6|12|76|270|93|189|4S|S|8|CQ
6|12|250|111|131|241|4S|S|10|D5
6|12|159|256|165|142|4S|S|10|D5
6|13|115|284|129|47|3D|N|10|C7
6|13|84|283|222|307|3N|N|8|HT
6|13|14|83|57|134|3N|N|8|H7
6|13|132|154|215|85|3N|S|10|CT
6|13|164|300|38|27|3N|S|10|CT
6|13|25|171|264|74|4D|N|10|HA
6|13|71|13|296|96|5DX|N|10|HA
6|13|76|270|93|189|4S|N|9|C4
6|13|250|111|131|241|3N|S|7|CT
6|13|159|256|165|142|3N|N|8|H6
6|14|115|284|129|47|3N|E|10|DA
6|14|84|283|222|307|2N|W|8|H3
6|14|14|83|57|134|3N|E|10|D7
6|14|132|154|215|85|3N|E|10|D3
6|14|164|300|38|27|3N|E|11|D7
6|14|25|171|264|74|3C|E|7|DA
6|14|71|13|296|96|2SX|S|6|C9
6|14|76|270|93|189|3N|W|8|SJ
6|14|250|111|131|241|2SX|S|8|C9
6|14|159|256|165|142|1N|W|9|H6
6|15|115|284|129|47|4C|S|9|SQ
6|15|84|283|222|307|3S|W|9|CA
6|15|14|83|57|134|3S|W|9|CA
6|15|132|154|215|85|4S|W|10|CA
6|15|164|300|38|27|3S|E|10|CA
6|15|25|171|264|74|3S|W|10|CA
6|15|71|13|296|96|3S|W|10|CA
6|15|76|270|93|189|3S|W|10|S3
6|15|250|111|131|241|3S|W|10|CA
6|15|159|256|165|142|3S|W|8|CA
6|16|115|284|129|47|6H|E|11|SQ
6|16|84|283|222|307|4H|E|11|SQ
6|16|14|83|57|134|5H|E|11|DA
6|16|132|154|215|85|5H|E|11|DA
6|16|164|300|38|27|4H|E|11|SQ
6|16|25|171|264|74|5H|E|11|DA
6|16|71|13|296|96|6DX|S|9|H2
6|16|76|270|93|189|4S|W|11|H6
6|16|250|111|131|241|6C|W|9|DK
6|16|159|256|165|142|5H|E|11|DA
6|17|115|284|129|47|1N|N|7|H5
6|17|276|283|230|307|3C|N|8|D3
6|17|14|83|57|134|2C|N|9|C8
6|17|132|154|215|85|1N|S|5|DQ
6|17|133|103|179|289|3C|N|9|DT
6|17|25|164|264|38|4C|N|8|D2
6|17|71|13|296|96|3C|N|8|D2
6|17|76|270|93|189|2H|N|7|DJ
6|17|250|240|131|301|2C|N|10|D2
6|17|159|167|165|88|3N|N|7|H8
6|18|115|284|129|47|3D|N|11|HJ
6|18|276|283|230|307|3N|S|8|H8
6|18|14|83|57|134|3D|S|10|H9
6|18|132|154|215|85|2D|S|10|H5
6|18|133|103|179|289|4HX|E|8|CA
6|18|25|164|264|38|3N|N|7|HJ
6|18|71|13|296|96|1N|S|8|H9
6|18|76|270|93|189|3D|N|10|HJ
6|18|250|240|131|301|3N|S|8|H9
6|18|159|167|165|88|2H|W|8|DT
6|19|115|284|129|47|4H|S|12|H6
6|19|276|283|230|307|4H|N|11|S5
6|19|14|83|57|134|3N|S|12|S7
6|19|132|154|215|85|3N|S|12|S7
6|19|133|103|179|289|6H|N|11|S5
6|19|25|164|264|38|4H|N|12|CJ
6|19|71|13|296|96|4H|S|12|H6
6|19|76|270|93|189|6H|S|12|H7
6|19|250|240|131|301|4H|N|12|HA
6|19|159|167|165|88|3N|S|12|S7
6|2|115|284|129|47|3D|E|6|HA
6|2|84|283|222|307|3N|S|10|S3
6|2|14|83|57|134|5C|N|11|CJ
6|2|132|154|215|85|5C|N|10|D5
6|2|164|300|38|27|3N|S|9|S3
6|2|25|171|264|74|5C|N|10|D2
6|2|71|13|296|96|3D|W|6|HQ
6|2|76|270|93|189|4S|N|9|D5
6|2|250|111|131|241|3N|S|9|D2
6|2|159|256|165|142|6C|N|12|CJ
6|20|115|284|129|47|5CX|S|8|HA
6|20|276|283|230|307|4S|S|8|HA
6|20|14|83|57|134|4S|S|10|HA
6|20|132|154|215|85|5H|W|10|S5
6|20|133|103|179|289|5SX|S|10|D6
6|20|25|164|264|38|5SX|S|9|D9
6|20|71|13|296|96|5SX|S|9|C6
6|20|76|270|93|189|5SX|S|9|C7
6|20|250|240|131|301|5SX|S|10|C7
6|20|159|167|165|88|5HX|W|11|C9
6|21|115|284|129|47|5D|S|9|S3
6|21|276|283|230|307|3D|S|8|H5
6|21|14|83|57|134|2S|E|8|DT
6|21|132|154|215|85|4S|E|10|DT
6|21|133|103|179|289|4S|E|10|H4
6|21|71|13|296|96|3S|E|8|D6
6|21|76|270|93|189|5DX|S|8|S2
6|21|250|240|131|301|4S|E|8|DT
6|21|159|167|165|88|4SX|E|8|DT
6|22|115|284|129|47|4H|S|12|SQ
6|22|276|283|230|307|4H|S|12|SQ
6|22|14|83|57|134|4H|S|12|SK
6|22|132|154|215|85|4H|N|12|S6
6|22|133|103|179|289|4H|N|11|S8
6|22|25|164|264|38|4H|N|12|S4
6|22|71|13|296|96|4H|S|11|SK
6|22|76|270|93|189|3N|N|8|S6
6|22|250|240|131|301|4H|N|11|S2
6|22|159|167|165|88|4H|N|12|S4
6|23|115|284|129|47|4S|S|9|DQ
6|23|276|283|230|307|4S|S|9|DQ
6|23|14|83|57|134|3S|S|9|DK
6|23|132|154|215|85|3H|N|9|C2
6|23|133|103|179|289|4S|S|9|DK
6|23|25|164|264|38|4H|N|8|D2
6|23|71|13|296|96|4HX|N|7|D7
6|23|76|270|93|189|3D|W|8|CJ
6|23|250|240|131|301|4HX|N|9|D7
6|23|159|167|165|88|2SX|S|8|DK
6|24|115|284|129|47|4S|N|8|D7
6|24|276|283|230|307|4S|N|8|H2
6|24|14|83|57|134|3S|N|8|D7
6|24|132|154|215|85|4S|N|7|D3
6|24|133|103|179|289|3S|N|8|D3
6|24|25|164|264|38|3S|N|8|D7
6|24|71|13|296|96|5CX|E|8|S2
6|24|76|270|93|189|3S|N|7|D3
6|24|250|240|131|301|3S|N|8|D7
6|24|159|167|165|88|2S|N|8|D3
6|25|115|284|129|47|4H|W|10|SJ
6|25|276|283|230|307|4H|E|10|CA
6|25|14|83|57|134|4H|W|10|HT
6|25|132|154|215|85|4H|W|10|SJ
6|25|133|103|179|289|4H|W|9|SJ
6|25|25|164|264|38|4H|E|10|S2
6|25|71|13|296|96|4H|E|10|S5
6|25|76|270|93|189|4H|W|10|SJ
6|25|250|240|131|301|4H|E|10|S2
6|25|159|167|165|88|4H|E|10|D8
6|26|115|284|129|47|2D|E|7|H4
6|26|276|283|230|307|2S|W|8|ST
6|26|14|83|57|134|2N|W|10|H4
6|26|132|154|215|85|2S|W|10|ST
6|26|133|103|179|289|2S|W|9|ST
6|26|25|164|264|38|3N|W|8|C2
6|26|71|13|296|96|3N|E|9|H5
6|26|76|270|93|189|2S|W|8|ST
6|26|250|240|131|301|2H|W|8|C5
6|26|159|167|165|88|2S|W|11|C7
6|27|115|284|129|47|3C|E|8|H7
6|27|276|283|230|307|3C|W|8|H2
6|27|14|83|57|134|1N|E|7|H4
6|27|132|154|215|85|3C|E|10|SA
6|27|133|103|179|289|2S|W|7|D4
6|27|25|164|264|38|1N|E|9|H4
6|27|71|13|296|96|2N|E|7|H5
6|27|76|270|93|189|3D|N|9|C7
6|27|250|240|131|301|2N|E|7|H7
6|27|159|167|165|88|2D|N|9|HA
6|28|115|284|129|47|5CX|E|11|SA
6|28|276|283|230|307|4SX|S|9|C6
6|28|14|83|57|134|5C|W|11|C4
6|28|132|154|215|85|4S|S|9|C2
6|28|133|103|179|289|3N|E|10|S8
6|28|25|164|264|38|4C|W|11|HA
6|28|71|13|296|96|2SX|S|9|HJ
6|28|76|270|93|189|3C|W|11|S6
6|28|250|240|131|301|3N|W|9|S6
6|28|159|167|165|88|4SX|S|8|C2
6|29|115|284|129|47|3S|W|8|S2
6|29|276|283|230|307|2C|E|7|DK
6|29|14|83|57|134|3H|S|9|D4
6|29|132|154|215|85|2S|W|8|D3
6|29|133|103|179|289|3D|S|10|CQ
6|29|25|164|264|38|2S|W|7|D2
6|29|71|13|296|96|2S|E|8|DK
6|29|76|270|93|189|2D|S|10|CQ
6|29|250|240|131|301|2D|S|9|CQ
6|29|159|167|165|88|2S|W|8|D3
6|3|115|284|129|47|5DX|W|11|C4
6|3|84|283|222|307|3N|W|12|S2
6|3|14|83|57|134|5D|W|11|D4
6|3|132|154|215|85|6D|W|11|H9
6|3|164|300|38|27|3N|E|12|C3
6|3|25|171|264|74|4N|W|11|S3
6|3|71|13|296|96|3N|E|11|C2
6|3|76|270|93|189|3N|E|11|HT
6|3|250|111|131|241|3N|E|11|C3
6|3|159|256|165|142|3N|E|11|C3
6|30|115|284|129|47|3N|S|8|S7
6|30|276|283|230|307|3N|S|10|H7
6|30|14|83|57|134|3H|N|9|SQ
6|30|132|154|215|85|2S|E|5|C7
6|30|133|103|179|289|3D|S|10|C9
6|30|25|164|264|38|3D|S|9|SA
6|30|71|13|296|96|3N|S|10|H2
6|30|76|270|93|189|2S|E|5|C7
6|30|250|240|131|301|2D|S|10|SA
6|30|159|167|165|88|3N|S|7|S9
6|31|115|284|129|47|3N|E|6|C4
6|31|276|283|230|307|2S|N|5|CT
6|31|14|83|57|134|3N|E|7|C4
6|31|132|154|215|85|2S|S|5|CQ
6|31|133|103|179|289|1CX|S|6|CQ
6|31|25|164|264|38|3N|E|7|C3
6|31|71|13|296|96|3CX|E|8|SK
6|31|76|270|93|189|2C|E|7|D8
6|31|250|240|131|301|3N|E|8|C4
6|31|159|167|165|88|2S|N|6|H7
6|32|115|284|129|47|4S|E|9|CT
6|32|276|283|230|307|2S|W|9|H7
6|32|14|83|57|134|3N|W|10|HK
6|32|132|154|215|85|4S|W|10|HA
6|32|133|103|179|289|4S|E|9|H5
6|32|25|164|264|38|4S|E|9|DJ
6|32|71|13|296|96|4S|W|10|HA
6|32|76|270|93|189|4S|E|10|CT
6|32|250|240|131|301|4S|E|10|H7
6|32|159|167|165|88|3N|W|8|DJ
6|4|115|284|129|47|4S|S|11|H4
6|4|84|283|222|307|4S|N|10|HA
6|4|14|83|57|134|4S|S|10|H3
6|4|132|154|215|85|4S|S|9|H6
6|4|164|300|38|27|4C|N|10|HA
6|4|25|171|264|74|3H|E|9|CK
6|4|71|13|296|96|2H|E|9|CK
6|4|76|270|93|189|3S|S|8|CJ
6|4|250|111|131|241|4S|N|10|HA
6|4|159|256|165|142|3H|W|8|DQ
6|5|115|284|129|47|4S|E|10|C2
6|5|84|283|222|307|3N|W|11|HQ
6|5|14|83|57|134|2S|W|11|C2
6|5|132|154|215|85|4S|W|9|C2
6|5|164|300|38|27|4S|W|9|C2
6|5|25|171|264|74|3N|W|10|D3
6|5|71|13|296|96|4S|W|9|C2
6|5|76|270|93|189|4S|W|9|C2
6|5|250|111|131|241|4S|W|8|HQ
6|5|159|256|165|142|4S|W|10|HA
6|6|115|284|129|47|5D|E|12|CQ
6|6|84|283|222|307|5D|E|12|CQ
6|6|14|83|57|134|3S|N|9|DA
6|6|132|154|215|85|5SX|N|9|C2
6|6|164|300|38|27|4S|N|9|DK
6|6|25|171|264|74|4S|N|9|DK
6|6|71|13|296|96|4SX|N|9|DA
6|6|76|270|93|189|5D|E|12|S5
6|6|250|111|131|241|5D|E|12|S6
6|6|159|256|165|142|4S|N|9|DK
6|7|115|284|129|47|1N|W|9|D5
6|7|84|283|222|307|3C|W|9|SQ
6|7|14|83|57|134|3N|W|9|D5
6|7|132|154|215|85|3N|W|9|D5
6|7|164|300|38|27|3N|W|9|D5
6|7|25|171|264|74|1N|W|9|D3
6|7|71|13|296|96|3N|W|9|D5
6|7|76|270|93|189|3N|W|8|H7
6|7|250|111|131|241|2H|W|9|C9
6|7|159|256|165|142|2DX|N|7|S6
6|8|115|284|129|47|4S|E|9|CA
6|8|84|283|222|307|2S|E|10|C3
6|8|14|83|57|134|4S|E|10|CA
6|8|132|154|215|85|2S|E|10|HA
6|8|164|300|38|27|2CX|S|9|HK
6|8|25|171|264|74|4S|E|10|CA
6|8|71|13|296|96|4S|E|7|DA
6|8|76|270|93|189|4S|E|10|DA
6|8|250|111|131|241|3S|E|9|CA
6|8|159|256|165|142|3S|E|9|CA
6|9|115|284|129|47|4S|W|10|HJ
6|9|84|283|222|307|3N|E|10|C8
6|9|14|83|57|134|3N|E|8|C5
6|9|132|154|215|85|4S|W|10|C2
6|9|164|300|38|27|4S|W|10|HJ
6|9|25|171|264|74|3N|E|10|C4
6|9|71|13|296|96|4S|E|9|D5
6|9|76|270|93|189|3N|E|9|H6
6|9|250|111|131|241|3N|E|9|CQ
6|9|159|256|165|142|4S|E|10|H5
7|1|284|154|47|85|4S|S|12|HT
7|1|14|276|57|230|4S|N|12|S4
7|1|132|300|215|27|4S|S|12|C2
7|1|25|83|264|134|4S|N|12|D2
7|1|115|190|129|305|4S|S|12|D5
7|1|71|261|296|308|4S|S|12|C4
7|1|13|167|96|88|4S|S|12|H9
7|1|278|76|131|93|4S|N|11|D2
7|1|159|171|165|74|3N|S|11|HT
7|1|133|111|179|241|4S|N|12|D6
7|10|284|154|47|85|4S|S|10|C7
7|10|14|276|57|230|3S|N|9|CA
7|10|132|300|215|27|4S|N|10|CK
7|10|25|83|264|134|4S|N|10|CA
7|10|115|190|129|305|4S|N|10|CK
7|10|71|261|296|308|2S|N|10|CA
7|10|13|167|96|88|4S|N|10|CA
7|10|278|76|131|93|3S|N|10|CK
7|10|159|171|165|74|4S|N|10|CK
7|10|133|111|179|241|4S|N|10|CK
7|11|284|154|47|85|4H|S|12|S5
7|11|14|276|57|230|4H|S|11|H4
7|11|132|300|215|27|3H|S|11|S5
7|11|25|83|264|134|4H|S|10|DQ
7|11|115|190|129|305|4H|S|10|S5
7|11|71|261|296|308|4H|S|10|DQ
7|11|13|167|96|88|3H|S|9|S5
7|11|278|76|131|93|3H|S|11|S5
7|11|159|171|165|74|4H|S|10|S3
7|11|133|111|179|241|4H|S|10|S3
7|12|284|154|47|85|2S|W|9|HK
7|12|14|276|57|230|1N|W|9|CK
7|12|132|300|215|27|2S|W|9|HA
7|12|25|83|264|134|3S|W|9|HA
7|12|115|190|129|305|2S|W|9|HA
7|12|71|261|296|308|4S|W|9|HA
7|12|13|167|96|88|2S|W|9|HA
7|12|278|76|131|93|2S|W|9|HA
7|12|159|171|165|74|2S|W|9|HK
7|12|133|111|179|241|3S|W|9|CA
7|13|284|154|47|85|3S|S|11|CQ
7|13|14|276|57|230|4S|S|10|CK
7|13|132|300|215|27|5S|S|10|CQ
7|13|25|83|264|134|4S|S|10|D4
7|13|115|190|129|305|4S|S|10|CK
7|13|71|261|296|308|4S|S|10|CK
7|13|13|167|96|88|4S|S|10|D7
7|13|278|76|131|93|4DX|W|9|SK
7|13|159|171|165|74|5DX|E|10|H5
7|13|133|111|179|241|4S|S|9|HA
7|14|284|154|47|85|5D|N|11|CK
7|14|14|276|57|230|5C|E|10|C3
7|14|132|300|215|27|3D|N|11|CK
7|14|25|83|264|134|5DX|N|11|CA
7|14|115|190|129|305|4S|N|9|C7
7|14|71|261|296|308|5D|N|11|SA
7|14|13|167|96|88|4S|S|9|C7
7|14|278|76|131|93|4S|S|9|H8
7|14|159|171|165|74|5D|N|11|CK
7|14|133|111|179|241|3D|N|11|CK
7|15|284|154|47|85|4H|N|10|CK
7|15|14|276|57|230|3H|N|8|CK
7|15|132|300|215|27|5D|W|7|HA
7|15|25|83|264|134|4H|N|8|CA
7|15|115|190|129|305|4H|N|9|CK
7|15|71|261|296|308|4H|N|9|CK
7|15|13|167|96|88|4H|N|9|CA
7|15|278|76|131|93|3H|N|8|CK
7|15|159|171|165|74|5DX|W|7|HK
7|15|133|111|179|241|2H|N|8|CK
7|16|284|154|47|85|4C|W|11|ST
7|16|14|276|57|230|3C|W|10|HQ
7|16|132|300|215|27|3C|W|10|SJ
7|16|25|83|264|134|2S|N|8|CK
7|16|115|190|129|305|3C|W|10|SJ
7|16|71|261|296|308|4C|E|10|SJ
7|16|13|167|96|88|4C|W|10|SJ
7|16|278|76|131|93|P||0
7|16|159|171|165|74|4D|S|7|SA
7|16|133|111|179|241|1N|W|8|S7
7|17|284|154|47|85|4H|W|6|C4
7|17|14|276|57|222|3N|W|7|ST
7|17|83|300|134|27|4S|N|9|SJ
7|17|103|132|289|215|3C|E|7|HJ
7|17|261|190|308|305|3C|E|8|HJ
7|17|71|283|296|307|2S|N|10|CA
7|17|13|167|96|88|4H|W|9|C4
7|17|278|76|131|93|4H|W|7|S9
7|17|159|164|165|38|3C|E|8|HJ
7|17|171|111|74|241|3C|E|9|HJ
7|18|284|154|47|85|6H|E|12|H3
7|18|14|276|57|222|6H|W|12|CQ
7|18|83|300|134|27|6H|E|12|C4
7|18|103|132|289|215|6H|E|12|C3
7|18|261|190|308|305|6N|W|12|DJ
7|18|71|283|296|307|4H|E|12|H7
7|18|13|167|96|88|4N|W|13|DJ
7|18|278|76|131|93|6H|E|12|SA
7|18|159|164|165|38|3N|W|9|DJ
7|18|171|111|74|241|6H|W|12|CQ
7|19|284|154|47|85|3H|S|8|C5
7|19|14|276|57|222|3H|S|11|H6
7|19|83|300|134|27|4H|S|9|DT
7|19|103|132|289|215|4H|S|10|H6
7|19|261|190|308|305|4H|S|9|DT
7|19|71|283|296|307|4H|S|12|DT
7|19|13|167|96|88|3H|S|9|DT
7|19|278|76|131|93|3H|S|10|DT
7|19|159|164|165|38|4H|S|10|C5
7|19|171|111|74|241|3H|S|9|C2
7|2|284|154|47|85|4S|W|10|C2
7|2|14|276|57|230|2S|W|10|D6
7|2|132|300|215|27|4S|W|10|C2
7|2|25|83|264|134|4S|W|10|H4
7|2|115|190|129|305|4S|W|10|C5
7|2|71|261|296|308|4S|W|10|D6
7|2|13|167|96|88|4S|W|10|D2
7|2|278|76|131|93|3C|N|8|SK
7|2|159|171|165|74|4S|W|10|C3
7|2|133|111|179|241|3S|W|10|C3
7|20|284|154|47|85|3H|E|9|S7
7|20|14|276|57|222|4S|W|8|H5
7|20|83|300|134|27|4S|W|10|CQ
7|20|103|132|289|215|4H|E|8|CT
7|20|261|190|308|305|4S|W|8|CQ
7|20|71|283|296|307|4S|W|8|D3
7|20|13|167|96|88|2S|W|9|CQ
7|20|278|76|131|93|3S|W|7|CQ
7|20|159|164|165|38|4H|E|9|CT
7|20|171|111|74|241|4H|E|9|CT
7|21|284|154|47|85|4SX|W|10|D5
7|21|14|276|57|222|5DX|S|8|SA
7|21|83|300|134|27|4SX|W|10|CT
7|21|103|132|289|215|4SX|W|10|D5
7|21|261|190|308|305|3N|E|8|DK
7|21|71|283|296|307|4S|W|11|H7
7|21|13|167|96|88|3S|W|10|D5
7|21|278|76|131|93|3S|W|10|D5
7|21|159|164|165|38|4S|W|9|D5
7|21|171|111|74|241|5D|S|8|SK
7|22|284|154|47|85|2S|S|7|DK
7|22|14|276|57|222|2H|E|9|HA
7|22|83|300|134|27|1N|S|6|D5
7|22|103|132|289|215|2S|S|7|DA
7|22|261|190|308|305|2S|S|7|DA
7|22|71|283|296|307|2D|S|6|S3
7|22|13|167|96|88|2DX|S|6|S3
7|22|278|76|131|93|1N|E|7|C6
7|22|159|164|165|38|1N|S|5|D5
7|22|171|111|74|241|1N|E|8|C6
7|23|284|154|47|85|2S|N|11|C5
7|23|14|276|57|222|2S|N|10|C3
7|23|83|300|134|27|4S|S|8|CJ
7|23|103|132|289|215|3N|N|7|D3
7|23|261|190|308|305|3S|S|11|CQ
7|23|71|283|296|307|2S|S|9|H9
7|23|13|167|96|88|4S|N|11|C5
7|23|278|76|131|93|3S|N|11|H7
7|23|159|164|165|38|4H|S|8|DA
7|23|171|111|74|241|2S|S|11|CQ
7|24|284|154|47|85|4H|W|8|D3
7|24|14|276|57|222|2H|W|10|HT
7|24|83|300|134|27|4H|W|11|D5
7|24|103|132|289|215|2H|E|8|D4
7|24|261|190|308|305|4H|E|9|D6
7|24|71|283|296|307|4H|E|10|D4
7|24|13|167|96|88|4H|E|10|CJ
7|24|278|76|131|93|3N|E|9|CT
7|24|159|164|165|38|4H|E|9|D4
7|24|171|111|74|241|3H|W|8|D5
7|25|284|154|47|85|3N|E|10|H8
7|25|14|276|57|222|3N|E|10|H9
7|25|83|300|134|27|3N|E|10|H4
7|25|103|132|289|215|3N|W|9|CK
7|25|261|190|308|305|4H|E|10|DJ
7|25|71|283|296|307|1NX|N|3|C2
7|25|13|167|96|88|1N|N|2|C3
7|25|278|76|131|93|3N|E|9|C4
7|25|159|164|165|38|3N|W|9|CK
7|25|171|111|74|241|2SX|N|3|CA
7|26|284|154|47|85|4S|E|10|HJ
7|26|14|276|57|222|4S|E|10|CA
7|26|83|300|134|27|4S|E|10|D6
7|26|103|132|289|215|4S|E|10|D7
7|26|261|190|308|305|4S|E|10|HJ
7|26|71|283|296|307|4S|E|10|D7
7|26|13|167|96|88|4S|E|10|S7
7|26|278|76|131|93|4S|E|10|HJ
7|26|159|164|165|38|4S|E|10|D9
7|26|171|111|74|241|4S|E|10|HJ
7|27|284|154|47|85|4D|N|7|H4
7|27|14|276|57|222|3H|W|10|C5
7|27|83|300|134|27|4H|W|10|DA
7|27|103|132|289|215|3H|W|10|C5
7|27|261|190|308|305|4H|W|10|C7
7|27|71|283|296|307|2C|N|7|SJ
7|27|13|167|96|88|4H|W|10|C7
7|27|278|76|131|93|3H|W|10|C7
7|27|159|164|165|38|3H|W|10|C5
7|27|171|111|74|241|3H|W|10|C7
7|28|284|154|47|85|3N|W|8|S3
7|28|14|276|57|222|2S|N|6|HJ
7|28|83|300|134|27|1N|W|9|S9
7|28|103|132|289|215|3D|E|9|SJ
7|28|261|190|308|305|2S|N|6|HJ
7|28|71|283|296|307|2N|W|7|S5
7|28|13|167|96|88|2S|N|7|SA
7|28|278|76|131|93|1N|E|8|H3
7|28|159|164|165|38|1N|W|7|S6
7|28|171|111|74|241|1N|E|9|SJ
7|29|284|154|47|85|3D|E|11|CK
7|29|14|276|57|222|2D|E|11|DT
7|29|83|300|134|27|2D|E|11|CA
7|29|103|132|289|215|2D|E|9|CA
7|29|261|190|308|305|2D|E|12|CK
7|29|71|283|296|307|2D|E|12|D5
7|29|13|167|96|88|3D|E|11|CA
7|29|278|76|131|93|3N|E|9|H3
7|29|159|164|165|38|2D|E|11|CK
7|29|171|111|74|241|1N|S|4|CJ
7|3|284|154|47|85|3N|S|9|D9
7|3|14|276|57|230|2H|E|9|DA
7|3|132|300|215|27|3N|S|8|CQ
7|3|25|83|264|134|2H|E|9|DA
7|3|115|190|129|305|3C|S|9|D7
7|3|71|261|296|308|4H|W|8|C2
7|3|13|167|96|88|3H|W|8|C2
7|3|278|76|131|93|1N|S|7|H8
7|3|159|171|165|74|2N|S|9|H8
7|3|133|111|179|241|2H|E|9|C9
7|30|284|154|47|85|4S|W|11|D6
7|30|14|276|57|222|4S|W|11|H7
7|30|83|300|134|27|4S|W|10|D6
7|30|103|132|289|215|4S|W|10|H7
7|30|261|190|308|305|2S|W|10|CA
7|30|71|283|296|307|3S|W|9|H7
7|30|13|167|96|88|3N|E|7|CK
7|30|278|76|131|93|4S|W|10|H8
7|30|159|164|165|38|4S|W|10|H7
7|30|171|111|74|241|4S|W|10|D6
7|31|284|154|47|85|4S|E|9|S6
7|31|14|276|57|222|4S|E|9|S6
7|31|83|300|134|27|4H|W|9|CK
7|31|103|132|289|215|3H|W|8|CK
7|31|261|190|308|305|3CX|N|8|C2
7|31|71|283|296|307|3S|W|10|H2
7|31|13|167|96|88|4H|W|9|CK
7|31|278|76|131|93|4H|E|8|CK
7|31|159|164|165|38|3C|N|9|DA
7|31|171|111|74|241|3D|S|6|D8
7|32|284|154|47|85|4H|E|13|SQ
7|32|14|276|57|222|5H|E|12|SK
7|32|83|300|134|27|4H|E|10|SK
7|32|103|132|289|215|5CX|N|8|S5
7|32|261|190|308|305|4SX|S|7|DK
7|32|71|283|296|307|4H|E|10|SQ
7|32|13|167|96|88|4H|E|13|C2
7|32|278|76|131|93|4H|E|13|SK
7|32|159|164|165|38|5H|E|13|C6
7|32|171|111|74|241|4H|E|10|SK
7|4|284|154|47|85|4S|S|10|S9
7|4|14|276|57|230|4S|S|10|C8
7|4|132|300|215|27|2S|N|9|D2
7|4|25|83|264|134|4S|N|11|H3
7|4|115|190|129|305|4S|N|10|D2
7|4|71|261|296|308|5C|S|9|D6
7|4|13|167|96|88|2C|S|10|S7
7|4|278|76|131|93|4S|S|10|D4
7|4|159|171|165|74|4S|N|10|D5
7|4|133|111|179|241|1C|S|10|D6
7|5|284|154|47|85|2H|S|6|DK
7|5|14|276|57|230|3D|W|8|CA
7|5|132|300|215|27|2DX|W|7|CA
7|5|25|83|264|134|3D|W|6|CA
7|5|115|190|129|305|1N|S|7|CQ
7|5|71|261|296|308|3C|E|8|D5
7|5|13|167|96|88|2D|N|7|CQ
7|5|278|76|131|93|3C|E|8|SK
7|5|159|171|165|74|3H|S|6|DK
7|5|133|111|179|241|3D|W|6|SA
7|6|284|154|47|85|3DX|W|9|HK
7|6|14|276|57|230|5C|S|12|DA
7|6|132|300|215|27|5C|S|12|ST
7|6|25|83|264|134|4S|N|10|D2
7|6|115|190|129|305|6C|N|12|DK
7|6|71|261|296|308|4S|N|11|C7
7|6|13|167|96|88|6C|S|12|ST
7|6|278|76|131|93|6C|S|12|DA
7|6|159|171|165|74|4C|N|12|DA
7|6|133|111|179|241|3DX|W|8|HA
7|7|284|154|47|85|6H|S|12|DJ
7|7|14|276|57|230|6H|S|12|DJ
7|7|132|300|215|27|4H|S|12|D5
7|7|25|83|264|134|6H|S|12|DJ
7|7|115|190|129|305|4H|S|12|DJ
7|7|71|261|296|308|4H|S|12|D5
7|7|13|167|96|88|4H|S|11|D5
7|7|278|76|131|93|7H|N|12|DK
7|7|159|171|165|74|4H|S|12|DJ
7|7|133|111|179|241|6H|S|12|DJ
7|8|284|154|47|85|6D|W|11|SA
7|8|14|276|57|230|3N|W|12|S4
7|8|132|300|215|27|3N|W|11|S4
7|8|25|83|264|134|3N|E|12|S3
7|8|115|190|129|305|3N|E|10|S7
7|8|71|261|296|308|3N|E|11|S3
7|8|13|167|96|88|3N|W|10|DT
7|8|278|76|131|93|3N|W|11|S4
7|8|159|171|165|74|3N|W|11|C7
7|8|133|111|179|241|3N|E|12|S3
7|9|284|154|47|85|5HX|N|8|SK
7|9|14|276|57|230|4HX|N|8|SK
7|9|132|300|215|27|4H|N|8|SQ
7|9|25|83|264|134|4H|N|8|S9
7|9|115|190|129|305|5HX|N|8|SK
7|9|71|261|296|308|5SX|E|9|CK
7|9|13|167|96|88|4H|N|8|D7
7|9|278|76|131|93|5S|W|8|HK
7|9|159|171|165|74|4H|N|8|SK
7|9|133|111|179|241|5HX|N|8|SK
8|1|25|276|264|230|5S|N|11|C2
8|1|47|300|222|27|5S|S|11|CJ
8|1|133|83|179|134|4S|S|11|CJ
8|1|132|164|215|38|4S|S|9|D5
8|1|71|154|296|85|5S|S|11|CJ
8|1|14|190|57|305|6S|S|11|CJ
8|1|167|261|88|308|4S|S|11|CJ
8|1|115|278|129|131|6H|N|12|SK
8|1|240|76|301|93|6S|S|10|D6
8|1|13|159|96|165|4S|S|10|D4
8|10|25|276|264|230|3H|N|8|S6
8|10|47|300|222|27|2H|N|9|D5
8|10|133|83|179|134|2H|N|8|D6
8|10|132|164|215|38|2S|E|8|H2
8|10|71|154|296|85|3H|N|9|S5
8|10|14|190|57|305|2H|N|8|D5
8|10|167|261|88|308|4H|N|9|D5
8|10|115|278|129|131|3H|N|9|S6
8|10|240|76|301|93|2H|N|9|D5
8|10|13|159|96|165|3H|N|9|D5
8|11|25|276|264|230|4S|N|9|DA
8|11|47|300|222|27|4S|N|10|DA
8|11|133|83|179|134|4S|N|9|DA
8|11|132|164|215|38|3S|N|8|DA
8|11|71|154|296|85|3D|W|8|HK
8|11|14|190|57|305|4S|N|9|DA
8|11|167|261|88|308|2H|S|8|DQ
8|11|115|278|129|131|4S|N|8|CJ
8|11|240|76|301|93|2H|S|8|DQ
8|11|13|159|96|165|4SX|N|8|CJ
8|12|25|276|264|230|3D|E|7|SJ
8|12|47|300|222|27|3S|N|10|CA
8|12|133|83|179|134|4S|N|10|D5
8|12|132|164|215|38|4S|N|11|D5
8|12|71|154|296|85|2S|N|10|D5
8|12|14|190|57|305|3S|N|9|H9
8|12|167|261|88|308|4S|N|11|D2
8|12|115|278|129|131|3S|N|10|HT
8|12|240|76|301|93|4S|N|11|HT
8|12|13|159|96|165|2S|N|11|D5
8|13|25|276|264|230|4H|N|10|D2
8|13|47|300|222|27|4H|N|11|D4
8|13|133|83|179|134|4H|N|10|D4
8|13|132|164|215|38|4H|N|10|CT
8|13|71|154|296|85|4H|N|10|D4
8|13|14|190|57|305|4H|N|10|D4
8|13|167|261|88|308|4H|N|10|D3
8|13|115|278|129|131|4H|N|11|S8
8|13|240|76|301|93|4H|N|9|D5
8|13|13|159|96|165|4H|N|10|D4
8|14|25|276|264|230|1N|W|8|D8
8|14|47|300|222|27|2H|E|7|D6
8|14|133|83|179|134|3H|E|7|D6
8|14|132|164|215|38|4HX|E|7|D6
8|14|71|154|296|85|2N|S|5|H2
8|14|14|190|57|305|1N|E|7|D5
8|14|167|261|88|308|3HX|W|7|C2
8|14|115|278|129|131|3NX|E|5|D5
8|14|240|76|301|93|2H|E|6|S7
8|14|13|159|96|165|2C|N|8|H6
8|15|25|276|264|230|6S|E|11|ST
8|15|47|300|222|27|4S|E|11|ST
8|15|133|83|179|134|4S|E|11|D2
8|15|132|164|215|38|4S|E|11|D2
8|15|71|154|296|85|6S|E|11|DK
8|15|14|190|57|305|4S|E|11|DK
8|15|167|261|88|308|4S|E|11|DK
8|15|115|278|129|131|4S|W|11|H8
8|15|240|76|301|93|4S|W|11|H8
8|15|13|159|96|165|4S|E|11|D2
8|16|25|276|264|230|2S|E|10|C7
8|16|47|300|222|27|4H|N|7|SK
8|16|133|83|179|134|3S|E|10|C3
8|16|132|164|215|38|5D|S|9|S2
8|16|71|154|296|85|5DX|N|9|SK
8|16|14|190|57|305|2S|E|10|DT
8|16|167|261|88|308|2S|E|10|C2
8|16|115|278|129|131|3S|E|11|SQ
8|16|240|76|301|93|4S|E|10|D6
8|16|13|159|96|165|4S|E|10|H4
8|17|25|276|264|230|2H|W|8|C2
8|17|284|103|222|289|3H|W|8|C2
8|17|164|83|38|134|3H|W|9|S7
8|17|132|171|215|74|4C|S|10|H4
8|17|71|154|296|85|3H|W|9|C4
8|17|14|190|57|305|3N|N|9|D8
8|17|167|261|88|308|3H|W|9|S7
8|17|283|278|307|131|2N|N|9|C9
8|17|240|76|301|93|2H|E|6|C7
8|17|13|111|96|241|4C|S|10|H4
8|18|25|276|264|230|3N|E|9|SK
8|18|284|103|222|289|3N|W|10|C3
8|18|164|83|38|134|3N|E|9|SK
8|18|132|171|215|74|3N|E|9|SK
8|18|71|154|296|85|3N|W|9|C4
8|18|14|190|57|305|4H|E|10|CT
8|18|167|261|88|308|3N|E|9|SK
8|18|283|278|307|131|3N|E|11|SQ
8|18|240|76|301|93|4H|E|10|CT
8|18|13|111|96|241|3N|E|9|SK
8|19|25|276|264|230|3N|W|7|SQ
8|19|284|103|222|289|3N|W|7|H4
8|19|164|83|38|134|3N|W|7|SK
8|19|132|171|215|74|1DX|S|6|D8
8|19|71|154|296|85|3N|W|8|SK
8|19|14|190|57|305|2S|E|8|H8
8|19|167|261|88|308|3N|W|7|H3
8|19|283|278|307|131|1N|E|8|C4
8|19|240|76|301|93|3N|W|8|SQ
8|19|13|111|96|241|1N|E|8|H2
8|2|25|276|264|230|3S|W|8|CA
8|2|47|300|222|27|4SX|E|7|DQ
8|2|133|83|179|134|3S|W|8|DQ
8|2|132|164|215|38|4S|W|8|CA
8|2|71|154|296|85|2S|W|8|CA
8|2|14|190|57|305|2S|W|8|DQ
8|2|167|261|88|308|2S|W|8|CA
8|2|115|278|129|131|3S|E|8|DQ
8|2|240|76|301|93|2S|W|8|CK
8|2|13|159|96|165|1N|E|6|HJ
8|20|25|276|264|230|4HX|S|9|S3
8|20|284|103|222|289|4H|S|9|C7
8|20|164|83|38|134|4HX|S|7|D7
8|20|132|171|215|74|4H|S|7|D7
8|20|71|154|296|85|3N|N|8|S5
8|20|14|190|57|305|3SX|E|6|H3
8|20|167|261|88|308|4H|N|7|D4
8|20|283|278|307|131|4S|E|6|H3
8|20|240|76|301|93|4H|S|7|D6
8|20|13|111|96|241|2H|S|7|D7
8|21|25|276|264|230|4H|W|10|ST
8|21|284|103|222|289|4H|W|10|DQ
8|21|164|83|38|134|4H|W|10|DQ
8|21|132|171|215|74|3H|W|10|DQ
8|21|71|154|296|85|4H|W|10|ST
8|21|14|190|57|305|4H|W|10|S8
8|21|167|261|88|308|4H|W|10|DQ
8|21|283|278|307|131|3H|W|10|ST
8|21|240|76|301|93|3S|S|6|HK
8|21|13|111|96|241|4H|W|10|DQ
8|22|25|276|264|230|1N|E|7|HT
8|22|284|103|222|289|3HX|S|8|H7
8|22|164|83|38|134|1N|W|6|H3
8|22|132|171|215|74|2N|E|9|HJ
8|22|71|154|296|85|3H|N|9|CK
8|22|14|190|57|305|2H|S|9|DQ
8|22|167|261|88|308|2S|W|7|H4
8|22|283|278|307|131|3N|E|7|ST
8|22|240|76|301|93|3N|E|8|ST
8|22|13|111|96|241|1N|E|7|HJ
8|23|25|276|264|230|2DXX|W|6|H9
8|23|284|103|222|289|3N|W|10|DT
8|23|164|83|38|134|3N|W|9|S4
8|23|132|171|215|74|3N|W|10|DT
8|23|71|154|296|85|3N|W|10|DT
8|23|14|190|57|305|3N|W|10|DK
8|23|167|261|88|308|3N|W|10|DT
8|23|283|278|307|131|3N|W|10|H9
8|23|240|76|301|93|3N|W|10|H9
8|23|13|111|96|241|3N|W|10|DT
8|24|25|276|264|230|6H|E|12|C7
8|24|284|103|222|289|4H|E|12|S3
8|24|164|83|38|134|4H|E|12|CT
8|24|132|171|215|74|4H|W|12|SK
8|24|71|154|296|85|4H|W|12|SK
8|24|14|190|57|305|6H|E|12|DA
8|24|167|261|88|308|4H|E|12|C5
8|24|283|278|307|131|4H|E|12|C9
8|24|240|76|301|93|4H|E|12|SK
8|24|13|111|96|241|4H|E|12|S5
8|25|25|276|264|230|3HX|E|6|D2
8|25|284|103|222|289|4HX|E|9|CA
8|25|164|83|38|134|4S|W|9|CQ
8|25|132|171|215|74|3H|E|8|D9
8|25|71|154|296|85|4HX|E|9|CA
8|25|14|190|57|305|4S|W|10|CQ
8|25|167|261|88|308|4S|W|9|CQ
8|25|283|278|307|131|2S|W|9|DJ
8|25|240|76|301|93|1N|E|9|HK
8|25|13|111|96|241|4H|E|9|CA
8|26|25|276|264|230|4H|W|10|D2
8|26|284|103|222|289|4H|W|11|SA
8|26|164|83|38|134|4H|W|10|H7
8|26|132|171|215|74|4H|W|12|C3
8|26|71|154|296|85|4H|W|11|SA
8|26|14|190|57|305|4H|W|11|H5
8|26|167|261|88|308|4H|W|12|C2
8|26|283|278|307|131|4H|W|12|C2
8|26|240|76|301|93|4H|W|11|C6
8|26|13|111|96|241|4H|W|12|C2
8|27|25|276|264|230|3N|N|8|C2
8|27|284|103|222|289|3N|N|7|C4
8|27|164|83|38|134|3N|N|9|C4
8|27|132|171|215|74|3N|N|7|C4
8|27|71|154|296|85|3N|N|7|C4
8|27|14|190|57|305|3N|N|6|C4
8|27|167|261|88|308|3N|N|8|C4
8|27|283|278|307|131|3N|S|8|S6
8|27|240|76|301|93|3N|S|7|CJ
8|27|13|111|96|241|3N|N|8|C4
8|28|25|276|264|230|4H|E|9|DA
8|28|284|103|222|289|5H|E|9|DA
8|28|164|83|38|134|3N|W|7|S4
8|28|132|171|215|74|4H|E|8|DA
8|28|71|154|296|85|3N|W|7|S4
8|28|14|190|57|305|2H|W|9|D2
8|28|167|261|88|308|5C|W|9|S4
8|28|283|278|307|131|3S|N|9|C6
8|28|240|76|301|93|3C|W|9|S7
8|28|13|111|96|241|4HX|E|8|DA
8|29|25|276|264|230|1N|N|7|HK
8|29|284|103|222|289|3C|N|9|HK
8|29|164|83|38|134|1N|N|5|HK
8|29|132|171|215|74|1N|N|7|HK
8|29|71|154|296|85|2D|N|10|S5
8|29|14|190|57|305|1N|N|6|HK
8|29|167|261|88|308|2N|N|6|HK
8|29|283|278|307|131|2S|W|7|DQ
8|29|240|76|301|93|3S|W|6|C7
8|29|13|111|96|241|3D|N|9|HK
8|3|25|276|264|230|1N|N|5|S2
8|3|47|300|222|27|1N|S|7|DQ
8|3|133|83|179|134|1N|N|3|S3
8|3|132|164|215|38|2D|W|6|CJ
8|3|71|154|296|85|1N|S|7|DQ
8|3|14|190|57|305|1N|N|5|S3
8|3|167|261|88|308|1H|S|6|S5
8|3|115|278|129|131|1N|N|5|S3
8|3|240|76|301|93|1N|S|10|D6
8|3|13|159|96|165|1N|S|6|DQ
8|30|25|276|264|230|3C|E|10|DT
8|30|284|103|222|289|5C|W|11|HK
8|30|164|83|38|134|1N|W|9|D4
8|30|132|171|215|74|1N|W|8|D5
8|30|71|154|296|85|3N|W|8|H2
8|30|14|190|57|305|3C|W|11|HK
8|30|167|261|88|308|3N|E|8|H7
8|30|283|278|307|131|3C|W|10|HQ
8|30|240|76|301|93|3C|E|11|H6
8|30|13|111|96|241|3C|W|12|HK
8|31|25|276|264|230|3N|N|11|S3
8|31|284|103|222|289|3N|N|11|S7
8|31|164|83|38|134|3N|N|11|ST
8|31|132|171|215|74|5D|N|11|S6
8|31|71|154|296|85|5C|N|11|S5
8|31|14|190|57|305|3N|N|11|S7
8|31|167|261|88|308|3N|N|11|S7
8|31|283|278|307|131|3N|N|11|SQ
8|31|240|76|301|93|3N|N|11|S6
8|31|13|111|96|241|3N|N|11|SQ
8|32|25|276|264|230|3N|E|8|H3
8|32|284|103|222|289|5CX|E|9|HA
8|32|164|83|38|134|4CX|E|8|HA
8|32|132|171|215|74|3N|S|7|DT
8|32|71|154|296|85|3S|N|8|CK
8|32|14|190|57|305|4CX|E|9|HK
8|32|167|261|88|308|3S|N|8|CA
8|32|283|278|307|131|3S|N|7|CA
8|32|240|76|301|93|4S|N|8|CK
8|32|13|111|96|241|3S|N|8|CK
8|4|25|276|264|230|3S|N|9|HK
8|4|47|300|222|27|2H|S|6|C2
8|4|133|83|179|134|3D|W|8|SA
8|4|132|164|215|38|3H|W|7|S3
8|4|71|154|296|85|2HX|W|8|ST
8|4|14|190|57|305|4S|S|9|D9
8|4|167|261|88|308|4S|S|8|H5
8|4|115|278|129|131|3S|S|10|DT
8|4|240|76|301|93|2S|N|11|S2
8|4|13|159|96|165|2C|N|9|HK
8|5|25|276|264|230|4C|W|10|S6
8|5|47|300|222|27|4H|E|11|D4
8|5|133|83|179|134|5C|E|9|C6
8|5|132|164|215|38|4S|S|9|H8
8|5|71|154|296|85|3C|E|10|D5
8|5|14|190|57|305|4C|W|10|S2
8|5|167|261|88|308|4C|W|10|ST
8|5|115|278|129|131|3C|W|10|H7
8|5|240|76|301|93|3S|N|8|C3
8|5|13|159|96|165|3S|N|8|C4
8|6|25|276|264|230|4S|W|12|CJ
8|6|47|300|222|27|4S|W|12|D6
8|6|133|83|179|134|5S|W|12|CJ
8|6|132|164|215|38|5S|W|12|D2
8|6|71|154|296|85|5SX|W|12|D2
8|6|14|190|57|305|5S|E|12|DA
8|6|167|261|88|308|7DX|S|9|HJ
8|6|115|278|129|131|4S|W|12|CJ
8|6|240|76|301|93|5S|E|11|C3
8|6|13|159|96|165|4S|W|12|CJ
8|7|25|276|264|230|2N|W|10|C8
8|7|47|300|222|27|1N|S|8|H8
8|7|133|83|179|134|1N|W|7|S3
8|7|132|164|215|38|2C|E|9|SQ
8|7|71|154|296|85|1N|W|6|S3
8|7|14|190|57|305|1N|S|6|H8
8|7|167|261|88|308|2C|N|3|C3
8|7|115|278|129|131|1N|E|6|DT
8|7|240|76|301|93|1N|S|6|H5
8|7|13|159|96|165|1N|W|7|S3
8|8|25|276|264|230|3N|N|7|C6
8|8|47|300|222|27|2D|E|7|CJ
8|8|133|83|179|134|3N|N|9|D5
8|8|132|164|215|38|3N|S|8|H2
8|8|71|154|296|85|3N|N|6|D5
8|8|14|190|57|305|3N|N|6|DQ
8|8|167|261|88|308|3N|N|6|D6
8|8|115|278|129|131|3N|S|9|H2
8|8|240|76|301|93|4H|S|8|C5
8|8|13|159|96|165|3N|N|7|D5
8|9|25|276|264|230|1N|N|6|DA
8|9|47|300|222|27|3H|S|10|D8
8|9|133|83|179|134|2H|N|8|DA
8|9|132|164|215|38|3H|S|10|D9
8|9|71|154|296|85|2H|S|10|D9
8|9|14|190|57|305|1N|N|6|DA
8|9|167|261|88|308|2H|S|9|D5
8|9|115|278|129|131|2H|S|10|D9
8|9|240|76|301|93|4H|S|8|D3
8|9|13|159|96|165|3H|N|9|DK
9|1|284|83|47|134|3N|E|7|SK
9|1|132|276|215|230|1N|W|8|H8
9|1|103|190|289|305|1N|E|10|D4
9|1|71|300|296|27|2N|E|9|D3
9|1|14|278|57|131|3C|E|9|SK
9|1|167|154|88|85|2N|W|8|S2
9|1|115|240|129|301|1N|E|7|SK
9|1|159|283|165|307|1N|E|8|D4
9|1|13|164|96|38|1N|E|8|D3
9|1|133|76|179|93|3N|E|8|S3
9|10|284|83|47|134|4H|E|9|H8
9|10|132|276|215|230|4H|W|10|C2
9|10|103|190|289|305|4H|E|10|H7
9|10|71|300|296|27|4H|W|10|H7
9|10|14|278|57|131|4H|E|9|CK
9|10|167|154|88|85|4H|E|9|C5
9|10|115|240|129|301|3H|E|9|H7
9|10|159|283|165|307|4H|E|10|S2
9|10|13|164|96|38|4H|W|9|D9
9|10|133|76|179|93|4H|E|10|H8
9|11|284|83|47|134|2H|N|6|H5
9|11|132|276|215|230|3C|N|7|DA
9|11|103|190|289|305|2C|E|6|H5
9|11|71|300|296|27|3D|S|7|C8
9|11|14|278|57|131|2CX|E|7|H5
9|11|167|154|88|85|2CX|E|6|H3
9|11|115|240|129|301|1N|S|5|S3
9|11|159|283|165|307|2H|S|6|C8
9|11|13|164|96|38|2CX|E|5|H4
9|11|133|76|179|93|2D|S|6|ST
9|12|284|83|47|134|4H|E|10|S4
9|12|132|276|215|230|4SX|N|8|HA
9|12|103|190|289|305|6DX|E|9|CA
9|12|71|300|296|27|4H|E|9|S9
9|12|14|278|57|131|4H|W|10|SK
9|12|167|154|88|85|4H|E|11|S8
9|12|115|240|129|301|4HX|E|9|S4
9|12|159|283|165|307|5HX|E|11|S4
9|12|13|164|96|38|6C|W|9|SA
9|12|133|76|179|93|4H|E|10|S4
9|13|284|83|47|134|4H|W|10|S4
9|13|132|276|215|230|4H|W|11|D3
9|13|103|190|289|305|4H|W|11|D4
9|13|71|300|296|27|4H|W|10|S3
9|13|14|278|57|131|4H|W|11|S3
9|13|167|154|88|85|4H|E|11|S7
9|13|115|240|129|301|3N|W|11|S4
9|13|159|283|165|307|4H|W|11|S3
9|13|13|164|96|38|4H|W|11|CA
9|13|133|76|179|93|4H|W|11|S4
9|14|284|83|47|134|4S|S|7|H3
9|14|132|276|215|230|3N|S|7|H4
9|14|103|190|289|305|4S|S|8|HT
9|14|71|300|296|27|3N|S|8|H6
9|14|14|278|57|131|2S|S|9|H9
9|14|167|154|88|85|4S|N|8|H2
9|14|115|240|129|301|4S|S|7|H4
9|14|159|283|165|307|3N|S|3|HT
9|14|13|164|96|38|2S|N|9|H7
9|14|133|76|179|93|3H|W|9|H5
9|15|284|83|47|134|3D|S|7|C6
9|15|132|276|215|230|2D|S|7|D3
9|15|103|190|289|305|3C|E|10|S2
9|15|71|300|296|27|2S|S|6|D8
9|15|14|278|57|131|1N|E|7|DJ
9|15|167|154|88|85|2D|S|7|C2
9|15|115|240|129|301|2S|N|7|CT
9|15|159|283|165|307|3D|S|7|C2
9|15|13|164|96|38|2D|S|7|C2
9|15|133|76|179|93|1D|E|6|CQ
9|16|284|83|47|134|4HX|S|10|SK
9|16|132|276|215|230|5HX|S|11|SK
9|16|103|190|289|305|5D|E|9|HK
9|16|71|300|296|27|4H|S|12|SK
9|16|14|278|57|131|5DX|E|8|C2
9|16|167|154|88|85|4H|S|10|SK
9|16|115|240|129|301|5HX|S|10|SK
9|16|159|283|165|307|5HX|N|10|S4
9|16|13|164|96|38|4H|S|10|SK
9|16|133|76|179|93|5D|E|10|C2
9|17|284|83|47|134|3D|W|10|C3
9|17|132|230|215|222|4H|E|8|D3
9|17|103|190|289|305|4H|E|10|H8
9|17|71|25|296|264|3N|W|9|H4
9|17|14|278|57|131|3CX|S|9|HT
9|17|167|154|88|85|4H|W|10|C8
9|17|115|111|129|241|3D|E|10|H6
9|17|159|283|165|307|1N|E|9|C6
9|17|13|171|96|74|3D|E|11|H8
9|17|133|76|179|93|4S|W|8|H4
9|18|284|83|47|134|1S|S|9|DA
9|18|132|230|215|222|3S|S|9|DA
9|18|103|190|289|305|1S|S|10|DK
9|18|71|25|296|264|2S|S|9|DA
9|18|14|278|57|131|1S|S|9|DA
9|18|167|154|88|85|3C|S|9|DK
9|18|115|111|129|241|3S|N|9|D3
9|18|159|283|165|307|4S|S|9|DK
9|18|13|171|96|74|1S|S|9|DK
9|18|133|76|179|93|4S|N|9|DK
9|19|284|83|47|134|4S|W|10|DQ
9|19|132|230|215|222|3N|E|7|H4
9|19|103|190|289|305|4H|W|9|DK
9|19|71|25|296|264|4S|W|10|DK
9|19|14|278|57|131|4S|W|9|DK
9|19|167|154|88|85|4S|W|10|DK
9|19|115|111|129|241|4S|W|9|DK
9|19|159|283|165|307|3DX|N|8|CQ
9|19|13|171|96|74|4S|W|9|DK
9|19|133|76|179|93|4S|W|10|DK
9|2|284|83|47|134|3N|W|11|HJ
9|2|132|276|215|230|4N|W|12|HJ
9|2|103|190|289|305|3N|E|11|S5
9|2|71|300|296|27|3N|W|11|HJ
9|2|14|278|57|131|3N|W|12|HJ
9|2|167|154|88|85|4N|W|11|HJ
9|2|115|240|129|301|3N|W|11|HJ
9|2|159|283|165|307|3N|W|10|HJ
9|2|13|164|96|38|3N|W|10|HJ
9|2|133|76|179|93|3N|W|12|S3
9|20|284|83|47|134|3N|N|9|S8
9|20|132|230|215|222|3N|N|10|H7
9|20|103|190|289|305|3N|N|9|H5
9|20|71|25|296|264|3N|N|9|C5
9|20|14|278|57|131|3N|N|11|H5
9|20|167|154|88|85|3N|N|10|S8
9|20|115|111|129|241|3N|N|10|C5
9|20|159|283|165|307|3N|N|10|H5
9|20|13|171|96|74|3N|N|9|C5
9|20|133|76|179|93|3N|N|11|C4
9|21|284|83|47|134|5DX|S|8|SQ
9|21|132|230|215|222|4D|S|6|HJ
9|21|103|190|289|305|4H|E|11|DQ
9|21|71|25|296|264|4D|S|7|D5
9|21|14|278|57|131|4HXX|W|10|CK
9|21|167|154|88|85|3H|E|9|DQ
9|21|115|111|129|241|3D|N|8|CQ
9|21|159|283|165|307|4HX|W|10|CK
9|21|13|171|96|74|3N|N|6|CQ
9|21|133|76|179|93|4H|W|10|DA
9|22|284|83|47|134|3S|S|9|CQ
9|22|132|230|215|222|4S|S|9|CQ
9|22|103|190|289|305|4S|S|9|CQ
9|22|71|25|296|264|4S|S|9|CQ
9|22|14|278|57|131|2S|S|9|CQ
9|22|167|154|88|85|4S|S|7|CQ
9|22|115|111|129|241|4S|S|9|CQ
9|22|159|283|165|307|4S|S|9|CJ
9|22|13|171|96|74|4S|N|9|CQ
9|22|133|76|179|93|4S|N|9|CQ
9|23|284|83|47|134|3N|W|10|S2
9|23|132|230|215|222|3N|W|10|S3
9|23|103|190|289|305|3N|W|11|C7
9|23|71|25|296|264|3N|W|10|S3
9|23|14|278|57|131|5N|W|10|CK
9|23|167|154|88|85|3N|W|10|S3
9|23|115|111|129|241|3N|E|10|SJ
9|23|159|283|165|307|3N|E|10|SJ
9|23|13|171|96|74|3N|E|11|SJ
9|23|133|76|179|93|3N|W|10|S6
9|24|284|83|47|134|3S|S|8|H3
9|24|132|230|215|222|3S|S|8|H5
9|24|103|190|289|305|2S|S|7|H5
9|24|71|25|296|264|3H|W|10|D2
9|24|14|278|57|131|2H|W|10|CA
9|24|167|154|88|85|4H|E|10|H2
9|24|115|111|129|241|2S|S|7|H3
9|24|159|283|165|307|2HX|W|10|D7
9|24|13|171|96|74|3S|N|7|C3
9|24|133|76|179|93|1N|N|8|DJ
9|25|284|83|47|134|4H|E|7|D3
9|25|132|230|215|222|4DX|N|7|H4
9|25|103|190|289|305|3N|W|10|S7
9|25|71|25|296|264|3N|W|10|S7
9|25|14|278|57|131|3N|W|5|D4
9|25|167|154|88|85|1N|E|9|CJ
9|25|115|111|129|241|4H|E|8|D7
9|25|159|283|165|307|2DX|N|7|S6
9|25|13|171|96|74|3N|E|7|D6
9|25|133|76|179|93|4H|W|9|H5
9|26|284|83|47|134|3N|N|8|S2
9|26|132|230|215|222|1N|N|9|D6
9|26|103|190|289|305|3N|N|8|D9
9|26|71|25|296|264|2S|E|6|H6
9|26|14|278|57|131|3C|N|8|HA
9|26|167|154|88|85|2N|S|9|H3
9|26|115|111|129|241|2S|E|8|C5
9|26|159|283|165|307|1N|N|8|D9
9|26|13|171|96|74|2C|S|9|H4
9|26|133|76|179|93|1S|E|7|C5
9|27|284|83|47|134|2C|N|5|DA
9|27|132|230|215|222|2S|E|9|CK
9|27|103|190|289|305|3D|S|7|D4
9|27|71|25|296|264|3S|W|10|HK
9|27|14|278|57|131|2S|E|9|S9
9|27|167|154|88|85|2S|E|9|CK
9|27|115|111|129|241|3D|S|6|D4
9|27|159|283|165|307|3D|N|7|H8
9|27|13|171|96|74|3D|S|7|D4
9|27|133|76|179|93|2S|E|9|CK
9|28|284|83|47|134|4SX|W|8|HT
9|28|132|230|215|222|5DX|S|9|H7
9|28|103|190|289|305|3N|S|6|S5
9|28|71|25|296|264|4D|S|10|S5
9|28|14|278|57|131|5DX|S|10|H7
9|28|167|154|88|85|2S|W|8|HT
9|28|115|111|129|241|2H|E|5|CT
9|28|159|283|165|307|3N|S|6|S5
9|28|13|171|96|74|4S|W|8|HT
9|28|133|76|179|93|2H|E|5|CK
9|29|284|83|47|134|4S|S|11|C4
9|29|132|230|215|222|3N|S|9|HQ
9|29|103|190|289|305|4S|S|10|HQ
9|29|71|25|296|264|3N|S|10|C4
9|29|14|278|57|131|4S|S|10|HQ
9|29|167|154|88|85|4S|S|11|C6
9|29|115|111|129|241|4S|S|11|C4
9|29|159|283|165|307|6S|N|10|C2
9|29|13|171|96|74|3N|S|10|C6
9|29|133|76|179|93|4S|S|11|C5
9|3|284|83|47|134|4S|E|10|CQ
9|3|132|276|215|230|4S|E|10|CK
9|3|103|190|289|305|4S|E|10|ST
9|3|71|300|296|27|1N|S|3|S5
9|3|14|278|57|131|4S|E|10|CK
9|3|167|154|88|85|3N|E|11|CK
9|3|115|240|129|301|2S|E|10|ST
9|3|159|283|165|307|1NX|W|8|C5
9|3|13|164|96|38|4S|E|10|CK
9|3|133|76|179|93|2S|E|10|CK
9|30|284|83|47|134|3N|E|8|H3
9|30|132|230|215|222|1N|E|8|H5
9|30|103|190|289|305|3N|E|8|H4
9|30|71|25|296|264|3N|E|10|S4
9|30|14|278|57|131|3N|E|8|H4
9|30|167|154|88|85|5D|W|11|C4
9|30|115|111|129|241|5D|E|11|CT
9|30|159|283|165|307|3N|E|8|S8
9|30|13|171|96|74|3N|E|8|H4
9|30|133|76|179|93|3N|W|7|HA
9|31|284|83|47|134|4H|W|11|D5
9|31|132|230|215|222|5H|W|11|C2
9|31|103|190|289|305|4H|W|11|S6
9|31|71|25|296|264|4H|E|11|HJ
9|31|14|278|57|131|4H|W|11|C4
9|31|167|154|88|85|6H|W|11|D4
9|31|115|111|129|241|4H|W|11|D4
9|31|159|283|165|307|4H|W|11|HQ
9|31|13|171|96|74|6H|W|11|C4
9|31|133|76|179|93|4S|W|10|HQ
9|32|284|83|47|134|3S|W|9|CQ
9|32|132|230|215|222|3S|W|9|CK
9|32|103|190|289|305|2N|N|7|S3
9|32|71|25|296|264|2N|N|6|S5
9|32|14|278|57|131|2S|W|9|HJ
9|32|167|154|88|85|3N|N|7|H9
9|32|115|111|129|241|2D|E|7|H3
9|32|159|283|165|307|3H|S|8|CA
9|32|13|171|96|74|2N|N|8|S2
9|32|133|76|179|93|1N|N|8|DJ
9|4|284|83|47|134|6S|N|13|C3
9|4|132|276|215|230|6S|N|12|HA
9|4|103|190|289|305|6N|N|12|D9
9|4|71|300|296|27|6S|N|13|C5
9|4|14|278|57|131|6S|N|12|HA
9|4|167|154|88|85|4N|N|13|H3
9|4|115|240|129|301|6S|S|13|C6
9|4|159|283|165|307|6S|S|13|C8
9|4|13|164|96|38|6N|N|13|DT
9|4|133|76|179|93|3N|N|13|H4
9|5|284|83|47|134|5S|E|11|HK
9|5|132|276|215|230|5S|W|12|HK
9|5|103|190|289|305|5DX|E|12|S6
9|5|71|300|296|27|4S|W|11|HK
9|5|14|278|57|131|4S|W|11|HK
9|5|167|154|88|85|4S|W|11|HK
9|5|115|240|129|301|5S|W|11|HK
9|5|159|283|165|307|4S|W|12|HK
9|5|13|164|96|38|5S|W|11|D8
9|5|133|76|179|93|4S|W|11|HK
9|6|284|83|47|134|3S|W|10|CJ
9|6|132|276|215|230|2H|N|7|S5
9|6|103|190|289|305|2H|S|7|D8
9|6|71|300|296|27|2H|S|7|SA
9|6|14|278|57|131|1N|E|7|HT
9|6|167|154|88|85|P||0
9|6|115|240|129|301|P||0
9|6|159|283|165|307|2S|W|9|S4
9|6|13|164|96|38|2N|E|8|CT
9|6|133|76|179|93|P||0
9|7|284|83|47|134|4S|S|11|C2
9|7|132|276|215|230|4S|S|11|CA
9|7|103|190|289|305|4H|S|11|CK
9|7|71|300|296|27|4S|S|11|CK
9|7|14|278|57|131|5H|S|11|CK
9|7|167|154|88|85|6H|S|11|CA
9|7|115|240|129|301|4S|S|11|CA
9|7|159|283|165|307|4S|N|11|H3
9|7|13|164|96|38|5S|N|12|H2
9|7|133|76|179|93|4S|S|11|CK
9|8|284|83|47|134|2D|N|8|HA
9|8|132|276|215|230|2N|N|6|S8
9|8|103|190|289|305|3D|S|7|DT
9|8|71|300|296|27|4H|S|7|C5
9|8|14|278|57|131|2S|E|6|DK
9|8|167|154|88|85|3D|S|8|DT
9|8|115|240|129|301|2N|N|8|C8
9|8|159|283|165|307|2CX|N|6|HK
9|8|13|164|96|38|3D|N|9|HA
9|8|133|76|179|93|4HX|S|8|D5
9|9|284|83|47|134|4S|W|8|H9
9|9|132|276|215|230|3N|E|10|H4
9|9|103|190|289|305|3N|W|10|HT
9|9|71|300|296|27|3N|W|6|HT
9|9|14|278|57|131|3N|W|8|HT
9|9|167|154|88|85|3N|E|11|S2
9|9|115|240|129|301|3N|E|10|H3
9|9|159|283|165|307|3C|E|9|H3
9|9|13|164|96|38|4S|W|9|HT
9|9|133|76|179|93|3N|W|7|H3
