10|31|100|82|62|83|3S|W|8|D8
10|31|101|72|50|58|1N|S|9|C6
10|31|108|51|57|49|2H|W|7|D8
10|31|109|35|87|26|2D|W|7|CK
10|31|113|21|85|81|2H|E|6|H2
10|31|125|41|89|64|2S|W|8|D8
10|31|126|36|105|34|3D|W|9|HJ
10|31|132|30|136|8|3D|W|8|CK
10|31|16|127|31|133|2S|W|8|CK
10|31|17|107|139|22|2S|W|9|D8
10|31|28|5|27|39|P|S|0
10|31|32|116|37|19|1N|S|7|S6
10|31|40|142|14|135|2S|E|9|D8
10|31|43|124|97|4|3D|W|7|CQ
10|31|46|70|13|69|P|S|0
10|31|47|130|10|15|3D|W|7|CK
10|31|48|6|18|91|2D|E|6|D4
10|31|52|61|38|1|3H|E|6|DT
10|31|53|92|54|123|2S|W|7|D8
10|31|63|118|120|77|2D|W|7|CK
10|31|65|33|23|20|3D|E|7|CA
10|31|66|76|114|78|P|S|0
10|31|95|24|119|29|1N|S|9|D3
10|31|96|140|42|111|3C|N|8|HA
