                                                       |             |              |           Play           |        Declaring         |                Defending              |
Players                                                |  No. Butler |   Bid   Play |   Declaring    Defending |   Declarer1    Declarer2 |       Lead1        Lead2         Play |
FREY Nathalie - REESS Vanessa                          |  192   1.05 |  0.33   0.71 |  0.32 ( 96)   1.11 ( 96) |  0.55 ( 48)   0.08 ( 48) |  0.45 ( 46)   0.53 ( 50)   0.62 ( 96) |
SMITH Nicola - DHONDY Heather                          |  208   0.92 |  0.70   0.22 |  0.54 ( 94)  -0.04 (113) |  1.11 ( 48)  -0.06 ( 46) | -0.13 ( 59)   0.21 ( 54)  -0.08 (113) |
WILLARD Sylvie - CRONIER Benedicte                     |  240   0.92 |  0.51   0.41 |  0.47 (114)   0.37 (122) |  0.13 ( 62)   0.87 ( 52) |  0.22 ( 66)   0.08 ( 56)   0.22 (122) |
VRIEND Bep - ARNOLDS Carla                             |  240   0.82 |  0.52   0.30 |  0.20 (136)   0.42 (103) |  0.18 ( 37)   0.21 ( 99) |  0.01 ( 75)   0.32 ( 28)   0.33 (103) |
AUKEN Sabine - VON ARNIM Daniela                       |  320   0.77 |  0.31   0.47 |  0.65 (161)   0.29 (158) |  0.75 ( 84)   0.54 ( 77) |  0.04 ( 83)   0.35 ( 75)   0.10 (158) |
STANSBY JoAnna - ROSENBERG Debbie                      |  304   0.73 |  0.44   0.29 |  0.34 (161)   0.23 (143) |  0.57 ( 92)   0.03 ( 69) |  0.10 ( 80)  -0.04 ( 63)   0.19 (143) |
ZHANG Yalan - GU Ling                                  |  224   0.70 |  0.30   0.40 |  1.06 (102)  -0.15 (122) |  1.43 ( 65)   0.41 ( 37) |  0.07 ( 53)  -0.03 ( 69)  -0.16 (122) |
ALBERTI Anja - SCHRAVERUS-MEUER Mirja                  |  176   0.67 |  0.39   0.28 | -0.24 ( 89)   0.84 ( 85) | -0.09 ( 42)  -0.37 ( 47) |  0.50 ( 46)   0.25 ( 39)   0.45 ( 85) |
GAVIARD Daniele - SAUL Catherine                       |  240   0.64 |  0.23   0.41 |  0.52 (122)   0.29 (115) |  1.29 ( 29)   0.28 ( 93) |  0.16 ( 85)  -0.11 ( 30)   0.20 (115) |
SUN Ming - WANG Jian                                   |  224   0.58 |  0.30   0.28 |  0.05 (108)   0.49 (115) |  0.02 ( 41)   0.07 ( 67) |  0.46 ( 82)  -0.02 ( 33)   0.17 (115) |
SUTHERLIN Peggy - ALLISON Karen                        |  192   0.56 |  0.13   0.44 |  0.57 (100)   0.30 ( 91) |  0.08 ( 51)   1.07 ( 49) |  0.99 ( 32)  -0.27 ( 59)   0.12 ( 91) |
WANG Ping - LIU Yi Qian                                |  224   0.53 |  0.28   0.25 |  0.14 (115)   0.38 (106) |  0.54 ( 66)  -0.40 ( 49) |  0.19 ( 57)  -0.14 ( 49)   0.34 (106) |
WITTES Pam - MANCUSO Renee                             |  256   0.50 |  0.20   0.30 |  0.28 (118)   0.33 (135) |  0.83 ( 40)  -0.01 ( 78) | -0.15 ( 68)   0.10 ( 67)   0.36 (135) |
KHALIL Lily - KHOURI Maud                              |  208   0.45 |  0.58  -0.13 |  0.15 ( 98)  -0.40 (107) | -0.05 ( 50)   0.37 ( 48) | -0.14 ( 59)  -0.17 ( 48)  -0.25 (107) |
DE MELLO Sylvia Figueira - PAIN Leda                   |  192   0.28 |  0.37  -0.09 | -0.12 ( 98)  -0.05 ( 94) |  0.15 ( 43)  -0.33 ( 55) | -0.24 ( 51)  -0.15 ( 43)   0.15 ( 94) |
SPRUNG Jo Ann - SULGROVE Kathy                         |  224   0.28 |  0.24   0.04 | -0.13 (122)   0.25 (100) |  0.08 ( 54)  -0.30 ( 68) |  0.60 ( 45)  -0.34 ( 55)   0.16 (100) |
CIMON Francine - LEE Linda                             |  240   0.24 |  0.09   0.14 |  0.24 (114)   0.06 (124) |  0.88 ( 61)  -0.48 ( 53) |  0.11 ( 63)   0.30 ( 61)  -0.15 (124) |
YULE Kathryn - DON Rose                                |  256   0.23 |  0.30  -0.06 | -0.07 (127)  -0.05 (129) | -0.12 ( 67)  -0.02 ( 60) | -0.07 ( 75)  -0.03 ( 54)   0.00 (129) |
LEVITINA Irina - NARASIMHAN Hansa                      |  128   0.23 |  0.17   0.06 | -0.12 ( 66)   0.25 ( 62) |  0.10 ( 47)  -0.66 ( 19) | -0.50 ( 35)  -0.07 ( 27)   0.57 ( 62) |
STAWOWY Barbara - NEHMERT Pony Beate                   |  176   0.20 | -0.11   0.31 |  0.54 ( 81)   0.12 ( 95) |  1.81 ( 25)  -0.03 ( 56) |  0.44 ( 39)  -0.08 ( 56)  -0.02 ( 95) |
WOODS Meredith - BOURKE Margaret                       |  224   0.19 |  0.31  -0.13 | -0.38 (116)   0.15 (105) | -0.29 ( 58)  -0.47 ( 58) |  0.31 ( 54)   0.35 ( 51)  -0.18 (105) |
LEVIN Jill - PICUS Sue                                 |  240   0.13 |  0.23  -0.11 |  0.04 (137)  -0.31 (101) | -0.06 ( 64)   0.13 ( 73) | -0.07 ( 39)  -0.32 ( 62)  -0.09 (101) |
CHAI Greta - CHOO Jane                                 |  224   0.12 | -0.12   0.23 |  0.33 ( 97)   0.16 (125) |  0.57 ( 46)   0.11 ( 51) |  0.13 ( 58)  -0.24 ( 67)   0.23 (125) |
WEIGKRICHT Terry - GRUMM Iris                          |  272   0.10 |  0.14  -0.03 |  0.16 (130)  -0.21 (140) |  0.12 ( 61)   0.19 ( 69) | -0.03 ( 65)  -0.15 ( 75)  -0.12 (140) |
TERRANEO Sylvia - KRIFTNER Susanne                     |  256   0.07 |  0.27  -0.20 | -0.16 (131)  -0.24 (122) | -0.33 ( 62)  -0.01 ( 69) | -0.05 ( 68)  -0.13 ( 54)  -0.15 (122) |
BERTHEAU Kathrine - MIDSKOG Catarina                   |  256   0.07 |  0.01   0.07 |  0.30 (138)  -0.21 (118) | -0.21 ( 57)   0.66 ( 81) |  0.18 ( 55)   0.18 ( 63)  -0.39 (118) |
RYMAN Jenny - RYMAN Mari                               |  224   0.05 | -0.23   0.29 | -0.02 (115)   0.62 (107) | -0.20 ( 48)   0.11 ( 67) |  0.28 ( 51)   0.39 ( 56)   0.28 (107) |
SETOGUCHI Nobuko - OTA Hiroko                          |  224   0.04 |  0.05  -0.01 |  0.34 (110)  -0.35 (112) |  0.12 ( 54)   0.56 ( 56) |  0.22 ( 54)  -0.21 ( 58)  -0.35 (112) |
GORDON Dianna - KRAFT Beverly                          |  224   0.04 |  0.06  -0.02 |  0.11 (108)  -0.15 (113) |  0.26 ( 65)  -0.10 ( 43) |  0.42 ( 63)   0.10 ( 50)  -0.42 (113) |
BRUNNER Michelle - GOLDENFIELD Rhona                   |  224  -0.02 |  0.08  -0.10 | -0.16 ( 96)  -0.06 (126) | -0.42 ( 53)   0.16 ( 43) |  0.05 ( 66)  -0.12 ( 60)  -0.03 (126) |
SIMONS Anneke - PASMAN Jet                             |  224  -0.03 | -0.29   0.27 |  0.45 (110)   0.09 (113) | -0.34 ( 19)   0.62 ( 91) |  0.22 ( 77)   0.53 ( 36)  -0.23 (113) |
CUNHA Ines - FERREIRA Isabel                           |  224  -0.04 | -0.03  -0.01 | -0.07 (115)   0.06 (103) | -0.32 ( 49)   0.11 ( 66) | -0.28 ( 61)   0.06 ( 42)   0.20 (103) |
TELTSCHER Kitty - BROCK Sally                          |  240  -0.09 | -0.10   0.01 |  0.05 (136)  -0.05 (103) | -0.46 ( 75)   0.68 ( 61) |  0.10 ( 55)   0.15 ( 48)  -0.17 (103) |
AMANO Ayako - SEKIZAWA Miho                            |  240  -0.10 | -0.19   0.09 |  0.18 (131)  -0.01 (107) |  0.25 ( 56)   0.13 ( 75) |  0.28 ( 44)   0.08 ( 63)  -0.17 (107) |
NOGUEIRA Heloisa - ASSUMPCAO Ana Maria                 |  240  -0.13 | -0.40   0.26 |  0.54 (112)   0.02 (126) |  0.56 ( 32)   0.53 ( 80) | -0.18 ( 64)  -0.00 ( 62)   0.12 (126) |
DARYANANI Padma - PACHECO Morella                      |  208  -0.14 |  0.15  -0.29 | -0.45 (100)  -0.16 (106) |  0.16 ( 45)  -0.94 ( 55) |  0.06 ( 47)   0.01 ( 59)  -0.19 (106) |
TULLY Therese - LUSK Sue                               |  240  -0.19 | -0.08  -0.11 |  0.29 (127)  -0.56 (111) |  0.07 ( 58)   0.47 ( 69) | -0.33 ( 54)   0.29 ( 57)  -0.55 (111) |
AGHA Rubina - ALI Abida Nazar                          |  256  -0.22 |  0.04  -0.26 |  0.03 (115)  -0.51 (140) |  0.17 ( 70)  -0.18 ( 45) | -0.01 ( 69)  -0.02 ( 71)  -0.49 (140) |
OLIVEIRA Anabella - RAMALHO Teresa                     |  224  -0.23 |  0.03  -0.26 | -0.11 (104)  -0.39 (119) | -0.31 ( 56)   0.11 ( 48) | -0.30 ( 73)  -0.24 ( 46)  -0.11 (119) |
MOUSSA Nada - SARWAT Safeya (Sophie)                   |  144  -0.24 | -0.07  -0.17 | -0.16 ( 74)  -0.18 ( 70) |  0.39 ( 38)  -0.74 ( 36) |  0.14 ( 39)  -0.06 ( 31)  -0.23 ( 70) |
GUERRAOUI Farida - HACHIMI Hayet                       |  256  -0.26 | -0.14  -0.12 | -0.02 (114)  -0.20 (140) | -0.08 ( 77)   0.10 ( 37) | -0.43 ( 68)  -0.21 ( 72)   0.12 (140) |
BOLDT Silvia Elena - IRIBARREN Gloria                  |  224  -0.27 | -0.06  -0.21 |  0.02 (112)  -0.44 (110) | -0.07 ( 32)   0.05 ( 80) | -0.07 ( 61)  -0.29 ( 49)  -0.28 (110) |
TADEU Ana - LIMA Paula                                 |  224  -0.27 |  0.03  -0.30 | -0.44 (118)  -0.15 (103) | -0.24 ( 58)  -0.64 ( 60) |  0.21 ( 54)  -0.23 ( 49)  -0.15 (103) |
VAN ZWOL Wietske - HOOGWEG Femke                       |  208  -0.29 | -0.08  -0.22 |  0.31 ( 99)  -0.71 (106) | -0.16 ( 27)   0.49 ( 72) | -0.41 ( 60)  -0.09 ( 46)  -0.44 (106) |
LLOYD Tania - McLEISH Paula                            |  240  -0.31 | -0.35   0.04 | -0.40 (121)   0.50 (117) | -0.63 ( 64)  -0.13 ( 57) |  0.11 ( 54)   0.13 ( 63)   0.38 (117) |
BELRHITI ALAOUI Khadija - SEBTI Noufissa               |  208  -0.31 | -0.18  -0.13 | -0.10 ( 93)  -0.15 (114) | -0.39 ( 41)   0.12 ( 52) | -0.00 ( 67)   0.31 ( 47)  -0.28 (114) |
MACHADO Marta C. Cruz - MANDELOT Agota                 |  240  -0.32 | -0.43   0.11 |  0.23 (132)  -0.03 (107) |  0.30 ( 80)   0.12 ( 52) | -0.15 ( 56)   0.40 ( 51)  -0.14 (107) |
COSTA Delia - ALONSO Ana Maria De                      |  208  -0.32 | -0.17  -0.15 | -0.04 (105)  -0.26 (101) | -1.09 ( 40)   0.60 ( 65) |  0.07 ( 51)  -0.17 ( 50)  -0.20 (101) |
SMART Diana - BEALE Felicity                           |  208  -0.33 | -0.09  -0.24 | -0.21 ( 84)  -0.26 (124) | -0.44 ( 38)  -0.03 ( 46) | -0.21 ( 50)  -0.33 ( 74)   0.03 (124) |
ALEGRE Eleonora - HERRERA Florencia                    |  240  -0.33 |  0.06  -0.39 | -0.07 (119)  -0.71 (121) | -0.05 ( 64)  -0.09 ( 55) |  0.04 ( 64)  -0.63 ( 57)  -0.43 (121) |
SONAWALA Indira - CHOTHIA Feroza                       |  240  -0.33 | -0.33  -0.00 |  0.15 (104)  -0.13 (135) |  0.89 ( 44)  -0.39 ( 60) | -0.52 ( 64)  -0.03 ( 71)   0.14 (135) |
CLINTON Barb - EATON Joan                              |  208  -0.34 | -0.17  -0.17 | -0.20 (105)  -0.15 (101) | -0.64 ( 51)   0.22 ( 54) |  0.22 ( 47)  -0.27 ( 54)  -0.10 (101) |
TAN Yoke Lan - SEET Choon Cheng                        |  224  -0.36 | -0.15  -0.20 |  0.12 (111)  -0.53 (112) |  0.34 ( 46)  -0.03 ( 65) |  0.37 ( 48)  -0.10 ( 64)  -0.63 (112) |
SMITH Ivy - HIRSCHAUT Fida                             |  224  -0.38 | -0.42   0.05 | -0.04 (116)   0.14 (107) |  0.03 ( 68)  -0.13 ( 48) | -0.04 ( 49)   0.15 ( 58)   0.08 (107) |
WATTAR Nada - HAMDY Nessrine                           |  272  -0.40 | -0.53   0.13 |  0.05 (146)   0.22 (124) | -0.12 ( 67)   0.19 ( 79) |  0.04 ( 59)   0.01 ( 65)   0.20 (124) |
AZWER Zeenat - SAIGOL Rehana                           |  224  -0.41 | -0.25  -0.16 | -0.03 (122)  -0.32 (102) |  0.22 ( 65)  -0.32 ( 57) |  0.17 ( 48)  -0.86 ( 54)   0.05 (102) |
SHIMAMURA Kyoko - FUKUDA Shoko                         |  208  -0.49 | -0.13  -0.35 | -0.28 ( 98)  -0.42 (109) | -0.59 ( 56)   0.13 ( 42) |  0.22 ( 61)  -0.40 ( 48)  -0.37 (109) |
HORSMAN Eileen - RICHARDSON Carol                      |  176  -0.49 | -0.56   0.07 |  0.20 ( 74)  -0.03 (100) | -0.01 ( 33)   0.37 ( 41) |  0.25 ( 57)  -0.03 ( 43)  -0.16 (100) |
FORSBERG Catharina - GRONKVIST Maria                   |  192  -0.49 | -0.44  -0.05 |  0.18 ( 81)  -0.22 (109) |  0.16 ( 35)   0.20 ( 46) | -0.03 ( 53)  -0.05 ( 56)  -0.18 (109) |
BOKHARI Shirin - RASHID Samia                          |  192  -0.56 | -0.04  -0.51 | -0.66 (100)  -0.36 ( 89) | -0.71 ( 41)  -0.64 ( 59) | -0.28 ( 38)  -0.06 ( 51)  -0.21 ( 89) |
SMEDEREVAC Jovanka - ERHART Maria                      |  144  -0.58 | -0.43  -0.15 |  0.06 ( 78)  -0.40 ( 66) |  0.11 ( 39)   0.01 ( 39) | -0.35 ( 30)  -0.27 ( 36)  -0.10 ( 66) |
SICKA Bimal - SAIN Aparna                              |  208  -0.62 | -0.61  -0.01 | -0.02 ( 97)   0.00 (108) |  0.27 ( 75)  -1.01 ( 22) | -0.19 ( 41)  -0.09 ( 67)   0.13 (108) |
ZULLIAN Teresa Loschi de - BETTINI Maria Grazia        |  224  -0.63 | -0.06  -0.57 | -0.48 (122)  -0.68 (101) | -0.42 ( 48)  -0.52 ( 74) | -0.26 ( 39)  -0.08 ( 62)  -0.53 (101) |
LAKHANI Geeta - RAYTHATHA Ameeta                       |  224  -0.66 | -0.53  -0.12 | -0.24 (107)  -0.02 (115) | -0.49 ( 65)   0.15 ( 42) | -0.05 ( 66)   0.50 ( 49)  -0.21 (115) |
ENDO Kimiko - LAM Ze Ying                              |  224  -0.89 | -0.45  -0.44 | -0.61 (123)  -0.24 ( 98) | -0.49 ( 56)  -0.71 ( 67) |  0.21 ( 47)  -0.20 ( 51)  -0.24 ( 98) |
KABBAJ Leila - OHANA Marie-Claire                      |  160  -0.98 | -0.23  -0.75 | -0.75 ( 84)  -0.78 ( 72) | -1.01 ( 29)  -0.61 ( 55) | -0.57 ( 44)  -0.41 ( 28)  -0.27 ( 72) |

                                                       |             |              |           Play           |        Declaring         |                Defending              |
Players                                                |  No. Butler |   Bid   Play |   Declaring    Defending |   Declarer1    Declarer2 |       Lead1        Lead2         Play |
KHOURI Maud - SARWAT Safeya (Sophie)                   |   16   0.50 |  0.00   0.50 |  1.85 (  6)  -0.31 ( 10) |  2.20 (  5)   0.10 (  1) |  0.64 (  4)  -0.03 (  6)  -0.55 ( 10) |
KHOURI Maud - MOUSSA Nada                              |   32   0.41 |  0.74  -0.34 | -1.60 ( 14)   0.65 ( 18) |  0.21 (  6)  -2.96 (  8) |  0.19 (  7)   0.37 ( 11)   0.35 ( 18) |
GUERRAOUI Farida - KABBAJ Leila                        |   16  -0.19 |  0.14  -0.32 |  1.80 (  4)  -1.03 ( 12) |  2.50 (  2)   1.11 (  2) | -0.41 (  8)  -0.32 (  4)  -0.66 ( 12) |
BELRHITI ALAOUI Khadija - OHANA Marie-Claire           |   32  -0.91 |  0.31  -1.22 | -1.03 ( 17)  -1.43 ( 15) | -0.37 ( 10)  -1.98 (  7) | -1.60 (  5)   0.07 ( 10)  -0.94 ( 15) |
HIRSCHAUT Fida - PACHECO Morella                       |   16  -1.13 | -0.37  -0.76 |  0.58 (  7)  -1.80 (  9) |  1.14 (  4)  -0.17 (  3) | -2.39 (  5)   0.07 (  4)  -0.50 (  9) |

