Players                                                No. Pl1 Pl2 Def  L1  L2 Butler    Bid  Play1  Play2   Lead1   Lead2    Def
Z Rogowski - R Kierznowski                             132  30  33  69  37  32   1.23   1.04  -0.17  -0.01    0.01    0.08   0.28
J Kalita - M Nowosadzki                                276  81  64 130  80  50   1.19   0.75   0.03   0.12    0.02    0.03   0.24
G Narkiewicz - K Buras                                 132  31  36  64  32  32   1.16   0.52   0.02   0.37    0.13   -0.01   0.13
J Skrzypczak - B Gierulski                             240  59  51 130  69  61   0.74   0.50   0.05   0.05    0.02   -0.02   0.13
S Gołębiowski - W Starkowski                           156  39  31  85  32  53   0.69   0.37   0.28   0.09   -0.05    0.00  -0.00
J Pszczoła - M Kwiecień                                240  73  52 115  34  81   0.63   0.59  -0.06  -0.04    0.00    0.02   0.13
K Araszkiewicz - M Puczyński                           228  50  61 117  80  37   0.54   0.08   0.25   0.14    0.01   -0.05   0.12
L Majdański - M Kupnicki                               312  69  83 160  75  85   0.52   0.27   0.13   0.02    0.06    0.02   0.02
M Klukowski - P Gawryś                                 300  72  77 151  76  75   0.50   0.24  -0.05   0.08    0.11    0.02   0.09
J Cieślak - J Moszyński                                192  26  62 104  50  54   0.48  -0.02   0.10   0.10    0.06    0.03   0.21
J Makaruk - P Niedzielski                              228  59  52 117  59  58   0.40   0.01   0.11   0.02   -0.02    0.05   0.23
T Gotard - K Omernik                                   252  83  55 114  64  50   0.40   0.26   0.13   0.06   -0.02    0.09  -0.12
D Kowalski - P Bizoń                                   227  53  51 123  55  68   0.35   0.20   0.16  -0.02   -0.03   -0.03   0.07
C Serek - D Kazmucha                                   216  56  53 107  55  52   0.34   0.48  -0.02  -0.15   -0.03   -0.02   0.07
C Balicki - A Żmudziński                               120  38  25  57  36  21   0.30  -0.23   0.11   0.07    0.11   -0.03   0.27
S Henclik - K Sikorski                                 120  38  24  58  28  30   0.22   0.40  -0.40   0.04    0.05   -0.01   0.14
P Ilczuk - P Walczak                                   108  10  30  68  35  33   0.16  -0.18   0.10  -0.04   -0.03    0.18   0.12
K Jassem - M Mazurkiewicz                              204  44  60 100  60  40   0.12   0.21  -0.03   0.10   -0.05   -0.04  -0.07
W Gaweł - R Jagniewski                                 240  54  64 122  65  57   0.11  -0.00   0.16  -0.00   -0.02   -0.05   0.02
G Brewiak - J Ostrowski                                204  52  48 104  60  44   0.06   0.17   0.04  -0.09   -0.05    0.00  -0.02
R Bryant - R Helle                                     180  52  46  82  37  45  -0.01   0.14  -0.01  -0.14   -0.08    0.01   0.07
L Sztyrak - R Kierznowski                              120  28  27  65  32  33  -0.03  -0.13  -0.03  -0.14   -0.01    0.11   0.17
R Schwartz - L Fisher                                  108  25  19  64  28  36  -0.03  -0.07  -0.02   0.02    0.06    0.04  -0.05
J Zaremba - P Żak                                      107  29  23  55  29  26  -0.06   0.09  -0.13  -0.03   -0.05   -0.01   0.07
G Superson - A Lućko                                   179  44  42  92  52  40  -0.07   0.06   0.04   0.14   -0.03   -0.09  -0.19
K Pikus - M Cichocki                                   180  48  43  89  44  45  -0.09  -0.11  -0.07   0.04   -0.13    0.08   0.11
T Włodarczak - J Sieracki                              228  59  55 114  56  58  -0.10  -0.04  -0.08  -0.01   -0.00   -0.04   0.08
P Nawrocki - P Wiankowski                              264  71  59 133  72  61  -0.12  -0.19   0.06  -0.01   -0.02   -0.02   0.06
B Pazur - T Pilch                                      216  64  49 103  49  54  -0.14  -0.22   0.05  -0.09   -0.05    0.02   0.15
N Sakowska - P Butryn                                  120  34  22  64  39  25  -0.16   0.07  -0.01  -0.06    0.04   -0.04  -0.15
P Miechowicz - R Sakowicz                              191  44  47 100  50  50  -0.20  -0.49   0.16   0.11    0.02   -0.05   0.05
W Strzemecki - P Zawada                                144  32  33  79  40  39  -0.20  -0.07   0.05  -0.07    0.13   -0.02  -0.22
S Kowalczyk - L Niemiec                                108  21  25  62  28  34  -0.21  -0.27   0.02   0.09   -0.06    0.11  -0.10
T Wiśniewski - I Kowalczyk                             288  69  82 137  76  61  -0.24   0.07  -0.06  -0.11    0.01   -0.01  -0.15
J Wojcieszek - P Tuszyński                             240  67  52 121  59  62  -0.26   0.13   0.03  -0.14   -0.08   -0.01  -0.19
R Woliński - M Urbański                                132  39  27  65  32  33  -0.27   0.15  -0.06   0.03   -0.05   -0.15  -0.19
J Skwark - M Witek                                     132  27  49  56  31  25  -0.27  -0.24  -0.01  -0.11    0.06    0.08  -0.06
W Burakowski - W Ilnicki                               192  53  44  95  45  50  -0.31  -0.18  -0.08  -0.07    0.02    0.01  -0.01
J Śmieszek - A Wujków                                  120  35  18  67  28  39  -0.32  -0.15  -0.19   0.03    0.11    0.03  -0.15
D Filipowicz - K Martens                               192  52  49  91  43  48  -0.33  -0.32  -0.03   0.01   -0.02   -0.02   0.05
R Szczepański - P Ilczuk                               108  27  38  43  21  22  -0.33  -0.25   0.08  -0.04   -0.02    0.01  -0.12
J Gackowski - M Arutiunianc                            120  23  35  60  24  36  -0.34  -0.64   0.07   0.25    0.04   -0.12   0.06
L Ohrysko - M Jeleniewski                              180  43  40  97  39  58  -0.38  -0.33  -0.13   0.09    0.01   -0.01  -0.02
T Jochymski - M Kania                                  132  29  34  67  35  32  -0.42  -0.32   0.25  -0.10   -0.07    0.00  -0.19
C Krzemiński - M Barylewski                            132  28  32  72  31  41  -0.43  -0.16  -0.13   0.02   -0.06   -0.11   0.01
S Kowalczyk - J Sucharkiewicz                          132  23  38  71  34  37  -0.49  -0.08   0.05  -0.23   -0.05    0.05  -0.24
T Kaczanowski - M Wójcicki                             120  24  37  59  16  43  -0.60  -0.25  -0.05  -0.01   -0.03   -0.08  -0.18
M Krupowicz - P Janiszewski                            120  23  40  57  24  33  -0.68  -0.15  -0.01  -0.26    0.03   -0.13  -0.17
J Poletyło - K Nowak                                   204  49  53 102  51  51  -0.74  -0.48  -0.03  -0.07   -0.03   -0.01  -0.13

Players                                                No. Pl1 Pl2 Def  L1  L2 Butler    Bid  Play1  Play2   Lead1   Lead2    Def
W Olański - M Barylewski                                12   3   5   4   1   3   2.67   2.03   0.08   0.09    0.00    0.05   0.41
C Balicki - M Klukowski                                 12   0   9   3   1   2   2.58   2.37   0.00  -0.06    0.00    0.00   0.27
I Dzikowski - K Sikorski                                36   6  12  17  10   7   1.78   0.87  -0.18   0.49    0.14    0.08   0.37
D Kowalski - M Puczyński                                48  11  10  27  15  12   1.50   0.81   0.23  -0.08    0.10    0.08   0.36
M Blat - M Witek                                        24   3   8  12   8   4   1.21   1.20  -0.39   0.20    0.05    0.01   0.14
T Pilch - P Janiszewski                                 12   3   2   7   4   3   1.17   0.85   0.33   0.34    0.02    0.05  -0.43
W Strzemecki - P Janiszewski                            71  17  15  39  22  17   1.10   1.11  -0.05   0.07   -0.05    0.09  -0.07
J Zadroga - P Walczak                                   12   2   5   5   4   1   0.92   0.89   0.00  -0.17   -0.08    0.00   0.26
W Wejknis - D Bogucki                                   72  17  16  39  18  21   0.90   0.70   0.10   0.35    0.02    0.04  -0.31
J Poletyło - M Wójcicki                                 36  12   6  18   7  11   0.64   0.62  -0.05   0.09    0.09    0.03  -0.14
J Stworzewicz - Ł Brede                                 60  26  11  23  17   6   0.63   0.52  -0.09   0.05    0.14    0.01   0.02
K Nowak - M Wójcicki                                    60  13  20  27  11  16   0.62   0.60   0.06   0.12   -0.01   -0.07  -0.09
K Omernik - K Sikorski                                  12   1   5   6   4   2   0.42   1.27   0.00   0.16    0.01   -0.92  -0.11
J Rymwid - J Sieracki                                   12   3   1   8   5   3   0.42   0.05   0.13   0.02    0.39   -0.02  -0.16
A Robak - M Miłaszewski                                 24   3   9  12   8   4   0.42   0.70   0.31   0.10   -0.12   -0.03  -0.53
S Gołębiowski - C Balicki                               72  19  18  35  16  19   0.35   0.27   0.01   0.10   -0.01   -0.00  -0.03
K Pikus - L Sztyrak                                     84  23  20  41  26  15   0.33   0.27   0.04  -0.01    0.04    0.01  -0.01
L Sztyrak - M Cichocki                                  12   2   3   7   7   0   0.33   0.38   0.13  -0.02   -0.02    0.00  -0.14
J Zadroga - P Ilczuk                                    12   1   2   9   4   5   0.25   0.67   0.05  -0.01   -0.04   -0.03  -0.40
J Stworzewicz - M Blat                                  96  20  25  51  23  28   0.23  -0.11   0.09  -0.02    0.03    0.21   0.03
D Bogucki - B Małysz                                    24  10   6   8   7   1   0.21   0.26   0.13  -0.03   -0.01   -0.01  -0.12
R Szczepański - T Winciorek                             60  13  16  31  17  14   0.12   0.07   0.06   0.07    0.01    0.07  -0.16
M Krupowicz - P Zawada                                  96  29  32  35  18  17   0.11   0.36   0.02   0.10   -0.02   -0.05  -0.30
A Kowalski - J Russyan                                  84  19  27  38  13  25   0.11   0.39   0.15   0.02   -0.03   -0.11  -0.31
W Jaworski - M Blat                                     48  15  10  23  13  10   0.08  -0.08   0.10   0.03   -0.00   -0.07   0.10
D Bogucki - I Dzikowski                                 48  14  11  23  12  11   0.04  -0.36   0.03  -0.05   -0.09    0.08   0.42
J Klukowski - J Russyan                                 72  23  17  32  12  20  -0.01   0.04  -0.10   0.09   -0.02   -0.04   0.01
A Jaszczak - P Janiszewski                              12   3   3   6   4   2  -0.25  -0.28  -0.63   0.32   -0.03    0.00   0.36
W Wejknis - I Dzikowski                                 24   2   8  14   7   7  -0.29  -0.44   0.16   0.04    0.02    0.05  -0.14
C Balicki - W Starkowski                                12   1   2   9   3   6  -0.42  -1.14   0.00   0.07    0.17    0.34   0.15
Z Halat - K Rogoziński                                  94  25  23  46  32  14  -0.47  -0.70  -0.03  -0.06    0.05    0.07   0.19
T Winciorek - P Ilczuk                                  36   6  10  20  13   7  -0.53   0.18  -0.36  -0.07    0.04    0.03  -0.34
W Sroczyński - P Tuszyński                              60  15  17  28  16  12  -0.57  -0.90  -0.04   0.10    0.02    0.02   0.23
W Starkowski - A Żmudziński                             48  15  11  22  12  10  -0.63  -0.41  -0.24   0.04   -0.03   -0.02   0.03
J Skwark - A Robak                                      23  13   3   7   6   1  -0.70  -0.45  -0.46  -0.04   -0.03   -0.10   0.39
D Bogucki - K Sikorski                                  60  17  10  33  16  17  -0.73  -0.48   0.08  -0.16   -0.03   -0.01  -0.14
Y Shpuntou - M Superson                                 84  24  23  37  21  16  -0.75  -0.66   0.00  -0.16   -0.01   -0.00   0.08
J Skwark - M Blat                                       24   5   4  15  13   2  -0.75   0.63  -0.37   0.04   -0.20   -0.01  -0.86
Y Shpuntou - M Bojarski                                 96  19  26  51  21  30  -0.75  -0.63  -0.03  -0.08   -0.00   -0.06   0.04
J Skwark - J Stworzewicz                                48  20   8  20   8  12  -0.77  -0.33  -0.03   0.03   -0.05   -0.09  -0.30
V Vainikonis - W Olański                                72  32  18  22  17   5  -0.78  -0.60  -0.60  -0.01    0.23    0.11   0.09
Ł Brede - M Witek                                       24   6   7  11   3   8  -0.79   0.21  -0.88  -0.02   -0.00   -0.00  -0.08
J Rymwid - M Wójcicki                                   60  21   9  30  19  11  -0.87  -0.69   0.06  -0.10   -0.12    0.19  -0.21
W Jaworski - Ł Brede                                    24  10   4  10   6   4  -0.88   0.25  -0.10  -0.59   -0.02    0.31  -0.72
W Gaweł - P Tuczyński                                   24   4   7  13   6   7  -0.92  -0.97  -0.05  -0.02    0.17   -0.23   0.18
Z Rogowski - M Cichocki                                 12   4   2   6   1   5  -0.92   1.23  -1.26  -0.12    0.00    0.03  -0.79
A Lućko - M Superson                                    48  13   5  30  17  13  -1.00  -1.11   0.16  -0.04    0.29    0.05  -0.35
Z Beling - J Olczyk                                     60  19  14  27  16  11  -1.03  -0.20  -0.51   0.06    0.06   -0.00  -0.45
M Miłaszewski - M Witek                                 84  29  15  40  13  27  -1.04  -0.42  -0.25   0.25    0.01   -0.06  -0.57
W Jaworski - J Skwark                                   12   2   4   6   3   3  -1.08   0.76  -0.17  -0.38   -0.42   -0.06  -0.81
S Henclik - K Omernik                                   12   2   4   6   3   3  -1.17  -1.44  -0.22   0.07    0.02   -0.06   0.46
M Bojarski - M Chodacki                                 84  25  16  43  20  23  -1.20  -0.97   0.20  -0.12    0.12   -0.10  -0.33
R Szczepański - J Zadroga                               12   3   3   6   1   5  -1.25  -1.25  -0.14  -0.06   -0.06    0.11   0.14
Ł Brede - M Blat                                        12   3   1   8   5   3  -1.33  -0.85  -0.28   0.00   -0.10   -0.04  -0.07
J Skwark - Ł Brede                                      23   5  10   8   4   4  -1.35  -1.84   0.32   0.08    0.03   -0.02   0.08
A Robak - M Witek                                       60  11  24  25  11  14  -1.40  -0.86  -0.08  -0.39    0.03    0.02  -0.11
A Zaleski - B Małysz                                    60  15  17  28   8  20  -1.45  -0.99  -0.13   0.03    0.05    0.00  -0.41
T Przybora - G Narkiewicz                               60  14  23  23   9  14  -1.75  -1.70  -0.09  -0.06    0.00    0.15  -0.05
M Chodacki - M Superson                                 48   8  13  27  13  14  -2.21  -1.56  -0.34  -0.24    0.01   -0.07  -0.02
A Jaszczak - W Strzemecki                               35   6   8  21  11  10  -2.29  -1.37  -0.45   0.07   -0.01   -0.39  -0.13
B Pazur - M Pieczka                                     12   7   2   3   2   1  -2.50  -1.06  -1.30   0.02    0.18    0.01  -0.35
T Przybora - M Kwiecień                                 24  10   3  11   7   4  -2.00  -1.40  -0.40  -0.16   -0.08   -0.07   0.12

