1|1|210|48|262|244|5S|S|10|C6
1|1|44|4|225|6|5S|S|10|CK
1|1|111|71|212|66|6S|S|10|CK
1|1|208|54|82|60|6S|S|10|C6
1|1|271|269|174|275|5S|S|10|C2
1|1|21|205|104|99|7CX|E|12|SA
1|1|31|167|193|168|6S|S|11|CQ
1|1|55|17|45|16|6SX|S|10|CK
1|1|132|140|238|151|6S|S|10|C6
1|1|161|200|53|117|4S|S|11|CK
1|10|210|48|262|244|4S|W|10|H4
1|10|44|4|225|6|4S|E|10|H5
1|10|111|71|212|66|4S|E|10|HQ
1|10|208|54|82|60|4S|W|10|H3
1|10|271|269|174|275|4S|W|10|DK
1|10|21|205|104|99|4S|W|10|H4
1|10|31|167|193|168|4S|W|10|DK
1|10|55|17|45|16|4S|W|10|DK
1|10|132|140|238|151|4S|W|10|DK
1|10|161|200|53|117|4S|W|10|CT
1|11|210|48|262|244|4D|W|10|HK
1|11|44|4|225|6|3D|E|10|H2
1|11|111|71|212|66|3D|E|10|HA
1|11|208|54|82|60|3N|W|7|S2
1|11|271|269|174|275|4D|W|10|HA
1|11|21|205|104|99|4D|E|10|HA
1|11|31|167|193|168|3N|E|9|HK
1|11|55|17|45|16|3N|W|9|HK
1|11|132|140|238|151|3D|E|10|HA
1|11|161|200|53|117|3D|E|10|HA
1|12|210|48|262|244|3N|N|8|S3
1|12|44|4|225|6|2N|S|8|H5
1|12|111|71|212|66|3N|S|7|HT
1|12|208|54|82|60|3N|N|10|S3
1|12|271|269|174|275|3D|N|8|S6
1|12|21|205|104|99|2N|N|8|S7
1|12|31|167|193|168|3N|S|8|H2
1|12|55|17|45|16|3CX|E|6|C6
1|12|132|140|238|151|2H|E|6|D8
1|12|161|200|53|117|3N|N|7|D6
1|13|210|48|262|244|3N|W|8|DK
1|13|44|4|225|6|4H|W|8|DQ
1|13|111|71|212|66|3N|E|9|DK
1|13|208|54|82|60|2H|W|8|DK
1|13|271|269|174|275|3N|W|9|DK
1|13|21|205|104|99|3N|W|8|DK
1|13|31|167|193|168|3N|W|9|DK
1|13|55|17|45|16|3N|W|9|DK
1|13|132|140|238|151|2H|W|8|DK
1|13|161|200|53|117|4H|E|8|D3
1|14|210|48|262|244|3N|N|9|HK
1|14|44|4|225|6|3N|S|9|H2
1|14|111|71|212|66|3N|S|9|S6
1|14|208|54|82|60|3N|S|9|H2
1|14|271|269|174|275|3N|S|10|H2
1|14|21|205|104|99|3N|S|10|H2
1|14|31|167|193|168|3N|N|9|HK
1|14|55|17|45|16|3N|S|11|S6
1|14|132|140|238|151|3N|S|10|H3
1|14|161|200|53|117|5D|S|11|D6
1|15|210|48|262|244|3H|W|10|CK
1|15|44|4|225|6|3H|W|8|CK
1|15|111|71|212|66|3H|E|8|S8
1|15|208|54|82|60|4SX|S|9|CJ
1|15|271|269|174|275|4H|E|10|S8
1|15|21|205|104|99|3S|N|8|HK
1|15|31|167|193|168|2H|W|8|S2
1|15|55|17|45|16|3C|W|6|H7
1|15|132|140|238|151|4CX|N|8|HK
1|15|161|200|53|117|3CX|S|6|SJ
1|16|210|48|262|244|3N|S|10|C2
1|16|44|4|225|6|1N|S|10|C6
1|16|111|71|212|66|3N|N|10|H4
1|16|208|54|82|60|3D|N|12|H3
1|16|271|269|174|275|3N|N|9|C2
1|16|21|205|104|99|3N|N|10|H4
1|16|31|167|193|168|3N|N|10|C3
1|16|55|17|45|16|3N|N|8|C6
1|16|132|140|238|151|3N|S|10|C2
1|16|161|200|53|117|2D|N|11|H3
1|17|33|48|148|244|3N|E|10|H3
1|17|2|210|190|262|2HX|S|3|SQ
1|17|111|71|60|66|3N|E|10|H3
1|17|208|54|82|212|3N|E|9|DT
1|17|271|269|174|275|3N|E|10|H3
1|17|21|205|104|99|5D|E|8|S6
1|17|31|167|193|168|3N|E|10|H2
1|17|67|17|242|16|2N|E|9|S7
1|17|132|140|238|151|3N|E|10|CQ
1|17|64|98|20|260|3N|E|10|H3
1|18|33|48|148|244|4H|N|9|SQ
1|18|2|210|190|262|4H|N|9|C4
1|18|111|71|60|66|4H|N|9|SQ
1|18|208|54|82|212|4H|N|9|SQ
1|18|271|269|174|275|4H|N|9|C4
1|18|21|205|104|99|4H|N|10|SQ
1|18|31|167|193|168|4H|N|9|D2
1|18|67|17|242|16|4H|N|8|SQ
1|18|132|140|238|151|4H|N|9|C2
1|18|64|98|20|260|4H|N|8|SQ
1|19|33|48|148|244|2D|S|10|S6
1|19|2|210|190|262|3N|N|10|S2
1|19|111|71|60|66|3N|N|9|H2
1|19|208|54|82|212|3N|N|7|CA
1|19|271|269|174|275|3N|N|9|H8
1|19|21|205|104|99|3N|N|10|S2
1|19|31|167|193|168|4D|S|10|D2
1|19|67|17|242|16|3N|N|10|S2
1|19|132|140|238|151|3N|S|7|C4
1|19|64|98|20|260|3N|N|10|H2
1|2|210|48|262|244|1N|S|7|D4
1|2|44|4|225|6|2S|N|8|DT
1|2|111|71|212|66|2S|N|7|DT
1|2|208|54|82|60|P||0
1|2|271|269|174|275|1N|W|7|S3
1|2|21|205|104|99|2D|W|7|SA
1|2|31|167|193|168|1N|W|7|S2
1|2|55|17|45|16|2S|N|7|D9
1|2|132|140|238|151|2D|W|7|SA
1|2|161|200|53|117|P||0
1|20|33|48|148|244|5D|N|11|SK
1|20|2|210|190|262|3N|S|9|S7
1|20|111|71|60|66|3N|S|9|S3
1|20|208|54|82|212|3N|N|10|SJ
1|20|271|269|174|275|3NX|N|9|C4
1|20|21|205|104|99|3N|N|11|S6
1|20|31|167|193|168|3N|N|10|S3
1|20|67|17|242|16|3N|S|9|CA
1|20|132|140|238|151|3N|S|9|S3
1|20|64|98|20|260|6D|N|10|C6
1|21|33|48|148|244|4C|N|9|S6
1|21|2|210|190|262|2S|E|6|HT
1|21|111|71|60|66|2C|N|9|S8
1|21|208|54|82|212|3N|N|7|S8
1|21|271|269|174|275|2D|S|9|SK
1|21|21|205|104|99|2S|E|5|HT
1|21|31|167|193|168|2C|N|9|DJ
1|21|67|17|242|16|1N|S|7|SK
1|21|132|140|238|151|2D|S|9|SK
1|21|64|98|20|260|3N|N|10|H6
1|22|33|48|148|244|3N|E|9|H4
1|22|2|210|190|262|3N|W|10|HQ
1|22|111|71|60|66|3N|W|11|D9
1|22|208|54|82|212|3N|E|9|H4
1|22|21|205|104|99|3N|E|9|H4
1|22|31|167|193|168|5C|W|10|H8
1|22|67|17|242|16|3N|E|9|H3
1|22|132|140|238|151|3N|E|9|D9
1|22|64|98|20|260|3N|E|10|H3
1|23|33|48|148|244|4H|N|8|SK
1|23|2|210|190|262|4S|E|9|H8
1|23|111|71|60|66|4SX|E|10|C8
1|23|208|54|82|212|4SX|W|10|H4
1|23|271|269|174|275|5CX|S|7|SK
1|23|21|205|104|99|4H|S|9|SK
1|23|31|167|193|168|4SX|E|10|H2
1|23|67|17|242|16|3S|W|10|H4
1|23|132|140|238|151|5H|S|9|SK
1|23|64|98|20|260|4H|N|9|D5
1|24|33|48|148|244|4H|E|10|D4
1|24|2|210|190|262|4H|E|11|CT
1|24|111|71|60|66|4H|W|11|C2
1|24|208|54|82|212|4H|E|10|D4
1|24|271|269|174|275|4H|E|10|D2
1|24|21|205|104|99|4H|E|11|C3
1|24|31|167|193|168|4H|E|10|D2
1|24|67|17|242|16|4H|E|10|D4
1|24|132|140|238|151|4H|E|11|C2
1|24|64|98|20|260|4H|W|10|D4
1|25|33|48|148|244|3C|S|9
1|25|2|210|190|262|P||0
1|25|111|71|60|66|3S|S|7|DA
1|25|208|54|82|212|3C|S|8|SQ
1|25|271|269|174|275|3C|S|8|H7
1|25|21|205|104|99|2D|W|8|CA
1|25|31|167|193|168|2H|E|7|CK
1|25|67|17|242|16|2N|N|6|DT
1|25|132|140|238|151|2D|W|9|D7
1|25|64|98|20|260|3C|S|7|SQ
1|26|33|48|148|244|4H|E|8
1|26|2|210|190|262|3H|E|8|SJ
1|26|111|71|60|66|2D|S|11|H2
1|26|208|54|82|212|4D|S|10|H7
1|26|271|269|174|275|3D|S|10|H2
1|26|21|205|104|99|3D|S|10|H5
1|26|31|167|193|168|3N|N|12|DJ
1|26|67|17|242|16|2H|E|8|CJ
1|26|132|140|238|151|4D|S|10|H6
1|26|64|98|20|260|3H|W|8|CJ
1|27|33|48|148|244|3N|W|10
1|27|2|210|190|262|3N|E|10|S9
1|27|111|71|60|66|3N|W|10|S2
1|27|208|54|82|212|3N|W|12|S9
1|27|271|269|174|275|3N|W|10|S3
1|27|21|205|104|99|3N|W|10|S3
1|27|31|167|193|168|3N|E|10|HJ
1|27|67|17|242|16|3N|W|11|S3
1|27|132|140|238|151|3N|W|10|S2
1|27|64|98|20|260|3N|W|10|S2
1|28|33|48|148|244|4H|W|12
1|28|2|210|190|262|6H|W|12|DT
1|28|111|71|60|66|6H|W|12|DK
1|28|208|54|82|212|6H|W|11|DK
1|28|271|269|174|275|6H|W|12|DK
1|28|21|205|104|99|6H|W|11|DK
1|28|31|167|193|168|6H|W|12|DK
1|28|67|17|242|16|6H|W|12|DQ
1|28|132|140|238|151|6H|W|11|DQ
1|28|64|98|20|260|6H|E|12|DK
1|29|33|48|148|244|2H|S|10
1|29|2|210|190|262|2H|S|10|C6
1|29|111|71|60|66|4H|N|10|H2
1|29|208|54|82|212|2H|S|10|HJ
1|29|271|269|174|275|3N|S|9|S2
1|29|21|205|104|99|3N|S|10|C6
1|29|31|167|193|168|4H|N|11|DJ
1|29|67|17|242|16|4H|S|11|CJ
1|29|132|140|238|151|4H|N|10|HT
1|29|64|98|20|260|4H|N|11|SA
1|3|210|48|262|244|3N|E|10|D2
1|3|44|4|225|6|3N|E|10|D2
1|3|111|71|212|66|3N|E|11|D2
1|3|208|54|82|60|3N|E|12|S8
1|3|271|269|174|275|3N|W|12|H2
1|3|21|205|104|99|3N|E|9|D2
1|3|31|167|193|168|3N|W|10|HJ
1|3|55|17|45|16|3N|E|11|D2
1|3|132|140|238|151|3N|E|9|D4
1|3|161|200|53|117|3N|W|12|S2
1|30|33|48|148|244|4S|E|10
1|30|2|210|190|262|4H|S|12|S4
1|30|111|71|60|66|5H|S|12|S4
1|30|208|54|82|212|4SX|E|7|DK
1|30|271|269|174|275|4H|S|12|S4
1|30|21|205|104|99|5C|N|12|SA
1|30|31|167|193|168|4SX|E|7|H2
1|30|67|17|242|16|4H|S|12|S4
1|30|132|140|238|151|5H|S|12|S5
1|30|64|98|20|260|4SX|E|8|DK
1|31|33|48|148|244|2S|E|7|D6
1|31|2|210|190|262|2H|E|8|C3
1|31|111|71|60|66|2S|W|8|DA
1|31|208|54|82|212|2S|E|8|S5
1|31|271|269|174|275|2H|E|9|C3
1|31|21|205|104|99|2S|W|8|CQ
1|31|31|167|193|168|2H|E|8|D6
1|31|67|17|242|16|4C|S|9|SJ
1|31|132|140|238|151|2S|W|9|DA
1|31|64|98|20|260|2S|W|7|HJ
1|32|33|48|148|244|3N|S|9|S7
1|32|2|210|190|262|3N|N|10|S9
1|32|111|71|60|66|2DX|E|5|SK
1|32|208|54|82|212|2DX|W|5|DT
1|32|271|269|174|275|3N|N|9|S9
1|32|21|205|104|99|3N|N|9|ST
1|32|31|167|193|168|3N|N|10|DJ
1|32|67|17|242|16|3N|S|8|S6
1|32|132|140|238|151|3N|N|8|S4
1|32|64|98|20|260|3N|N|8|S9
1|4|210|48|262|244|3N|N|11|S5
1|4|44|4|225|6|3N|N|11|C6
1|4|111|71|212|66|3N|N|10|S4
1|4|208|54|82|60|3N|N|11|C6
1|4|271|269|174|275|3D|N|11|S4
1|4|21|205|104|99|3N|N|11|S4
1|4|31|167|193|168|3N|N|10|C4
1|4|55|17|45|16|6N|N|11|CK
1|4|132|140|238|151|3N|N|11|S5
1|4|161|200|53|117|3N|N|11|S5
1|5|210|48|262|244|5SX|E|10|CA
1|5|44|4|225|6|4S|E|10|DT
1|5|111|71|212|66|4S|E|10|CA
1|5|208|54|82|60|4S|E|10|DJ
1|5|271|269|174|275|4S|E|10|SA
1|5|21|205|104|99|4S|E|10|HA
1|5|31|167|193|168|5SX|E|10|CA
1|5|55|17|45|16|4S|E|10|HA
1|5|132|140|238|151|2HX|S|3|CQ
1|5|161|200|53|117|4S|E|10|HA
1|6|210|48|262|244|3C|N|8|SJ
1|6|44|4|225|6|3C|N|7|SJ
1|6|111|71|212|66|5D|E|9|CJ
1|6|208|54|82|60|2S|W|8|D5
1|6|271|269|174|275|4C|S|8|DA
1|6|21|205|104|99|2D|W|11|D4
1|6|31|167|193|168|2S|W|9|D5
1|6|55|17|45|16|3D|W|10|CA
1|6|132|140|238|151|3D|W|10|H3
1|6|161|200|53|117|3D|W|10|CA
1|7|210|48|262|244|3D|E|10|SQ
1|7|44|4|225|6|3N|E|8|S4
1|7|111|71|212|66|3D|E|10|HK
1|7|208|54|82|60|3N|W|6|S5
1|7|271|269|174|275|1N|W|7|S5
1|7|21|205|104|99|3D|E|9|SQ
1|7|31|167|193|168|3N|E|6|SQ
1|7|55|17|45|16|1N|W|7|S8
1|7|132|140|238|151|3D|E|9|SQ
1|7|161|200|53|117|1N|W|8|S5
1|8|210|48|262|244|2S|N|5|C3
1|8|44|4|225|6|3D|W|8|DJ
1|8|111|71|212|66|3C|E|7|S3
1|8|208|54|82|60|2S|S|7|CQ
1|8|271|269|174|275|3C|E|7|S2
1|8|21|205|104|99|2S|N|5|H7
1|8|31|167|193|168|2S|N|6|DQ
1|8|55|17|45|16|2H|W|8|DJ
1|8|132|140|238|151|2S|N|6|H7
1|8|161|200|53|117|2D|W|8|C7
1|9|210|48|262|244|4H|N|7|H7
1|9|44|4|225|6|4C|E|10|D2
1|9|111|71|212|66|5C|E|9|H3
1|9|208|54|82|60|4C|E|10|H3
1|9|271|269|174|275|4S|W|9|HA
1|9|21|205|104|99|3HX|N|7|SJ
1|9|31|167|193|168|4C|W|10|D2
1|9|55|17|45|16|4C|E|10|H6
1|9|132|140|238|151|5CX|E|10|H3
1|9|161|200|53|117|4C|E|10|H9
2|1|208|33|82|148|3C|E|10|D3
2|1|4|71|6|66|3C|E|10|D5
2|1|269|111|275|54|3C|E|10|D4
2|1|60|155|212|121|3N|E|9|S6
2|1|67|13|242|254|2S|S|6|SA
2|1|205|55|174|45|3C|E|10|D4
2|1|161|17|53|16|2H|W|8|SJ
2|1|31|140|193|151|2S|S|6|H3
2|1|48|200|244|117|4H|W|8|SJ
2|1|98|2|260|190|2S|N|8|S5
2|10|208|33|82|148|3H|S|8|C5
2|10|4|71|6|66|3N|W|9|HT
2|10|269|111|275|54|5D|E|10|HK
2|10|60|155|212|121|5D|W|10|HT
2|10|67|13|242|254|5D|E|10|HQ
2|10|205|55|174|45|6D|E|10|HK
2|10|161|17|53|16|3HX|S|8|C5
2|10|31|140|193|151|5D|E|9|HK
2|10|48|200|244|117|5D|E|10|HK
2|10|98|2|260|190|5D|E|9|HK
2|11|208|33|82|148|3N|W|7|C3
2|11|4|71|6|66|4H|E|10|S2
2|11|269|111|275|54|4H|E|9|H8
2|11|60|155|212|121|4H|E|10|D9
2|11|67|13|242|254|3H|E|9|CA
2|11|205|55|174|45|6H|E|9|H8
2|11|161|17|53|16|3N|W|5|S7
2|11|31|140|193|151|4H|E|10|CA
2|11|48|200|244|117|4H|W|9|S3
2|11|98|2|260|190|3N|W|7|S7
2|12|208|33|82|148|3H|N|9|HT
2|12|4|71|6|66|4H|N|9|H4
2|12|269|111|275|54|4C|W|10|HQ
2|12|60|155|212|121|4H|N|8|D5
2|12|67|13|242|254|4H|N|9|H4
2|12|205|55|174|45|3H|N|7|D7
2|12|161|17|53|16|4C|W|9|HQ
2|12|31|140|193|151|2D|E|7|HA
2|12|48|200|244|117|3H|N|8|H4
2|12|98|2|260|190|3H|N|6|DT
2|13|208|33|82|148|2N|N|7|SJ
2|13|4|71|6|66|2N|N|7|SJ
2|13|269|111|275|54|2N|N|7|SJ
2|13|60|155|212|121|2N|N|7|SJ
2|13|67|13|242|254|3C|N|7|SJ
2|13|205|55|174|45|3C|N|8|SJ
2|13|161|17|53|16|3C|N|9|SJ
2|13|31|140|193|151|2N|N|7|SJ
2|13|48|200|244|117|2S|N|9|S3
2|13|98|2|260|190|2N|N|7|H3
2|14|208|33|82|148|3N|S|10|C7
2|14|4|71|6|66|3N|S|10|C6
2|14|269|111|275|54|3N|S|10|C3
2|14|60|155|212|121|3N|S|9|C3
2|14|67|13|242|254|3N|S|8|C7
2|14|205|55|174|45|3N|S|10|C6
2|14|161|17|53|16|3N|S|9|C6
2|14|31|140|193|151|3N|S|11|C2
2|14|48|200|244|117|3N|N|9|H4
2|14|98|2|260|190|3N|S|11|C6
2|15|208|33|82|148|3H|N|10|S5
2|15|4|71|6|66|3S|W|6|SA
2|15|269|111|275|54|3S|W|7|HQ
2|15|60|155|212|121|2S|W|7|SA
2|15|67|13|242|254|3S|W|7|SA
2|15|205|55|174|45|3S|W|6|HQ
2|15|161|17|53|16|3H|S|10|S4
2|15|31|140|193|151|4H|S|10|S3
2|15|48|200|244|117|4H|S|10|S3
2|15|98|2|260|190|3H|N|9|H7
2|16|208|33|82|148|3S|E|9|H9
2|16|4|71|6|66|3H|S|8|DK
2|16|269|111|275|54|3S|E|10|HT
2|16|60|155|212|121|2S|E|10|HT
2|16|67|13|242|254|3S|E|10|HT
2|16|205|55|174|45|3S|E|10|HT
2|16|161|17|53|16|2S|W|11|HK
2|16|31|140|193|151|4S|E|10|HT
2|16|48|200|244|117|4H|E|4|ST
2|16|98|2|260|190|2H|S|8|DK
2|17|208|33|82|148|2N|E|5|C3
2|17|210|71|262|66|1N|E|7|S6
2|17|155|60|121|212|2C|N|8|SQ
2|17|111|21|54|104|3S|N|8|C5
2|17|167|13|168|254|2S|N|8|C9
2|17|205|55|174|45|3H|E|9|S6
2|17|64|17|20|16|3S|N|8|C8
2|17|31|161|193|53|3S|N|8|H2
2|17|44|98|225|260|2S|N|8|H9
2|17|132|2|238|190|1S|N|8|C8
2|18|208|33|82|148|4C|W|12|D2
2|18|210|71|262|66|5C|W|11|SA
2|18|155|60|121|212|5C|W|11|SA
2|18|111|21|54|104|4SX|N|10|D5
2|18|167|13|168|254|5C|W|10|H7
2|18|205|55|174|45|5C|W|10|SA
2|18|64|17|20|16|5C|W|11|SA
2|18|31|161|193|53|3N|E|7|S2
2|18|44|98|225|260|3N|E|7|S2
2|18|132|2|238|190|3N|E|7|S3
2|19|208|33|82|148|1N|N|5|D4
2|19|210|71|262|66|1N|N|5|D4
2|19|155|60|121|212|3N|W|7|D7
2|19|111|21|54|104|3C|E|9|C2
2|19|167|13|168|254|2H|S|7|S9
2|19|205|55|174|45|2H|N|7|CJ
2|19|64|17|20|16|1N|S|5|D4
2|19|31|161|193|53|1N|S|5|D4
2|19|44|98|225|260|1N|N|7|CJ
2|19|132|2|238|190|2H|S|8|S3
2|2|208|33|82|148|4S|S|9|DQ
2|2|4|71|6|66|5SX|S|9|DQ
2|2|269|111|275|54|3S|S|9|DQ
2|2|60|155|212|121|3S|S|9|DQ
2|2|67|13|242|254|3S|S|9|DQ
2|2|205|55|174|45|4S|S|9|CA
2|2|161|17|53|16|4C|W|11|H5
2|2|31|140|193|151|5D|E|11|HK
2|2|48|200|244|117|3H|S|9|DQ
2|2|98|2|260|190|4S|S|9|DJ
2|20|208|33|82|148|3D|E|9|C4
2|20|210|71|262|66|1S|W|9|S5
2|20|155|60|121|212|3N|W|7|D7
2|20|111|21|54|104|3N|W|9|C5
2|20|167|13|168|254|1S|W|8|C4
2|20|205|55|174|45|3N|W|9|C5
2|20|64|17|20|16|2S|W|9|S5
2|20|31|161|193|53|2S|W|9|H6
2|20|44|98|225|260|1S|W|8|S5
2|20|132|2|238|190|3N|E|9|C4
2|21|208|33|82|148|2S|N|6|CA
2|21|210|71|262|66|4H|E|8|DQ
2|21|155|60|121|212|5H|E|8|DQ
2|21|111|21|54|104|2S|N|3|CT
2|21|167|13|168|254|2S|N|3|CT
2|21|205|55|174|45|2S|N|3|CT
2|21|64|17|20|16|4H|E|10|C3
2|21|31|161|193|53|5D|E|9|C2
2|21|44|98|225|260|3N|E|8|C4
2|21|132|2|238|190|3N|W|7|SK
2|22|208|33|82|148|3N|E|11|H2
2|22|210|71|262|66|3N|W|12|H2
2|22|155|60|121|212|6D|E|12|C3
2|22|111|21|54|104|3N|W|10|D2
2|22|167|13|168|254|3N|E|11|H8
2|22|205|55|174|45|3N|W|11|H3
2|22|64|17|20|16|3N|E|11|H2
2|22|31|161|193|53|4S|W|11|CJ
2|22|44|98|225|260|3N|E|10|S5
2|22|132|2|238|190|3N|E|11|H8
2|23|208|33|82|148|2H|E|8|C2
2|23|210|71|262|66|3H|E|8|SJ
2|23|155|60|121|212|4H|W|8|SJ
2|23|111|21|54|104|4H|W|9|D6
2|23|167|13|168|254|4H|W|8|SJ
2|23|205|55|174|45|5CX|N|9|H2
2|23|64|17|20|16|3H|W|8|C2
2|23|31|161|193|53|3C|N|10|ST
2|23|44|98|225|260|3H|W|8|D4
2|23|132|2|238|190|3H|W|8|D6
2|24|208|33|82|148|4H|W|9|C7
2|24|210|71|262|66|3H|W|9|C2
2|24|155|60|121|212|4H|W|9|C7
2|24|111|21|54|104|3N|S|3|H2
2|24|167|13|168|254|4H|W|9|C7
2|24|205|55|174|45|4H|E|9|C2
2|24|64|17|20|16|3H|W|9|C7
2|24|31|161|193|53|4H|W|9|C2
2|24|44|98|225|260|4H|W|9|S5
2|24|132|2|238|190|4H|W|9|C7
2|25|208|33|82|148|4H|E|12|D7
2|25|210|71|262|66|6H|W|12|C9
2|25|155|60|121|212|4H|W|12|D3
2|25|111|21|54|104|3N|W|10|D4
2|25|167|13|168|254|4H|W|12|CT
2|25|205|55|174|45|6H|E|13|H2
2|25|64|17|20|16|3N|W|11|CT
2|25|31|161|193|53|4H|W|12|H2
2|25|44|98|225|260|4H|E|12|CJ
2|25|132|2|238|190|4H|W|12|D3
2|26|208|33|82|148|2CX|S|6|D5
2|26|210|71|262|66|3N|W|10|D9
2|26|155|60|121|212|3N|W|10|C3
2|26|111|21|54|104|4H|W|10|C2
2|26|167|13|168|254|4H|E|10|S5
2|26|205|55|174|45|3H|W|10|C3
2|26|64|17|20|16|4H|W|10|C2
2|26|31|161|193|53|2H|E|10|S2
2|26|44|98|225|260|2S|E|9|C7
2|26|132|2|238|190|3H|E|10|CA
2|27|208|33|82|148|4H|N|8|CA
2|27|210|71|262|66|4H|N|9|CK
2|27|155|60|121|212|4H|N|9|D2
2|27|111|21|54|104|4H|N|8|CK
2|27|167|13|168|254|4H|N|9|CA
2|27|205|55|174|45|4HX|N|9|D7
2|27|64|17|20|16|4H|N|9|CA
2|27|31|161|193|53|4S|S|9|DK
2|27|44|98|225|260|4H|N|9|CK
2|27|132|2|238|190|4H|N|9|CK
2|28|208|33|82|148|2H|W|7|SJ
2|28|210|71|262|66|2CX|S|6|SQ
2|28|155|60|121|212|2CX|S|6|SQ
2|28|111|21|54|104|3CX|S|9|D5
2|28|167|13|168|254|2H|W|8|C5
2|28|205|55|174|45|2SX|N|5|S3
2|28|64|17|20|16|3S|E|6|CQ
2|28|31|161|193|53|2CX|S|7|SQ
2|28|44|98|225|260|2H|W|7|ST
2|28|132|2|238|190|2H|W|8|D5
2|29|208|33|82|148|6D|N|11|H5
2|29|210|71|262|66|6C|N|13|C3
2|29|155|60|121|212|5D|N|11|H5
2|29|111|21|54|104|6D|N|12|S2
2|29|167|13|168|254|4S|S|11|DT
2|29|205|55|174|45|6D|N|11|S4
2|29|64|17|20|16|5C|N|12|H7
2|29|31|161|193|53|6D|N|11|H5
2|29|44|98|225|260|4S|S|12|HA
2|29|132|2|238|190|4S|S|13|D6
2|3|208|33|82|148|3N|N|11|S2
2|3|4|71|6|66|3N|N|10|S2
2|3|269|111|275|54|3N|N|11|C4
2|3|60|155|212|121|3N|N|10|DT
2|3|67|13|242|254|5D|N|12|H9
2|3|205|55|174|45|4D|S|11|C3
2|3|161|17|53|16|3N|N|11|S2
2|3|31|140|193|151|5D|S|11|C7
2|3|48|200|244|117|3N|N|9|C5
2|3|98|2|260|190|5D|S|11|D4
2|30|208|33|82|148|3H|N|10|SQ
2|30|210|71|262|66|3H|S|10|SQ
2|30|155|60|121|212|3D|W|7|D6
2|30|111|21|54|104|3S|E|7|HJ
2|30|167|13|168|254|3H|S|9|SQ
2|30|205|55|174|45|4S|E|6|D8
2|30|64|17|20|16|3H|N|10|SQ
2|30|31|161|193|53|4H|N|10|DA
2|30|44|98|225|260|4H|S|10|SQ
2|30|132|2|238|190|2H|S|10|DA
2|31|208|33|82|148|3N|E|9|SQ
2|31|210|71|262|66|3N|E|9|SQ
2|31|155|60|121|212|3N|E|9|SQ
2|31|111|21|54|104|3N|E|9|SQ
2|31|167|13|168|254|3N|E|9|SQ
2|31|205|55|174|45|3N|E|9|SQ
2|31|64|17|20|16|3N|E|9|SQ
2|31|31|161|193|53|3N|E|9|SQ
2|31|44|98|225|260|3N|E|9|SJ
2|31|132|2|238|190|3N|E|9|SQ
2|32|208|33|82|148|3N|W|8|ST
2|32|210|71|262|66|3N|W|7|CA
2|32|155|60|121|212|3N|W|9|CA
2|32|111|21|54|104|1N|W|9|CA
2|32|167|13|168|254|4S|W|9|CA
2|32|205|55|174|45|3N|W|9|CK
2|32|64|17|20|16|3N|E|9|CA
2|32|31|161|193|53|2N|W|8|S9
2|32|44|98|225|260|1N|W|10|S9
2|32|132|2|238|190|3N|W|9|CA
2|4|208|33|82|148|4N|E|11|SQ
2|4|4|71|6|66|3N|W|11|DJ
2|4|269|111|275|54|3N|W|11|H4
2|4|60|155|212|121|3N|W|12|S3
2|4|67|13|242|254|3N|W|11|S8
2|4|205|55|174|45|3N|W|12|H4
2|4|161|17|53|16|3N|W|11|H4
2|4|31|140|193|151|3N|E|11|C6
2|4|48|200|244|117|6C|E|11|H2
2|4|98|2|260|190|3N|W|10|C6
2|5|208|33|82|148|P||0
2|5|4|71|6|66|3D|E|7|C6
2|5|269|111|275|54|3D|E|6|D5
2|5|60|155|212|121|P||0
2|5|67|13|242|254|3D|E|7|C6
2|5|205|55|174|45|P||0
2|5|161|17|53|16|3S|S|8|C9
2|5|31|140|193|151|2S|S|8|C3
2|5|48|200|244|117|2S|S|7|HQ
2|5|98|2|260|190|4H|N|8|H8
2|6|208|33|82|148|5D|N|10|HA
2|6|4|71|6|66|5DX|S|9|SK
2|6|269|111|275|54|3H|E|9|DA
2|6|60|155|212|121|3H|E|7|DA
2|6|67|13|242|254|3DX|S|9|SK
2|6|205|55|174|45|4H|E|9|DA
2|6|161|17|53|16|5DX|S|9|C4
2|6|31|140|193|151|4HX|E|8|DK
2|6|48|200|244|117|3D|N|9|C2
2|6|98|2|260|190|5H|E|9|DA
2|7|208|33|82|148|4S|W|10|S5
2|7|4|71|6|66|3S|E|8|S3
2|7|269|111|275|54|3S|W|10|S2
2|7|60|155|212|121|4S|W|10|S5
2|7|67|13|242|254|4S|W|10|CK
2|7|205|55|174|45|3S|W|10|DA
2|7|161|17|53|16|3S|W|10|CK
2|7|31|140|193|151|3S|W|10|CK
2|7|48|200|244|117|3S|W|10|CK
2|7|98|2|260|190|4H|S|9|SA
2|8|208|33|82|148|2H|E|6|S6
2|8|4|71|6|66|3N|N|9|H5
2|8|269|111|275|54|3N|N|10|S3
2|8|60|155|212|121|3N|N|10|S3
2|8|67|13|242|254|3N|N|8|S3
2|8|205|55|174|45|3N|N|9|S3
2|8|161|17|53|16|2H|W|8|D4
2|8|31|140|193|151|3N|N|9|C6
2|8|48|200|244|117|3N|N|8|H4
2|8|98|2|260|190|4S|S|9|CQ
2|9|208|33|82|148|4H|N|9|D5
2|9|4|71|6|66|4H|N|9|D5
2|9|269|111|275|54|4H|N|11|SA
2|9|60|155|212|121|4H|N|10|C7
2|9|67|13|242|254|3H|N|9|D9
2|9|205|55|174|45|2C|N|7|C3
2|9|161|17|53|16|4H|N|9|D6
2|9|31|140|193|151|2N|N|8|S2
2|9|48|200|244|117|4H|N|9|D9
2|9|98|2|260|190|4H|N|9|D5
3|1|210|269|262|275|5D|N|11|HK
3|1|155|4|121|6|5D|S|11|H3
3|1|60|67|212|242|5C|S|11|H4
3|1|55|111|45|54|2C|S|11|C2
3|1|174|140|99|151|3C|S|10|H4
3|1|64|13|20|254|3H|W|8|S3
3|1|17|200|16|117|3N|S|8|H4
3|1|98|31|260|193|3H|E|8|C3
3|1|208|2|82|190|3D|S|11|H6
3|1|44|71|225|66|3N|N|7|HK
3|10|210|269|262|275|1N|W|7|ST
3|10|155|4|121|6|1N|W|8|S7
3|10|60|67|212|242|1N|E|8|H4
3|10|55|111|45|54|1N|W|9|ST
3|10|174|140|99|151|1N|W|7|ST
3|10|64|13|20|254|1N|W|7|ST
3|10|17|200|16|117|1N|W|6|ST
3|10|98|31|260|193|3D|W|8|CQ
3|10|208|2|82|190|1N|W|7|S7
3|10|44|71|225|66|1N|W|8|ST
3|11|210|269|262|275|1N|N|6|D4
3|11|155|4|121|6|1N|E|6|H2
3|11|60|67|212|242|1N|S|6|SQ
3|11|55|111|45|54|1N|S|6|SQ
3|11|174|140|99|151|1N|E|7|S5
3|11|64|13|20|254|3C|W|6|CJ
3|11|17|200|16|117|1N|S|5|SQ
3|11|98|31|260|193|1N|N|6|CK
3|11|208|2|82|190|1N|N|6|D2
3|11|44|71|225|66|1N|S|6|SQ
3|12|210|269|262|275|3D|W|6|SJ
3|12|155|4|121|6|2S|S|10|HA
3|12|60|67|212|242|2S|S|10|HA
3|12|55|111|45|54|2S|S|9|DQ
3|12|174|140|99|151|2S|S|9|HA
3|12|64|13|20|254|2S|S|9|HJ
3|12|17|200|16|117|1N|W|5|SJ
3|12|98|31|260|193|2S|S|9|HK
3|12|208|2|82|190|2S|N|9|D3
3|12|44|71|225|66|3D|W|8|SJ
3|13|210|269|262|275|2H|S|8|SQ
3|13|155|4|121|6|2S|W|9|C5
3|13|60|67|212|242|3H|N|9|S7
3|13|55|111|45|54|3H|N|8|S7
3|13|174|140|99|151|3S|W|9|C5
3|13|64|13|20|254|4H|S|10|SQ
3|13|17|200|16|117|4H|S|9|SQ
3|13|98|31|260|193|2H|S|9|SQ
3|13|208|2|82|190|3H|N|10|CJ
3|13|44|71|225|66|4S|W|9|D5
3|14|210|269|262|275|4S|E|12|CA
3|14|155|4|121|6|5H|E|12|D2
3|14|60|67|212|242|5H|E|11|CA
3|14|55|111|45|54|4S|E|12|H3
3|14|174|140|99|151|4H|E|11|CA
3|14|64|13|20|254|4H|W|12|SJ
3|14|17|200|16|117|4H|E|12|CA
3|14|98|31|260|193|4S|W|12|CK
3|14|208|2|82|190|4H|E|12|D2
3|14|44|71|225|66|5H|E|11|CA
3|15|210|269|262|275|4H|E|12|SK
3|15|155|4|121|6|6H|E|12|C6
3|15|60|67|212|242|4H|E|13|SK
3|15|55|111|45|54|4H|E|12|SK
3|15|174|140|99|151|4H|E|12|SK
3|15|64|13|20|254|4H|E|12|SK
3|15|17|200|16|117|4H|E|12|SK
3|15|98|31|260|193|4H|E|13|SK
3|15|208|2|82|190|4H|E|12|SK
3|15|44|71|225|66|4H|E|12|SK
3|16|210|269|262|275|2H|S|8|SA
3|16|155|4|121|6|2H|S|8|SA
3|16|60|67|212|242|2S|W|8|DK
3|16|55|111|45|54|2S|W|7|DK
3|16|174|140|99|151|2N|N|5|D2
3|16|64|13|20|254|2H|S|9|SA
3|16|17|200|16|117|2H|S|8|SA
3|16|98|31|260|193|2S|W|7|DK
3|16|208|2|82|190|3H|S|7|SK
3|16|44|71|225|66|2S|W|8|DQ
3|17|33|155|148|121|4S|N|9|D5
3|17|21|4|104|6|4S|N|9|H4
3|17|60|67|212|242|4S|N|10|D5
3|17|167|111|168|54|5DX|W|10|SK
3|17|174|161|99|53|4S|N|9|H4
3|17|64|13|20|254|4S|N|10|D2
3|17|31|200|193|117|4S|N|10|H5
3|17|132|17|238|16|4S|N|9|CA
3|17|208|48|82|244|4S|N|9|D5
3|17|44|71|225|66|4S|N|9|D4
3|18|33|155|148|121|6D|W|12|H9
3|18|21|4|104|6|5D|W|12|HT
3|18|60|67|212|242|5C|E|12|HA
3|18|167|111|168|54|6C|E|12|HK
3|18|174|161|99|53|4C|W|12|S2
3|18|64|13|20|254|6C|W|11|HK
3|18|31|200|193|117|6D|E|11|HK
3|18|132|17|238|16|5D|W|11|HQ
3|18|208|48|82|244|5C|E|11|HK
3|18|44|71|225|66|5C|E|12|HK
3|19|33|155|148|121|4H|S|9|S3
3|19|21|4|104|6|3N|S|9|S4
3|19|60|67|212|242|4H|N|9|CQ
3|19|167|111|168|54|3N|N|9|CQ
3|19|174|161|99|53|4H|N|10|CQ
3|19|64|13|20|254|4H|S|9|S2
3|19|31|200|193|117|4H|S|9|S3
3|19|132|17|238|16|4H|S|9|CK
3|19|208|48|82|244|4H|S|9|S3
3|19|44|71|225|66|4H|N|9|CQ
3|2|210|269|262|275|3N|W|13|S4
3|2|155|4|121|6|3N|W|13|S4
3|2|60|67|212|242|3N|W|13|C8
3|2|55|111|45|54|3N|W|12|S2
3|2|174|140|99|151|3N|W|13|S4
3|2|64|13|20|254|3N|W|11|SQ
3|2|17|200|16|117|6D|E|12|C2
3|2|98|31|260|193|3N|W|11|SK
3|2|208|2|82|190|3N|W|12|D7
3|2|44|71|225|66|3N|W|12|SQ
3|20|33|155|148|121|4H|S|11|D7
3|20|21|4|104|6|4H|S|12|C8
3|20|60|67|212|242|5DX|E|7|HA
3|20|167|111|168|54|4H|S|11|D7
3|20|174|161|99|53|4H|S|11|C9
3|20|64|13|20|254|4H|N|12|D8
3|20|31|200|193|117|2S|W|6|D4
3|20|132|17|238|16|4H|S|11|D8
3|20|208|48|82|244|4H|S|11|D7
3|20|44|71|225|66|4SX|W|5|CK
3|21|33|155|148|121|3N|E|9|C3
3|21|21|4|104|6|3C|E|9|D9
3|21|60|67|212|242|3N|W|7|D7
3|21|167|111|168|54|2S|W|8|HK
3|21|174|161|99|53|4C|E|9|D6
3|21|64|13|20|254|4S|W|9|HQ
3|21|31|200|193|117|3N|W|7|D7
3|21|132|17|238|16|1N|E|8|C5
3|21|208|48|82|244|3S|W|8|DA
3|21|44|71|225|66|3N|W|7|D7
3|22|33|155|148|121|3N|S|10|S2
3|22|21|4|104|6|3N|S|12|C5
3|22|60|67|212|242|3N|S|11|H4
3|22|167|111|168|54|3N|S|10|H8
3|22|174|161|99|53|3N|S|11|S2
3|22|64|13|20|254|3N|S|10|S2
3|22|31|200|193|117|3N|S|11|C7
3|22|132|17|238|16|3N|S|10|S2
3|22|208|48|82|244|3N|S|10|H3
3|22|44|71|225|66|3N|S|9|S5
3|23|33|155|148|121|5C|E|10|S4
3|23|21|4|104|6|3DX|S|8|SQ
3|23|60|67|212|242|5C|E|10|S3
3|23|167|111|168|54|3NX|W|10|HJ
3|23|174|161|99|53|3N|W|10|D6
3|23|64|13|20|254|5C|W|9|DQ
3|23|31|200|193|117|2N|W|9|S2
3|23|132|17|238|16|3DX|N|8|H4
3|23|208|48|82|244|5C|W|9|DQ
3|23|44|71|225|66|3N|W|10|D6
3|24|33|155|148|121|3N|S|9|H5
3|24|21|4|104|6|4S|S|9|S2
3|24|60|67|212|242|3N|S|8|H8
3|24|167|111|168|54|3N|S|9|H5
3|24|174|161|99|53|3N|S|9|H5
3|24|64|13|20|254|3N|N|9|H7
3|24|31|200|193|117|3N|S|9|H8
3|24|132|17|238|16|3N|S|9|H5
3|24|208|48|82|244|3N|S|9|H8
3|24|44|71|225|66|3N|S|8|H5
3|25|33|155|148|121|4S|N|11|C3
3|25|21|4|104|6|6S|N|11|C5
3|25|60|67|212|242|6D|S|10|SA
3|25|167|111|168|54|6N|S|10|H2
3|25|174|161|99|53|4S|N|11|C2
3|25|64|13|20|254|5S|N|11|S4
3|25|31|200|193|117|6D|S|11|C3
3|25|132|17|238|16|6N|S|11|CT
3|25|208|48|82|244|3N|S|12|C4
3|25|44|71|225|66|6D|N|11|S5
3|26|33|155|148|121|2H|W|7|ST
3|26|21|4|104|6|2H|W|7|D5
3|26|60|67|212|242|2H|W|7|S9
3|26|167|111|168|54|3C|S|8|HK
3|26|174|161|99|53|2H|W|8|ST
3|26|64|13|20|254|2H|E|7|C7
3|26|31|200|193|117|2H|E|7|C4
3|26|132|17|238|16|2H|W|8|D6
3|26|208|48|82|244|2H|E|7|H4
3|26|44|71|225|66|2H|W|7|D5
3|27|33|155|148|121|3S|S|9|DA
3|27|21|4|104|6|2S|S|10|DK
3|27|60|67|212|242|2S|S|10|DA
3|27|167|111|168|54|4S|S|9|DA
3|27|174|161|99|53|4S|S|8|DK
3|27|64|13|20|254|4D|W|9|CT
3|27|31|200|193|117|4S|S|8|DA
3|27|132|17|238|16|3S|S|9|DA
3|27|208|48|82|244|2S|S|9|DK
3|27|44|71|225|66|3S|S|9|H4
3|28|33|155|148|121|2S|N|8|SQ
3|28|21|4|104|6|3H|N|8|SA
3|28|60|67|212|242|2H|S|7|C3
3|28|167|111|168|54|2H|S|8|D5
3|28|174|161|99|53|3S|N|5|SK
3|28|64|13|20|254|2H|N|8|C8
3|28|31|200|193|117|1NX|E|7|H2
3|28|132|17|238|16|2H|N|8|SA
3|28|208|48|82|244|2SX|N|7|SA
3|28|44|71|225|66|2H|S|8|S5
3|29|33|155|148|121|2H|E|10|SJ
3|29|21|4|104|6|3H|W|10|C3
3|29|60|67|212|242|2H|W|11|H7
3|29|167|111|168|54|3H|E|10|SJ
3|29|174|161|99|53|4H|E|10|SJ
3|29|64|13|20|254|2H|W|9|H2
3|29|31|200|193|117|4H|E|10|SJ
3|29|132|17|238|16|2H|W|10|C5
3|29|208|48|82|244|2H|W|10|H2
3|29|44|71|225|66|2H|W|10|C7
3|3|210|269|262|275|5H|N|11|C4
3|3|155|4|121|6|3H|N|10|SK
3|3|60|67|212|242|4H|N|10|SK
3|3|55|111|45|54|4H|N|11|SA
3|3|174|140|99|151|4H|N|11|SK
3|3|64|13|20|254|4H|N|10|SA
3|3|17|200|16|117|4H|N|12|SK
3|3|98|31|260|193|4H|N|12|SK
3|3|208|2|82|190|1H|N|11|D5
3|3|44|71|225|66|4H|N|11|SK
3|30|33|155|148|121|5S|E|11|H2
3|30|21|4|104|6|5S|E|11|DJ
3|30|60|67|212|242|4S|E|11|DJ
3|30|167|111|168|54|4S|W|12|HA
3|30|174|161|99|53|5D|E|12|H3
3|30|64|13|20|254|4S|E|12|HK
3|30|31|200|193|117|4S|E|12|H3
3|30|132|17|238|16|4S|E|11|DJ
3|30|208|48|82|244|4S|E|12|H4
3|30|44|71|225|66|4S|W|12|HK
3|31|33|155|148|121|5DX|W|9|SA
3|31|21|4|104|6|5DX|W|10|SA
3|31|60|67|212|242|4S|N|10|CA
3|31|167|111|168|54|5S|N|10|CA
3|31|174|161|99|53|4S|N|10|CK
3|31|64|13|20|254|4S|S|11|DA
3|31|31|200|193|117|4S|S|10|DA
3|31|132|17|238|16|4S|N|10|CA
3|31|208|48|82|244|4S|S|11|DK
3|31|44|71|225|66|4S|N|10|CA
3|32|33|155|148|121|4S|N|12|ST
3|32|21|4|104|6|4S|N|11|ST
3|32|60|67|212|242|4S|N|12|C5
3|32|167|111|168|54|4S|N|12|C5
3|32|174|161|99|53|4S|N|12|ST
3|32|64|13|20|254|4S|N|12|ST
3|32|31|200|193|117|4S|N|12|ST
3|32|132|17|238|16|6S|N|12|DA
3|32|208|48|82|244|4S|N|12|ST
3|32|44|71|225|66|4S|N|12|ST
3|4|210|269|262|275|3N|N|12|DT
3|4|155|4|121|6|3N|N|12|S7
3|4|60|67|212|242|3N|N|12|C3
3|4|55|111|45|54|4SX|E|7|DK
3|4|174|140|99|151|3N|N|10|HQ
3|4|64|13|20|254|3N|N|10|HQ
3|4|17|200|16|117|3N|N|11|S6
3|4|98|31|260|193|3N|N|11|DJ
3|4|208|2|82|190|3N|N|11|S3
3|4|44|71|225|66|3N|N|10|HQ
3|5|210|269|262|275|3N|N|10|H6
3|5|155|4|121|6|3N|S|10|H3
3|5|60|67|212|242|3N|N|11|S8
3|5|55|111|45|54|3N|N|9|D5
3|5|174|140|99|151|3N|N|9|DJ
3|5|64|13|20|254|3N|S|11|S9
3|5|17|200|16|117|3N|S|11|S9
3|5|98|31|260|193|3N|N|11|DJ
3|5|208|2|82|190|3N|N|10|DJ
3|5|44|71|225|66|3N|N|9|DJ
3|6|210|269|262|275|3N|S|11|C7
3|6|155|4|121|6|3N|N|9|S3
3|6|60|67|212|242|3N|S|8|HQ
3|6|55|111|45|54|3N|S|10|HK
3|6|174|140|99|151|3N|S|10|HK
3|6|64|13|20|254|3N|N|10|S7
3|6|17|200|16|117|3N|N|8|S2
3|6|98|31|260|193|3N|N|8|S7
3|6|208|2|82|190|3N|N|8|S7
3|6|44|71|225|66|3N|N|8|S7
3|7|210|269|262|275|4SX|W|11|HA
3|7|155|4|121|6|4H|S|9|D7
3|7|60|67|212|242|4S|W|11|HA
3|7|55|111|45|54|4S|W|11|HA
3|7|174|140|99|151|3H|S|9|D7
3|7|64|13|20|254|4S|W|12|HA
3|7|17|200|16|117|4H|S|10|DT
3|7|98|31|260|193|4S|W|10|HA
3|7|208|2|82|190|5S|W|11|HA
3|7|44|71|225|66|4H|S|9|D7
3|8|210|269|262|275|2S|W|10|HK
3|8|155|4|121|6|2H|E|7|D7
3|8|60|67|212|242|1N|N|7|H3
3|8|55|111|45|54|1N|W|9|D5
3|8|174|140|99|151|1S|W|10|CA
3|8|64|13|20|254|3N|E|8|D7
3|8|17|200|16|117|1D|N|8|H3
3|8|98|31|260|193|2N|W|8|HA
3|8|208|2|82|190|1D|N|7|H8
3|8|44|71|225|66|1N|N|7|H7
3|9|210|269|262|275|3N|N|11|D6
3|9|155|4|121|6|3N|N|11|HK
3|9|60|67|212|242|3N|N|10|D2
3|9|55|111|45|54|3N|N|10|D2
3|9|174|140|99|151|3N|N|10|D6
3|9|64|13|20|254|3N|N|10|D6
3|9|17|200|16|117|3N|N|10|D2
3|9|98|31|260|193|3N|N|10|D6
3|9|208|2|82|190|3N|N|11|H5
3|9|44|71|225|66|6N|N|11|HK
4|1|55|33|45|148|5H|W|10
4|1|210|167|262|168|5D|E|10
4|1|102|111|172|54|5H|W|10
4|1|60|161|212|53|5H|E|11
4|1|132|13|238|254|3H|W|10
4|1|174|200|99|117|4H|W|10
4|1|44|17|225|16|5S|N|11
4|1|31|48|193|244|5H|E|11
4|1|208|155|82|121|6S|N|12
4|1|21|79|104|38|4S|S|10
4|10|55|33|45|148|4H|W|9
4|10|210|167|262|168|3S|N|9
4|10|102|111|172|54|5D|W|11
4|10|60|161|212|53|3S|N|9
4|10|132|13|238|254|3S|S|10
4|10|174|200|99|117|4H|E|9
4|10|44|17|225|16|3S|N|9
4|10|31|48|193|244|3S|N|9
4|10|208|155|82|121|3S|N|9
4|10|21|79|104|38|4S|N|9
4|11|55|33|45|148|4S|S|10
4|11|210|167|262|168|4S|S|11
4|11|102|111|172|54|4S|S|10
4|11|60|161|212|53|3H|W|9
4|11|132|13|238|254|4S|N|10
4|11|174|200|99|117|2S|N|11
4|11|44|17|225|16|4S|S|10
4|11|31|48|193|244|4S|S|10
4|11|208|155|82|121|4S|S|10
4|11|21|79|104|38|4S|S|11
4|12|55|33|45|148|2S|E|8
4|12|210|167|262|168|4H|S|9
4|12|102|111|172|54|3S|W|9
4|12|60|161|212|53|4D|E|10
4|12|132|13|238|254|3H|S|9
4|12|174|200|99|117|5D|E|11
4|12|44|17|225|16|2S|E|7
4|12|31|48|193|244|3H|N|10
4|12|208|155|82|121|2S|E|8
4|12|21|79|104|38|2S|E|6
4|13|55|33|45|148|4S|S|11
4|13|210|167|262|168|5S|S|12
4|13|102|111|172|54|4S|S|11
4|13|60|161|212|53|6S|S|11
4|13|132|13|238|254|6S|S|12
4|13|174|200|99|117|5S|S|12
4|13|44|17|225|16|4S|S|11
4|13|31|48|193|244|4S|S|12
4|13|208|155|82|121|4S|S|10
4|13|21|79|104|38|6S|S|11
4|14|55|33|45|148|4H|S|10
4|14|210|167|262|168|4H|S|10
4|14|102|111|172|54|4H|S|10
4|14|60|161|212|53|4H|S|10
4|14|132|13|238|254|4H|S|10
4|14|174|200|99|117|4H|N|10
4|14|44|17|225|16|4H|N|10
4|14|31|48|193|244|4H|S|10
4|14|208|155|82|121|4H|N|10
4|14|21|79|104|38|4H|S|10
4|15|55|33|45|148|5H|E|11
4|15|210|167|262|168|5S|S|11
4|15|102|111|172|54|4S|S|11
4|15|60|161|212|53|5C|N|10
4|15|132|13|238|254|5H|W|11
4|15|174|200|99|117|4S|S|11
4|15|44|17|225|16|5H|W|11
4|15|31|48|193|244|4S|S|10
4|15|208|155|82|121|4S|N|10
4|15|21|79|104|38|4S|S|10
4|16|55|33|45|148|4S|E|12
4|16|210|167|262|168|3N|E|9
4|16|102|111|172|54|4S|E|10
4|16|60|161|212|53|4S|E|10
4|16|132|13|238|254|3N|E|10
4|16|174|200|99|117|6D|E|8
4|16|44|17|225|16|4S|E|11
4|16|31|48|193|244|6H|E|10
4|16|208|155|82|121|4S|E|10
4|16|21|79|104|38|4H|E|10
4|17|67|33|242|148|4C|W|10|D8
4|17|4|167|6|168|3N|E|7|H6
4|17|102|60|172|212|3S|W|9|C7
4|17|111|64|54|20|4C|W|11|D8
4|17|132|13|238|254|3H|N|8|C3
4|17|174|98|99|260|3H|N|7|C5
4|17|44|17|225|16|3H|N|9|D3
4|17|31|48|193|244|3N|E|7|DQ
4|17|208|155|82|121|5S|W|10|C7
4|17|300|79|275|38|3H|N|8|CT
4|18|67|33|242|148|2CX|N|6|D4
4|18|4|167|6|168|3N|E|10|SK
4|18|102|60|172|212|2S|S|4|DA
4|18|111|64|54|20|3N|W|10|HQ
4|18|132|13|238|254|1N|W|10|C2
4|18|174|98|99|260|3N|E|10|SQ
4|18|44|17|225|16|3N|E|10|SK
4|18|31|48|193|244|3N|E|9|D2
4|18|208|155|82|121|1N|S|4|DA
4|18|300|79|275|38|3N|E|10|SK
4|19|67|33|242|148|2S|E|9|DJ
4|19|4|167|6|168|2S|W|9|CK
4|19|102|60|172|212|3N|E|10|H7
4|19|111|64|54|20|2S|W|10|CA
4|19|132|13|238|254|2S|E|9|H6
4|19|174|98|99|260|2S|E|11|H7
4|19|44|17|225|16|2S|E|10|H7
4|19|31|48|193|244|2S|E|11|H3
4|19|208|155|82|121|2S|E|9|H5
4|19|300|79|275|38|2S|W|9|CA
4|2|55|33|45|148|3D|N|10
4|2|210|167|262|168|4H|S|12
4|2|102|111|172|54|2S|W|7
4|2|60|161|212|53|3N|N|11
4|2|132|13|238|254|3N|S|11
4|2|174|200|99|117|3N|N|11
4|2|44|17|225|16|5D|S|10
4|2|31|48|193|244|4H|S|10
4|2|208|155|82|121|2S|E|7
4|2|21|79|104|38|4H|S|12
4|20|67|33|242|148|1N|N|8|D6
4|20|4|167|6|168|3N|S|9|HQ
4|20|102|60|172|212|3N|N|8|D6
4|20|111|64|54|20|3N|S|9|HQ
4|20|132|13|238|254|3N|S|6|HQ
4|20|174|98|99|260|3N|S|9|D5
4|20|44|17|225|16|3N|N|9|D6
4|20|31|48|193|244|3N|N|9|D2
4|20|208|155|82|121|3N|N|9|D6
4|20|300|79|275|38|3N|S|9|HQ
4|21|67|33|242|148|4H|W|7|SJ
4|21|4|167|6|168|3S|S|9|HK
4|21|102|60|172|212|3S|S|7|HK
4|21|111|64|54|20|4H|E|8|DT
4|21|132|13|238|254|4H|W|9|SQ
4|21|174|98|99|260|3S|N|8|H5
4|21|44|17|225|16|4H|W|9|ST
4|21|31|48|193|244|3H|E|9|D2
4|21|208|155|82|121|4H|E|8|C4
4|21|300|79|275|38|3H|W|8|DT
4|22|67|33|242|148|4H|E|10|D7
4|22|4|167|6|168|4H|W|9|CQ
4|22|102|60|172|212|4H|W|10|CQ
4|22|111|64|54|20|4H|E|10|HJ
4|22|132|13|238|254|4H|W|9|CQ
4|22|174|98|99|260|4H|W|10|S2
4|22|44|17|225|16|4H|W|10|S2
4|22|31|48|193|244|4H|E|9|HQ
4|22|208|155|82|121|3H|E|10|S5
4|22|300|79|275|38|4H|W|10|H2
4|23|67|33|242|148|1N|N|6|HK
4|23|4|167|6|168|3N|W|8|H8
4|23|102|60|172|212|2DX|S|6|C7
4|23|111|64|54|20|3N|W|7|H2
4|23|132|13|238|254|1HX|N|6|S7
4|23|174|98|99|260|3S|W|7|D8
4|23|44|17|225|16|2S|W|7|D8
4|23|31|48|193|244|2H|E|8|D2
4|23|208|155|82|121|1N|N|7|HQ
4|23|300|79|275|38|3S|W|7|DT
4|24|67|33|242|148|3N|S|9|SA
4|24|4|167|6|168|3C|S|10|SK
4|24|102|60|172|212|3C|S|11|SA
4|24|111|64|54|20|3C|S|11|SK
4|24|132|13|238|254|3C|S|11|SA
4|24|174|98|99|260|3H|N|8|S3
4|24|44|17|225|16|3N|S|9|SA
4|24|31|48|193|244|4H|N|10|D2
4|24|208|155|82|121|5C|S|11|SK
4|24|300|79|275|38|6C|S|11|SA
4|25|67|33|242|148|3S|E|7|HK
4|25|4|167|6|168|3N|N|7|D4
4|25|102|60|172|212|4H|N|8|C9
4|25|111|64|54|20|3N|N|5|D4
4|25|132|13|238|254|3C|N|9|HJ
4|25|174|98|99|260|3N|N|7|D4
4|25|44|17|225|16|3C|N|9|S8
4|25|31|48|193|244|3N|N|7|D2
4|25|208|155|82|121|2N|N|7|S3
4|25|300|79|275|38|3C|S|10|H5
4|26|67|33|242|148|4S|E|10|HQ
4|26|4|167|6|168|4S|E|10|S8
4|26|102|60|172|212|4S|E|10|HQ
4|26|111|64|54|20|4S|E|10|HQ
4|26|132|13|238|254|4S|E|10|HQ
4|26|174|98|99|260|4S|E|11|S7
4|26|44|17|225|16|4S|E|11|C3
4|26|31|48|193|244|4S|E|10|D2
4|26|208|155|82|121|4S|W|10|HK
4|26|300|79|275|38|4S|E|10|H2
4|27|67|33|242|148|3D|E|8|C8
4|27|4|167|6|168|1N|N|3|DK
4|27|102|60|172|212|2D|E|9|C3
4|27|111|64|54|20|2H|S|8|SJ
4|27|132|13|238|254|2HX|S|9|SJ
4|27|174|98|99|260|2D|E|6|H3
4|27|44|17|225|16|3NX|E|7|H3
4|27|31|48|193|244|2D|W|9|D2
4|27|208|155|82|121|3D|E|6|H2
4|27|300|79|275|38|1S|W|6|C7
4|28|67|33|242|148|4S|E|12|DK
4|28|4|167|6|168|4H|E|11|DK
4|28|102|60|172|212|3H|E|12|DK
4|28|111|64|54|20|4H|E|11|DK
4|28|132|13|238|254|4S|E|12|DQ
4|28|174|98|99|260|4H|E|13|HT
4|28|44|17|225|16|4H|E|12|DQ
4|28|31|48|193|244|4H|E|12|D2
4|28|208|155|82|121|4H|W|12|DJ
4|28|300|79|275|38|4H|E|11|DK
4|29|67|33|242|148|3H|E|9|SA
4|29|4|167|6|168|4C|N|10|SJ
4|29|102|60|172|212|3H|E|9|CA
4|29|111|64|54|20|3H|E|8|CA
4|29|132|13|238|254|3C|N|9|SJ
4|29|174|98|99|260|3S|W|8|DQ
4|29|44|17|225|16|3H|E|9|CA
4|29|31|48|193|244|4C|N|9|D2
4|29|208|155|82|121|4C|N|9|SJ
4|29|300|79|275|38|4C|N|10|S4
4|3|55|33|45|148|4S|W|11
4|3|210|167|262|168|4S|W|11
4|3|102|111|172|54|4S|W|11
4|3|60|161|212|53|4S|W|11
4|3|132|13|238|254|4S|W|11
4|3|174|200|99|117|3N|E|11
4|3|44|17|225|16|3N|E|9
4|3|31|48|193|244|4S|E|10
4|3|208|155|82|121|4S|E|10
4|3|21|79|104|38|4S|W|11
4|30|67|33|242|148|2N|S|8|C5
4|30|4|167|6|168|2C|S|10|DJ
4|30|102|60|172|212|2N|N|7|S8
4|30|111|64|54|20|1N|S|6|C5
4|30|132|13|238|254|1N|S|8|SA
4|30|174|98|99|260|2S|N|10|CA
4|30|44|17|225|16|3N|N|9|D5
4|30|31|48|193|244|3C|N|9|D2
4|30|208|155|82|121|2N|N|9|CA
4|30|300|79|275|38|1N|S|9|C5
4|31|67|33|242|148|4C|S|8|H6
4|31|4|167|6|168|2S|N|7|HQ
4|31|102|60|172|212|2S|N|7|HQ
4|31|111|64|54|20|5C|S|9|H5
4|31|132|13|238|254|2S|N|7|HQ
4|31|174|98|99|260|3H|W|10|D6
4|31|44|17|225|16|2S|E|6|CQ
4|31|31|48|193|244|3H|E|10|D2
4|31|208|155|82|121|3NX|S|4|S4
4|31|300|79|275|38|2S|N|8|HQ
4|32|67|33|242|148|2S|W|8|C3
4|32|4|167|6|168|2S|W|9|C8
4|32|102|60|172|212|2H|W|7|C8
4|32|111|64|54|20|1N|S|6|CK
4|32|132|13|238|254|4SX|E|7|HK
4|32|174|98|99|260|2S|E|8|HK
4|32|44|17|225|16|2S|W|9|HA
4|32|31|48|193|244|2H|E|6|D2
4|32|208|155|82|121|3S|W|9|C3
4|32|300|79|275|38|1S|E|8|HK
4|4|55|33|45|148|3N|S|9
4|4|210|167|262|168|3N|S|9
4|4|102|111|172|54|3N|S|10
4|4|60|161|212|53|3N|S|10
4|4|132|13|238|254|4H|N|10
4|4|174|200|99|117|4H|N|9
4|4|44|17|225|16|4H|N|8
4|4|31|48|193|244|3N|S|9
4|4|208|155|82|121|3N|S|9
4|4|21|79|104|38|4H|N|10
4|5|55|33|45|148|4S|W|12
4|5|210|167|262|168|4S|W|11
4|5|102|111|172|54|4S|W|11
4|5|60|161|212|53|4S|E|12
4|5|132|13|238|254|4S|W|10
4|5|174|200|99|117|4S|W|11
4|5|44|17|225|16|4S|E|11
4|5|31|48|193|244|4S|E|11
4|5|208|155|82|121|4S|W|12
4|5|21|79|104|38|4S|W|12
4|6|55|33|45|148|1S|S|8
4|6|210|167|262|168|1S|S|10
4|6|102|111|172|54|2N|N|10
4|6|60|161|212|53|1S|S|8
4|6|132|13|238|254|3N|N|8
4|6|174|200|99|117|3N|N|8
4|6|44|17|225|16|4H|N|10
4|6|31|48|193|244|1S|S|9
4|6|208|155|82|121|1S|S|7
4|6|21|79|104|38|1S|S|9
4|7|55|33|45|148|3N|W|7
4|7|210|167|262|168|5C|E|10
4|7|102|111|172|54|4S|W|10
4|7|60|161|212|53|3D|S|7
4|7|132|13|238|254|3N|W|5
4|7|174|200|99|117|2S|W|10
4|7|44|17|225|16|3N|W|7
4|7|31|48|193|244|3N|E|9
4|7|208|155|82|121|5C|E|8
4|7|21|79|104|38|4S|W|8
4|8|55|33|45|148|3N|N|8
4|8|210|167|262|168|2N|N|8
4|8|102|111|172|54|3N|N|8
4|8|60|161|212|53|3N|N|8
4|8|132|13|238|254|3N|N|8
4|8|174|200|99|117|3N|N|8
4|8|44|17|225|16|4S|S|10
4|8|31|48|193|244|3N|N|8
4|8|208|155|82|121|3N|S|8
4|8|21|79|104|38|3N|N|8
4|9|55|33|45|148|2S|N|10
4|9|210|167|262|168|1N|N|9
4|9|102|111|172|54|2S|S|8
4|9|60|161|212|53|2S|N|9
4|9|132|13|238|254|2S|N|9
4|9|174|200|99|117|2S|N|10
4|9|44|17|225|16|2S|N|9
4|9|31|48|193|244|1N|N|10
4|9|208|155|82|121|3N|N|9
4|9|21|79|104|38|2S|N|10
5|1|210|161|262|53|3C|S|11|H6
5|1|64|4|20|6|3N|S|11|HT
5|1|60|200|212|117|3N|S|11|ST
5|1|98|111|260|54|4C|N|10|ST
5|1|271|17|174|16|5C|S|10|ST
5|1|31|13|193|254|3N|N|11|D2
5|1|55|79|45|38|3N|S|7|S7
5|1|208|67|82|242|3N|S|11|HT
5|1|21|48|104|244|3N|S|7|S4
5|1|2|300|190|275|5C|S|10|S7
5|10|210|161|262|53|5C|E|11|SA
5|10|64|4|20|6|2N|E|7|S2
5|10|60|200|212|117|3N|E|8|S7
5|10|98|111|260|54|3N|E|7|ST
5|10|271|17|174|16|2N|E|8|ST
5|10|31|13|193|254|2N|E|7|D2
5|10|55|79|45|38|2N|E|7|ST
5|10|208|67|82|242|2N|E|8|S7
5|10|21|48|104|244|2N|E|7|ST
5|10|2|300|190|275|2N|E|8|ST
5|11|210|161|262|53|3N|N|7|S2
5|11|64|4|20|6|3N|N|10|C3
5|11|60|200|212|117|3N|N|10|C2
5|11|98|111|260|54|3N|N|10|S2
5|11|271|17|174|16|3N|N|9|C7
5|11|31|13|193|254|3N|N|10|D2
5|11|55|79|45|38|3N|N|12|C4
5|11|208|67|82|242|3N|N|10|C2
5|11|21|48|104|244|3N|N|10|S3
5|11|2|300|190|275|3N|N|10|C3
5|12|210|161|262|53|4H|E|8|D3
5|12|64|4|20|6|2N|W|5|C6
5|12|60|200|212|117|4H|E|8|D3
5|12|98|111|260|54|4H|E|8|D3
5|12|271|17|174|16|4H|E|7|D3
5|12|31|13|193|254|3H|E|8|D2
5|12|55|79|45|38|4H|E|8|D3
5|12|208|67|82|242|2H|E|8|D3
5|12|21|48|104|244|2H|E|8|H3
5|12|2|300|190|275|2CX|S|8|SQ
5|13|210|161|262|53|2H|N|7|CK
5|13|64|4|20|6|3H|N|8|D5
5|13|60|200|212|117|1C|N|3|S7
5|13|98|111|260|54|2H|N|8|CA
5|13|271|17|174|16|1C|N|4|S9
5|13|31|13|193|254|2H|N|8|D2
5|13|55|79|45|38|1N|W|7|SK
5|13|208|67|82|242|2H|N|8|CA
5|13|21|48|104|244|1N|E|6|H5
5|13|2|300|190|275|3C|E|9|D3
5|14|210|161|262|53|6S|N|12|H8
5|14|64|4|20|6|5H|N|12|C6
5|14|60|200|212|117|4H|N|13|H9
5|14|98|111|260|54|4H|N|12|C4
5|14|271|17|174|16|5H|S|13|DQ
5|14|31|13|193|254|5H|N|12|D2
5|14|55|79|45|38|6H|S|12|CA
5|14|208|67|82|242|6H|S|12|CA
5|14|21|48|104|244|4H|N|12|H9
5|14|2|300|190|275|6H|S|12|CA
5|15|210|161|262|53|4H|W|11|H7
5|15|64|4|20|6|4H|E|10|CT
5|15|60|200|212|117|4H|W|10|D9
5|15|98|111|260|54|4H|E|11|S2
5|15|271|17|174|16|4H|E|11|S3
5|15|31|13|193|254|4H|E|11|D2
5|15|55|79|45|38|4H|E|10|CT
5|15|208|67|82|242|4H|W|10|S4
5|15|21|48|104|244|4H|W|10|D9
5|15|2|300|190|275|4H|E|10|C9
5|16|210|161|262|53|6CX|N|11|HK
5|16|64|4|20|6|5D|S|11|SQ
5|16|60|200|212|117|5D|S|11|SQ
5|16|98|111|260|54|6DX|N|11|HA
5|16|271|17|174|16|3N|N|8|HA
5|16|31|13|193|254|6D|N|11|DQ
5|16|55|79|45|38|6D|S|11|SQ
5|16|208|67|82|242|3N|N|8|HA
5|16|21|48|104|244|5C|N|11|HA
5|16|2|300|190|275|3N|N|8|HA
5|17|33|64|148|20|3N|E|7|D7
5|17|102|4|172|6|3N|E|7|D7
5|17|111|132|54|238|3N|E|6|D7
5|17|98|60|260|212|3N|W|6|DT
5|17|271|17|174|16|2H|E|8|DK
5|17|31|13|193|254|2D|S|7|D2
5|17|55|79|45|38|3N|E|9|S5
5|17|208|167|82|168|3N|W|7|S5
5|17|300|44|275|225|3D|S|6|D6
5|17|2|155|190|121|1NXX|S|5|H2
5|18|33|64|148|20|1N|E|6|S3
5|18|102|4|172|6|1S|S|7|C5
5|18|111|132|54|238|1S|S|7|C4
5|18|98|60|260|212|1S|S|7|C6
5|18|271|17|174|16|3N|S|8|D6
5|18|31|13|193|254|1S|S|7|D2
5|18|55|79|45|38|1S|S|7|C3
5|18|208|167|82|168|1N|S|9|D7
5|18|300|44|275|225|3N|S|8|S2
5|18|2|155|190|121|1N|S|8|S2
5|19|33|64|148|20|4S|S|10|DK
5|19|102|4|172|6|4S|S|10|DK
5|19|111|132|54|238|2S|S|10|S8
5|19|98|60|260|212|4S|S|10|DK
5|19|271|17|174|16|4S|S|10|DK
5|19|31|13|193|254|4S|N|10|D2
5|19|55|79|45|38|4S|S|10|DK
5|19|208|167|82|168|4S|S|10|DK
5|19|300|44|275|225|4S|S|10|DQ
5|19|2|155|190|121|4S|S|10|DK
5|2|210|161|262|53|4H|E|9|C6
5|2|64|4|20|6|4H|W|10|HT
5|2|60|200|212|117|4H|E|10|C6
5|2|98|111|260|54|4H|E|9|C5
5|2|271|17|174|16|4H|E|9|C5
5|2|31|13|193|254|4H|E|11|D2
5|2|55|79|45|38|3H|E|11|SK
5|2|208|67|82|242|4H|W|10|D5
5|2|21|48|104|244|4S|E|9|HT
5|2|2|300|190|275|4H|E|10|C6
5|20|33|64|148|20|4S|E|11|D5
5|20|102|4|172|6|4S|E|11|D7
5|20|111|132|54|238|4S|E|10|S6
5|20|98|60|260|212|4S|E|11|S6
5|20|271|17|174|16|3N|E|10|H3
5|20|31|13|193|254|4S|E|10|DQ
5|20|55|79|45|38|4S|E|10|S7
5|20|208|167|82|168|4S|W|10|S3
5|20|300|44|275|225|4S|E|10|S5
5|20|2|155|190|121|4S|E|11|SA
5|21|33|64|148|20|1N|W|5|H7
5|21|102|4|172|6|1N|E|5|H2
5|21|111|132|54|238|1N|W|7|H7
5|21|98|60|260|212|1N|S|9|S7
5|21|271|17|174|16|1N|S|8|S7
5|21|31|13|193|254|2H|S|8|D2
5|21|55|79|45|38|1NX|W|5|H2
5|21|208|167|82|168|1NX|W|5|S2
5|21|300|44|275|225|1N|N|9|D7
5|21|2|155|190|121|1N|W|7|SQ
5|22|33|64|148|20|4H|N|8|S8
5|22|102|4|172|6|4H|N|8|S8
5|22|111|132|54|238|3H|S|8|CQ
5|22|98|60|260|212|4H|N|9|C9
5|22|271|17|174|16|2S|W|9|HK
5|22|31|13|193|254|4SX|E|9|DQ
5|22|55|79|45|38|4H|N|9|C9
5|22|208|167|82|168|4H|N|10|C9
5|22|300|44|275|225|3H|N|9|S5
5|22|2|155|190|121|3S|E|9|HQ
5|23|33|64|148|20|4H|N|11|DT
5|23|102|4|172|6|6H|S|12|CT
5|23|111|132|54|238|4H|S|12|ST
5|23|98|60|260|212|6H|S|12|D4
5|23|271|17|174|16|4H|N|12|DT
5|23|31|13|193|254|4H|S|12|HT
5|23|55|79|45|38|6H|S|12|S6
5|23|208|167|82|168|6H|S|12|CT
5|23|300|44|275|225|6H|S|12|H2
5|23|2|155|190|121|6H|N|11|DT
5|24|33|64|148|20|4H|S|11|D4
5|24|102|4|172|6|6S|S|10|D9
5|24|111|132|54|238|5S|N|11|D4
5|24|98|60|260|212|4H|S|9|S5
5|24|271|17|174|16|3H|S|9|S5
5|24|31|13|193|254|4S|S|10|D2
5|24|55|79|45|38|4S|N|11|C2
5|24|208|167|82|168|4S|S|10|D4
5|24|300|44|275|225|4H|S|9|S5
5|24|2|155|190|121|4S|S|12|H2
5|25|33|64|148|20|3N|E|10|S2
5|25|102|4|172|6|3N|E|10|S4
5|25|111|132|54|238|5D|W|11|S5
5|25|98|60|260|212|3N|E|7|S2
5|25|271|17|174|16|4SX|N|5|CQ
5|25|31|13|193|254|3N|W|9|S4
5|25|55|79|45|38|3N|E|9|S4
5|25|208|167|82|168|3N|E|11|S4
5|25|300|44|275|225|5H|W|8|D3
5|25|2|155|190|121|3N|E|12|HJ
5|26|33|64|148|20|2CX|S|7|DK
5|26|102|4|172|6|1H|W|10|C5
5|26|111|132|54|238|2H|W|11|DJ
5|26|98|60|260|212|3N|E|9|CA
5|26|271|17|174|16|2S|W|11|DJ
5|26|31|13|193|254|3S|E|9|CA
5|26|55|79|45|38|3C|E|5|SJ
5|26|208|167|82|168|3N|E|9|C8
5|26|300|44|275|225|2H|W|10|S6
5|26|2|155|190|121|2S|E|10|CK
5|27|33|64|148|20|4S|S|10|D8
5|27|102|4|172|6|4S|S|10|D9
5|27|111|132|54|238|4S|S|10|C4
5|27|98|60|260|212|4S|S|10|H5
5|27|271|17|174|16|5CX|E|10|S3
5|27|31|13|193|254|4S|N|10|D2
5|27|55|79|45|38|4S|S|11|H7
5|27|208|167|82|168|4S|S|10|D9
5|27|300|44|275|225|4S|S|10|C2
5|27|2|155|190|121|5S|S|10|C3
5|28|33|64|148|20|2S|N|9|C5
5|28|102|4|172|6|2H|W|8|SK
5|28|111|132|54|238|3C|W|9|SK
5|28|98|60|260|212|2S|S|9|CA
5|28|271|17|174|16|4C|E|9|S4
5|28|31|13|193|254|2S|N|8|D2
5|28|55|79|45|38|3HX|E|7|S4
5|28|208|167|82|168|3C|W|9|DQ
5|28|300|44|275|225|4H|E|9|S4
5|28|2|155|190|121|2H|E|8|DK
5|29|33|64|148|20|4H|S|9|DK
5|29|102|4|172|6|3H|S|10|DK
5|29|111|132|54|238|4H|S|10|DA
5|29|98|60|260|212|4H|S|11|DA
5|29|271|17|174|16|4H|S|10|DA
5|29|31|13|193|254|4H|S|10|DA
5|29|55|79|45|38|3H|S|10|DA
5|29|208|167|82|168|4H|S|9|DK
5|29|300|44|275|225|4H|S|9|DK
5|29|2|155|190|121|3H|N|9|DA
5|3|210|161|262|53|3N|N|7|SA
5|3|64|4|20|6|3NX|S|7|S8
5|3|60|200|212|117|3D|N|10|SK
5|3|98|111|260|54|3N|S|7|S9
5|3|271|17|174|16|3D|S|9|S8
5|3|31|13|193|254|3N|S|9|SA
5|3|55|79|45|38|2D|N|9|SA
5|3|208|67|82|242|3N|N|7|SQ
5|3|21|48|104|244|2N|N|7|SA
5|3|2|300|190|275|2D|N|9|SA
5|30|33|64|148|20|4S|N|11|CQ
5|30|102|4|172|6|5HX|E|9|CK
5|30|111|132|54|238|4S|N|11|CQ
5|30|98|60|260|212|5S|N|11|CQ
5|30|271|17|174|16|5HX|E|8|CA
5|30|31|13|193|254|4S|N|11|D2
5|30|55|79|45|38|4S|N|11|CQ
5|30|208|167|82|168|5HX|E|8|CA
5|30|300|44|275|225|4S|N|11|CJ
5|30|2|155|190|121|5S|N|11|CQ
5|31|33|64|148|20|4S|W|8|DJ
5|31|102|4|172|6|4S|W|8|C2
5|31|111|132|54|238|2S|W|9|DJ
5|31|98|60|260|212|4S|W|8|C2
5|31|271|17|174|16|1S|W|8|C2
5|31|31|13|193|254|3N|E|5|DQ
5|31|55|79|45|38|3S|W|8|C2
5|31|208|167|82|168|4S|E|10|HA
5|31|300|44|275|225|4S|W|7|DJ
5|31|2|155|190|121|2S|W|6|C2
5|32|33|64|148|20|1N|W|7|H9
5|32|102|4|172|6|2N|W|9|H4
5|32|111|132|54|238|2H|S|9|H2
5|32|98|60|260|212|2H|S|9|CK
5|32|271|17|174|16|4H|S|9|CK
5|32|31|13|193|254|4H|S|8|CK
5|32|55|79|45|38|2H|S|9|S2
5|32|300|44|275|225|2S|N|7|S5
5|32|2|155|190|121|1H|S|9|CK
5|4|210|161|262|53|1N|S|7|HT
5|4|64|4|20|6|2S|N|8|DA
5|4|60|200|212|117|2S|N|8|DK
5|4|98|111|260|54|1N|N|7|DA
5|4|271|17|174|16|2S|N|7|DA
5|4|31|13|193|254|2S|N|7|DQ
5|4|55|79|45|38|1N|N|7|C3
5|4|208|67|82|242|2S|N|8|DA
5|4|21|48|104|244|2S|N|7|DA
5|4|2|300|190|275|2S|N|8|C7
5|5|210|161|262|53|6N|W|12|SQ
5|5|64|4|20|6|6D|E|12|CT
5|5|60|200|212|117|7H|E|12|CT
5|5|98|111|260|54|6H|E|12|H3
5|5|271|17|174|16|3N|E|13|D3
5|5|31|13|193|254|6D|W|11|D2
5|5|55|79|45|38|5H|E|12|H2
5|5|208|67|82|242|3N|E|13|S3
5|5|21|48|104|244|6N|E|12|S3
5|5|2|300|190|275|3N|W|13|C4
5|6|210|161|262|53|4S|N|11|H4
5|6|64|4|20|6|4H|S|9|DK
5|6|60|200|212|117|2S|N|11|H8
5|6|98|111|260|54|4S|N|11|H8
5|6|271|17|174|16|3S|N|11|H9
5|6|31|13|193|254|4S|N|10|D2
5|6|55|79|45|38|4S|N|11|H9
5|6|208|67|82|242|3S|N|11|H8
5|6|21|48|104|244|2S|N|10|DA
5|6|2|300|190|275|4S|N|12|S6
5|7|210|161|262|53|3N|S|8|ST
5|7|64|4|20|6|3N|S|8|ST
5|7|60|200|212|117|3N|S|8|ST
5|7|98|111|260|54|3N|S|8|ST
5|7|271|17|174|16|3N|S|8|ST
5|7|31|13|193|254|3N|N|8|D2
5|7|55|79|45|38|1N|S|8|S7
5|7|208|67|82|242|3N|S|8|ST
5|7|21|48|104|244|1N|S|8|S7
5|7|2|300|190|275|3N|S|8|ST
5|8|210|161|262|53|2S|E|11|CJ
5|8|64|4|20|6|4S|E|11|D2
5|8|60|200|212|117|4S|E|11|D8
5|8|98|111|260|54|4S|E|11|D9
5|8|271|17|174|16|4S|E|10|D8
5|8|31|13|193|254|4S|E|11|C2
5|8|55|79|45|38|2S|E|10|D8
5|8|208|67|82|242|3N|E|8|H4
5|8|21|48|104|244|2S|E|11|D8
5|8|2|300|190|275|2S|E|12|CJ
5|9|210|161|262|53|4H|N|11|C6
5|9|64|4|20|6|3N|S|12|C7
5|9|60|200|212|117|5H|N|11|SJ
5|9|98|111|260|54|4H|S|11|C5
5|9|271|17|174|16|6H|N|11|D9
5|9|31|13|193|254|4H|N|11|D2
5|9|55|79|45|38|4H|N|11|SJ
5|9|208|67|82|242|4H|N|11|SJ
5|9|21|48|104|244|4H|N|11|SJ
5|9|2|300|190|275|6H|N|11|S7
6|1|98|33|260|148|4S|S|8|CK
6|1|210|200|262|117|4S|N|8|C4
6|1|31|111|193|54|4SX|N|8|D2
6|1|60|17|212|16|4S|S|8|CK
6|1|44|205|225|99|4S|S|8|CK
6|1|271|2|174|190|4S|S|8|CQ
6|1|208|161|82|53|3S|N|8|CT
6|1|64|79|20|38|4S|S|8|CK
6|1|21|67|104|242|4S|N|8|CT
6|1|55|300|45|275|4H|E|11|HK
6|10|98|33|260|148|2S|W|7|SJ
6|10|210|200|262|117|4H|N|9|DJ
6|10|31|111|193|54|3D|S|9|D2
6|10|60|17|212|16|2N|N|7|S5
6|10|44|205|225|99|3N|S|9|C5
6|10|271|2|174|190|1N|N|7|S5
6|10|208|161|82|53|2H|S|8|D7
6|10|64|79|20|38|2N|N|7|S7
6|10|21|67|104|242|3C|N|9|S4
6|10|55|300|45|275|2N|N|7|S5
6|11|98|33|260|148|4H|N|7|CQ
6|11|210|200|262|117|3D|S|9|H9
6|11|31|111|193|54|4S|E|8|D2
6|11|60|17|212|16|3S|W|8|D7
6|11|44|205|225|99|3D|S|9|H9
6|11|271|2|174|190|3N|N|9|SA
6|11|208|161|82|53|3D|S|9|H9
6|11|64|79|20|38|3D|S|9|H9
6|11|21|67|104|242|3D|S|8|S2
6|11|55|300|45|275|3D|S|9|H9
6|12|98|33|260|148|4H|W|11|CK
6|12|210|200|262|117|4H|E|10|HT
6|12|31|111|193|54|4H|E|10|D5
6|12|60|17|212|16|4H|E|10|C5
6|12|44|205|225|99|2H|E|10|C5
6|12|271|2|174|190|4H|W|10|C5
6|12|208|161|82|53|2H|E|10|C2
6|12|64|79|20|38|2H|W|10|C2
6|12|21|67|104|242|2H|W|10|CA
6|12|55|300|45|275|3N|W|7|CA
6|13|98|33|260|148|3N|S|10|HQ
6|13|210|200|262|117|6S|S|12|HQ
6|13|31|111|193|54|6S|N|12|D2
6|13|60|17|212|16|4S|S|12|HQ
6|13|44|205|225|99|4S|N|12|DT
6|13|271|2|174|190|4S|S|12|HJ
6|13|208|161|82|53|4S|S|12|HQ
6|13|64|79|20|38|5S|S|12|HQ
6|13|21|67|104|242|6S|S|12|CT
6|13|55|300|45|275|6S|S|12|HQ
6|14|98|33|260|148|2D|E|6|D6
6|14|210|200|262|117|3C|E|8|HK
6|14|31|111|193|54|3C|E|8|C3
6|14|60|17|212|16|2D|E|7|D5
6|14|44|205|225|99|3C|E|7|S9
6|14|271|2|174|190|1N|E|6|S9
6|14|208|161|82|53|1N|E|6|ST
6|14|64|79|20|38|1N|E|6|ST
6|14|21|67|104|242|3C|E|7|HA
6|14|55|300|45|275|1N|E|6|S2
6|15|98|33|260|148|5DX|E|6|HA
6|15|210|200|262|117|5D|E|8|HK
6|15|31|111|193|54|5SX|E|7|D2
6|15|60|17|212|16|5H|S|11|SA
6|15|44|205|225|99|5H|S|10|SA
6|15|271|2|174|190|5H|S|10|SA
6|15|208|161|82|53|5H|S|10|C2
6|15|64|79|20|38|4H|S|11|SA
6|15|21|67|104|242|5H|S|11|SA
6|15|55|300|45|275|5DX|E|8|HK
6|16|98|33|260|148|2N|E|8|S2
6|16|210|200|262|117|1H|W|7|D2
6|16|31|111|193|54|3N|E|8|DQ
6|16|60|17|212|16|2N|E|8|S2
6|16|44|205|225|99|2S|S|7|S5
6|16|271|2|174|190|3H|W|8|SJ
6|16|208|161|82|53|2N|E|8|S2
6|16|64|79|20|38|2N|E|10|S4
6|16|21|67|104|242|2N|E|9|S2
6|16|55|300|45|275|P||0
6|17|132|33|238|148|2S|S|7|C8
6|17|210|200|262|117|2S|S|5|C6
6|17|31|111|193|54|2S|S|6|D2
6|17|60|17|212|16|2S|S|6|C2
6|17|44|205|225|99|3NX|W|7|DQ
6|17|271|48|174|244|3DX|N|5|HK
6|17|208|161|82|53|2S|S|5|C2
6|17|102|79|172|38|3DX|N|7|HK
6|17|155|167|121|168|3D|W|5|H3
6|17|55|300|45|275|3DX|N|5|HK
6|18|132|33|238|148|6H|S|12|CA
6|18|210|200|262|117|6H|N|12|D5
6|18|31|111|193|54|6H|N|12|D2
6|18|60|17|212|16|6H|S|12|H7
6|18|44|205|225|99|6H|S|12|H7
6|18|271|48|174|244|6H|S|12|S4
6|18|208|161|82|53|6H|S|12|S9
6|18|102|79|172|38|6N|S|12|CA
6|18|155|167|121|168|6H|N|12|D4
6|18|55|300|45|275|6N|S|12|C3
6|19|132|33|238|148|3N|W|7|H3
6|19|210|200|262|117|3N|W|8|CJ
6|19|31|111|193|54|3N|E|11|S2
6|19|60|17|212|16|3N|W|7|H2
6|19|44|205|225|99|4HX|N|8|C4
6|19|271|48|174|244|3N|E|7|HK
6|19|208|161|82|53|3N|W|6|S5
6|19|102|79|172|38|3N|W|7|H2
6|19|155|167|121|168|5D|E|10|HK
6|19|55|300|45|275|3N|W|7|H2
6|2|98|33|260|148|5H|S|13|ST
6|2|210|200|262|117|6H|N|12|CT
6|2|31|111|193|54|6H|S|13|D2
6|2|60|17|212|16|6H|N|13|D2
6|2|44|205|225|99|6H|S|13|H7
6|2|271|2|174|190|6H|S|13|H2
6|2|208|161|82|53|6H|N|12|CK
6|2|64|79|20|38|6H|S|13|ST
6|2|21|67|104|242|6H|S|12|C5
6|2|55|300|45|275|6H|S|13|ST
6|20|132|33|238|148|3N|W|7|HK
6|20|210|200|262|117|2S|E|10|HJ
6|20|31|111|193|54|3N|E|8|DQ
6|20|60|17|212|16|2S|E|10|HJ
6|20|44|205|225|99|2S|E|11|HJ
6|20|271|48|174|244|4S|E|10|HJ
6|20|208|161|82|53|2S|E|10|HJ
6|20|102|79|172|38|3N|W|8|HQ
6|20|155|167|121|168|2S|W|10|HK
6|20|55|300|45|275|4S|E|7|HJ
6|21|132|33|238|148|1N|N|7|H8
6|21|210|200|262|117|1N|N|8|SQ
6|21|31|111|193|54|1N|S|8|DJ
6|21|60|17|212|16|P||0
6|21|44|205|225|99|1NX|N|6|H8
6|21|271|48|174|244|1N|N|7|C3
6|21|208|161|82|53|1N|S|7|HT
6|21|102|79|172|38|1N|N|8|SQ
6|21|155|167|121|168|1N|N|7|SQ
6|21|55|300|45|275|1N|N|7|D9
6|22|132|33|238|148|4S|N|9|H9
6|22|210|200|262|117|4S|S|9|C4
6|22|60|17|212|16|4S|N|10|DA
6|22|44|205|225|99|4S|S|10|HJ
6|22|271|48|174|244|4S|N|9|C3
6|22|208|161|82|53|4S|N|10|DA
6|22|102|79|172|38|4S|N|9|H9
6|22|155|167|121|168|4S|S|9|HJ
6|22|55|300|45|275|4S|N|9|C4
6|23|132|33|238|148|2H|S|8|S3
6|23|210|200|262|117|3H|N|8|C6
6|23|31|111|193|54|1H|N|8|DJ
6|23|60|17|212|16|2S|E|9|HJ
6|23|44|205|225|99|3H|N|8|C5
6|23|271|48|174|244|2S|E|9|HJ
6|23|208|161|82|53|2S|W|9|HK
6|23|102|79|172|38|2S|W|10|HK
6|23|155|167|121|168|2H|N|8|D7
6|23|55|300|45|275|3H|N|8|C4
6|24|132|33|238|148|3H|N|9|S5
6|24|210|200|262|117|2H|N|10|S6
6|24|31|111|193|54|3N|S|7|DQ
6|24|60|17|212|16|3H|N|10|S5
6|24|44|205|225|99|3N|S|9|SJ
6|24|271|48|174|244|4H|N|9|S2
6|24|208|161|82|53|3N|S|9|D5
6|24|102|79|172|38|3H|N|9|S6
6|24|155|167|121|168|2H|N|9|S2
6|24|55|300|45|275|3N|S|7|SJ
6|25|132|33|238|148|3N|W|8|C6
6|25|210|200|262|117|3H|W|9|D8
6|25|31|111|193|54|1H|E|8|D2
6|25|44|205|225|99|1H|W|9|S6
6|25|271|48|174|244|1H|W|10|S6
6|25|208|161|82|53|2H|W|9|S7
6|25|102|79|172|38|1H|W|9|S8
6|25|155|167|121|168|3N|W|9|C7
6|25|55|300|45|275|1H|W|9|S6
6|26|132|33|238|148|3N|E|13|S3
6|26|210|200|262|117|5D|E|12|HJ
6|26|31|111|193|54|6D|E|13|D2
6|26|60|17|212|16|5D|E|13|S5
6|26|44|205|225|99|5D|W|13|S6
6|26|271|48|174|244|6D|W|12|HA
6|26|208|161|82|53|3N|E|13|S5
6|26|102|79|172|38|5D|W|12|HA
6|26|155|167|121|168|5D|W|13|CT
6|26|55|300|45|275|6D|W|13|S2
6|27|132|33|238|148|4H|N|10|H2
6|27|210|200|262|117|4H|S|10|DT
6|27|31|111|193|54|3HX|N|10|C8
6|27|60|17|212|16|4H|S|9|S5
6|27|44|205|225|99|4HX|N|10|C2
6|27|271|48|174|244|2S|E|7|D6
6|27|208|161|82|53|6NX|N|9|SA
6|27|102|79|172|38|3H|N|10|H2
6|27|155|167|121|168|4S|E|8|H2
6|27|55|300|45|275|3S|E|8|HA
6|28|132|33|238|148|3N|S|10|D7
6|28|210|200|262|117|3N|N|11|D4
6|28|31|111|193|54|3N|N|12
6|28|60|17|212|16|3N|N|10|S6
6|28|44|205|225|99|4H|S|11|S4
6|28|271|48|174|244|3N|S|10|D7
6|28|208|161|82|53|4H|N|11|S6
6|28|102|79|172|38|3N|N|10|D6
6|28|155|167|121|168|3N|N|11|C2
6|28|55|300|45|275|4H|N|11|S6
6|29|132|33|238|148|4D|E|11|S8
6|29|210|200|262|117|3D|E|11|S2
6|29|31|111|193|54|3N|W|12|S3
6|29|60|17|212|16|3N|W|10|S7
6|29|44|205|225|99|5D|E|11|S2
6|29|271|48|174|244|5D|E|11|S2
6|29|208|161|82|53|3D|E|11|S8
6|29|102|79|172|38|4D|E|10|S2
6|29|155|167|121|168|3D|E|11|C5
6|29|55|300|45|275|3N|W|11|H4
6|3|98|33|260|148|4HX|W|11|HK
6|3|210|200|262|117|4H|W|11|HK
6|3|31|111|193|54|4H|W|11|D2
6|3|60|17|212|16|3H|E|10|D4
6|3|44|205|225|99|3H|E|10|DK
6|3|271|2|174|190|1N|N|8|H8
6|3|208|161|82|53|3H|W|10|HA
6|3|64|79|20|38|3D|S|8|SQ
6|3|21|67|104|242|1N|S|7|CK
6|3|55|300|45|275|1N|N|8|S6
6|30|132|33|238|148|2H|S|8|D5
6|30|210|200|262|117|3N|N|10|CK
6|30|31|111|193|54|3D|N|8|D2
6|30|60|17|212|16|4H|S|8|D5
6|30|44|205|225|99|3D|S|9|CA
6|30|271|48|174|244|3S|E|8|DA
6|30|208|161|82|53|4C|W|9|DJ
6|30|102|79|172|38|3D|S|9|CA
6|30|155|167|121|168|3D|S|9|CA
6|30|55|300|45|275|2H|S|9|CA
6|31|132|33|238|148|4H|W|9|C2
6|31|210|200|262|117|4H|W|10|DA
6|31|31|111|193|54|4H|W|10|D2
6|31|60|17|212|16|4H|W|10|C5
6|31|44|205|225|99|4H|W|9|DA
6|31|271|48|174|244|4H|E|12|S3
6|31|208|161|82|53|4H|W|10|DA
6|31|102|79|172|38|4H|W|8|DA
6|31|155|167|121|168|4H|E|10|H3
6|31|55|300|45|275|4H|W|10|H3
6|32|132|33|238|148|3H|E|8|C3
6|32|210|200|262|117|2H|E|7|C6
6|32|31|111|193|54|3H|E|8|DQ
6|32|60|17|212|16|3H|E|8|C6
6|32|44|205|225|99|3H|E|8|C6
6|32|271|48|174|244|4H|E|9|C6
6|32|208|161|82|53|3H|E|8|C5
6|32|102|79|172|38|3H|E|9|C6
6|32|155|167|121|168|2N|E|9|C6
6|32|55|300|45|275|2H|E|9|C2
6|4|98|33|260|148|4S|N|12|C4
6|4|210|200|262|117|4S|N|10|C3
6|4|31|111|193|54|4S|N|10|DJ
6|4|60|17|212|16|4S|N|10|C3
6|4|44|205|225|99|4S|N|11|C3
6|4|271|2|174|190|4S|N|10|HA
6|4|208|161|82|53|4S|N|10|HA
6|4|64|79|20|38|4S|N|10|HA
6|4|21|67|104|242|6S|N|10|HA
6|4|55|300|45|275|4S|N|10|C2
6|5|98|33|260|148|1N|N|7|DQ
6|5|210|200|262|117|2S|N|6|DK
6|5|31|111|193|54|2S|N|8|D2
6|5|60|17|212|16|1N|N|8|DQ
6|5|44|205|225|99|3N|N|8|SA
6|5|271|2|174|190|1N|N|8|C7
6|5|208|161|82|53|2H|E|7|SQ
6|5|64|79|20|38|2S|N|8|DQ
6|5|21|67|104|242|1N|N|8|DQ
6|5|55|300|45|275|1N|N|8|DQ
6|6|98|33|260|148|2H|N|6|C4
6|6|210|200|262|117|2H|S|6|H7
6|6|31|111|193|54|3C|E|8|D2
6|6|60|17|212|16|2H|N|7|S5
6|6|44|205|225|99|3C|W|10|HJ
6|6|271|2|174|190|2H|N|7|H8
6|6|208|161|82|53|1N|S|6|C2
6|6|64|79|20|38|2H|S|8|C2
6|6|21|67|104|242|2H|S|8|C6
6|6|55|300|45|275|2S|N|7|S5
6|7|98|33|260|148|2S|S|8|HA
6|7|210|200|262|117|2S|S|8|DJ
6|7|31|111|193|54|2S|N|8|D2
6|7|60|17|212|16|2S|S|7|DJ
6|7|44|205|225|99|2S|S|8|DJ
6|7|271|2|174|190|2S|S|8|HK
6|7|208|161|82|53|2S|S|8|HK
6|7|64|79|20|38|2S|S|6|HA
6|7|21|67|104|242|2S|S|8|HA
6|7|55|300|45|275|2S|S|8|DJ
6|8|98|33|260|148|2H|S|8|CK
6|8|210|200|262|117|2S|W|7|HT
6|8|31|111|193|54|1N|W|9|DJ
6|8|60|17|212|16|2S|E|8|D6
6|8|44|205|225|99|3D|E|8|S2
6|8|271|2|174|190|2H|N|8|DT
6|8|208|161|82|53|3D|E|9|C2
6|8|64|79|20|38|1N|E|8|H2
6|8|55|300|45|275|2H|N|8|HA
6|9|98|33|260|148|1N|S|7|H2
6|9|210|200|262|117|1N|S|8|H8
6|9|31|111|193|54|1N|S|9|D2
6|9|60|17|212|16|2H|N|7|HA
6|9|44|205|225|99|1N|S|7|DJ
6|9|271|2|174|190|1N|N|7|C3
6|9|208|161|82|53|1N|S|8|H2
6|9|64|79|20|38|1N|S|7|DJ
6|9|21|67|104|242|1N|N|8|S6
6|9|55|300|45|275|1H|N|8|S8
7|1|33|258|148|31|4S|N|8|H7
7|1|17|4|16|6|3N|S|10|HA
7|1|60|254|212|205|4S|N|8|H6
7|1|271|111|174|54|4S|N|8|H7
7|1|132|79|238|38|4CX|E|8|DA
7|1|71|200|66|117|3N|S|10|HA
7|1|102|21|172|104|3C|E|6|DK
7|1|155|140|121|151|4S|N|10|H7
7|1|55|48|45|244|4S|N|8|H7
7|1|44|167|225|168|3N|S|10|HA
7|10|33|258|148|31|4HX|N|8|DA
7|10|17|4|16|6|3H|N|8|C3
7|10|60|254|212|205|1N|E|6|H4
7|10|271|111|174|54|1N|E|9|H4
7|10|132|79|238|38|1N|E|6|H2
7|10|71|200|66|117|1N|E|6|HJ
7|10|102|21|172|104|1N|E|6|H4
7|10|155|140|121|151|1N|E|5|H4
7|10|55|48|45|244|1N|E|6|H4
7|10|44|167|225|168|1N|E|6|H4
7|11|33|258|148|31|4H|N|8|DK
7|11|17|4|16|6|3H|N|9|S2
7|11|60|254|212|205|4H|N|9|S2
7|11|271|111|174|54|2S|N|8|S4
7|11|132|79|238|38|2H|N|8|S6
7|11|71|200|66|117|2H|N|8|S2
7|11|102|21|172|104|3H|N|8|DA
7|11|155|140|121|151|4H|S|9|H8
7|11|55|48|45|244|3C|W|9|D2
7|11|44|167|225|168|3S|W|8|D2
7|12|33|258|148|31|2H|N|9|DQ
7|12|17|4|16|6|4H|S|9|H7
7|12|60|254|212|205|1D|E|6|SA
7|12|271|111|174|54|4H|S|9|D3
7|12|132|79|238|38|4H|S|10|DK
7|12|71|200|66|117|4H|S|9|C6
7|12|102|21|172|104|4H|S|9|H7
7|12|155|140|121|151|4H|S|9|D3
7|12|55|48|45|244|4H|S|9|D3
7|12|44|167|225|168|2H|N|9|DQ
7|13|33|258|148|31|4H|W|9|CK
7|13|17|4|16|6|3H|E|10|ST
7|13|60|254|212|205|3H|W|10|CK
7|13|271|111|174|54|3H|W|10|SA
7|13|132|79|238|38|2D|S|9|CA
7|13|71|200|66|117|2S|N|7|D4
7|13|102|21|172|104|2S|N|8|C4
7|13|155|140|121|151|4HX|W|9|CK
7|13|55|48|45|244|2D|S|7|S5
7|13|44|167|225|168|3SX|N|7|HK
7|14|33|258|148|31|1N|W|6|H5
7|14|17|4|16|6|1S|W|7|HA
7|14|60|254|212|205|2S|W|8|D4
7|14|271|111|174|54|2S|E|8|D7
7|14|132|79|238|38|2S|W|8|D2
7|14|71|200|66|117|2S|E|7|HA
7|14|102|21|172|104|2S|W|8|D6
7|14|155|140|121|151|2S|W|9|S6
7|14|55|48|45|244|2S|E|7|HQ
7|14|44|167|225|168|3C|S|10|SK
7|15|33|258|148|31|6H|W|11|CK
7|15|17|4|16|6|4H|W|12|D7
7|15|60|254|212|205|4H|W|13|S5
7|15|271|111|174|54|4H|W|12|CK
7|15|132|79|238|38|4H|W|12|D7
7|15|71|200|66|117|4H|W|12|D7
7|15|102|21|172|104|4H|W|12|CK
7|15|155|140|121|151|4H|W|12|CK
7|15|55|48|45|244|4H|W|12|D7
7|15|44|167|225|168|4H|W|12|D7
7|16|33|258|148|31|1N|E|7|SQ
7|16|17|4|16|6|2N|W|8|C6
7|16|60|254|212|205|2D|W|7|S7
7|16|271|111|174|54|2H|E|7|SQ
7|16|132|79|238|38|2D|W|7|S3
7|16|71|200|66|117|3D|W|8|S7
7|16|102|21|172|104|2H|E|7|C8
7|16|155|140|121|151|2H|E|6|SQ
7|16|55|48|45|244|2H|E|10|C8
7|16|44|167|225|168|1N|W|8|S7
7|17|210|17|262|16|3S|N|7|DK
7|17|258|4|31|6|3S|N|6|D2
7|17|60|254|212|205|3S|N|6|DK
7|17|271|111|174|54|3S|N|7|DK
7|17|132|79|238|38|4D|W|10|SA
7|17|71|98|66|260|2S|S|7|DA
7|17|102|269|172|275|3N|W|9|ST
7|17|155|161|121|53|3S|S|8|S3
7|17|55|48|45|244|3N|E|9|HT
7|17|2|67|190|242|1N|W|8|S9
7|18|210|17|262|16|4S|W|12|S6
7|18|258|4|31|6|4S|E|11|DJ
7|18|60|254|212|205|4S|W|11|H4
7|18|271|111|174|54|4S|W|11|D3
7|18|132|79|238|38|4S|W|11|D5
7|18|71|98|66|260|4S|W|11|D3
7|18|102|269|172|275|4S|W|11|D2
7|18|155|161|121|53|4S|W|11|D5
7|18|55|48|45|244|4S|W|11|D3
7|18|2|67|190|242|4S|W|11|S4
7|19|210|17|262|16|3N|E|7|S5
7|19|258|4|31|6|3N|E|8|DQ
7|19|60|254|212|205|3N|W|9|S5
7|19|271|111|174|54|3N|E|8|S5
7|19|132|79|238|38|2N|E|7|HT
7|19|71|98|66|260|3N|W|8|S4
7|19|102|269|172|275|3N|E|8|H9
7|19|155|161|121|53|3N|E|8|S6
7|19|55|48|45|244|3N|E|8|S5
7|19|2|67|190|242|3N|W|8|S4
7|2|33|258|148|31|4S|S|12|C6
7|2|17|4|16|6|3N|S|11|D5
7|2|60|254|212|205|4S|S|12|S3
7|2|271|111|174|54|6S|S|12|DA
7|2|132|79|238|38|4S|S|12|S7
7|2|71|200|66|117|6S|S|11|S2
7|2|102|21|172|104|6S|N|11|CQ
7|2|155|140|121|151|4S|N|12|CQ
7|2|55|48|45|244|6S|S|12|DA
7|2|44|167|225|168|5S|N|12|CQ
7|20|210|17|262|16|4S|N|11|H7
7|20|258|4|31|6|2S|N|10|DJ
7|20|60|254|212|205|4S|N|10|CT
7|20|271|111|174|54|2S|N|10|CT
7|20|132|79|238|38|2S|N|10|CQ
7|20|71|98|66|260|4S|N|11|CT
7|20|102|269|172|275|4S|N|11|S2
7|20|155|161|121|53|4S|N|10|CT
7|20|55|48|45|244|4S|N|10|C2
7|20|2|67|190|242|4S|N|10|CT
7|21|210|17|262|16|3N|N|9|CK
7|21|258|4|31|6|3N|N|10|DJ
7|21|60|254|212|205|3N|N|9|CQ
7|21|271|111|174|54|3N|N|10|S5
7|21|132|79|238|38|3N|N|10|S2
7|21|71|98|66|260|3N|N|10|S5
7|21|102|269|172|275|2N|N|8|CK
7|21|155|161|121|53|3N|N|10|S2
7|21|55|48|45|244|2N|N|8|S5
7|21|2|67|190|242|3N|N|10|S5
7|22|210|17|262|16|4HX|E|7|DA
7|22|258|4|31|6|4SX|N|9|DJ
7|22|60|254|212|205|4SX|N|9|C3
7|22|271|111|174|54|4SX|N|9|C2
7|22|132|79|238|38|2H|E|7|S2
7|22|71|98|66|260|4SX|N|9|C2
7|22|102|269|172|275|4H|E|8|SA
7|22|155|161|121|53|4HX|S|9|HJ
7|22|55|48|45|244|5HX|E|7|DA
7|22|2|67|190|242|5H|E|8|SA
7|23|210|17|262|16|6H|N|12|SJ
7|23|258|4|31|6|6H|N|12|D2
7|23|60|254|212|205|4H|N|12|SJ
7|23|271|111|174|54|6HX|N|12|C5
7|23|132|79|238|38|6H|N|12|SJ
7|23|71|98|66|260|4H|N|11|H5
7|23|102|269|172|275|5H|N|12|C7
7|23|155|161|121|53|4H|S|12|S2
7|23|55|48|45|244|4H|N|12|SJ
7|23|2|67|190|242|6H|N|12|SJ
7|24|210|17|262|16|3N|W|8|S3
7|24|258|4|31|6|3N|E|9|C9
7|24|60|254|212|205|5D|W|9|S3
7|24|271|111|174|54|3N|W|9|C7
7|24|132|79|238|38|3N|E|8|CJ
7|24|71|98|66|260|4C|E|7|D2
7|24|102|269|172|275|3N|W|8|S3
7|24|155|161|121|53|4S|N|9|DQ
7|24|55|48|45|244|5D|W|9|S3
7|24|2|67|190|242|3N|W|8|S2
7|25|210|17|262|16|2N|W|8|D3
7|25|258|4|31|6|3N|E|8|DQ
7|25|60|254|212|205|3N|W|8|D3
7|25|271|111|174|54|3N|E|9|SK
7|25|132|79|238|38|3N|W|8|H5
7|25|71|98|66|260|3N|E|9|C6
7|25|102|269|172|275|2C|E|7|HJ
7|25|155|161|121|53|2S|E|8|HJ
7|25|55|48|45|244|1N|W|8|D3
7|25|2|67|190|242|3N|E|9|CJ
7|26|210|17|262|16|5D|E|9|HT
7|26|258|4|31|6|3N|E|9|D2
7|26|60|254|212|205|3N|W|10|D6
7|26|271|111|174|54|3N|W|9|S7
7|26|132|79|238|38|4HX|W|7|S2
7|26|71|98|66|260|3N|W|9|S6
7|26|102|269|172|275|3N|W|9|C3
7|26|155|161|121|53|3N|W|9|C3
7|26|55|48|45|244|3N|W|9|C3
7|26|2|67|190|242|2D|E|9|HT
7|27|210|17|262|16|3S|E|8|C6
7|27|258|4|31|6|4S|E|8|DQ
7|27|60|254|212|205|3S|E|8|H7
7|27|271|111|174|54|4S|W|8|C2
7|27|132|79|238|38|2N|E|7|H8
7|27|71|98|66|260|1N|W|8|H6
7|27|102|269|172|275|3DX|S|7|SA
7|27|155|161|121|53|4S|E|8|SJ
7|27|55|48|45|244|3S|E|8|SJ
7|27|2|67|190|242|3S|W|8|CK
7|28|210|17|262|16|5SX|E|9|H9
7|28|258|4|31|6|5SX|E|9|DQ
7|28|60|254|212|205|5H|N|11|DT
7|28|271|111|174|54|3S|E|9|H9
7|28|132|79|238|38|5S|E|9|HT
7|28|71|98|66|260|4H|N|11|DT
7|28|102|269|172|275|6SX|E|9|H9
7|28|155|161|121|53|4H|N|10|DT
7|28|55|48|45|244|5HX|N|11|DT
7|28|2|67|190|242|5SX|W|9|HK
7|29|210|17|262|16|2S|W|8|DJ
7|29|258|4|31|6|2H|N|9|DJ
7|29|60|254|212|205|2H|N|9|SJ
7|29|271|111|174|54|1N|N|7|C3
7|29|132|79|238|38|1N|W|6|H3
7|29|71|98|66|260|2H|S|9|SK
7|29|102|269|172|275|1N|W|6|H4
7|29|155|161|121|53|1H|N|9|H2
7|29|55|48|45|244|2S|E|7|DA
7|29|2|67|190|242|1N|W|6|H4
7|3|33|258|148|31|6D|W|12|H9
7|3|17|4|16|6|6D|W|12|H8
7|3|60|254|212|205|6D|W|12|H8
7|3|271|111|174|54|6D|E|13|H8
7|3|132|79|238|38|3N|E|12|H6
7|3|71|200|66|117|4S|E|13|D4
7|3|102|21|172|104|3N|E|12|H4
7|3|155|140|121|151|6D|E|13|HK
7|3|55|48|45|244|4S|W|13|ST
7|3|44|167|225|168|6D|W|12|C5
7|30|210|17|262|16|5CX|N|10|DK
7|30|258|4|31|6|3D|E|11|D2
7|30|60|254|212|205|3N|S|5|SJ
7|30|271|111|174|54|5D|E|9|C2
7|30|132|79|238|38|5D|E|9|CA
7|30|71|98|66|260|2S|W|10|CK
7|30|102|269|172|275|6D|E|11|C5
7|30|155|161|121|53|5C|N|9|DK
7|30|55|48|45|244|2S|W|9|CK
7|30|2|67|190|242|3D|E|11|C5
7|31|210|17|262|16|3N|S|11|SJ
7|31|258|4|31|6|3N|N|11|SJ
7|31|60|254|212|205|3N|S|11|SJ
7|31|271|111|174|54|3N|S|11|SJ
7|31|132|79|238|38|3N|S|11|S5
7|31|71|98|66|260|3N|S|11|SJ
7|31|102|269|172|275|3N|S|11|SJ
7|31|155|161|121|53|3N|S|11|SJ
7|31|55|48|45|244|3N|S|11|SJ
7|31|2|67|190|242|3N|S|11|SJ
7|32|210|17|262|16|3N|N|12|HQ
7|32|258|4|31|6|3N|N|12|DJ
7|32|60|254|212|205|3N|N|11|HQ
7|32|271|111|174|54|3N|S|11|H7
7|32|132|79|238|38|3N|N|12|HQ
7|32|71|98|66|260|3N|N|12|H6
7|32|102|269|172|275|3N|S|12|CT
7|32|155|161|121|53|3N|N|12|HQ
7|32|55|48|45|244|3N|N|12|HQ
7|32|2|67|190|242|3N|S|12|S5
7|4|33|258|148|31|4S|W|12|H4
7|4|17|4|16|6|4S|W|12|H3
7|4|60|254|212|205|3N|E|11|H2
7|4|271|111|174|54|3N|E|12|H2
7|4|132|79|238|38|4S|W|11|DA
7|4|71|200|66|117|4S|E|12|C4
7|4|102|21|172|104|4S|W|12|H2
7|4|155|140|121|151|3N|E|11|H2
7|4|55|48|45|244|4S|W|12|DA
7|4|44|167|225|168|4S|W|11|H3
7|5|33|258|148|31|3N|N|10|H2
7|5|17|4|16|6|3N|N|11|CK
7|5|60|254|212|205|4SX|W|6|CQ
7|5|271|111|174|54|5CX|E|8|S4
7|5|132|79|238|38|4H|S|10|D7
7|5|71|200|66|117|3N|N|11|C2
7|5|102|21|172|104|3N|N|10|C7
7|5|155|140|121|151|4H|N|9|CK
7|5|55|48|45|244|3N|N|10|C2
7|5|44|167|225|168|3N|N|11|C5
7|6|33|258|148|31|3N|W|9|CQ
7|6|17|4|16|6|3N|W|9|SQ
7|6|60|254|212|205|3N|W|9|CQ
7|6|271|111|174|54|3N|W|10|C6
7|6|132|79|238|38|3N|W|9|CA
7|6|71|200|66|117|3N|W|9|S5
7|6|102|21|172|104|3N|W|8|D6
7|6|155|140|121|151|3N|W|7|D6
7|6|55|48|45|244|3N|W|9|S5
7|6|44|167|225|168|3N|W|9|SJ
7|7|33|258|148|31|2D|E|8|HK
7|7|17|4|16|6|3C|N|8|DK
7|7|60|254|212|205|2S|S|6|D6
7|7|271|111|174|54|2C|N|4|H2
7|7|132|79|238|38|2C|S|6|D6
7|7|71|200|66|117|2C|S|6|D4
7|7|102|21|172|104|2S|S|6|D4
7|7|155|140|121|151|2C|N|7|H2
7|7|55|48|45|244|3D|E|8|C9
7|7|44|167|225|168|2S|S|7|D4
7|8|33|258|148|31|5HX|S|10|SQ
7|8|17|4|16|6|4SX|E|9|D7
7|8|60|254|212|205|4S|W|10|C3
7|8|271|111|174|54|4S|E|10|D2
7|8|132|79|238|38|4S|E|10|HA
7|8|71|200|66|117|4SX|W|10|HA
7|8|102|21|172|104|4S|E|10|C2
7|8|155|140|121|151|4S|E|10|HA
7|8|55|48|45|244|4S|E|10|D7
7|8|44|167|225|168|4S|E|10|HA
7|9|33|258|148|31|4S|N|9|S2
7|9|17|4|16|6|4S|N|9|S6
7|9|60|254|212|205|4S|N|9|S4
7|9|271|111|174|54|5S|N|9|H5
7|9|132|79|238|38|4S|N|9|S4
7|9|71|200|66|117|4S|N|8|S3
7|9|102|21|172|104|4S|N|9|S8
7|9|155|140|121|151|4S|N|8|S2
7|9|55|48|45|244|4S|N|9|S2
7|9|44|167|225|168|4S|N|8|S5
8|1|271|33|174|148|3C|E|11|HK
8|1|210|13|262|254|4C|E|10|SQ
8|1|48|111|244|54|5C|W|11|HK
8|1|60|2|212|190|3H|S|8|C8
8|1|71|17|66|16|3C|E|11|SQ
8|1|258|79|31|38|4C|E|11|DJ
8|1|21|200|104|117|5C|E|11|HK
8|1|98|269|260|275|4C|E|12|HK
8|1|55|140|45|151|3N|E|9|HK
8|1|161|67|53|242|4C|E|11|HK
8|10|271|33|174|148|3S|S|9|CA
8|10|210|13|262|254|5S|S|10|CA
8|10|48|111|244|54|4SX|S|9|CA
8|10|60|2|212|190|4S|S|9|CK
8|10|71|17|66|16|3S|S|9|CA
8|10|258|79|31|38|3S|S|9|D2
8|10|21|200|104|117|4S|S|9|CA
8|10|98|269|260|275|3N|E|7|SA
8|10|55|140|45|151|3S|S|10|CA
8|10|161|67|53|242|4S|S|10|CA
8|11|271|33|174|148|3C|S|10|HT
8|11|210|13|262|254|3H|E|8|CK
8|11|48|111|244|54|2H|E|8|CK
8|11|60|2|212|190|2S|N|9|HK
8|11|71|17|66|16|2H|E|8|CK
8|11|258|79|31|38|3H|E|7|DQ
8|11|21|200|104|117|1S|E|4|CK
8|11|98|269|260|275|2S|N|7|HA
8|11|55|140|45|151|2H|E|8|CK
8|11|161|67|53|242|3H|W|9|C3
8|12|271|33|174|148|3H|N|8|CQ
8|12|210|13|262|254|3C|W|8|H8
8|12|48|111|244|54|3C|W|8|D8
8|12|60|2|212|190|3C|W|8|D4
8|12|71|17|66|16|3C|W|8|H8
8|12|258|79|31|38|3C|E|8|D2
8|12|21|200|104|117|3CX|W|8|S2
8|12|98|269|260|275|3C|W|8|D9
8|12|55|140|45|151|3C|E|8|DT
8|12|161|67|53|242|2H|N|7|CQ
8|13|271|33|174|148|2S|N|9|CJ
8|13|210|13|262|254|3S|N|9|HA
8|13|48|111|244|54|2S|N|7|C2
8|13|60|2|212|190|3H|E|8|CA
8|13|71|17|66|16|2S|N|9|CJ
8|13|258|79|31|38|3H|E|8|D2
8|13|21|200|104|117|3C|S|10|DK
8|13|98|269|260|275|3H|W|10|D6
8|13|55|140|45|151|2S|N|7|CJ
8|13|161|67|53|242|3H|W|9|CT
8|14|271|33|174|148|3N|S|11|S2
8|14|210|13|262|254|1C|W|4|H6
8|14|48|111|244|54|2D|S|10|S4
8|14|60|2|212|190|1C|W|5|H6
8|14|71|17|66|16|1H|E|7|S8
8|14|258|79|31|38|2H|E|7|DQ
8|14|21|200|104|117|3N|N|8|H2
8|14|98|269|260|275|1N|S|11|S2
8|14|55|140|45|151|2D|S|10|CJ
8|14|161|67|53|242|3H|W|7|D2
8|15|271|33|174|148|4H|W|10|D6
8|15|210|13|262|254|5H|W|12|S4
8|15|48|111|244|54|6H|E|12|D6
8|15|60|2|212|190|3N|E|10|D3
8|15|71|17|66|16|4H|E|12|SQ
8|15|258|79|31|38|4S|E|12|D2
8|15|21|200|104|117|4H|E|12|SQ
8|15|98|269|260|275|4H|W|12|S2
8|15|55|140|45|151|4H|W|12|H7
8|15|161|67|53|242|4H|E|12|SQ
8|16|271|33|174|148|5DX|N|7|HJ
8|16|210|13|262|254|4H|W|13|SJ
8|16|48|111|244|54|4S|E|11|DJ
8|16|60|2|212|190|4H|W|11|C9
8|16|71|17|66|16|4S|E|12|DJ
8|16|258|79|31|38|4H|E|12|D2
8|16|21|200|104|117|3H|W|10|CT
8|16|98|269|260|275|6S|E|11|DK
8|16|55|140|45|151|4S|W|13|H4
8|16|161|67|53|242|4S|E|12|DJ
8|17|271|4|174|6|2H|N|9|HA
8|17|210|13|262|254|2H|S|8|C4
8|17|44|111|225|54|5DX|W|9|S8
8|17|60|2|212|190|2H|N|9|C4
8|17|71|17|66|16|2H|N|8|SA
8|17|258|79|31|38|2H|N|9|D8
8|17|21|132|104|238|2H|N|8|CA
8|17|98|155|260|121|3H|S|8|C6
8|17|55|140|45|151|2H|N|10|D4
8|17|102|167|172|168|4D|W|9|H9
8|18|271|4|174|6|3N|E|10|S5
8|18|210|13|262|254|5D|W|10|H6
8|18|44|111|225|54|3N|E|11|C8
8|18|60|2|212|190|3N|E|11|C6
8|18|71|17|66|16|3N|W|8|ST
8|18|258|79|31|38|3N|E|10|CT
8|18|21|132|104|238|3D|W|11|ST
8|18|98|155|260|121|3N|E|12|HQ
8|18|55|140|45|151|3N|E|10|C2
8|18|102|167|172|168|3N|E|11|C6
8|19|271|4|174|6|2S|S|9|CQ
8|19|210|13|262|254|2S|S|7|CQ
8|19|44|111|225|54|3NX|W|10|S5
8|19|60|2|212|190|2S|S|7|CJ
8|19|71|17|66|16|2S|S|9|CQ
8|19|258|79|31|38|3S|N|10|CQ
8|19|21|132|104|238|3D|N|7|HT
8|19|98|155|260|121|3C|W|10|S3
8|19|55|140|45|151|2S|S|10|CQ
8|19|102|167|172|168|3SX|S|9|S2
8|2|271|33|174|148|3S|N|9|HK
8|2|210|13|262|254|3S|N|9|HA
8|2|48|111|244|54|2N|E|8|D4
8|2|60|2|212|190|2S|N|9|HK
8|2|71|17|66|16|2S|N|8|HA
8|2|258|79|31|38|3S|N|9|D2
8|2|21|200|104|117|3S|N|9|HK
8|2|98|269|260|275|3SX|N|9|HA
8|2|55|140|45|151|2NX|E|6|S4
8|2|161|67|53|242|2S|N|9|HA
8|20|271|4|174|6|3D|N|8|HQ
8|20|210|13|262|254|3D|N|10|HQ
8|20|44|111|225|54|3D|N|8|HQ
8|20|60|2|212|190|4D|N|9|HQ
8|20|71|17|66|16|3D|N|8|HQ
8|20|258|79|31|38|3D|N|8|D2
8|20|21|132|104|238|3D|N|8|HQ
8|20|98|155|260|121|3N|S|7|H6
8|20|55|140|45|151|2D|N|7|HQ
8|20|102|167|172|168|4D|N|8|HQ
8|21|271|4|174|6|3CX|W|7|S5
8|21|210|13|262|254|3C|W|6|HK
8|21|44|111|225|54|4SX|E|7|DT
8|21|60|2|212|190|3D|N|5|S5
8|21|71|17|66|16|2S|E|7|DT
8|21|258|79|31|38|2S|E|7|DQ
8|21|21|132|104|238|2S|E|8|DT
8|21|98|155|260|121|1N|W|9|HK
8|21|55|140|45|151|2D|N|7|SJ
8|21|102|167|172|168|4H|E|8|DT
8|22|271|4|174|6|3N|E|10|CQ
8|22|210|13|262|254|2S|S|9|D5
8|22|44|111|225|54|3N|W|8|CJ
8|22|60|2|212|190|3N|W|8|SJ
8|22|71|17|66|16|3D|E|10|DT
8|22|258|79|31|38|3N|E|7|DQ
8|22|21|132|104|238|2S|N|7|DA
8|22|98|155|260|121|3D|E|10|DT
8|22|55|140|45|151|3N|W|8|SJ
8|22|102|167|172|168|2S|S|7|D5
8|23|271|4|174|6|4S|S|10|H8
8|23|210|13|262|254|4S|S|10|H9
8|23|44|111|225|54|4S|S|11|H3
8|23|60|2|212|190|4S|S|11|H8
8|23|71|17|66|16|4S|S|10|H8
8|23|258|79|31|38|4S|N|10|D2
8|23|21|132|104|238|4S|S|11|D8
8|23|98|155|260|121|4S|S|11|H3
8|23|55|140|45|151|4S|S|11|H3
8|23|102|167|172|168|4S|S|10|H4
8|24|271|4|174|6|4S|E|10|D2
8|24|210|13|262|254|4S|E|9|D2
8|24|44|111|225|54|4S|W|10|C9
8|24|60|2|212|190|4S|W|9|C9
8|24|71|17|66|16|4S|E|10|CA
8|24|258|79|31|38|4S|E|10|CT
8|24|21|132|104|238|3N|W|9|SJ
8|24|98|155|260|121|2DX|N|6|SK
8|24|55|140|45|151|4S|W|10|C5
8|24|102|167|172|168|4S|W|10|C9
8|25|271|4|174|6|P||0
8|25|210|13|262|254|2S|S|9|DJ
8|25|44|111|225|54|2H|S|9|DJ
8|25|60|2|212|190|3C|W|8|C3
8|25|71|17|66|16|P||0
8|25|258|79|31|38|2S|S|10|DT
8|25|21|132|104|238|2H|N|9|H7
8|25|98|155|260|121|4C|E|8|HT
8|25|55|140|45|151|2H|S|9|DJ
8|25|102|167|172|168|2S|S|9|S2
8|26|271|4|174|6|2H|W|9|DQ
8|26|210|13|262|254|1N|E|5|C5
8|26|44|111|225|54|3H|W|9|H7
8|26|60|2|212|190|2H|W|9|H2
8|26|71|17|66|16|1N|S|10|S6
8|26|258|79|31|38|3H|E|8|DQ
8|26|21|132|104|238|2C|N|8|SK
8|26|98|155|260|121|2H|W|9|DQ
8|26|55|140|45|151|2H|W|9|H7
8|26|102|167|172|168|3N|N|8|HT
8|27|271|4|174|6|3D|S|7|S8
8|27|210|13|262|254|4H|W|9|D7
8|27|44|111|225|54|2S|S|9|C2
8|27|60|2|212|190|2H|W|10|D7
8|27|71|17|66|16|3D|S|7|S8
8|27|258|79|31|38|3C|E|9|D9
8|27|21|132|104|238|3S|N|8|CA
8|27|98|155|260|121|2H|W|10|D9
8|27|55|140|45|151|2H|W|10|D7
8|27|102|167|172|168|4H|W|8|D7
8|28|271|4|174|6|1N|W|7|C5
8|28|210|13|262|254|1N|W|9|D9
8|28|44|111|225|54|4S|W|8|D9
8|28|60|2|212|190|1N|W|7|C5
8|28|71|17|66|16|2H|W|8|DT
8|28|258|79|31|38|1N|E|6|DQ
8|28|21|132|104|238|1N|W|9|S5
8|28|98|155|260|121|1N|W|7|D9
8|28|55|140|45|151|1N|W|7|C5
8|28|102|167|172|168|1N|W|8|D3
8|29|271|4|174|6|6H|N|12|H2
8|29|210|13|262|254|4H|N|12|H2
8|29|44|111|225|54|4H|N|12|DT
8|29|60|2|212|190|6H|N|12|C8
8|29|71|17|66|16|5H|N|12|C7
8|29|258|79|31|38|4H|N|12|D2
8|29|21|132|104|238|6H|N|12|H2
8|29|98|155|260|121|5H|N|12|S3
8|29|55|140|45|151|4H|N|12|HT
8|29|102|167|172|168|4H|N|12|DT
8|3|271|33|174|148|3N|S|11|H9
8|3|210|13|262|254|3N|S|11|H9
8|3|48|111|244|54|3N|S|11|S5
8|3|60|2|212|190|3N|S|12|H8
8|3|71|17|66|16|4H|N|10|SA
8|3|258|79|31|38|3N|S|12|DJ
8|3|21|200|104|117|3N|S|11|H9
8|3|98|269|260|275|3N|S|11|S7
8|3|55|140|45|151|3N|S|10|D5
8|3|161|67|53|242|3N|N|11|S2
8|30|271|4|174|6|4S|W|10|D8
8|30|210|13|262|254|2S|W|10|C8
8|30|44|111|225|54|2S|W|10|H3
8|30|60|2|212|190|4S|W|10|C8
8|30|71|17|66|16|4S|E|10|CA
8|30|258|79|31|38|4S|E|9|D2
8|30|21|132|104|238|3S|E|10|H4
8|30|98|155|260|121|4S|W|10|D5
8|30|55|140|45|151|4S|W|10|D3
8|30|102|167|172|168|4S|W|10|H3
8|31|271|4|174|6|4C|S|9|H3
8|31|210|13|262|254|4H|E|9|CK
8|31|44|111|225|54|1H|E|9|CK
8|31|60|2|212|190|3D|W|9|C7
8|31|71|17|66|16|4H|E|9|CA
8|31|258|79|31|38|3S|E|8|D2
8|31|21|132|104|238|2D|W|8|C7
8|31|98|155|260|121|3H|E|9|CA
8|31|55|140|45|151|5SX|W|8|C7
8|31|102|167|172|168|3H|E|9|CA
8|32|271|4|174|6|1N|N|8|HK
8|32|210|13|262|254|1N|N|9|HK
8|32|44|111|225|54|3N|S|9|S5
8|32|60|2|212|190|1N|N|9|H3
8|32|71|17|66|16|3N|S|8|D5
8|32|258|79|31|38|3N|N|8|H2
8|32|21|132|104|238|3N|N|9|HA
8|32|98|155|260|121|1N|S|9|S5
8|32|55|140|45|151|1N|N|10|C5
8|32|102|167|172|168|3N|S|8|H5
8|4|271|33|174|148|3N|E|11|H3
8|4|210|13|262|254|3N|E|8|H3
8|4|48|111|244|54|3N|E|9|H7
8|4|60|2|212|190|3N|E|9|H3
8|4|71|17|66|16|3N|E|10|H4
8|4|258|79|31|38|3N|E|10|D2
8|4|21|200|104|117|3N|E|10|H3
8|4|98|269|260|275|3N|E|9|H3
8|4|55|140|45|151|3N|E|9|H3
8|4|161|67|53|242|3N|E|9|H3
8|5|271|33|174|148|2H|E|7|HQ
8|5|210|13|262|254|2H|E|7|HQ
8|5|48|111|244|54|3C|S|8|H7
8|5|60|2|212|190|2H|E|6|CA
8|5|71|17|66|16|2H|E|7|HQ
8|5|258|79|31|38|2H|E|7|D2
8|5|21|200|104|117|1H|E|7|D7
8|5|98|269|260|275|2H|E|7|HJ
8|5|55|140|45|151|2H|E|7|HQ
8|5|161|67|53|242|2H|E|7|CA
8|6|271|33|174|148|3N|N|11|CK
8|6|210|13|262|254|3N|N|7|CA
8|6|48|111|244|54|4H|S|12|DK
8|6|60|2|212|190|2CX|E|5|HA
8|6|71|17|66|16|2CX|E|7|HK
8|6|258|79|31|38|3N|N|12|D2
8|6|21|200|104|117|4H|S|10|C6
8|6|98|269|260|275|4H|S|12|DK
8|6|55|140|45|151|3N|N|11|CK
8|6|161|67|53|242|3N|N|11|DT
8|7|271|33|174|148|4H|E|13|D3
8|7|210|13|262|254|4S|W|13|DK
8|7|48|111|244|54|4S|W|11|CQ
8|7|60|2|212|190|6H|E|13|HT
8|7|71|17|66|16|4H|E|13|S3
8|7|258|79|31|38|4S|W|13|D2
8|7|21|200|104|117|4H|E|12|D3
8|7|98|269|260|275|4H|E|13|D2
8|7|55|140|45|151|4H|E|13|S3
8|7|161|67|53|242|4H|E|13|D3
8|8|271|33|174|148|1N|E|7|H4
8|8|210|13|262|254|1N|E|8|S4
8|8|48|111|244|54|1N|E|9|S2
8|8|60|2|212|190|1N|E|7|S4
8|8|71|17|66|16|1N|E|9|S5
8|8|258|79|31|38|1N|E|8|D2
8|8|21|200|104|117|1N|E|7|S4
8|8|98|269|260|275|1N|E|9|D4
8|8|55|140|45|151|1N|E|9|S4
8|8|161|67|53|242|1N|E|8|S4
8|9|271|33|174|148|2D|N|6|HT
8|9|210|13|262|254|2D|N|9|C7
8|9|48|111|244|54|2H|W|7|CA
8|9|60|2|212|190|2H|W|7|S6
8|9|71|17|66|16|2H|W|7|S6
8|9|258|79|31|38|1N|N|7|H7
8|9|21|200|104|117|2S|E|7|C2
8|9|98|269|260|275|2H|W|7|S4
8|9|55|140|45|151|2H|W|8|S6
8|9|161|67|53|242|2H|W|7|D2
9|1|210|111|262|54|3NX|N|11|H6
9|1|60|33|212|148|3N|N|10|H6
9|1|271|79|174|38|3N|N|11|S3
9|1|71|13|66|254|3N|S|11|H2
9|1|258|104|31|121|3N|N|10|S2
9|1|269|17|275|16|3N|N|11|D6
9|1|200|167|117|168|4N|N|11|S3
9|1|55|98|45|260|3N|N|11|H4
9|1|161|2|53|190|3N|N|11|H6
9|1|44|140|225|151|3N|N|11|H6
9|10|210|111|262|54|2H|W|10|SK
9|10|60|33|212|148|4H|W|9|CJ
9|10|271|79|174|38|2SX|N|6|HJ
9|10|71|13|66|254|4H|W|8|D4
9|10|258|104|31|121|3N|W|9|S8
9|10|269|17|275|16|3N|E|8|S7
9|10|200|167|117|168|4H|W|9|D6
9|10|55|98|45|260|3N|E|9|S7
9|10|161|2|53|190|4H|W|9|SK
9|10|44|140|225|151|2H|W|10|SQ
9|11|210|111|262|54|1N|N|7|H2
9|11|60|33|212|148|1N|E|7|H3
9|11|271|79|174|38|1N|E|7|H3
9|11|71|13|66|254|1N|S|8|DJ
9|11|258|104|31|121|1NXX|N|7|SQ
9|11|269|17|275|16|2N|E|9|S9
9|11|200|167|117|168|1N|E|7|H5
9|11|55|98|45|260|2H|N|7|H2
9|11|161|2|53|190|1H|S|6|C4
9|11|44|140|225|151|1N|E|7|H3
9|12|210|111|262|54|2N|S|7|SQ
9|12|60|33|212|148|1S|N|8|CQ
9|12|271|79|174|38|1S|N|7|CQ
9|12|71|13|66|254|2N|S|8|H2
9|12|258|104|31|121|2N|S|7|D2
9|12|269|17|275|16|2N|N|6|H3
9|12|200|167|117|168|P||0
9|12|55|98|45|260|1S|N|7|CQ
9|12|161|2|53|190|P||0
9|12|44|140|225|151|2N|N|8|H6
9|13|210|111|262|54|4H|E|11|SJ
9|13|60|33|212|148|4H|E|11|SJ
9|13|271|79|174|38|4H|W|11|SJ
9|13|71|13|66|254|4H|E|11|H3
9|13|258|104|31|121|4H|E|11|DJ
9|13|269|17|275|16|4H|E|11|H6
9|13|200|167|117|168|4H|E|11|CJ
9|13|55|98|45|260|4H|W|11|H3
9|13|161|2|53|190|4H|E|11|SJ
9|13|44|140|225|151|4H|E|11|H3
9|14|210|111|262|54|3N|N|10|SJ
9|14|60|33|212|148|3N|N|9|SJ
9|14|271|79|174|38|3N|S|10|SQ
9|14|71|13|66|254|3N|N|10|SJ
9|14|258|104|31|121|3N|N|10|DJ
9|14|269|17|275|16|3N|N|9|SJ
9|14|200|167|117|168|3N|N|10|SJ
9|14|55|98|45|260|3N|S|11|SQ
9|14|161|2|53|190|3N|N|9|ST
9|14|44|140|225|151|3N|S|10|H4
9|15|210|111|262|54|3NX|W|7|DK
9|15|60|33|212|148|2H|S|7|SK
9|15|271|79|174|38|2N|W|7|DK
9|15|71|13|66|254|P||0
9|15|258|104|31|121|3NX|E|7|DQ
9|15|269|17|275|16|2H|S|8|SK
9|15|200|167|117|168|2S|N|8|HJ
9|15|55|98|45|260|3N|W|7|DK
9|15|161|2|53|190|2H|N|8|D9
9|15|44|140|225|151|4H|N|8|DT
9|16|210|111|262|54|3H|S|9|CQ
9|16|60|33|212|148|3C|E|8|D3
9|16|271|79|174|38|4H|S|10|CQ
9|16|71|13|66|254|4H|S|10|CQ
9|16|258|104|31|121|4H|N|10|D2
9|16|269|17|275|16|4H|S|8|CQ
9|16|200|167|117|168|4H|S|10|CQ
9|16|55|98|45|260|4H|S|11|CQ
9|16|161|2|53|190|3D|N|10|CK
9|16|44|140|225|151|2H|S|8|CQ
9|17|4|111|6|54|4S|W|7|D4
9|17|60|33|212|148|3S|W|8|D7
9|17|271|79|174|38|4S|E|7|D7
9|17|71|13|66|254|3SX|W|8|D7
9|17|258|21|31|104|3S|E|8|DQ
9|17|155|17|121|16|4SX|W|8|D5
9|17|200|167|117|168|4SX|W|7|D5
9|17|55|132|45|238|3S|W|8|D7
9|17|161|48|53|244|3N|N|11|H4
9|17|44|102|225|172|4SX|W|7|D7
9|18|4|111|6|54|3N|N|9|HJ
9|18|60|33|212|148|3N|N|10|C3
9|18|271|79|174|38|3N|N|10|C7
9|18|71|13|66|254|3N|N|10|C3
9|18|258|21|31|104|3N|N|10|DJ
9|18|155|17|121|16|2D|S|10|CK
9|18|200|167|117|168|3N|S|10|D2
9|18|55|132|45|238|3N|S|10|CA
9|18|161|48|53|244|3N|N|10|HJ
9|18|44|102|225|172|3N|N|9|HJ
9|19|4|111|6|54|3N|E|9|H8
9|19|60|33|212|148|3N|E|10|S8
9|19|271|79|174|38|3N|E|9|H7
9|19|71|13|66|254|3N|E|10|D2
9|19|258|21|31|104|3N|E|9|DQ
9|19|155|17|121|16|3N|E|9|H8
9|19|200|167|117|168|3N|E|11|D5
9|19|55|132|45|238|2N|E|10|H8
9|19|161|48|53|244|3N|E|11|D2
9|19|44|102|225|172|3N|W|9|S6
9|2|210|111|262|54|3N|E|10|DK
9|2|60|33|212|148|3N|E|11|HJ
9|2|271|79|174|38|3N|E|9|DA
9|2|71|13|66|254|3N|E|9|S3
9|2|258|104|31|121|3N|E|11|DJ
9|2|269|17|275|16|3N|E|9|DA
9|2|200|167|117|168|3N|W|9|S7
9|2|55|98|45|260|3N|W|10|HJ
9|2|161|2|53|190|3N|W|9|S4
9|2|44|140|225|151|3N|E|10|DK
9|20|4|111|6|54|4S|E|9|DK
9|20|60|33|212|148|3S|E|9|S3
9|20|271|79|174|38|3S|E|10|DK
9|20|71|13|66|254|3S|E|7|S6
9|20|258|21|31|104|3S|E|8|DQ
9|20|155|17|121|16|3S|E|9|DK
9|20|200|167|117|168|3S|E|8|S3
9|20|55|132|45|238|3S|E|10|DK
9|20|161|48|53|244|4S|E|8|DK
9|20|44|102|225|172|1S|E|10|DQ
9|21|4|111|6|54|3H|S|8|C6
9|21|60|33|212|148|2S|E|8|D9
9|21|271|79|174|38|3H|S|9|CJ
9|21|71|13|66|254|3H|S|9|C2
9|21|258|21|31|104|3H|S|10|D2
9|21|155|17|121|16|2S|E|8|DT
9|21|200|167|117|168|2S|W|8|H2
9|21|55|132|45|238|2S|E|8|DT
9|21|161|48|53|244|2D|N|11|CA
9|21|44|102|225|172|2H|S|10|D5
9|22|4|111|6|54|4H|S|8|S2
9|22|60|33|212|148|4H|S|8|S3
9|22|271|79|174|38|4H|S|9|S2
9|22|71|13|66|254|4H|S|10|DQ
9|22|258|21|31|104|4H|N|9|D2
9|22|155|17|121|16|3C|N|9|DA
9|22|200|167|117|168|2H|S|10|DQ
9|22|55|132|45|238|4H|S|8|S2
9|22|161|48|53|244|3N|N|8|D5
9|22|44|102|225|172|4H|S|10|DQ
9|23|4|111|6|54|4H|N|11|C2
9|23|60|33|212|148|4H|S|11|C2
9|23|271|79|174|38|4H|S|11|S7
9|23|71|13|66|254|4H|S|10|C2
9|23|258|21|31|104|4H|N|11|D2
9|23|155|17|121|16|4H|S|11|C2
9|23|200|167|117|168|4H|S|11|C2
9|23|55|132|45|238|4H|S|11|C2
9|23|161|48|53|244|4H|S|11|C2
9|23|44|102|225|172|3D|N|7|H9
9|24|4|111|6|54|2D|N|8|DA
9|24|60|33|212|148|1N|N|7|ST
9|24|271|79|174|38|2N|N|7|H6
9|24|71|13|66|254|4D|N|8|DA
9|24|258|21|31|104|3D|N|8|DQ
9|24|155|17|121|16|2N|N|6|SJ
9|24|200|167|117|168|3D|N|8|C3
9|24|55|132|45|238|2H|W|8|DQ
9|24|161|48|53|244|2D|N|8|C2
9|24|44|102|225|172|3N|N|7|H5
9|25|4|111|6|54|4H|W|10|ST
9|25|60|33|212|148|4SX|N|8|HA
9|25|271|79|174|38|4H|E|11|D7
9|25|71|13|66|254|4S|W|10|C6
9|25|258|21|31|104|4H|E|11|HT
9|25|155|17|121|16|4H|W|11|D4
9|25|200|167|117|168|4H|W|10|S2
9|25|55|132|45|238|4H|W|11|ST
9|25|161|48|53|244|4H|W|10|ST
9|25|44|102|225|172|4H|E|11|H8
9|26|4|111|6|54|2S|N|5|HA
9|26|60|33|212|148|2S|E|6|DK
9|26|271|79|174|38|2SX|E|6|DK
9|26|71|13|66|254|2SX|E|6|DK
9|26|258|21|31|104|2S|E|7|H3
9|26|155|17|121|16|2SX|E|6|DK
9|26|200|167|117|168|2SX|E|6|DK
9|26|55|132|45|238|3C|S|7|S4
9|26|161|48|53|244|2C|S|7|HJ
9|26|44|102|225|172|2S|E|6|DQ
9|27|4|111|6|54|4S|E|10|H4
9|27|60|33|212|148|3S|E|10|H4
9|27|271|79|174|38|4S|E|11|CQ
9|27|71|13|66|254|4S|E|11|H4
9|27|258|21|31|104|4H|E|10|DQ
9|27|155|17|121|16|4S|W|10|DA
9|27|200|167|117|168|4S|E|10|H4
9|27|55|132|45|238|4S|E|10|H4
9|27|161|48|53|244|4S|E|10|H4
9|27|44|102|225|172|4S|E|10|H4
9|28|4|111|6|54|3N|S|12|H8
9|28|60|33|212|148|3N|S|11|H8
9|28|271|79|174|38|3N|S|11|S9
9|28|71|13|66|254|3N|S|11|H8
9|28|258|21|31|104|3N|S|10|D2
9|28|155|17|121|16|3N|S|10|H8
9|28|200|167|117|168|3N|S|11|C3
9|28|55|132|45|238|3N|S|10|C3
9|28|161|48|53|244|3N|S|10|DJ
9|28|44|102|225|172|3N|S|11|C4
9|29|4|111|6|54|3N|E|10|D9
9|29|60|33|212|148|3N|E|8|D9
9|29|271|79|174|38|3N|E|10|D9
9|29|71|13|66|254|3N|E|9|S6
9|29|258|21|31|104|3N|E|10|D2
9|29|155|17|121|16|3N|W|9|CJ
9|29|200|167|117|168|3N|E|10|H6
9|29|55|132|45|238|3N|E|9|D9
9|29|161|48|53|244|3N|E|9|C2
9|29|44|102|225|172|3N|E|10|C2
9|3|210|111|262|54|4S|S|9|HK
9|3|60|33|212|148|2S|N|10|H7
9|3|271|79|174|38|4S|N|8|H3
9|3|71|13|66|254|3HX|W|8|HJ
9|3|258|104|31|121|4S|N|8|D2
9|3|269|17|275|16|4S|N|8|H5
9|3|200|167|117|168|4S|N|8|DJ
9|3|55|98|45|260|4S|S|10|HK
9|3|161|2|53|190|4S|S|9|HQ
9|3|44|140|225|151|2S|N|9|H4
9|30|4|111|6|54|4H|N|10|DT
9|30|60|33|212|148|4H|N|10|CK
9|30|271|79|174|38|4H|N|10|CK
9|30|71|13|66|254|4H|S|10|H4
9|30|258|21|31|104|4H|N|10|D2
9|30|155|17|121|16|4H|N|10|CK
9|30|200|167|117|168|4H|N|10|CK
9|30|55|132|45|238|4H|N|10|CK
9|30|161|48|53|244|4H|N|10|C2
9|30|44|102|225|172|4H|N|10|CK
9|31|4|111|6|54|3N|E|6|H6
9|31|60|33|212|148|3N|W|7|SQ
9|31|271|79|174|38|3N|E|6|H3
9|31|71|13|66|254|4D|W|8|SQ
9|31|258|21|31|104|3N|E|6|D2
9|31|155|17|121|16|4C|W|10|SQ
9|31|200|167|117|168|5C|W|9|SQ
9|31|55|132|45|238|3C|E|10|SA
9|31|161|48|53|244|3N|E|6|H6
9|31|44|102|225|172|3N|E|7|S8
9|32|4|111|6|54|4S|E|11|S3
9|32|60|33|212|148|3N|W|9|DT
9|32|271|79|174|38|3N|E|9|DA
9|32|71|13|66|254|4S|E|12|DA
9|32|258|21|31|104|3N|E|9|D2
9|32|155|17|121|16|3S|E|11|HJ
9|32|200|167|117|168|3N|W|11|D3
9|32|55|132|45|238|3N|E|9|DA
9|32|161|48|53|244|3N|E|11|HJ
9|32|44|102|225|172|3N|E|9|HT
9|4|210|111|262|54|3C|W|9|C4
9|4|60|33|212|148|3C|W|9|S6
9|4|271|79|174|38|1N|E|7|H7
9|4|71|13|66|254|3H|N|7|SJ
9|4|258|104|31|121|3D|E|10|H2
9|4|269|17|275|16|2N|E|10|S3
9|4|200|167|117|168|3C|W|8|S6
9|4|55|98|45|260|3C|W|8|S6
9|4|161|2|53|190|3C|W|10|D8
9|4|44|140|225|151|3C|W|8|S6
9|5|210|111|262|54|6N|N|12|C9
9|5|60|33|212|148|6N|N|12|C9
9|5|271|79|174|38|4N|N|12|C9
9|5|71|13|66|254|6N|N|12|D9
9|5|258|104|31|121|3N|N|12|DJ
9|5|269|17|275|16|6N|N|12|DT
9|5|200|167|117|168|3N|N|12|H7
9|5|55|98|45|260|6N|N|12|C9
9|5|161|2|53|190|6N|N|12|C8
9|5|44|140|225|151|6N|N|12|C9
9|6|210|111|262|54|2N|E|8|C6
9|6|60|33|212|148|1N|E|8|C6
9|6|271|79|174|38|1N|E|7|C6
9|6|71|13|66|254|1N|E|9|C2
9|6|258|104|31|121|2H|N|8|DA
9|6|269|17|275|16|1N|E|8|C6
9|6|200|167|117|168|2N|E|8|C2
9|6|55|98|45|260|2H|N|7|DA
9|6|161|2|53|190|2H|N|8|DK
9|6|44|140|225|151|3N|E|8|C6
9|7|210|111|262|54|5H|E|11|C6
9|7|60|33|212|148|4H|E|12|S6
9|7|271|79|174|38|5H|E|11|C6
9|7|71|13|66|254|4H|E|11|S5
9|7|258|104|31|121|5H|E|11|C7
9|7|269|17|275|16|4H|E|11|C6
9|7|200|167|117|168|5H|E|12|S4
9|7|55|98|45|260|4H|W|11|S7
9|7|161|2|53|190|4H|E|12|S3
9|7|44|140|225|151|4H|E|11|C6
9|8|210|111|262|54|4S|W|9|DK
9|8|60|33|212|148|3S|W|9|DA
9|8|271|79|174|38|4S|W|9|DA
9|8|71|13|66|254|3S|W|9|DK
9|8|258|104|31|121|4S|E|9|DQ
9|8|269|17|275|16|3S|W|9|DA
9|8|200|167|117|168|3C|N|8|HK
9|8|55|98|45|260|3S|E|9|DJ
9|8|161|2|53|190|4S|W|9|DK
9|8|44|140|225|151|4S|W|9|DK
9|9|210|111|262|54|3H|S|8|SK
9|9|60|33|212|148|3S|W|8|HJ
9|9|271|79|174|38|2S|E|9|DQ
9|9|71|13|66|254|3H|S|9|SK
9|9|258|104|31|121|2S|E|8|D2
9|9|269|17|275|16|2S|E|10|DQ
9|9|200|167|117|168|2S|E|8|DQ
9|9|55|98|45|260|3C|E|8|DQ
9|9|161|2|53|190|2S|E|8|H3
9|9|44|140|225|151|2S|E|8|DJ
