1|1|134|12|27|106|6S|S|10|C6
1|1|50|173|265|240|5S|S|10|CK
1|1|192|251|221|101|4S|N|10|CA
1|1|185|145|105|91|6S|S|10|C6
1|1|278|274|180|218|5S|S|10|C6
1|1|49|293|267|257|5S|S|10|CK
1|1|292|147|29|153|5S|S|12|S9
1|1|228|70|290|209|7CX|E|12|SA
1|1|14|87|88|81|4SX|S|10|C6
1|1|270|72|76|85|5S|S|10|C6
1|10|134|12|27|106|3CX|N|4|C4
1|10|50|173|265|240|4S|W|10|DK
1|10|192|251|221|101|4S|W|10|DK
1|10|185|145|105|91|4S|W|10|CT
1|10|278|274|180|218|4S|W|10|DK
1|10|49|293|267|257|4H|W|10|H5
1|10|292|147|29|153|4S|W|10|CT
1|10|228|70|290|209|4S|W|10|H5
1|10|14|87|88|81|4S|W|10|CT
1|10|270|72|76|85|4S|W|10|DK
1|11|134|12|27|106|2D|E|10|S9
1|11|50|173|265|240|3N|W|9|HK
1|11|192|251|221|101|2H|N|7|SK
1|11|185|145|105|91|3D|E|10|HA
1|11|278|274|180|218|3D|W|10|HK
1|11|49|293|267|257|3D|E|10|HA
1|11|292|147|29|153|3D|E|10|HA
1|11|228|70|290|209|3D|E|10|HA
1|11|14|87|88|81|2S|S|7|D3
1|11|270|72|76|85|4D|E|10|HA
1|12|134|12|27|106|2C|S|8|H9
1|12|50|173|265|240|3N|N|8|S6
1|12|192|251|221|101|3N|N|7|S7
1|12|185|145|105|91|2H|W|7|DA
1|12|278|274|180|218|3N|S|10|H2
1|12|49|293|267|257|3N|N|8|D4
1|12|292|147|29|153|3D|N|8|HA
1|12|228|70|290|209|2H|W|7|DA
1|12|14|87|88|81|3N|N|7|S7
1|12|270|72|76|85|3N|N|9|S5
1|13|134|12|27|106|2H|W|10|DK
1|13|50|173|265|240|4H|W|8|DK
1|13|192|251|221|101|3N|W|8|DK
1|13|185|145|105|91|3N|W|9|DK
1|13|278|274|180|218|3N|W|8|DK
1|13|49|293|267|257|3C|W|8|DQ
1|13|292|147|29|153|3N|W|8|DK
1|13|228|70|290|209|2H|W|8|DK
1|13|14|87|88|81|3N|W|9|DK
1|13|270|72|76|85|4H|W|8|DK
1|14|134|12|27|106|3N|S|9|H5
1|14|50|173|265|240|3N|N|9|HK
1|14|192|251|221|101|3N|S|11|S5
1|14|185|145|105|91|3N|S|9|H3
1|14|278|274|180|218|3N|S|10|H3
1|14|49|293|267|257|3N|N|11|HK
1|14|292|147|29|153|3N|S|9|H6
1|14|228|70|290|209|3N|S|9|H2
1|14|14|87|88|81|3N|N|10|HK
1|14|270|72|76|85|3N|N|9|HQ
1|15|134|12|27|106|4S|S|8|CJ
1|15|50|173|265|240|5S|S|9|HA
1|15|192|251|221|101|2C|E|5|DA
1|15|185|145|105|91|3C|N|8|HK
1|15|278|274|180|218|4H|E|10|S3
1|15|49|293|267|257|2S|N|9|D5
1|15|292|147|29|153|3H|E|9|H4
1|15|228|70|290|209|4SX|S|8|HA
1|15|14|87|88|81|3C|W|6|H7
1|15|270|72|76|85|3N|N|6|HQ
1|16|134|12|27|106|3N|S|8|C2
1|16|50|173|265|240|3N|N|9|H6
1|16|192|251|221|101|3D|S|12|CA
1|16|185|145|105|91|3D|S|12|CA
1|16|278|274|180|218|3N|N|8|C4
1|16|49|293|267|257|3N|N|11|CT
1|16|292|147|29|153|2HX|E|5|HA
1|16|228|70|290|209|3N|N|10|H2
1|16|14|87|88|81|2H|N|8|C4
1|16|270|72|76|85|3N|N|9|C7
1|17|134|12|27|106|3N|E|9|S6
1|17|50|173|265|240|3N|E|10|H4
1|17|192|130|221|101|3N|E|10|CQ
1|17|185|145|105|91|3N|E|9|CQ
1|17|100|78|231|211|3N|E|10|H3
1|17|49|293|267|257|3N|E|10|S7
1|17|158|228|107|290|3N|E|9|DT
1|17|147|292|153|29|3N|E|11|H3
1|17|14|203|88|80|3N|E|10|S6
1|17|270|72|76|85|4H|W|10|DK
1|18|134|12|27|106|3N|N|11|S4
1|18|50|173|265|240|4SX|W|7|DJ
1|18|192|130|221|101|4SX|W|8|HA
1|18|185|145|105|91|4SX|W|8|DJ
1|18|100|78|231|211|4H|N|9|S6
1|18|49|293|267|257|4H|N|9|C4
1|18|158|228|107|290|4H|N|10|SQ
1|18|147|292|153|29|4H|N|8|SQ
1|18|14|203|88|80|4H|N|9|SQ
1|18|270|72|76|85|4H|N|9|C4
1|19|134|12|27|106|3N|N|7|C9
1|19|50|173|265|240|3N|N|10|S6
1|19|192|130|221|101|3N|N|10|S6
1|19|185|145|105|91|3N|N|10|S3
1|19|100|78|231|211|4D|S|10|S6
1|19|49|293|267|257|3D|S|10|ST
1|19|158|228|107|290|3N|N|10|S2
1|19|147|292|153|29|3N|N|10|S3
1|19|14|203|88|80|3N|N|10|S2
1|19|270|72|76|85|5D|S|11|HQ
1|2|134|12|27|106|2D|W|8|SA
1|2|50|173|265|240|1N|W|7|SK
1|2|192|251|221|101|2N|E|6|CJ
1|2|185|145|105|91|1N|S|7|D4
1|2|278|274|180|218|2D|W|8|SA
1|2|49|293|267|257|1N|E|7|ST
1|2|292|147|29|153|2N|W|6|SA
1|2|228|70|290|209|1H|E|8|ST
1|2|14|87|88|81|2S|S|8|HJ
1|2|270|72|76|85|1N|E|7|ST
1|20|134|12|27|106|3N|S|9|S4
1|20|50|173|265|240|3N|N|11|S6
1|20|192|130|221|101|3N|N|11|SJ
1|20|185|145|105|91|3N|N|10|S2
1|20|100|78|231|211|3N|S|9|S3
1|20|49|293|267|257|3N|S|9|S7
1|20|158|228|107|290|3N|S|9|CA
1|20|147|292|153|29|3N|N|10|SJ
1|20|14|203|88|80|3N|N|11|SJ
1|20|270|72|76|85|3N|S|9|CA
1|21|134|12|27|106|2D|S|9|SK
1|21|50|173|265|240|2D|S|9|SK
1|21|192|130|221|101|3D|N|9|CQ
1|21|185|145|105|91|2C|N|9|CQ
1|21|100|78|231|211|3D|S|7|SK
1|21|49|293|267|257|2N|N|5|C6
1|21|158|228|107|290|3D|S|9|SK
1|21|147|292|153|29|1N|N|7|CQ
1|21|14|203|88|80|3D|S|9|SK
1|21|270|72|76|85|3D|S|9|SK
1|22|134|12|27|106|3N|E|9|CT
1|22|50|173|265|240|3C|W|10|HK
1|22|192|130|221|101|3N|E|10|H9
1|22|185|145|105|91|3N|E|9|H9
1|22|100|78|231|211|3N|E|7|HK
1|22|49|293|267|257|3N|E|9|H3
1|22|158|228|107|290|3N|W|11|D3
1|22|147|292|153|29|3N|E|9|H9
1|22|14|203|88|80|5C|E|11|S8
1|22|270|72|76|85|3N|E|10|H8
1|23|134|12|27|106|4H|S|9|SK
1|23|50|173|265|240|4S|W|10|H4
1|23|192|130|221|101|5H|S|9|DJ
1|23|185|145|105|91|5C|S|7|SK
1|23|100|78|231|211|4H|S|9|SK
1|23|49|293|267|257|4S|W|10|C8
1|23|158|228|107|290|5H|N|10|SA
1|23|147|292|153|29|5H|S|9|SK
1|23|14|203|88|80|4H|N|10|SA
1|23|270|72|76|85|2H|S|9|SQ
1|24|134|12|27|106|4H|W|11|CJ
1|24|50|173|265|240|4H|E|11|SA
1|24|192|130|221|101|4H|E|10|D2
1|24|185|145|105|91|4H|W|11|S4
1|24|100|78|231|211|4H|E|10|D4
1|24|49|293|267|257|4H|E|10|D4
1|24|158|228|107|290|5CX|S|8|H8
1|24|147|292|153|29|3H|E|10|D2
1|24|14|203|88|80|4H|E|10|D4
1|24|270|72|76|85|4H|E|10|D2
1|25|134|12|27|106|2C|S|8|SQ
1|25|50|173|265|240|3N|S|7|D3
1|25|192|130|221|101|3C|S|7|SQ
1|25|185|145|105|91|2H|E|7|CK
1|25|100|78|231|211|3N|N|6|S3
1|25|49|293|267|257|2N|N|6|ST
1|25|158|228|107|290|3D|W|8|H4
1|25|147|292|153|29|3C|N|9|H2
1|25|14|203|88|80|P||0
1|25|270|72|76|85|2N|N|8|DT
1|26|134|12|27|106|3N|N|12|HQ
1|26|50|173|265|240|3H|E|8|CJ
1|26|192|130|221|101|4D|S|11|H6
1|26|185|145|105|91|3N|N|12|HQ
1|26|100|78|231|211|3H|E|8|CJ
1|26|49|293|267|257|3N|N|12|HQ
1|26|158|228|107|290|4D|S|10|H6
1|26|147|292|153|29|3N|N|9|S7
1|26|14|203|88|80|3H|E|8|CJ
1|26|270|72|76|85|4H|E|8|SJ
1|27|134|12|27|106|3N|W|10|S2
1|27|50|173|265|240|3N|W|10|S2
1|27|192|130|221|101|3N|W|10|S9
1|27|185|145|105|91|3N|W|10|S2
1|27|100|78|231|211|3N|E|10|S2
1|27|49|293|267|257|3N|W|10|S2
1|27|158|228|107|290|3N|W|10|S2
1|27|147|292|153|29|3N|W|11|S3
1|27|14|203|88|80|3N|W|10|S3
1|27|270|72|76|85|4H|E|10|SJ
1|28|134|12|27|106|6H|W|12|DK
1|28|50|173|265|240|6H|W|12|DK
1|28|192|130|221|101|6S|E|10|DJ
1|28|185|145|105|91|4H|W|11|DK
1|28|100|78|231|211|6H|E|12|DK
1|28|49|293|267|257|6H|W|11|DQ
1|28|158|228|107|290|4S|W|10|S2
1|28|147|292|153|29|5H|W|12|DK
1|28|14|203|88|80|6H|W|11|DK
1|28|270|72|76|85|6H|W|11|DK
1|29|134|12|27|106|3N|S|9|HJ
1|29|50|173|265|240|2H|N|11|C4
1|29|192|130|221|101|2H|N|12|C4
1|29|185|145|105|91|1D|S|9|CJ
1|29|100|78|231|211|1D|S|11|HJ
1|29|49|293|267|257|2H|S|10|CJ
1|29|158|228|107|290|4H|S|10|HJ
1|29|147|292|153|29|4H|S|10|CJ
1|29|14|203|88|80|4H|S|10|CJ
1|29|270|72|76|85|4H|S|10|HT
1|3|134|12|27|106|3N|E|12|H2
1|3|50|173|265|240|3N|E|12|H6
1|3|192|251|221|101|3N|E|12|C4
1|3|185|145|105|91|3N|W|12|C5
1|3|278|274|180|218|3N|E|11|D2
1|3|49|293|267|257|3N|E|9|D4
1|3|292|147|29|153|3N|E|9|D4
1|3|228|70|290|209|3N|E|9|D2
1|3|14|87|88|81|3N|E|10|D2
1|3|270|72|76|85|3N|E|12|H2
1|30|134|12|27|106|4H|N|12|SK
1|30|50|173|265|240|6SX|E|7|DK
1|30|192|130|221|101|5H|S|12|S5
1|30|185|145|105|91|4H|S|12|S5
1|30|100|78|231|211|5C|N|12|SA
1|30|49|293|267|257|5C|N|12|SA
1|30|158|228|107|290|4SX|E|7|DK
1|30|147|292|153|29|4H|S|12|S5
1|30|14|203|88|80|4SX|E|7|DK
1|30|270|72|76|85|4H|S|12|S4
1|31|134|12|27|106|2N|N|6|H7
1|31|50|173|265|240|2S|E|8|D8
1|31|192|130|221|101|2S|W|8|DK
1|31|185|145|105|91|2H|E|8|C7
1|31|100|78|231|211|2S|W|8|DA
1|31|49|293|267|257|1N|N|8|H7
1|31|158|228|107|290|2H|E|9|SA
1|31|147|292|153|29|3N|N|8|SK
1|31|14|203|88|80|2S|E|9|C3
1|31|270|72|76|85|2S|W|8|DA
1|32|134|12|27|106|3N|N|9|ST
1|32|50|173|265|240|3N|S|9|S7
1|32|192|130|221|101|3N|N|9|ST
1|32|185|145|105|91|3N|N|9|ST
1|32|100|78|231|211|3N|N|9|ST
1|32|49|293|267|257|3N|S|10|D6
1|32|158|228|107|290|3N|N|8|ST
1|32|147|292|153|29|3N|S|10|D3
1|32|14|203|88|80|3N|S|10|S7
1|32|270|72|76|85|3N|N|10|ST
1|4|134|12|27|106|3N|N|11|C6
1|4|50|173|265|240|3N|N|11|S6
1|4|192|251|221|101|3N|N|11|S5
1|4|185|145|105|91|3N|N|11|C4
1|4|278|274|180|218|3N|S|11|S3
1|4|49|293|267|257|3N|N|11|C4
1|4|292|147|29|153|4H|N|11|S4
1|4|228|70|290|209|3N|N|11|CK
1|4|14|87|88|81|3N|N|12|S5
1|4|270|72|76|85|3N|N|10|C4
1|5|134|12|27|106|5SX|E|10|HA
1|5|50|173|265|240|3N|W|4|CJ
1|5|192|251|221|101|4S|E|10|CA
1|5|185|145|105|91|4S|E|10|HA
1|5|278|274|180|218|4S|E|10|CA
1|5|49|293|267|257|4S|E|10|DT
1|5|292|147|29|153|4S|E|10|DJ
1|5|228|70|290|209|4S|E|10|HA
1|5|14|87|88|81|4S|E|10|HA
1|5|270|72|76|85|5CX|N|10|DK
1|6|134|12|27|106|4S|W|10|D5
1|6|50|173|265|240|2S|W|10|D5
1|6|192|251|221|101|4D|E|11|D3
1|6|185|145|105|91|4D|W|11|CA
1|6|278|274|180|218|2D|W|10|H5
1|6|49|293|267|257|2C|N|8|H6
1|6|292|147|29|153|3D|W|11|H3
1|6|228|70|290|209|2S|W|10|D5
1|6|14|87|88|81|2S|W|10|D5
1|6|270|72|76|85|3D|W|12|D4
1|7|134|12|27|106|3D|W|10|CJ
1|7|50|173|265|240|2S|N|6|HJ
1|7|192|251|221|101|3D|W|10|H9
1|7|185|145|105|91|3D|W|9|S4
1|7|278|274|180|218|1N|S|7|C9
1|7|49|293|267|257|2N|W|6|CJ
1|7|292|147|29|153|1N|W|7|S4
1|7|228|70|290|209|2D|E|9|C7
1|7|14|87|88|81|2S|N|8|HJ
1|7|270|72|76|85|3H|W|8|CJ
1|8|134|12|27|106|1N|S|6|H5
1|8|50|173|265|240|2N|S|5|DT
1|8|192|251|221|101|1N|S|7|HJ
1|8|185|145|105|91|1N|S|6|ST
1|8|278|274|180|218|2H|W|8|DJ
1|8|49|293|267|257|2H|W|8|S4
1|8|292|147|29|153|3D|W|8|S4
1|8|228|70|290|209|3D|W|9|S8
1|8|14|87|88|81|3D|W|9|C7
1|8|270|72|76|85|2H|W|7|C9
1|9|134|12|27|106|4C|E|10|H3
1|9|50|173|265|240|3N|E|7|H3
1|9|192|251|221|101|3H|N|8|DQ
1|9|185|145|105|91|3H|N|7|SJ
1|9|278|274|180|218|3H|N|7|SJ
1|9|49|293|267|257|3H|N|7|DQ
1|9|292|147|29|153|4C|E|10|H3
1|9|228|70|290|209|3S|S|7|H8
1|9|14|87|88|81|5C|E|10|H6
1|9|270|72|76|85|5C|E|10|H9
2|1|251|134|185|27|2S|S|7|CT
2|1|173|130|240|101|3DX|N|7|S2
2|1|78|215|211|97|2N|E|8|S4
2|1|192|274|221|218|3C|E|10|D6
2|1|228|100|290|231|2S|N|6|S5
2|1|278|147|180|153|3H|W|8|SJ
2|1|203|70|80|209|2S|S|7|H3
2|1|158|87|107|81|3H|W|8|SJ
2|1|12|72|106|85|3H|W|8|SJ
2|1|14|50|88|265|3C|E|10|D4
2|10|251|134|185|27|5D|E|10|HK
2|10|173|130|240|101|5D|E|11|HK
2|10|78|215|211|97|2H|S|8|C5
2|10|192|274|221|218|3N|W|9|HT
2|10|228|100|290|231|4HX|S|7|C5
2|10|278|147|180|153|3HX|S|8|C5
2|10|203|70|80|209|6D|E|10|HK
2|10|158|87|107|81|5D|E|10|HK
2|10|12|72|106|85|4D|W|9|HT
2|10|14|50|88|265|5D|E|9|HK
2|11|251|134|185|27|4H|E|10|S4
2|11|173|130|240|101|4H|E|8|CA
2|11|78|215|211|97|4H|E|10|D8
2|11|192|274|221|218|2H|E|11|S2
2|11|228|100|290|231|4H|E|10|D9
2|11|278|147|180|153|4H|E|9|CA
2|11|203|70|80|209|4H|E|10|S2
2|11|158|87|107|81|4H|E|9|D8
2|11|12|72|106|85|4H|E|10|D4
2|11|14|50|88|265|4H|W|9|S3
2|12|251|134|185|27|3H|N|7|DT
2|12|173|130|240|101|P||0
2|12|78|215|211|97|3D|E|7|HA
2|12|192|274|221|218|3N|S|7|C7
2|12|228|100|290|231|P||0
2|12|278|147|180|153|5CXX|W|9|HQ
2|12|203|70|80|209|3H|N|8|D6
2|12|158|87|107|81|2S|W|5|HQ
2|12|12|72|106|85|3H|N|9|H4
2|12|14|50|88|265|3H|N|6|D6
2|13|251|134|185|27|2N|N|7|SJ
2|13|173|130|240|101|2N|N|8|SJ
2|13|78|215|211|97|3N|N|7|SJ
2|13|192|274|221|218|2N|N|8|SJ
2|13|228|100|290|231|4S|N|8|S3
2|13|278|147|180|153|3CX|N|7|SJ
2|13|203|70|80|209|2N|N|7|SJ
2|13|158|87|107|81|2S|N|9|SJ
2|13|12|72|106|85|2N|N|8|SJ
2|13|14|50|88|265|2C|N|8|SJ
2|14|251|134|185|27|3N|S|8|C3
2|14|173|130|240|101|3N|N|9|D7
2|14|78|215|211|97|3N|N|9|H6
2|14|192|274|221|218|3N|S|9|C3
2|14|228|100|290|231|3N|S|9|SJ
2|14|278|147|180|153|3C|S|8|C2
2|14|203|70|80|209|3N|S|11|C6
2|14|158|87|107|81|2N|S|10|H9
2|14|12|72|106|85|3N|S|11|H3
2|14|14|50|88|265|3N|S|9|C2
2|15|251|134|185|27|3S|W|6|HQ
2|15|173|130|240|101|4H|S|10|S3
2|15|78|215|211|97|4H|S|10|C4
2|15|192|274|221|218|2S|W|7|SA
2|15|228|100|290|231|4SX|W|7|HQ
2|15|278|147|180|153|4SX|W|8|HQ
2|15|203|70|80|209|4H|S|9|S3
2|15|158|87|107|81|3H|N|10|S4
2|15|12|72|106|85|4H|S|10|S4
2|15|14|50|88|265|4H|S|10|S3
2|16|251|134|185|27|4S|E|10|H4
2|16|173|130|240|101|4S|E|10|HT
2|16|78|215|211|97|2S|E|9|H4
2|16|192|274|221|218|4S|W|10|HK
2|16|228|100|290|231|4H|S|8|DK
2|16|278|147|180|153|4S|W|10|HK
2|16|203|70|80|209|4S|E|10|HT
2|16|158|87|107|81|4S|E|10|HT
2|16|12|72|106|85|3H|S|9|DK
2|16|14|50|88|265|4S|E|10|H4
2|17|185|134|105|27|3H|W|9|CA
2|17|173|130|240|101|2N|E|7|S5
2|17|49|215|267|97|3H|E|8|S5
2|17|145|274|91|218|3H|E|9|S5
2|17|228|100|290|231|1N|N|5|H5
2|17|293|147|257|153|1N|W|7|S3
2|17|203|70|80|209|2S|N|7|DA
2|17|292|270|29|76|3H|E|8|S5
2|17|12|72|106|85|3H|W|9|H5
2|17|14|50|88|265|1N|W|7|S3
2|18|185|134|105|27|5C|W|10|H7
2|18|173|130|240|101|5C|W|11|SA
2|18|49|215|267|97|3N|E|7|S4
2|18|145|274|91|218|5C|W|10|SA
2|18|228|100|290|231|5C|W|11|SA
2|18|293|147|257|153|5C|W|11|SA
2|18|203|70|80|209|5CX|W|10|SA
2|18|292|270|29|76|4H|E|8|S3
2|18|12|72|106|85|5D|W|10|SA
2|18|14|50|88|265|4SX|N|9|C2
2|19|185|134|105|27|2H|N|8|CJ
2|19|173|130|240|101|1N|S|5|D4
2|19|49|215|267|97|1N|S|6|D4
2|19|145|274|91|218|1N|S|5|D3
2|19|228|100|290|231|1N|S|6|D5
2|19|293|147|257|153|2H|N|6|CJ
2|19|203|70|80|209|2S|W|6|H3
2|19|292|270|29|76|1N|S|6|D4
2|19|12|72|106|85|3C|E|9|HA
2|19|14|50|88|265|1N|S|5|D3
2|2|251|134|185|27|5S|S|9|DQ
2|2|173|130|240|101|3S|S|9|HA
2|2|78|215|211|97|4S|S|9|DQ
2|2|192|274|221|218|4SX|S|9|DQ
2|2|228|100|290|231|5H|N|9|C6
2|2|278|147|180|153|5CX|W|11|C5
2|2|203|70|80|209|4D|W|11|SA
2|2|158|87|107|81|5C|W|11|SA
2|2|12|72|106|85|5DX|W|13|HK
2|2|14|50|88|265|5CX|W|10|SA
2|20|185|134|105|27|1S|W|9|C5
2|20|173|130|240|101|3N|E|8|H6
2|20|49|215|267|97|2S|W|8|S5
2|20|145|274|91|218|3N|E|9|H8
2|20|228|100|290|231|3N|E|9|H6
2|20|293|147|257|153|3N|W|8|S9
2|20|203|70|80|209|3N|W|8|D5
2|20|292|270|29|76|3N|E|8|H8
2|20|12|72|106|85|3N|E|9|C3
2|20|14|50|88|265|4S|W|8|S9
2|21|185|134|105|27|3N|W|9|SJ
2|21|173|130|240|101|4H|W|9|DQ
2|21|49|215|267|97|4H|E|9|C3
2|21|145|274|91|218|4H|E|10|C3
2|21|228|100|290|231|3N|W|8|C7
2|21|293|147|257|153|3N|W|9|SJ
2|21|203|70|80|209|2S|S|6|CK
2|21|292|270|29|76|3N|W|7|C2
2|21|12|72|106|85|3N|W|9|ST
2|21|14|50|88|265|3D|E|9|H3
2|22|185|134|105|27|4S|W|11|CJ
2|22|173|130|240|101|6D|E|12|D4
2|22|49|215|267|97|3N|W|10|CJ
2|22|145|274|91|218|3N|E|12|H8
2|22|228|100|290|231|3N|W|10|ST
2|22|293|147|257|153|3N|E|12|D3
2|22|203|70|80|209|6D|E|12|D6
2|22|292|270|29|76|3N|E|11|H8
2|22|12|72|106|85|3N|W|9|H3
2|22|14|50|88|265|3N|E|10|C6
2|23|185|134|105|27|3H|W|9|D6
2|23|173|130|240|101|3H|W|8|D6
2|23|49|215|267|97|4H|W|8|SJ
2|23|145|274|91|218|4H|W|8|SJ
2|23|228|100|290|231|2H|E|9|C6
2|23|293|147|257|153|1N|S|8|H5
2|23|203|70|80|209|3H|W|8|D4
2|23|292|270|29|76|3H|W|8|SJ
2|23|12|72|106|85|3C|S|9|HJ
2|23|14|50|88|265|3C|S|9|HJ
2|24|185|134|105|27|3N|W|9|C2
2|24|173|130|240|101|4H|W|9|H9
2|24|49|215|267|97|3H|W|9|C7
2|24|145|274|91|218|4H|W|9|C7
2|24|228|100|290|231|4H|W|9|S6
2|24|293|147|257|153|4H|W|9|S4
2|24|203|70|80|209|3H|W|9|S5
2|24|292|270|29|76|4H|W|9|C7
2|24|12|72|106|85|4H|W|9|C7
2|24|14|50|88|265|3H|W|9|C2
2|25|185|134|105|27|4H|W|12|CT
2|25|173|130|240|101|4H|W|12|CT
2|25|49|215|267|97|4H|W|12|C9
2|25|145|274|91|218|3N|W|12|HT
2|25|228|100|290|231|4H|W|12|HT
2|25|293|147|257|153|4H|W|12|D4
2|25|203|70|80|209|4H|W|12|D4
2|25|292|270|29|76|4H|W|12|CT
2|25|12|72|106|85|4H|W|13|CT
2|25|14|50|88|265|4H|W|12|CT
2|26|185|134|105|27|3S|E|10|CA
2|26|173|130|240|101|2H|W|10|C2
2|26|49|215|267|97|3H|W|10|C2
2|26|145|274|91|218|1N|S|4|H3
2|26|228|100|290|231|2S|E|8|CA
2|26|293|147|257|153|3N|E|10|S2
2|26|203|70|80|209|3N|S|4|S6
2|26|292|270|29|76|3C|E|7|ST
2|26|12|72|106|85|2H|E|10|ST
2|26|14|50|88|265|1N|S|3|H3
2|27|185|134|105|27|4H|N|8|CK
2|27|173|130|240|101|4H|N|9|CK
2|27|49|215|267|97|3H|N|9|D2
2|27|145|274|91|218|3H|N|9|CK
2|27|228|100|290|231|3DX|W|8|HA
2|27|293|147|257|153|5DX|E|8|H6
2|27|203|70|80|209|4H|N|9|CK
2|27|292|270|29|76|4H|N|9|CA
2|27|12|72|106|85|4H|N|9|CK
2|27|14|50|88|265|4S|S|8|DA
2|28|185|134|105|27|2CX|S|7|D9
2|28|173|130|240|101|2H|W|6|C5
2|28|49|215|267|97|3N|W|5|C5
2|28|145|274|91|218|2S|E|7|CQ
2|28|228|100|290|231|2S|E|6|CQ
2|28|293|147|257|153|3S|E|9|CQ
2|28|203|70|80|209|2CX|S|6|SQ
2|28|292|270|29|76|2N|E|5|CQ
2|28|12|72|106|85|2N|W|7|C5
2|28|14|50|88|265|2CX|S|9|SQ
2|29|185|134|105|27|7NX|N|13|S9
2|29|173|130|240|101|6D|N|11|H4
2|29|49|215|267|97|6C|N|12|H5
2|29|145|274|91|218|6D|S|11|HA
2|29|228|100|290|231|6D|N|12|S9
2|29|293|147|257|153|3N|N|12|H7
2|29|203|70|80|209|5D|N|11|H5
2|29|292|270|29|76|4S|S|12|HA
2|29|12|72|106|85|6C|N|12|C3
2|29|14|50|88|265|4S|S|12|HA
2|3|251|134|185|27|3N|N|11|S2
2|3|173|130|240|101|3N|S|11|C3
2|3|78|215|211|97|3N|S|9|C3
2|3|192|274|221|218|3N|N|11|S5
2|3|228|100|290|231|4H|S|10|S6
2|3|278|147|180|153|5D|S|11|C3
2|3|203|70|80|209|3N|N|10|C4
2|3|158|87|107|81|5D|N|11|DT
2|3|12|72|106|85|3N|N|10|C4
2|3|14|50|88|265|3N|N|12|C5
2|30|185|134|105|27|3H|S|10|H7
2|30|173|130|240|101|3H|S|11|SQ
2|30|49|215|267|97|3H|S|10|SQ
2|30|145|274|91|218|2S|E|6|HJ
2|30|228|100|290|231|3H|S|11|SQ
2|30|293|147|257|153|4HX|S|9|DA
2|30|203|70|80|209|3HX|S|10|C4
2|30|292|270|29|76|2S|E|5|HJ
2|30|12|72|106|85|4H|S|10|S7
2|30|14|50|88|265|3H|S|10|SQ
2|31|185|134|105|27|3N|E|9|SQ
2|31|173|130|240|101|3N|E|9|SQ
2|31|49|215|267|97|3N|E|9|SQ
2|31|145|274|91|218|3N|E|9|SQ
2|31|228|100|290|231|3N|E|9|SQ
2|31|293|147|257|153|1N|E|9|S3
2|31|203|70|80|209|1N|W|10|H2
2|31|292|270|29|76|3N|E|9|SQ
2|31|12|72|106|85|3N|W|9|H2
2|31|14|50|88|265|3N|E|9|SQ
2|32|185|134|105|27|3N|W|9|ST
2|32|173|130|240|101|3N|W|8|ST
2|32|49|215|267|97|3N|W|9|C8
2|32|145|274|91|218|1N|E|8|S5
2|32|228|100|290|231|1N|W|9|CA
2|32|293|147|257|153|3N|E|8|HJ
2|32|203|70|80|209|3N|W|9|C7
2|32|292|270|29|76|1N|E|8|HJ
2|32|12|72|106|85|2H|W|10|CA
2|32|14|50|88|265|3N|E|8|S2
2|4|251|134|185|27|3N|W|11|C6
2|4|173|130|240|101|3N|W|11|S8
2|4|78|215|211|97|3N|W|11|C7
2|4|192|274|221|218|3N|W|11|DJ
2|4|228|100|290|231|3N|W|11|H2
2|4|278|147|180|153|3N|E|12|SQ
2|4|203|70|80|209|3N|W|11|H4
2|4|158|87|107|81|3N|W|10|S2
2|4|12|72|106|85|3N|W|10|H4
2|4|14|50|88|265|3N|W|11|S8
2|5|251|134|185|27|P||0
2|5|173|130|240|101|3S|S|8|CT
2|5|78|215|211|97|2S|S|7|S9
2|5|192|274|221|218|2S|S|9|C3
2|5|228|100|290|231|3S|S|9|S5
2|5|278|147|180|153|P||0
2|5|203|70|80|209|2S|S|9|C3
2|5|158|87|107|81|3C|W|8|S6
2|5|12|72|106|85|1N|E|5|S4
2|5|14|50|88|265|P||0
2|6|251|134|185|27|5DX|N|10|HA
2|6|173|130|240|101|4HX|E|8|DA
2|6|78|215|211|97|4DX|S|10|D7
2|6|192|274|221|218|3H|E|8|DA
2|6|228|100|290|231|3H|E|8|DA
2|6|278|147|180|153|4DX|S|10|SK
2|6|203|70|80|209|5DX|S|8|D7
2|6|158|87|107|81|3H|E|8|DA
2|6|12|72|106|85|4H|E|8|DA
2|6|14|50|88|265|4D|S|9|C2
2|7|251|134|185|27|4S|W|10|CK
2|7|173|130|240|101|3S|E|10|S2
2|7|78|215|211|97|3S|W|10|CK
2|7|192|274|221|218|4S|W|10|S2
2|7|228|100|290|231|2S|W|11|CQ
2|7|278|147|180|153|2H|S|11|DK
2|7|203|70|80|209|3S|W|10|S2
2|7|158|87|107|81|3S|W|10|CK
2|7|12|72|106|85|4S|W|9|DA
2|7|14|50|88|265|4S|W|10|CK
2|8|251|134|185|27|2N|N|10|S3
2|8|173|130|240|101|3N|N|10|S3
2|8|78|215|211|97|3N|N|10|H5
2|8|192|274|221|218|3N|S|11|H8
2|8|228|100|290|231|3N|N|9|C6
2|8|278|147|180|153|1NX|W|3|D4
2|8|203|70|80|209|2H|E|6|S7
2|8|158|87|107|81|1N|W|4|D4
2|8|12|72|106|85|3N|N|10|S3
2|8|14|50|88|265|1N|W|4|D4
2|9|251|134|185|27|3S|E|8|D3
2|9|173|130|240|101|3N|N|7|S8
2|9|78|215|211|97|4H|N|10|D5
2|9|192|274|221|218|4H|N|9|D2
2|9|228|100|290|231|3N|N|7|S7
2|9|278|147|180|153|4H|S|10|D5
2|9|203|70|80|209|4H|N|9|C7
2|9|158|87|107|81|4H|S|10|C6
2|9|12|72|106|85|2N|N|7|D5
2|9|14|50|88|265|4H|N|9|D2
3|1|134|274|27|218|2N|N|7|HK
3|1|78|173|211|240|3C|N|9|HK
3|1|145|147|91|153|2N|S|10|DQ
3|1|228|215|290|97|3N|S|8|H2
3|1|278|270|180|76|3H|W|8|CK
3|1|87|293|81|257|3N|S|7|H3
3|1|158|72|107|85|3H|E|8|S5
3|1|14|292|88|29|4D|N|11|D2
3|1|130|12|101|106|4D|S|11|H4
3|1|50|251|265|105|1N|S|7|S2
3|10|134|274|27|218|1N|E|3|H4
3|10|78|173|211|240|2N|E|7|S2
3|10|145|147|91|153|3N|E|7|H2
3|10|228|215|290|97|1N|W|7|ST
3|10|278|270|180|76|1N|E|8|H4
3|10|87|293|81|257|2N|W|8|S4
3|10|158|72|107|85|1N|W|6|ST
3|10|14|292|88|29|1N|W|7|ST
3|10|130|12|101|106|1N|W|7|ST
3|10|50|251|265|105|2H|N|5|C9
3|11|134|274|27|218|1NX|S|6|SQ
3|11|78|173|211|240|1N|N|5|D2
3|11|145|147|91|153|1N|N|6|D6
3|11|228|215|290|97|1N|N|7|D5
3|11|278|270|180|76|1N|N|7|CK
3|11|87|293|81|257|1N|S|5|SQ
3|11|158|72|107|85|3C|W|7|CJ
3|11|14|292|88|29|1N|N|6|D2
3|11|130|12|101|106|1N|S|6|SQ
3|11|50|251|265|105|1N|N|6|CK
3|12|134|274|27|218|4D|W|6|SJ
3|12|78|173|211|240|2S|S|8|HA
3|12|145|147|91|153|2S|S|9|D5
3|12|228|215|290|97|3S|N|9|D6
3|12|278|270|180|76|2D|W|9|SJ
3|12|87|293|81|257|2S|N|8|H9
3|12|158|72|107|85|3D|E|7|H6
3|12|14|292|88|29|2S|N|9|D2
3|12|130|12|101|106|2S|S|9|DQ
3|12|50|251|265|105|3D|W|8|SJ
3|13|134|274|27|218|4H|S|9|H2
3|13|78|173|211|240|4H|N|9|SK
3|13|145|147|91|153|3H|S|9|S6
3|13|228|215|290|97|2H|S|9|S5
3|13|278|270|180|76|2S|W|9|D5
3|13|87|293|81|257|3H|S|9|S4
3|13|158|72|107|85|2H|N|10|CJ
3|13|14|292|88|29|3H|S|9|H9
3|13|130|12|101|106|4H|S|7|SQ
3|13|50|251|265|105|4S|W|9|D3
3|14|134|274|27|218|5H|E|11|CA
3|14|78|173|211|240|5S|W|12|CK
3|14|145|147|91|153|4H|W|12|SJ
3|14|228|215|290|97|5CX|S|8|SA
3|14|278|270|180|76|4H|E|11|CA
3|14|87|293|81|257|4S|W|11|DA
3|14|158|72|107|85|4H|E|12|SJ
3|14|14|292|88|29|4H|E|11|CA
3|14|130|12|101|106|5SX|E|12|H9
3|14|50|251|265|105|4H|E|11|D2
3|15|134|274|27|218|4H|E|12|SK
3|15|78|173|211|240|5H|E|12|SK
3|15|145|147|91|153|4H|E|12|SK
3|15|228|215|290|97|6C|W|12|SA
3|15|278|270|180|76|4H|E|12|SK
3|15|87|293|81|257|5H|E|12|SK
3|15|158|72|107|85|6C|W|11|SA
3|15|14|292|88|29|4SX|S|7|DK
3|15|130|12|101|106|4H|E|12|SK
3|15|50|251|265|105|4H|E|13|SK
3|16|134|274|27|218|2SX|W|8|H8
3|16|78|173|211|240|3H|S|7|SK
3|16|145|147|91|153|3D|E|8|HA
3|16|228|215|290|97|3H|S|8|SA
3|16|278|270|180|76|2S|W|8|C6
3|16|87|293|81|257|3N|N|8|S4
3|16|158|72|107|85|3H|S|8|SK
3|16|14|292|88|29|2S|W|8|DK
3|16|130|12|101|106|3H|S|6|SK
3|16|50|251|265|105|2H|S|7|SA
3|17|134|78|27|211|4S|N|11|H6
3|17|49|173|267|240|4S|N|9|D5
3|17|192|147|221|153|5DX|W|9|SK
3|17|228|215|290|97|4S|N|10|D9
3|17|278|87|180|81|4S|N|10|S8
3|17|203|100|80|231|4S|N|9|H5
3|17|158|72|107|85|4S|N|9|H6
3|17|14|70|88|209|5S|N|10|D5
3|17|130|12|185|106|4S|N|10|D5
3|17|50|251|265|105|4S|N|9|D6
3|18|134|78|27|211|5D|W|12|H3
3|18|49|173|267|240|6C|E|12|HK
3|18|192|147|221|153|6C|E|12|HK
3|18|228|215|290|97|6D|E|12|HT
3|18|278|87|180|81|5D|W|12|HA
3|18|203|100|80|231|5C|E|12|HK
3|18|158|72|107|85|6D|W|12|H3
3|18|14|70|88|209|6D|W|11|H7
3|18|130|12|185|106|6C|E|12|HK
3|18|50|251|265|105|3C|E|11|HK
3|19|134|78|27|211|4H|N|9|CQ
3|19|49|173|267|240|4H|S|9|S3
3|19|192|147|221|153|4H|S|9|CK
3|19|228|215|290|97|4H|S|9|CK
3|19|278|87|180|81|4H|S|9|S6
3|19|203|100|80|231|4H|N|9|CQ
3|19|158|72|107|85|4H|S|9|CK
3|19|14|70|88|209|4H|S|9|S3
3|19|130|12|185|106|4H|N|9|CQ
3|19|50|251|265|105|4H|S|9|S3
3|2|134|274|27|218|6N|W|12|SK
3|2|78|173|211|240|3N|W|11|SK
3|2|145|147|91|153|6N|W|12|HT
3|2|228|215|290|97|6N|E|11|C2
3|2|278|270|180|76|6N|W|11|SK
3|2|87|293|81|257|3N|W|11|SK
3|2|158|72|107|85|6N|W|13|SK
3|2|14|292|88|29|3N|W|12|S4
3|2|130|12|101|106|3N|W|12|S4
3|2|50|251|265|105|3N|W|13|S7
3|20|134|78|27|211|4H|S|11|DT
3|20|49|173|267|240|5H|N|10|SK
3|20|192|147|221|153|4H|N|10|SK
3|20|228|215|290|97|4H|N|11|DQ
3|20|278|87|180|81|4H|N|10|SK
3|20|203|100|80|231|4H|N|11|DQ
3|20|158|72|107|85|4H|S|10|SA
3|20|14|70|88|209|4H|N|10|SK
3|20|130|12|185|106|4H|S|11|C2
3|20|50|251|265|105|4H|S|11|D7
3|21|134|78|27|211|3NX|W|8|D5
3|21|49|173|267|240|3NX|W|7|D5
3|21|192|147|221|153|4S|W|8|DA
3|21|228|215|290|97|3N|W|7|D7
3|21|278|87|180|81|2C|E|9|D6
3|21|203|100|80|231|3S|W|8|HK
3|21|158|72|107|85|2S|W|8|DA
3|21|14|70|88|209|3N|E|9|D6
3|21|130|12|185|106|3N|W|8|D7
3|21|50|251|265|105|3D|S|8|S6
3|22|134|78|27|211|3N|S|10|S3
3|22|49|173|267|240|3N|S|11|C7
3|22|192|147|221|153|3N|S|11|S3
3|22|228|215|290|97|3N|S|11|S6
3|22|278|87|180|81|3N|S|10|S2
3|22|203|100|80|231|3N|S|10|S2
3|22|158|72|107|85|3N|S|11|H8
3|22|14|70|88|209|3N|S|12|C5
3|22|130|12|185|106|3N|S|9|C5
3|22|50|251|265|105|3N|S|10|S2
3|23|134|78|27|211|3C|W|11|C9
3|23|49|173|267|240|3D|N|8|D4
3|23|192|147|221|153|3DX|N|8|D4
3|23|228|215|290|97|5DX|S|8|CK
3|23|278|87|180|81|2C|W|12|C9
3|23|203|100|80|231|5C|W|10|DQ
3|23|158|72|107|85|3H|W|8|C9
3|23|14|70|88|209|3D|N|9|H9
3|23|130|12|185|106|3DX|S|9|D2
3|23|50|251|265|105|2S|E|6|CJ
3|24|134|78|27|211|3N|N|9|H4
3|24|49|173|267|240|3N|S|9|H5
3|24|192|147|221|153|3N|S|9|H5
3|24|228|215|290|97|3N|S|8|H6
3|24|278|87|180|81|3N|S|9|H5
3|24|203|100|80|231|2D|S|10|H8
3|24|158|72|107|85|3N|S|9|H5
3|24|14|70|88|209|3N|S|9|H5
3|24|130|12|185|106|3N|N|9|C2
3|24|50|251|265|105|3N|S|8|H5
3|25|134|78|27|211|6D|S|10|H3
3|25|49|173|267|240|6S|N|11|S4
3|25|192|147|221|153|6D|S|10|SA
3|25|228|215|290|97|6H|N|9|C5
3|25|278|87|180|81|6D|S|10|H5
3|25|203|100|80|231|4S|N|11|C2
3|25|158|72|107|85|5D|S|11|C7
3|25|14|70|88|209|6D|S|11|C4
3|25|130|12|185|106|6S|N|11|C3
3|25|50|251|265|105|4N|S|12|CT
3|26|134|78|27|211|2H|W|7|D5
3|26|49|173|267|240|2H|E|6|DQ
3|26|192|147|221|153|2H|W|8|HJ
3|26|228|215|290|97|2H|E|6|H5
3|26|278|87|180|81|2H|E|7|C4
3|26|203|100|80|231|2C|S|9|HK
3|26|158|72|107|85|1N|S|6|HQ
3|26|14|70|88|209|2S|E|9|C4
3|26|130|12|185|106|3C|S|7|HK
3|26|50|251|265|105|2H|E|7|C7
3|27|134|78|27|211|4S|S|9|DA
3|27|49|173|267|240|2S|S|9|DA
3|27|192|147|221|153|4S|S|9|DK
3|27|228|215|290|97|3S|S|9|DA
3|27|278|87|180|81|3S|S|9|DA
3|27|203|100|80|231|3S|S|9|DK
3|27|158|72|107|85|3S|S|9|DK
3|27|14|70|88|209|4S|S|9|DK
3|27|130|12|185|106|4S|S|8|DK
3|27|50|251|265|105|4S|S|9|DA
3|28|134|78|27|211|3N|W|6|CJ
3|28|49|173|267|240|2S|E|7|HT
3|28|192|147|221|153|3S|E|4|DK
3|28|228|215|290|97|2H|N|8|SA
3|28|278|87|180|81|2S|N|8|SA
3|28|203|100|80|231|2H|S|9|D5
3|28|158|72|107|85|3D|W|5|H3
3|28|14|70|88|209|2H|S|8|S7
3|28|130|12|185|106|3H|S|9|D5
3|28|50|251|265|105|2H|N|8|SA
3|29|134|78|27|211|2S|S|6|D8
3|29|49|173|267|240|1N|E|10|S2
3|29|192|147|221|153|4H|W|10|H7
3|29|228|215|290|97|4H|E|10|SJ
3|29|278|87|180|81|2S|S|6|H6
3|29|203|100|80|231|2H|W|9|H2
3|29|158|72|107|85|4H|E|9|SJ
3|29|14|70|88|209|2H|W|9|C8
3|29|130|12|185|106|4H|E|10|SJ
3|29|50|251|265|105|P||0
3|3|134|274|27|218|4H|N|11|SK
3|3|78|173|211|240|5H|N|10|SK
3|3|145|147|91|153|4HX|N|12|SK
3|3|228|215|290|97|4H|N|12|SA
3|3|278|270|180|76|4N|N|7|SA
3|3|87|293|81|257|4H|N|11|SA
3|3|158|72|107|85|4H|N|10|SA
3|3|14|292|88|29|5H|N|10|C3
3|3|130|12|101|106|4H|N|11|SA
3|3|50|251|265|105|4H|S|11|CA
3|30|134|78|27|211|4HX|N|10|CK
3|30|49|173|267|240|5S|E|11|DJ
3|30|192|147|221|153|5D|W|12|HA
3|30|228|215|290|97|4S|E|12|H6
3|30|278|87|180|81|4S|E|11|DJ
3|30|203|100|80|231|4S|E|12|H5
3|30|158|72|107|85|4S|E|11|DJ
3|30|14|70|88|209|6D|W|12|HA
3|30|130|12|185|106|6C|E|6|DJ
3|30|50|251|265|105|5S|W|12|HA
3|31|134|78|27|211|3N|S|9|D6
3|31|49|173|267|240|4S|S|11|DA
3|31|192|147|221|153|4S|N|10|CK
3|31|228|215|290|97|4S|S|11|DA
3|31|278|87|180|81|5S|N|10|CK
3|31|203|100|80|231|3N|S|9|S6
3|31|158|72|107|85|4S|N|10|CK
3|31|14|70|88|209|3S|N|10|CA
3|31|130|12|185|106|4S|N|10|CA
3|31|50|251|265|105|4S|N|10|CA
3|32|134|78|27|211|5S|N|11|C5
3|32|49|173|267|240|5S|N|12|ST
3|32|192|147|221|153|6S|N|12|ST
3|32|228|215|290|97|4S|N|12|ST
3|32|278|87|180|81|4S|N|11|ST
3|32|203|100|80|231|5S|N|13|ST
3|32|158|72|107|85|4S|N|12|H3
3|32|14|70|88|209|6S|N|12|DA
3|32|130|12|185|106|4S|N|12|ST
3|32|50|251|265|105|4S|S|12|H5
3|4|134|274|27|218|3N|N|12|S6
3|4|78|173|211|240|6D|N|10|HQ
3|4|145|147|91|153|3N|N|12|HQ
3|4|228|215|290|97|3N|N|12|DT
3|4|278|270|180|76|3N|N|12|S7
3|4|87|293|81|257|3N|N|10|HQ
3|4|158|72|107|85|3N|N|10|HQ
3|4|14|292|88|29|3N|N|12|S6
3|4|130|12|101|106|3N|N|10|HQ
3|4|50|251|265|105|3N|N|12|S8
3|5|134|274|27|218|3N|N|10|ST
3|5|78|173|211|240|4S|N|10|DJ
3|5|145|147|91|153|3N|N|10|DJ
3|5|228|215|290|97|3N|N|11|DJ
3|5|278|270|180|76|3N|N|10|D5
3|5|87|293|81|257|3N|N|9|DJ
3|5|158|72|107|85|3N|S|10|S5
3|5|14|292|88|29|3N|N|10|S8
3|5|130|12|101|106|3N|N|9|DJ
3|5|50|251|265|105|3N|N|10|ST
3|6|134|274|27|218|3N|S|8|SQ
3|6|78|173|211|240|3N|S|11|C4
3|6|145|147|91|153|3N|S|10|C4
3|6|228|215|290|97|3N|N|8|S6
3|6|278|270|180|76|3N|S|8|D5
3|6|87|293|81|257|3N|N|9|C7
3|6|158|72|107|85|3N|N|8|S4
3|6|14|292|88|29|3N|S|10|C4
3|6|130|12|101|106|3N|S|8|D5
3|6|50|251|265|105|3N|S|10|C7
3|7|134|274|27|218|5HX|S|9|S3
3|7|78|173|211|240|5S|W|11|HA
3|7|145|147|91|153|5SX|W|11|HA
3|7|228|215|290|97|4S|W|11|HA
3|7|278|270|180|76|4S|E|11|HK
3|7|87|293|81|257|4S|W|10|HA
3|7|158|72|107|85|4S|W|11|HA
3|7|14|292|88|29|4H|S|9|D7
3|7|130|12|101|106|4H|S|8|D7
3|7|50|251|265|105|4H|S|9|S6
3|8|134|274|27|218|1H|E|5|D7
3|8|78|173|211|240|2D|N|7|CK
3|8|145|147|91|153|2S|E|8|HA
3|8|228|215|290|97|1D|N|8|H5
3|8|278|270|180|76|2S|W|10|HK
3|8|87|293|81|257|1D|N|8|D3
3|8|158|72|107|85|2N|W|8|HA
3|8|14|292|88|29|2S|W|9|HA
3|8|130|12|101|106|1N|W|10|D5
3|8|50|251|265|105|2S|W|9|CA
3|9|134|274|27|218|3N|N|11|H8
3|9|78|173|211|240|3N|N|10|D2
3|9|145|147|91|153|3N|N|10|D6
3|9|228|215|290|97|3N|N|11|S6
3|9|278|270|180|76|4N|N|10|D6
3|9|87|293|81|257|3N|N|11|D6
3|9|158|72|107|85|3N|N|12|HQ
3|9|14|292|88|29|3N|N|10|D2
3|9|130|12|101|106|3N|N|11|HQ
3|9|50|251|265|105|3N|N|9|D6
4|1|228|32|290|240|6H|E|10|CA
4|1|134|147|229|153|6H|W|11|D9
4|1|270|145|76|91|6H|W|10|CA
4|1|192|87|221|81|4H|E|11|SA
4|1|14|293|88|257|4SX|N|9|H6
4|1|278|72|180|85|6H|W|10|SQ
4|1|12|70|106|209|4H|E|10|C2
4|1|292|268|29|265|5D|E|10|C2
4|1|185|274|105|218|4H|E|10|C2
4|1|78|251|211|101|5H|W|10|S2
4|10|228|32|290|240|3S|N|9|C8
4|10|134|147|229|153|3S|N|9|C8
4|10|270|145|76|91|3S|S|9|DQ
4|10|192|87|221|81|4S|N|10|C5
4|10|14|293|88|257|3S|N|9|C5
4|10|278|72|180|85|3H|E|9|SJ
4|10|12|70|106|209|2S|N|9|C7
4|10|292|268|29|265|3H|E|9|SJ
4|10|185|274|105|218|3S|N|9|C4
4|10|78|251|211|101|2S|N|9|D5
4|11|228|32|290|240|4S|S|10|DA
4|11|134|147|229|153|4S|S|10|DK
4|11|270|145|76|91|4S|S|10|DA
4|11|192|87|221|81|4S|S|10|DK
4|11|14|293|88|257|4S|S|11|DA
4|11|278|72|180|85|4S|S|10|DK
4|11|12|70|106|209|4S|S|10|DA
4|11|292|268|29|265|4S|S|10|DK
4|11|185|274|105|218|4S|S|10|DA
4|11|78|251|211|101|4S|S|10|DA
4|12|228|32|290|240|4SX|E|8|HT
4|12|134|147|229|153|3H|N|10|SK
4|12|270|145|76|91|4H|N|10|SK
4|12|192|87|221|81|3H|S|9|S5
4|12|14|293|88|257|2S|E|5|HT
4|12|278|72|180|85|5DX|E|9|HT
4|12|12|70|106|209|4S|E|6|HT
4|12|292|268|29|265|4H|S|9|CK
4|12|185|274|105|218|2S|E|8|HT
4|12|78|251|211|101|3N|S|8|C4
4|13|228|32|290|240|4S|S|11|HA
4|13|134|147|229|153|6S|S|11|DA
4|13|270|145|76|91|4S|S|11|HA
4|13|192|87|221|81|4S|S|11|HA
4|13|14|293|88|257|4S|S|12|C8
4|13|278|72|180|85|5S|S|11|DA
4|13|12|70|106|209|4S|S|12|HA
4|13|292|268|29|265|6S|S|11|DA
4|13|185|274|105|218|4S|S|12|HA
4|13|78|251|211|101|6S|S|11|HA
4|14|228|32|290|240|4H|N|10|D5
4|14|134|147|229|153|4H|S|11|D7
4|14|270|145|76|91|4H|N|10|S2
4|14|192|87|221|81|4H|S|10|HQ
4|14|14|293|88|257|4H|S|10|HQ
4|14|278|72|180|85|4H|S|10|S3
4|14|12|70|106|209|4H|N|10|DT
4|14|292|268|29|265|4H|N|10|D3
4|14|185|274|105|218|4H|N|10|DT
4|14|78|251|211|101|4H|N|10|DT
4|15|228|32|290|240|4S|N|10|H4
4|15|134|147|229|153|5HX|W|7|SA
4|15|270|145|76|91|5DX|E|8|SQ
4|15|192|87|221|81|4S|S|10|HK
4|15|14|293|88|257|4S|S|10|HK
4|15|278|72|180|85|5H|W|8|SK
4|15|12|70|106|209|5S|S|10|HK
4|15|292|268|29|265|4S|S|10|HK
4|15|185|274|105|218|5SX|S|10|HK
4|15|78|251|211|101|4S|S|10|HK
4|16|228|32|290|240|4S|E|11|S5
4|16|134|147|229|153|6S|E|11|S5
4|16|270|145|76|91|4S|E|11|CK
4|16|192|87|221|81|4S|E|11|S5
4|16|14|293|88|257|4S|E|10|S5
4|16|278|72|180|85|4S|E|11|CK
4|16|12|70|106|209|6DX|E|9|S5
4|16|292|268|29|265|4S|E|10|S5
4|16|185|274|105|218|3N|E|9|C2
4|16|78|251|211|101|4S|E|11|S5
4|17|228|32|290|240|3H|N|7|C5
4|17|134|147|229|153|3C|W|10|D8
4|17|270|145|76|91|3N|E|8|H7
4|17|215|203|97|80|3N|E|8|H7
4|17|72|293|85|257|3H|N|8|D3
4|17|100|14|231|88|3C|W|9|C7
4|17|94|188|106|197|3H|N|8|C4
4|17|292|50|29|265|3H|N|8|C3
4|17|185|49|105|267|3N|E|9|H9
4|17|78|251|211|101|2H|N|9|D5
4|18|228|32|290|240|3N|E|10|SK
4|18|134|147|229|153|3N|W|10|SK
4|18|270|145|76|91|3N|E|9|SK
4|18|215|203|97|80|2D|W|10|HQ
4|18|72|293|85|257|3N|E|7|SK
4|18|100|14|231|88|3N|E|10|SK
4|18|94|188|106|197|3N|W|10|H4
4|18|292|50|29|265|1N|W|10|H3
4|18|185|49|105|267|1D|N|5|S9
4|18|78|251|211|101|2SX|S|7|DA
4|19|228|32|290|240|2S|W|10|CA
4|19|134|147|229|153|5D|W|12|H5
4|19|270|145|76|91|3HX|N|4|HA
4|19|215|203|97|80|3N|E|9|H7
4|19|72|293|85|257|3HX|N|7|SA
4|19|100|14|231|88|2S|W|11|H5
4|19|94|188|106|197|2S|E|9|H5
4|19|292|50|29|265|4S|W|9|CK
4|19|185|49|105|267|3N|E|8|H5
4|19|78|251|211|101|3D|E|10|C3
4|2|228|32|290|240|2S|W|7|SA
4|2|134|147|229|153|4SX|W|9|H7
4|2|270|145|76|91|3N|N|10|S2
4|2|192|87|221|81|2S|W|7|CA
4|2|14|293|88|257|3S|W|6|CA
4|2|278|72|180|85|4SX|W|8|SA
4|2|12|70|106|209|4H|S|11|SQ
4|2|292|268|29|265|3S|W|8|SA
4|2|185|274|105|218|4S|W|6|SA
4|2|78|251|211|101|4SX|W|7|SA
4|20|228|32|290|240|3N|S|9|H5
4|20|134|147|229|153|3N|S|8|HQ
4|20|270|145|76|91|3N|S|9|HQ
4|20|215|203|97|80|3N|S|8|HQ
4|20|72|293|85|257|3N|S|8|HQ
4|20|100|14|231|88|3N|S|8|HQ
4|20|94|188|106|197|3N|S|9|HQ
4|20|292|50|29|265|3N|N|8|D3
4|20|185|49|105|267|3H|W|6|H3
4|20|78|251|211|101|3N|N|8|D6
4|21|228|32|290|240|4H|W|7|SJ
4|21|134|147|229|153|3H|E|9|SJ
4|21|270|145|76|91|4H|W|8|DT
4|21|215|203|97|80|4H|W|9|SJ
4|21|72|293|85|257|3H|W|9|SJ
4|21|100|14|231|88|3S|S|9|HK
4|21|94|188|106|197|3H|W|9|DT
4|21|292|50|29|265|4H|W|9|DT
4|21|185|49|105|267|4H|W|8|DT
4|21|78|251|211|101|3H|W|8|DT
4|22|228|32|290|240|4H|W|10|H2
4|22|134|147|229|153|3N|W|9|HQ
4|22|270|145|76|91|4H|W|10|H2
4|22|215|203|97|80|4H|W|10|S2
4|22|72|293|85|257|2N|E|8|S8
4|22|100|14|231|88|4H|W|10|H2
4|22|94|188|106|197|4H|W|10|H2
4|22|292|50|29|265|4H|E|10|S5
4|22|185|49|105|267|4H|E|10|S5
4|22|78|251|211|101|4H|W|9|CQ
4|23|228|32|290|240|1N|N|6|H6
4|23|134|147|229|153|2DX|S|9|DK
4|23|270|145|76|91|1N|N|6|HK
4|23|215|203|97|80|3N|E|8|SJ
4|23|72|293|85|257|2S|W|7|D8
4|23|100|14|231|88|4SX|E|8|D7
4|23|94|188|106|197|2N|E|8|D3
4|23|292|50|29|265|1H|E|7|SJ
4|23|185|49|105|267|3S|W|7|D7
4|23|78|251|211|101|1N|N|7|HK
4|24|228|32|290|240|2S|E|7|HT
4|24|134|147|229|153|3C|S|11|SK
4|24|270|145|76|91|5C|N|10|S2
4|24|215|203|97|80|3N|S|9|SK
4|24|72|293|85|257|5C|N|11|S8
4|24|100|14|231|88|3N|N|9|CT
4|24|94|188|106|197|2S|W|6|H8
4|24|292|50|29|265|3C|S|11|S6
4|24|185|49|105|267|3N|S|9|SQ
4|24|78|251|211|101|3N|S|9|SA
4|25|228|32|290|240|3C|S|9|H5
4|25|134|147|229|153|4C|S|10|D5
4|25|270|145|76|91|3C|S|8|H4
4|25|215|203|97|80|3C|S|9|D3
4|25|72|293|85|257|2S|E|7|HK
4|25|100|14|231|88|2N|N|7|D8
4|25|94|188|106|197|3N|N|6|D7
4|25|292|50|29|265|3H|N|7|C9
4|25|185|49|105|267|3D|W|7|HK
4|25|78|251|211|101|3N|N|7|D7
4|26|228|32|290|240|4S|E|10|C7
4|26|134|147|229|153|5D|W|10|HA
4|26|270|145|76|91|4S|E|10|HQ
4|26|215|203|97|80|4S|E|10|HQ
4|26|72|293|85|257|4S|E|10|D9
4|26|100|14|231|88|1N|E|9|H2
4|26|94|188|106|197|3N|E|9|S9
4|26|292|50|29|265|4S|E|10|HQ
4|26|185|49|105|267|4S|E|10|HQ
4|26|78|251|211|101|4S|W|10|HA
4|27|228|32|290|240|3D|E|8|C4
4|27|134|147|229|153|2HX|S|9|SJ
4|27|270|145|76|91|3D|E|6|S2
4|27|215|203|97|80|3D|E|7|C4
4|27|72|293|85|257|2D|E|6|H8
4|27|100|14|231|88|2HX|S|8|D6
4|27|94|188|106|197|2H|S|9|C3
4|27|292|50|29|265|3D|E|6|C8
4|27|185|49|105|267|2D|E|6|H2
4|27|78|251|211|101|3D|E|6|H2
4|28|228|32|290|240|4H|E|10|ST
4|28|134|147|229|153|4S|W|11|S5
4|28|270|145|76|91|4H|E|12|DK
4|28|215|203|97|80|4H|E|12|DK
4|28|72|293|85|257|4H|W|13|DJ
4|28|100|14|231|88|4S|E|12|ST
4|28|94|188|106|197|5H|W|13|DJ
4|28|292|50|29|265|4H|W|12|DJ
4|28|185|49|105|267|4H|W|12|DJ
4|28|78|251|211|101|3H|W|13|DJ
4|29|228|32|290|240|1N|S|8|SQ
4|29|134|147|229|153|5CX|N|9|SJ
4|29|270|145|76|91|3N|N|9|H2
4|29|215|203|97|80|3H|E|9|H7
4|29|72|293|85|257|3C|N|9|SJ
4|29|100|14|231|88|4H|E|10|DA
4|29|94|188|106|197|4C|N|9|SJ
4|29|292|50|29|265|4C|N|9|SJ
4|29|185|49|105|267|2S|W|10|S7
4|29|78|251|211|101|3H|E|9|H7
4|3|228|32|290|240|4S|W|10|D5
4|3|134|147|229|153|4S|W|11|DQ
4|3|270|145|76|91|4S|W|11|C5
4|3|192|87|221|81|4S|W|10|HJ
4|3|14|293|88|257|4S|W|11|DQ
4|3|278|72|180|85|3N|E|10|D6
4|3|12|70|106|209|4S|W|11|DQ
4|3|292|268|29|265|4S|W|11|DQ
4|3|185|274|105|218|5S|W|11|DQ
4|3|78|251|211|101|4S|W|11|DQ
4|30|228|32|290|240|P||0
4|30|134|147|229|153|2DX|E|6|H5
4|30|270|145|76|91|3C|S|10|DJ
4|30|215|203|97|80|2C|N|10|D3
4|30|72|293|85|257|4S|N|8|D2
4|30|100|14|231|88|2C|S|9|C5
4|30|94|188|106|197|1N|S|8|C7
4|30|292|50|29|265|3C|N|10|D3
4|30|185|49|105|267|2S|N|8|H7
4|30|78|251|211|101|5C|S|10|H4
4|31|228|32|290|240|3H|E|9|S6
4|31|134|147|229|153|3H|W|9|D9
4|31|270|145|76|91|3N|S|8|H5
4|31|215|203|97|80|3H|W|10|D6
4|31|72|293|85|257|2S|N|9|HQ
4|31|100|14|231|88|1N|S|6|H6
4|31|94|188|106|197|4HX|W|10|H7
4|31|292|50|29|265|2S|N|7|HQ
4|31|185|49|105|267|4C|S|9|S4
4|31|78|251|211|101|4HX|W|7|SJ
4|32|228|32|290|240|2S|W|9|C5
4|32|134|147|229|153|1N|E|7|H3
4|32|270|145|76|91|1N|S|6|S8
4|32|215|203|97|80|2H|W|7|C8
4|32|72|293|85|257|2H|N|7|C6
4|32|100|14|231|88|2S|W|9|C3
4|32|94|188|106|197|2S|W|8|C3
4|32|292|50|29|265|1H|N|6|DT
4|32|185|49|105|267|1H|N|6|C5
4|32|78|251|211|101|2H|W|7|DA
4|4|228|32|290|240|4H|N|10|D6
4|4|134|147|229|153|4H|N|10|D7
4|4|270|145|76|91|3N|N|9|C5
4|4|192|87|221|81|4H|N|9|H3
4|4|14|293|88|257|3N|S|9|H9
4|4|278|72|180|85|3N|S|9|H7
4|4|12|70|106|209|4H|N|10|DT
4|4|292|268|29|265|3N|S|9|S4
4|4|185|274|105|218|3N|S|10|C5
4|4|78|251|211|101|3N|S|9|C7
4|5|228|32|290|240|4S|E|11|H3
4|5|134|147|229|153|4S|W|12|C9
4|5|270|145|76|91|4S|W|11|C2
4|5|192|87|221|81|4S|E|11|H2
4|5|14|293|88|257|4S|W|11|C9
4|5|278|72|180|85|4S|E|11|H3
4|5|12|70|106|209|4S|E|12|C3
4|5|292|268|29|265|4S|E|12|H3
4|5|185|274|105|218|4S|W|12|HA
4|5|78|251|211|101|4S|W|11|HA
4|6|228|32|290|240|3H|S|9|D5
4|6|134|147|229|153|4H|N|10|D3
4|6|270|145|76|91|2H|N|10|D3
4|6|192|87|221|81|1S|S|9|D2
4|6|14|293|88|257|1S|S|11|HQ
4|6|278|72|180|85|4H|N|9|D6
4|6|12|70|106|209|2N|N|9|HT
4|6|292|268|29|265|1S|S|9|HQ
4|6|185|274|105|218|1S|N|8|C5
4|6|78|251|211|101|1N|W|3|H2
4|7|228|32|290|240|5C|E|10|DT
4|7|134|147|229|153|4S|W|8|H8
4|7|270|145|76|91|3S|W|9|DA
4|7|192|87|221|81|3N|W|7|C4
4|7|14|293|88|257|3N|E|4|D4
4|7|278|72|180|85|4S|W|10|DA
4|7|12|70|106|209|4S|W|9|DA
4|7|292|268|29|265|5C|E|10|D3
4|7|185|274|105|218|4S|W|7|H7
4|7|78|251|211|101|5C|E|11|D9
4|8|228|32|290|240|3N|N|8|CK
4|8|134|147|229|153|3N|N|8|CK
4|8|270|145|76|91|3N|N|8|CA
4|8|192|87|221|81|3N|N|8|CA
4|8|14|293|88|257|3N|N|8|CA
4|8|278|72|180|85|3N|N|8|CK
4|8|12|70|106|209|3N|N|8|CQ
4|8|292|268|29|265|3N|N|8|CK
4|8|185|274|105|218|3N|N|8|CA
4|8|78|251|211|101|3N|N|8|CA
4|9|228|32|290|240|2S|N|7|S5
4|9|134|147|229|153|2S|N|8|S3
4|9|270|145|76|91|1S|S|8|H5
4|9|192|87|221|81|2S|N|10|S8
4|9|14|293|88|257|2S|S|9|CT
4|9|278|72|180|85|2N|N|8|D5
4|9|12|70|106|209|2S|S|9|CT
4|9|292|268|29|265|1N|N|10|D3
4|9|185|274|105|218|3N|N|9|D5
4|9|78|251|211|101|3N|N|8|D7
5|1|134|87|229|81|4C|S|10|ST
5|1|270|32|76|240|3N|N|11|H4
5|1|192|72|221|85|3N|S|8|S7
5|1|14|215|88|97|3N|S|11|ST
5|1|278|70|180|209|5C|S|10|S4
5|1|188|100|197|231|4C|S|10|S4
5|1|228|251|290|101|5C|S|10|S2
5|1|185|147|105|153|4C|S|11|HT
5|1|49|12|267|106|4C|S|10|S9
5|1|268|274|265|218|5C|S|10|HT
5|10|134|87|229|81|2N|W|7|S2
5|10|270|32|76|240|3N|E|8|ST
5|10|192|72|221|85|4C|E|11|SA
5|10|14|215|88|97|3N|E|8|ST
5|10|278|70|180|209|4H|E|10|SA
5|10|188|100|197|231|3N|E|7|S7
5|10|228|251|290|101|2N|E|8|ST
5|10|185|147|105|153|4SX|N|8|CK
5|10|49|12|267|106|2N|E|8|S2
5|10|268|274|265|218|4H|E|9|C7
5|11|134|87|229|81|3N|N|9|S2
5|11|270|32|76|240|3N|N|9|C2
5|11|192|72|221|85|3N|N|9|C7
5|11|14|215|88|97|3N|N|9|C3
5|11|278|70|180|209|3N|N|10|C3
5|11|188|100|197|231|3N|N|10|C3
5|11|228|251|290|101|3N|N|10|C7
5|11|185|147|105|153|3N|N|11|HA
5|11|49|12|267|106|3N|S|10|S5
5|11|268|274|265|218|3N|N|10|C2
5|12|134|87|229|81|3N|W|6|C6
5|12|270|32|76|240|3H|E|9|D3
5|12|192|72|221|85|4H|E|8|CA
5|12|14|215|88|97|4H|E|8|D3
5|12|278|70|180|209|2H|W|8|D5
5|12|188|100|197|231|3N|W|6|C2
5|12|228|251|290|101|4H|E|8|D2
5|12|185|147|105|153|3CX|S|8|SQ
5|12|49|12|267|106|3H|E|7|CA
5|12|268|274|265|218|3N|W|9|H9
5|13|134|87|229|81|3C|E|9|ST
5|13|270|32|76|240|2H|N|8|CK
5|13|192|72|221|85|3N|W|7|HK
5|13|14|215|88|97|2H|N|8|CA
5|13|278|70|180|209|2H|N|7|CK
5|13|188|100|197|231|2H|N|8|CK
5|13|228|251|290|101|2H|N|7|CA
5|13|185|147|105|153|3C|E|7|ST
5|13|49|12|267|106|3H|S|8|C3
5|13|268|274|265|218|2H|S|8|C3
5|14|134|87|229|81|6H|S|12|CA
5|14|270|32|76|240|6H|N|12|C4
5|14|192|72|221|85|6H|N|13|H8
5|14|14|215|88|97|6H|N|12|C6
5|14|278|70|180|209|6H|N|11|C4
5|14|188|100|197|231|7H|N|13|H9
5|14|228|251|290|101|6H|S|12|CA
5|14|185|147|105|153|5H|S|12|CA
5|14|49|12|267|106|6H|N|12|DT
5|14|268|274|265|218|5H|N|13|H9
5|15|134|87|229|81|4H|W|10|CT
5|15|270|32|76|240|4H|W|10|D9
5|15|192|72|221|85|4H|E|10|CT
5|15|14|215|88|97|4H|W|10|D6
5|15|278|70|180|209|4H|W|11|H2
5|15|188|100|197|231|4H|E|10|CT
5|15|228|251|290|101|4H|E|10|CT
5|15|185|147|105|153|4H|W|12|H2
5|15|49|12|267|106|4H|W|10|S4
5|15|268|274|265|218|4H|W|10|S4
5|16|134|87|229|81|6C|N|11|HK
5|16|270|32|76|240|6C|N|11|HK
5|16|192|72|221|85|5C|N|12|HK
5|16|14|215|88|97|3N|N|8|HK
5|16|278|70|180|209|3N|N|11|S5
5|16|188|100|197|231|6D|S|11|SQ
5|16|228|251|290|101|6C|S|13|SQ
5|16|185|147|105|153|3D|S|11|SQ
5|16|49|12|267|106|6C|N|11|HA
5|16|268|274|265|218|5C|N|11|HA
5|17|134|203|229|80|1NX|N|6|C6
5|17|270|32|87|240|3N|E|7|DK
5|17|192|72|221|85|3N|E|8|DK
5|17|14|145|88|91|3N|E|7|D7
5|17|100|70|231|209|3N|E|7|D7
5|17|292|293|29|257|1N|W|6|CT
5|17|228|251|290|101|4H|W|8|C5
5|17|185|147|105|153|3N|E|7|D2
5|17|274|12|218|106|3N|E|6|D2
5|17|50|78|268|211|1N|E|7|D2
5|18|134|203|229|80|2CX|E|8|SK
5|18|270|32|87|240|1N|E|7|SK
5|18|192|72|221|85|2N|S|8|S6
5|18|14|145|88|91|1N|E|5|S3
5|18|100|70|231|209|1N|E|5|S3
5|18|292|293|29|257|1N|E|5|S3
5|18|228|251|290|101|2H|N|8|S6
5|18|185|147|105|153|1N|E|5|S3
5|18|274|12|218|106|1H|N|9|CK
5|18|50|78|268|211|2N|S|9|C4
5|19|134|203|229|80|4S|S|10|DK
5|19|270|32|87|240|4S|S|10|DK
5|19|192|72|221|85|4S|S|10|DQ
5|19|14|145|88|91|4S|S|10|DK
5|19|100|70|231|209|4S|S|10|DK
5|19|292|293|29|257|4S|S|10|DK
5|19|228|251|290|101|4S|S|10|DK
5|19|185|147|105|153|4S|S|10|DK
5|19|274|12|218|106|4S|S|10|DK
5|19|50|78|268|211|4S|S|10|DK
5|2|134|87|229|81|4H|E|9|C5
5|2|270|32|76|240|4H|E|10|H7
5|2|192|72|221|85|3H|W|9|CK
5|2|14|215|88|97|4H|W|10|SJ
5|2|278|70|180|209|4S|E|9|HT
5|2|188|100|197|231|4H|E|10|C6
5|2|228|251|290|101|2S|E|10|HT
5|2|185|147|105|153|4H|E|10|C5
5|2|49|12|267|106|4H|E|10|C5
5|2|268|274|265|218|4H|W|9|D5
5|20|134|203|229|80|4S|E|10|H3
5|20|270|32|87|240|4S|E|11|SA
5|20|192|72|221|85|3N|E|11|S6
5|20|14|145|88|91|4S|E|11|D5
5|20|100|70|231|209|4S|W|10|H6
5|20|292|293|29|257|4S|W|10|D2
5|20|228|251|290|101|5S|E|11|D7
5|20|185|147|105|153|4S|W|11|H6
5|20|274|12|218|106|4S|E|10|S6
5|20|50|78|268|211|4S|E|11|SA
5|21|134|203|229|80|2N|S|9|S7
5|21|270|32|87|240|1N|S|8|CA
5|21|192|72|221|85|1N|N|7|S8
5|21|14|145|88|91|1N|W|5|H7
5|21|100|70|231|209|1N|W|4|H6
5|21|292|293|29|257|2N|S|9|S3
5|21|228|251|290|101|2H|S|8|CA
5|21|185|147|105|153|1S|N|7|D8
5|21|274|12|218|106|2D|E|6|HA
5|21|50|78|268|211|2D|E|4|HA
5|22|134|203|229|80|3N|S|9|C6
5|22|270|32|87|240|2S|W|9|HK
5|22|192|72|221|85|3S|W|9|HK
5|22|14|145|88|91|3D|E|5|HJ
5|22|100|70|231|209|3N|S|7|H8
5|22|292|293|29|257|4H|N|9|S8
5|22|228|251|290|101|2S|W|9|DA
5|22|185|147|105|153|4S|W|9|HK
5|22|274|12|218|106|3N|N|9|D5
5|22|50|78|268|211|2H|N|9|C9
5|23|134|203|229|80|6H|S|12|ST
5|23|270|32|87|240|6H|S|12|C3
5|23|192|72|221|85|4H|S|12|ST
5|23|14|145|88|91|6H|N|12|DT
5|23|100|70|231|209|4H|N|11|H5
5|23|292|293|29|257|6H|S|12|D3
5|23|228|251|290|101|4H|S|12|ST
5|23|185|147|105|153|4H|S|11|D5
5|23|274|12|218|106|6H|S|12|ST
5|23|50|78|268|211|6H|S|12|D3
5|24|134|203|229|80|3N|S|11|H4
5|24|270|32|87|240|4S|N|10|HT
5|24|192|72|221|85|4S|N|11|C7
5|24|14|145|88|91|4S|N|10|D6
5|24|100|70|231|209|4S|N|11|HT
5|24|292|293|29|257|4H|S|10|S2
5|24|228|251|290|101|4H|S|10|S2
5|24|185|147|105|153|4S|N|11|C2
5|24|274|12|218|106|4S|N|10|HT
5|24|50|78|268|211|6S|N|12|HT
5|25|134|203|229|80|4H|W|9|S5
5|25|270|32|87|240|5H|W|10|C9
5|25|192|72|221|85|3N|E|10|HQ
5|25|14|145|88|91|3N|E|10|S2
5|25|100|70|231|209|3N|E|10|S2
5|25|292|293|29|257|3N|E|9|S2
5|25|228|251|290|101|3N|E|10|HQ
5|25|185|147|105|153|5DX|W|11|S5
5|25|274|12|218|106|6H|W|8|S5
5|25|50|78|268|211|5H|W|7|S5
5|26|134|203|229|80|2H|W|9|CT
5|26|270|32|87|240|3D|W|10|CT
5|26|192|72|221|85|2H|W|10|CT
5|26|14|145|88|91|3N|E|10|D8
5|26|100|70|231|209|2H|W|10|CT
5|26|292|293|29|257|2H|W|10|CT
5|26|228|251|290|101|2N|E|9|CA
5|26|185|147|105|153|3D|W|10|CT
5|26|274|12|218|106|2S|E|10|CA
5|26|50|78|268|211|3N|E|9|CA
5|27|134|203|229|80|4S|N|11|HA
5|27|270|32|87|240|4S|S|10|C4
5|27|192|72|221|85|4S|S|10|C5
5|27|14|145|88|91|4S|S|10|D8
5|27|100|70|231|209|4S|S|10|H2
5|27|292|293|29|257|4S|S|11|D4
5|27|228|251|290|101|4S|S|10|HA
5|27|185|147|105|153|5S|S|9|C7
5|27|274|12|218|106|5S|S|10|C4
5|27|50|78|268|211|4S|S|10|C4
5|28|134|203|229|80|2S|S|10|CK
5|28|270|32|87|240|3S|N|9|C6
5|28|192|72|221|85|3N|W|9|SK
5|28|14|145|88|91|3S|N|9|C5
5|28|100|70|231|209|2S|N|9|C7
5|28|292|293|29|257|3N|W|7|SK
5|28|228|251|290|101|3H|E|9|S9
5|28|185|147|105|153|2S|N|9|CT
5|28|274|12|218|106|4SX|N|9|C5
5|28|50|78|268|211|3N|W|9|SK
5|29|134|203|229|80|4H|S|10|DK
5|29|270|32|87|240|4H|S|10|DK
5|29|192|72|221|85|4HX|S|10|DK
5|29|14|145|88|91|4H|S|10|HA
5|29|100|70|231|209|4H|S|9|DK
5|29|292|293|29|257|4H|S|9|D3
5|29|228|251|290|101|4H|S|11|DA
5|29|185|147|105|153|3H|S|9|DK
5|29|274|12|218|106|5D|W|10|H3
5|29|50|78|268|211|4S|S|9|DA
5|3|134|87|229|81|3N|S|7|S9
5|3|270|32|76|240|3N|S|8|S9
5|3|192|72|221|85|4D|N|10|SK
5|3|14|215|88|97|2N|N|7|SA
5|3|278|70|180|209|3N|S|7|S8
5|3|188|100|197|231|5D|S|10|S9
5|3|228|251|290|101|2N|N|8|SA
5|3|185|147|105|153|3S|E|8|H7
5|3|49|12|267|106|3N|S|9|H5
5|3|268|274|265|218|2N|N|7|SA
5|30|134|203|229|80|5HX|E|8|CA
5|30|270|32|87|240|5S|N|11|CQ
5|30|192|72|221|85|4S|N|11|CQ
5|30|14|145|88|91|5S|N|11|HA
5|30|100|70|231|209|5HX|E|8|CK
5|30|292|293|29|257|4S|N|11|CQ
5|30|228|251|290|101|4S|N|11|CQ
5|30|185|147|105|153|4S|N|11|CQ
5|30|274|12|218|106|5S|N|11|CQ
5|30|50|78|268|211|4H|E|8|CA
5|31|134|203|229|80|3S|W|7|C2
5|31|270|32|87|240|2H|N|7|CK
5|31|192|72|221|85|2S|W|9|C2
5|31|14|145|88|91|2S|E|9|C6
5|31|100|70|231|209|3S|E|8|C2
5|31|292|293|29|257|3C|E|6|HK
5|31|228|251|290|101|3N|W|7|DJ
5|31|185|147|105|153|4S|W|8|C2
5|31|274|12|218|106|2C|S|5|H5
5|31|50|78|268|211|2C|W|6|SQ
5|32|134|203|229|80|1H|S|9|CK
5|32|270|32|87|240|2H|S|7|S2
5|32|192|72|221|85|3H|S|8|H2
5|32|14|145|88|91|1H|S|9|CK
5|32|100|70|231|209|3HX|S|9|CK
5|32|292|293|29|257|3N|E|8|HQ
5|32|228|251|290|101|2H|S|9|S5
5|32|185|147|105|153|3H|S|9|CK
5|32|274|12|218|106|4H|S|9|CK
5|32|50|78|268|211|2H|S|9|CK
5|4|134|87|229|81|1N|N|8|DK
5|4|270|32|76|240|2S|N|8|DA
5|4|192|72|221|85|1N|N|7|C7
5|4|14|215|88|97|2S|N|7|DK
5|4|278|70|180|209|3S|N|7|DK
5|4|188|100|197|231|1N|N|6|C3
5|4|228|251|290|101|1N|N|8|D5
5|4|185|147|105|153|2S|N|8|DK
5|4|49|12|267|106|2S|N|7|DA
5|4|268|274|265|218|2S|N|7|DA
5|5|134|87|229|81|6D|W|12|CT
5|5|270|32|76|240|6N|W|12|SQ
5|5|192|72|221|85|4N|E|13|CT
5|5|14|215|88|97|6D|E|12|CT
5|5|278|70|180|209|3N|W|12|C4
5|5|188|100|197|231|6N|E|13|S7
5|5|228|251|290|101|3N|E|12|CT
5|5|185|147|105|153|3N|W|13|D3
5|5|49|12|267|106|6N|W|12|C3
5|5|268|274|265|218|3N|W|12|C3
5|6|134|87|229|81|2S|N|10|SJ
5|6|270|32|76|240|4S|N|12|H8
5|6|192|72|221|85|4S|N|11|SJ
5|6|14|215|88|97|2S|N|12|H3
5|6|278|70|180|209|4S|N|10|DA
5|6|188|100|197|231|4S|N|10|DA
5|6|228|251|290|101|4S|N|11|H5
5|6|185|147|105|153|3S|N|10|DA
5|6|49|12|267|106|2S|N|11|C2
5|6|268|274|265|218|3S|N|11|SJ
5|7|134|87|229|81|3N|S|8|ST
5|7|270|32|76|240|3N|S|8|ST
5|7|192|72|221|85|3N|S|9|HT
5|7|14|215|88|97|1N|S|8|ST
5|7|278|70|180|209|3N|N|10|D8
5|7|188|100|197|231|3N|S|8|ST
5|7|228|251|290|101|3N|S|7|ST
5|7|185|147|105|153|3SX|W|8|CQ
5|7|49|12|267|106|3N|S|8|S9
5|7|268|274|265|218|1N|S|8|ST
5|8|134|87|229|81|4S|E|11|HQ
5|8|270|32|76|240|3N|E|8|H4
5|8|192|72|221|85|4S|W|11|HQ
5|8|14|215|88|97|4S|E|12|D9
5|8|278|70|180|209|4S|E|11|D8
5|8|188|100|197|231|4S|E|12|D8
5|8|228|251|290|101|3N|E|5|H5
5|8|185|147|105|153|4S|E|11|D2
5|8|49|12|267|106|4S|W|11|HQ
5|8|268|274|265|218|3N|E|8|H2
5|9|134|87|229|81|5H|N|11|SJ
5|9|270|32|76|240|4H|N|11|SJ
5|9|192|72|221|85|3N|N|8|S6
5|9|14|215|88|97|6H|N|11|SJ
5|9|278|70|180|209|4H|N|11|S6
5|9|188|100|197|231|4H|N|11|S4
5|9|228|251|290|101|4H|N|11|SJ
5|9|185|147|105|153|4H|N|10|CT
5|9|49|12|267|106|4H|S|11|C9
5|9|268|274|265|218|4H|N|11|S2
6|1|14|32|88|240|2S|N|8|CT
6|1|134|72|229|85|4S|S|8|CK
6|1|292|215|29|97|4S|N|8|C6
6|1|145|188|91|197|4S|N|8|C9
6|1|12|293|106|257|4S|S|8|CK
6|1|278|50|180|265|4S|S|8|CK
6|1|185|203|105|80|4S|S|8|CK
6|1|270|251|76|101|4S|N|8|CT
6|1|78|147|211|153|4S|N|8|S5
6|1|228|49|290|267|5S|N|8|DA
6|10|14|32|88|240|2H|N|10|DT
6|10|134|72|229|85|3N|S|9|C8
6|10|292|215|29|97|2N|S|9|C8
6|10|145|188|91|197|2N|N|7|S5
6|10|12|293|106|257|2N|N|7|S4
6|10|278|50|180|265|2S|E|7|CK
6|10|185|203|105|80|1N|N|7|S5
6|10|270|251|76|101|2N|N|7|S5
6|10|78|147|211|153|1NX|W|7|H9
6|10|228|49|290|267|1N|N|6|S6
6|11|14|32|88|240|3D|S|9|H9
6|11|134|72|229|85|3N|N|10|HA
6|11|292|215|29|97|3D|S|8|H9
6|11|145|188|91|197|3S|E|8|S5
6|11|12|293|106|257|2D|S|9|H9
6|11|278|50|180|265|3D|N|9|CQ
6|11|185|203|105|80|3H|N|8|H3
6|11|270|251|76|101|4SX|E|9|S8
6|11|78|147|211|153|4HX|E|7|CA
6|11|228|49|290|267|5DX|S|9|S2
6|12|14|32|88|240|3N|W|10|CA
6|12|134|72|229|85|4H|E|10|C2
6|12|292|215|29|97|4H|E|10|C2
6|12|145|188|91|197|4H|W|10|CA
6|12|12|293|106|257|4H|E|10|C2
6|12|278|50|180|265|4H|E|10|H5
6|12|185|203|105|80|4H|E|10|C2
6|12|270|251|76|101|4H|E|10|C5
6|12|78|147|211|153|4H|E|11|D4
6|12|228|49|290|267|3N|W|10|CA
6|13|14|32|88|240|4S|S|11|CT
6|13|134|72|229|85|3N|S|10|HQ
6|13|292|215|29|97|6S|S|12|HQ
6|13|145|188|91|197|5S|S|12|HQ
6|13|12|293|106|257|6S|N|12|H2
6|13|278|50|180|265|4S|S|12|HQ
6|13|185|203|105|80|6S|S|12|HQ
6|13|270|251|76|101|6S|N|11|C4
6|13|78|147|211|153|4S|S|11|HQ
6|13|228|49|290|267|6D|N|11|C2
6|14|14|32|88|240|1N|W|6|DJ
6|14|134|72|229|85|2D|E|8|ST
6|14|292|215|29|97|3D|E|7|ST
6|14|145|188|91|197|2N|E|6|H5
6|14|12|293|106|257|3H|S|7|C5
6|14|278|50|180|265|3C|E|8|ST
6|14|185|203|105|80|1N|W|6|HQ
6|14|270|251|76|101|3C|E|8|D5
6|14|78|147|211|153|3C|E|8|HA
6|14|228|49|290|267|2C|E|8|D6
6|15|14|32|88|240|5H|S|11|S9
6|15|134|72|229|85|4H|S|10|C6
6|15|292|215|29|97|4H|S|10|C6
6|15|145|188|91|197|4SX|W|8|HQ
6|15|12|293|106|257|6H|S|11|SA
6|15|278|50|180|265|4H|S|11|SA
6|15|185|203|105|80|4SX|W|9|HQ
6|15|270|251|76|101|5H|S|12|SA
6|15|78|147|211|153|4SX|E|8|HQ
6|15|228|49|290|267|5H|S|10|S2
6|16|14|32|88|240|1H|W|8|C2
6|16|134|72|229|85|3N|E|8|S4
6|16|292|215|29|97|3D|E|9|D5
6|16|145|188|91|197|3N|E|8|S4
6|16|12|293|106|257|3D|W|10|HQ
6|16|278|50|180|265|2N|E|8|S2
6|16|185|203|105|80|2D|E|8|C3
6|16|270|251|76|101|3D|E|9|D6
6|16|78|147|211|153|1N|N|4|D4
6|16|228|49|290|267|2N|E|8|S2
6|17|14|32|88|240|2S|S|7|C8
6|17|134|72|229|85|2S|S|4|HA
6|17|70|192|209|221|3DX|N|6|HK
6|17|145|188|91|197|2S|S|8|C2
6|17|12|100|106|231|2S|S|5|HA
6|17|278|268|180|265|3DX|N|5|HK
6|17|185|203|105|80|2S|S|5|C8
6|17|270|251|76|101|2D|N|6|HK
6|17|78|147|211|153|2S|S|5|HA
6|17|228|274|290|218|2S|S|6|C8
6|18|14|32|88|240|6H|S|12|H2
6|18|134|72|229|85|6N|N|12|C7
6|18|70|192|209|221|6N|N|13|D4
6|18|145|188|91|197|6H|S|12|CA
6|18|12|100|106|231|6H|S|12|H3
6|18|278|268|180|265|5H|S|12|S4
6|18|185|203|105|80|6N|N|12|C7
6|18|270|251|76|101|4N|S|12|C3
6|18|78|147|211|153|6H|S|12|CA
6|18|228|274|290|218|6H|S|12|CA
6|19|14|32|88|240|3N|W|8|C5
6|19|134|72|229|85|5D|W|10|HK
6|19|70|192|209|221|3N|W|12|S5
6|19|145|188|91|197|3N|W|7|H3
6|19|12|100|106|231|5D|E|11|HK
6|19|278|268|180|265|3N|W|7|H3
6|19|185|203|105|80|3N|W|12|S5
6|19|270|251|76|101|6NX|E|7|HK
6|19|78|147|211|153|5D|E|10|HK
6|19|228|274|290|218|3N|W|8|S5
6|2|14|32|88|240|6H|S|12|C3
6|2|134|72|229|85|4H|S|13|ST
6|2|292|215|29|97|6H|S|13|ST
6|2|145|188|91|197|7CX|W|8|DA
6|2|12|293|106|257|6H|S|12|C6
6|2|278|50|180|265|6H|S|13|ST
6|2|185|203|105|80|6H|S|12|CT
6|2|270|251|76|101|6H|S|13|D4
6|2|78|147|211|153|6H|S|12|C6
6|2|228|49|290|267|6H|S|12|C8
6|20|14|32|88|240|2S|E|10|HJ
6|20|134|72|229|85|2S|E|10|HJ
6|20|70|192|209|221|2S|E|9|HJ
6|20|145|188|91|197|4S|E|9|HJ
6|20|12|100|106|231|2S|E|10|HJ
6|20|278|268|180|265|3N|W|6|HK
6|20|185|203|105|80|2S|E|10|HJ
6|20|270|251|76|101|4S|E|9|HJ
6|20|78|147|211|153|4S|E|9|HJ
6|20|228|274|290|218|4S|E|10|HJ
6|21|14|32|88|240|P||0
6|21|134|72|229|85|1N|E|6|ST
6|21|70|192|209|221|1N|N|7|SQ
6|21|145|188|91|197|2D|E|6|DQ
6|21|12|100|106|231|1N|N|7|H3
6|21|278|268|180|265|1N|N|7|H3
6|21|185|203|105|80|1N|N|7|H6
6|21|270|251|76|101|2D|N|9|H3
6|21|78|147|211|153|1N|S|7|H4
6|21|228|274|290|218|1N|S|7|S5
6|22|14|32|88|240|4S|N|9|C4
6|22|134|72|229|85|4S|S|10|HJ
6|22|70|192|209|221|3N|N|10|C3
6|22|145|188|91|197|4S|N|9|C3
6|22|12|100|106|231|4S|N|9|C3
6|22|278|268|180|265|4S|N|10|H9
6|22|185|203|105|80|4S|N|10|S4
6|22|270|251|76|101|4S|S|9|C2
6|22|78|147|211|153|4S|N|9|C4
6|22|228|274|290|218|4S|N|10|C4
6|23|14|32|88|240|2H|N|8|H4
6|23|134|72|229|85|3H|N|8|D5
6|23|70|192|209|221|2S|W|8|HK
6|23|145|188|91|197|3H|N|8|D5
6|23|12|100|106|231|2S|W|9|HK
6|23|278|268|180|265|3H|S|8|S7
6|23|185|203|105|80|3H|N|8|C3
6|23|270|251|76|101|2H|N|8|C2
6|23|78|147|211|153|3H|N|8|D7
6|23|228|274|290|218|2H|S|8|S7
6|24|14|32|88|240|3N|S|10|D5
6|24|134|72|229|85|3H|N|9|CA
6|24|70|192|209|221|3N|S|8|SJ
6|24|145|188|91|197|3C|S|9|SJ
6|24|12|100|106|231|3N|S|9|D5
6|24|278|268|180|265|3N|S|10|D2
6|24|185|203|105|80|2H|N|10|S5
6|24|270|251|76|101|3N|S|9|D5
6|24|78|147|211|153|3N|S|7|D6
6|24|228|274|290|218|3NX|S|8|SJ
6|25|14|32|88|240|1H|W|8|S6
6|25|134|72|229|85|4H|W|8|D5
6|25|70|192|209|221|1H|W|9|D5
6|25|145|188|91|197|3D|E|8|S2
6|25|12|100|106|231|3N|E|8|S3
6|25|278|268|180|265|1H|W|9|S8
6|25|185|203|105|80|1H|W|10|S7
6|25|270|251|76|101|4H|W|8|D8
6|25|78|147|211|153|4HX|W|10|C6
6|25|228|274|290|218|3N|E|10|D2
6|26|14|32|88|240|6D|W|12|HA
6|26|134|72|229|85|6D|E|12|HK
6|26|70|192|209|221|6D|W|12|HA
6|26|145|188|91|197|6D|W|12|HA
6|26|12|100|106|231|6D|W|12|HA
6|26|278|268|180|265|5D|W|12|HA
6|26|185|203|105|80|6D|W|12|HA
6|26|270|251|76|101|5D|W|13|S6
6|26|78|147|211|153|6C|E|12|H9
6|26|228|274|290|218|3HX|N|8|CK
6|27|14|32|88|240|2H|S|10|C8
6|27|134|72|229|85|4H|S|10|C4
6|27|70|192|209|221|5HX|S|10|H7
6|27|145|188|91|197|4H|S|10|C4
6|27|12|100|106|231|1N|S|7|C4
6|27|278|268|180|265|2S|E|7|D2
6|27|185|203|105|80|4H|S|9|S5
6|27|270|251|76|101|4H|S|10|S4
6|27|78|147|211|153|4S|E|7|D5
6|27|228|274|290|218|4H|N|11|H2
6|28|14|32|88|240|3N|N|11|D4
6|28|134|72|229|85|3N|N|10|S6
6|28|70|192|209|221|6SX|W|5|DQ
6|28|145|188|91|197|3N|N|11|D5
6|28|12|100|106|231|3N|S|11|S4
6|28|278|268|180|265|3N|S|9|H5
6|28|185|203|105|80|3N|N|10|S6
6|28|270|251|76|101|6H|N|10|S6
6|28|78|147|211|153|4H|N|11|S6
6|28|228|274|290|218|4H|S|10|S6
6|29|14|32|88|240|3N|W|12|S7
6|29|134|72|229|85|3H|N|6|DA
6|29|70|192|209|221|3N|W|9|H4
6|29|145|188|91|197|2H|W|6|H4
6|29|12|100|106|231|3D|E|11|S8
6|29|278|268|180|265|3D|E|11|S8
6|29|185|203|105|80|3N|W|12|S7
6|29|270|251|76|101|2S|N|7|CJ
6|29|78|147|211|153|3N|W|12|S3
6|29|228|274|290|218|3N|W|9|H2
6|3|14|32|88|240|4HX|W|11|HA
6|3|134|72|229|85|3H|E|10|DA
6|3|292|215|29|97|3H|W|11|HA
6|3|145|188|91|197|2H|W|10|D6
6|3|12|293|106|257|3N|N|7|H3
6|3|278|50|180|265|1N|N|8|S5
6|3|185|203|105|80|2S|E|8|DA
6|3|270|251|76|101|3H|W|11|HA
6|3|78|147|211|153|3D|S|8|SA
6|3|228|49|290|267|3H|W|11|HA
6|30|14|32|88|240|4D|S|9|CA
6|30|134|72|229|85|3N|N|8|CK
6|30|70|192|209|221|4S|E|8|DK
6|30|145|188|91|197|3D|S|10|S5
6|30|12|100|106|231|2H|S|9|CA
6|30|278|268|180|265|5D|S|10|CA
6|30|185|203|105|80|3C|W|9|SK
6|30|270|251|76|101|4D|S|9|SA
6|30|78|147|211|153|3D|S|9|CA
6|30|228|274|290|218|4SX|E|8|DA
6|31|14|32|88|240|4H|W|11|DA
6|31|134|72|229|85|3H|W|11|DA
6|31|70|192|209|221|4H|W|11|S3
6|31|145|188|91|197|4H|W|10|C2
6|31|12|100|106|231|4H|W|10|DA
6|31|278|268|180|265|4H|W|10|H3
6|31|185|203|105|80|4H|W|10|H4
6|31|270|251|76|101|4H|W|11|DA
6|31|78|147|211|153|4H|W|9|H4
6|31|228|274|290|218|4H|W|10|S3
6|32|14|32|88|240|3H|E|8|S3
6|32|134|72|229|85|3H|E|8|S5
6|32|70|192|209|221|4HX|E|8|S5
6|32|145|188|91|197|4H|W|8|C3
6|32|12|100|106|231|4H|E|8|D3
6|32|278|268|180|265|4H|E|8|D3
6|32|185|203|105|80|4H|E|8|D3
6|32|270|251|76|101|3H|E|7|S3
6|32|78|147|211|153|4H|E|7|C5
6|32|228|274|290|218|4H|E|8|HT
6|4|14|32|88|240|4S|N|11|C4
6|4|134|72|229|85|4S|N|11|C3
6|4|292|215|29|97|4S|N|10|HA
6|4|145|188|91|197|4S|N|10|H2
6|4|12|293|106|257|4S|N|11|C2
6|4|278|50|180|265|4S|N|10|D5
6|4|185|203|105|80|5DX|E|9|SK
6|4|270|251|76|101|4S|N|10|DJ
6|4|78|147|211|153|4S|N|10|C3
6|4|228|49|290|267|4S|N|10|C4
6|5|14|32|88|240|2H|E|8|C6
6|5|134|72|229|85|1N|N|8|DQ
6|5|292|215|29|97|1N|S|8|DQ
6|5|145|188|91|197|2S|N|9|DQ
6|5|12|293|106|257|2N|N|8|DQ
6|5|278|50|180|265|3N|N|8|DQ
6|5|185|203|105|80|1N|N|8|DQ
6|5|270|251|76|101|2S|N|7|DQ
6|5|78|147|211|153|3H|W|6|H5
6|5|228|49|290|267|2S|N|7|D5
6|6|14|32|88|240|1N|S|6|C6
6|6|134|72|229|85|3H|S|8|H7
6|6|292|215|29|97|2H|N|8|S5
6|6|145|188|91|197|1N|S|7|C2
6|6|12|293|106|257|2H|N|7|C3
6|6|278|50|180|265|1N|S|6|C6
6|6|185|203|105|80|2H|N|7|HT
6|6|270|251|76|101|2H|S|7|C6
6|6|78|147|211|153|1NX|S|7|D5
6|6|228|49|290|267|2H|S|6|H5
6|7|14|32|88|240|2S|S|8|DJ
6|7|134|72|229|85|2S|S|8|HA
6|7|292|215|29|97|2S|S|8|HK
6|7|145|188|91|197|3H|E|10|S2
6|7|12|293|106|257|2S|S|9|HA
6|7|278|50|180|265|3S|S|8|HK
6|7|185|203|105|80|2S|S|7|HA
6|7|270|251|76|101|3H|E|10|S5
6|7|78|147|211|153|2S|S|8|DJ
6|7|228|49|290|267|2S|S|8|HK
6|8|14|32|88|240|1N|E|8|H3
6|8|134|72|229|85|2H|N|8|H4
6|8|292|215|29|97|2H|S|8|CK
6|8|145|188|91|197|1N|E|8|H2
6|8|12|293|106|257|2H|S|8|CK
6|8|278|50|180|265|2H|S|7|H4
6|8|185|203|105|80|2S|W|8|SK
6|8|270|251|76|101|1N|E|9|C7
6|8|78|147|211|153|2N|W|7|SK
6|8|228|49|290|267|1N|W|10|C2
6|9|14|32|88|240|1N|S|7|DJ
6|9|134|72|229|85|1N|N|7|C3
6|9|292|215|29|97|1N|S|6|CK
6|9|145|188|91|197|1N|S|7|H2
6|9|12|293|106|257|1N|N|7|C4
6|9|278|50|180|265|1N|N|8|S6
6|9|185|203|105|80|1N|N|8|S5
6|9|270|251|76|101|1N|S|8|H2
6|9|78|147|211|153|1N|S|8|H2
6|9|228|49|290|267|1N|S|6|DJ
7|1|27|70|240|209|4S|N|9|H7
7|1|158|32|107|202|4S|N|9|H7
7|1|192|293|221|257|4S|N|8|H3
7|1|278|145|180|91|4S|N|9|H7
7|1|14|130|88|101|4S|N|8|H7
7|1|185|72|105|85|3N|S|8|HA
7|1|270|274|76|218|4S|N|9|C6
7|1|78|87|211|81|4S|N|9|H7
7|1|228|12|290|106|3S|S|10|HA
7|1|268|147|265|153|4S|N|8|H7
7|10|27|70|240|209|1N|E|6|H4
7|10|158|32|107|202|1N|E|6|H4
7|10|192|293|221|257|1N|E|6|HJ
7|10|278|145|180|91|4H|N|8|DA
7|10|14|130|88|101|1N|E|6|H4
7|10|185|72|105|85|1N|E|6|H4
7|10|270|274|76|218|2HX|N|8|C2
7|10|78|87|211|81|1N|E|6|H2
7|10|228|12|290|106|1N|E|6|H4
7|10|268|147|265|153|1N|E|6|H2
7|11|27|70|240|209|3H|N|9|S4
7|11|158|32|107|202|3N|S|6|C3
7|11|192|293|221|257|3H|N|9|DA
7|11|278|145|180|91|4H|N|9|DA
7|11|14|130|88|101|3H|N|9|DA
7|11|185|72|105|85|2H|N|9|DK
7|11|270|274|76|218|3N|S|8|H8
7|11|78|87|211|81|3N|S|9|C2
7|11|228|12|290|106|4H|S|8|D9
7|11|268|147|265|153|3H|N|9|DK
7|12|27|70|240|209|4H|S|10|D3
7|12|158|32|107|202|4H|S|9|S2
7|12|192|293|221|257|4H|S|9|H9
7|12|278|145|180|91|4H|S|9|S2
7|12|14|130|88|101|4H|S|9|D3
7|12|185|72|105|85|4H|S|9|H7
7|12|270|274|76|218|2H|N|10|DQ
7|12|78|87|211|81|4H|N|9|DQ
7|12|228|12|290|106|4H|S|9|D3
7|12|268|147|265|153|3H|S|9|D9
7|13|27|70|240|209|4H|W|9|CK
7|13|158|32|107|202|4H|W|9|CK
7|13|192|293|221|257|2D|S|7|S5
7|13|278|145|180|91|4H|W|9|CK
7|13|14|130|88|101|4SX|N|6|S3
7|13|185|72|105|85|2S|N|6|H4
7|13|270|274|76|218|3H|W|9|CK
7|13|78|87|211|81|3S|N|8|H4
7|13|228|12|290|106|3S|N|8|H8
7|13|268|147|265|153|4D|S|8|S5
7|14|27|70|240|209|3S|W|8|D2
7|14|158|32|107|202|2S|W|9|D4
7|14|192|293|221|257|3C|S|9|SK
7|14|278|145|180|91|3C|S|9|SK
7|14|14|130|88|101|2S|W|8|D7
7|14|185|72|105|85|3C|N|9|S8
7|14|270|274|76|218|3C|N|9|S3
7|14|78|87|211|81|2S|W|8|D2
7|14|228|12|290|106|2S|E|9|DT
7|14|268|147|265|153|3S|W|7|D2
7|15|27|70|240|209|6H|W|11|CK
7|15|158|32|107|202|4H|W|13|D4
7|15|192|293|221|257|4H|W|12|D7
7|15|278|145|180|91|4H|W|12|D7
7|15|14|130|88|101|6H|W|12|CK
7|15|185|72|105|85|6H|W|10|CK
7|15|270|274|76|218|6H|W|12|D7
7|15|78|87|211|81|4H|W|12|D7
7|15|228|12|290|106|3H|E|13|SJ
7|15|268|147|265|153|4H|W|13|D7
7|16|27|70|240|209|2S|S|7|H3
7|16|158|32|107|202|1N|W|8|C8
7|16|192|293|221|257|1N|W|8|C6
7|16|278|145|180|91|1N|W|6|C6
7|16|14|130|88|101|2S|S|9|DA
7|16|185|72|105|85|2N|W|8|C6
7|16|270|274|76|218|1N|W|8|C6
7|16|78|87|211|81|2D|W|6|C3
7|16|228|12|290|106|1N|W|9|C6
7|16|268|147|265|153|1N|W|7|C3
7|17|27|70|240|209|3S|S|7|CA
7|17|188|32|197|202|3S|N|7|DK
7|17|192|293|221|257|3S|N|8|DK
7|17|100|145|231|91|1N|W|8|ST
7|17|14|130|88|101|3S|N|6|DK
7|17|185|72|105|85|3S|N|8|DK
7|17|203|49|80|267|3D|E|9|D3
7|17|78|270|211|76|3C|W|10|H4
7|17|228|94|290|106|4D|E|9|S5
7|17|50|147|265|153|2S|S|7|S3
7|18|27|70|240|209|4S|W|11|D5
7|18|188|32|197|202|4S|W|11|D3
7|18|192|293|221|257|4S|W|11|H4
7|18|100|145|231|91|4S|W|11|S4
7|18|14|130|88|101|6S|W|11|D5
7|18|185|72|105|85|5S|E|11|C2
7|18|203|49|80|267|4S|W|11|C9
7|18|78|270|211|76|6S|W|12|C8
7|18|228|94|290|106|4S|W|11|D5
7|18|50|147|265|153|6S|W|11|S4
7|19|27|70|240|209|2N|E|9|HT
7|19|188|32|197|202|3N|E|9|S5
7|19|192|293|221|257|3N|W|8|S4
7|19|100|145|231|91|3N|W|8|S4
7|19|14|130|88|101|3N|E|8|S6
7|19|185|72|105|85|3N|E|9|S6
7|19|203|49|80|267|3N|W|8|S4
7|19|78|270|211|76|3N|W|9|S3
7|19|228|94|290|106|3N|W|8|S4
7|19|50|147|265|153|2N|W|7|S3
7|2|27|70|240|209|3N|S|11|D5
7|2|158|32|107|202|6S|N|12|CQ
7|2|192|293|221|257|6S|S|12|DA
7|2|278|145|180|91|4S|S|12|S3
7|2|14|130|88|101|4S|S|12|C9
7|2|185|72|105|85|5S|N|12|CQ
7|2|270|274|76|218|6S|S|12|DA
7|2|78|87|211|81|4S|S|12|S3
7|2|228|12|290|106|6S|S|12|C6
7|2|268|147|265|153|5S|S|12|DA
7|20|27|70|240|209|2S|S|10|DA
7|20|188|32|197|202|4S|N|10|C2
7|20|192|293|221|257|2S|N|11|C6
7|20|100|145|231|91|2CX|W|7|H4
7|20|14|130|88|101|4S|N|10|CT
7|20|185|72|105|85|4S|N|10|HT
7|20|203|49|80|267|3S|N|10|C2
7|20|78|270|211|76|4S|N|10|CT
7|20|228|94|290|106|4S|N|11|C9
7|20|50|147|265|153|2S|N|11|C6
7|21|27|70|240|209|3N|N|9|S5
7|21|188|32|197|202|3N|N|10|CQ
7|21|192|293|221|257|2D|N|8|S4
7|21|100|145|231|91|3N|N|10|CK
7|21|14|130|88|101|3N|N|10|S5
7|21|185|72|105|85|3D|N|7|S2
7|21|203|49|80|267|3N|N|10|S5
7|21|78|270|211|76|3N|N|9|CK
7|21|228|94|290|106|3N|N|10|CQ
7|21|50|147|265|153|3N|N|9|CK
7|22|27|70|240|209|3S|N|9|C2
7|22|188|32|197|202|5C|E|10|S9
7|22|192|293|221|257|3SX|N|7|HA
7|22|100|145|231|91|4HX|E|8|SA
7|22|14|130|88|101|4SX|N|7|HA
7|22|185|72|105|85|5HX|E|8|SA
7|22|203|49|80|267|3CX|S|5|C2
7|22|78|270|211|76|4H|E|7|C7
7|22|228|94|290|106|4SX|N|9|HA
7|22|50|147|265|153|3N|W|11|S7
7|23|27|70|240|209|6H|N|12|S6
7|23|188|32|197|202|6H|N|12|SJ
7|23|192|293|221|257|4H|N|12|SJ
7|23|100|145|231|91|4H|N|12|SJ
7|23|14|130|88|101|6H|N|12|SJ
7|23|185|72|105|85|4H|N|12|SJ
7|23|203|49|80|267|4H|N|12|ST
7|23|78|270|211|76|4H|S|12|DJ
7|23|228|94|290|106|4H|N|12|SJ
7|23|50|147|265|153|4H|N|12|D4
7|24|27|70|240|209|5D|W|9|S5
7|24|188|32|197|202|5D|W|9|S3
7|24|192|293|221|257|3N|E|8|SQ
7|24|100|145|231|91|3N|W|9|CT
7|24|14|130|88|101|3N|W|9|CT
7|24|185|72|105|85|4SX|S|8|DK
7|24|203|49|80|267|3N|W|8|S3
7|24|78|270|211|76|3N|E|8|SQ
7|24|228|94|290|106|3N|W|9|CT
7|24|50|147|265|153|4D|E|11|HT
7|25|27|70|240|209|2D|W|9|S7
7|25|188|32|197|202|3N|E|11|C6
7|25|192|293|221|257|3N|E|11|CJ
7|25|100|145|231|91|2N|E|8|CJ
7|25|14|130|88|101|3N|W|6|D9
7|25|185|72|105|85|2S|E|9|D4
7|25|203|49|80|267|2N|E|9|CJ
7|25|78|270|211|76|3N|E|9|C2
7|25|228|94|290|106|3N|E|9|C6
7|25|50|147|265|153|3S|E|10|HJ
7|26|27|70|240|209|3N|W|9|C3
7|26|188|32|197|202|3N|W|9|C3
7|26|192|293|221|257|3N|W|9|D6
7|26|100|145|231|91|3N|W|9|S2
7|26|14|130|88|101|3N|W|9|C3
7|26|185|72|105|85|3N|W|9|C3
7|26|203|49|80|267|3N|W|9|C3
7|26|78|270|211|76|3N|E|9|C7
7|26|228|94|290|106|3N|W|9|C3
7|26|50|147|265|153|3N|W|9|S2
7|27|27|70|240|209|4S|W|8|CK
7|27|188|32|197|202|4S|E|9|D3
7|27|192|293|221|257|1N|W|8|CK
7|27|100|145|231|91|2N|W|8|C3
7|27|14|130|88|101|4S|E|8|H8
7|27|185|72|105|85|1N|W|8|H6
7|27|203|49|80|267|1N|W|8|H6
7|27|78|270|211|76|3S|W|8|CA
7|27|228|94|290|106|2S|E|8|H8
7|27|50|147|265|153|3S|W|8|CA
7|28|27|70|240|209|5H|N|11|DT
7|28|188|32|197|202|5SX|W|9|HK
7|28|192|293|221|257|5H|N|11|DJ
7|28|100|145|231|91|5S|E|9|HT
7|28|14|130|88|101|6HX|N|11|H6
7|28|185|72|105|85|5S|E|9|H4
7|28|203|49|80|267|4H|N|11|DT
7|28|78|270|211|76|5SX|W|10|HA
7|28|228|94|290|106|4H|N|10|DT
7|28|50|147|265|153|4S|E|9|HT
7|29|27|70|240|209|1H|N|8|SJ
7|29|188|32|197|202|2H|N|9|SJ
7|29|192|293|221|257|2H|N|9|SJ
7|29|100|145|231|91|1N|W|6|H4
7|29|14|130|88|101|2H|N|9|SJ
7|29|185|72|105|85|1N|W|6|H4
7|29|203|49|80|267|1S|E|7|C7
7|29|78|270|211|76|1N|W|6|H3
7|29|228|94|290|106|1N|W|7|H4
7|29|50|147|265|153|1N|W|6|H3
7|3|27|70|240|209|3N|E|12|H4
7|3|158|32|107|202|4S|W|13|H5
7|3|192|293|221|257|4S|W|13|D4
7|3|278|145|180|91|3N|E|13|H4
7|3|14|130|88|101|6D|W|12|H9
7|3|185|72|105|85|6S|W|12|S3
7|3|270|274|76|218|6D|W|12|H8
7|3|78|87|211|81|4S|W|13|D8
7|3|228|12|290|106|6D|W|12|H8
7|3|268|147|265|153|6D|W|13|H5
7|30|27|70|240|209|5D|W|11|HJ
7|30|188|32|197|202|5CX|N|10|S9
7|30|192|293|221|257|5CX|N|10|DK
7|30|100|145|231|91|4C|N|10|S9
7|30|14|130|88|101|3N|N|5|DK
7|30|185|72|105|85|5D|E|11|C2
7|30|203|49|80|267|5D|E|11|H4
7|30|78|270|211|76|5D|E|11|C2
7|30|228|94|290|106|3D|E|11|CJ
7|30|50|147|265|153|5D|W|11|CA
7|31|27|70|240|209|3N|S|11|SJ
7|31|188|32|197|202|3N|N|11|ST
7|31|192|293|221|257|3N|S|11|SJ
7|31|100|145|231|91|3N|S|12|SJ
7|31|14|130|88|101|3N|S|11|D4
7|31|185|72|105|85|4SX|E|7|CA
7|31|203|49|80|267|4N|S|11|SJ
7|31|78|270|211|76|4SX|E|7|CA
7|31|228|94|290|106|3N|S|11|SJ
7|31|50|147|265|153|3N|S|11|S3
7|32|27|70|240|209|3N|N|12|HQ
7|32|188|32|197|202|3N|S|12|S8
7|32|192|293|221|257|3N|S|11|H7
7|32|100|145|231|91|3N|N|12|HQ
7|32|14|130|88|101|3N|N|12|HQ
7|32|185|72|105|85|3N|S|12|D6
7|32|203|49|80|267|4S|N|12|HJ
7|32|78|270|211|76|3N|N|11|HQ
7|32|228|94|290|106|3N|N|11|HQ
7|32|50|147|265|153|3N|N|11|HQ
7|4|27|70|240|209|4S|W|11|DA
7|4|158|32|107|202|4S|W|11|DA
7|4|192|293|221|257|4S|W|11|DA
7|4|278|145|180|91|4S|W|12|DA
7|4|14|130|88|101|4S|W|10|H4
7|4|185|72|105|85|4S|W|12|H4
7|4|270|274|76|218|4S|W|10|H3
7|4|78|87|211|81|4S|W|12|H4
7|4|228|12|290|106|4S|W|11|DA
7|4|268|147|265|153|4S|W|11|H4
7|5|27|70|240|209|4S|S|7|C6
7|5|158|32|107|202|4H|S|9|ST
7|5|192|293|221|257|4H|N|9|CA
7|5|278|145|180|91|4H|N|9|CA
7|5|14|130|88|101|4SX|W|6|SA
7|5|185|72|105|85|3N|N|10|HT
7|5|270|274|76|218|4H|S|9|ST
7|5|78|87|211|81|4H|N|9|CK
7|5|228|12|290|106|4H|N|9|CK
7|5|268|147|265|153|3N|N|11|C5
7|6|27|70|240|209|3N|W|10|CQ
7|6|158|32|107|202|3N|W|8|D5
7|6|192|293|221|257|3N|E|10|D3
7|6|278|145|180|91|3N|W|9|SQ
7|6|14|130|88|101|3N|W|9|D7
7|6|185|72|105|85|3N|W|11|CQ
7|6|270|274|76|218|3N|W|8|D7
7|6|78|87|211|81|3N|W|11|CQ
7|6|228|12|290|106|3N|W|10|SQ
7|6|268|147|265|153|3N|E|9|HJ
7|7|27|70|240|209|2S|S|7|D4
7|7|158|32|107|202|2C|S|5|DK
7|7|192|293|221|257|2H|S|7|D6
7|7|278|145|180|91|2D|E|7|C9
7|7|14|130|88|101|2D|W|7|ST
7|7|185|72|105|85|2S|S|5|D6
7|7|270|274|76|218|2S|S|6|D4
7|7|78|87|211|81|3H|S|7|D4
7|7|228|12|290|106|2D|E|8|C9
7|7|268|147|265|153|2C|N|6|H8
7|8|27|70|240|209|4S|W|10|S4
7|8|158|32|107|202|4S|E|11|SA
7|8|192|293|221|257|4S|E|11|HA
7|8|278|145|180|91|4S|E|11|HA
7|8|14|130|88|101|4S|W|10|S3
7|8|185|72|105|85|4S|E|10|HA
7|8|270|274|76|218|3H|S|8|D3
7|8|78|87|211|81|4S|E|9|C6
7|8|228|12|290|106|5H|S|8|SQ
7|8|268|147|265|153|4S|W|10|C8
7|9|27|70|240|209|4S|N|8|S6
7|9|158|32|107|202|6SX|N|9|S2
7|9|192|293|221|257|4S|N|10|S8
7|9|278|145|180|91|4S|N|9|S2
7|9|14|130|88|101|4S|N|8|S2
7|9|185|72|105|85|4S|N|8|S2
7|9|270|274|76|218|6S|N|8|S2
7|9|78|87|211|81|4S|N|8|S8
7|9|228|12|290|106|2S|N|9|S4
7|9|268|147|265|153|4S|N|9|S2
8|1|278|27|180|240|3H|S|8|C6
8|1|32|100|202|231|4C|E|10|HK
8|1|12|215|106|97|3C|E|11|HK
8|1|192|50|221|265|5C|E|11|SQ
8|1|185|158|105|107|4C|E|10|HK
8|1|188|251|197|101|4C|E|11|SQ
8|1|274|72|218|85|5CX|E|11|HK
8|1|14|49|88|267|5CX|E|12|C3
8|1|228|270|290|76|3N|E|9|HK
8|1|87|147|81|153|3C|W|11|CJ
8|10|278|27|180|240|5CX|W|9|S7
8|10|32|100|202|231|5S|S|10|CK
8|10|12|215|106|97|4S|S|9|CA
8|10|192|50|221|265|5S|S|9|CK
8|10|185|158|105|107|5CX|W|10|S6
8|10|188|251|197|101|4S|S|9|CA
8|10|274|72|218|85|5CX|W|9|S6
8|10|14|49|88|267|5CX|W|9|S2
8|10|228|270|290|76|5S|S|10|CA
8|10|87|147|81|153|3NX|E|7|DK
8|11|278|27|180|240|3H|W|8|S2
8|11|32|100|202|231|1NX|E|7|CK
8|11|12|215|106|97|4H|E|7|CK
8|11|192|50|221|265|3S|N|9|HA
8|11|185|158|105|107|1NX|E|8|CK
8|11|188|251|197|101|2H|E|8|CK
8|11|274|72|218|85|3H|E|8|CK
8|11|14|49|88|267|2S|N|9|HK
8|11|228|270|290|76|3H|W|8|CA
8|11|87|147|81|153|3H|W|8|SQ
8|12|278|27|180|240|2N|W|7|D4
8|12|32|100|202|231|1N|W|8|H6
8|12|12|215|106|97|3C|E|8|DT
8|12|192|50|221|265|1N|E|8|CK
8|12|185|158|105|107|3HX|S|6|C6
8|12|188|251|197|101|3C|W|8|H8
8|12|274|72|218|85|3H|N|6|CQ
8|12|14|49|88|267|3C|W|8|H6
8|12|228|270|290|76|3D|W|7|H7
8|12|87|147|81|153|3CX|E|9|DT
8|13|278|27|180|240|2S|N|8|CJ
8|13|32|100|202|231|2S|N|8|CJ
8|13|12|215|106|97|2H|W|10|D6
8|13|192|50|221|265|2S|N|7|CJ
8|13|185|158|105|107|2S|N|7|CJ
8|13|188|251|197|101|2S|N|8|CJ
8|13|274|72|218|85|3C|S|8|C8
8|13|14|49|88|267|2S|N|7|CJ
8|13|228|270|290|76|2S|N|8|CJ
8|13|87|147|81|153|3N|W|8|S6
8|14|278|27|180|240|3N|N|8|H3
8|14|32|100|202|231|3N|S|9|S2
8|14|12|215|106|97|3C|S|9|SK
8|14|192|50|221|265|4D|S|9|SK
8|14|185|158|105|107|2H|E|7|C2
8|14|188|251|197|101|3C|N|9|H2
8|14|274|72|218|85|3HX|E|8|S8
8|14|14|49|88|267|2S|W|6|D2
8|14|228|270|290|76|3N|S|9|SK
8|14|87|147|81|153|2S|W|9|H7
8|15|278|27|180|240|4H|W|12|D6
8|15|32|100|202|231|4H|W|11|D7
8|15|12|215|106|97|5H|W|12|D7
8|15|192|50|221|265|4H|W|12|S6
8|15|185|158|105|107|6H|W|12|D7
8|15|188|251|197|101|4H|W|12|C4
8|15|274|72|218|85|4H|W|11|D7
8|15|14|49|88|267|4H|W|12|D6
8|15|228|270|290|76|4H|W|10|D7
8|15|87|147|81|153|6H|W|12|D6
8|16|278|27|180|240|4S|W|13|CT
8|16|32|100|202|231|5S|E|12|DK
8|16|12|215|106|97|4S|W|12|DT
8|16|192|50|221|265|5S|E|11|DJ
8|16|185|158|105|107|6S|E|13|C4
8|16|188|251|197|101|5H|W|11|DA
8|16|274|72|218|85|5CX|N|7|D8
8|16|14|49|88|267|4S|E|12|DJ
8|16|228|270|290|76|4H|W|13|SJ
8|16|87|147|81|153|5DX|S|8|HK
8|17|293|27|257|240|2H|S|8|DT
8|17|32|100|202|231|2H|N|8|CA
8|17|12|215|106|97|3C|E|7|DJ
8|17|145|268|91|94|3H|S|8|C6
8|17|251|70|185|209|2H|N|8|SA
8|17|188|130|197|101|2H|N|9|H4
8|17|274|72|218|85|2H|S|9|DT
8|17|14|78|88|211|2H|S|9|D8
8|17|228|270|290|87|2H|S|8|C6
8|17|203|147|80|153|4HX|N|9|H4
8|18|293|27|257|240|3N|E|10|CT
8|18|32|100|202|231|3D|W|11|S4
8|18|12|215|106|97|3N|E|8|S6
8|18|145|268|91|94|3N|E|11|CT
8|18|251|70|185|209|4D|W|11|ST
8|18|188|130|197|101|3D|W|11|ST
8|18|274|72|218|85|3N|W|8|S4
8|18|14|78|88|211|3N|E|11|CT
8|18|228|270|290|87|2N|W|6|ST
8|18|203|147|80|153|3N|E|10|S6
8|19|293|27|257|240|2S|S|7|CQ
8|19|32|100|202|231|2S|S|9|CQ
8|19|12|215|106|97|1N|W|7|S3
8|19|145|268|91|94|3C|W|10|S3
8|19|251|70|185|209|3C|W|10|D4
8|19|188|130|197|101|2S|S|9|CQ
8|19|274|72|218|85|2S|S|10|CQ
8|19|14|78|88|211|3C|W|9|S6
8|19|228|270|290|87|2N|W|10|H3
8|19|203|147|80|153|2S|S|9|CQ
8|2|278|27|180|240|2SX|N|8|HA
8|2|32|100|202|231|3S|N|9|C4
8|2|12|215|106|97|2N|E|6|S3
8|2|192|50|221|265|2S|N|9|HA
8|2|185|158|105|107|2SX|N|9|HK
8|2|188|251|197|101|2N|E|6|S4
8|2|274|72|218|85|4SX|N|9|HK
8|2|14|49|88|267|1N|W|6|SA
8|2|228|270|290|76|2S|N|9|HA
8|2|87|147|81|153|2D|N|5|HK
8|20|293|27|257|240|3D|N|7|HQ
8|20|32|100|202|231|4D|N|8|HQ
8|20|12|215|106|97|5D|N|9|HQ
8|20|145|268|91|94|3N|N|7|HQ
8|20|251|70|185|209|3D|N|8|HQ
8|20|188|130|197|101|4D|N|8|HQ
8|20|274|72|218|85|2H|W|7|CK
8|20|14|78|88|211|3N|S|11|S3
8|20|228|270|290|87|2D|N|9|HQ
8|20|203|147|80|153|3D|N|7|HQ
8|21|293|27|257|240|2SX|S|6|D7
8|21|32|100|202|231|4SX|E|9|H7
8|21|12|215|106|97|2C|W|7|HK
8|21|145|268|91|94|2C|W|7|D3
8|21|251|70|185|209|4S|E|9|DT
8|21|188|130|197|101|3C|W|8|HK
8|21|274|72|218|85|3N|W|9|S3
8|21|14|78|88|211|2C|W|7|D4
8|21|228|270|290|87|4S|W|8|H7
8|21|203|147|80|153|3H|W|8|D9
8|22|293|27|257|240|2D|W|11|H3
8|22|32|100|202|231|3D|E|9|SA
8|22|12|215|106|97|3S|S|8|D5
8|22|145|268|91|94|3N|W|9|CQ
8|22|251|70|185|209|3D|E|11|HA
8|22|188|130|197|101|3D|E|10|D7
8|22|274|72|218|85|3N|W|10|SJ
8|22|14|78|88|211|3N|W|7|SJ
8|22|228|270|290|87|4SX|S|7|H2
8|22|203|147|80|153|3N|W|8|SJ
8|23|293|27|257|240|2S|N|10|H9
8|23|32|100|202|231|4S|S|11|S6
8|23|12|215|106|97|4S|S|10|H8
8|23|145|268|91|94|4S|S|10|CA
8|23|251|70|185|209|4S|S|11|H3
8|23|188|130|197|101|4S|S|11|H3
8|23|274|72|218|85|4S|S|11|CA
8|23|14|78|88|211|4S|S|10|H3
8|23|228|270|290|87|4S|S|12|CA
8|23|203|147|80|153|4S|S|11|D3
8|24|293|27|257|240|4S|E|10|CT
8|24|32|100|202|231|3S|E|10|D3
8|24|12|215|106|97|4S|W|10|CT
8|24|145|268|91|94|4S|E|10|HT
8|24|251|70|185|209|4S|E|10|D3
8|24|188|130|197|101|4S|W|10|C9
8|24|274|72|218|85|3S|E|10|D3
8|24|14|78|88|211|2S|W|10|C5
8|24|228|270|290|87|4S|W|9|CT
8|24|203|147|80|153|2S|E|10|D3
8|25|293|27|257|240|3H|N|9|C2
8|25|32|100|202|231|2H|S|9|D3
8|25|12|215|106|97|3H|N|9|C3
8|25|145|268|91|94|2H|S|9|D3
8|25|251|70|185|209|P||0
8|25|188|130|197|101|4H|S|9|D3
8|25|274|72|218|85|2S|S|9|DJ
8|25|14|78|88|211|P||0
8|25|228|270|290|87|3S|S|9|DJ
8|25|203|147|80|153|3C|E|8|HT
8|26|293|27|257|240|3H|W|8|HA
8|26|32|100|202|231|3H|W|7|H2
8|26|12|215|106|97|3H|W|9|DQ
8|26|145|268|91|94|2H|W|9|H2
8|26|251|70|185|209|3H|W|9|DQ
8|26|188|130|197|101|3H|W|9|DQ
8|26|274|72|218|85|2H|E|9|DQ
8|26|14|78|88|211|2H|E|9|C5
8|26|228|270|290|87|3H|W|9|CA
8|26|203|147|80|153|3H|W|9|H2
8|27|293|27|257|240|3D|N|7|H4
8|27|32|100|202|231|4C|W|9|D9
8|27|12|215|106|97|2H|W|9|D9
8|27|145|268|91|94|2H|W|9|D9
8|27|251|70|185|209|2H|W|9|D9
8|27|188|130|197|101|3H|W|9|D7
8|27|274|72|218|85|3H|W|5|D9
8|27|14|78|88|211|4H|W|7|D9
8|27|228|270|290|87|3D|S|8|S8
8|27|203|147|80|153|2H|W|10|D9
8|28|293|27|257|240|1N|W|8|D4
8|28|32|100|202|231|1N|W|7|C6
8|28|12|215|106|97|1N|W|7|D3
8|28|145|268|91|94|3S|E|8|C7
8|28|251|70|185|209|4S|W|9|DT
8|28|188|130|197|101|1N|W|7|DT
8|28|274|72|218|85|3S|E|8|S2
8|28|14|78|88|211|4S|E|9|HQ
8|28|228|270|290|87|1N|W|7|CK
8|28|203|147|80|153|4S|W|8|DT
8|29|293|27|257|240|5SX|W|7|SA
8|29|32|100|202|231|6H|N|12|S3
8|29|12|215|106|97|4H|N|12|CT
8|29|145|268|91|94|4H|N|12|C2
8|29|251|70|185|209|4H|N|12|DT
8|29|188|130|197|101|5H|N|12|H2
8|29|274|72|218|85|4H|N|12|HT
8|29|14|78|88|211|4H|N|12|C2
8|29|228|270|290|87|4H|N|12|DT
8|29|203|147|80|153|6H|N|12|S4
8|3|278|27|180|240|3N|S|11|S5
8|3|32|100|202|231|3N|S|11|H9
8|3|12|215|106|97|3N|S|11|H8
8|3|192|50|221|265|5C|N|11|H9
8|3|185|158|105|107|3N|S|10|S7
8|3|188|251|197|101|3N|S|12|S7
8|3|274|72|218|85|3N|S|11|H8
8|3|14|49|88|267|3N|S|11|S5
8|3|228|270|290|76|3N|S|12|S9
8|3|87|147|81|153|3N|S|11|H2
8|30|293|27|257|240|4S|E|10|H4
8|30|32|100|202|231|3S|W|9|D5
8|30|12|215|106|97|4S|W|10|D5
8|30|145|268|91|94|4S|E|10|H6
8|30|251|70|185|209|4S|E|10|H6
8|30|188|130|197|101|4S|W|10|HK
8|30|274|72|218|85|4S|W|10|C2
8|30|14|78|88|211|4S|W|10|D9
8|30|228|270|290|87|4S|E|10|H6
8|30|203|147|80|153|4S|E|10|H4
8|31|293|27|257|240|2S|W|7|C6
8|31|32|100|202|231|4C|S|9|H7
8|31|12|215|106|97|3C|S|9|H3
8|31|145|268|91|94|3D|W|8|C6
8|31|251|70|185|209|3D|W|9|S6
8|31|188|130|197|101|4S|W|7|C7
8|31|274|72|218|85|3SX|W|8|C6
8|31|14|78|88|211|4S|W|7|C7
8|31|228|270|290|87|4CX|S|10|S5
8|31|203|147|80|153|4H|E|8|CK
8|32|293|27|257|240|3N|N|6|D4
8|32|32|100|202|231|1N|N|8|HA
8|32|12|215|106|97|3N|S|8|D2
8|32|145|268|91|94|3C|N|9|HK
8|32|251|70|185|209|3N|N|8|HA
8|32|188|130|197|101|3C|S|9|D5
8|32|274|72|218|85|3N|S|9|H6
8|32|14|78|88|211|2S|S|8|C7
8|32|228|270|290|87|2H|E|8|DA
8|32|203|147|80|153|1N|N|10|ST
8|4|278|27|180|240|3N|E|9|H3
8|4|32|100|202|231|3N|E|9|H3
8|4|12|215|106|97|3N|E|9|H3
8|4|192|50|221|265|3N|E|10|H3
8|4|185|158|105|107|3N|E|9|H3
8|4|188|251|197|101|3N|E|9|H3
8|4|274|72|218|85|3N|E|9|H7
8|4|14|49|88|267|2C|E|11|H3
8|4|228|270|290|76|3N|E|9|H3
8|4|87|147|81|153|3N|E|10|H3
8|5|278|27|180|240|3D|E|8|D8
8|5|32|100|202|231|2H|E|7|HQ
8|5|12|215|106|97|2H|E|8|S3
8|5|192|50|221|265|2H|E|8|S3
8|5|185|158|105|107|3D|E|7|SA
8|5|188|251|197|101|2H|E|4|HJ
8|5|274|72|218|85|2H|E|5|HQ
8|5|14|49|88|267|2H|E|7|HQ
8|5|228|270|290|76|3H|N|6|C7
8|5|87|147|81|153|2CX|S|8|H2
8|6|278|27|180|240|3H|S|11|ST
8|6|32|100|202|231|4H|S|11|H9
8|6|12|215|106|97|3N|N|11|CA
8|6|192|50|221|265|3N|N|12|CK
8|6|185|158|105|107|4H|S|11|C6
8|6|188|251|197|101|4H|S|11|C3
8|6|274|72|218|85|3N|N|11|S8
8|6|14|49|88|267|3N|N|12|CK
8|6|228|270|290|76|4H|S|12|DK
8|6|87|147|81|153|2H|S|11|CK
8|7|278|27|180|240|5S|W|11|CQ
8|7|32|100|202|231|6S|W|13|DK
8|7|12|215|106|97|4H|E|13|S5
8|7|192|50|221|265|5H|E|13|D3
8|7|185|158|105|107|5S|W|11|CQ
8|7|188|251|197|101|5H|E|12|CA
8|7|274|72|218|85|4H|E|13|D2
8|7|14|49|88|267|6H|E|12|CA
8|7|228|270|290|76|5S|W|13|D7
8|7|87|147|81|153|5S|W|11|CQ
8|8|278|27|180|240|2S|N|7|DQ
8|8|32|100|202|231|1N|E|10|S4
8|8|12|215|106|97|1N|E|9|DA
8|8|192|50|221|265|1N|W|8|D7
8|8|185|158|105|107|2S|S|7|D2
8|8|188|251|197|101|1N|E|7|D4
8|8|274|72|218|85|3N|E|9|S5
8|8|14|49|88|267|1N|E|9|S4
8|8|228|270|290|76|2C|E|9|DA
8|8|87|147|81|153|1N|E|10|S4
8|9|278|27|180|240|2H|W|7|S5
8|9|32|100|202|231|2H|W|7|HK
8|9|12|215|106|97|2H|W|8|S4
8|9|192|50|221|265|2H|W|7|S6
8|9|185|158|105|107|2H|W|6|HK
8|9|188|251|197|101|2H|W|7|HK
8|9|274|72|218|85|3N|W|6|D4
8|9|14|49|88|267|2H|W|8|S4
8|9|228|270|290|76|1N|N|7|S5
8|9|87|147|81|153|2H|W|8|S4
9|1|27|215|240|97|3N|N|11|D6
9|1|145|32|91|202|3N|N|10|H6
9|1|278|251|180|105|4DX|E|7|SK
9|1|130|293|101|257|4N|N|11|H6
9|1|188|49|197|267|6CX|N|11|H6
9|1|78|158|211|107|3N|N|11|S2
9|1|14|147|88|153|3NX|N|12|D6
9|1|228|72|290|85|3N|N|11|S2
9|1|270|12|76|106|3N|N|11|H6
9|1|268|87|265|81|3N|N|10|C5
9|10|27|215|240|97|3H|W|9|SK
9|10|145|32|91|202|3H|W|9|SK
9|10|278|251|180|105|2S|N|6|H5
9|10|130|293|101|257|4H|W|10|SK
9|10|188|49|197|267|3H|W|11|SK
9|10|78|158|211|107|2SX|N|5|H5
9|10|14|147|88|153|2H|W|9|CJ
9|10|228|72|290|85|3H|W|9|SK
9|10|270|12|76|106|3N|E|9|S7
9|10|268|87|265|81|3H|W|9|SK
9|11|27|215|240|97|1N|E|8|D4
9|11|145|32|91|202|2C|W|9|D5
9|11|278|251|180|105|1N|E|6|D3
9|11|130|293|101|257|1N|E|7|H3
9|11|188|49|197|267|1N|E|8|D3
9|11|78|158|211|107|2C|W|9|HK
9|11|14|147|88|153|2C|W|9|HK
9|11|228|72|290|85|1N|N|7|H6
9|11|270|12|76|106|2C|W|9|D9
9|11|268|87|265|81|2C|W|9|HK
9|12|27|215|240|97|1S|N|7|CQ
9|12|145|32|91|202|2N|S|7|H2
9|12|278|251|180|105|1S|N|7|CQ
9|12|130|293|101|257|2N|S|8|C8
9|12|188|49|197|267|3N|S|7|H5
9|12|78|158|211|107|2N|S|8|H2
9|12|14|147|88|153|1N|S|8|H5
9|12|228|72|290|85|P||0
9|12|270|12|76|106|2N|S|6|H2
9|12|268|87|265|81|2N|S|8|H2
9|13|27|215|240|97|2H|E|11|SJ
9|13|145|32|91|202|4H|E|11|SJ
9|13|278|251|180|105|4H|E|11|SJ
9|13|130|293|101|257|P||0
9|13|188|49|197|267|4H|E|11|SJ
9|13|78|158|211|107|5CX|W|6|SK
9|13|14|147|88|153|4H|W|11|HT
9|13|228|72|290|85|4H|W|11|SJ
9|13|270|12|76|106|4H|E|11|SJ
9|13|268|87|265|81|2H|E|11|SJ
9|14|27|215|240|97|3N|S|11|D5
9|14|145|32|91|202|3N|N|9|S5
9|14|278|251|180|105|3N|S|10|H2
9|14|130|293|101|257|3N|S|10|D4
9|14|188|49|197|267|3N|S|11|D4
9|14|78|158|211|107|3N|N|10|D6
9|14|14|147|88|153|3N|N|11|HT
9|14|228|72|290|85|3N|N|10|SJ
9|14|270|12|76|106|3N|S|10|H2
9|14|268|87|265|81|3N|N|9|SJ
9|15|27|215|240|97|4D|W|6|DA
9|15|145|32|91|202|3H|N|8|DT
9|15|278|251|180|105|2DX|W|6|S3
9|15|130|293|101|257|3H|S|8|CJ
9|15|188|49|197|267|2H|S|7|D3
9|15|78|158|211|107|2H|N|8|DT
9|15|14|147|88|153|3NX|W|7|DA
9|15|228|72|290|85|4H|N|9|DT
9|15|270|12|76|106|3NX|W|7|DA
9|15|268|87|265|81|3DX|W|7|H2
9|16|27|215|240|97|4H|S|11|CQ
9|16|145|32|91|202|3H|S|10|CQ
9|16|278|251|180|105|4H|S|11|CQ
9|16|130|293|101|257|4H|S|9|CQ
9|16|188|49|197|267|4H|S|11|CQ
9|16|78|158|211|107|4H|S|8|CQ
9|16|14|147|88|153|2D|N|10|CK
9|16|228|72|290|85|4H|S|9|CQ
9|16|270|12|76|106|3N|W|9|D7
9|16|268|87|265|81|4H|S|10|CQ
9|17|27|192|240|221|5SX|W|8|D5
9|17|145|32|91|202|3N|N|8|HK
9|17|278|251|180|105|3N|N|8|HA
9|17|130|293|185|257|3S|W|9|D5
9|17|70|49|209|267|5D|S|10|SQ
9|17|274|158|218|107|3N|N|8|SJ
9|17|72|228|85|290|4S|W|7|CA
9|17|147|14|153|88|3SX|W|8|D5
9|17|270|94|76|106|4SX|W|8|D7
9|17|268|87|265|80|5DX|S|10|H7
9|18|27|192|240|221|3N|S|10|S3
9|18|145|32|91|202|1N|S|10|H2
9|18|278|251|180|105|3N|S|10|S5
9|18|130|293|185|257|3N|N|10|HJ
9|18|70|49|209|267|5D|S|10|CA
9|18|274|158|218|107|1N|S|9|H2
9|18|72|228|85|290|3N|S|10|S3
9|18|147|14|153|88|3N|N|9|HJ
9|18|270|94|76|106|3N|N|9|HJ
9|18|268|87|265|80|3N|S|10|H8
9|19|27|192|240|221|3N|E|11|D2
9|19|145|32|91|202|3N|E|9|D5
9|19|278|251|180|105|3N|E|9|D2
9|19|130|293|185|257|3N|E|9|S5
9|19|70|49|209|267|3N|E|11|D2
9|19|274|158|218|107|3N|E|10|D6
9|19|72|228|85|290|3N|W|9|H3
9|19|147|14|153|88|3N|W|8|DT
9|19|270|94|76|106|3N|E|10|H8
9|19|268|87|265|80|3N|E|9|D6
9|2|27|215|240|97|3N|E|9|DA
9|2|145|32|91|202|3N|E|10|HJ
9|2|278|251|180|105|3N|W|10|DT
9|2|130|293|101|257|3N|E|10|HJ
9|2|188|49|197|267|1N|E|10|HJ
9|2|78|158|211|107|3N|E|10|HJ
9|2|14|147|88|153|3N|E|10|HJ
9|2|228|72|290|85|3N|E|10|DA
9|2|270|12|76|106|3N|E|10|HJ
9|2|268|87|265|81|3N|E|10|HJ
9|20|27|192|240|221|4S|E|11|S3
9|20|145|32|91|202|2S|E|10|DK
9|20|278|251|180|105|4S|E|9|DK
9|20|130|293|185|257|1S|E|9|D8
9|20|70|49|209|267|4H|E|10|DK
9|20|274|158|218|107|4S|E|9|S3
9|20|72|228|85|290|4H|E|8|C8
9|20|147|14|153|88|3N|S|6|S2
9|20|270|94|76|106|2S|E|11|C8
9|20|268|87|265|80|4S|E|8|S6
9|21|27|192|240|221|3H|S|9|C2
9|21|145|32|91|202|3S|W|8|H2
9|21|278|251|180|105|1H|S|11|D5
9|21|130|293|185|257|2H|S|8|D6
9|21|70|49|209|267|2S|W|8|S5
9|21|274|158|218|107|2S|E|9|DT
9|21|72|228|85|290|2S|E|9|DT
9|21|147|14|153|88|2H|S|8|D6
9|21|270|94|76|106|3H|N|8|D2
9|21|268|87|265|80|2S|E|8|DT
9|22|27|192|240|221|4H|S|10|S3
9|22|145|32|91|202|2H|S|10|DQ
9|22|278|251|180|105|4H|S|10|S2
9|22|130|293|185|257|4H|S|10|S3
9|22|70|49|209|267|3N|S|11|S4
9|22|274|158|218|107|3N|N|8|D6
9|22|72|228|85|290|3N|N|7|D6
9|22|147|14|153|88|2H|S|10|DQ
9|22|270|94|76|106|4H|S|10|S2
9|22|268|87|265|80|2N|S|8|S3
9|23|27|192|240|221|4H|S|11|C2
9|23|145|32|91|202|4H|S|11|D8
9|23|278|251|180|105|4H|N|11|CJ
9|23|130|293|185|257|4H|S|11|S7
9|23|70|49|209|267|4H|S|11|S3
9|23|274|158|218|107|4H|N|11|C3
9|23|72|228|85|290|4H|N|11|C3
9|23|147|14|153|88|4H|N|11|CJ
9|23|270|94|76|106|4H|N|10|C3
9|23|268|87|265|80|4SX|W|8|H5
9|24|27|192|240|221|2N|N|6|SJ
9|24|145|32|91|202|2N|N|7|H2
9|24|278|251|180|105|1N|N|7|SJ
9|24|130|293|185|257|2N|N|7|H8
9|24|70|49|209|267|3N|E|6|D4
9|24|274|158|218|107|3H|E|8|HQ
9|24|72|228|85|290|2D|N|8|DK
9|24|147|14|153|88|3H|E|8|D3
9|24|270|94|76|106|3D|S|7|SA
9|24|268|87|265|80|3H|W|8|DQ
9|25|27|192|240|221|4H|W|10|D4
9|25|145|32|91|202|4H|W|10|ST
9|25|278|251|180|105|4H|W|10|C6
9|25|130|293|185|257|4H|W|11|D4
9|25|70|49|209|267|4H|W|11|D4
9|25|274|158|218|107|4H|W|11|D4
9|25|72|228|85|290|4H|E|11|HT
9|25|147|14|153|88|4H|E|11|H8
9|25|270|94|76|106|4H|W|10|ST
9|25|268|87|265|80|4H|W|11|D4
9|26|27|192|240|221|2S|E|6|DK
9|26|145|32|91|202|3NX|N|7|HQ
9|26|278|251|180|105|2S|E|6|DK
9|26|130|293|185|257|2S|E|5|DK
9|26|70|49|209|267|2S|E|6|DK
9|26|274|158|218|107|2S|E|5|DK
9|26|72|228|85|290|3N|S|7|HJ
9|26|147|14|153|88|5C|N|7|HA
9|26|270|94|76|106|2S|E|5|DK
9|26|268|87|265|80|2S|E|5|DK
9|27|27|192|240|221|4S|E|10|H8
9|27|145|32|91|202|4S|E|10|H8
9|27|278|251|180|105|4S|E|10|H8
9|27|130|293|185|257|3S|E|10|H8
9|27|70|49|209|267|3S|E|10|H8
9|27|274|158|218|107|3S|E|10|CQ
9|27|72|228|85|290|4S|E|11|H4
9|27|147|14|153|88|4S|E|11|CQ
9|27|270|94|76|106|4S|E|11|CQ
9|27|268|87|265|80|3S|E|11|CQ
9|28|27|192|240|221|3N|S|11|H8
9|28|145|32|91|202|3N|S|11|DJ
9|28|278|251|180|105|3N|S|11|H8
9|28|130|293|185|257|3N|S|11|C4
9|28|70|49|209|267|3N|S|11|C3
9|28|274|158|218|107|3N|S|11|C2
9|28|72|228|85|290|3N|S|11|H8
9|28|147|14|153|88|3N|S|11|DJ
9|28|270|94|76|106|3N|S|10|DJ
9|28|268|87|265|80|3N|S|12|C4
9|29|27|192|240|221|3N|E|10|C2
9|29|145|32|91|202|3N|E|9|C6
9|29|278|251|180|105|1N|E|7|C2
9|29|130|293|185|257|6NX|E|10|D9
9|29|70|49|209|267|3N|E|9|D7
9|29|274|158|218|107|4N|E|10|C6
9|29|72|228|85|290|3N|E|9|H8
9|29|147|14|153|88|3N|E|9|S7
9|29|270|94|76|106|3N|E|9|D9
9|29|268|87|265|80|3N|E|8|S5
9|3|27|215|240|97|4S|N|9|H5
9|3|145|32|91|202|4S|S|8|HK
9|3|278|251|180|105|4S|S|9|HK
9|3|130|293|101|257|3S|S|9|HK
9|3|188|49|197|267|4S|S|9|HQ
9|3|78|158|211|107|4S|S|9|HK
9|3|14|147|88|153|4S|S|9|HK
9|3|228|72|290|85|4S|S|8|HQ
9|3|270|12|76|106|4S|S|8|HK
9|3|268|87|265|81|4S|S|8|S3
9|30|27|192|240|221|4H|S|10|H2
9|30|145|32|91|202|4H|N|10|CK
9|30|278|251|180|105|4H|S|10|S4
9|30|130|293|185|257|4H|N|10|DT
9|30|70|49|209|267|4H|N|10|CQ
9|30|274|158|218|107|4H|S|10|D2
9|30|72|228|85|290|4H|N|10|CK
9|30|147|14|153|88|3N|S|7|C5
9|30|270|94|76|106|4S|N|10|DT
9|30|268|87|265|80|4H|N|10|CK
9|31|27|192|240|221|5C|W|10|SQ
9|31|145|32|91|202|3N|E|7|S7
9|31|278|251|180|105|3C|W|9|SQ
9|31|130|293|185|257|3C|W|9|SQ
9|31|70|49|209|267|3C|W|9|SQ
9|31|274|158|218|107|3N|W|7|SQ
9|31|72|228|85|290|3N|W|6|SQ
9|31|147|14|153|88|3N|W|7|SQ
9|31|270|94|76|106|3D|W|9|SQ
9|31|268|87|265|80|3N|W|6|SQ
9|32|27|192|240|221|3N|E|11|HJ
9|32|145|32|91|202|5C|W|11|DT
9|32|278|251|180|105|3N|E|11|HJ
9|32|130|293|185|257|3C|W|11|DT
9|32|70|49|209|267|3N|E|9|HJ
9|32|274|158|218|107|3N|E|9|HJ
9|32|72|228|85|290|3C|W|13|H3
9|32|147|14|153|88|3N|E|11|HJ
9|32|270|94|76|106|3H|N|6|C5
9|32|268|87|265|80|3N|E|9|HJ
9|4|27|215|240|97|3C|W|8|S7
9|4|145|32|91|202|1N|W|9|S7
9|4|278|251|180|105|2H|N|8|C6
9|4|130|293|101|257|3H|N|8|C7
9|4|188|49|197|267|3C|W|10|C5
9|4|78|158|211|107|2C|W|9|S7
9|4|14|147|88|153|2H|N|8|C8
9|4|228|72|290|85|2N|E|10|S2
9|4|270|12|76|106|2H|N|7|C6
9|4|268|87|265|81|3C|W|7|S7
9|5|27|215|240|97|6N|N|12|C8
9|5|145|32|91|202|6N|N|12|C9
9|5|278|251|180|105|4N|S|12|D6
9|5|130|293|101|257|6N|N|12|C9
9|5|188|49|197|267|4N|N|11|DT
9|5|78|158|211|107|6N|N|12|C9
9|5|14|147|88|153|3N|S|13|HK
9|5|228|72|290|85|3N|N|12|C8
9|5|270|12|76|106|4N|N|12|DT
9|5|268|87|265|81|6N|N|12|C9
9|6|27|215|240|97|1N|E|9|C6
9|6|145|32|91|202|1N|E|8|C2
9|6|278|251|180|105|1N|E|7|C6
9|6|130|293|101|257|1N|E|8|C6
9|6|188|49|197|267|2H|N|7|DK
9|6|78|158|211|107|3NX|E|9|H7
9|6|14|147|88|153|1N|E|8|C6
9|6|228|72|290|85|3N|E|9|C6
9|6|270|12|76|106|2N|E|6|H3
9|6|268|87|265|81|2N|E|8|C2
9|7|27|215|240|97|4H|E|11|C7
9|7|145|32|91|202|4H|E|12|S4
9|7|278|251|180|105|4H|E|11|C6
9|7|130|293|101|257|4H|E|11|C7
9|7|188|49|197|267|6H|E|12|S5
9|7|78|158|211|107|4H|E|11|S4
9|7|14|147|88|153|6N|E|12|C6
9|7|228|72|290|85|5H|E|11|C7
9|7|270|12|76|106|4H|E|12|S5
9|7|268|87|265|81|5H|E|12|S4
9|8|27|215|240|97|3S|W|9|DA
9|8|145|32|91|202|3S|W|9|DA
9|8|278|251|180|105|4S|W|9|DK
9|8|130|293|101|257|3S|W|9|DA
9|8|188|49|197|267|4C|S|8|HJ
9|8|78|158|211|107|2S|E|9|DA
9|8|14|147|88|153|4S|W|9|DA
9|8|228|72|290|85|3S|W|9|DK
9|8|270|12|76|106|4C|S|8|HJ
9|8|268|87|265|81|5CX|S|9|HJ
9|9|27|215|240|97|2H|N|9|CQ
9|9|145|32|91|202|2S|E|8|H5
9|9|278|251|180|105|2C|E|8|DQ
9|9|130|293|101|257|3S|W|8|HJ
9|9|188|49|197|267|2S|E|9|DQ
9|9|78|158|211|107|2S|W|10|HT
9|9|14|147|88|153|2S|W|8|D2
9|9|228|72|290|85|2S|E|8|DQ
9|9|270|12|76|106|2S|W|8|HJ
9|9|268|87|265|81|3S|W|8|HJ
