1|1|123|289|233|30|5S|N|11|DA
1|1|62|206|237|195|5S|S|10|CK
1|1|223|120|247|249|5S|S|10|CK
1|1|74|176|186|22|4S|S|10|CK
1|1|92|184|86|291|5S|S|10|CK
1|1|129|261|281|182|5S|S|10|CK
1|1|189|56|150|183|5S|S|10|C6
1|1|235|230|51|137|5S|S|11|DA
1|1|299|162|114|179|6CX|E|12|SA
1|1|196|113|198|133|5S|S|10|CK
1|10|123|289|233|30|2S|W|10|DK
1|10|62|206|237|195|4S|W|10|DK
1|10|223|120|247|249|4S|W|10|DK
1|10|74|176|186|22|4S|W|10|DK
1|10|92|184|86|291|4S|W|10|DK
1|10|129|261|281|182|4S|W|10|S2
1|10|189|56|150|183|4S|E|10|DK
1|10|235|230|51|137|4S|W|10|DK
1|10|299|162|114|179|4S|W|10|H3
1|10|196|113|198|133|4S|W|10|DK
1|11|123|289|233|30|3D|W|10|HK
1|11|62|206|237|195|5D|W|10|HK
1|11|223|120|247|249|3S|S|7|SA
1|11|74|176|186|22|5D|W|10|HA
1|11|92|184|86|291|4C|W|6|HK
1|11|129|261|281|182|2D|E|10|S9
1|11|189|56|150|183|3D|E|10|HA
1|11|235|230|51|137|4D|E|10|HA
1|11|299|162|114|179|3D|W|10|HK
1|11|196|113|198|133|4D|E|10|S9
1|12|123|289|233|30|2N|N|6|S5
1|12|62|206|237|195|3N|N|8|H3
1|12|223|120|247|249|2H|E|8|D5
1|12|74|176|186|22|3N|N|8|H4
1|12|92|184|86|291|1N|N|6|S7
1|12|129|261|281|182|2H|W|8|SQ
1|12|189|56|150|183|3N|N|6|SQ
1|12|235|230|51|137|2N|N|8|D4
1|12|299|162|114|179|3N|N|8|H4
1|12|196|113|198|133|3D|S|9|S4
1|13|123|289|233|30|3N|W|8|D5
1|13|62|206|237|195|3N|W|9|DK
1|13|223|120|247|249|3N|E|9|C9
1|13|74|176|186|22|2H|W|8|DK
1|13|92|184|86|291|4H|W|8|DK
1|13|129|261|281|182|3N|W|9|DK
1|13|189|56|150|183|3N|W|9|DK
1|13|235|230|51|137|3S|E|8|D3
1|13|299|162|114|179|3N|W|7|DK
1|13|196|113|198|133|3N|W|8|DK
1|14|123|289|233|30|3N|S|9|H2
1|14|62|206|237|195|3N|S|10|H3
1|14|223|120|247|249|3N|S|9|H2
1|14|74|176|186|22|3N|N|9|HK
1|14|92|184|86|291|3N|N|9|HQ
1|14|129|261|281|182|3N|S|9|H2
1|14|189|56|150|183|3N|S|9|H3
1|14|235|230|51|137|3N|N|10|HK
1|14|299|162|114|179|3N|S|8|H2
1|14|196|113|198|133|3N|S|9|H2
1|15|123|289|233|30|2C|N|7|HQ
1|15|62|206|237|195|1CX|N|7|HK
1|15|223|120|247|249|4H|W|9|CA
1|15|74|176|186|22|4S|S|10|HA
1|15|92|184|86|291|5CX|W|6|H7
1|15|129|261|281|182|3C|W|6|H7
1|15|189|56|150|183|3H|E|7|S3
1|15|235|230|51|137|4S|S|9|H8
1|15|299|162|114|179|4SX|S|9|C2
1|15|196|113|198|133|2H|E|8|S3
1|16|123|289|233|30|3D|S|12|CA
1|16|62|206|237|195|3D|S|11|D2
1|16|223|120|247|249|3N|S|10|C8
1|16|74|176|186|22|1CX|W|6|D5
1|16|92|184|86|291|3N|N|10|H2
1|16|129|261|281|182|3N|N|10|CT
1|16|189|56|150|183|3N|N|12|C7
1|16|235|230|51|137|3N|S|10|C6
1|16|299|162|114|179|3N|N|9|C7
1|16|196|113|198|133|2H|N|8|C7
1|17|123|289|233|30|3N|E|9|DT
1|17|93|206|279|195|3N|E|10|H3
1|17|223|120|247|249|3N|E|10|H2
1|17|74|176|186|22|3N|E|10|S7
1|17|92|184|86|291|3N|E|9|DT
1|17|129|261|281|182|3N|E|10|S6
1|17|189|56|150|183|3N|E|10|H3
1|17|235|230|51|137|3N|E|10|H3
1|17|36|162|96|179|3N|E|8|DT
1|17|139|113|277|133|3N|E|10|H3
1|18|123|289|233|30|4H|N|9|SQ
1|18|93|206|279|195|4H|N|11|SQ
1|18|223|120|247|249|4H|N|9|SQ
1|18|74|176|186|22|4H|N|8|SQ
1|18|92|184|86|291|4H|N|9|C5
1|18|129|261|281|182|4H|N|9|C4
1|18|189|56|150|183|5H|N|9|C2
1|18|235|230|51|137|4H|N|9|C4
1|18|36|162|96|179|4H|N|8|C2
1|18|139|113|277|133|5H|N|9|C4
1|19|123|289|233|30|3N|N|11|S2
1|19|93|206|279|195|3N|N|9|S3
1|19|223|120|247|249|3N|N|7|CA
1|19|74|176|186|22|3N|N|10|S3
1|19|92|184|86|291|3N|N|10|S5
1|19|129|261|281|182|3N|N|10|S3
1|19|189|56|150|183|3D|S|10|HK
1|19|235|230|51|137|3N|N|9|D6
1|19|36|162|96|179|3N|N|10|S2
1|19|139|113|277|133|3D|S|11|HK
1|2|123|289|233|30|2D|W|8|SK
1|2|62|206|237|195|2D|W|8|SA
1|2|223|120|247|249|1N|W|7|S3
1|2|74|176|186|22|1N|W|7|SA
1|2|92|184|86|291|1N|E|7|C5
1|2|129|261|281|182|1N|W|6|C2
1|2|189|56|150|183|2D|W|8|SA
1|2|235|230|51|137|1N|W|7|S3
1|2|299|162|114|179|2C|S|9|HJ
1|2|196|113|198|133|2DX|W|8|SA
1|20|123|289|233|30|3N|N|10|SJ
1|20|93|206|279|195|3N|N|10|SJ
1|20|223|120|247|249|6D|N|10|C6
1|20|74|176|186|22|5D|N|10|C6
1|20|92|184|86|291|3N|S|9|S4
1|20|129|261|281|182|6D|N|11|SJ
1|20|189|56|150|183|3N|S|9|CA
1|20|235|230|51|137|3N|S|9|S4
1|20|36|162|96|179|3N|N|10|ST
1|21|123|289|233|30|3N|N|6|S8
1|21|93|206|279|195|3C|N|10|S6
1|21|223|120|247|249|3D|S|9|SK
1|21|74|176|186|22|2D|S|9|SK
1|21|92|184|86|291|1N|S|7|SK
1|21|129|261|281|182|3C|N|8|S9
1|21|189|56|150|183|3C|N|9|S9
1|21|235|230|51|137|2N|N|7|S9
1|21|36|162|96|179|3N|N|6|S9
1|21|139|113|277|133|3N|N|7|S9
1|22|123|289|233|30|3N|E|9|S7
1|22|93|206|279|195|5C|E|10|H8
1|22|223|120|247|249|5C|W|10|H9
1|22|74|176|186|22|3H|S|6|DQ
1|22|92|184|86|291|5C|E|10|H4
1|22|129|261|281|182|3N|E|11|CT
1|22|189|56|150|183|3N|E|11|S2
1|22|235|230|51|137|3N|E|10|H4
1|22|36|162|96|179|3N|E|9|H4
1|22|139|113|277|133|4HX|S|6|DQ
1|23|123|289|233|30|3H|N|8|SA
1|23|93|206|279|195|4H|S|9|SK
1|23|223|120|247|249|5CX|S|7|H2
1|23|74|176|186|22|4SX|W|10|HA
1|23|92|184|86|291|3H|S|9|SK
1|23|129|261|281|182|5H|S|9|SK
1|23|189|56|150|183|3S|E|9|H5
1|23|235|230|51|137|4S|E|9|HK
1|23|36|162|96|179|5H|S|8|SK
1|23|139|113|277|133|4H|N|8|SA
1|24|123|289|233|30|4H|E|10|D4
1|24|93|206|279|195|4H|W|11|C3
1|24|223|120|247|249|4H|W|11|S4
1|24|74|176|186|22|4H|E|10|D6
1|24|92|184|86|291|4H|W|11|S3
1|24|129|261|281|182|4H|W|11|S3
1|24|189|56|150|183|5HX|E|11|SA
1|24|235|230|51|137|4H|W|11|S3
1|24|36|162|96|179|4H|W|11|S3
1|24|139|113|277|133|4H|E|10|D4
1|25|123|289|233|30|2N|N|9|S7
1|25|93|206|279|195|1N|N|5|DT
1|25|223|120|247|249|2H|W|8|D6
1|25|74|176|186|22|3C|S|7|SQ
1|25|92|184|86|291|2N|N|8|D5
1|25|129|261|281|182|3N|N|9|ST
1|25|189|56|150|183|2D|W|8|CA
1|25|235|230|51|137|2N|N|8|DT
1|25|36|162|96|179|3H|E|8|S2
1|25|139|113|277|133|2N|S|9|H2
1|26|123|289|233|30|3D|S|11|H7
1|26|93|206|279|195|2D|S|10|H6
1|26|223|120|247|249|3H|E|9|SJ
1|26|74|176|186|22|4D|S|10|H6
1|26|92|184|86|291|3D|S|11|H5
1|26|129|261|281|182|3H|E|9|CJ
1|26|189|56|150|183|3H|E|8|CJ
1|26|235|230|51|137|2H|E|8|SJ
1|26|36|162|96|179|4D|S|10|H9
1|26|139|113|277|133|3N|N|10|D3
1|27|123|289|233|30|3N|W|10|S2
1|27|93|206|279|195|3N|E|10|S3
1|27|223|120|247|249|3N|W|11|S9
1|27|74|176|186|22|3N|W|10|S2
1|27|92|184|86|291|3N|W|11|S3
1|27|129|261|281|182|3N|W|10|S3
1|27|189|56|150|183|3N|W|9|S3
1|27|235|230|51|137|3N|W|10|S3
1|27|36|162|96|179|3N|W|10|S3
1|27|139|113|277|133|3N|W|10|S3
1|28|123|289|233|30|6H|W|11|DQ
1|28|93|206|279|195|6H|W|12|DQ
1|28|223|120|247|249|6H|W|12|DK
1|28|74|176|186|22|6H|W|12|DK
1|28|92|184|86|291|6H|W|11|DK
1|28|129|261|281|182|4H|W|12|C3
1|28|189|56|150|183|4H|W|11|S9
1|28|235|230|51|137|6H|W|11|DK
1|28|36|162|96|179|5H|W|11|DK
1|28|139|113|277|133|4H|E|11|DK
1|29|123|289|233|30|2N|S|8|CJ
1|29|93|206|279|195|4H|S|10|CJ
1|29|223|120|247|249|2H|N|10|HT
1|29|74|176|186|22|2H|N|10|HT
1|29|92|184|86|291|2H|S|11|S2
1|29|129|261|281|182|2S|W|8|ST
1|29|189|56|150|183|4H|N|11|C4
1|29|235|230|51|137|2H|N|10|HT
1|29|36|162|96|179|2H|N|11|C4
1|29|139|113|277|133|3N|S|9|C6
1|3|123|289|233|30|3N|E|11|D2
1|3|62|206|237|195|3N|E|11|D2
1|3|223|120|247|249|3N|E|11|D5
1|3|74|176|186|22|3N|E|9|D4
1|3|92|184|86|291|3N|E|11|D2
1|3|129|261|281|182|3N|E|11|D2
1|3|189|56|150|183|3N|E|9|D2
1|3|235|230|51|137|3N|E|12|H2
1|3|299|162|114|179|3N|E|12|S3
1|3|196|113|198|133|3N|E|9|D2
1|30|123|289|233|30|4H|S|11|S4
1|30|93|206|279|195|5C|N|12|SK
1|30|223|120|247|249|5H|S|12|S4
1|30|74|176|186|22|4SX|W|7|DK
1|30|92|184|86|291|4H|S|12|S4
1|30|129|261|281|182|4H|S|12|S4
1|30|189|56|150|183|4H|S|11|SQ
1|30|235|230|51|137|4H|S|11|S4
1|30|36|162|96|179|4SX|E|7|DK
1|30|139|113|277|133|4H|S|12|S4
1|31|123|289|233|30|3C|S|8|H4
1|31|93|206|279|195|2S|E|7|D6
1|31|223|120|247|249|2S|W|8|DA
1|31|74|176|186|22|2S|E|7|D8
1|31|92|184|86|291|2S|W|9|DA
1|31|129|261|281|182|2S|E|7|HJ
1|31|189|56|150|183|2H|E|9|C3
1|31|235|230|51|137|2H|W|8|DA
1|31|36|162|96|179|2S|E|8|D6
1|31|139|113|277|133|2H|E|8|C7
1|32|123|289|233|30|3N|N|9|ST
1|32|93|206|279|195|3N|N|9|ST
1|32|223|120|247|249|3N|N|10|ST
1|32|74|176|186|22|3N|N|9|ST
1|32|92|184|86|291|3N|S|9|H2
1|32|129|261|281|182|3N|N|10|ST
1|32|189|56|150|183|3N|N|9|ST
1|32|235|230|51|137|3N|S|10|S7
1|32|36|162|96|179|3N|N|10|ST
1|32|139|113|277|133|3N|N|10|ST
1|4|123|289|233|30|6H|S|10|CJ
1|4|62|206|237|195|3N|N|9|S4
1|4|223|120|247|249|3N|N|10|S5
1|4|74|176|186|22|6H|S|11|CJ
1|4|92|184|86|291|3N|N|11|C5
1|4|129|261|281|182|3N|N|11|S5
1|4|189|56|150|183|3N|N|11|CK
1|4|235|230|51|137|3N|N|11|CK
1|4|299|162|114|179|3N|N|10|S5
1|4|196|113|198|133|3N|N|9|C6
1|5|123|289|233|30|3N|S|9|HQ
1|5|62|206|237|195|4S|E|10|HA
1|5|223|120|247|249|4NX|E|9|DJ
1|5|74|176|186|22|4N|S|9|HK
1|5|92|184|86|291|4S|E|10|DJ
1|5|129|261|281|182|5SX|E|10|CA
1|5|189|56|150|183|4S|E|10|HA
1|5|235|230|51|137|4S|E|10|HT
1|5|299|162|114|179|4S|E|10|SA
1|5|196|113|198|133|4NX|S|9|HK
1|6|123|289|233|30|2S|W|9|D5
1|6|62|206|237|195|3D|W|9|H3
1|6|223|120|247|249|3C|S|8|DA
1|6|74|176|186|22|3D|W|10|H3
1|6|92|184|86|291|2D|W|10|H2
1|6|129|261|281|182|4D|W|10|CA
1|6|189|56|150|183|2S|W|8|D5
1|6|235|230|51|137|3N|E|7|C4
1|6|299|162|114|179|2D|W|11|D5
1|6|196|113|198|133|2N|S|7|DJ
1|7|123|289|233|30|2S|N|7|DA
1|7|62|206|237|195|3D|E|10|HK
1|7|223|120|247|249|3D|E|9|HK
1|7|74|176|186|22|3D|E|9|SQ
1|7|92|184|86|291|2H|W|9|CJ
1|7|129|261|281|182|3N|W|7|CJ
1|7|189|56|150|183|2SX|S|7|D7
1|7|235|230|51|137|3D|E|10|SQ
1|7|299|162|114|179|1N|W|6|S4
1|7|196|113|198|133|1N|W|7|H9
1|8|123|289|233|30|3D|W|8|S4
1|8|62|206|237|195|3N|S|6|DT
1|8|223|120|247|249|1N|S|7|H5
1|8|74|176|186|22|2S|N|6|DQ
1|8|92|184|86|291|2S|S|6|DT
1|8|129|261|281|182|3N|S|8|DT
1|8|189|56|150|183|4C|E|7|S3
1|8|235|230|51|137|2S|N|5|H7
1|8|299|162|114|179|3N|S|7|D8
1|8|196|113|198|133|3N|S|5|DT
1|9|123|289|233|30|4C|W|11|HK
1|9|62|206|237|195|5C|W|10|H3
1|9|223|120|247|249|4C|E|10|H6
1|9|74|176|186|22|3H|N|8|DQ
1|9|92|184|86|291|3C|E|10|H7
1|9|129|261|281|182|3N|E|7|H6
1|9|189|56|150|183|4C|E|10|H9
1|9|235|230|51|137|5C|E|10|H6
1|9|299|162|114|179|3C|E|11|H3
1|9|196|113|198|133|5C|E|10|H3
2|1|74|123|186|233|2S|N|8|HQ
2|1|206|120|195|249|3S|S|7|H5
2|1|129|176|281|22|3C|E|9|HA
2|1|223|184|247|291|2S|S|6|H5
2|1|235|261|51|182|3C|E|10|D4
2|1|288|56|199|183|2S|S|8|H3
2|1|196|194|198|150|3S|S|8|CT
2|1|189|139|137|277|3D|N|6|HQ
2|1|62|299|237|114|3C|E|10|S6
2|1|36|93|96|279|2S|S|7|CT
2|10|74|123|186|233|5D|E|9|HK
2|10|206|120|195|249|6D|E|10|HK
2|10|129|176|281|22|5D|E|10|HK
2|10|223|184|247|291|3D|W|9|HT
2|10|235|261|51|182|3D|W|9|HT
2|10|288|56|199|183|3D|W|9|HT
2|10|196|194|198|150|4DX|E|8|HK
2|10|189|139|137|277|3D|W|10|HT
2|10|62|299|237|114|5D|E|10|HK
2|10|36|93|96|279|3HX|S|8|C5
2|11|74|123|186|233|4H|E|11|S7
2|11|206|120|195|249|4H|E|10|S4
2|11|129|176|281|22|4H|E|9|H8
2|11|223|184|247|291|4H|E|10|H8
2|11|235|261|51|182|5H|E|10|D7
2|11|288|56|199|183|4H|E|11|S4
2|11|196|194|198|150|4H|E|11|S2
2|11|189|139|137|277|4H|E|9|CA
2|11|62|299|237|114|6H|W|9|H8
2|11|36|93|96|279|5H|E|10|D7
2|12|74|123|186|233|3C|W|9|HQ
2|12|206|120|195|249|3N|S|7|C5
2|12|129|176|281|22|3N|S|7|S7
2|12|223|184|247|291|2H|N|9|HT
2|12|235|261|51|182|4H|N|9|HT
2|12|288|56|199|183|4C|W|9|HQ
2|12|196|194|198|150|2H|N|7|HT
2|12|189|139|137|277|3H|N|9|HT
2|12|62|299|237|114|4H|N|9|DT
2|12|36|93|96|279|3C|W|9|HQ
2|13|74|123|186|233|3C|N|8|SJ
2|13|206|120|195|249|2N|N|7|SJ
2|13|129|176|281|22|3C|N|8|SJ
2|13|223|184|247|291|3S|N|8|SJ
2|13|235|261|51|182|4S|N|9|SJ
2|13|288|56|199|183|2S|N|9|H8
2|13|196|194|198|150|2N|N|6|SJ
2|13|189|139|137|277|2N|N|7|SJ
2|13|62|299|237|114|2N|N|7|SJ
2|13|36|93|96|279|2N|N|8|SJ
2|14|74|123|186|233|3N|S|10|C6
2|14|206|120|195|249|3N|S|9|C3
2|14|129|176|281|22|3N|S|9|C2
2|14|223|184|247|291|3N|N|10|C4
2|14|235|261|51|182|3N|S|9|H9
2|14|288|56|199|183|3N|S|9|C7
2|14|196|194|198|150|3N|S|10|C3
2|14|189|139|137|277|2N|S|10|H3
2|14|62|299|237|114|3N|S|9|C2
2|14|36|93|96|279|3N|S|10|C6
2|15|74|123|186|233|3S|W|6|HQ
2|15|206|120|195|249|3H|S|9|S4
2|15|129|176|281|22|4H|S|11|S3
2|15|223|184|247|291|2H|N|11|H5
2|15|235|261|51|182|3S|W|10|HQ
2|15|288|56|199|183|4H|S|11|S3
2|15|196|194|198|150|4H|S|12|D5
2|15|189|139|137|277|4HX|N|10|S7
2|15|62|299|237|114|2S|W|7|HQ
2|15|36|93|96|279|3H|S|11|D6
2|16|74|123|186|233|4S|E|10|HT
2|16|206|120|195|249|3S|E|11|HT
2|16|129|176|281|22|2S|E|10|HT
2|16|223|184|247|291|3S|E|9|H9
2|16|235|261|51|182|4HX|S|9|DA
2|16|288|56|199|183|3H|S|9|DA
2|16|196|194|198|150|3S|E|10|H3
2|16|189|139|137|277|3S|E|10|H4
2|16|62|299|237|114|3H|S|9|DK
2|16|36|93|96|279|4S|W|9|HA
2|17|120|123|249|233|4DX|W|8|D5
2|17|206|74|195|186|1N|N|6|H8
2|17|129|176|281|22|3S|N|8|C6
2|17|223|184|247|291|2S|N|8|C4
2|17|235|261|51|182|3H|E|9|S6
2|17|288|56|199|183|3S|N|8|DA
2|17|162|194|179|150|4H|E|9|S5
2|17|189|196|137|198|2S|N|8|H2
2|17|62|299|237|114|1N|N|8|SQ
2|17|113|289|133|30|2N|E|7|S6
2|18|120|123|249|233|5C|E|10|S2
2|18|206|74|195|186|5C|W|8|SA
2|18|129|176|281|22|4SX|N|9|D8
2|18|223|184|247|291|5C|W|8|H2
2|18|235|261|51|182|4SX|N|9|D8
2|18|288|56|199|183|5C|W|11|SA
2|18|162|194|179|150|3S|N|10|D8
2|18|189|196|137|198|4SX|N|9|D8
2|18|62|299|237|114|3NX|E|7|S2
2|18|113|289|133|30|5C|W|9|H2
2|19|120|123|249|233|1N|S|5|D4
2|19|206|74|195|186|2H|N|8|CJ
2|19|129|176|281|22|2H|S|7|S6
2|19|223|184|247|291|2H|N|8|CJ
2|19|235|261|51|182|1N|S|5|D4
2|19|288|56|199|183|3C|E|8|S5
2|19|162|194|179|150|2H|N|8|CJ
2|19|189|196|137|198|1N|S|5|D4
2|19|62|299|237|114|3H|N|7|CJ
2|19|113|289|133|30|1N|S|5|D4
2|2|74|123|186|233|4S|S|9|DQ
2|2|206|120|195|249|4S|S|9|S8
2|2|129|176|281|22|4S|S|9|DQ
2|2|223|184|247|291|5CX|W|10|SA
2|2|235|261|51|182|5CX|W|11|SA
2|2|288|56|199|183|5CX|W|11|H9
2|2|196|194|198|150|5CX|W|11|SA
2|2|189|139|137|277|5DX|E|11|HK
2|2|62|299|237|114|5D|E|13|HK
2|2|36|93|96|279|4S|S|9|DQ
2|20|120|123|249|233|1S|W|9|C9
2|20|206|74|195|186|3N|W|9|D5
2|20|129|176|281|22|3N|W|7|C9
2|20|223|184|247|291|3N|E|8|H6
2|20|235|261|51|182|3N|E|8|H6
2|20|288|56|199|183|3N|W|10|S9
2|20|162|194|179|150|3N|W|10|C5
2|20|189|196|137|198|3N|W|10|D5
2|20|62|299|237|114|3D|W|9|H2
2|20|113|289|133|30|1S|W|9|H2
2|21|120|123|249|233|3N|W|9|SK
2|21|206|74|195|186|4H|E|9|C6
2|21|129|176|281|22|4H|E|10|C4
2|21|223|184|247|291|4H|E|9|DQ
2|21|235|261|51|182|3N|W|7|C7
2|21|288|56|199|183|4N|E|9|C3
2|21|162|194|179|150|4H|E|9|DQ
2|21|189|196|137|198|4H|E|8|C4
2|21|62|299|237|114|3D|E|9|H7
2|21|113|289|133|30|2S|S|4|CK
2|22|120|123|249|233|4N|E|10|C6
2|22|206|74|195|186|3N|E|10|C7
2|22|129|176|281|22|4N|W|10|H2
2|22|223|184|247|291|5D|E|11|C6
2|22|235|261|51|182|3N|E|12|H2
2|22|288|56|199|183|3N|W|10|ST
2|22|162|194|179|150|3N|E|10|D6
2|22|189|196|137|198|3N|E|11|C6
2|22|62|299|237|114|4S|W|11|CJ
2|22|113|289|133|30|3N|W|10|CJ
2|23|120|123|249|233|3C|N|10|ST
2|23|206|74|195|186|2H|E|8|C7
2|23|129|176|281|22|2H|E|8|D2
2|23|223|184|247|291|3H|W|8|D4
2|23|235|261|51|182|2H|W|8|SJ
2|23|288|56|199|183|3H|W|8|D6
2|23|162|194|179|150|3C|N|9|S2
2|23|189|196|137|198|4H|E|9|SK
2|23|62|299|237|114|3H|W|8|SJ
2|23|113|289|133|30|3C|S|10|HJ
2|24|120|123|249|233|2H|W|9|C2
2|24|206|74|195|186|4HX|W|9|C4
2|24|129|176|281|22|4H|W|9|C2
2|24|223|184|247|291|3N|E|9|SA
2|24|235|261|51|182|4H|W|10|S5
2|24|288|56|199|183|4H|W|9|S6
2|24|162|194|179|150|4H|W|10|S6
2|24|189|196|137|198|4H|W|8|S5
2|24|62|299|237|114|4H|W|9|C7
2|24|113|289|133|30|4H|W|9|S5
2|25|120|123|249|233|6H|E|13|SJ
2|25|206|74|195|186|4H|W|12|CT
2|25|129|176|281|22|4H|W|12|D4
2|25|223|184|247|291|4H|W|12|D5
2|25|235|261|51|182|6H|E|12|CQ
2|25|288|56|199|183|4H|W|13|CT
2|25|162|194|179|150|4H|W|12|CT
2|25|189|196|137|198|6H|E|12|SJ
2|25|62|299|237|114|4S|W|12|HT
2|25|113|289|133|30|5H|W|12|D4
2|26|120|123|249|233|2H|W|10|H5
2|26|206|74|195|186|4H|W|11|DT
2|26|129|176|281|22|1S|S|4|S3
2|26|223|184|247|291|3H|E|10|CA
2|26|235|261|51|182|2C|N|5|HT
2|26|288|56|199|183|1N|S|4|H3
2|26|162|194|179|150|3C|S|6|C4
2|26|189|196|137|198|1N|S|5|H2
2|26|62|299|237|114|2H|W|10|D6
2|26|113|289|133|30|1N|S|3|H2
2|27|120|123|249|233|4H|N|9|CK
2|27|206|74|195|186|4H|N|9|CA
2|27|129|176|281|22|4H|N|9|CA
2|27|223|184|247|291|3H|N|8|CA
2|27|235|261|51|182|4H|N|9|D2
2|27|288|56|199|183|5H|N|9|CK
2|27|162|194|179|150|4H|N|9|D2
2|27|189|196|137|198|4H|N|9|D2
2|27|62|299|237|114|4S|S|9|DK
2|27|113|289|133|30|4H|N|9|CA
2|28|120|123|249|233|2CX|S|6|SQ
2|28|206|74|195|186|2CX|S|7|D9
2|28|129|176|281|22|2S|E|6|CQ
2|28|223|184|247|291|2S|E|6|CQ
2|28|235|261|51|182|2CX|S|7|SQ
2|28|288|56|199|183|2S|E|7|CQ
2|28|162|194|179|150|2N|W|4|C5
2|28|189|196|137|198|2S|E|5|CQ
2|28|62|299|237|114|2CX|S|7|SQ
2|28|113|289|133|30|2SX|N|5|HT
2|29|120|123|249|233|4N|N|12|H7
2|29|206|74|195|186|5D|N|11|S9
2|29|129|176|281|22|6D|N|11|H4
2|29|223|184|247|291|4N|S|12|HA
2|29|235|261|51|182|5D|S|12|DT
2|29|288|56|199|183|4S|S|12|DT
2|29|162|194|179|150|6N|N|12|H5
2|29|189|196|137|198|6D|N|11|H5
2|29|62|299|237|114|6C|N|12|H6
2|29|113|289|133|30|6N|N|12|H7
2|3|74|123|186|233|3N|N|11|S2
2|3|206|120|195|249|6D|S|11|D8
2|3|129|176|281|22|6D|S|12|C7
2|3|223|184|247|291|3N|N|10|S2
2|3|235|261|51|182|3N|N|9|C4
2|3|288|56|199|183|3N|N|10|C5
2|3|196|194|198|150|5D|S|11|D4
2|3|189|139|137|277|3N|S|9|C4
2|3|62|299|237|114|3N|N|10|S3
2|3|36|93|96|279|5D|S|12|C3
2|30|120|123|249|233|3H|S|11|SQ
2|30|206|74|195|186|3H|S|10|SQ
2|30|129|176|281|22|3HX|S|10|SQ
2|30|223|184|247|291|2H|S|10|C4
2|30|235|261|51|182|4D|E|9|D8
2|30|288|56|199|183|4HX|S|10|DA
2|30|162|194|179|150|2H|S|9|DA
2|30|189|196|137|198|2S|E|5|HJ
2|30|62|299|237|114|3H|S|10|SQ
2|30|113|289|133|30|3H|S|10|SQ
2|31|120|123|249|233|1N|W|9|H2
2|31|206|74|195|186|3N|W|9|H3
2|31|129|176|281|22|1N|E|9|SQ
2|31|223|184|247|291|1N|W|10|H2
2|31|235|261|51|182|3N|E|9|SQ
2|31|288|56|199|183|3N|E|9|SQ
2|31|162|194|179|150|1N|W|9|H2
2|31|189|196|137|198|3N|E|9|SQ
2|31|62|299|237|114|3N|E|9|SQ
2|31|113|289|133|30|3N|E|9|SQ
2|32|120|123|249|233|3N|W|7|ST
2|32|206|74|195|186|2C|W|7|ST
2|32|129|176|281|22|3N|E|7|HJ
2|32|223|184|247|291|3N|W|9|ST
2|32|235|261|51|182|1N|W|9|C7
2|32|288|56|199|183|3N|W|8|C7
2|32|162|194|179|150|1N|W|10|ST
2|32|189|196|137|198|1N|W|8|ST
2|32|62|299|237|114|3N|W|8|DQ
2|32|113|289|133|30|3N|W|9|C7
2|4|74|123|186|233|3N|W|12|H5
2|4|206|120|195|249|3N|E|11|SQ
2|4|129|176|281|22|3N|W|11|H4
2|4|223|184|247|291|3N|E|11|SQ
2|4|235|261|51|182|3N|W|11|H4
2|4|288|56|199|183|3N|E|11|SQ
2|4|196|194|198|150|3N|W|10|S8
2|4|189|139|137|277|3N|W|11|S8
2|4|62|299|237|114|3N|E|11|H4
2|4|36|93|96|279|3N|W|11|DJ
2|5|74|123|186|233|3CX|W|9|S6
2|5|206|120|195|249|2S|S|7|C7
2|5|129|176|281|22|2S|S|8|S8
2|5|223|184|247|291|2S|S|9|C9
2|5|235|261|51|182|2S|S|7|C9
2|5|288|56|199|183|2S|N|9|C3
2|5|196|194|198|150|3S|S|9|HQ
2|5|189|139|137|277|3S|S|6|HQ
2|5|62|299|237|114|2S|S|8|HQ
2|5|36|93|96|279|2S|S|8|HQ
2|6|74|123|186|233|5DX|S|9|D7
2|6|206|120|195|249|3D|S|9|D7
2|6|129|176|281|22|4S|S|4|C2
2|6|223|184|247|291|4D|S|9|C3
2|6|235|261|51|182|3D|S|9|D7
2|6|288|56|199|183|3N|W|7|S8
2|6|196|194|198|150|3H|E|7|DA
2|6|189|139|137|277|5D|S|9|SK
2|6|62|299|237|114|3D|S|9|C9
2|6|36|93|96|279|3H|E|6|DA
2|7|74|123|186|233|4S|W|10|CK
2|7|206|120|195|249|3S|W|10|DA
2|7|129|176|281|22|4S|W|10|S2
2|7|223|184|247|291|3S|W|10|CQ
2|7|235|261|51|182|3S|W|10|CK
2|7|288|56|199|183|3S|W|10|CK
2|7|196|194|198|150|4SX|W|10|S5
2|7|189|139|137|277|4S|W|10|CK
2|7|62|299|237|114|3S|W|10|CK
2|7|36|93|96|279|4S|W|11|DA
2|8|74|123|186|233|3N|S|10|H4
2|8|206|120|195|249|2N|S|10|C2
2|8|129|176|281|22|2HX|E|6|HA
2|8|223|184|247|291|1NXX|W|3|D4
2|8|235|261|51|182|2S|S|10|H4
2|8|288|56|199|183|1N|W|3|D4
2|8|196|194|198|150|3N|N|8|H2
2|8|189|139|137|277|3N|N|11|S3
2|8|62|299|237|114|3N|N|10|S3
2|8|36|93|96|279|2D|E|4|CJ
2|9|74|123|186|233|3N|N|8|S8
2|9|206|120|195|249|4H|S|10|C5
2|9|129|176|281|22|4H|N|9|D2
2|9|223|184|247|291|4H|N|9|D9
2|9|235|261|51|182|4H|S|9|C5
2|9|288|56|199|183|4H|N|9|D9
2|9|196|194|198|150|2N|N|7|D5
2|9|189|139|137|277|3N|N|7|S8
2|9|62|299|237|114|4H|N|11|H8
2|9|36|93|96|279|4H|S|10|C5
3|1|123|184|233|291|3N|S|7|H3
3|1|129|206|281|195|4D|N|9|HK
3|1|223|56|247|183|3H|E|8|C3
3|1|235|176|51|22|5D|N|10|HK
3|1|92|162|86|179|3D|N|11|HK
3|1|139|288|277|199|3H|E|6|C3
3|1|194|299|189|114|2N|S|8|S3
3|1|113|230|133|137|3H|E|8|DA
3|1|74|289|186|30|3N|S|9|S2
3|1|93|120|279|249|3N|S|7|H6
3|10|123|184|233|291|2N|E|7|H4
3|10|129|206|281|195|1N|W|7|S7
3|10|223|56|247|183|2N|E|7|S9
3|10|235|176|51|22|1N|E|9|H4
3|10|92|162|86|179|2S|N|8|H7
3|10|139|288|277|199|2N|E|8|H4
3|10|194|299|189|114|1N|W|7|ST
3|10|113|230|133|137|1N|E|7|S3
3|10|74|289|186|30|1N|W|7|ST
3|10|93|120|279|249|1N|W|7|ST
3|11|123|184|233|291|1N|N|7|D3
3|11|129|206|281|195|1N|S|5|SQ
3|11|223|56|247|183|2C|E|8|D9
3|11|235|176|51|22|2D|W|8|CJ
3|11|92|162|86|179|1N|N|6|CK
3|11|139|288|277|199|1N|S|6|SQ
3|11|194|299|189|114|1N|N|7|D2
3|11|113|230|133|137|2D|W|6|S2
3|11|74|289|186|30|1N|N|6|CQ
3|11|93|120|279|249|1N|N|6|D3
3|12|123|184|233|291|2D|W|8|SJ
3|12|129|206|281|195|1N|W|6|SJ
3|12|223|56|247|183|3D|E|7|SA
3|12|235|176|51|22|3C|E|9|SA
3|12|92|162|86|179|2S|S|10|DQ
3|12|139|288|277|199|3D|W|8|SJ
3|12|194|299|189|114|3N|E|6|S7
3|12|113|230|133|137|3D|W|6|SJ
3|12|74|289|186|30|1S|N|9|D3
3|12|93|120|279|249|2S|N|10|D3
3|13|123|184|233|291|3C|S|9|S4
3|13|129|206|281|195|2S|W|10|CT
3|13|223|56|247|183|1N|S|9|S4
3|13|235|176|51|22|3H|N|10|CJ
3|13|92|162|86|179|3H|N|10|CJ
3|13|139|288|277|199|3H|N|9|CJ
3|13|194|299|189|114|3S|W|9|S5
3|13|113|230|133|137|2S|E|9|HK
3|13|74|289|186|30|2H|N|10|S2
3|13|93|120|279|249|2H|S|9|SQ
3|14|123|184|233|291|5DX|N|8|S3
3|14|129|206|281|195|4H|E|12|SJ
3|14|223|56|247|183|4H|W|11|SJ
3|14|235|176|51|22|5H|E|11|CA
3|14|92|162|86|179|4H|E|11|CA
3|14|139|288|277|199|4H|E|12|D2
3|14|194|299|189|114|4S|E|12|H9
3|14|113|230|133|137|3H|E|12|SJ
3|14|74|289|186|30|4H|E|12|D2
3|14|93|120|279|249|5CX|S|9|C7
3|15|123|184|233|291|4H|E|12|SK
3|15|129|206|281|195|6H|E|12|SK
3|15|223|56|247|183|4H|E|12|SK
3|15|235|176|51|22|4H|E|12|SK
3|15|92|162|86|179|4H|E|12|SK
3|15|139|288|277|199|5C|W|12|H2
3|15|194|299|189|114|7CXX|W|12|S4
3|15|113|230|133|137|4H|E|13|SK
3|15|74|289|186|30|4H|E|12|SK
3|15|93|120|279|249|4H|E|12|SK
3|16|123|184|233|291|1N|E|6|H4
3|16|129|206|281|195|2H|S|8|SA
3|16|223|56|247|183|2S|W|8|H8
3|16|235|176|51|22|1N|W|7|D3
3|16|92|162|86|179|3H|S|7|SA
3|16|139|288|277|199|3H|S|9|SA
3|16|194|299|189|114|2H|S|8|SK
3|16|113|230|133|137|3H|S|9|SA
3|16|74|289|186|30|2S|E|7|DK
3|16|93|120|279|249|2S|W|7|DQ
3|17|123|184|233|291|4S|N|10|D2
3|17|129|206|281|195|4S|N|9|D5
3|17|223|56|247|183|4S|N|10|CA
3|17|235|176|51|22|4S|N|9|D5
3|17|92|196|86|198|4S|N|10|D2
3|17|139|288|277|199|4S|N|9|D5
3|17|194|36|189|96|4S|N|9|D2
3|17|113|230|133|137|4S|N|10|CA
3|17|120|62|249|237|4S|N|9|D5
3|17|93|74|279|186|3S|N|9|D5
3|18|123|184|233|291|4C|E|12|HK
3|18|129|206|281|195|5C|E|12|HK
3|18|223|56|247|183|6D|W|12|D9
3|18|235|176|51|22|3N|W|8|H7
3|18|92|196|86|198|5C|E|12|HK
3|18|139|288|277|199|5C|E|12|HK
3|18|194|36|189|96|6C|E|12|HA
3|18|113|230|133|137|6D|E|12|HA
3|18|120|62|249|237|5D|W|12|HT
3|18|93|74|279|186|5C|E|12|HK
3|19|123|184|233|291|4H|S|9|S4
3|19|129|206|281|195|4H|S|9|S3
3|19|223|56|247|183|4H|N|9|CQ
3|19|235|176|51|22|4H|S|9|CK
3|19|92|196|86|198|4H|S|9|S4
3|19|139|288|277|199|4H|N|9|CQ
3|19|194|36|189|96|4H|S|9|CK
3|19|113|230|133|137|4H|S|9|S4
3|19|120|62|249|237|4H|S|9|S4
3|19|93|74|279|186|4H|S|9|S2
3|2|123|184|233|291|6D|E|12|H5
3|2|129|206|281|195|6D|E|12|ST
3|2|223|56|247|183|3N|W|13|H3
3|2|235|176|51|22|3N|W|13|S4
3|2|92|162|86|179|6N|W|12|D5
3|2|139|288|277|199|3N|W|13|C8
3|2|194|299|189|114|3N|W|13|S4
3|2|113|230|133|137|3N|W|11|SK
3|2|74|289|186|30|3N|W|12|C5
3|2|93|120|279|249|3N|E|12|ST
3|20|123|184|233|291|4H|S|10|SA
3|20|129|206|281|195|4H|S|11|C9
3|20|223|56|247|183|3D|W|8|CA
3|20|235|176|51|22|4H|S|11|D8
3|20|92|196|86|198|2S|W|6|D4
3|20|139|288|277|199|4H|S|12|C9
3|20|194|36|189|96|4H|S|12|D8
3|20|113|230|133|137|4H|N|11|DQ
3|20|120|62|249|237|4H|S|11|D7
3|20|93|74|279|186|4H|N|11|DQ
3|21|123|184|233|291|3C|E|9|D6
3|21|129|206|281|195|4S|W|8|DA
3|21|223|56|247|183|3N|W|7|D7
3|21|235|176|51|22|3N|W|8|H8
3|21|92|196|86|198|3S|W|8|HK
3|21|139|288|277|199|4S|W|9|HK
3|21|194|36|189|96|4C|E|9|D6
3|21|113|230|133|137|3S|W|8|HK
3|21|120|62|249|237|3N|W|7|D7
3|21|93|74|279|186|1S|W|8|DA
3|22|123|184|233|291|3N|S|11|H3
3|22|129|206|281|195|3N|S|10|S3
3|22|223|56|247|183|3N|S|10|H3
3|22|235|176|51|22|3N|S|11|C2
3|22|92|196|86|198|3N|S|10|S2
3|22|139|288|277|199|3N|S|11|S2
3|22|194|36|189|96|3N|S|11|S2
3|22|113|230|133|137|3N|S|9|S2
3|22|120|62|249|237|3N|S|11|S2
3|22|93|74|279|186|3N|S|11|S3
3|23|123|184|233|291|5C|W|10|DA
3|23|129|206|281|195|3D|S|8|D2
3|23|223|56|247|183|3N|E|10|D6
3|23|235|176|51|22|3C|W|11|DQ
3|23|92|196|86|198|5C|E|10|S3
3|23|139|288|277|199|2S|S|6|HK
3|23|194|36|189|96|3DX|N|8|D4
3|23|113|230|133|137|3D|N|9|H9
3|23|120|62|249|237|3DX|N|8|D4
3|23|93|74|279|186|4H|W|10|C9
3|24|123|184|233|291|3N|S|9|H5
3|24|129|206|281|195|3N|S|11|H5
3|24|223|56|247|183|3N|S|9|H5
3|24|235|176|51|22|3N|S|7|H5
3|24|139|288|277|199|3N|N|9|H5
3|24|194|36|189|96|3N|S|9|H5
3|24|113|230|133|137|3N|N|10|C2
3|24|120|62|249|237|3N|N|9|H5
3|24|93|74|279|186|3N|S|10|H5
3|25|123|184|233|291|6S|N|11|C2
3|25|129|206|281|195|6N|S|11|CQ
3|25|223|56|247|183|6S|N|12|S3
3|25|235|176|51|22|4S|N|11|C3
3|25|92|196|86|198|4N|S|12|C4
3|25|139|288|277|199|5D|S|11|C9
3|25|194|36|189|96|6D|S|12|D5
3|25|113|230|133|137|6S|N|11|C2
3|25|120|62|249|237|5D|S|10|H3
3|25|93|74|279|186|4S|N|12|HK
3|26|123|184|233|291|1N|S|5|HK
3|26|129|206|281|195|3C|S|7|HK
3|26|223|56|247|183|2H|W|7|D5
3|26|235|176|51|22|2H|E|7|DQ
3|26|92|196|86|198|2H|E|9|C4
3|26|139|288|277|199|2S|E|7|D2
3|26|194|36|189|96|2H|E|7|C4
3|26|113|230|133|137|2H|E|7|C4
3|26|120|62|249|237|2H|E|6|DQ
3|26|93|74|279|186|2S|E|7|C4
3|27|123|184|233|291|4S|S|9|DA
3|27|129|206|281|195|3S|S|9|DK
3|27|223|56|247|183|2S|S|9|DA
3|27|235|176|51|22|4H|E|8|CA
3|27|92|196|86|198|3S|S|10|DA
3|27|139|288|277|199|3S|S|9|DA
3|27|194|36|189|96|3S|S|9|DA
3|27|113|230|133|137|4S|S|9|DA
3|27|120|62|249|237|3S|S|10|DA
3|27|93|74|279|186|4H|E|9|CA
3|28|123|184|233|291|2H|S|8|D3
3|28|129|206|281|195|2H|N|7|SK
3|28|223|56|247|183|2H|S|9|S3
3|28|235|176|51|22|4SX|N|8|CK
3|28|92|196|86|198|3H|S|7|D2
3|28|139|288|277|199|3N|N|7|SA
3|28|194|36|189|96|2D|S|7|C7
3|28|113|230|133|137|2S|E|7|DK
3|28|120|62|249|237|2H|N|7|SA
3|28|93|74|279|186|2H|S|8|S7
3|29|123|184|233|291|2H|W|10|S5
3|29|129|206|281|195|2H|W|11|H7
3|29|223|56|247|183|2H|W|11|S5
3|29|235|176|51|22|4H|E|10|SJ
3|29|92|196|86|198|2H|W|10|C3
3|29|139|288|277|199|1N|E|9|SJ
3|29|194|36|189|96|3H|E|10|SJ
3|29|113|230|133|137|3H|W|9|H2
3|29|120|62|249|237|2S|S|6|D8
3|29|93|74|279|186|1N|E|8|SJ
3|3|123|184|233|291|4H|N|12|D6
3|3|129|206|281|195|4H|N|10|SK
3|3|223|56|247|183|4H|N|12|D5
3|3|235|176|51|22|4H|N|11|D5
3|3|92|162|86|179|4H|S|10|S3
3|3|139|288|277|199|4H|N|10|SA
3|3|194|299|189|114|4H|N|11|SK
3|3|113|230|133|137|4H|N|12|SA
3|3|74|289|186|30|6H|N|11|SA
3|3|93|120|279|249|4H|N|11|SK
3|30|123|184|233|291|5S|E|11|DJ
3|30|129|206|281|195|5S|E|11|H5
3|30|223|56|247|183|4HX|N|8|D4
3|30|235|176|51|22|4S|E|12|H5
3|30|92|196|86|198|4S|E|12|H3
3|30|139|288|277|199|4S|E|11|DJ
3|30|194|36|189|96|5S|E|11|DJ
3|30|113|230|133|137|3D|W|12|HK
3|30|120|62|249|237|5D|W|12|HA
3|30|93|74|279|186|5S|E|11|DJ
3|31|123|184|233|291|4S|N|10|CK
3|31|129|206|281|195|5H|S|8|DK
3|31|223|56|247|183|4S|N|10|CA
3|31|235|176|51|22|5S|N|10|CA
3|31|92|196|86|198|4S|S|11|DA
3|31|139|288|277|199|4S|N|10|CA
3|31|194|36|189|96|4S|S|10|DA
3|31|113|230|133|137|4S|N|10|CA
3|31|120|62|249|237|4S|S|10|C2
3|31|93|74|279|186|4S|S|11|DA
3|32|123|184|233|291|4S|N|12|C3
3|32|129|206|281|195|6S|N|12|ST
3|32|223|56|247|183|4S|N|12|S5
3|32|235|176|51|22|4S|N|12|C5
3|32|92|196|86|198|4S|N|12|C6
3|32|139|288|277|199|4S|N|12|ST
3|32|194|36|189|96|4S|N|13|C3
3|32|113|230|133|137|4S|N|12|DA
3|32|120|62|249|237|6S|N|12|ST
3|32|93|74|279|186|4S|N|13|ST
3|4|123|184|233|291|3N|N|12|S7
3|4|129|206|281|195|3N|N|12|DT
3|4|223|56|247|183|3N|N|11|S5
3|4|235|176|51|22|4H|N|6|DT
3|4|92|162|86|179|3C|N|10|HQ
3|4|139|288|277|199|3N|N|12|S4
3|4|194|299|189|114|5C|N|10|HQ
3|4|113|230|133|137|3N|N|11|S9
3|4|74|289|186|30|3N|N|10|HQ
3|4|93|120|279|249|3N|N|12|HQ
3|5|123|184|233|291|3N|N|10|D7
3|5|129|206|281|195|3N|N|10|H4
3|5|223|56|247|183|3N|N|10|S5
3|5|235|176|51|22|3N|N|9|DT
3|5|92|162|86|179|3N|N|9|D5
3|5|139|288|277|199|3N|N|11|S8
3|5|194|299|189|114|3N|N|11|S8
3|5|113|230|133|137|3N|N|11|DJ
3|5|74|289|186|30|3N|N|11|DJ
3|5|93|120|279|249|3N|N|9|HQ
3|6|123|184|233|291|3N|S|10|HK
3|6|129|206|281|195|3N|S|9|C4
3|6|223|56|247|183|3N|S|11|C8
3|6|235|176|51|22|3N|S|11|C4
3|6|92|162|86|179|3N|S|10|C7
3|6|139|288|277|199|3N|N|9|S3
3|6|194|299|189|114|3N|S|9|C4
3|6|113|230|133|137|3N|S|8|HK
3|6|74|289|186|30|3N|S|8|SQ
3|6|93|120|279|249|3N|N|8|S3
3|7|123|184|233|291|4H|S|8|D7
3|7|129|206|281|195|4S|E|10|HK
3|7|223|56|247|183|4S|E|11|HA
3|7|235|176|51|22|4S|W|11|HA
3|7|92|162|86|179|4C|W|10|SK
3|7|139|288|277|199|5H|N|9|SA
3|7|194|299|189|114|5S|W|11|HA
3|7|113|230|133|137|4H|S|10|D7
3|7|74|289|186|30|4H|N|11|DK
3|7|93|120|279|249|5S|E|11|HK
3|8|123|184|233|291|1N|E|9|D7
3|8|129|206|281|195|1D|N|6|SQ
3|8|223|56|247|183|3C|W|8|HA
3|8|235|176|51|22|1D|N|6|D3
3|8|92|162|86|179|1N|W|10|HK
3|8|139|288|277|199|1D|N|6|SK
3|8|194|299|189|114|1D|N|7|CQ
3|8|113|230|133|137|1N|E|9|H4
3|8|74|289|186|30|2S|W|8|S3
3|8|93|120|279|249|1D|N|7|CQ
3|9|123|184|233|291|2DX|E|5|CK
3|9|129|206|281|195|3N|N|12|HQ
3|9|223|56|247|183|3N|N|11|HK
3|9|235|176|51|22|3N|N|10|D2
3|9|92|162|86|179|3N|S|11|S4
3|9|139|288|277|199|2DX|E|5|S7
3|9|194|299|189|114|3N|N|11|S6
3|9|113|230|133|137|3N|N|10|D6
3|9|74|289|186|30|3N|N|10|D6
3|9|93|120|279|249|3N|N|10|D5
4|1|235|206|51|195|4H|W|10|D9
4|1|123|181|233|124|5H|W|11|D9
4|1|162|253|179|252|4H|E|11|SA
4|1|223|139|247|277|4SX|S|8|HA
4|1|36|288|96|199|5H|W|10|D9
4|1|92|114|86|264|4H|W|10|D9
4|1|62|23|237|230|4S|N|9|H6
4|1|189|289|137|30|5H|W|10|D9
4|1|234|184|120|291|5H|W|10|D9
4|1|129|74|281|186|5CX|N|9|H5
4|10|235|206|51|195|4H|E|9|SJ
4|10|123|181|233|124|2S|N|8|C8
4|10|162|253|179|252|4S|N|9|C5
4|10|223|139|247|277|3S|N|9|C4
4|10|36|288|96|199|4H|E|9|SJ
4|10|92|114|86|264|2H|E|10|SJ
4|10|62|23|237|230|4S|N|9|HA
4|10|189|289|137|30|4S|S|8|H6
4|10|234|184|120|291|3S|S|10|H7
4|10|129|74|281|186|3S|N|9|C5
4|11|235|206|51|195|4S|S|10|DA
4|11|123|181|233|124|4S|S|10|DA
4|11|162|253|179|252|4S|S|10|DA
4|11|223|139|247|277|4S|S|10|CT
4|11|36|288|96|199|3N|S|6|H7
4|11|92|114|86|264|4S|S|10|DK
4|11|62|23|237|230|4S|S|11|DA
4|11|189|289|137|30|4S|N|10|H3
4|11|234|184|120|291|4S|S|10|DA
4|11|129|74|281|186|4S|S|10|DA
4|12|235|206|51|195|5CX|S|9|DT
4|12|123|181|233|124|4H|N|8|SK
4|12|162|253|179|252|4DX|E|8|HT
4|12|223|139|247|277|2S|E|7|HT
4|12|36|288|96|199|5DX|E|8|HT
4|12|92|114|86|264|3DX|E|8|HT
4|12|62|23|237|230|3SX|E|8|HT
4|12|189|289|137|30|4H|N|10|SQ
4|12|234|184|120|291|3DX|E|8|HT
4|12|129|74|281|186|3H|N|9|SQ
4|13|235|206|51|195|4S|S|11|HA
4|13|123|181|233|124|4S|S|11|C7
4|13|162|253|179|252|4S|S|11|HA
4|13|223|139|247|277|4S|S|12|C8
4|13|36|288|96|199|6S|S|11|DA
4|13|92|114|86|264|4S|S|11|HA
4|13|62|23|237|230|4S|S|12|HA
4|13|189|289|137|30|4S|S|12|C7
4|13|234|184|120|291|4S|S|12|HA
4|13|129|74|281|186|5HX|W|8|CK
4|14|235|206|51|195|4H|S|10|HJ
4|14|123|181|233|124|4H|N|10|DT
4|14|162|253|179|252|4H|S|10|HQ
4|14|223|139|247|277|4H|N|10|CA
4|14|36|288|96|199|4H|S|10|S7
4|14|92|114|86|264|4H|S|11|C3
4|14|62|23|237|230|4H|S|10|DA
4|14|189|289|137|30|4H|N|10|DT
4|14|234|184|120|291|4H|N|10|S6
4|14|129|74|281|186|4H|N|10|DT
4|15|235|206|51|195|4H|W|8|SA
4|15|123|181|233|124|4S|S|10|HK
4|15|162|253|179|252|4S|N|9|H5
4|15|223|139|247|277|5HX|W|8|SA
4|15|36|288|96|199|4S|S|10|HK
4|15|92|114|86|264|4S|S|10|HK
4|15|62|23|237|230|4S|S|11|C6
4|15|189|289|137|30|5H|W|8|SA
4|15|234|184|120|291|4S|S|10|HK
4|15|129|74|281|186|4S|S|10|HK
4|16|235|206|51|195|4S|E|11|CK
4|16|123|181|233|124|4S|E|11|CK
4|16|162|253|179|252|4S|W|10|D2
4|16|223|139|247|277|4S|E|11|CK
4|16|36|288|96|199|4S|W|10|C4
4|16|92|114|86|264|4H|W|10|S2
4|16|62|23|237|230|4S|E|9|S5
4|16|189|289|137|30|4S|E|11|CK
4|16|234|184|120|291|4S|E|10|S3
4|16|129|74|281|186|4S|W|12|S2
4|17|235|206|51|195|3N|E|9|H4
4|17|123|181|233|124|3H|N|9|D3
4|17|139|253|277|252|3N|E|8|H4
4|17|176|196|22|198|3C|W|10|C4
4|17|113|261|133|182|3N|E|9|H9
4|17|92|114|86|264|3H|N|7|SK
4|17|93|23|279|230|3C|W|10|S7
4|17|189|289|137|30|3N|E|8|H4
4|17|234|184|120|291|3N|E|8|H3
4|17|129|74|281|186|3S|W|8|C7
4|18|235|206|51|195|2N|E|10|SK
4|18|123|181|233|124|3N|E|9|SK
4|18|139|253|277|252|3N|E|9|SK
4|18|176|196|22|198|1N|S|6|DA
4|18|113|261|133|182|3N|E|7|SK
4|18|92|114|86|264|2S|S|7|DK
4|18|93|23|279|230|2D|E|8|SK
4|18|189|289|137|30|3N|E|9|CQ
4|18|234|184|120|291|1N|E|10|SK
4|18|129|74|281|186|3N|E|9|SK
4|19|235|206|51|195|2S|E|9|DJ
4|19|123|181|233|124|4S|W|9|CA
4|19|139|253|277|252|2S|W|9|CA
4|19|176|196|22|198|3D|E|11|CA
4|19|113|261|133|182|3N|E|11|H9
4|19|92|114|86|264|2S|W|10|H3
4|19|93|23|279|230|2S|E|9|DJ
4|19|189|289|137|30|5DX|E|12|H7
4|19|234|184|120|291|4N|E|9|H4
4|19|129|74|281|186|3N|E|10|H7
4|2|235|206|51|195|4SX|W|7|CA
4|2|123|181|233|124|4H|S|12|SQ
4|2|162|253|179|252|3S|W|6|SA
4|2|223|139|247|277|3D|S|10|SQ
4|2|36|288|96|199|4H|S|11|SQ
4|2|92|114|86|264|5H|S|12|DK
4|2|62|23|237|230|4H|S|11|SQ
4|2|189|289|137|30|2S|W|6|SA
4|2|234|184|120|291|4H|S|12|SQ
4|2|129|74|281|186|4HX|S|11|SQ
4|20|235|206|51|195|1S|E|7|HA
4|20|123|181|233|124|2DX|E|5|HK
4|20|139|253|277|252|3N|N|8|HQ
4|20|176|196|22|198|3N|S|8|HQ
4|20|113|261|133|182|3N|S|9|HQ
4|20|92|114|86|264|3N|S|7|HQ
4|20|93|23|279|230|3N|S|8|HQ
4|20|189|289|137|30|3N|S|9|H7
4|20|234|184|120|291|3N|S|9|CT
4|20|129|74|281|186|3N|S|9|HQ
4|21|235|206|51|195|4H|W|9|SJ
4|21|123|181|233|124|3H|W|9|SJ
4|21|139|253|277|252|2H|W|8|DT
4|21|176|196|22|198|3N|W|6|SJ
4|21|113|261|133|182|4H|W|9|SJ
4|21|92|114|86|264|3H|W|8|DT
4|21|93|23|279|230|3H|W|10|DT
4|21|189|289|137|30|3H|W|10|DT
4|21|234|184|120|291|3H|W|10|DT
4|21|129|74|281|186|4H|W|8|HJ
4|22|235|206|51|195|4H|W|10|S2
4|22|123|181|233|124|4H|E|10|C5
4|22|139|253|277|252|1N|W|8|S2
4|22|176|196|22|198|1N|W|8|S2
4|22|113|261|133|182|1N|W|9|S2
4|22|92|114|86|264|4H|W|10|S2
4|22|93|23|279|230|4H|E|10|CQ
4|22|189|289|137|30|4H|W|9|CQ
4|22|234|184|120|291|4H|E|10|S4
4|22|129|74|281|186|4H|E|10|D3
4|23|235|206|51|195|2DX|S|6|H7
4|23|123|181|233|124|2H|S|5|H7
4|23|139|253|277|252|1N|E|7|D3
4|23|176|196|22|198|4C|W|9|H5
4|23|113|261|133|182|3N|W|7|SK
4|23|92|114|86|264|3D|S|6|H7
4|23|93|23|279|230|1N|N|7|HK
4|23|189|289|137|30|1N|N|7|HK
4|23|234|184|120|291|1C|N|5|HK
4|23|129|74|281|186|3N|W|8|D8
4|24|235|206|51|195|3N|S|9|SK
4|24|123|181|233|124|6C|S|11|SA
4|24|139|253|277|252|3N|N|9|SK
4|24|176|196|22|198|3H|N|8|S2
4|24|113|261|133|182|3N|S|9|H4
4|24|92|114|86|264|3N|S|9|SK
4|24|93|23|279|230|3S|W|6|HK
4|24|189|289|137|30|3N|S|9|SK
4|24|234|184|120|291|3C|S|11|SA
4|24|129|74|281|186|3N|S|9|S4
4|25|235|206|51|195|2N|N|6|S2
4|25|123|181|233|124|3N|N|6|D7
4|25|139|253|277|252|3C|N|9|S4
4|25|176|196|22|198|3N|N|7|D7
4|25|113|261|133|182|3C|S|8|DQ
4|25|92|114|86|264|3N|N|6|S5
4|25|93|23|279|230|2N|N|7|D7
4|25|189|289|137|30|3N|N|8|D7
4|25|234|184|120|291|2N|S|9|S4
4|25|129|74|281|186|3N|N|7|D4
4|26|235|206|51|195|4S|E|10|D9
4|26|123|181|233|124|4S|E|10|HQ
4|26|139|253|277|252|4S|E|10|S9
4|26|176|196|22|198|4S|E|10|S9
4|26|113|261|133|182|4S|E|10|H2
4|26|92|114|86|264|4S|E|11|C3
4|26|93|23|279|230|4S|E|10|S9
4|26|189|289|137|30|4S|W|10|HA
4|26|234|184|120|291|4S|E|11|C3
4|26|129|74|281|186|4S|E|10|DT
4|27|235|206|51|195|4D|E|7|H3
4|27|123|181|233|124|3D|E|7|H2
4|27|139|253|277|252|3D|E|7|H2
4|27|176|196|22|198|3NX|W|7|S7
4|27|113|261|133|182|2D|E|7|S3
4|27|92|114|86|264|3D|E|7|H3
4|27|93|23|279|230|2D|W|8|C7
4|27|189|289|137|30|3H|S|8|D6
4|27|234|184|120|291|2D|E|8|C4
4|27|129|74|281|186|3N|W|7|SA
4|28|235|206|51|195|4H|E|12|ST
4|28|123|181|233|124|4H|E|13|ST
4|28|139|253|277|252|4H|E|13|ST
4|28|176|196|22|198|4H|E|11|DK
4|28|113|261|133|182|4H|E|12|DK
4|28|92|114|86|264|3H|W|11|D5
4|28|93|23|279|230|4H|W|13|DJ
4|28|189|289|137|30|4H|E|12|DK
4|28|234|184|120|291|4S|E|12|H5
4|28|129|74|281|186|4H|W|12|C3
4|29|235|206|51|195|2H|E|9|SA
4|29|123|181|233|124|3C|S|11|C6
4|29|139|253|277|252|5C|N|11|HA
4|29|176|196|22|198|1N|N|8|H6
4|29|113|261|133|182|3C|N|12|SJ
4|29|92|114|86|264|4C|S|10|H9
4|29|93|23|279|230|3C|S|10|C6
4|29|189|289|137|30|5C|S|10|SK
4|29|234|184|120|291|3N|S|4|SK
4|29|129|74|281|186|4H|E|9|CA
4|3|235|206|51|195|3N|E|11|D3
4|3|123|181|233|124|5S|W|10|DQ
4|3|162|253|179|252|4S|W|10|DQ
4|3|223|139|247|277|4S|W|10|D7
4|3|36|288|96|199|4S|W|10|HJ
4|3|92|114|86|264|4S|W|11|HJ
4|3|62|23|237|230|4S|W|11|DQ
4|3|189|289|137|30|4S|W|10|DQ
4|3|234|184|120|291|3N|E|9|D3
4|3|129|74|281|186|4S|W|10|HJ
4|30|235|206|51|195|3C|S|9|DJ
4|30|123|181|233|124|2C|S|9|D4
4|30|139|253|277|252|3N|N|7|D2
4|30|176|196|22|198|3S|N|9|CA
4|30|113|261|133|182|1N|S|7|C7
4|30|92|114|86|264|3N|N|10|CA
4|30|93|23|279|230|2C|S|9|S6
4|30|189|289|137|30|2H|S|8|C7
4|30|234|184|120|291|1N|S|8|D5
4|30|129|74|281|186|1HX|E|5|C2
4|31|235|206|51|195|3H|E|10|S5
4|31|123|181|233|124|3S|N|7|HQ
4|31|139|253|277|252|2S|N|6|HQ
4|31|176|196|22|198|3NX|S|7|S4
4|31|113|261|133|182|3H|W|9|D6
4|31|92|114|86|264|2S|S|7|C6
4|31|93|23|279|230|3H|W|9|D6
4|31|189|289|137|30|4C|S|8|H6
4|31|234|184|120|291|3NX|E|5|C3
4|31|129|74|281|186|2S|N|6|HQ
4|32|235|206|51|195|2S|W|9|C8
4|32|123|181|233|124|1N|S|5|CK
4|32|139|253|277|252|2S|W|8|C3
4|32|176|196|22|198|2S|W|9|C3
4|32|113|261|133|182|2S|W|9|HA
4|32|92|114|86|264|2S|W|8|C8
4|32|93|23|279|230|1N|N|6|CK
4|32|189|289|137|30|2S|W|8|C8
4|32|234|184|120|291|1S|E|9|HK
4|32|129|74|281|186|2S|E|9|HK
4|4|235|206|51|195|3N|S|10|H6
4|4|123|181|233|124|4H|N|9|DT
4|4|223|139|247|277|4S|N|9|C8
4|4|36|288|96|199|4H|N|10|D9
4|4|92|114|86|264|4H|N|9|H3
4|4|62|23|237|230|3N|S|9|CA
4|4|189|289|137|30|4S|N|9|C2
4|4|234|184|120|291|4H|N|10|C2
4|4|129|74|281|186|4H|N|9|C8
4|5|235|206|51|195|4S|W|11|HA
4|5|123|181|233|124|4S|W|12|DQ
4|5|162|253|179|252|4S|W|11|DQ
4|5|223|139|247|277|1S|W|11|DQ
4|5|36|288|96|199|4S|E|10|H2
4|5|92|114|86|264|4S|W|11|C2
4|5|62|23|237|230|4S|W|11|H3
4|5|189|289|137|30|4S|W|11|HA
4|5|234|184|120|291|4S|W|11|C2
4|5|129|74|281|186|4S|E|12|H2
4|6|235|206|51|195|3N|N|8|C4
4|6|123|181|233|124|1S|S|8|HQ
4|6|162|253|179|252|1S|S|8|C2
4|6|223|139|247|277|1S|S|8|HQ
4|6|36|288|96|199|1S|S|8|HQ
4|6|92|114|86|264|1S|S|9|HQ
4|6|62|23|237|230|3N|N|8|C4
4|6|189|289|137|30|3N|N|9|H7
4|6|234|184|120|291|1S|S|9|HQ
4|6|129|74|281|186|1S|S|8|HQ
4|7|235|206|51|195|4S|W|9|H4
4|7|123|181|233|124|3S|W|8|H7
4|7|162|253|179|252|5C|E|10|D3
4|7|223|139|247|277|2S|W|9|DA
4|7|36|288|96|199|3N|E|6|D4
4|7|92|114|86|264|4S|W|7|H4
4|7|62|23|237|230|3S|W|10|DA
4|7|189|289|137|30|4S|W|10|H4
4|7|234|184|120|291|3N|E|5|D2
4|7|129|74|281|186|4S|W|9|DA
4|8|235|206|51|195|3D|N|10|CK
4|8|123|181|233|124|3N|N|8|CA
4|8|162|253|179|252|3N|N|8|CK
4|8|223|139|247|277|4S|S|10|CT
4|8|36|288|96|199|5D|N|10|CA
4|8|92|114|86|264|3N|N|8|CK
4|8|62|23|237|230|3N|N|8|CA
4|8|189|289|137|30|3N|N|8|CK
4|8|234|184|120|291|3N|N|8|CK
4|8|129|74|281|186|3N|S|10|HJ
4|9|235|206|51|195|1N|N|9|H6
4|9|123|181|233|124|2S|S|8|CT
4|9|162|253|179|252|2S|N|9|D2
4|9|223|139|247|277|2S|S|10|CT
4|9|36|288|96|199|2S|N|9|D5
4|9|92|114|86|264|2S|S|9|CT
4|9|62|23|237|230|2S|N|9|D2
4|9|189|289|137|30|3N|N|8|H9
4|9|234|184|120|291|2S|N|7|S3
4|9|129|74|281|186|3N|S|8|D5
5|1|123|196|233|198|3N|S|7|ST
5|1|162|206|179|195|5C|S|10|S4
5|1|223|36|247|96|3N|S|11|HT
5|1|113|253|133|252|3N|S|7|S9
5|1|288|23|199|230|3N|N|7|HQ
5|1|194|261|189|182|3N|S|8|ST
5|1|235|74|51|186|3N|S|11|HT
5|1|234|181|120|124|3N|S|7|S7
5|1|129|289|281|30|3N|S|10|S7
5|1|62|184|237|291|3N|N|11|H3
5|10|123|196|233|198|2N|E|8|S9
5|10|162|206|179|195|3N|E|8|S9
5|10|223|36|247|96|2N|E|7|S9
5|10|113|253|133|252|2N|E|8|ST
5|10|288|23|199|230|3N|E|7|S9
5|10|194|261|189|182|3N|E|8|ST
5|10|235|74|51|186|3N|E|7|S7
5|10|234|181|120|124|3S|N|8|CA
5|10|129|289|281|30|2N|E|8|ST
5|10|62|184|237|291|3N|E|7|ST
5|11|123|196|233|198|3N|N|10|C3
5|11|162|206|179|195|3N|N|10|S3
5|11|223|36|247|96|2CX|E|5|SJ
5|11|113|253|133|252|3N|S|9|C3
5|11|288|23|199|230|3N|N|9|S2
5|11|194|261|189|182|3N|N|10|C4
5|11|235|74|51|186|3N|N|10|C2
5|11|234|181|120|124|3N|N|11|C7
5|11|129|289|281|30|3N|N|9|C3
5|11|62|184|237|291|3N|N|10|C3
5|12|123|196|233|198|2H|E|9|H8
5|12|162|206|179|195|4H|E|8|D3
5|12|223|36|247|96|4H|E|8|D3
5|12|113|253|133|252|2N|W|5|C2
5|12|288|23|199|230|2CX|S|8|SQ
5|12|194|261|189|182|3H|E|8|D3
5|12|235|74|51|186|2N|W|7|HT
5|12|234|181|120|124|4H|E|8|D3
5|12|129|289|281|30|4H|E|8|D3
5|12|62|184|237|291|4H|E|8|CA
5|13|123|196|233|198|2H|S|9|S3
5|13|162|206|179|195|2H|N|8|CA
5|13|223|36|247|96|1N|E|7|HT
5|13|113|253|133|252|2HX|S|8|D5
5|13|288|23|199|230|2H|S|8|D5
5|13|194|261|189|182|2H|N|8|CK
5|13|235|74|51|186|2H|N|7|CA
5|13|234|181|120|124|3N|W|7|HK
5|13|129|289|281|30|3C|E|8|ST
5|13|62|184|237|291|1C|N|5|CA
5|14|123|196|233|198|6N|S|12|CA
5|14|162|206|179|195|5H|S|12|CA
5|14|223|36|247|96|6N|S|12|S6
5|14|113|253|133|252|5H|S|11|DQ
5|14|288|23|199|230|4H|N|13|DT
5|14|194|261|189|182|6H|S|11|CA
5|14|235|74|51|186|6H|S|12|CA
5|14|234|181|120|124|5H|N|12|C6
5|14|129|289|281|30|6H|S|12|CA
5|14|62|184|237|291|7H|S|12|CA
5|15|123|196|233|198|4H|W|10|C5
5|15|162|206|179|195|4H|E|11|CT
5|15|223|36|247|96|4H|E|10|CT
5|15|113|253|133|252|4H|W|10|S4
5|15|288|23|199|230|4H|W|10|D6
5|15|194|261|189|182|4H|E|10|CT
5|15|235|74|51|186|4H|W|12|D9
5|15|234|181|120|124|4H|W|11|H2
5|15|129|289|281|30|4H|W|10|D9
5|15|62|184|237|291|4H|W|11|S4
5|16|123|196|233|198|3N|N|10|HA
5|16|162|206|179|195|4HX|E|9|CQ
5|16|223|36|247|96|4HX|W|9|CA
5|16|113|253|133|252|6CX|N|11|HA
5|16|288|23|199|230|3N|N|8|HK
5|16|194|261|189|182|6D|N|11|HK
5|16|235|74|51|186|5DX|S|11|SQ
5|16|234|181|120|124|6D|S|11|SQ
5|16|129|289|281|30|6DX|S|11|SQ
5|16|62|184|237|291|6C|N|11|HK
5|17|206|162|195|179|3N|E|6|DQ
5|17|139|123|277|233|1N|E|7|D7
5|17|223|114|247|264|3N|E|7|S5
5|17|113|176|133|22|3N|E|7|D7
5|17|288|230|199|137|3N|E|7|D7
5|17|194|261|189|182|3N|E|7|D7
5|17|181|234|124|120|1N|W|7|DT
5|17|74|235|186|51|3N|E|6|DQ
5|17|129|93|281|279|2SX|S|5|D9
5|17|62|184|237|291|3N|E|5|D7
5|18|206|162|195|179|1N|E|7|D5
5|18|139|123|277|233|2H|S|7|CK
5|18|223|114|247|264|2H|N|9|CK
5|18|113|176|133|22|1N|E|5|S3
5|18|288|230|199|137|1N|E|4|S3
5|18|194|261|189|182|1S|S|7|C6
5|18|181|234|124|120|1H|N|9|CK
5|18|74|235|186|51|1N|E|6|D5
5|18|129|93|281|279|1N|E|5|S3
5|18|62|184|237|291|1N|E|6|S3
5|19|206|162|195|179|4S|S|10|DK
5|19|139|123|277|233|4S|S|10|DK
5|19|223|114|247|264|4S|S|10|DK
5|19|113|176|133|22|4S|S|10|C3
5|19|288|230|199|137|4S|S|10|DK
5|19|194|261|189|182|4S|S|10|DK
5|19|181|234|124|120|4S|S|10|C4
5|19|74|235|186|51|4S|S|10|DK
5|19|129|93|281|279|4S|S|10|DQ
5|19|62|184|237|291|4S|S|10|DK
5|2|123|196|233|198|4H|E|11|SK
5|2|162|206|179|195|4H|E|10|C5
5|2|223|36|247|96|4H|W|9|CK
5|2|113|253|133|252|4H|E|10|SK
5|2|288|23|199|230|3H|E|9|C5
5|2|194|261|189|182|4H|E|10|C5
5|2|235|74|51|186|4H|W|10|CK
5|2|234|181|120|124|4S|W|9|CK
5|2|129|289|281|30|4H|E|10|C6
5|2|62|184|237|291|1N|E|9|D2
5|20|206|162|195|179|3N|E|9|H3
5|20|139|123|277|233|4S|E|10|S7
5|20|223|114|247|264|4S|E|11|D5
5|20|113|176|133|22|4S|E|10|S6
5|20|288|230|199|137|4S|E|10|SA
5|20|194|261|189|182|4S|W|10|S8
5|20|181|234|124|120|5S|E|11|C7
5|20|74|235|186|51|4S|E|11|S6
5|20|129|93|281|279|4S|W|10|S3
5|20|62|184|237|291|4S|E|10|S6
5|21|206|162|195|179|1N|W|6|SQ
5|21|139|123|277|233|1NX|W|6|C2
5|21|223|114|247|264|1NX|W|5|SK
5|21|113|176|133|22|1N|N|9|D4
5|21|288|230|199|137|1N|W|7|H7
5|21|194|261|189|182|2D|E|6|HA
5|21|181|234|124|120|1NX|S|8|S3
5|21|74|235|186|51|2D|E|6|HA
5|21|129|93|281|279|2H|S|8|CA
5|21|62|184|237|291|2N|S|8|S3
5|22|206|162|195|179|2S|W|8|HQ
5|22|139|123|277|233|4SX|W|10|HK
5|22|223|114|247|264|3S|W|10|HK
5|22|113|176|133|22|3S|W|10|HK
5|22|288|230|199|137|2H|N|9|C9
5|22|194|261|189|182|4H|N|8|C9
5|22|181|234|124|120|4S|W|8|HK
5|22|74|235|186|51|3S|W|9|HK
5|22|129|93|281|279|3N|S|8|C3
5|22|62|184|237|291|4S|W|9|HK
5|23|206|162|195|179|4H|S|12|H2
5|23|139|123|277|233|6H|N|12|CA
5|23|223|114|247|264|4H|N|11|CA
5|23|113|176|133|22|6H|S|11|CT
5|23|288|230|199|137|6H|S|12|ST
5|23|194|261|189|182|6H|N|12|CA
5|23|181|234|124|120|4H|N|11|DT
5|23|74|235|186|51|3N|S|10|D4
5|23|129|93|281|279|4H|N|11|DT
5|23|62|184|237|291|4H|S|12|H2
5|24|206|162|195|179|6N|S|11|D8
5|24|139|123|277|233|6H|S|11|D4
5|24|223|114|247|264|6S|S|12|D8
5|24|113|176|133|22|4S|N|10|C3
5|24|288|230|199|137|4S|S|12|D2
5|24|194|261|189|182|4S|N|10|C7
5|24|181|234|124|120|6N|S|9|D2
5|24|74|235|186|51|4H|S|10|S5
5|24|129|93|281|279|4H|S|10|S5
5|24|62|184|237|291|6H|N|9|S6
5|25|206|162|195|179|4SX|N|7|HA
5|25|139|123|277|233|3N|E|10|S3
5|25|223|114|247|264|3N|E|10|S2
5|25|113|176|133|22|3SX|N|7|HA
5|25|288|230|199|137|3N|E|10|S4
5|25|194|261|189|182|3N|E|10|ST
5|25|181|234|124|120|3N|E|9|ST
5|25|74|235|186|51|3N|E|9|S2
5|25|129|93|281|279|4SX|N|6|HA
5|25|62|184|237|291|4SX|N|6|H9
5|26|206|162|195|179|2H|W|10|CT
5|26|139|123|277|233|2H|W|10|CT
5|26|223|114|247|264|2CX|N|7|H5
5|26|113|176|133|22|3N|E|9|C3
5|26|288|230|199|137|2N|E|9|CA
5|26|194|261|189|182|1H|S|3|DA
5|26|181|234|124|120|2D|W|10|CT
5|26|74|235|186|51|4H|W|9|CT
5|26|129|93|281|279|1NX|S|6|HQ
5|26|62|184|237|291|2S|E|10|HA
5|27|206|162|195|179|4S|S|10|H2
5|27|139|123|277|233|4S|S|11|D8
5|27|223|114|247|264|4S|S|10|H2
5|27|113|176|133|22|4S|S|10|C4
5|27|288|230|199|137|4S|S|10|D4
5|27|194|261|189|182|4S|S|10|H5
5|27|181|234|124|120|5S|S|11|H5
5|27|74|235|186|51|4S|S|11|D4
5|27|129|93|281|279|4S|S|10|D9
5|27|62|184|237|291|4S|S|10|H3
5|28|206|162|195|179|2N|W|9|SK
5|28|139|123|277|233|3S|N|8|C5
5|28|223|114|247|264|2H|W|8|SK
5|28|113|176|133|22|2S|N|9|C5
5|28|288|230|199|137|3S|N|9|C7
5|28|194|261|189|182|3N|W|9|SK
5|28|181|234|124|120|2H|W|9|SK
5|28|74|235|186|51|2S|N|10|C7
5|28|129|93|281|279|4HX|E|9|S4
5|28|62|184|237|291|6HX|E|9|DA
5|29|206|162|195|179|3H|S|9|DA
5|29|139|123|277|233|4H|S|10|DK
5|29|223|114|247|264|4H|S|10|DK
5|29|113|176|133|22|5CX|E|8|HA
5|29|288|230|199|137|3H|S|10|DA
5|29|194|261|189|182|4H|S|10|DK
5|29|181|234|124|120|4H|S|10|DA
5|29|74|235|186|51|4H|S|10|DK
5|29|129|93|281|279|4S|S|10|DK
5|29|62|184|237|291|4H|S|10|DA
5|3|123|196|233|198|3N|S|7|S9
5|3|162|206|179|195|5D|S|9|S9
5|3|223|36|247|96|3D|N|9|SA
5|3|113|253|133|252|2N|N|7|SK
5|3|288|23|199|230|3N|S|8|S9
5|3|194|261|189|182|3N|S|7|S9
5|3|235|74|51|186|3N|S|9|HA
5|3|234|181|120|124|4D|S|10|S9
5|3|129|289|281|30|3D|S|10|S8
5|3|62|184|237|291|2D|N|9|SK
5|30|206|162|195|179|4S|N|11|CQ
5|30|139|123|277|233|4S|N|11|CQ
5|30|223|114|247|264|5S|N|11|CQ
5|30|113|176|133|22|4S|N|11|CQ
5|30|288|230|199|137|5HX|E|8|CA
5|30|194|261|189|182|5H|E|9|CA
5|30|181|234|124|120|5S|N|11|HA
5|30|74|235|186|51|4S|N|11|CQ
5|30|129|93|281|279|5S|N|11|CQ
5|30|62|184|237|291|5HX|E|8|CA
5|31|206|162|195|179|4S|W|8|C2
5|31|139|123|277|233|4S|W|8|DJ
5|31|223|114|247|264|2S|W|8|C2
5|31|113|176|133|22|2H|N|7|CA
5|31|288|230|199|137|3HX|N|9|CA
5|31|194|261|189|182|4S|W|8|DJ
5|31|181|234|124|120|2S|W|8|C2
5|31|74|235|186|51|4S|W|7|C2
5|31|129|93|281|279|4S|W|7|C2
5|31|62|184|237|291|2S|W|8|C2
5|32|206|162|195|179|2H|S|9|DQ
5|32|139|123|277|233|3D|N|6|C3
5|32|223|114|247|264|1H|S|10|CK
5|32|113|176|133|22|3H|N|8|C3
5|32|288|230|199|137|4H|S|9|S4
5|32|194|261|189|182|3H|S|9|CK
5|32|181|234|124|120|3N|E|8|SK
5|32|74|235|186|51|2N|W|8|D3
5|32|129|93|281|279|3H|N|8|CK
5|32|62|184|237|291|3H|S|9|CK
5|4|123|196|233|198|2S|N|8|DA
5|4|162|206|179|195|2S|N|7|DA
5|4|223|36|247|96|2S|N|7|DA
5|4|113|253|133|252|2S|N|7|DA
5|4|288|23|199|230|2S|N|8|DA
5|4|194|261|189|182|2S|N|7|DK
5|4|235|74|51|186|3S|N|6|DA
5|4|234|181|120|124|2S|N|8|DA
5|4|129|289|281|30|2S|N|8|DA
5|4|62|184|237|291|1N|N|7|D6
5|5|123|196|233|198|6N|W|13|CQ
5|5|162|206|179|195|6N|E|12|CT
5|5|223|36|247|96|3N|E|12|CT
5|5|113|253|133|252|5H|E|12|H2
5|5|288|23|199|230|6N|W|12|CQ
5|5|194|261|189|182|3N|E|13|DJ
5|5|235|74|51|186|3N|E|13|D3
5|5|234|181|120|124|6N|W|12|CQ
5|5|129|289|281|30|6N|W|13|SQ
5|5|62|184|237|291|4N|E|13|CT
5|6|123|196|233|198|1HX|E|5|S5
5|6|162|206|179|195|4S|N|11|C2
5|6|223|36|247|96|4S|N|11|SJ
5|6|113|253|133|252|4S|N|10|DA
5|6|288|23|199|230|3S|N|9|SJ
5|6|194|261|189|182|4S|N|10|S6
5|6|235|74|51|186|2S|N|10|H8
5|6|234|181|120|124|2DX|W|7|SA
5|6|129|289|281|30|1S|N|12|CA
5|6|62|184|237|291|2S|N|11|SJ
5|7|123|196|233|198|3N|S|8|ST
5|7|162|206|179|195|1N|S|8|ST
5|7|223|36|247|96|3N|S|8|ST
5|7|113|253|133|252|1N|S|8|S9
5|7|288|23|199|230|2N|S|8|ST
5|7|194|261|189|182|1N|S|8|ST
5|7|235|74|51|186|3N|S|7|ST
5|7|234|181|120|124|3N|S|7|ST
5|7|129|289|281|30|3N|S|8|ST
5|7|62|184|237|291|3N|S|8|ST
5|8|123|196|233|198|4S|W|11|HQ
5|8|162|206|179|195|4S|W|11|HQ
5|8|223|36|247|96|4S|E|11|CJ
5|8|113|253|133|252|4S|E|11|CJ
5|8|288|23|199|230|1N|E|8|H2
5|8|194|261|189|182|4S|W|11|HQ
5|8|235|74|51|186|4S|W|10|HQ
5|8|234|181|120|124|4S|W|10|S4
5|8|129|289|281|30|3N|E|8|H4
5|8|62|184|237|291|4S|W|8|HQ
5|9|123|196|233|198|4H|N|11|SJ
5|9|162|206|179|195|3N|N|9|S2
5|9|223|36|247|96|4H|N|11|S5
5|9|113|253|133|252|4H|N|10|D4
5|9|288|23|199|230|5H|S|11|C9
5|9|194|261|189|182|6H|N|10|SJ
5|9|235|74|51|186|6H|N|10|SJ
5|9|234|181|120|124|4H|N|11|D9
5|9|129|289|281|30|4H|N|10|SJ
5|9|62|184|237|291|4H|S|11|C6
6|1|113|206|133|195|4S|N|8|CT
6|1|123|114|233|264|4S|S|8|CK
6|1|189|253|137|252|5HX|E|11|SK
6|1|176|230|22|194|4S|S|10|S9
6|1|93|261|279|182|5S|N|10|HA
6|1|92|289|86|30|4S|N|9|CT
6|1|234|196|120|198|5H|E|11|SK
6|1|139|74|277|186|4S|S|8|CK
6|1|129|181|281|124|4S|S|8|CK
6|1|235|184|51|291|4S|S|8|CK
6|10|113|206|133|195|1N|N|7|S4
6|10|123|114|233|264|2N|N|7|S4
6|10|189|253|137|252|1N|N|7|S5
6|10|176|230|22|194|2N|N|7|S5
6|10|93|261|279|182|2N|N|7|S5
6|10|92|289|86|30|2N|N|8|S5
6|10|234|196|120|198|2N|S|9|C8
6|10|139|74|277|186|2S|E|7|CK
6|10|129|181|281|124|2N|S|7|SA
6|10|235|184|51|291|2S|E|7|CK
6|11|113|206|133|195|4SX|E|9|D7
6|11|123|114|233|264|4C|W|8|D6
6|11|189|253|137|252|3S|E|8|CA
6|11|176|230|22|194|3D|S|10|S5
6|11|93|261|279|182|4S|E|8|CA
6|11|92|289|86|30|4C|W|7|D7
6|11|234|196|120|198|3S|E|9|S8
6|11|139|74|277|186|3D|S|9|H9
6|11|129|181|281|124|2D|S|9|H9
6|11|235|184|51|291|3N|N|7|CQ
6|12|113|206|133|195|4H|E|10|C5
6|12|123|114|233|264|2H|E|10|C2
6|12|189|253|137|252|4H|E|10|C5
6|12|176|230|22|194|4H|W|10|CA
6|12|93|261|279|182|4H|W|11|CA
6|12|92|289|86|30|4H|E|10|C5
6|12|234|196|120|198|4H|W|11|CA
6|12|139|74|277|186|4H|W|10|CK
6|12|129|181|281|124|4H|W|10|H7
6|12|235|184|51|291|4H|W|10|CA
6|13|113|206|133|195|6S|S|12|HQ
6|13|123|114|233|264|6S|S|12|HQ
6|13|189|253|137|252|3N|S|10|HQ
6|13|176|230|22|194|4S|S|12|HQ
6|13|93|261|279|182|6S|S|12|HQ
6|13|92|289|86|30|3N|S|10|H2
6|13|234|196|120|198|6S|S|11|C3
6|13|139|74|277|186|6S|S|12|HQ
6|13|129|181|281|124|6D|N|11|C2
6|13|235|184|51|291|4S|S|11|HQ
6|14|113|206|133|195|3N|W|6|HQ
6|14|123|114|233|264|1N|E|6|H2
6|14|189|253|137|252|2C|E|8|HA
6|14|176|230|22|194|3H|S|9|C4
6|14|93|261|279|182|2D|E|8|ST
6|14|92|289|86|30|3H|S|7|C2
6|14|234|196|120|198|1N|E|6|ST
6|14|139|74|277|186|2N|W|6|HQ
6|14|129|181|281|124|2H|S|8|C4
6|14|235|184|51|291|2C|E|8|ST
6|15|113|206|133|195|5H|S|10|ST
6|15|123|114|233|264|4H|S|11|SA
6|15|189|253|137|252|5DX|E|7|HA
6|15|176|230|22|194|4H|S|11|C2
6|15|93|261|279|182|4SX|W|8|HQ
6|15|92|289|86|30|4S|W|8|HQ
6|15|234|196|120|198|4H|S|11|SA
6|15|139|74|277|186|4H|S|11|SA
6|15|129|181|281|124|4H|N|10|SA
6|15|235|184|51|291|4H|S|11|SA
6|16|113|206|133|195|1N|E|9|S2
6|16|123|114|233|264|3D|E|8|C3
6|16|189|253|137|252|2S|N|7|H7
6|16|176|230|22|194|2N|E|8|S4
6|16|93|261|279|182|3N|E|8|S2
6|16|92|289|86|30|2N|E|9|S5
6|16|234|196|120|198|3N|W|8|SJ
6|16|139|74|277|186|2N|E|8|S3
6|16|129|181|281|124|2N|W|8|S8
6|16|235|184|51|291|2N|E|8|S2
6|17|113|206|133|195|3S|S|5|HA
6|17|123|36|233|96|2S|S|4|HA
6|17|194|176|189|22|3S|S|9|S2
6|17|223|23|247|137|3C|E|8|SA
6|17|62|288|237|199|2S|S|4|HA
6|17|92|93|86|279|3D|N|6|HK
6|17|74|196|186|198|2S|S|5|C8
6|17|162|234|179|120|4DX|N|5|HK
6|17|129|181|281|124|3N|S|6|HA
6|17|235|184|51|291|3S|S|7|C2
6|18|113|206|133|195|6N|N|12|D9
6|18|123|36|233|96|6H|S|12|H2
6|18|194|176|189|22|6H|S|12|S4
6|18|223|23|247|137|6H|S|12|CA
6|18|62|288|237|199|6H|S|12|CA
6|18|92|93|86|279|6H|S|12|S7
6|18|74|196|186|198|6H|S|12|H3
6|18|162|234|179|120|6H|S|12|C3
6|18|129|181|281|124|6H|S|12|H9
6|18|235|184|51|291|6H|S|12|S9
6|19|113|206|133|195|3N|W|7|H2
6|19|123|36|233|96|5C|W|7|H3
6|19|194|176|189|22|3N|W|7|S5
6|19|223|23|247|137|2N|E|6|H3
6|19|62|288|237|199|3N|W|7|H2
6|19|92|93|86|279|3N|W|7|H2
6|19|74|196|186|198|3N|W|8|S4
6|19|162|234|179|120|3N|W|7|H3
6|19|129|181|281|124|3N|W|7|H2
6|19|235|184|51|291|5D|W|10|HK
6|2|113|206|133|195|6H|S|13|ST
6|2|123|114|233|264|6H|S|13|ST
6|2|189|253|137|252|6H|S|12|C9
6|2|176|230|22|194|6H|S|12|C5
6|2|93|261|279|182|7CX|W|8|DK
6|2|92|289|86|30|7HX|S|12|C5
6|2|234|196|120|198|6H|S|13|D4
6|2|139|74|277|186|4H|S|12|C2
6|2|129|181|281|124|6H|S|12|CT
6|2|235|184|51|291|6H|N|12|CK
6|20|113|206|133|195|3N|W|8|HK
6|20|123|36|233|96|3N|W|7|HQ
6|20|194|176|189|22|2S|E|12|HJ
6|20|223|23|247|137|2S|E|8|HJ
6|20|62|288|237|199|2S|E|9|HJ
6|20|92|93|86|279|3N|W|7|H3
6|20|74|196|186|198|4S|E|10|HJ
6|20|162|234|179|120|4S|E|10|HJ
6|20|129|181|281|124|4H|E|10|HJ
6|20|235|184|51|291|3N|W|8|H8
6|21|113|206|133|195|1N|N|9|D9
6|21|123|36|233|96|1N|N|8|D9
6|21|194|176|189|22|1N|S|7|HT
6|21|223|23|247|137|1N|N|7|H6
6|21|62|288|237|199|1N|N|7|H6
6|21|92|93|86|279|P||0
6|21|74|196|186|198|1N|N|7|H8
6|21|162|234|179|120|1N|N|8|C4
6|21|129|181|281|124|2S|S|7|H4
6|21|235|184|51|291|1N|N|6|H8
6|22|113|206|133|195|4S|N|10|DA
6|22|123|36|233|96|4S|N|10|C3
6|22|194|176|189|22|4S|N|9|H9
6|22|223|23|247|137|4S|N|9|H9
6|22|62|288|237|199|4S|N|8|H9
6|22|92|93|86|279|4S|S|10|D3
6|22|74|196|186|198|4S|N|10|C3
6|22|162|234|179|120|4S|N|9|H7
6|22|129|181|281|124|4S|N|9|H7
6|22|235|184|51|291|3N|S|8|ST
6|23|113|206|133|195|3H|N|8|SA
6|23|123|36|233|96|2S|E|9|HJ
6|23|194|176|189|22|3H|N|8|D7
6|23|223|23|247|137|3H|S|8|S3
6|23|62|288|237|199|2H|S|8|S3
6|23|92|93|86|279|2H|S|8|DA
6|23|74|196|186|198|2H|S|8|S3
6|23|162|234|179|120|3H|N|8|D5
6|23|129|181|281|124|1NX|W|9|HK
6|23|235|184|51|291|2H|N|8|C3
6|24|113|206|133|195|3N|S|10|SJ
6|24|123|36|233|96|2H|N|8|H3
6|24|194|176|189|22|3N|S|7|SJ
6|24|223|23|247|137|2H|N|9|D7
6|24|62|288|237|199|3N|S|6|ST
6|24|92|93|86|279|4H|S|9|H2
6|24|74|196|186|198|3N|S|9|D5
6|24|162|234|179|120|2H|N|10|S5
6|24|129|181|281|124|2N|S|9|D4
6|24|235|184|51|291|3N|S|8|SJ
6|25|113|206|133|195|1H|W|9|S6
6|25|123|36|233|96|1H|W|9|C6
6|25|194|176|189|22|3N|W|8|S6
6|25|223|23|247|137|1H|W|8|C6
6|25|62|288|237|199|1H|E|9|C6
6|25|92|93|86|279|1NX|S|6|SK
6|25|74|196|186|198|3N|E|8|C3
6|25|162|234|179|120|1H|W|9|S7
6|25|129|181|281|124|1H|W|9|S6
6|25|235|184|51|291|1H|W|10|S6
6|26|113|206|133|195|6D|W|13|S7
6|26|123|36|233|96|6D|W|12|HA
6|26|194|176|189|22|6D|W|12|HA
6|26|223|23|247|137|6D|W|13|S7
6|26|62|288|237|199|5D|W|13|S4
6|26|92|93|86|279|5D|W|13|S2
6|26|74|196|186|198|6D|W|12|HA
6|26|162|234|179|120|6D|W|12|HA
6|26|129|181|281|124|5D|W|13|CT
6|26|235|184|51|291|5D|W|13|S2
6|27|113|206|133|195|3S|E|7|HA
6|27|123|36|233|96|4H|S|10|C4
6|27|194|176|189|22|3H|N|9|C6
6|27|223|23|247|137|2S|E|7|HK
6|27|62|288|237|199|3H|S|10|C8
6|27|92|93|86|279|4HX|S|9|S5
6|27|74|196|186|198|3H|S|10|SJ
6|27|162|234|179|120|2S|E|8|HA
6|27|129|181|281|124|3H|S|9|SJ
6|27|235|184|51|291|2S|E|7|D2
6|28|113|206|133|195|3N|N|11|S6
6|28|123|36|233|96|4H|S|11|S4
6|28|194|176|189|22|5H|S|11|D7
6|28|223|23|247|137|3N|N|10|S5
6|28|62|288|237|199|3N|N|10|D6
6|28|92|93|86|279|3N|N|10|S8
6|28|74|196|186|198|3N|S|10|S4
6|28|162|234|179|120|4H|S|11|S2
6|28|129|181|281|124|3N|S|11|S4
6|28|235|184|51|291|4H|S|11|S2
6|29|113|206|133|195|3N|W|12|S7
6|29|123|36|233|96|2H|N|7|CJ
6|29|194|176|189|22|4D|E|11|S8
6|29|223|23|247|137|3D|E|11|S8
6|29|62|288|237|199|3D|E|11|S8
6|29|92|93|86|279|5D|E|11|S5
6|29|74|196|186|198|3D|E|11|S8
6|29|162|234|179|120|3N|W|9|H4
6|29|129|181|281|124|2H|W|8|H4
6|29|235|184|51|291|4D|E|11|S2
6|3|113|206|133|195|4HX|W|11|HK
6|3|123|114|233|264|3H|W|10|HK
6|3|189|253|137|252|3H|W|10|D4
6|3|176|230|22|194|4H|E|10|DA
6|3|93|261|279|182|1N|S|7|CK
6|3|92|289|86|30|3H|W|10|D2
6|3|234|196|120|198|3H|W|10|D4
6|3|139|74|277|186|1N|N|7|S3
6|3|129|181|281|124|1N|N|8|S4
6|3|235|184|51|291|2H|E|10|DK
6|30|113|206|133|195|3D|S|9|CA
6|30|123|36|233|96|3H|S|7|D5
6|30|194|176|189|22|3D|N|9|S3
6|30|223|23|247|137|3D|S|9|CA
6|30|62|288|237|199|3C|E|9|DA
6|30|92|93|86|279|3D|S|9|CA
6|30|74|196|186|198|3S|E|8|DA
6|30|162|234|179|120|3C|W|8|DJ
6|30|129|181|281|124|4SX|E|7|DK
6|30|235|184|51|291|2D|S|9|CA
6|31|113|206|133|195|4H|W|10|C8
6|31|123|36|233|96|4H|W|10|D4
6|31|194|176|189|22|4H|W|11|DA
6|31|223|23|247|137|4H|W|9|H3
6|31|62|288|237|199|4H|W|9|C2
6|31|92|93|86|279|4H|W|10|DA
6|31|74|196|186|198|4H|W|11|DA
6|31|162|234|179|120|4H|W|11|S3
6|31|129|181|281|124|4H|W|10|DA
6|31|235|184|51|291|2DX|S|4|HA
6|32|113|206|133|195|3H|E|8|C7
6|32|123|36|233|96|4H|E|8|S5
6|32|194|176|189|22|4H|E|8|S3
6|32|223|23|247|137|3H|E|8|S2
6|32|62|288|237|199|2H|E|8|C3
6|32|92|93|86|279|3H|E|8|C5
6|32|74|196|186|198|3H|E|8|C5
6|32|162|234|179|120|4H|E|8|S5
6|32|129|181|281|124|1N|N|7|CA
6|32|235|184|51|291|4H|E|8|H4
6|4|113|206|133|195|4S|N|10|DJ
6|4|123|114|233|264|5S|N|10|HA
6|4|189|253|137|252|4S|N|11|C4
6|4|176|230|22|194|4S|N|10|DJ
6|4|93|261|279|182|4S|N|10|C3
6|4|92|289|86|30|6S|N|10|HA
6|4|234|196|120|198|4S|N|11|C4
6|4|139|74|277|186|4S|N|10|S7
6|4|129|181|281|124|4S|N|10|DJ
6|4|235|184|51|291|4S|N|10|C3
6|5|113|206|133|195|2H|E|7|H6
6|5|123|114|233|264|2S|N|8|SA
6|5|189|253|137|252|2H|E|8|D5
6|5|176|230|22|194|2S|N|8|SA
6|5|93|261|279|182|2S|N|10|DQ
6|5|92|289|86|30|3C|S|10|D2
6|5|234|196|120|198|1N|N|8|DQ
6|5|139|74|277|186|1N|N|8|C4
6|5|129|181|281|124|2C|N|9|DQ
6|5|235|184|51|291|1N|N|8|DQ
6|6|113|206|133|195|2N|W|7|H5
6|6|123|114|233|264|1NX|S|6|C6
6|6|189|253|137|252|2H|S|7|C2
6|6|176|230|22|194|2H|S|9|C2
6|6|93|261|279|182|2H|S|8|SK
6|6|92|289|86|30|2H|S|9|C2
6|6|234|196|120|198|2H|N|7|S5
6|6|139|74|277|186|2H|N|8|S8
6|6|129|181|281|124|2H|S|8|C2
6|6|235|184|51|291|1N|S|6|C2
6|7|113|206|133|195|2S|S|8|HA
6|7|123|114|233|264|2S|S|8|HA
6|7|189|253|137|252|3S|S|7|HA
6|7|176|230|22|194|2S|S|8|HA
6|7|93|261|279|182|2S|S|8|DJ
6|7|92|289|86|30|2S|S|8|S4
6|7|234|196|120|198|2S|S|8|DJ
6|7|139|74|277|186|2S|S|9|HA
6|7|129|181|281|124|2S|S|8|HA
6|7|235|184|51|291|3S|N|8|HA
6|8|113|206|133|195|1N|E|9|H3
6|8|123|114|233|264|2S|W|8|H7
6|8|189|253|137|252|1D|N|5|HA
6|8|176|230|22|194|2H|S|9|CK
6|8|93|261|279|182|2N|E|8|C5
6|8|92|289|86|30|2S|E|9|D6
6|8|234|196|120|198|2H|S|10|CK
6|8|139|74|277|186|2H|N|9|S4
6|8|129|181|281|124|2H|N|8|DT
6|8|235|184|51|291|1D|N|5|HA
6|9|113|206|133|195|1N|S|7|HQ
6|9|123|114|233|264|1N|S|6|HQ
6|9|189|253|137|252|1N|S|8|H2
6|9|176|230|22|194|1N|S|7|H2
6|9|93|261|279|182|1N|S|8|H2
6|9|92|289|86|30|1N|S|7|DJ
6|9|234|196|120|198|1N|N|6|C4
6|9|139|74|277|186|1N|N|5|C4
6|9|129|181|281|124|1N|N|6|C3
6|9|235|184|51|291|1N|S|7|H2
7|1|123|230|233|194|4S|N|10|H7
7|1|189|206|150|195|4S|N|8|H7
7|1|223|288|247|199|3N|S|11|HA
7|1|92|253|86|252|4S|N|10|H7
7|1|113|234|133|120|4S|N|8|H6
7|1|74|299|186|264|4S|N|8|H7
7|1|139|184|277|291|4S|N|9|D9
7|1|129|196|281|198|4S|N|8|H7
7|1|56|289|183|30|3N|S|9|HK
7|1|62|181|237|124|4S|N|8|H3
7|10|123|230|233|194|1D|E|7|SQ
7|10|189|206|150|195|1N|E|6|H4
7|10|223|288|247|199|2S|E|7|HJ
7|10|92|253|86|252|1N|E|6|H4
7|10|113|234|133|120|1N|E|6|H4
7|10|74|299|186|264|1N|E|6|H2
7|10|139|184|277|291|3H|N|8|C9
7|10|129|196|281|198|1N|W|6|H4
7|10|56|289|183|30|1N|E|6|HJ
7|10|62|181|237|124|4H|S|8|D2
7|11|123|230|233|194|3N|S|8|C3
7|11|189|206|150|195|3H|N|9|DK
7|11|223|288|247|199|4H|N|8|S4
7|11|92|253|86|252|3H|N|9|S5
7|11|113|234|133|120|3H|N|8|DA
7|11|74|299|186|264|4H|S|9|H5
7|11|139|184|277|291|4H|N|9|S2
7|11|129|196|281|198|2H|N|8|S4
7|11|56|289|183|30|4H|N|9|DK
7|11|62|181|237|124|3H|N|9|DK
7|12|123|230|233|194|2H|N|9|DQ
7|12|189|206|150|195|4H|S|9|S7
7|12|223|288|247|199|2H|N|9|DQ
7|12|92|253|86|252|4H|S|9|D3
7|12|113|234|133|120|4H|S|9|C5
7|12|74|299|186|264|4H|N|9|DQ
7|12|139|184|277|291|4H|S|9|H7
7|12|129|196|281|198|2S|W|7|S3
7|12|56|289|183|30|4H|S|9|D9
7|12|62|181|237|124|4H|N|9|DQ
7|13|123|230|233|194|3H|E|8|CK
7|13|189|206|150|195|3H|W|9|CK
7|13|223|288|247|199|2D|S|7|S5
7|13|92|253|86|252|4H|W|10|CK
7|13|113|234|133|120|2D|S|5|S5
7|13|74|299|186|264|2D|S|7|S5
7|13|139|184|277|291|3C|N|6|H4
7|13|129|196|281|198|2H|W|10|ST
7|13|56|289|183|30|3H|W|9|CK
7|13|62|181|237|124|3HX|W|8|CK
7|14|123|230|233|194|3C|N|9|DK
7|14|189|206|150|195|2S|W|7|HA
7|14|223|288|247|199|1N|E|5|H7
7|14|92|253|86|252|2S|W|7|HA
7|14|113|234|133|120|2S|W|7|HA
7|14|74|299|186|264|1S|W|7|H3
7|14|139|184|277|291|3C|S|9|SK
7|14|129|196|281|198|2S|W|8|S5
7|14|56|289|183|30|2S|W|9|D7
7|14|62|181|237|124|3C|S|9|SK
7|15|123|230|233|194|4H|W|11|CQ
7|15|189|206|150|195|5H|W|13|S4
7|15|223|288|247|199|4H|W|12|CK
7|15|92|253|86|252|4H|W|12|CQ
7|15|113|234|133|120|4H|W|12|D7
7|15|74|299|186|264|4H|W|12|D7
7|15|139|184|277|291|6H|W|13|S4
7|15|129|196|281|198|4H|W|12|D7
7|15|56|289|183|30|6H|W|12|D7
7|15|62|181|237|124|4H|W|12|CK
7|16|123|230|233|194|1N|W|6|C6
7|16|189|206|150|195|2N|W|7|C6
7|16|223|288|247|199|1N|W|5|C6
7|16|92|253|86|252|2D|W|7|HQ
7|16|113|234|133|120|1N|W|8|C6
7|16|74|299|186|264|2H|E|6|SQ
7|16|139|184|277|291|1N|E|8|HT
7|16|129|196|281|198|1N|W|6|C6
7|16|56|289|183|30|3C|N|8|D8
7|16|62|181|237|124|1N|W|6|C6
7|17|206|230|195|194|3D|E|9|S5
7|17|189|123|150|233|1N|W|7|H2
7|17|176|261|22|182|2S|S|8|S4
7|17|92|253|86|252|3S|N|7|DK
7|17|36|234|96|120|3N|W|9|S9
7|17|74|299|186|264|3SX|S|9|HA
7|17|162|184|179|291|3S|N|7|DK
7|17|129|196|281|198|2S|S|7|S3
7|17|56|289|183|30|3D|W|10|C6
7|17|93|181|279|124|4C|E|10|S2
7|18|206|230|195|194|4S|W|11|S2
7|18|189|123|150|233|4S|W|11|D5
7|18|176|261|22|182|4S|W|11|D5
7|18|92|253|86|252|4S|W|11|D3
7|18|36|234|96|120|4S|W|11|D3
7|18|74|299|186|264|4S|W|11|D5
7|18|162|184|179|291|4S|W|11|D5
7|18|129|196|281|198|4S|W|11|D3
7|18|56|289|183|30|4S|W|11|D5
7|18|93|181|279|124|4S|W|11|S6
7|19|206|230|195|194|3N|W|8|S2
7|19|189|123|150|233|3N|W|9|S4
7|19|176|261|22|182|3N|E|9|S6
7|19|92|253|86|252|3N|W|9|S4
7|19|36|234|96|120|1H|W|9|CT
7|19|74|299|186|264|3N|E|10|HT
7|19|162|184|179|291|3N|W|8|S4
7|19|129|196|281|198|1N|E|9|S5
7|19|56|289|183|30|2N|E|7|D9
7|19|93|181|279|124|3N|W|8|S4
7|2|123|230|233|194|4S|N|12|CQ
7|2|189|206|150|195|6S|N|12|CQ
7|2|223|288|247|199|4S|S|11|D5
7|2|92|253|86|252|6N|S|12|DA
7|2|113|234|133|120|4S|S|12|H7
7|2|74|299|186|264|6C|S|10|DA
7|2|139|184|277|291|6S|S|12|DA
7|2|129|196|281|198|6S|S|12|DA
7|2|56|289|183|30|6S|S|12|DA
7|2|62|181|237|124|4S|S|12|C9
7|20|206|230|195|194|4S|N|10|CT
7|20|189|123|150|233|4S|N|10|C9
7|20|176|261|22|182|4S|N|10|C6
7|20|92|253|86|252|4S|N|9|C9
7|20|36|234|96|120|4S|N|10|D8
7|20|74|299|186|264|4S|N|11|S2
7|20|162|184|179|291|4S|N|11|H2
7|20|129|196|281|198|2S|N|11|CT
7|20|56|289|183|30|4S|S|10|DK
7|20|93|181|279|124|4S|N|11|C6
7|21|206|230|195|194|3N|N|9|S5
7|21|189|123|150|233|2S|W|7|HQ
7|21|176|261|22|182|3N|N|10|S2
7|21|92|253|86|252|4H|S|10|DT
7|21|36|234|96|120|3N|N|10|S2
7|21|74|299|186|264|3N|N|10|D6
7|21|162|184|179|291|3N|N|8|CQ
7|21|129|196|281|198|2D|S|7|DT
7|21|56|289|183|30|3N|N|10|S2
7|21|93|181|279|124|3N|N|11|CK
7|22|206|230|195|194|5HX|E|6|DA
7|22|189|123|150|233|4SX|N|7|HA
7|22|176|261|22|182|2H|E|7|C7
7|22|92|253|86|252|3S|N|7|HA
7|22|36|234|96|120|3SX|S|9|HJ
7|22|74|299|186|264|3SX|N|9|C2
7|22|162|184|179|291|3S|N|7|HA
7|22|129|196|281|198|3N|W|8|S6
7|22|56|289|183|30|3SX|N|8|C3
7|22|93|181|279|124|3S|N|8|C3
7|23|206|230|195|194|2DX|E|2|D6
7|23|189|123|150|233|4H|N|12|D4
7|23|176|261|22|182|6H|S|12|DJ
7|23|92|253|86|252|4H|S|12|DJ
7|23|36|234|96|120|4H|N|12|SJ
7|23|74|299|186|264|6H|S|12|DJ
7|23|162|184|179|291|4H|N|12|SJ
7|23|129|196|281|198|4H|N|12|SJ
7|23|56|289|183|30|6H|N|12|SJ
7|23|93|181|279|124|4H|S|12|DJ
7|24|206|230|195|194|3NX|W|9|H7
7|24|189|123|150|233|5D|W|9|S3
7|24|176|261|22|182|3N|E|9|CT
7|24|92|253|86|252|3N|E|10|HT
7|24|36|234|96|120|2N|W|9|C7
7|24|74|299|186|264|5DX|W|9|H7
7|24|162|184|179|291|4D|W|9|H7
7|24|129|196|281|198|3N|W|9|C7
7|24|56|289|183|30|4D|W|9|S5
7|24|93|181|279|124|3N|W|8|S3
7|25|206|230|195|194|2N|E|9|CJ
7|25|189|123|150|233|3N|E|11|CJ
7|25|176|261|22|182|3N|E|9|CJ
7|25|92|253|86|252|3N|E|10|HJ
7|25|36|234|96|120|3N|W|10|S5
7|25|74|299|186|264|3N|E|9|HJ
7|25|162|184|179|291|3N|E|9|CT
7|25|129|196|281|198|2N|E|8|CJ
7|25|56|289|183|30|3N|W|9|S7
7|25|93|181|279|124|3N|E|11|CJ
7|26|206|230|195|194|3N|W|9|S2
7|26|189|123|150|233|3N|W|9|C3
7|26|176|261|22|182|3N|W|9|S2
7|26|92|253|86|252|2N|W|9|S6
7|26|36|234|96|120|3N|E|10|HT
7|26|74|299|186|264|3N|W|8|C4
7|26|162|184|179|291|3N|W|10|C3
7|26|129|196|281|198|3N|W|10|H5
7|26|56|289|183|30|3N|W|9|H2
7|26|93|181|279|124|3N|W|10|H5
7|27|206|230|195|194|3S|W|8|CA
7|27|189|123|150|233|1N|W|8|H2
7|27|176|261|22|182|3S|E|8|H8
7|27|92|253|86|252|3S|W|8|CA
7|27|36|234|96|120|3S|E|8|H7
7|27|74|299|186|264|3N|W|8|D4
7|27|162|184|179|291|3S|E|8|S5
7|27|129|196|281|198|2S|E|9|H7
7|27|56|289|183|30|3S|W|8|CK
7|27|93|181|279|124|3S|E|8|CA
7|28|206|230|195|194|5D|W|8|HK
7|28|189|123|150|233|4S|W|9|HA
7|28|176|261|22|182|5SX|E|10|CA
7|28|92|253|86|252|5S|W|9|HT
7|28|36|234|96|120|5HX|N|11|DT
7|28|74|299|186|264|4SX|W|9|HT
7|28|162|184|179|291|4S|E|9|HT
7|28|129|196|281|198|5S|E|9|HT
7|28|56|289|183|30|5HX|N|10|DT
7|28|93|181|279|124|4H|N|11|DT
7|29|206|230|195|194|2H|N|9|SJ
7|29|189|123|150|233|1N|W|6|H4
7|29|176|261|22|182|2S|W|8|S6
7|29|92|253|86|252|2H|N|8|SJ
7|29|36|234|96|120|1H|N|8|SJ
7|29|74|299|186|264|1S|E|8|C5
7|29|162|184|179|291|2H|N|8|H2
7|29|129|196|281|198|1N|W|8|H4
7|29|56|289|183|30|1H|N|9|SJ
7|29|93|181|279|124|1N|W|6|H4
7|3|123|230|233|194|4S|W|12|C7
7|3|189|206|150|195|6D|W|12|H2
7|3|223|288|247|199|6D|E|12|HK
7|3|92|253|86|252|6S|W|13|D4
7|3|113|234|133|120|6C|E|8|C2
7|3|74|299|186|264|6D|W|13|H5
7|3|139|184|277|291|3N|E|13|HQ
7|3|129|196|281|198|6S|W|12|S3
7|3|56|289|183|30|4S|W|13|H9
7|3|62|181|237|124|3N|E|12|H3
7|30|206|230|195|194|4D|W|9|HJ
7|30|189|123|150|233|3C|N|10|DK
7|30|176|261|22|182|2S|W|8|CA
7|30|92|253|86|252|5HX|S|9|DA
7|30|36|234|96|120|3C|N|9|S4
7|30|74|299|186|264|5D|E|11|H3
7|30|162|184|179|291|3D|E|11|C2
7|30|129|196|281|198|5D|E|11|SK
7|30|56|289|183|30|5D|E|11|C2
7|30|93|181|279|124|4D|W|11|CK
7|31|206|230|195|194|6N|S|11|SJ
7|31|189|123|150|233|3N|S|11|D4
7|31|176|261|22|182|3N|S|11|SJ
7|31|92|253|86|252|4N|S|11|S5
7|31|36|234|96|120|6N|S|11|SJ
7|31|74|299|186|264|4SX|E|7|CA
7|31|162|184|179|291|3N|S|11|SJ
7|31|129|196|281|198|3N|S|11|SJ
7|31|56|289|183|30|6D|N|10|ST
7|31|93|181|279|124|3N|S|11|D4
7|32|206|230|195|194|3N|N|12|HQ
7|32|189|123|150|233|3N|N|11|H8
7|32|176|261|22|182|3N|N|12|HQ
7|32|92|253|86|252|4N|S|11|H7
7|32|36|234|96|120|3N|N|12|HQ
7|32|74|299|186|264|3N|S|12|S5
7|32|162|184|179|291|3N|N|12|HQ
7|32|129|196|281|198|3N|N|11|HQ
7|32|56|289|183|30|3N|S|11|H3
7|32|93|181|279|124|3N|N|12|HQ
7|4|123|230|233|194|4S|W|11|H4
7|4|189|206|150|195|4S|W|12|H4
7|4|223|288|247|199|3N|E|11|H2
7|4|92|253|86|252|4S|W|12|H3
7|4|113|234|133|120|3N|E|7|D3
7|4|74|299|186|264|4S|W|12|H4
7|4|139|184|277|291|4S|W|11|H4
7|4|129|196|281|198|4S|W|12|S2
7|4|56|289|183|30|4S|W|12|H4
7|4|62|181|237|124|4S|W|12|H4
7|5|123|230|233|194|4H|N|9|CA
7|5|189|206|150|195|5HX|N|9|C8
7|5|223|288|247|199|3N|N|10|C7
7|5|92|253|86|252|4H|S|9|C6
7|5|113|234|133|120|6HX|S|9|S9
7|5|74|299|186|264|4H|N|8|D8
7|5|139|184|277|291|3N|N|10|HT
7|5|129|196|281|198|4S|N|9|ST
7|5|56|289|183|30|3N|N|11|CA
7|5|62|181|237|124|4H|N|9|CA
7|6|123|230|233|194|3N|W|9|CQ
7|6|189|206|150|195|3N|W|8|CQ
7|6|223|288|247|199|3N|W|8|SQ
7|6|92|253|86|252|3N|W|9|D6
7|6|113|234|133|120|3N|W|8|D7
7|6|74|299|186|264|3N|W|9|CQ
7|6|139|184|277|291|3N|E|10|S2
7|6|129|196|281|198|3N|E|10|C6
7|6|56|289|183|30|3N|W|9|SQ
7|6|62|181|237|124|3N|W|7|D6
7|7|123|230|233|194|3CX|N|6|H4
7|7|189|206|150|195|2S|S|7|D5
7|7|223|288|247|199|2S|S|7|D4
7|7|92|253|86|252|3C|N|6|D5
7|7|113|234|133|120|2C|N|7|H4
7|7|74|299|186|264|2H|S|8|D4
7|7|139|184|277|291|2C|N|7|H8
7|7|129|196|281|198|2S|S|6|D6
7|7|56|289|183|30|2D|W|7|ST
7|7|62|181|237|124|2C|N|6|H3
7|8|123|230|233|194|3S|E|10|C6
7|8|189|206|150|195|4S|E|10|D2
7|8|223|288|247|199|2S|E|10|C2
7|8|92|253|86|252|5S|E|10|SA
7|8|113|234|133|120|4S|E|11|HA
7|8|74|299|186|264|4S|E|10|C6
7|8|139|184|277|291|4S|E|11|HA
7|8|129|196|281|198|4H|W|10|HA
7|8|56|289|183|30|5HX|S|10|SQ
7|8|62|181|237|124|4S|E|11|HA
7|9|123|230|233|194|4S|N|9|S8
7|9|189|206|150|195|4S|N|9|S4
7|9|223|288|247|199|4S|N|9|S6
7|9|92|253|86|252|4S|N|9|S5
7|9|113|234|133|120|4S|N|8|S2
7|9|74|299|186|264|4S|N|10|S2
7|9|139|184|277|291|5S|N|10|S2
7|9|129|196|281|198|4S|N|9|S2
7|9|56|289|183|30|4S|N|9|S4
7|9|62|181|237|124|4S|N|10|S2
8|1|288|206|199|195|6C|E|12|HK
8|1|123|261|233|182|5C|E|11|HK
8|1|93|253|279|252|5C|E|11|HK
8|1|223|289|247|30|3N|E|9|HK
8|1|74|230|186|137|5C|E|11|HK
8|1|189|234|150|120|3N|E|9|HK
8|1|129|113|281|133|3N|E|9|HK
8|1|36|184|96|291|2D|E|11|HK
8|1|56|139|183|277|3N|E|9|HK
8|1|162|181|179|124|5C|E|11|SQ
8|10|288|206|199|195|5CX|W|9|S6
8|10|123|261|233|182|5CX|W|9|S6
8|10|93|253|279|252|5CX|W|9|S2
8|10|223|289|247|30|5CX|W|9|S7
8|10|74|230|186|137|4S|S|9|CA
8|10|189|234|150|120|5S|S|9|CA
8|10|129|113|281|133|5CX|W|9|S2
8|10|36|184|96|291|4S|S|9|CA
8|10|56|139|183|277|3N|E|7|DA
8|10|162|181|179|124|5S|S|10|CA
8|11|288|206|199|195|4H|W|8|SQ
8|11|123|261|233|182|2H|E|7|CK
8|11|93|253|279|252|2H|E|7|CK
8|11|223|289|247|30|4H|E|7|CK
8|11|74|230|186|137|2H|E|8|CK
8|11|189|234|150|120|4H|E|7|CK
8|11|129|113|281|133|3S|N|7|HA
8|11|36|184|96|291|2S|N|9|HK
8|11|56|139|183|277|3H|E|8|CK
8|11|162|181|179|124|4H|W|7|SQ
8|12|288|206|199|195|3C|W|8|DT
8|12|123|261|233|182|3C|E|8|DT
8|12|93|253|279|252|3C|W|8|D4
8|12|223|289|247|30|3C|E|8|DT
8|12|74|230|186|137|2S|N|6|H9
8|12|189|234|150|120|3C|E|8|DT
8|12|129|113|281|133|1N|E|7|S9
8|12|36|184|96|291|3C|E|8|DT
8|12|56|139|183|277|3C|E|8|DT
8|12|162|181|179|124|5CX|W|8|H7
8|13|288|206|199|195|4H|E|7|CA
8|13|123|261|233|182|3H|W|8|D6
8|13|93|253|279|252|2S|N|7|SQ
8|13|223|289|247|30|3C|S|9|H5
8|13|74|230|186|137|3C|N|9|CJ
8|13|189|234|150|120|2S|N|6|CJ
8|13|129|113|281|133|2S|N|8|CJ
8|13|36|184|96|291|3C|S|7|H5
8|13|56|139|183|277|4H|W|10|D6
8|13|162|181|179|124|3H|W|10|D6
8|14|288|206|199|195|1S|W|8|D2
8|14|123|261|233|182|3D|S|10|SK
8|14|93|253|279|252|1H|W|7|D9
8|14|223|289|247|30|3N|N|8|H3
8|14|74|230|186|137|2N|S|8|SK
8|14|189|234|150|120|2S|E|8|H6
8|14|129|113|281|133|2H|W|6|D9
8|14|36|184|96|291|2H|W|7|D9
8|14|56|139|183|277|2N|N|9|H3
8|14|162|181|179|124|3C|S|9|HA
8|15|288|206|199|195|4H|W|12|S2
8|15|123|261|233|182|4H|W|12|D7
8|15|93|253|279|252|4H|W|12|S4
8|15|223|289|247|30|4H|W|11|D6
8|15|74|230|186|137|4H|W|11|D7
8|15|189|234|150|120|4H|E|12|SQ
8|15|129|113|281|133|4H|W|12|S4
8|15|36|184|96|291|4H|W|10|D6
8|15|56|139|183|277|4H|W|12|D7
8|15|162|181|179|124|4H|W|12|S2
8|16|288|206|199|195|5DX|S|7|HA
8|16|123|261|233|182|4H|W|11|CT
8|16|93|253|279|252|5S|W|13|CT
8|16|223|289|247|30|4H|W|12|CT
8|16|74|230|186|137|4S|E|12|DJ
8|16|189|234|150|120|6S|W|12|DJ
8|16|129|113|281|133|4S|E|11|DJ
8|16|36|184|96|291|4H|W|13|SJ
8|16|56|139|183|277|5S|E|12|DJ
8|16|162|181|179|124|5DX|N|8|SA
8|17|261|206|182|195|2H|N|8|SA
8|17|123|288|233|199|3D|W|10|H2
8|17|62|176|237|22|4H|N|8|CA
8|17|223|93|247|279|2H|N|8|CA
8|17|74|230|186|194|2H|S|8|C6
8|17|189|234|137|120|3D|W|10|CK
8|17|129|113|281|133|2H|N|9|D4
8|17|36|184|96|291|2H|N|8|SA
8|17|56|139|183|277|4H|S|8|DT
8|17|196|181|198|124|2H|N|8|D6
8|18|261|206|182|195|5D|W|11|ST
8|18|123|288|233|199|3N|E|10|CT
8|18|62|176|237|22|3N|E|10|HQ
8|18|223|93|247|279|3D|W|10|S9
8|18|74|230|186|194|3N|E|10|CT
8|18|189|234|137|120|3N|E|8|SJ
8|18|129|113|281|133|3D|W|11|S7
8|18|36|184|96|291|3N|E|10|CT
8|18|56|139|183|277|3D|E|11|S4
8|18|196|181|198|124|6D|W|10|C8
8|19|261|206|182|195|2S|S|10|CQ
8|19|123|288|233|199|3S|S|8|CQ
8|19|62|176|237|22|3N|W|7|S6
8|19|223|93|247|279|2S|S|10|CQ
8|19|74|230|186|194|4C|E|10|ST
8|19|189|234|137|120|1N|W|7|D6
8|19|129|113|281|133|4SX|S|10|CQ
8|19|36|184|96|291|2S|S|9|CQ
8|19|56|139|183|277|3N|W|7|S6
8|19|196|181|198|124|2S|S|8|CQ
8|2|288|206|199|195|3S|N|9|HA
8|2|123|261|233|182|3S|N|9|HK
8|2|93|253|279|252|3S|N|9|HA
8|2|223|289|247|30|2N|E|6|S4
8|2|74|230|186|137|3S|N|9|HA
8|2|189|234|150|120|2S|N|8|HA
8|2|129|113|281|133|4SX|N|9|HA
8|2|36|184|96|291|2N|W|6|SA
8|2|56|139|183|277|3S|N|9|HA
8|2|162|181|179|124|2S|N|8|HA
8|20|261|206|182|195|3D|N|8|HQ
8|20|123|288|233|199|3D|N|8|HQ
8|20|62|176|237|22|3D|N|7|HQ
8|20|223|93|247|279|3D|N|9|HQ
8|20|74|230|186|194|3N|N|7|HQ
8|20|189|234|137|120|3D|N|8|HQ
8|20|129|113|281|133|3D|N|10|HQ
8|20|36|184|96|291|3D|N|8|HQ
8|20|56|139|183|277|3D|N|10|HQ
8|20|196|181|198|124|1N|S|7|H5
8|21|261|206|182|195|3H|W|6|D4
8|21|123|288|233|199|2D|N|6|SJ
8|21|62|176|237|22|2C|W|7|HK
8|21|223|93|247|279|2C|W|9|HK
8|21|74|230|186|194|3NX|E|8|H7
8|21|189|234|137|120|2S|E|9|DT
8|21|129|113|281|133|2N|W|9|HK
8|21|36|184|96|291|4H|E|8|DT
8|21|56|139|183|277|3DX|N|6|SJ
8|21|196|181|198|124|2C|N|5|DA
8|22|261|206|182|195|2SX|S|7|H3
8|22|123|288|233|199|3D|E|10|CK
8|22|62|176|237|22|3N|W|9|SJ
8|22|223|93|247|279|3N|W|8|SJ
8|22|74|230|186|194|3D|E|10|CK
8|22|189|234|137|120|3D|E|9|SA
8|22|129|113|281|133|3N|W|7|SJ
8|22|36|184|96|291|3N|W|10|SJ
8|22|56|139|183|277|3N|W|10|SJ
8|22|196|181|198|124|3D|E|10|H4
8|23|261|206|182|195|4S|S|11|CA
8|23|123|288|233|199|3N|N|9|HT
8|23|62|176|237|22|4S|S|11|H3
8|23|223|93|247|279|4S|S|11|D2
8|23|74|230|186|194|4S|S|12|D8
8|23|189|234|137|120|4S|S|10|D2
8|23|129|113|281|133|4S|S|11|H9
8|23|36|184|96|291|4S|S|10|H9
8|23|56|139|183|277|4S|S|11|D8
8|23|196|181|198|124|4S|S|12|D8
8|24|261|206|182|195|3S|W|10|CT
8|24|123|288|233|199|4S|E|10|HT
8|24|62|176|237|22|4S|E|9|HT
8|24|223|93|247|279|2S|E|10|D3
8|24|74|230|186|194|4S|E|9|D3
8|24|189|234|137|120|4S|W|10|CT
8|24|129|113|281|133|4S|E|9|HT
8|24|36|184|96|291|2S|E|10|D2
8|24|56|139|183|277|4S|E|10|D3
8|24|196|181|198|124|4S|E|10|CA
8|25|261|206|182|195|2H|S|9|H3
8|25|123|288|233|199|2S|S|9|DJ
8|25|62|176|237|22|2H|S|9|D3
8|25|223|93|247|279|1N|W|8|H5
8|25|74|230|186|194|3H|S|9|DJ
8|25|189|234|137|120|4S|S|8|S9
8|25|129|113|281|133|2H|N|9|H5
8|25|36|184|96|291|1N|W|7|H4
8|25|56|139|183|277|1S|S|9|S9
8|25|196|181|198|124|2H|N|9|C6
8|26|261|206|182|195|2H|W|8|H2
8|26|123|288|233|199|2H|W|10|DQ
8|26|62|176|237|22|2H|E|9|C2
8|26|223|93|247|279|3H|W|8|DQ
8|26|74|230|186|194|3H|W|9|DQ
8|26|189|234|137|120|3H|W|9|DQ
8|26|129|113|281|133|3H|W|9|HA
8|26|36|184|96|291|1N|E|5|C5
8|26|56|139|183|277|1N|E|4|C2
8|26|196|181|198|124|3H|W|9|DQ
8|27|261|206|182|195|2H|W|7|D9
8|27|123|288|233|199|2S|N|8|H4
8|27|62|176|237|22|3D|S|8|S3
8|27|223|93|247|279|3D|S|7|S7
8|27|74|230|186|194|3S|N|8|DJ
8|27|189|234|137|120|2H|W|9|D9
8|27|129|113|281|133|2H|W|9|D7
8|27|36|184|96|291|2H|W|8|D7
8|27|56|139|183|277|1N|S|6|C4
8|27|196|181|198|124|4S|N|8|H4
8|28|261|206|182|195|2H|W|8|DT
8|28|123|288|233|199|3S|E|8|HQ
8|28|62|176|237|22|4S|E|8|HQ
8|28|223|93|247|279|1S|W|8|HK
8|28|74|230|186|194|3S|E|8|C7
8|28|189|234|137|120|1N|W|7|D3
8|28|129|113|281|133|3S|E|8|C6
8|28|36|184|96|291|3S|E|9|HQ
8|28|56|139|183|277|1N|W|8|DT
8|28|196|181|198|124|4S|E|8|HQ
8|29|261|206|182|195|4H|N|12|C2
8|29|123|288|233|199|6H|N|12|C2
8|29|62|176|237|22|6H|N|12|C2
8|29|223|93|247|279|4H|N|12|D5
8|29|74|230|186|194|4H|N|12|HT
8|29|189|234|137|120|6H|N|12|SK
8|29|129|113|281|133|4H|N|12|DT
8|29|36|184|96|291|6H|N|12|HT
8|29|56|139|183|277|4H|N|12|S3
8|29|196|181|198|124|4H|N|12|C4
8|3|288|206|199|195|3N|S|11|D5
8|3|123|261|233|182|3N|S|11|D5
8|3|93|253|279|252|3N|S|12|H9
8|3|223|289|247|30|3N|S|11|S7
8|3|74|230|186|137|3N|S|11|S7
8|3|189|234|150|120|3N|S|11|H2
8|3|129|113|281|133|2SX|E|4|SK
8|3|36|184|96|291|3N|S|12|H9
8|3|56|139|183|277|3N|N|12|D4
8|3|162|181|179|124|3N|S|11|H9
8|30|261|206|182|195|4S|W|10|ST
8|30|123|288|233|199|4S|W|10|H5
8|30|62|176|237|22|3S|W|10|H5
8|30|223|93|247|279|4S|E|10|H4
8|30|74|230|186|194|4S|E|10|H6
8|30|189|234|137|120|4S|W|10|H3
8|30|129|113|281|133|4S|E|10|H4
8|30|36|184|96|291|4S|E|10|D7
8|30|56|139|183|277|4S|E|9|H5
8|30|196|181|198|124|4S|E|10|H3
8|31|261|206|182|195|3C|N|10|S7
8|31|123|288|233|199|5C|S|9|H7
8|31|62|176|237|22|5CX|S|9|C2
8|31|223|93|247|279|2D|W|9|S5
8|31|74|230|186|194|3C|S|9|H7
8|31|189|234|137|120|3C|S|9|H3
8|31|129|113|281|133|3N|S|7|H3
8|31|36|184|96|291|3C|S|10|H3
8|31|56|139|183|277|4SX|E|9|C6
8|31|196|181|198|124|3H|E|8|CA
8|32|261|206|182|195|3N|N|7|D4
8|32|123|288|233|199|2S|W|5|H7
8|32|62|176|237|22|1N|N|9|C2
8|32|223|93|247|279|3C|N|8|HK
8|32|74|230|186|194|2C|N|9|HA
8|32|189|234|137|120|3N|S|10|H6
8|32|129|113|281|133|2D|S|6|C7
8|32|36|184|96|291|1N|N|9|C3
8|32|56|139|183|277|3N|S|9|H6
8|32|196|181|198|124|3N|S|9|C7
8|4|288|206|199|195|3N|E|9|H3
8|4|123|261|233|182|3N|E|10|H3
8|4|93|253|279|252|3N|E|9|H3
8|4|223|289|247|30|3N|E|9|H3
8|4|74|230|186|137|3N|E|8|H7
8|4|189|234|150|120|3N|E|9|H3
8|4|129|113|281|133|3N|E|10|H3
8|4|36|184|96|291|3N|E|10|H3
8|4|56|139|183|277|3N|E|10|C3
8|4|162|181|179|124|3N|E|10|H3
8|5|288|206|199|195|2H|E|6|CA
8|5|123|261|233|182|3D|E|8|HQ
8|5|93|253|279|252|2H|E|7|D7
8|5|223|289|247|30|2H|E|7|HJ
8|5|74|230|186|137|2H|E|6|HQ
8|5|189|234|150|120|2D|E|9|D5
8|5|129|113|281|133|2S|S|7|C2
8|5|36|184|96|291|3D|E|8|CA
8|5|56|139|183|277|3C|S|9|H7
8|5|162|181|179|124|3C|S|9|H7
8|6|288|206|199|195|4H|S|11|DQ
8|6|123|261|233|182|4H|S|12|DK
8|6|93|253|279|252|3N|N|11|CA
8|6|223|289|247|30|3N|N|11|S6
8|6|74|230|186|137|4H|S|11|DK
8|6|189|234|150|120|4H|S|10|C2
8|6|129|113|281|133|4H|S|11|DK
8|6|36|184|96|291|4H|S|11|ST
8|6|56|139|183|277|4H|S|12|DK
8|6|162|181|179|124|4H|S|10|C8
8|7|288|206|199|195|6S|E|12|CA
8|7|123|261|233|182|6S|E|13|D2
8|7|93|253|279|252|5H|E|10|D3
8|7|223|289|247|30|4H|E|13|D3
8|7|74|230|186|137|5DX|S|9|HQ
8|7|189|234|150|120|4S|W|11|CQ
8|7|129|113|281|133|4S|W|11|CQ
8|7|36|184|96|291|4H|E|13|D3
8|7|56|139|183|277|5S|E|11|CQ
8|7|162|181|179|124|4H|E|13|D2
8|8|288|206|199|195|1N|W|10|DA
8|8|123|261|233|182|1N|E|9|S4
8|8|93|253|279|252|1N|E|10|DA
8|8|223|289|247|30|1N|E|8|S4
8|8|74|230|186|137|1N|W|7|SJ
8|8|189|234|150|120|1N|E|9|S4
8|8|129|113|281|133|1N|W|10|S2
8|8|36|184|96|291|2S|N|7|DQ
8|8|56|139|183|277|1N|E|9|DA
8|8|162|181|179|124|1S|N|8|DQ
8|9|288|206|199|195|2H|W|9|S4
8|9|123|261|233|182|2D|N|7|C7
8|9|93|253|279|252|1N|N|6|S5
8|9|223|289|247|30|2H|W|8|S4
8|9|74|230|186|137|1N|N|6|S5
8|9|189|234|150|120|1N|N|6|S2
8|9|129|113|281|133|2H|W|8|D2
8|9|36|184|96|291|1N|N|6|S5
8|9|56|139|183|277|2H|W|8|S4
8|9|162|181|179|124|2H|W|8|HK
9|1|123|253|233|252|3N|N|10|H6
9|1|176|206|22|195|3N|N|10|S3
9|1|92|234|86|120|3N|N|12|H6
9|1|74|261|186|182|3N|N|11|H6
9|1|189|129|137|281|3N|N|12|D6
9|1|184|194|291|150|3N|N|10|H6
9|1|113|181|133|124|3N|N|11|D5
9|1|56|299|183|264|3N|N|11|H6
9|1|196|289|198|30|3N|N|11|D6
9|1|62|162|237|179|5CX|N|9|H3
9|10|123|253|233|252|4H|W|10|CJ
9|10|176|206|22|195|4H|W|9|CJ
9|10|92|234|86|120|4H|W|10|SQ
9|10|74|261|186|182|4H|W|9|SK
9|10|189|129|137|281|4H|W|9|CJ
9|10|184|194|291|150|2S|N|5|H5
9|10|113|181|133|124|4H|W|9|SK
9|10|56|299|183|264|2SX|N|5|H5
9|10|196|289|198|30|4H|W|10|SK
9|10|62|162|237|179|4H|W|9|SK
9|11|123|253|233|252|2C|W|9|HQ
9|11|176|206|22|195|3NX|E|7|D4
9|11|92|234|86|120|1N|N|6|H2
9|11|74|261|186|182|1NX|N|6|H2
9|11|189|129|137|281|2C|W|9|HK
9|11|184|194|291|150|2C|W|9|D9
9|11|113|181|133|124|1N|N|7|H6
9|11|56|299|183|264|1N|E|8|D4
9|11|196|289|198|30|1N|E|9|S6
9|11|62|162|237|179|1N|E|9|CJ
9|12|123|253|233|252|3N|N|7|CQ
9|12|176|206|22|195|2N|S|8|H5
9|12|92|234|86|120|3N|N|7|CQ
9|12|74|261|186|182|3N|S|8|H2
9|12|189|129|137|281|2N|S|6|SQ
9|12|184|194|291|150|2N|S|8|H2
9|12|113|181|133|124|2N|S|8|SQ
9|12|56|299|183|264|3N|S|8|H5
9|12|196|289|198|30|3N|N|8|CQ
9|12|62|162|237|179|3N|N|7|CQ
9|13|123|253|233|252|4H|E|11|SJ
9|13|176|206|22|195|3H|E|11|SJ
9|13|92|234|86|120|2S|N|7|D3
9|13|74|261|186|182|4H|E|11|SJ
9|13|189|129|137|281|4H|E|11|SJ
9|13|184|194|291|150|4H|E|11|SJ
9|13|113|181|133|124|2H|E|11|SJ
9|13|56|299|183|264|3H|E|11|SJ
9|13|196|289|198|30|3H|E|11|SJ
9|13|62|162|237|179|4H|W|11|SK
9|14|123|253|233|252|3N|N|9|SJ
9|14|176|206|22|195|3N|S|10|SQ
9|14|92|234|86|120|3N|S|12|D4
9|14|74|261|186|182|3N|S|10|D4
9|14|189|129|137|281|3N|S|11|D4
9|14|184|194|291|150|5C|S|11|C3
9|14|113|181|133|124|3N|N|10|S5
9|14|56|299|183|264|3N|S|9|SQ
9|14|196|289|198|30|3N|S|10|H2
9|14|62|162|237|179|2D|N|9|S3
9|15|123|253|233|252|3H|N|8|DT
9|15|176|206|22|195|3N|W|7|DA
9|15|92|234|86|120|4SX|S|7|C7
9|15|74|261|186|182|2H|S|9|D4
9|15|189|129|137|281|3N|W|9|DA
9|15|184|194|291|150|2N|W|7|DK
9|15|113|181|133|124|2H|S|8|SK
9|15|56|299|183|264|2SX|S|8|C2
9|15|196|289|198|30|3C|E|9|H4
9|15|62|162|237|179|2H|S|8|D2
9|16|123|253|233|252|4H|S|10|CQ
9|16|176|206|22|195|2H|S|8|CQ
9|16|92|234|86|120|4H|S|8|CQ
9|16|74|261|186|182|3H|S|10|CQ
9|16|189|129|137|281|4C|E|8|D9
9|16|184|194|291|150|3H|N|9|CQ
9|16|113|181|133|124|2H|S|8|CQ
9|16|56|299|183|264|4H|S|10|CQ
9|16|196|289|198|30|4H|S|11|CQ
9|16|62|162|237|179|4H|S|10|CQ
9|17|206|176|195|22|3N|S|10|SK
9|17|223|123|247|233|3SX|W|8|D5
9|17|288|234|199|120|4SX|W|7|D5
9|17|74|92|186|86|4D|S|10|SK
9|17|189|129|137|281|3N|N|8|SJ
9|17|184|230|291|194|3N|N|10|SJ
9|17|36|181|96|124|3D|S|10|SK
9|17|56|299|183|264|5D|S|10|SK
9|17|139|93|277|279|3S|W|8|D5
9|17|62|162|237|179|3SX|E|8|D2
9|18|206|176|195|22|3N|N|9|HJ
9|18|223|123|247|233|3D|S|9|CA
9|18|288|234|199|120|3N|S|9|H2
9|18|74|92|186|86|1N|N|10|S6
9|18|189|129|137|281|3N|N|9|HJ
9|18|184|230|291|194|3N|S|10|CA
9|18|36|181|96|124|3N|N|10|C3
9|18|56|299|183|264|3N|S|10|H5
9|18|139|93|277|279|3N|N|9|HJ
9|18|62|162|237|179|3N|N|7|HJ
9|19|206|176|195|22|3N|E|10|D2
9|19|223|123|247|233|3N|E|11|D2
9|19|288|234|199|120|3N|E|10|D2
9|19|74|92|186|86|3N|W|10|H6
9|19|189|129|137|281|3N|E|10|D2
9|19|184|230|291|194|3N|W|9|DT
9|19|36|181|96|124|1N|W|7|H3
9|19|56|299|183|264|3N|E|10|C4
9|19|139|93|277|279|3N|E|9|HJ
9|19|62|162|237|179|3N|E|10|H8
9|2|123|253|233|252|3N|W|11|S4
9|2|176|206|22|195|3N|E|9|HJ
9|2|92|234|86|120|3N|W|6|H4
9|2|74|261|186|182|3N|E|10|HJ
9|2|189|129|137|281|3N|E|10|HJ
9|2|184|194|291|150|3N|E|9|S8
9|2|113|181|133|124|3N|E|10|HJ
9|2|56|299|183|264|3N|W|9|S7
9|2|196|289|198|30|3N|W|9|S4
9|2|62|162|237|179|3N|E|9|H3
9|20|206|176|195|22|3S|E|9|DQ
9|20|223|123|247|233|3C|N|9|SA
9|20|288|234|199|120|3S|E|11|DK
9|20|74|92|186|86|4H|E|9|DK
9|20|189|129|137|281|3S|E|10|DK
9|20|184|230|291|194|3S|E|10|DK
9|20|36|181|96|124|3S|E|11|H4
9|20|56|299|183|264|2C|N|8|DA
9|20|139|93|277|279|4H|W|8|S9
9|20|62|162|237|179|4H|E|10|DK
9|21|206|176|195|22|3D|N|9|D2
9|21|223|123|247|233|3S|W|8|H2
9|21|288|234|199|120|3H|S|8|D5
9|21|74|92|186|86|2S|E|7|DT
9|21|189|129|137|281|3H|S|9|C2
9|21|184|230|291|194|2H|N|9|H3
9|21|36|181|96|124|2S|E|9|DT
9|21|56|299|183|264|2H|S|8|C6
9|21|139|93|277|279|2H|S|9|C2
9|21|62|162|237|179|2H|S|9|S2
9|22|206|176|195|22|4H|S|8|S2
9|22|223|123|247|233|3N|N|5|D5
9|22|288|234|199|120|4H|S|9|S3
9|22|74|92|186|86|3N|N|8|D2
9|22|189|129|137|281|4H|S|10|DQ
9|22|184|230|291|194|3N|N|6|D6
9|22|36|181|96|124|4H|S|10|S5
9|22|56|299|183|264|4H|S|10|DQ
9|22|139|93|277|279|3C|N|9|DA
9|22|62|162|237|179|4H|S|10|DQ
9|23|206|176|195|22|4H|N|11|C2
9|23|223|123|247|233|4H|N|10|SK
9|23|288|234|199|120|4H|N|11|C5
9|23|74|92|186|86|4H|N|11|C5
9|23|189|129|137|281|4H|S|11|C2
9|23|184|230|291|194|4H|N|11|CJ
9|23|36|181|96|124|4H|S|10|C2
9|23|56|299|183|264|4H|N|11|CJ
9|23|139|93|277|279|4H|N|11|CJ
9|23|62|162|237|179|4H|S|10|S3
9|24|206|176|195|22|2H|W|8|DQ
9|24|223|123|247|233|2H|W|8|DQ
9|24|288|234|199|120|2D|N|8|DA
9|24|74|92|186|86|2N|N|6|SJ
9|24|189|129|137|281|3D|N|8|H5
9|24|184|230|291|194|2S|N|6|H4
9|24|36|181|96|124|2N|N|7|SJ
9|24|56|299|183|264|2D|N|8|DA
9|24|139|93|277|279|1N|N|6|SJ
9|24|62|162|237|179|2N|N|7|H5
9|25|206|176|195|22|4H|W|10|D4
9|25|223|123|247|233|6HX|W|10|S9
9|25|288|234|199|120|4H|E|11|D4
9|25|74|92|186|86|4H|E|10|S3
9|25|189|129|137|281|4H|W|11|D7
9|25|184|230|291|194|4H|W|11|C7
9|25|36|181|96|124|4H|E|11|H8
9|25|56|299|183|264|4H|W|10|S2
9|25|139|93|277|279|4SX|N|7|DJ
9|25|62|162|237|179|4H|W|10|S2
9|26|206|176|195|22|3N|N|7|HA
9|26|223|123|247|233|1N|E|7|C7
9|26|288|234|199|120|2S|E|5|DK
9|26|74|92|186|86|2S|E|5|DK
9|26|189|129|137|281|3NX|N|9|HK
9|26|184|230|291|194|2S|E|6|DK
9|26|36|181|96|124|2S|E|6|DK
9|26|56|299|183|264|3C|S|7|DA
9|26|139|93|277|279|2S|E|6|DK
9|26|62|162|237|179|2S|E|5|DK
9|27|206|176|195|22|4S|E|10|H8
9|27|223|123|247|233|4S|E|10|H8
9|27|288|234|199|120|4S|E|11|CQ
9|27|74|92|186|86|4S|W|10|DA
9|27|189|129|137|281|4S|E|10|CQ
9|27|184|230|291|194|3S|E|10|H4
9|27|36|181|96|124|3S|E|10|DJ
9|27|56|299|183|264|3N|E|8|CQ
9|27|139|93|277|279|4S|E|10|H8
9|27|62|162|237|179|4S|E|10|H8
9|28|206|176|195|22|3N|S|10|H8
9|28|223|123|247|233|3N|S|12|H8
9|28|288|234|199|120|3C|S|10|SK
9|28|74|92|186|86|1NX|W|3|SJ
9|28|189|129|137|281|3N|S|11|H8
9|28|184|230|291|194|3N|N|10|C8
9|28|36|181|96|124|3N|S|10|H8
9|28|56|299|183|264|3N|S|10|DJ
9|28|139|93|277|279|4H|N|9|S4
9|28|62|162|237|179|3N|S|10|H8
9|29|206|176|195|22|3N|E|9|C2
9|29|223|123|247|233|3N|E|8|D9
9|29|288|234|199|120|3N|E|9|C2
9|29|74|92|186|86|3N|E|8|C6
9|29|189|129|137|281|3N|W|7|ST
9|29|184|230|291|194|3N|E|8|D9
9|29|36|181|96|124|3N|E|10|C2
9|29|56|299|183|264|3N|E|10|S7
9|29|139|93|277|279|3N|E|9|D9
9|29|62|162|237|179|3N|E|9|C2
9|3|123|253|233|252|4S|S|9|HK
9|3|176|206|22|195|4S|S|8|HK
9|3|92|234|86|120|3S|S|9|S5
9|3|74|261|186|182|4S|N|8|H7
9|3|189|129|137|281|4S|S|9|S4
9|3|184|194|291|150|2S|N|9|H2
9|3|113|181|133|124|4S|N|10|H7
9|3|56|299|183|264|2N|S|6|HK
9|3|196|289|198|30|4S|S|10|CA
9|3|62|162|237|179|2HX|W|8|C2
9|30|206|176|195|22|4H|S|10|S4
9|30|223|123|247|233|4H|N|10|CQ
9|30|288|234|199|120|4S|S|10|CA
9|30|74|92|186|86|4H|N|10|CQ
9|30|189|129|137|281|4H|N|10|DT
9|30|184|230|291|194|4H|N|10|CK
9|30|36|181|96|124|4H|N|10|CK
9|30|56|299|183|264|4H|N|10|DT
9|30|139|93|277|279|4H|N|10|DT
9|30|62|162|237|179|2H|N|10|D3
9|31|206|176|195|22|3N|E|7|S7
9|31|223|123|247|233|3N|E|6|H3
9|31|288|234|199|120|3N|E|6|D9
9|31|74|92|186|86|3N|W|6|SQ
9|31|189|129|137|281|5C|W|9|SQ
9|31|184|230|291|194|3N|W|6|SQ
9|31|36|181|96|124|5C|W|9|SQ
9|31|56|299|183|264|3N|E|7|S7
9|31|139|93|277|279|3N|E|7|S8
9|31|62|162|237|179|3N|W|7|SQ
9|32|206|176|195|22|3C|W|13|H6
9|32|223|123|247|233|3N|W|11|D2
9|32|288|234|199|120|3N|E|9|HJ
9|32|74|92|186|86|2D|W|8|H6
9|32|189|129|137|281|3N|E|9|HJ
9|32|184|230|291|194|3N|E|9|HJ
9|32|36|181|96|124|2C|W|10|D3
9|32|56|299|183|264|3N|E|9|DK
9|32|139|93|277|279|3N|E|9|HJ
9|32|62|162|237|179|3N|E|9|HJ
9|4|123|253|233|252|2C|W|9|S7
9|4|176|206|22|195|3HX|N|7|C6
9|4|92|234|86|120|2D|E|10|H4
9|4|74|261|186|182|3C|W|9|S7
9|4|189|129|137|281|2C|W|8|S7
9|4|184|194|291|150|2C|W|9|C4
9|4|113|181|133|124|1S|S|6|HT
9|4|56|299|183|264|2S|S|5|HT
9|4|196|289|198|30|3C|W|9|D2
9|4|62|162|237|179|1S|S|5|D3
9|5|123|253|233|252|6N|N|12|C9
9|5|176|206|22|195|6N|N|12|DT
9|5|92|234|86|120|6N|S|12|S2
9|5|74|261|186|182|6N|N|12|C9
9|5|189|129|137|281|3N|N|12|DT
9|5|184|194|291|150|3N|N|13|H6
9|5|113|181|133|124|6N|N|13|H6
9|5|56|299|183|264|6N|S|12|D5
9|5|196|289|198|30|3N|N|12|C9
9|5|62|162|237|179|4N|N|13|H6
9|6|123|253|233|252|1N|E|9|C6
9|6|176|206|22|195|2N|E|8|C2
9|6|92|234|86|120|3N|E|9|C6
9|6|74|261|186|182|2N|E|9|C2
9|6|189|129|137|281|1N|E|9|S3
9|6|184|194|291|150|2HX|N|7|DA
9|6|113|181|133|124|2H|N|8|DK
9|6|56|299|183|264|1N|E|9|C9
9|6|196|289|198|30|1N|E|9|C6
9|6|62|162|237|179|2N|E|8|C2
9|7|123|253|233|252|4H|E|12|S4
9|7|176|206|22|195|4H|E|12|S4
9|7|92|234|86|120|4H|E|12|S3
9|7|74|261|186|182|4H|E|11|S4
9|7|189|129|137|281|5H|E|11|S3
9|7|184|194|291|150|5H|E|12|S3
9|7|113|181|133|124|4H|W|12|D9
9|7|56|299|183|264|4H|E|11|S4
9|7|196|289|198|30|4H|E|11|C6
9|7|62|162|237|179|4H|W|11|C7
9|8|123|253|233|252|3S|W|9|DA
9|8|176|206|22|195|3S|W|9|DA
9|8|92|234|86|120|4S|W|9|DA
9|8|74|261|186|182|4S|W|9|DA
9|8|189|129|137|281|4S|W|9|DA
9|8|184|194|291|150|3S|W|9|DK
9|8|113|181|133|124|2S|W|9|DK
9|8|56|299|183|264|4C|S|9|HJ
9|8|196|289|198|30|3S|E|9|CA
9|8|62|162|237|179|3S|W|9|DA
9|9|123|253|233|252|4S|W|8|HT
9|9|176|206|22|195|2S|W|10|S9
9|9|92|234|86|120|1NX|N|5|C5
9|9|74|261|186|182|3H|S|9|S6
9|9|189|129|137|281|2S|W|9|HJ
9|9|184|194|291|150|2S|W|9|HJ
9|9|113|181|133|124|1N|N|6|CQ
9|9|56|299|183|264|3S|E|9|H5
9|9|196|289|198|30|2S|W|8|HJ
9|9|62|162|237|179|2S|E|8|DQ
