1|1|159|219|3|217|6S|S|11|DA
1|1|207|84|263|169|5S|S|10|H4
1|1|5|191|119|10|5S|S|10|CJ
1|1|43|204|287|110|6CX|E|12|SA
1|1|245|250|294|296|5S|S|10|C6
1|1|103|11|118|283|5S|S|10|C6
1|1|112|18|243|59|6HX|W|10|DK
1|1|26|297|213|220|6CX|E|12|SA
1|1|248|298|280|301|4S|S|10|C6
1|1|246|156|282|69|4C|E|11|SA
1|10|159|219|3|217|4S|W|10|DK
1|10|207|84|263|169|4S|W|10|DK
1|10|5|191|119|10|4S|W|10|DK
1|10|43|204|287|110|4S|W|10|DK
1|10|245|250|294|296|2S|W|10|DK
1|10|103|11|118|283|4S|W|10|S2
1|10|112|18|243|59|4S|W|10|DK
1|10|26|297|213|220|4S|W|10|CT
1|10|248|298|280|301|4S|W|10|DK
1|10|246|156|282|69|4S|W|10|DK
1|11|159|219|3|217|3D|W|10|HK
1|11|207|84|263|169|4D|E|10|HA
1|11|5|191|119|10|4D|W|10|HK
1|11|43|204|287|110|2N|E|9|S9
1|11|245|250|294|296|3H|N|7|SK
1|11|103|11|118|283|5D|W|10|HA
1|11|112|18|243|59|3N|E|7|S3
1|11|26|297|213|220|2S|S|7|C4
1|11|248|298|280|301|4D|E|10|HA
1|11|246|156|282|69|2S|S|7|D3
1|12|159|219|3|217|3N|N|7|H9
1|12|207|84|263|169|3N|N|5|H8
1|12|5|191|119|10|2H|E|9|H6
1|12|43|204|287|110|2D|W|5|SQ
1|12|245|250|294|296|3HX|E|7|D8
1|12|103|11|118|283|3N|S|10|HT
1|12|112|18|243|59|3N|S|8|HT
1|12|26|297|213|220|3N|N|7|S7
1|12|248|298|280|301|3N|N|7|S5
1|12|246|156|282|69|2N|N|8|S3
1|13|159|219|3|217|3N|W|8|DK
1|13|207|84|263|169|2H|W|9|DK
1|13|5|191|119|10|3N|W|8|DK
1|13|43|204|287|110|3N|E|7|C9
1|13|245|250|294|296|3NX|W|8|S3
1|13|103|11|118|283|3N|W|8|DK
1|13|112|18|243|59|3N|W|8|DK
1|13|26|297|213|220|4H|E|8|D3
1|13|248|298|280|301|3N|W|7|DK
1|13|246|156|282|69|4S|E|8|D5
1|14|159|219|3|217|3N|S|12|D6
1|14|207|84|263|169|3N|S|10|S4
1|14|5|191|119|10|6D|S|11|C2
1|14|43|204|287|110|3N|N|9|HQ
1|14|245|250|294|296|3N|S|9|H2
1|14|103|11|118|283|3N|S|9|H2
1|14|112|18|243|59|5D|S|11|D3
1|14|26|297|213|220|3N|N|10|HK
1|14|248|298|280|301|3N|S|9|H2
1|14|246|156|282|69|3N|S|10|H3
1|15|159|219|3|217|4C|N|8|HK
1|15|207|84|263|169|4H|E|10|S3
1|15|5|191|119|10|4SX|S|9|CJ
1|15|43|204|287|110|5H|W|9|D3
1|15|245|250|294|296|2S|S|9|CJ
1|15|103|11|118|283|2CX|N|7|HK
1|15|112|18|243|59|4SX|S|9|C8
1|15|26|297|213|220|2C|E|6|H5
1|15|248|298|280|301|2H|E|7|S2
1|15|246|156|282|69|4H|W|9|S2
1|16|159|219|3|217|3D|N|12|H3
1|16|207|84|263|169|2N|N|10|H8
1|16|5|191|119|10|3N|N|10|S3
1|16|43|204|287|110|3N|N|11|C4
1|16|245|250|294|296|3N|S|11|C6
1|16|103|11|118|283|3N|N|10|C4
1|16|112|18|243|59|3N|N|10|H4
1|16|26|297|213|220|2H|N|8|C7
1|16|248|298|280|301|3N|S|10|C6
1|16|246|156|282|69|2N|N|10|C4
1|17|159|219|3|217|3N|E|10|CQ
1|17|116|227|171|146|4H|E|10|DT
1|17|41|232|144|10|3N|E|10|H4
1|17|43|204|287|110|3N|E|10|H3
1|17|245|250|294|296|5C|W|10|DK
1|17|273|201|295|266|3N|W|9|DQ
1|17|112|18|243|59|3N|E|9|DT
1|17|26|297|213|220|3N|E|10|S6
1|17|248|298|280|301|3N|E|10|S6
1|17|246|175|282|73|3N|E|10|CQ
1|18|159|219|3|217|4H|N|7|SQ
1|18|116|227|171|146|4H|N|10|SQ
1|18|41|232|144|10|4H|N|9|SQ
1|18|43|204|287|110|4HX|N|10|C2
1|18|245|250|294|296|4H|N|10|C2
1|18|273|201|295|266|3H|N|8|SQ
1|18|112|18|243|59|4H|N|9|SQ
1|18|26|297|213|220|4H|N|9|S6
1|18|248|298|280|301|4H|N|9|C4
1|18|246|175|282|73|4H|N|7|SQ
1|19|159|219|3|217|3N|N|10|S2
1|19|116|227|171|146|3N|N|10|S2
1|19|41|232|144|10|3N|N|10|S2
1|19|43|204|287|110|3N|N|10|S2
1|19|245|250|294|296|3N|N|7|CA
1|19|273|201|295|266|3N|N|10|S2
1|19|112|18|243|59|3N|N|7|CA
1|19|26|297|213|220|3N|N|10|S3
1|19|248|298|280|301|2D|S|10|ST
1|19|246|175|282|73|3N|N|10|S2
1|2|159|219|3|217|1H|E|7|S9
1|2|207|84|263|169|1N|E|6|ST
1|2|5|191|119|10|2S|W|7|H8
1|2|43|204|287|110|1N|W|8|S3
1|2|245|250|294|296|1N|E|6|ST
1|2|103|11|118|283|1N|W|7|S5
1|2|112|18|243|59|1N|S|6|HJ
1|2|26|297|213|220|1N|W|6|C2
1|2|248|298|280|301|1N|W|6|C2
1|2|246|156|282|69|1N|W|6|C8
1|20|159|219|3|217|3N|S|9|S4
1|20|116|227|171|146|3N|S|9|CA
1|20|41|232|144|10|3N|S|9|CA
1|20|43|204|287|110|4SX|E|9|C5
1|20|245|250|294|296|3N|S|9|CK
1|20|273|201|295|266|3N|S|9|S7
1|20|112|18|243|59|6D|N|10|C6
1|20|26|297|213|220|3N|S|9|S7
1|20|248|298|280|301|5D|N|10|C6
1|20|246|175|282|73|3N|N|10|SJ
1|21|159|219|3|217|2D|S|9|CK
1|21|116|227|171|146|3C|N|9|S8
1|21|41|232|144|10|2D|S|9|SK
1|21|43|204|287|110|3D|S|7|SK
1|21|245|250|294|296|3C|N|9|S9
1|21|273|201|295|266|3C|N|8|H8
1|21|112|18|243|59|3N|N|6|S8
1|21|26|297|213|220|3S|E|5|HT
1|21|248|298|280|301|2D|S|10|D2
1|21|246|175|282|73|3N|N|8|S9
1|22|159|219|3|217|3N|E|11|S7
1|22|116|227|171|146|3N|E|10|D9
1|22|41|232|144|10|3N|E|9|D9
1|22|43|204|287|110|3N|E|9|H9
1|22|245|250|294|296|3N|E|8|H2
1|22|273|201|295|266|3N|E|9|CT
1|22|112|18|243|59|5C|E|11|C4
1|22|26|297|213|220|3N|E|7|H4
1|22|248|298|280|301|3N|E|9|H9
1|22|246|175|282|73|3N|E|7|H3
1|23|159|219|3|217|4S|W|10|C4
1|23|116|227|171|146|4H|S|8|SK
1|23|41|232|144|10|4H|S|8|SK
1|23|43|204|287|110|4H|N|9|SA
1|23|245|250|294|296|4HX|N|9|SA
1|23|273|201|295|266|5H|S|9|SK
1|23|112|18|243|59|4S|W|9|H5
1|23|26|297|213|220|3S|W|10|C4
1|23|248|298|280|301|3H|S|10|SK
1|23|246|175|282|73|6H|S|8|SK
1|24|159|219|3|217|4H|E|11|D2
1|24|116|227|171|146|4H|W|11|S4
1|24|41|232|144|10|4H|E|10|D4
1|24|43|204|287|110|4H|W|11|CJ
1|24|245|250|294|296|4SX|S|8|H8
1|24|273|201|295|266|4H|E|11|SA
1|24|112|18|243|59|4H|E|10|D2
1|24|26|297|213|220|4SX|S|8|H7
1|24|248|298|280|301|4H|E|10|D4
1|24|246|175|282|73|4HX|E|10|D4
1|25|159|219|3|217|3C|N|7|DT
1|25|116|227|171|146|3N|S|8|D4
1|25|41|232|144|10|3C|S|8|H7
1|25|43|204|287|110|3C|S|7|SQ
1|25|245|250|294|296|3N|N|7|H2
1|25|273|201|295|266|3C|S|9|SQ
1|25|112|18|243|59|3C|S|8|H7
1|25|26|297|213|220|2D|E|10|CK
1|25|248|298|280|301|3C|S|9|C4
1|25|246|175|282|73|3N|S|8|H2
1|26|159|219|3|217|3N|N|10|H4
1|26|116|227|171|146|3N|N|12|HQ
1|26|41|232|144|10|3D|S|11|H5
1|26|43|204|287|110|3NX|N|11|HQ
1|26|245|250|294|296|3N|N|10|H3
1|26|273|201|295|266|1N|E|7|CT
1|26|112|18|243|59|3D|S|10|H7
1|26|26|297|213|220|3D|S|10|H5
1|26|248|298|280|301|3H|E|8|CJ
1|26|246|175|282|73|3H|E|8|CJ
1|27|159|219|3|217|3N|W|11|S3
1|27|116|227|171|146|3N|W|10|S9
1|27|41|232|144|10|3N|W|10|S2
1|27|43|204|287|110|3N|W|10|S9
1|27|245|250|294|296|3N|E|10|S2
1|27|273|201|295|266|3N|W|10|S3
1|27|112|18|243|59|4N|W|10|S3
1|27|26|297|213|220|3N|W|10|S3
1|27|248|298|280|301|3N|W|11|S2
1|27|246|175|282|73|3N|W|10|S2
1|28|159|219|3|217|4H|E|12|DJ
1|28|116|227|171|146|6H|W|12|DK
1|28|41|232|144|10|6H|W|12|C7
1|28|43|204|287|110|6H|W|12|DK
1|28|245|250|294|296|6H|W|12|DK
1|28|273|201|295|266|6H|W|12|DQ
1|28|112|18|243|59|6H|W|12|DK
1|28|26|297|213|220|6H|W|12|DK
1|28|248|298|280|301|5H|W|12|DK
1|28|246|175|282|73|6H|W|12|ST
1|29|159|219|3|217|2H|S|10|CJ
1|29|116|227|171|146|4H|N|11|C2
1|29|41|232|144|10|3H|N|10|H3
1|29|43|204|287|110|3H|N|11|C4
1|29|245|250|294|296|4H|N|10|HT
1|29|273|201|295|266|4H|N|8|S7
1|29|112|18|243|59|2H|S|10|CJ
1|29|26|297|213|220|2H|N|11|C4
1|29|248|298|280|301|3H|N|10|HT
1|29|246|175|282|73|4H|S|10|CJ
1|3|159|219|3|217|3N|E|9|C2
1|3|207|84|263|169|3N|E|12|S8
1|3|5|191|119|10|3N|E|11|D2
1|3|43|204|287|110|6C|W|12|DQ
1|3|245|250|294|296|3N|E|12|C3
1|3|103|11|118|283|3N|E|10|D2
1|3|112|18|243|59|3N|E|12|S8
1|3|26|297|213|220|3N|E|11|D2
1|3|248|298|280|301|3N|E|9|D2
1|3|246|156|282|69|3N|E|11|H3
1|30|159|219|3|217|4SX|W|8|HT
1|30|116|227|171|146|5D|S|13|D5
1|30|41|232|144|10|4H|S|11|S4
1|30|43|204|287|110|4C|N|12|SA
1|30|245|250|294|296|5H|S|11|S5
1|30|273|201|295|266|4H|N|13|CQ
1|30|112|18|243|59|6C|N|12|SA
1|30|26|297|213|220|4H|S|12|S6
1|30|248|298|280|301|4H|S|12|S5
1|30|246|175|282|73|4H|S|12|S4
1|31|159|219|3|217|2N|N|8|H5
1|31|116|227|171|146|2S|E|9|D8
1|31|41|232|144|10|2S|W|8|DA
1|31|43|204|287|110|2S|W|8|DK
1|31|245|250|294|296|3D|S|9|C9
1|31|273|201|295|266|2S|W|8|DK
1|31|112|18|243|59|2S|W|9|DA
1|31|26|297|213|220|2N|S|8|SJ
1|31|248|298|280|301|3C|N|7|SK
1|31|246|175|282|73|3C|N|9|HA
1|32|159|219|3|217|3N|N|9|ST
1|32|116|227|171|146|3N|N|9|S9
1|32|41|232|144|10|3N|S|9|S6
1|32|43|204|287|110|3N|N|10|ST
1|32|245|250|294|296|1N|S|10|D4
1|32|273|201|295|266|3N|N|9|S9
1|32|112|18|243|59|3N|N|10|ST
1|32|26|297|213|220|3N|S|10|ST
1|32|248|298|280|301|3N|N|9|ST
1|32|246|175|282|73|3N|N|10|ST
1|4|159|219|3|217|3N|S|11|S6
1|4|207|84|263|169|3N|N|11|H8
1|4|5|191|119|10|3N|N|10|C6
1|4|43|204|287|110|2SX|W|4|DA
1|4|245|250|294|296|3N|S|11|CJ
1|4|103|11|118|283|3N|S|11|S6
1|4|112|18|243|59|6H|S|10|CJ
1|4|26|297|213|220|3N|S|11|S6
1|4|248|298|280|301|3N|S|11|S5
1|4|246|156|282|69|3N|N|10|C4
1|5|159|219|3|217|2S|E|9|HT
1|5|207|84|263|169|4S|E|10|CA
1|5|5|191|119|10|4S|E|10|HA
1|5|43|204|287|110|4S|E|9|DJ
1|5|245|250|294|296|4HX|W|9|CJ
1|5|103|11|118|283|5S|E|9|CA
1|5|112|18|243|59|4S|E|10|HA
1|5|26|297|213|220|4HX|W|9|D6
1|5|248|298|280|301|4S|E|10|CA
1|5|246|156|282|69|4S|E|11|HA
1|6|159|219|3|217|1S|W|9|D4
1|6|207|84|263|169|2D|W|10|H5
1|6|5|191|119|10|2SX|W|10|H2
1|6|43|204|287|110|4D|E|11|CJ
1|6|245|250|294|296|2S|W|10|D5
1|6|103|11|118|283|1S|W|10|D4
1|6|112|18|243|59|1N|W|7|C6
1|6|26|297|213|220|3S|W|10|D4
1|6|248|298|280|301|3D|W|11|D4
1|6|246|156|282|69|5D|E|9|CJ
1|7|159|219|3|217|1D|E|10|DQ
1|7|207|84|263|169|3D|E|10|SQ
1|7|5|191|119|10|1N|W|6|S4
1|7|43|204|287|110|4N|W|7|CJ
1|7|245|250|294|296|3N|W|8|S8
1|7|103|11|118|283|1HX|S|4|SA
1|7|112|18|243|59|1N|W|7|S5
1|7|26|297|213|220|1N|W|8|S5
1|7|248|298|280|301|2S|N|8|C4
1|7|246|156|282|69|3D|E|10|HK
1|8|159|219|3|217|2H|W|8|S5
1|8|207|84|263|169|3D|W|7|S5
1|8|5|191|119|10|2S|S|6|CQ
1|8|43|204|287|110|2H|W|7|C7
1|8|245|250|294|296|2H|W|7|S4
1|8|103|11|118|283|2D|W|8|H6
1|8|112|18|243|59|2N|S|5|DT
1|8|26|297|213|220|2CX|E|7|S2
1|8|248|298|280|301|3D|W|8|S4
1|8|246|156|282|69|2H|W|7|H3
1|9|159|219|3|217|2H|N|7|DQ
1|9|207|84|263|169|4C|E|10|H9
1|9|5|191|119|10|5C|E|10|H3
1|9|43|204|287|110|4D|E|8|H6
1|9|245|250|294|296|5C|E|10|H3
1|9|103|11|118|283|3H|N|6|DQ
1|9|112|18|243|59|4C|E|10|H6
1|9|26|297|213|220|3H|N|7|DQ
1|9|248|298|280|301|4C|E|11|H9
1|9|246|156|282|69|3C|E|11|CJ
2|1|43|84|287|169|2S|S|7|H3
2|1|227|191|146|232|2S|S|7|H5
2|1|103|5|118|119|3C|E|10|D6
2|1|41|250|144|296|2S|N|7|CA
2|1|26|245|213|294|2S|S|7|CT
2|1|201|18|266|59|3C|E|10|S7
2|1|246|297|282|220|2S|S|7|C9
2|1|112|298|243|301|2S|S|7|CT
2|1|116|156|171|69|2S|S|6|SA
2|1|175|207|73|263|2S|N|6|S5
2|10|43|84|287|169|5DX|E|11|HK
2|10|227|191|146|232|5DX|E|11|HK
2|10|103|5|118|119|6D|E|10|HK
2|10|41|250|144|296|5DX|E|10|HK
2|10|26|245|213|294|5DX|E|11|HK
2|10|201|18|266|59|5D|E|10|HK
2|10|246|297|282|220|4D|W|10|HT
2|10|112|298|243|301|5D|E|10|HK
2|10|116|156|171|69|2H|S|8|C5
2|10|175|207|73|263|4HX|S|7|C5
2|11|43|84|287|169|3H|E|11|S2
2|11|227|191|146|232|4H|E|9|CA
2|11|103|5|118|119|4H|E|8|H8
2|11|41|250|144|296|5H|E|9|H8
2|11|26|245|213|294|4H|E|8|CA
2|11|201|18|266|59|4H|E|9|CA
2|11|246|297|282|220|1H|E|9|D9
2|11|112|298|243|301|4H|E|8|CA
2|11|116|156|171|69|4H|E|9|CA
2|11|175|207|73|263|4H|E|11|S2
2|12|43|84|287|169|3D|E|7|HA
2|12|227|191|146|232|4H|N|10|HT
2|12|103|5|118|119|4H|N|9|H4
2|12|41|250|144|296|3C|W|9|HQ
2|12|26|245|213|294|3D|E|7|HK
2|12|201|18|266|59|2S|N|6|DT
2|12|246|297|282|220|2H|N|6|D9
2|12|112|298|243|301|4H|N|10|H4
2|12|116|156|171|69|4H|N|8|H4
2|12|175|207|73|263|3H|N|9|HT
2|13|43|84|287|169|2S|N|9|S3
2|13|227|191|146|232|3N|N|6|SJ
2|13|103|5|118|119|3N|N|8|SJ
2|13|41|250|144|296|2C|N|7|SJ
2|13|26|245|213|294|3D|N|10|SJ
2|13|201|18|266|59|2H|N|9|D9
2|13|246|297|282|220|2N|N|8|SJ
2|13|112|298|243|301|3N|N|8|SJ
2|13|116|156|171|69|2N|N|7|SJ
2|13|175|207|73|263|2N|S|8|S7
2|14|43|84|287|169|3N|S|9|C6
2|14|227|191|146|232|3N|S|9|C6
2|14|103|5|118|119|2C|S|10|H9
2|14|41|250|144|296|2N|S|11|C6
2|14|26|245|213|294|3N|S|10|C6
2|14|201|18|266|59|3N|S|10|C8
2|14|246|297|282|220|3N|S|9|C7
2|14|112|298|243|301|3N|S|10|C3
2|14|116|156|171|69|2N|S|11|H9
2|14|175|207|73|263|3N|S|9|C6
2|15|43|84|287|169|4S|W|6|HQ
2|15|227|191|146|232|4H|S|9|S4
2|15|103|5|118|119|4S|W|6|HQ
2|15|41|250|144|296|3S|W|6|HQ
2|15|26|245|213|294|4SX|W|6|HQ
2|15|201|18|266|59|2S|W|7|HQ
2|15|246|297|282|220|2H|N|9|C7
2|15|112|298|243|301|4H|S|10|S3
2|15|116|156|171|69|4SX|W|7|HQ
2|15|175|207|73|263|3H|S|9|S4
2|16|43|84|287|169|2S|E|9|ST
2|16|227|191|146|232|4S|E|11|HT
2|16|103|5|118|119|4S|E|10|HT
2|16|41|250|144|296|4S|E|10|ST
2|16|26|245|213|294|2S|E|9|HT
2|16|201|18|266|59|3S|E|9|HT
2|16|246|297|282|220|3S|E|10|HT
2|16|112|298|243|301|4H|S|9|DK
2|16|116|156|171|69|4S|E|9|HT
2|16|175|207|73|263|2H|N|9|D8
2|17|191|84|10|169|1N|N|6|H2
2|17|159|43|3|232|2S|N|8|C4
2|17|273|5|295|119|1N|N|5|C9
2|17|204|250|110|296|2S|N|8|C9
2|17|26|201|213|266|1NX|N|7|SQ
2|17|11|18|283|59|1N|E|8|S5
2|17|246|297|282|220|1N|N|6|H8
2|17|112|298|243|301|2H|E|9|S6
2|17|219|156|217|69|1N|N|5|H8
2|17|248|207|280|263|2S|N|8|H2
2|18|191|84|10|169|3S|N|9|D8
2|18|159|43|3|232|5C|W|9|CA
2|18|273|5|295|119|3N|E|7|S2
2|18|204|250|110|296|3N|E|7|S2
2|18|26|201|213|266|4C|E|11|S2
2|18|11|18|283|59|3N|E|7|S2
2|18|246|297|282|220|3N|E|7|S4
2|18|112|298|243|301|4C|W|10|SA
2|18|219|156|217|69|5CX|W|10|H7
2|18|248|207|280|263|5C|W|10|SA
2|19|191|84|10|169|2H|N|8|CJ
2|19|159|43|3|232|1N|E|7|H4
2|19|273|5|295|119|3N|E|7|S2
2|19|204|250|110|296|1N|S|5|D4
2|19|26|201|213|266|2H|N|8|CJ
2|19|11|18|283|59|2H|N|8|CJ
2|19|246|297|282|220|3C|E|9|S5
2|19|112|298|243|301|2H|S|8|S7
2|19|219|156|217|69|2H|N|7|DQ
2|19|248|207|280|263|1N|S|4|D4
2|2|43|84|287|169|5C|W|11|SA
2|2|227|191|146|232|3S|S|9|DQ
2|2|103|5|118|119|5C|E|11|HK
2|2|41|250|144|296|6SX|S|9|DQ
2|2|26|245|213|294|4D|W|12|SA
2|2|201|18|266|59|5CX|W|11|SA
2|2|246|297|282|220|5CX|W|11|DK
2|2|112|298|243|301|4S|S|9|HA
2|2|116|156|171|69|4S|S|9|DQ
2|2|175|207|73|263|5CX|W|11|C3
2|20|191|84|10|169|2N|E|7|C3
2|20|159|43|3|232|3N|W|8|C9
2|20|273|5|295|119|3N|W|10|DA
2|20|204|250|110|296|3N|W|9|C5
2|20|26|201|213|266|3N|E|8|C3
2|20|11|18|283|59|3N|E|9|C8
2|20|246|297|282|220|1S|W|9|S5
2|20|112|298|243|301|1S|W|9|S5
2|20|219|156|217|69|3N|E|9|H6
2|20|248|207|280|263|3N|W|8|D5
2|21|191|84|10|169|3N|W|9|SJ
2|21|159|43|3|232|4HX|E|9|C4
2|21|273|5|295|119|4H|E|9|DJ
2|21|204|250|110|296|3N|W|10|SJ
2|21|26|201|213|266|2S|N|4|CT
2|21|11|18|283|59|3N|W|8|HK
2|21|246|297|282|220|2S|N|3|CT
2|21|112|298|243|301|3N|W|7|C7
2|21|219|156|217|69|3N|W|8|C9
2|21|248|207|280|263|3N|W|9|SJ
2|22|191|84|10|169|6S|W|11|CJ
2|22|159|43|3|232|3N|E|12|H2
2|22|273|5|295|119|6D|E|12|D4
2|22|204|250|110|296|3N|E|10|C6
2|22|26|201|213|266|3N|E|11|H2
2|22|11|18|283|59|3N|E|11|C6
2|22|246|297|282|220|3N|E|11|H8
2|22|112|298|243|301|4S|W|11|CJ
2|22|219|156|217|69|3N|E|11|H2
2|22|248|207|280|263|3N|E|11|H2
2|23|191|84|10|169|3H|W|8|D4
2|23|159|43|3|232|4H|W|8|D4
2|23|273|5|295|119|3H|E|9|C3
2|23|204|250|110|296|3C|N|9|ST
2|23|26|201|213|266|4H|W|8|D4
2|23|11|18|283|59|4H|W|8|D6
2|23|246|297|282|220|3H|W|8|SJ
2|23|112|298|243|301|3C|N|8|D9
2|23|219|156|217|69|3H|W|8|C8
2|23|248|207|280|263|3H|E|8|C2
2|24|191|84|10|169|4H|W|9|C2
2|24|159|43|3|232|4H|W|9|C2
2|24|273|5|295|119|4H|W|9|H9
2|24|204|250|110|296|4H|W|9|H9
2|24|26|201|213|266|3H|W|10|S5
2|24|11|18|283|59|4H|W|9|S6
2|24|246|297|282|220|4H|W|9|C7
2|24|112|298|243|301|4H|W|9|C2
2|24|219|156|217|69|4H|W|9|C7
2|24|248|207|280|263|4H|W|10|C7
2|25|191|84|10|169|4H|W|12|CT
2|25|159|43|3|232|6H|W|12|D4
2|25|273|5|295|119|4H|E|12|CJ
2|25|204|250|110|296|6H|E|12|SJ
2|25|26|201|213|266|4H|W|12|CT
2|25|11|18|283|59|6H|W|12|D3
2|25|246|297|282|220|6H|W|12|CT
2|25|112|298|243|301|4H|W|12|C9
2|25|219|156|217|69|4H|W|12|CT
2|25|248|207|280|263|6H|W|12|CT
2|26|191|84|10|169|2S|E|9|S2
2|26|159|43|3|232|4H|W|10|C3
2|26|273|5|295|119|3H|W|10|D9
2|26|204|250|110|296|1N|S|3|H2
2|26|26|201|213|266|1N|W|7|C3
2|26|11|18|283|59|2H|W|10|C2
2|26|246|297|282|220|2H|W|10|SQ
2|26|112|298|243|301|2N|E|8|HA
2|26|219|156|217|69|2N|W|9|C3
2|26|248|207|280|263|2CX|N|5|HT
2|27|191|84|10|169|5CX|E|9|H5
2|27|159|43|3|232|4H|N|9|CA
2|27|273|5|295|119|4H|N|8|CA
2|27|204|250|110|296|4H|N|9|CK
2|27|26|201|213|266|4H|N|9|CA
2|27|11|18|283|59|4H|N|9|CA
2|27|246|297|282|220|4H|N|9|CA
2|27|112|298|243|301|4H|N|9|D2
2|27|219|156|217|69|4S|S|8|C7
2|27|248|207|280|263|3DX|W|8|HA
2|28|191|84|10|169|2N|E|7|CQ
2|28|159|43|3|232|3N|E|6|C5
2|28|273|5|295|119|2CX|S|6|SQ
2|28|204|250|110|296|2S|E|6|CQ
2|28|26|201|213|266|2CX|S|7|D6
2|28|11|18|283|59|2CX|S|6|SQ
2|28|246|297|282|220|2N|E|6|CQ
2|28|112|298|243|301|2S|E|6|CQ
2|28|219|156|217|69|2CX|S|7|D9
2|28|248|207|280|263|2S|W|6|C5
2|29|191|84|10|169|5D|N|11|H7
2|29|159|43|3|232|5D|S|11|HA
2|29|273|5|295|119|6D|S|11|HA
2|29|204|250|110|296|6C|N|12|H4
2|29|26|201|213|266|5D|N|12|S9
2|29|11|18|283|59|6D|N|11|H6
2|29|246|297|282|220|6C|S|12|H3
2|29|112|298|243|301|4S|S|12|HA
2|29|219|156|217|69|6C|N|13|D2
2|29|248|207|280|263|6C|N|13|C3
2|3|43|84|287|169|5D|S|12|C7
2|3|227|191|146|232|3N|S|9|C3
2|3|103|5|118|119|5D|S|10|C7
2|3|41|250|144|296|5D|N|11|DT
2|3|26|245|213|294|3N|N|10|H6
2|3|201|18|266|59|3N|N|10|S2
2|3|246|297|282|220|3N|N|11|S3
2|3|112|298|243|301|3N|N|11|S2
2|3|116|156|171|69|6D|S|12|D4
2|3|175|207|73|263|3N|N|9|C4
2|30|191|84|10|169|4H|S|9|DA
2|30|159|43|3|232|3H|S|9|SQ
2|30|273|5|295|119|3S|E|7|D8
2|30|204|250|110|296|3H|S|10|SQ
2|30|26|201|213|266|3D|E|9|HJ
2|30|11|18|283|59|3H|S|10|SQ
2|30|246|297|282|220|2H|S|10|C4
2|30|112|298|243|301|3H|S|8|SQ
2|30|219|156|217|69|3H|S|9|S2
2|30|248|207|280|263|4H|S|10|C5
2|31|191|84|10|169|3N|E|9|SQ
2|31|159|43|3|232|3N|E|9|SQ
2|31|273|5|295|119|1N|E|9|SJ
2|31|204|250|110|296|3N|W|10|H2
2|31|26|201|213|266|3N|E|9|SQ
2|31|11|18|283|59|3N|E|9|SQ
2|31|246|297|282|220|1N|E|9|SQ
2|31|112|298|243|301|1N|W|10|H2
2|31|219|156|217|69|3N|E|9|SQ
2|31|248|207|280|263|3N|E|9|SQ
2|32|191|84|10|169|3N|W|9|ST
2|32|159|43|3|232|3N|W|7|C7
2|32|273|5|295|119|3N|W|9|S9
2|32|204|250|110|296|3N|W|7|ST
2|32|26|201|213|266|4H|E|9|H6
2|32|11|18|283|59|3N|W|9|CA
2|32|246|297|282|220|3N|W|11|ST
2|32|112|298|243|301|1N|W|11|S9
2|32|219|156|217|69|3N|W|7|DQ
2|32|248|207|280|263|1N|W|8|ST
2|4|43|84|287|169|3N|W|11|H4
2|4|227|191|146|232|3N|W|11|C6
2|4|103|5|118|119|3N|E|11|DJ
2|4|41|250|144|296|3N|W|11|S8
2|4|26|245|213|294|3N|W|11|DJ
2|4|201|18|266|59|4N|W|11|H2
2|4|246|297|282|220|3N|W|11|S8
2|4|112|298|243|301|3N|W|11|H4
2|4|116|156|171|69|3N|W|11|DJ
2|4|175|207|73|263|3N|W|11|H4
2|5|43|84|287|169|2S|S|8|C3
2|5|227|191|146|232|P||0
2|5|103|5|118|119|3D|E|7|S4
2|5|41|250|144|296|P||0
2|5|26|245|213|294|2S|S|9|HQ
2|5|201|18|266|59|2S|S|8|S8
2|5|246|297|282|220|2S|S|8|S9
2|5|112|298|243|301|2S|S|7|S9
2|5|116|156|171|69|P||0
2|5|175|207|73|263|2S|S|7|S9
2|6|43|84|287|169|5D|S|10|C2
2|6|227|191|146|232|4D|S|9|SK
2|6|103|5|118|119|4SX|S|6|D7
2|6|41|250|144|296|5DXX|S|8|D7
2|6|26|245|213|294|5DX|S|9|D7
2|6|201|18|266|59|3D|S|9|D7
2|6|246|297|282|220|3H|E|7|DK
2|6|112|298|243|301|4D|N|10|HA
2|6|116|156|171|69|4D|S|8|C2
2|6|175|207|73|263|3D|S|8|D7
2|7|43|84|287|169|2S|W|10|DA
2|7|227|191|146|232|4S|W|10|S2
2|7|103|5|118|119|4S|W|10|CK
2|7|41|250|144|296|3S|W|10|S2
2|7|26|245|213|294|4S|W|10|CK
2|7|201|18|266|59|3S|W|10|CK
2|7|246|297|282|220|3S|W|10|S5
2|7|112|298|243|301|3S|W|10|S2
2|7|116|156|171|69|4S|W|10|CK
2|7|175|207|73|263|3S|W|10|CK
2|8|43|84|287|169|1C|W|3|C5
2|8|227|191|146|232|3D|N|11|C4
2|8|103|5|118|119|2S|W|5|D4
2|8|41|250|144|296|2N|N|10|H3
2|8|26|245|213|294|2H|W|6|SJ
2|8|201|18|266|59|3N|N|9|S3
2|8|246|297|282|220|1N|W|3|D6
2|8|112|298|243|301|3N|N|9|S3
2|8|116|156|171|69|3N|S|10|H8
2|8|175|207|73|263|2H|W|6|DA
2|9|43|84|287|169|4H|N|10|H8
2|9|227|191|146|232|4H|N|9|D5
2|9|103|5|118|119|4H|S|8|C6
2|9|41|250|144|296|2N|N|8|S2
2|9|26|245|213|294|4H|N|9|D2
2|9|201|18|266|59|2S|E|9|S2
2|9|246|297|282|220|4H|N|9|D9
2|9|112|298|243|301|4H|N|9|D2
2|9|116|156|171|69|4H|N|9|D2
2|9|175|207|73|263|4H|N|9|D5
3|1|227|273|146|295|5C|S|11|S7
3|1|103|159|118|3|4C|N|10|HK
3|1|5|18|119|59|4C|S|10|H2
3|1|26|41|213|144|5C|S|10|CA
3|1|245|298|294|301|1N|S|7|S2
3|1|246|11|282|283|4C|S|11|DQ
3|1|112|175|243|73|3D|S|10|S2
3|1|248|297|280|220|3H|W|8|CK
3|1|43|219|287|217|3N|S|7|H3
3|1|116|232|171|10|3H|E|8|C4
3|10|227|273|146|295|1N|W|6|ST
3|10|103|159|118|3|1N|W|7|ST
3|10|5|18|119|59|2S|N|6|H6
3|10|26|41|213|144|1N|W|9|H5
3|10|245|298|294|301|2H|S|5|CK
3|10|246|11|282|283|1N|W|8|S4
3|10|112|175|243|73|1N|W|7|ST
3|10|248|297|280|220|1N|W|7|ST
3|10|43|219|287|217|1N|W|7|S7
3|10|116|232|171|10|1N|W|7|S4
3|11|227|273|146|295|2S|W|7|CJ
3|11|103|159|118|3|1N|E|8|C3
3|11|5|18|119|59|1S|W|7|CJ
3|11|26|41|213|144|1N|N|6|CK
3|11|245|298|294|301|1N|N|6|D3
3|11|246|11|282|283|1N|S|5|SQ
3|11|112|175|243|73|1N|S|5|SQ
3|11|248|297|280|220|2C|W|7|CJ
3|11|43|219|287|217|1N|E|8|H2
3|11|116|232|171|10|2S|W|7|CJ
3|12|227|273|146|295|2S|N|7|D3
3|12|103|159|118|3|3D|W|8|SJ
3|12|5|18|119|59|2S|S|10|DQ
3|12|26|41|213|144|2S|S|9|HA
3|12|245|298|294|301|2S|S|8|HK
3|12|246|11|282|283|3D|W|6|SJ
3|12|112|175|243|73|2S|S|9|HA
3|12|248|297|280|220|2S|S|8|D4
3|12|43|219|287|217|3D|W|7|SJ
3|12|116|232|171|10|2S|S|10|HA
3|13|227|273|146|295|2H|S|9|SJ
3|13|103|159|118|3|2H|S|10|H9
3|13|5|18|119|59|3H|N|9|S2
3|13|26|41|213|144|3S|W|9|S5
3|13|245|298|294|301|3H|N|9|CJ
3|13|246|11|282|283|3S|E|9|C5
3|13|112|175|243|73|2H|S|8|S4
3|13|248|297|280|220|4H|S|8|S3
3|13|43|219|287|217|3H|N|9|S7
3|13|116|232|171|10|2S|W|9|D3
3|14|227|273|146|295|4S|E|12|H9
3|14|103|159|118|3|4H|E|12|SJ
3|14|5|18|119|59|4S|E|12|H9
3|14|26|41|213|144|4H|E|12|SJ
3|14|245|298|294|301|6CX|S|9|SK
3|14|246|11|282|283|5S|W|12|CK
3|14|112|175|243|73|4H|E|12|SJ
3|14|248|297|280|220|5H|E|11|D6
3|14|43|219|287|217|4H|E|11|CA
3|14|116|232|171|10|4H|E|12|SJ
3|15|227|273|146|295|5D|E|12|SA
3|15|103|159|118|3|4H|E|12|SK
3|15|5|18|119|59|4H|E|12|SK
3|15|26|41|213|144|4H|E|12|SK
3|15|245|298|294|301|4H|E|12|C6
3|15|246|11|282|283|4H|E|12|SQ
3|15|112|175|243|73|4H|E|12|SK
3|15|248|297|280|220|4H|E|12|SK
3|15|43|219|287|217|4H|E|12|SK
3|15|116|232|171|10|4H|E|12|SK
3|16|227|273|146|295|3H|S|8|SK
3|16|103|159|118|3|2H|S|8|SA
3|16|5|18|119|59|2H|S|8|SK
3|16|26|41|213|144|2H|S|8|SA
3|16|245|298|294|301|3H|S|9|SK
3|16|246|11|282|283|2S|W|8|DK
3|16|112|175|243|73|2H|S|8|SA
3|16|248|297|280|220|2H|S|8|SA
3|16|43|219|287|217|2S|W|7|DK
3|16|116|232|171|10|2S|W|8|DK
3|17|227|273|146|295|3N|N|7|D7
3|17|103|159|118|3|P||0
3|17|204|18|110|59|3S|N|9|D2
3|17|26|41|213|144|4S|N|9|D5
3|17|201|298|266|301|4S|N|9|D5
3|17|246|11|282|283|4S|N|9|D5
3|17|112|175|243|73|2S|N|9|D2
3|17|156|297|69|220|4S|N|9|D5
3|17|43|219|287|217|4S|N|9|H5
3|17|116|191|171|232|4S|N|10|D2
3|18|227|273|146|295|6C|E|12|HK
3|18|103|159|118|3|6C|E|12|HA
3|18|204|18|110|59|5C|E|12|HA
3|18|26|41|213|144|5C|E|12|HK
3|18|201|298|266|301|5D|W|12|S2
3|18|246|11|282|283|6C|E|12|HA
3|18|112|175|243|73|5D|W|13|S6
3|18|156|297|69|220|6C|E|12|HA
3|18|43|219|287|217|3N|W|8|H7
3|18|116|191|171|232|6D|W|12|H3
3|19|227|273|146|295|3N|S|9|S4
3|19|103|159|118|3|4H|N|9|CQ
3|19|204|18|110|59|3N|S|9|S4
3|19|26|41|213|144|4H|N|9|CQ
3|19|201|298|266|301|4H|N|9|C5
3|19|246|11|282|283|4H|N|9|CQ
3|19|112|175|243|73|4H|N|9|CQ
3|19|156|297|69|220|4H|S|9|S2
3|19|43|219|287|217|4H|N|9|CQ
3|19|116|191|171|232|4H|S|9|S4
3|2|227|273|146|295|3N|E|12|S9
3|2|103|159|118|3|3N|W|11|SK
3|2|5|18|119|59|3N|W|13|H3
3|2|26|41|213|144|3N|W|12|C8
3|2|245|298|294|301|6N|W|12|SK
3|2|246|11|282|283|6D|E|12|C4
3|2|112|175|243|73|6D|E|12|D6
3|2|248|297|280|220|3N|W|13|H3
3|2|43|219|287|217|5C|W|8|SK
3|2|116|232|171|10|3N|W|12|S7
3|20|227|273|146|295|4H|S|12|SJ
3|20|103|159|118|3|4H|N|10|SK
3|20|204|18|110|59|4H|N|10|SK
3|20|26|41|213|144|4H|N|10|SK
3|20|201|298|266|301|4H|N|10|SK
3|20|246|11|282|283|4H|N|10|SK
3|20|112|175|243|73|4H|S|11|C9
3|20|156|297|69|220|4H|S|11|C9
3|20|43|219|287|217|5H|S|10|SA
3|20|116|191|171|232|4H|S|12|D8
3|21|227|273|146|295|3N|W|7|HQ
3|21|103|159|118|3|1N|W|8|C3
3|21|204|18|110|59|4C|E|9|D6
3|21|26|41|213|144|3C|E|9|D9
3|21|201|298|266|301|5CX|E|8|C2
3|21|246|11|282|283|3N|W|9|HK
3|21|112|175|243|73|2CXX|E|9|D9
3|21|156|297|69|220|2S|W|8|HK
3|21|43|219|287|217|3DX|S|8|S6
3|21|116|191|171|232|1S|W|9|DA
3|22|227|273|146|295|3N|S|11|C7
3|22|103|159|118|3|3N|S|10|S2
3|22|204|18|110|59|3N|S|9|H8
3|22|26|41|213|144|3N|S|11|S3
3|22|201|298|266|301|3N|S|11|S2
3|22|246|11|282|283|3N|S|10|S2
3|22|112|175|243|73|3N|S|10|S2
3|22|156|297|69|220|3N|S|11|C7
3|22|43|219|287|217|3N|S|10|S2
3|22|116|191|171|232|3N|S|11|S2
3|23|227|273|146|295|3N|E|10|DT
3|23|103|159|118|3|5CX|W|10|C9
3|23|204|18|110|59|3DX|N|8|H4
3|23|26|41|213|144|3DX|N|8|D7
3|23|201|298|266|301|4C|E|10|D2
3|23|246|11|282|283|3D|S|8|HK
3|23|112|175|243|73|3N|W|10|D6
3|23|156|297|69|220|3C|W|10|DQ
3|23|43|219|287|217|3NX|W|10|S7
3|23|116|191|171|232|5C|W|10|HJ
3|24|227|273|146|295|3N|S|9|H4
3|24|103|159|118|3|3N|S|9|H5
3|24|204|18|110|59|3N|N|9|H6
3|24|26|41|213|144|3N|S|9|H8
3|24|201|298|266|301|3N|S|9|H2
3|24|246|11|282|283|3N|S|9|H5
3|24|112|175|243|73|3N|N|10|ST
3|24|156|297|69|220|3N|N|9|C6
3|24|43|219|287|217|4S|S|10|S2
3|24|116|191|171|232|3N|S|9|H5
3|25|227|273|146|295|4S|N|11|C6
3|25|103|159|118|3|5H|N|10|C5
3|25|204|18|110|59|6S|N|11|C5
3|25|26|41|213|144|6N|S|11|H3
3|25|201|298|266|301|5S|N|11|C3
3|25|246|11|282|283|6S|N|11|C3
3|25|112|175|243|73|6N|S|11|H2
3|25|156|297|69|220|6D|S|9|H2
3|25|43|219|287|217|4N|S|11|C9
3|25|116|191|171|232|6D|S|11|CT
3|26|227|273|146|295|2H|E|7|C4
3|26|103|159|118|3|1N|S|5|HQ
3|26|204|18|110|59|2S|S|6|HK
3|26|26|41|213|144|2H|W|7|CA
3|26|201|298|266|301|2H|W|8|CJ
3|26|246|11|282|283|3C|S|9|HK
3|26|112|175|243|73|3C|S|8|HK
3|26|156|297|69|220|1N|S|7|HK
3|26|43|219|287|217|1H|W|7|ST
3|26|116|191|171|232|2H|W|7|ST
3|27|227|273|146|295|4S|S|9|DK
3|27|103|159|118|3|3S|S|9|DA
3|27|204|18|110|59|4S|S|9|DK
3|27|26|41|213|144|3S|S|9|DA
3|27|201|298|266|301|3S|S|9|DA
3|27|246|11|282|283|4S|S|9|DA
3|27|112|175|243|73|3S|S|9|H9
3|27|156|297|69|220|2S|S|9|DA
3|27|43|219|287|217|4S|S|8|DA
3|27|116|191|171|232|3S|S|9|DA
3|28|227|273|146|295|2H|N|7|SQ
3|28|103|159|118|3|2H|S|9|D3
3|28|204|18|110|59|1NXX|E|7|HJ
3|28|26|41|213|144|2H|S|7|S7
3|28|201|298|266|301|2H|S|8|S5
3|28|246|11|282|283|2D|S|6|C3
3|28|112|175|243|73|3H|S|7|S7
3|28|156|297|69|220|2H|S|9|C8
3|28|43|219|287|217|1N|E|7|HJ
3|28|116|191|171|232|2H|S|8|C7
3|29|227|273|146|295|2H|W|10|H2
3|29|103|159|118|3|2H|W|10|C8
3|29|204|18|110|59|2H|W|11|H7
3|29|26|41|213|144|1N|E|9|SJ
3|29|201|298|266|301|2H|E|10|H7
3|29|246|11|282|283|2H|W|9|H2
3|29|112|175|243|73|2H|W|10|H2
3|29|156|297|69|220|1N|E|8|SJ
3|29|43|219|287|217|2H|W|10|C8
3|29|116|191|171|232|2H|W|10|C5
3|3|227|273|146|295|4H|N|11|SK
3|3|103|159|118|3|4H|N|11|SA
3|3|5|18|119|59|4H|N|11|SA
3|3|26|41|213|144|4H|N|10|SA
3|3|245|298|294|301|4H|S|11|SK
3|3|246|11|282|283|4H|N|11|SA
3|3|112|175|243|73|5H|N|12|SA
3|3|248|297|280|220|4H|N|12|SA
3|3|43|219|287|217|4H|N|11|SA
3|3|116|232|171|10|5H|N|11|SK
3|30|227|273|146|295|5D|W|13|C5
3|30|103|159|118|3|6D|W|12|HA
3|30|204|18|110|59|4S|W|13|S7
3|30|26|41|213|144|4S|E|12|H5
3|30|201|298|266|301|4S|E|11|DJ
3|30|246|11|282|283|4S|E|11|DJ
3|30|112|175|243|73|5D|W|12|HA
3|30|156|297|69|220|6D|W|12|HA
3|30|43|219|287|217|4S|W|12|HA
3|30|116|191|171|232|4S|E|13|DJ
3|31|227|273|146|295|4S|N|10|CK
3|31|103|159|118|3|3N|S|9|DA
3|31|204|18|110|59|4S|N|10|CA
3|31|26|41|213|144|3N|S|9|H4
3|31|201|298|266|301|5S|N|10|CK
3|31|246|11|282|283|4S|N|10|CA
3|31|112|175|243|73|4S|N|10|CA
3|31|156|297|69|220|4S|S|11|DA
3|31|43|219|287|217|4S|N|10|CA
3|31|116|191|171|232|5DX|W|9|SA
3|32|227|273|146|295|4S|N|12|ST
3|32|103|159|118|3|4S|N|12|S9
3|32|204|18|110|59|4S|N|12|C6
3|32|26|41|213|144|6S|N|12|C5
3|32|201|298|266|301|4S|N|12|S5
3|32|246|11|282|283|4S|N|12|C5
3|32|112|175|243|73|4S|N|12|ST
3|32|156|297|69|220|4S|N|12|ST
3|32|43|219|287|217|4S|N|12|C5
3|32|116|191|171|232|4S|N|12|ST
3|4|227|273|146|295|3N|N|10|HQ
3|4|103|159|118|3|3N|N|10|HQ
3|4|5|18|119|59|3N|N|11|S2
3|4|26|41|213|144|6C|N|10|HQ
3|4|245|298|294|301|3N|N|11|HQ
3|4|246|11|282|283|3N|N|11|S6
3|4|112|175|243|73|3N|N|12|S9
3|4|248|297|280|220|3N|N|12|S3
3|4|43|219|287|217|3N|N|12|S7
3|4|116|232|171|10|5D|N|12|C6
3|5|227|273|146|295|3N|N|11|DT
3|5|103|159|118|3|3N|N|10|D5
3|5|5|18|119|59|3N|N|11|D2
3|5|26|41|213|144|3N|N|9|DJ
3|5|245|298|294|301|3N|S|11|S9
3|5|246|11|282|283|3N|N|9|D5
3|5|112|175|243|73|3N|N|11|DJ
3|5|248|297|280|220|1DX|W|5|CA
3|5|43|219|287|217|3N|N|10|DJ
3|5|116|232|171|10|3N|N|11|DJ
3|6|227|273|146|295|3N|S|11|C7
3|6|103|159|118|3|3N|S|10|C7
3|6|5|18|119|59|3N|N|10|S3
3|6|26|41|213|144|3N|S|10|SQ
3|6|245|298|294|301|3N|S|10|HQ
3|6|246|11|282|283|3N|S|10|HK
3|6|112|175|243|73|3N|S|10|C7
3|6|248|297|280|220|3N|S|10|HK
3|6|43|219|287|217|3N|N|10|S3
3|6|116|232|171|10|1N|N|8|S3
3|7|227|273|146|295|4H|N|9|CK
3|7|103|159|118|3|4S|W|11|HA
3|7|5|18|119|59|5SX|W|11|HA
3|7|26|41|213|144|4H|S|9|D7
3|7|245|298|294|301|4H|S|9|D7
3|7|246|11|282|283|5SX|W|11|HA
3|7|112|175|243|73|4H|S|8|D7
3|7|248|297|280|220|4H|S|10|D7
3|7|43|219|287|217|6S|E|11|DT
3|7|116|232|171|10|4S|W|11|HA
3|8|227|273|146|295|1D|N|6|SQ
3|8|103|159|118|3|1N|N|5|H8
3|8|5|18|119|59|1D|N|7|SK
3|8|26|41|213|144|2S|W|8|HK
3|8|245|298|294|301|1D|N|7|H3
3|8|246|11|282|283|1N|W|8|HA
3|8|112|175|243|73|1D|N|7|SK
3|8|248|297|280|220|1N|W|8|HA
3|8|43|219|287|217|2S|W|9|HA
3|8|116|232|171|10|1N|W|8|D2
3|9|227|273|146|295|3N|N|10|D6
3|9|103|159|118|3|3N|N|9|HK
3|9|5|18|119|59|3N|N|11|D2
3|9|26|41|213|144|3N|N|10|D2
3|9|245|298|294|301|3N|N|11|D6
3|9|246|11|282|283|3N|N|10|D6
3|9|112|175|243|73|3N|N|10|D7
3|9|248|297|280|220|3N|N|10|D2
3|9|43|219|287|217|3N|N|10|D6
3|9|116|232|171|10|3N|N|10|D6
4|1|26|84|213|169|5H|W|10
4|1|159|222|160|126|5H|W|10
4|1|246|204|282|110|4H|W|10
4|1|259|298|119|301|5H|W|10
4|1|248|245|280|294|4H|W|11
4|1|283|175|128|73|5H|W|10
4|1|207|297|263|220|5H|W|10
4|1|112|219|243|217|5H|W|10
4|1|43|250|287|296|5C|S|11
4|1|103|10|118|214|4H|W|10
4|10|26|84|213|169|3S|N|9
4|10|159|222|160|126|3S|N|9
4|10|246|204|282|110|4H|E|9
4|10|259|298|119|301|2S|N|8
4|10|248|245|280|294|2S|N|9
4|10|283|175|128|73|3S|S|9
4|10|207|297|263|220|3S|S|9
4|10|112|219|243|217|3H|E|9
4|10|43|250|287|296|4S|N|10
4|10|103|10|118|214|3S|N|9
4|11|26|84|213|169|3N|S|6
4|11|159|222|160|126|4S|N|10
4|11|246|204|282|110|4H|N|7
4|11|259|298|119|301|4S|S|10
4|11|248|245|280|294|4S|S|10
4|11|283|175|128|73|4S|S|10
4|11|207|297|263|220|4S|S|10
4|11|112|219|243|217|4S|S|10
4|11|43|250|287|296|4S|S|10
4|11|103|10|118|214|4S|S|10
4|12|26|84|213|169|3D|E|9
4|12|159|222|160|126|3S|E|9
4|12|246|204|282|110|4H|N|10
4|12|259|298|119|301|3H|N|10
4|12|248|245|280|294|4D|E|10
4|12|283|175|128|73|2S|E|8
4|12|207|297|263|220|2H|S|9
4|12|112|219|243|217|2S|E|8
4|12|43|250|287|296|4H|N|9
4|12|103|10|118|214|4H|N|8
4|13|26|84|213|169|6S|S|11
4|13|159|222|160|126|4S|S|12
4|13|246|204|282|110|4S|S|11
4|13|259|298|119|301|4S|S|12
4|13|248|245|280|294|4S|S|12
4|13|283|175|128|73|6S|S|11
4|13|207|297|263|220|4S|S|11
4|13|112|219|243|217|4S|S|12
4|13|43|250|287|296|5S|S|11
4|13|103|10|118|214|4S|S|11
4|14|26|84|213|169|4H|S|10
4|14|159|222|160|126|4H|N|10
4|14|246|204|282|110|4H|N|10
4|14|259|298|119|301|2H|N|10
4|14|248|245|280|294|4H|N|10
4|14|283|175|128|73|4H|N|10
4|14|207|297|263|220|4H|N|10
4|14|112|219|243|217|3H|S|10
4|14|43|250|287|296|4H|N|10
4|14|103|10|118|214|4H|S|10
4|15|26|84|213|169|5S|S|10
4|15|159|222|160|126|5H|W|11
4|15|246|204|282|110|5H|W|11
4|15|259|298|119|301|5S|S|10
4|15|248|245|280|294|5C|N|11
4|15|283|175|128|73|4S|S|10
4|15|207|297|263|220|4S|N|10
4|15|112|219|243|217|5H|W|11
4|15|43|250|287|296|4S|S|10
4|15|103|10|118|214|4S|S|10
4|16|26|84|213|169|4S|E|12
4|16|159|222|160|126|4S|E|10
4|16|246|204|282|110|4S|E|10
4|16|259|298|119|301|4S|E|10
4|16|248|245|280|294|4S|E|11
4|16|283|175|128|73|4S|E|10
4|16|207|297|263|220|4S|W|11
4|16|112|219|243|217|4S|E|11
4|16|43|250|287|296|4S|E|11
4|16|103|10|118|214|4S|E|10
4|17|18|227|59|146|3C|W|10|D2
4|17|159|26|160|213|3N|E|7|H7
4|17|246|204|282|110|3N|E|9|C2
4|17|259|298|119|301|3H|N|8|D5
4|17|156|201|69|266|3H|N|7|C4
4|17|245|248|294|280|2H|N|7|C5
4|17|116|297|171|220|3C|W|10|D8
4|17|112|219|243|217|3HX|N|7|C5
4|17|216|250|191|296|5C|W|9|HA
4|17|273|10|295|214|3H|N|8|D2
4|18|18|227|59|146|3D|W|9|S3
4|18|159|26|160|213|3N|E|10|SK
4|18|246|204|282|110|3N|E|10|SQ
4|18|259|298|119|301|1N|S|6|D2
4|18|156|201|69|266|1N|S|4|DA
4|18|245|248|294|280|1D|S|3|S9
4|18|116|297|171|220|3N|E|10|SQ
4|18|112|219|243|217|3N|E|10|SK
4|18|216|250|191|296|3N|W|10|H4
4|18|273|10|295|214|1N|W|10|C8
4|19|18|227|59|146|2H|N|6|D3
4|19|159|26|160|213|5D|E|12|SJ
4|19|246|204|282|110|2S|E|11|H5
4|19|259|298|119|301|1N|N|6|HK
4|19|156|201|69|266|3N|E|10|H5
4|19|245|248|294|280|2S|E|11|H5
4|19|116|297|171|220|2S|E|10|H5
4|19|112|219|243|217|2S|E|11|H7
4|19|216|250|191|296|3N|E|9|C5
4|19|273|10|295|214|2S|E|11|H7
4|2|26|84|213|169|4S|E|10
4|2|159|222|160|126|3N|N|10
4|2|246|204|282|110|4H|S|11
4|2|259|298|119|301|4S|W|10
4|2|248|245|280|294|3N|N|9
4|2|283|175|128|73|3S|W|7
4|2|207|297|263|220|5H|S|11
4|2|112|219|243|217|3S|W|6
4|2|43|250|287|296|3N|N|11
4|2|103|10|118|214|5H|S|12
4|20|18|227|59|146|3N|S|9|HQ
4|20|159|26|160|213|3N|S|8|HQ
4|20|246|204|282|110|3N|S|8|HQ
4|20|259|298|119|301|3N|S|9|H7
4|20|156|201|69|266|3N|S|8|HQ
4|20|245|248|294|280|3N|S|9|HQ
4|20|116|297|171|220|3N|S|8|HQ
4|20|112|219|243|217|3N|S|9|H7
4|20|216|250|191|296|3N|S|8|HQ
4|20|273|10|295|214|3N|S|8|HQ
4|21|18|227|59|146|4SX|N|9|H2
4|21|159|26|160|213|4H|W|8|DT
4|21|246|204|282|110|4H|W|7|SJ
4|21|259|298|119|301|3S|S|8|HK
4|21|156|201|69|266|4H|W|9|SJ
4|21|245|248|294|280|3S|N|8|H7
4|21|116|297|171|220|2H|W|9|DT
4|21|112|219|243|217|4H|W|8|SJ
4|21|216|250|191|296|4H|W|9|SJ
4|21|273|10|295|214|4H|W|8|DT
4|22|18|227|59|146|4H|W|10|CQ
4|22|159|26|160|213|4H|W|10|S2
4|22|246|204|282|110|4H|E|10|S9
4|22|259|298|119|301|4H|W|10|H2
4|22|156|201|69|266|4H|W|10|S6
4|22|245|248|294|280|4H|E|10|S9
4|22|116|297|171|220|4H|W|10|H2
4|22|112|219|243|217|4H|W|10|H5
4|22|216|250|191|296|4H|W|10|S6
4|22|273|10|295|214|4H|W|9|CJ
4|23|18|227|59|146|2S|W|8|D8
4|23|159|26|160|213|3N|W|8|SK
4|23|246|204|282|110|3S|E|7|D2
4|23|259|298|119|301|1N|W|7|SK
4|23|156|201|69|266|1N|E|7|D2
4|23|245|248|294|280|2D|N|6|HK
4|23|116|297|171|220|1N|W|8|SQ
4|23|112|219|243|217|1N|E|8|H6
4|23|216|250|191|296|3N|W|8|H2
4|23|273|10|295|214|1D|N|7|HK
4|24|18|227|59|146|2H|N|9|S8
4|24|159|26|160|213|4C|S|11|SK
4|24|246|204|282|110|4C|S|11|SA
4|24|259|298|119|301|3N|S|10|SA
4|24|156|201|69|266|3C|S|11|SQ
4|24|245|248|294|280|5C|S|11|SA
4|24|116|297|171|220|3C|S|11|SA
4|24|112|219|243|217|2SX|W|6|HA
4|24|216|250|191|296|3C|S|11|SA
4|24|273|10|295|214|4C|S|11|SA
4|25|18|227|59|146|3C|S|9|S4
4|25|159|26|160|213|2H|N|8|C9
4|25|246|204|282|110|3N|N|7|D7
4|25|259|298|119|301|3C|N|9|S9
4|25|156|201|69|266|2H|N|8|C9
4|25|245|248|294|280|3C|S|9|S4
4|25|116|297|171|220|3N|N|7|D4
4|25|112|219|243|217|3N|N|9|S3
4|25|216|250|191|296|3C|S|9|H4
4|25|273|10|295|214|3N|N|6|D7
4|26|18|227|59|146|4S|E|10|HQ
4|26|159|26|160|213|4S|E|10|HQ
4|26|246|204|282|110|4S|E|10|HQ
4|26|259|298|119|301|4S|E|11|HQ
4|26|156|201|69|266|4S|W|10|HQ
4|26|245|248|294|280|4S|E|11|HQ
4|26|116|297|171|220|4S|E|10|HQ
4|26|112|219|243|217|4S|W|10|HA
4|26|216|250|191|296|4S|E|11|C7
4|26|273|10|295|214|4S|E|10|HJ
4|27|18|227|59|146|2D|E|7|H3
4|27|159|26|160|213|3NX|W|4|S9
4|27|246|204|282|110|2S|N|7|DK
4|27|259|298|119|301|4D|E|7|H3
4|27|156|201|69|266|3N|W|8|H7
4|27|245|248|294|280|3H|S|6|D8
4|27|116|297|171|220|3D|E|5|H2
4|27|112|219|243|217|3NX|W|5|H9
4|27|216|250|191|296|3D|E|9|C8
4|27|273|10|295|214|3D|E|7|H8
4|28|18|227|59|146|4H|E|12|H3
4|28|159|26|160|213|4H|E|13|H5
4|28|246|204|282|110|4H|W|12|DJ
4|28|259|298|119|301|4H|E|13|ST
4|28|156|201|69|266|4S|W|12|DJ
4|28|245|248|294|280|4H|W|13|DJ
4|28|116|297|171|220|4H|E|12|DK
4|28|112|219|243|217|3S|E|13|S5
4|28|216|250|191|296|4H|W|13|DJ
4|28|273|10|295|214|4H|E|12|DQ
4|29|18|227|59|146|3H|E|8|CA
4|29|159|26|160|213|3H|E|9|DA
4|29|246|204|282|110|3H|W|10|DQ
4|29|259|298|119|301|3N|S|9|S3
4|29|156|201|69|266|3N|S|8|H5
4|29|245|248|294|280|4C|N|9|SJ
4|29|116|297|171|220|4H|E|9|H2
4|29|112|219|243|217|3N|S|8|S3
4|29|216|250|191|296|3N|S|8|H5
4|29|273|10|295|214|3C|N|11|DJ
4|3|26|84|213|169|3N|E|10
4|3|159|222|160|126|3N|E|8
4|3|246|204|282|110|4S|W|10
4|3|259|298|119|301|4S|W|11
4|3|248|245|280|294|4S|W|11
4|3|283|175|128|73|4S|W|11
4|3|207|297|263|220|4S|W|11
4|3|112|219|243|217|3N|E|10
4|3|43|250|287|296|3N|E|10
4|3|103|10|118|214|4S|E|11
4|30|18|227|59|146|2H|S|8|H4
4|30|159|26|160|213|3C|S|10|C5
4|30|246|204|282|110|3S|N|9|S7
4|30|259|298|119|301|3C|S|10|SA
4|30|156|201|69|266|3C|N|10|D2
4|30|245|248|294|280|4S|N|10|D4
4|30|116|297|171|220|1N|S|7|C5
4|30|112|219|243|217|4S|N|9|D3
4|30|216|250|191|296|1N|S|9|S9
4|30|273|10|295|214|3C|S|9|DJ
4|31|18|227|59|146|2S|N|8|HQ
4|31|159|26|160|213|2S|N|7|HQ
4|31|246|204|282|110|2S|N|6|HK
4|31|259|298|119|301|2S|N|6|HQ
4|31|156|201|69|266|3H|E|9|D9
4|31|245|248|294|280|3N|S|7|D4
4|31|116|297|171|220|4S|N|7|HQ
4|31|112|219|243|217|3C|S|8|S6
4|31|216|250|191|296|2S|N|7|HQ
4|31|273|10|295|214|3C|S|9|S3
4|32|18|227|59|146|3S|W|9|C8
4|32|159|26|160|213|3C|N|6|DT
4|32|246|204|282|110|3C|N|7|DT
4|32|259|298|119|301|2H|W|7|C8
4|32|156|201|69|266|3DX|N|8|H6
4|32|245|248|294|280|2H|E|6|S4
4|32|116|297|171|220|2S|W|9|C3
4|32|112|219|243|217|3S|W|9|C8
4|32|216|250|191|296|2S|W|8|C3
4|32|273|10|295|214|2S|W|9|HA
4|4|26|84|213|169|3N|S|11
4|4|159|222|160|126|4H|N|9
4|4|246|204|282|110|6H|N|10
4|4|259|298|119|301|3N|S|10
4|4|248|245|280|294|5H|S|9
4|4|283|175|128|73|4H|N|10
4|4|207|297|263|220|4H|N|10
4|4|112|219|243|217|4H|S|9
4|4|43|250|287|296|3N|S|10
4|4|103|10|118|214|3N|S|9
4|5|26|84|213|169|4S|E|12
4|5|159|222|160|126|4S|W|12
4|5|246|204|282|110|3N|E|9
4|5|259|298|119|301|4S|E|11
4|5|248|245|280|294|4S|W|12
4|5|283|175|128|73|4S|W|11
4|5|207|297|263|220|4S|W|10
4|5|112|219|243|217|4S|E|11
4|5|43|250|287|296|4S|E|11
4|5|103|10|118|214|4S|W|11
4|6|26|84|213|169|1S|S|9
4|6|159|222|160|126|4H|N|10
4|6|246|204|282|110|4H|N|10
4|6|259|298|119|301|1S|S|9
4|6|248|245|280|294|1N|W|5
4|6|283|175|128|73|1S|S|9
4|6|207|297|263|220|2H|N|10
4|6|112|219|243|217|2D|N|8
4|6|43|250|287|296|1S|S|9
4|6|103|10|118|214|2N|N|9
4|7|26|84|213|169|4S|W|10
4|7|159|222|160|126|5C|E|9
4|7|246|204|282|110|3N|W|7
4|7|259|298|119|301|3N|W|8
4|7|248|245|280|294|3C|E|11
4|7|283|175|128|73|5C|E|10
4|7|207|297|263|220|4S|W|6
4|7|112|219|243|217|3S|W|9
4|7|43|250|287|296|4S|W|10
4|7|103|10|118|214|5C|E|11
4|8|26|84|213|169|3N|N|8
4|8|159|222|160|126|3N|S|9
4|8|246|204|282|110|3D|N|10
4|8|259|298|119|301|3N|N|8
4|8|248|245|280|294|3N|N|8
4|8|283|175|128|73|5D|N|10
4|8|207|297|263|220|3N|N|8
4|8|112|219|243|217|3D|S|10
4|8|43|250|287|296|3N|N|8
4|8|103|10|118|214|4S|N|9
4|9|26|84|213|169|2S|N|9
4|9|159|222|160|126|2S|N|9
4|9|246|204|282|110|2S|N|9
4|9|259|298|119|301|2S|N|9
4|9|248|245|280|294|2S|S|8
4|9|283|175|128|73|2S|N|9
4|9|207|297|263|220|2S|N|9
4|9|112|219|243|217|2S|S|10
4|9|43|250|287|296|2S|N|9
4|9|103|10|118|214|2S|N|9
5|1|227|298|146|301|3N|S|7|ST
5|1|246|84|282|169|3C|S|10|HT
5|1|259|175|119|73|3N|S|7|S7
5|1|156|204|69|110|6C|S|11|HT
5|1|201|297|266|220|5C|S|11|HT
5|1|112|245|243|294|5C|S|11|ST
5|1|18|10|59|214|5C|S|10|SK
5|1|216|222|191|126|3N|S|11|ST
5|1|103|207|118|263|3N|S|7|S7
5|1|116|250|171|296|3S|W|9|C6
5|10|227|298|146|301|2N|E|7|ST
5|10|246|84|282|169|3N|E|8|ST
5|10|259|175|119|73|2N|E|7|ST
5|10|156|204|69|110|5C|E|11|SA
5|10|201|297|266|220|3N|E|7|S6
5|10|112|245|243|294|2N|E|7|ST
5|10|18|10|59|214|2N|E|8|ST
5|10|216|222|191|126|2N|E|8|ST
5|10|103|207|118|263|2N|E|8|ST
5|10|116|250|171|296|2N|E|8|S2
5|11|227|298|146|301|3N|N|9|C3
5|11|246|84|282|169|3N|N|10|C3
5|11|259|175|119|73|3N|N|9|C3
5|11|156|204|69|110|3N|N|10|S3
5|11|201|297|266|220|3D|S|12|H7
5|11|112|245|243|294|3N|N|9|C7
5|11|18|10|59|214|3N|N|10|C3
5|11|216|222|191|126|3N|N|10|C3
5|11|103|207|118|263|3N|N|10|C3
5|11|116|250|171|296|3N|N|10|C3
5|12|227|298|146|301|2D|W|7|C2
5|12|246|84|282|169|2H|E|7|D3
5|12|259|175|119|73|3N|W|6|C2
5|12|156|204|69|110|4H|E|8|D3
5|12|201|297|266|220|3H|E|8|D3
5|12|112|245|243|294|4H|E|7|D3
5|12|18|10|59|214|4H|E|8|D3
5|12|216|222|191|126|2CX|S|8|SQ
5|12|103|207|118|263|4H|E|8|D3
5|12|116|250|171|296|4H|E|8|D3
5|13|227|298|146|301|2H|N|6|CK
5|13|246|84|282|169|1N|S|5|D5
5|13|259|175|119|73|2C|W|7|C2
5|13|156|204|69|110|4S|W|7|HK
5|13|201|297|266|220|2H|S|8|D7
5|13|112|245|243|294|2H|S|8|S3
5|13|18|10|59|214|2H|S|8|D5
5|13|216|222|191|126|3N|E|7|D2
5|13|103|207|118|263|2H|N|8|CA
5|13|116|250|171|296|1C|N|4|S7
5|14|227|298|146|301|6S|N|12|S3
5|14|246|84|282|169|4S|N|12|H9
5|14|259|175|119|73|6S|N|12|H9
5|14|156|204|69|110|6H|N|12|C6
5|14|201|297|266|220|6N|N|11|C4
5|14|112|245|243|294|4S|N|12|H9
5|14|18|10|59|214|5H|S|12|CA
5|14|216|222|191|126|6S|N|11|C9
5|14|103|207|118|263|6H|N|11|C6
5|14|116|250|171|296|6D|S|10|H4
5|15|227|298|146|301|4H|E|10|CT
5|15|246|84|282|169|4H|E|10|DA
5|15|259|175|119|73|4H|W|10|D9
5|15|156|204|69|110|4H|W|10|D6
5|15|201|297|266|220|3N|W|10|D6
5|15|112|245|243|294|4H|W|11|H7
5|15|18|10|59|214|4H|E|10|CT
5|15|216|222|191|126|4H|W|10|D6
5|15|103|207|118|263|4H|W|10|D9
5|15|116|250|171|296|4H|W|10|D6
5|16|227|298|146|301|6CX|N|11|HK
5|16|246|84|282|169|3N|N|8|HA
5|16|259|175|119|73|6C|N|11|HA
5|16|156|204|69|110|5C|N|12|HA
5|16|201|297|266|220|6DX|S|11|SQ
5|16|112|245|243|294|3N|N|11|HA
5|16|18|10|59|214|6CX|N|10|D2
5|16|216|222|191|126|3N|N|8|HK
5|16|103|207|118|263|6CX|N|12|D9
5|16|116|250|171|296|2SX|W|8|CA
5|17|159|298|160|301|1N|W|6|DT
5|17|246|227|282|146|3N|E|6|D2
5|17|259|156|119|69|3N|E|7|D7
5|17|248|204|280|110|2DX|S|5|D6
5|17|283|297|128|220|3N|E|7|S5
5|17|112|201|243|266|1N|W|7|DT
5|17|222|10|126|214|3N|E|8|HQ
5|17|216|26|191|213|1N|E|7|D7
5|17|273|207|295|263|3N|E|7|D2
5|17|219|250|217|296|2N|E|6|D7
5|18|159|298|160|301|2H|N|8|CK
5|18|246|227|282|146|1N|E|7|SQ
5|18|259|156|119|69|1N|E|5|S3
5|18|248|204|280|110|1NX|E|7|D5
5|18|283|297|128|220|1N|E|8|SQ
5|18|112|201|243|266|2N|S|10|D6
5|18|222|10|126|214|1S|S|7|C4
5|18|216|26|191|213|2N|N|8|CK
5|18|273|207|295|263|1N|E|7|D2
5|18|219|250|217|296|1HX|E|5|H6
5|19|159|298|160|301|4S|S|10|DK
5|19|246|227|282|146|4S|S|10|DK
5|19|259|156|119|69|4S|S|10|DK
5|19|248|204|280|110|4S|S|10|DK
5|19|283|297|128|220|4S|S|10|DK
5|19|112|201|243|266|4S|S|10|DK
5|19|222|10|126|214|4S|S|10|DK
5|19|216|26|191|213|4S|S|10|DA
5|19|273|207|295|263|4S|S|10|DK
5|19|219|250|217|296|4S|S|10|DK
5|2|227|298|146|301|3S|W|7|CK
5|2|246|84|282|169|3H|E|10|HT
5|2|259|175|119|73|4S|E|10|HT
5|2|156|204|69|110|4H|W|10|SJ
5|2|201|297|266|220|2H|W|10|H5
5|2|112|245|243|294|4H|W|9|CK
5|2|18|10|59|214|3H|E|10|H7
5|2|216|222|191|126|4H|W|9|CK
5|2|103|207|118|263|3H|W|10|SJ
5|2|116|250|171|296|4H|W|9|SJ
5|20|159|298|160|301|4S|W|10|D4
5|20|246|227|282|146|4S|E|11|S6
5|20|259|156|119|69|4S|E|10|S6
5|20|248|204|280|110|4S|E|10|D5
5|20|283|297|128|220|4S|W|10|D4
5|20|112|201|243|266|3N|E|9|S7
5|20|222|10|126|214|4S|E|10|S6
5|20|216|26|191|213|4S|E|10|S6
5|20|273|207|295|263|4S|W|10|H4
5|20|219|250|217|296|4S|E|10|SA
5|21|159|298|160|301|2N|S|8|S3
5|21|246|227|282|146|1N|N|9|S8
5|21|259|156|119|69|1N|S|7|S4
5|21|248|204|280|110|2H|W|5|H2
5|21|283|297|128|220|1N|S|8|DA
5|21|112|201|243|266|1N|W|5|C6
5|21|222|10|126|214|3N|S|7|S3
5|21|216|26|191|213|3N|S|9|S7
5|21|273|207|295|263|1N|S|9|DA
5|21|219|250|217|296|1N|W|5|H7
5|22|159|298|160|301|3C|W|8|HK
5|22|246|227|282|146|4H|N|9|C9
5|22|259|156|119|69|4H|N|9|C9
5|22|248|204|280|110|3HX|N|8|C9
5|22|283|297|128|220|2S|W|9|HK
5|22|112|201|243|266|3H|N|9|C9
5|22|222|10|126|214|3N|S|10|C6
5|22|216|26|191|213|4S|W|9|HK
5|22|273|207|295|263|3S|W|10|HQ
5|22|219|250|217|296|3S|W|9|HK
5|23|159|298|160|301|4H|S|12|ST
5|23|246|227|282|146|6H|S|12|C9
5|23|259|156|119|69|6H|N|12|DT
5|23|248|204|280|110|6H|N|12|CA
5|23|283|297|128|220|4H|S|12|D3
5|23|112|201|243|266|6H|S|11|C9
5|23|222|10|126|214|4H|N|12|DT
5|23|216|26|191|213|6H|N|12|CA
5|23|273|207|295|263|6H|N|12|CA
5|23|219|250|217|296|6H|S|12|D3
5|24|159|298|160|301|6S|S|12|H5
5|24|246|227|282|146|4S|S|12|D7
5|24|259|156|119|69|4H|S|9|S5
5|24|248|204|280|110|6S|N|10|C3
5|24|283|297|128|220|3N|S|11|C9
5|24|112|201|243|266|6S|N|12|D9
5|24|222|10|126|214|4S|N|12|HT
5|24|216|26|191|213|4S|N|11|HT
5|24|273|207|295|263|4S|N|10|C7
5|24|219|250|217|296|6S|N|12|HT
5|25|159|298|160|301|3N|E|10|S4
5|25|246|227|282|146|3N|E|10|S2
5|25|259|156|119|69|3N|E|10|S4
5|25|248|204|280|110|3N|E|10|S2
5|25|283|297|128|220|3N|E|11|S4
5|25|112|201|243|266|4SX|N|5|CJ
5|25|222|10|126|214|4SX|N|6|HA
5|25|216|26|191|213|4H|W|8|S5
5|25|273|207|295|263|4SX|N|6|HA
5|25|219|250|217|296|3N|E|11|ST
5|26|159|298|160|301|1N|S|6|HQ
5|26|246|227|282|146|2H|W|11|DJ
5|26|259|156|119|69|2H|W|10|DJ
5|26|248|204|280|110|3CX|N|8|D7
5|26|283|297|128|220|1N|S|6|HQ
5|26|112|201|243|266|3N|E|9|CA
5|26|222|10|126|214|2H|W|11|DJ
5|26|216|26|191|213|1NX|S|6|HQ
5|26|273|207|295|263|2H|W|10|C9
5|26|219|250|217|296|1N|S|6|HQ
5|27|159|298|160|301|4S|S|11|D9
5|27|246|227|282|146|4S|S|10|C5
5|27|259|156|119|69|4S|S|10|H2
5|27|248|204|280|110|5S|S|10|C4
5|27|283|297|128|220|5S|S|10|H2
5|27|112|201|243|266|4S|S|9|C5
5|27|222|10|126|214|4S|S|10|H5
5|27|216|26|191|213|4S|S|10|C5
5|27|273|207|295|263|5CX|E|10|SA
5|27|219|250|217|296|4S|S|10|D9
5|28|159|298|160|301|3S|N|9|C5
5|28|246|227|282|146|3N|W|8|SQ
5|28|259|156|119|69|2S|N|9|C5
5|28|248|204|280|110|4H|E|7|S9
5|28|283|297|128|220|3S|N|8|C7
5|28|112|201|243|266|2H|W|9|SK
5|28|222|10|126|214|4S|N|10|D4
5|28|216|26|191|213|3N|W|9|SK
5|28|273|207|295|263|2H|W|8|SQ
5|28|219|250|217|296|3DX|E|9|DA
5|29|159|298|160|301|3H|S|10|DK
5|29|246|227|282|146|5D|W|10|H3
5|29|259|156|119|69|4H|S|10|DA
5|29|248|204|280|110|5DX|W|10|H3
5|29|283|297|128|220|4H|S|10|DA
5|29|112|201|243|266|4S|S|9|C3
5|29|222|10|126|214|4H|S|10|DA
5|29|216|26|191|213|4H|S|10|DK
5|29|273|207|295|263|4H|S|10|DA
5|29|219|250|217|296|3H|S|10|DA
5|3|227|298|146|301|2N|N|7|SK
5|3|246|84|282|169|3D|S|9|S9
5|3|259|175|119|73|5D|S|10|S9
5|3|156|204|69|110|3NX|S|9|C6
5|3|201|297|266|220|3N|S|7|S9
5|3|112|245|243|294|3N|N|7|SA
5|3|18|10|59|214|3S|E|8|DA
5|3|216|222|191|126|3NX|S|7|S8
5|3|103|207|118|263|3D|S|9|S8
5|3|116|250|171|296|5D|S|10|S6
5|30|159|298|160|301|5HX|E|8|CA
5|30|246|227|282|146|4S|N|11|CQ
5|30|259|156|119|69|4S|N|11|CQ
5|30|248|204|280|110|5S|N|11|HA
5|30|283|297|128|220|4S|N|11|CQ
5|30|112|201|243|266|4S|N|11|CQ
5|30|222|10|126|214|5HX|E|8|CK
5|30|216|26|191|213|5S|N|11|CQ
5|30|273|207|295|263|4S|N|11|CQ
5|30|219|250|217|296|5HX|E|8|CA
5|31|159|298|160|301|4S|W|8|C2
5|31|246|227|282|146|4S|W|7|DJ
5|31|259|156|119|69|2H|N|9|CA
5|31|248|204|280|110|3S|W|7|DJ
5|31|283|297|128|220|4S|W|6|DJ
5|31|112|201|243|266|4S|W|8|DJ
5|31|222|10|126|214|3S|W|8|DJ
5|31|216|26|191|213|4S|W|7|C2
5|31|273|207|295|263|4S|E|7|C2
5|31|219|250|217|296|4S|W|9|DJ
5|32|159|298|160|301|2H|S|9|CK
5|32|246|227|282|146|2H|S|9|H2
5|32|259|156|119|69|2H|S|9|CK
5|32|248|204|280|110|3H|S|8|HA
5|32|283|297|128|220|2H|S|9|CK
5|32|112|201|243|266|4H|S|8|CK
5|32|222|10|126|214|4H|S|9|CK
5|32|216|26|191|213|2HX|S|9|CK
5|32|273|207|295|263|3C|W|8|H4
5|32|219|250|217|296|2N|E|8|HQ
5|4|227|298|146|301|2N|S|7|H6
5|4|246|84|282|169|1N|N|8|D6
5|4|259|175|119|73|1N|N|7|C3
5|4|156|204|69|110|2S|S|7|DA
5|4|201|297|266|220|1N|N|7|DA
5|4|112|245|243|294|2S|N|8|DA
5|4|18|10|59|214|1N|N|7|DA
5|4|216|222|191|126|1N|N|7|D6
5|4|103|207|118|263|2S|N|8|DA
5|4|116|250|171|296|1N|N|6|D6
5|5|227|298|146|301|3N|W|12|CQ
5|5|246|84|282|169|3N|E|13|CT
5|5|259|175|119|73|3N|W|12|D2
5|5|156|204|69|110|6N|W|13|SQ
5|5|201|297|266|220|3N|W|13|C2
5|5|112|245|243|294|3N|E|12|S3
5|5|18|10|59|214|6N|W|13|D2
5|5|216|222|191|126|6N|W|12|SQ
5|5|103|207|118|263|6D|W|12|CQ
5|5|116|250|171|296|3N|E|12|CT
5|6|227|298|146|301|4S|N|10|DA
5|6|246|84|282|169|4S|N|11|H9
5|6|259|175|119|73|4S|N|10|DA
5|6|156|204|69|110|4S|N|11|H8
5|6|201|297|266|220|4S|N|10|DA
5|6|112|245|243|294|2S|N|11|H8
5|6|18|10|59|214|4S|N|10|DA
5|6|216|222|191|126|4H|S|9|D7
5|6|103|207|118|263|3N|S|7|D7
5|6|116|250|171|296|4S|N|11|H9
5|7|227|298|146|301|1N|S|8|ST
5|7|246|84|282|169|1N|S|8|ST
5|7|259|175|119|73|1N|S|8|ST
5|7|156|204|69|110|3N|S|7|ST
5|7|201|297|266|220|3N|S|7|S9
5|7|112|245|243|294|3S|W|8|CQ
5|7|18|10|59|214|3N|S|8|ST
5|7|216|222|191|126|3N|S|7|ST
5|7|103|207|118|263|3N|N|9|HQ
5|7|116|250|171|296|1N|S|8|ST
5|8|227|298|146|301|4S|E|11|D8
5|8|246|84|282|169|4S|E|12|CJ
5|8|259|175|119|73|4S|E|11|H4
5|8|156|204|69|110|3N|E|8|H2
5|8|201|297|266|220|4S|E|11|D8
5|8|112|245|243|294|4S|W|11|HQ
5|8|18|10|59|214|4S|W|8|HQ
5|8|216|222|191|126|4S|W|11|HQ
5|8|103|207|118|263|4S|W|11|HQ
5|8|116|250|171|296|4S|E|11|D2
5|9|227|298|146|301|4H|N|11|D4
5|9|246|84|282|169|5H|N|11|S2
5|9|259|175|119|73|5H|N|11|SJ
5|9|156|204|69|110|4H|N|11|C4
5|9|201|297|266|220|4H|N|11|C5
5|9|112|245|243|294|4H|N|11|D4
5|9|18|10|59|214|3N|N|9|S6
5|9|216|222|191|126|4H|N|11|D9
5|9|103|207|118|263|5D|S|11|S9
5|9|116|250|171|296|4H|N|11|D4
6|1|248|84|280|169|4S|N|8|HA
6|1|159|175|160|73|5S|N|8|CK
6|1|112|204|243|110|4S|S|8|CK
6|1|259|297|119|220|4S|S|8|CK
6|1|116|245|171|294|5HX|E|11|SK
6|1|283|219|128|217|4S|S|8|H2
6|1|216|298|191|301|4S|S|11|H2
6|1|246|43|282|10|4SX|S|8|CK
6|1|103|18|118|59|5H|E|11|SK
6|1|222|273|126|295|4S|S|10|CQ
6|10|248|84|280|169|2N|N|7|S5
6|10|159|175|160|73|2S|E|7|SJ
6|10|112|204|243|110|1N|N|7|S5
6|10|259|297|119|220|1N|N|7|S4
6|10|116|245|171|294|2S|E|7|CK
6|10|283|219|128|217|3N|S|9|C3
6|10|216|298|191|301|2N|S|9|C5
6|10|246|43|282|10|2N|N|7|S5
6|10|103|18|118|59|2N|N|8|C2
6|10|222|273|126|295|1N|S|7|S4
6|11|248|84|280|169|3S|W|8|D6
6|11|159|175|160|73|2S|E|9|D6
6|11|112|204|243|110|4DX|S|9|H9
6|11|259|297|119|220|3S|E|8|S8
6|11|116|245|171|294|4S|E|9|CK
6|11|283|219|128|217|3D|S|9|S2
6|11|216|298|191|301|3D|S|9|H9
6|11|246|43|282|10|3D|S|9|D9
6|11|103|18|118|59|3D|S|9|S5
6|11|222|273|126|295|2D|S|9|H9
6|12|248|84|280|169|4H|E|10|C2
6|12|159|175|160|73|4H|W|11|CK
6|12|112|204|243|110|4H|W|11|CA
6|12|259|297|119|220|4H|E|10|C5
6|12|116|245|171|294|3N|W|7|CA
6|12|283|219|128|217|4H|E|11|D6
6|12|216|298|191|301|2H|E|10|C2
6|12|246|43|282|10|4H|E|10|S4
6|12|103|18|118|59|3N|W|7|CA
6|12|222|273|126|295|2H|E|10|S6
6|13|248|84|280|169|4S|S|12|HQ
6|13|159|175|160|73|6S|S|12|HQ
6|13|112|204|243|110|3N|S|10|HQ
6|13|259|297|119|220|4S|S|11|C9
6|13|116|245|171|294|6S|S|12|HQ
6|13|283|219|128|217|4S|S|12|HQ
6|13|216|298|191|301|6S|S|12|HQ
6|13|246|43|282|10|6S|S|12|HQ
6|13|103|18|118|59|3N|S|10|C3
6|13|222|273|126|295|6S|S|12|HJ
6|14|248|84|280|169|3C|E|7|ST
6|14|159|175|160|73|1N|W|5|HQ
6|14|112|204|243|110|2D|E|7|D5
6|14|259|297|119|220|2C|W|7|C9
6|14|116|245|171|294|2N|W|5|HQ
6|14|283|219|128|217|2N|W|6|DJ
6|14|216|298|191|301|1N|W|6|HQ
6|14|246|43|282|10|3C|E|8|ST
6|14|103|18|118|59|2N|W|6|HQ
6|14|222|273|126|295|3H|S|8|H4
6|15|248|84|280|169|4H|S|10|C6
6|15|159|175|160|73|5H|S|11|SA
6|15|112|204|243|110|4SX|W|7|HQ
6|15|259|297|119|220|5H|S|10|ST
6|15|116|245|171|294|5H|S|11|S9
6|15|283|219|128|217|4H|S|11|SA
6|15|216|298|191|301|4H|S|11|C5
6|15|246|43|282|10|5HX|S|10|SA
6|15|103|18|118|59|5H|S|11|SA
6|15|222|273|126|295|4H|S|10|SA
6|16|248|84|280|169|P||0
6|16|159|175|160|73|2N|W|9|SJ
6|16|112|204|243|110|3N|W|9|HQ
6|16|259|297|119|220|P||0
6|16|116|245|171|294|2N|E|8|S4
6|16|283|219|128|217|2N|E|8|S2
6|16|216|298|191|301|1H|W|7|D3
6|16|246|43|282|10|2N|E|8|S4
6|16|103|18|118|59|2N|E|8|S2
6|16|222|273|126|295|3D|W|8|SJ
6|17|248|227|280|146|2S|S|6|C2
6|17|159|156|160|69|2S|S|7|C8
6|17|112|204|243|110|2DX|N|5|HK
6|17|259|297|119|220|2D|N|6|HK
6|17|207|201|263|266|3DX|N|5|HK
6|17|283|116|128|171|2D|N|5|HK
6|17|216|298|191|301|2S|S|4|HA
6|17|246|232|282|10|2S|S|5|HA
6|17|103|18|118|59|2S|W|6|HA
6|17|26|273|213|295|2S|S|5|HA
6|18|248|227|280|146|6H|S|12|S7
6|18|159|156|160|69|6H|S|12|S4
6|18|112|204|243|110|6H|S|12|C3
6|18|259|297|119|220|6H|S|12|C8
6|18|207|201|263|266|6H|S|12|D6
6|18|283|116|128|171|6H|S|12|CA
6|18|216|298|191|301|6H|S|12|CA
6|18|246|232|282|10|6H|S|12|CA
6|18|103|18|118|59|6H|S|12|CA
6|18|26|273|213|295|6N|N|12|D9
6|19|248|227|280|146|3N|W|7|H3
6|19|159|156|160|69|3N|W|7|H2
6|19|112|204|243|110|4HX|S|7|CQ
6|19|259|297|119|220|5D|E|10|C3
6|19|207|201|263|266|3N|E|11|DK
6|19|283|116|128|171|3N|E|7|HK
6|19|216|298|191|301|5D|E|10|HK
6|19|246|232|282|10|3N|W|7|H3
6|19|103|18|118|59|3N|E|7|SK
6|19|26|273|213|295|3H|W|5|D5
6|2|248|84|280|169|6H|S|13|ST
6|2|159|175|160|73|6H|S|13|D6
6|2|112|204|243|110|7CX|W|8|DA
6|2|259|297|119|220|6H|S|12|C9
6|2|116|245|171|294|7CX|W|8|DK
6|2|283|219|128|217|6H|S|12|C3
6|2|216|298|191|301|6H|S|12|C3
6|2|246|43|282|10|6H|S|13|ST
6|2|103|18|118|59|6H|S|12|D2
6|2|222|273|126|295|6H|S|13|H2
6|20|248|227|280|146|2S|E|9|HJ
6|20|159|156|160|69|3S|E|6|D3
6|20|112|204|243|110|4S|W|8|HK
6|20|259|297|119|220|2S|E|9|HJ
6|20|207|201|263|266|3N|W|8|S5
6|20|283|116|128|171|2S|E|10|HJ
6|20|216|298|191|301|2S|E|7|HJ
6|20|246|232|282|10|2S|E|10|HJ
6|20|103|18|118|59|4SX|E|9|HJ
6|20|26|273|213|295|4D|W|8|HK
6|21|248|227|280|146|P||0
6|21|159|156|160|69|1N|N|7|H3
6|21|112|204|243|110|2C|S|8|HT
6|21|259|297|119|220|1N|N|9|C8
6|21|207|201|263|266|3N|S|6|S5
6|21|283|116|128|171|1N|N|7|H8
6|21|216|298|191|301|1N|N|5|H6
6|21|246|232|282|10|P||0
6|21|103|18|118|59|1N|N|7|H6
6|21|26|273|213|295|1N|N|8|H8
6|22|248|227|280|146|4S|N|10|C3
6|22|159|156|160|69|4S|N|9|H9
6|22|112|204|243|110|4S|S|10|H9
6|22|259|297|119|220|4S|N|9|H7
6|22|207|201|263|266|4S|S|9|HJ
6|22|283|116|128|171|4S|N|9|H9
6|22|216|298|191|301|4S|S|10|ST
6|22|246|232|282|10|4S|N|9|C3
6|22|103|18|118|59|5S|N|10|DA
6|22|26|273|213|295|4S|N|10|H7
6|23|248|227|280|146|2H|N|8|D5
6|23|159|156|160|69|3H|S|8|S7
6|23|112|204|243|110|3H|N|8|D7
6|23|259|297|119|220|3H|N|8|C3
6|23|207|201|263|266|4H|N|7|H8
6|23|283|116|128|171|2S|E|9|HA
6|23|216|298|191|301|3H|N|8|C2
6|23|246|232|282|10|2S|W|9|HA
6|23|103|18|118|59|2S|E|9|DJ
6|23|26|273|213|295|3H|N|8|D5
6|24|248|227|280|146|2DX|W|5|DK
6|24|159|156|160|69|2H|N|9|D7
6|24|112|204|243|110|2H|N|9|H3
6|24|259|297|119|220|3N|S|6|SJ
6|24|207|201|263|266|3H|N|9|S5
6|24|283|116|128|171|2H|N|10|H3
6|24|216|298|191|301|3N|S|6|SJ
6|24|246|232|282|10|2H|N|9|S5
6|24|103|18|118|59|3N|S|6|SJ
6|24|26|273|213|295|2H|N|10|CA
6|25|248|227|280|146|1H|W|8|S7
6|25|159|156|160|69|1H|W|9|S8
6|25|112|204|243|110|3N|W|8|S6
6|25|259|297|119|220|1H|W|9|D8
6|25|207|201|263|266|3N|E|8|C9
6|25|283|116|128|171|1H|W|9|S6
6|25|216|298|191|301|3N|E|8|C3
6|25|246|232|282|10|3N|E|9|D7
6|25|103|18|118|59|1H|E|9|S8
6|25|26|273|213|295|3D|E|8|C9
6|26|248|227|280|146|6D|W|12|HA
6|26|159|156|160|69|5D|W|13|S6
6|26|112|204|243|110|6HX|N|9|CA
6|26|259|297|119|220|6C|E|12|H9
6|26|207|201|263|266|6D|W|12|HA
6|26|283|116|128|171|6D|W|12|HA
6|26|216|298|191|301|5D|W|13|S4
6|26|246|232|282|10|5C|E|12|HK
6|26|103|18|118|59|5D|W|12|HA
6|26|26|273|213|295|4H|N|8|CA
6|27|248|227|280|146|4S|W|8|HK
6|27|159|156|160|69|4H|S|10|C8
6|27|112|204|243|110|4H|S|10|SJ
6|27|259|297|119|220|4H|S|10|C8
6|27|207|201|263|266|4HX|S|10|DK
6|27|283|116|128|171|6H|S|10|H2
6|27|216|298|191|301|4H|S|10|S4
6|27|246|232|282|10|3H|N|10|C2
6|27|103|18|118|59|4H|S|10|C4
6|27|26|273|213|295|4H|S|9|H8
6|28|248|227|280|146|4H|S|11|S4
6|28|159|156|160|69|3N|S|10|D6
6|28|112|204|243|110|6N|N|11|S6
6|28|259|297|119|220|3N|N|11|S6
6|28|207|201|263|266|3N|N|11|D5
6|28|283|116|128|171|4H|N|11|S6
6|28|216|298|191|301|3N|N|10|HT
6|28|246|232|282|10|3N|N|11|D5
6|28|103|18|118|59|3N|S|11|S4
6|28|26|273|213|295|4H|S|11|CA
6|29|248|227|280|146|2H|W|6|CQ
6|29|159|156|160|69|2H|W|8|S7
6|29|112|204|243|110|3N|W|11|S7
6|29|259|297|119|220|3N|W|9|H4
6|29|207|201|263|266|3N|W|12|S7
6|29|283|116|128|171|3D|E|11|S2
6|29|216|298|191|301|3D|E|11|S8
6|29|246|232|282|10|3D|E|11|S8
6|29|103|18|118|59|3N|W|11|CQ
6|29|26|273|213|295|2H|W|6|SA
6|3|248|84|280|169|3S|E|8|DA
6|3|159|175|160|73|1N|N|7|S3
6|3|112|204|243|110|1N|N|8|S4
6|3|259|297|119|220|2D|S|8|CK
6|3|116|245|171|294|1N|S|7|CK
6|3|283|219|128|217|3D|S|7|CK
6|3|216|298|191|301|1N|S|7|CK
6|3|246|43|282|10|3D|S|8|D2
6|3|103|18|118|59|3H|E|10|HJ
6|3|222|273|126|295|3D|S|8|C2
6|30|248|227|280|146|2H|S|8|D5
6|30|159|156|160|69|2H|S|7|D5
6|30|112|204|243|110|3D|S|7|S3
6|30|259|297|119|220|3N|N|9|S3
6|30|207|201|263|266|4D|S|9|S5
6|30|283|116|128|171|2H|S|8|D5
6|30|216|298|191|301|3C|W|9|DJ
6|30|246|232|282|10|2H|S|8|CA
6|30|103|18|118|59|3N|N|9|CK
6|30|26|273|213|295|3D|S|8|HQ
6|31|248|227|280|146|4S|E|11|S2
6|31|159|156|160|69|4H|W|11|H4
6|31|112|204|243|110|4H|W|10|H3
6|31|259|297|119|220|4H|W|10|C5
6|31|207|201|263|266|4H|W|10|C5
6|31|283|116|128|171|4H|W|11|S5
6|31|216|298|191|301|4H|W|11|H4
6|31|246|232|282|10|4H|W|11|D4
6|31|103|18|118|59|4H|W|10|H3
6|31|26|273|213|295|4H|W|10|D5
6|32|248|227|280|146|4HX|E|8|D3
6|32|159|156|160|69|1H|E|8|C6
6|32|112|204|243|110|3H|E|8|C2
6|32|259|297|119|220|2H|E|9|D8
6|32|207|201|263|266|4SX|S|6|H5
6|32|283|116|128|171|2H|E|8|C2
6|32|216|298|191|301|4H|W|8|C3
6|32|246|232|282|10|4H|E|8|C7
6|32|103|18|118|59|4H|E|8|HT
6|32|26|273|213|295|2H|E|8|C6
6|4|248|84|280|169|4S|N|10|DJ
6|4|159|175|160|73|4S|N|10|C4
6|4|112|204|243|110|4SX|N|10|C4
6|4|259|297|119|220|4S|N|11|C3
6|4|116|245|171|294|4S|N|10|DJ
6|4|283|219|128|217|4S|N|11|C7
6|4|216|298|191|301|4S|N|10|C4
6|4|246|43|282|10|4S|N|10|C3
6|4|103|18|118|59|4S|N|10|C3
6|4|222|273|126|295|4S|N|11|C3
6|5|248|84|280|169|1N|N|8|DQ
6|5|159|175|160|73|1N|N|8|DQ
6|5|112|204|243|110|4S|N|6|DQ
6|5|259|297|119|220|2N|S|8|DQ
6|5|116|245|171|294|1N|N|7|DQ
6|5|283|219|128|217|1N|N|8|C3
6|5|216|298|191|301|1N|S|5|D2
6|5|246|43|282|10|1N|N|8|DQ
6|5|103|18|118|59|2N|N|8|DQ
6|5|222|273|126|295|1N|N|8|SA
6|6|248|84|280|169|1N|S|5|C2
6|6|159|175|160|73|2H|N|8|S6
6|6|112|204|243|110|1N|W|7|HQ
6|6|259|297|119|220|2H|N|7|C7
6|6|116|245|171|294|2H|S|8|H2
6|6|283|219|128|217|2H|S|8|S8
6|6|216|298|191|301|2H|S|8|SK
6|6|246|43|282|10|2H|N|8|S5
6|6|103|18|118|59|2H|N|6|H8
6|6|222|273|126|295|2H|S|7|H3
6|7|248|84|280|169|2S|S|7|HA
6|7|159|175|160|73|2S|S|8|HA
6|7|112|204|243|110|2S|S|8|DJ
6|7|259|297|119|220|5H|E|11|S5
6|7|116|245|171|294|3H|E|9|S2
6|7|283|219|128|217|2S|S|8|HA
6|7|216|298|191|301|2S|S|8|SJ
6|7|246|43|282|10|2S|S|8|HA
6|7|103|18|118|59|3H|E|11|HQ
6|7|222|273|126|295|3S|S|8|DT
6|8|248|84|280|169|1N|E|8|H3
6|8|159|175|160|73|2H|N|9|DT
6|8|112|204|243|110|2S|W|10|SK
6|8|259|297|119|220|2H|N|8|HA
6|8|116|245|171|294|2H|N|8|HA
6|8|283|219|128|217|2S|W|7|H7
6|8|216|298|191|301|2H|N|8|HA
6|8|246|43|282|10|2H|N|8|DT
6|8|103|18|118|59|3H|S|8|S8
6|8|222|273|126|295|2H|N|8|DT
6|9|248|84|280|169|1N|S|7|H2
6|9|159|175|160|73|1N|N|7|CQ
6|9|112|204|243|110|1N|N|6|D3
6|9|259|297|119|220|1N|S|8|CK
6|9|116|245|171|294|2C|S|7|DJ
6|9|283|219|128|217|1N|N|9|C3
6|9|216|298|191|301|1N|S|6|DJ
6|9|246|43|282|10|1N|N|7|C3
6|9|103|18|118|59|1N|N|7|S5
6|9|222|273|126|295|1H|N|8|C4
7|1|160|297|146|220|4S|N|10|H6
7|1|109|84|135|169|2S|S|11|S3
7|1|5|11|119|283|4S|N|8|H2
7|1|245|204|294|110|3N|S|8|HA
7|1|248|232|280|10|3C|W|6|SK
7|1|216|175|191|73|4SX|N|9|H7
7|1|187|250|24|296|3N|S|8|HA
7|1|103|298|118|301|4S|N|9|H7
7|1|9|219|61|217|3C|E|7|SK
7|1|207|18|263|59|3S|N|8|H6
7|10|160|297|146|220|4H|S|8|C2
7|10|109|84|135|169|1N|E|6|H4
7|10|5|11|119|283|2S|E|7|H2
7|10|245|204|294|110|4H|S|8|S3
7|10|248|232|280|10|1N|E|6|H4
7|10|216|175|191|73|3H|N|8|C3
7|10|187|250|24|296|1N|E|6|H4
7|10|103|298|118|301|1N|E|6|H4
7|10|9|219|61|217|1N|E|5|H4
7|10|207|18|263|59|1N|E|6|H4
7|11|160|297|146|220|2SX|W|8|D5
7|11|109|84|135|169|3H|N|9|DA
7|11|5|11|119|283|3N|S|8|C3
7|11|245|204|294|110|3H|N|8|DA
7|11|248|232|280|10|3H|N|8|DA
7|11|216|175|191|73|3H|S|8|D9
7|11|187|250|24|296|4H|S|8|D9
7|11|103|298|118|301|4H|N|9|DK
7|11|9|219|61|217|3H|N|8|DA
7|11|207|18|263|59|4H|N|8|DA
7|12|160|297|146|220|3H|N|9|DQ
7|12|109|84|135|169|4H|S|10|S7
7|12|5|11|119|283|4H|S|9|D3
7|12|245|204|294|110|4H|N|9|DQ
7|12|248|232|280|10|4H|N|9|DQ
7|12|216|175|191|73|4H|S|9|H9
7|12|187|250|24|296|4H|S|9|S7
7|12|103|298|118|301|4H|S|10|D3
7|12|9|219|61|217|4H|S|9|H7
7|12|207|18|263|59|4H|N|9|DQ
7|13|160|297|146|220|2S|N|7|C4
7|13|109|84|135|169|3H|W|9|H2
7|13|5|11|119|283|4HX|W|9|H2
7|13|245|204|294|110|2D|S|7|S5
7|13|248|232|280|10|2D|S|8|S5
7|13|216|175|191|73|3S|N|6|H4
7|13|187|250|24|296|2S|N|6|C4
7|13|103|298|118|301|3H|E|9|H7
7|13|9|219|61|217|3H|W|11|CK
7|13|207|18|263|59|2S|N|5|H4
7|14|160|297|146|220|3C|S|9|SK
7|14|109|84|135|169|2S|W|8|D4
7|14|5|11|119|283|2S|W|8|S6
7|14|245|204|294|110|3C|S|10|S4
7|14|248|232|280|10|2S|W|7|D7
7|14|216|175|191|73|3CX|S|9|SK
7|14|187|250|24|296|3C|N|9|ST
7|14|103|298|118|301|2S|W|8|S4
7|14|9|219|61|217|2S|E|9|HQ
7|14|207|18|263|59|2S|E|7|HQ
7|15|160|297|146|220|4H|W|12|D6
7|15|109|84|135|169|4H|W|12|CK
7|15|5|11|119|283|6H|W|11|CK
7|15|245|204|294|110|4H|W|12|CK
7|15|248|232|280|10|4H|W|11|CK
7|15|216|175|191|73|6H|W|12|CK
7|15|187|250|24|296|4H|W|12|CK
7|15|103|298|118|301|4H|W|11|CK
7|15|9|219|61|217|4H|E|12|D7
7|15|207|18|263|59|4H|W|12|D7
7|16|160|297|146|220|1NX|W|6|C6
7|16|109|84|135|169|2S|S|8|DA
7|16|5|11|119|283|2H|N|6|S2
7|16|245|204|294|110|1N|W|8|C4
7|16|248|232|280|10|1S|S|7|DA
7|16|216|175|191|73|1N|W|7|C6
7|16|187|250|24|296|2H|E|7|C2
7|16|103|298|118|301|1S|S|7|DK
7|16|9|219|61|217|2N|E|6|C6
7|16|207|18|263|59|2N|W|9|C6
7|17|160|297|146|220|3S|S|7|S3
7|17|109|84|135|169|2H|N|5|DK
7|17|204|245|110|294|3N|W|9|H6
7|17|201|5|266|119|2S|S|6|S2
7|17|156|232|69|10|4D|W|11|C6
7|17|216|248|191|280|1N|W|8|ST
7|17|187|250|24|296|4S|N|6|DK
7|17|273|298|295|301|5C|E|10|S2
7|17|9|219|61|217|4SX|N|6|DK
7|17|116|26|171|213|4D|W|10|C6
7|18|160|297|146|220|4S|W|11|D5
7|18|109|84|135|169|5S|W|11|D3
7|18|204|245|110|294|4S|W|11|H2
7|18|201|5|266|119|4S|W|12|S6
7|18|156|232|69|10|4S|W|11|D5
7|18|216|248|191|280|6S|W|10|D5
7|18|187|250|24|296|4S|W|11|H2
7|18|273|298|295|301|4S|W|11|S4
7|18|9|219|61|217|6S|W|11|H2
7|18|116|26|171|213|4S|W|11|D5
7|19|160|297|146|220|2N|W|8|S4
7|19|109|84|135|169|3N|E|8|S5
7|19|204|245|110|294|3N|W|8|S4
7|19|201|5|266|119|3N|E|8|S5
7|19|156|232|69|10|3N|E|8|D9
7|19|216|248|191|280|3N|W|8|S4
7|19|187|250|24|296|3N|E|9|S5
7|19|273|298|295|301|3N|E|8|S5
7|19|9|219|61|217|3N|E|8|HT
7|19|116|26|171|213|2N|E|9|S6
7|2|160|297|146|220|4S|S|12|H4
7|2|109|84|135|169|6S|S|12|S7
7|2|5|11|119|283|6S|S|12|C2
7|2|245|204|294|110|4N|S|10|S3
7|2|248|232|280|10|6S|N|12|CQ
7|2|216|175|191|73|6S|S|12|DA
7|2|187|250|24|296|4N|S|11|S7
7|2|103|298|118|301|4S|S|12|DA
7|2|9|219|61|217|6S|S|12|H4
7|2|207|18|263|59|6S|S|12|H7
7|20|160|297|146|220|2CX|E|7|HQ
7|20|109|84|135|169|3S|N|10|CT
7|20|204|245|110|294|4S|N|11|D3
7|20|201|5|266|119|4S|N|10|H5
7|20|156|232|69|10|4S|N|10|CT
7|20|216|248|191|280|4S|N|10|CT
7|20|187|250|24|296|4S|N|10|C2
7|20|273|298|295|301|4S|N|10|C2
7|20|9|219|61|217|4S|N|11|C9
7|20|116|26|171|213|2S|N|10|C6
7|21|160|297|146|220|3H|N|8|S5
7|21|109|84|135|169|3N|N|10|S6
7|21|204|245|110|294|3N|N|10|S5
7|21|201|5|266|119|3N|N|10|S5
7|21|156|232|69|10|3N|N|9|S2
7|21|216|248|191|280|3N|N|7|S5
7|21|187|250|24|296|3N|N|7|S5
7|21|273|298|295|301|4H|N|10|S5
7|21|9|219|61|217|3N|N|10|S5
7|21|116|26|171|213|3N|N|10|S2
7|22|160|297|146|220|5C|E|8|DA
7|22|109|84|135|169|3C|E|10|C9
7|22|204|245|110|294|4SX|N|9|C2
7|22|201|5|266|119|4S|N|7|S2
7|22|156|232|69|10|5C|E|8|DA
7|22|216|248|191|280|3C|E|10|C9
7|22|187|250|24|296|5C|E|8|DA
7|22|273|298|295|301|3N|W|10|S6
7|22|9|219|61|217|3C|E|9|C7
7|22|116|26|171|213|2N|W|9|CJ
7|23|160|297|146|220|4H|N|12|C8
7|23|109|84|135|169|4H|N|12|SJ
7|23|204|245|110|294|4H|N|12|D4
7|23|201|5|266|119|4H|N|12|S2
7|23|156|232|69|10|4H|S|12|DJ
7|23|216|248|191|280|6H|S|12|DJ
7|23|187|250|24|296|6H|N|12|SJ
7|23|273|298|295|301|6H|N|12|SJ
7|23|9|219|61|217|4H|S|12|DJ
7|23|116|26|171|213|4H|N|12|SJ
7|24|160|297|146|220|3D|W|9|H7
7|24|109|84|135|169|4D|W|9|S2
7|24|204|245|110|294|4D|W|10|S5
7|24|201|5|266|119|4D|E|10|H4
7|24|156|232|69|10|5D|E|9|SA
7|24|216|248|191|280|4D|W|9|S5
7|24|187|250|24|296|3N|W|9|C7
7|24|273|298|295|301|4D|W|10|S3
7|24|9|219|61|217|4D|E|9|SA
7|24|116|26|171|213|3N|W|9|C4
7|25|160|297|146|220|3N|E|9|CT
7|25|109|84|135|169|2D|E|10|D5
7|25|204|245|110|294|4S|E|10|HJ
7|25|201|5|266|119|3N|E|9|C6
7|25|156|232|69|10|3N|E|9|C2
7|25|216|248|191|280|2H|W|8|D2
7|25|187|250|24|296|3N|E|9|CT
7|25|273|298|295|301|2S|E|10|D8
7|25|9|219|61|217|3N|E|11|CJ
7|25|116|26|171|213|3N|E|11|CJ
7|26|160|297|146|220|3N|E|10|HJ
7|26|109|84|135|169|3N|W|9|C2
7|26|204|245|110|294|3N|W|10|H5
7|26|201|5|266|119|3N|W|9|S6
7|26|156|232|69|10|3N|W|9|S2
7|26|216|248|191|280|3N|W|9|C3
7|26|187|250|24|296|3N|W|10|S6
7|26|273|298|295|301|3N|W|9|S7
7|26|9|219|61|217|3N|W|9|C3
7|26|116|26|171|213|3N|W|10|S7
7|27|160|297|146|220|3S|W|8|CK
7|27|109|84|135|169|4S|E|8|S5
7|27|204|245|110|294|3H|W|9|H5
7|27|201|5|266|119|4S|W|8|CA
7|27|156|232|69|10|4S|E|8|H9
7|27|216|248|191|280|4S|E|8|H8
7|27|187|250|24|296|3S|W|10|D4
7|27|273|298|295|301|3S|E|9|ST
7|27|9|219|61|217|2N|E|7|SJ
7|27|116|26|171|213|4S|E|9|H8
7|28|160|297|146|220|4H|N|10|DT
7|28|109|84|135|169|5SX|E|9|HT
7|28|204|245|110|294|5H|N|11|DT
7|28|201|5|266|119|5HX|N|11|DT
7|28|156|232|69|10|5SX|E|9|CA
7|28|216|248|191|280|5HX|N|11|S3
7|28|187|250|24|296|4SX|E|9|H4
7|28|273|298|295|301|5SX|E|9|H9
7|28|9|219|61|217|4S|W|9|HK
7|28|116|26|171|213|4S|E|9|H4
7|29|160|297|146|220|1N|W|7|H4
7|29|109|84|135|169|2H|S|9|SK
7|29|204|245|110|294|2H|N|8|SJ
7|29|201|5|266|119|1H|N|9|H9
7|29|156|232|69|10|2H|N|8|SJ
7|29|216|248|191|280|1N|W|6|H4
7|29|187|250|24|296|1N|W|6|H4
7|29|273|298|295|301|1S|E|6|H8
7|29|9|219|61|217|1H|S|8|SK
7|29|116|26|171|213|2H|N|9|SJ
7|3|160|297|146|220|4S|W|13|S3
7|3|109|84|135|169|4S|W|13|D4
7|3|5|11|119|283|6D|W|12|H5
7|3|245|204|294|110|3N|E|11|HK
7|3|248|232|280|10|3N|E|13|H4
7|3|216|175|191|73|3N|E|12|HQ
7|3|187|250|24|296|3N|E|13|H4
7|3|103|298|118|301|3N|E|11|HK
7|3|9|219|61|217|6D|W|12|H5
7|3|207|18|263|59|3N|E|12|H4
7|30|160|297|146|220|3N|N|5|DK
7|30|109|84|135|169|4NX|N|5|DK
7|30|204|245|110|294|5D|W|9|CK
7|30|201|5|266|119|5DX|W|11|CA
7|30|156|232|69|10|5D|E|11|C2
7|30|216|248|191|280|5D|E|12|H3
7|30|187|250|24|296|3NX|N|8|DK
7|30|273|298|295|301|3C|N|9|S9
7|30|9|219|61|217|3C|N|9|S9
7|30|116|26|171|213|5D|E|11|H2
7|31|160|297|146|220|6D|N|11|C5
7|31|109|84|135|169|6HX|E|3|CK
7|31|204|245|110|294|3N|S|11|SJ
7|31|201|5|266|119|4SX|E|6|CA
7|31|156|232|69|10|3N|S|11|SJ
7|31|216|248|191|280|3N|S|11|SJ
7|31|187|250|24|296|3N|N|11|ST
7|31|273|298|295|301|6D|N|11|ST
7|31|9|219|61|217|3N|S|10|SJ
7|31|116|26|171|213|4SX|E|6|CK
7|32|160|297|146|220|3N|N|12|HQ
7|32|109|84|135|169|3N|S|12|D6
7|32|204|245|110|294|3N|N|12|HQ
7|32|201|5|266|119|3N|N|12|HJ
7|32|156|232|69|10|4S|N|12|HQ
7|32|216|248|191|280|3N|N|12|HQ
7|32|187|250|24|296|3N|N|12|HQ
7|32|273|298|295|301|3N|N|12|HQ
7|32|9|219|61|217|3N|N|12|HQ
7|32|116|26|171|213|3N|N|12|HQ
7|4|160|297|146|220|4S|W|12|H4
7|4|109|84|135|169|4S|W|11|D2
7|4|5|11|119|283|4S|W|12|H4
7|4|245|204|294|110|4S|W|12|D4
7|4|248|232|280|10|4S|W|12|H4
7|4|216|175|191|73|4S|W|12|H4
7|4|187|250|24|296|4S|W|11|DA
7|4|103|298|118|301|4S|W|10|H3
7|4|9|219|61|217|4S|W|12|H4
7|4|207|18|263|59|4S|W|12|H3
7|5|160|297|146|220|5CX|E|8|HA
7|5|109|84|135|169|3N|N|10|C7
7|5|5|11|119|283|4N|N|10|C5
7|5|245|204|294|110|4S|S|9|ST
7|5|248|232|280|10|3N|N|10|H6
7|5|216|175|191|73|3H|S|9|C6
7|5|187|250|24|296|3N|N|11|C7
7|5|103|298|118|301|3N|N|11|CK
7|5|9|219|61|217|3NX|N|11|C7
7|5|207|18|263|59|4CX|E|5|C8
7|6|160|297|146|220|3N|W|8|D6
7|6|109|84|135|169|3N|W|9|CQ
7|6|5|11|119|283|3N|W|8|D5
7|6|245|204|294|110|4S|E|8|DQ
7|6|248|232|280|10|3N|W|7|D7
7|6|216|175|191|73|3N|E|9|D3
7|6|187|250|24|296|3N|W|9|CJ
7|6|103|298|118|301|3N|W|8|D7
7|6|9|219|61|217|3N|W|9|CQ
7|6|207|18|263|59|3N|W|11|CQ
7|7|160|297|146|220|2S|S|6|D4
7|7|109|84|135|169|2S|S|6|D4
7|7|5|11|119|283|2S|S|9|D4
7|7|245|204|294|110|2C|N|8|D2
7|7|248|232|280|10|2C|N|7|H4
7|7|216|175|191|73|2C|S|6|D6
7|7|187|250|24|296|2S|S|6|D4
7|7|103|298|118|301|2C|N|6|D3
7|7|9|219|61|217|2S|S|7|D4
7|7|207|18|263|59|2C|N|7|D6
7|8|160|297|146|220|4S|E|10|C3
7|8|109|84|135|169|2H|E|5|SA
7|8|5|11|119|283|4S|W|10|S3
7|8|245|204|294|110|4S|E|10|HA
7|8|248|232|280|10|5HX|S|10|SQ
7|8|216|175|191|73|4S|E|10|HA
7|8|187|250|24|296|5C|S|8|SQ
7|8|103|298|118|301|4S|W|10|S3
7|8|9|219|61|217|4S|E|10|SA
7|8|207|18|263|59|4S|E|11|HA
7|9|160|297|146|220|4S|N|9|S4
7|9|109|84|135|169|4S|N|12|CA
7|9|5|11|119|283|5S|N|10|H2
7|9|245|204|294|110|6SX|N|9|S2
7|9|248|232|280|10|4S|N|10|H5
7|9|216|175|191|73|4S|N|8|S2
7|9|187|250|24|296|4S|N|9|S2
7|9|103|298|118|301|4S|N|8|S2
7|9|9|219|61|217|4S|N|9|S2
7|9|207|18|263|59|4S|N|10|S2
8|1|201|84|266|169|5C|E|10|HQ
8|1|160|11|146|283|3N|E|9|HQ
8|1|116|204|171|110|3C|E|11|HK
8|1|5|207|119|263|4C|E|10|SQ
8|1|216|297|191|220|3N|E|9|HK
8|1|109|43|135|232|5C|E|11|HK
8|1|103|156|118|69|3N|W|9|H9
8|1|175|250|73|296|3C|E|11|SQ
8|1|9|298|61|301|6C|E|11|SQ
8|1|187|18|24|59|3N|E|9|SQ
8|10|201|84|266|169|4S|S|9|CA
8|10|160|11|146|283|5C|W|9|S7
8|10|116|204|171|110|4S|S|9|CA
8|10|5|207|119|263|4S|S|9|CA
8|10|216|297|191|220|5CX|E|9|C4
8|10|109|43|135|232|5CX|W|9|S2
8|10|103|156|118|69|5D|S|10|CA
8|10|175|250|73|296|4S|S|9|CA
8|10|9|298|61|301|4S|S|9|CJ
8|10|187|18|24|59|3N|E|7|DK
8|11|201|84|266|169|4H|E|8|C8
8|11|160|11|146|283|3C|S|9|HT
8|11|116|204|171|110|1N|E|7|CK
8|11|5|207|119|263|2HX|E|8|CK
8|11|216|297|191|220|2S|S|9|HT
8|11|109|43|135|232|3H|E|7|CK
8|11|103|156|118|69|2S|N|9|HK
8|11|175|250|73|296|3H|E|8|CK
8|11|9|298|61|301|2H|E|8|CK
8|11|187|18|24|59|4H|W|8|SQ
8|12|201|84|266|169|3C|E|8|DT
8|12|160|11|146|283|3C|W|8|D4
8|12|116|204|171|110|5CX|E|8|SA
8|12|5|207|119|263|3C|E|8|HA
8|12|216|297|191|220|3C|W|8|H7
8|12|109|43|135|232|3C|E|8|HA
8|12|103|156|118|69|1N|E|6|C2
8|12|175|250|73|296|3N|W|8|H6
8|12|9|298|61|301|3H|N|8|CQ
8|12|187|18|24|59|3N|S|7|C5
8|13|201|84|266|169|3H|E|8|S2
8|13|160|11|146|283|2H|W|8|D6
8|13|116|204|171|110|3H|W|8|D6
8|13|5|207|119|263|2S|N|8|CJ
8|13|216|297|191|220|3C|N|7|CJ
8|13|109|43|135|232|2H|W|10|D6
8|13|103|156|118|69|3C|S|9|H8
8|13|175|250|73|296|2S|N|7|CJ
8|13|9|298|61|301|2SX|N|10|CJ
8|13|187|18|24|59|2S|N|8|CJ
8|14|201|84|266|169|1C|W|5|H6
8|14|160|11|146|283|3N|S|9|S2
8|14|116|204|171|110|4CX|S|9|SK
8|14|5|207|119|263|3N|N|10|H3
8|14|216|297|191|220|2D|S|9|DA
8|14|109|43|135|232|3H|E|7|C5
8|14|103|156|118|69|3C|N|9|H2
8|14|175|250|73|296|2S|W|6|H6
8|14|9|298|61|301|3C|N|9|H2
8|14|187|18|24|59|3C|N|9|H3
8|15|201|84|266|169|4H|E|12|SQ
8|15|160|11|146|283|4H|W|11|D6
8|15|116|204|171|110|4H|E|11|D7
8|15|5|207|119|263|4H|W|12|HA
8|15|216|297|191|220|4H|E|12|SQ
8|15|109|43|135|232|4H|W|12|S6
8|15|103|156|118|69|4H|W|12|S6
8|15|175|250|73|296|6H|W|12|D6
8|15|9|298|61|301|4H|W|12|D7
8|15|187|18|24|59|4H|W|12|HA
8|16|201|84|266|169|4H|W|13|SJ
8|16|160|11|146|283|4H|W|12|C9
8|16|116|204|171|110|5S|E|13|H3
8|16|5|207|119|263|4S|W|13|CT
8|16|216|297|191|220|4H|W|11|CT
8|16|109|43|135|232|4S|E|12|DJ
8|16|103|156|118|69|4S|E|13|C2
8|16|175|250|73|296|4S|E|11|DJ
8|16|9|298|61|301|4S|W|13|H7
8|16|187|18|24|59|5D|S|7|HK
8|17|201|84|266|169|2H|N|10|D4
8|17|160|11|146|283|3D|E|10|CT
8|17|207|204|263|110|2H|N|8|S5
8|17|5|219|119|217|3N|N|10|C7
8|17|216|297|10|220|2H|N|8|SA
8|17|109|43|135|232|3H|S|8|DT
8|17|250|156|296|69|4H|S|8|C6
8|17|248|273|280|295|2H|S|8|D9
8|17|26|298|213|301|2H|N|8|CA
8|17|187|18|24|59|2H|N|8|D6
8|18|201|84|266|169|3N|E|9|C9
8|18|160|11|146|283|3N|E|9|C9
8|18|207|204|263|110|5D|E|10|CT
8|18|5|219|119|217|3N|E|9|S5
8|18|216|297|10|220|5D|W|11|C2
8|18|109|43|135|232|3N|E|8|S6
8|18|250|156|296|69|3N|E|10|S6
8|18|248|273|280|295|3N|E|10|CT
8|18|26|298|213|301|3N|E|11|CT
8|18|187|18|24|59|3N|E|9|S6
8|19|201|84|266|169|3D|N|9|H9
8|19|160|11|146|283|4C|W|10|D6
8|19|207|204|263|110|3C|W|10|S6
8|19|5|219|119|217|3SX|N|9|CQ
8|19|216|297|10|220|3C|W|10|H4
8|19|109|43|135|232|3S|S|8|CQ
8|19|250|156|296|69|3S|S|9|CQ
8|19|248|273|280|295|3S|S|8|CJ
8|19|26|298|213|301|2S|S|9|CQ
8|19|187|18|24|59|3S|S|7|CQ
8|2|201|84|266|169|2S|N|9|HQ
8|2|160|11|146|283|3S|N|8|HA
8|2|116|204|171|110|2SX|N|9|HQ
8|2|5|207|119|263|4S|N|8|HA
8|2|216|297|191|220|2S|N|9|HA
8|2|109|43|135|232|2N|E|6|S5
8|2|103|156|118|69|3S|N|9|HK
8|2|175|250|73|296|3C|E|8|S4
8|2|9|298|61|301|2S|N|9|HK
8|2|187|18|24|59|3S|N|8|HA
8|20|201|84|266|169|3D|N|8|HQ
8|20|160|11|146|283|3D|N|7|HQ
8|20|207|204|263|110|5D|N|8|HQ
8|20|5|219|119|217|3N|S|7|H6
8|20|216|297|10|220|3N|N|7|HQ
8|20|109|43|135|232|3N|S|7|H6
8|20|250|156|296|69|5D|N|7|HQ
8|20|248|273|280|295|5D|N|8|HQ
8|20|26|298|213|301|2D|N|7|HQ
8|20|187|18|24|59|5D|N|7|HQ
8|21|201|84|266|169|2C|N|5|DQ
8|21|160|11|146|283|2S|E|8|DT
8|21|207|204|263|110|3S|E|8|DT
8|21|5|219|119|217|4CX|W|8|S5
8|21|216|297|10|220|2C|N|5|DA
8|21|109|43|135|232|3N|W|8|S5
8|21|250|156|296|69|4H|E|7|DT
8|21|248|273|280|295|3S|E|8|H7
8|21|26|298|213|301|3H|E|8|SK
8|21|187|18|24|59|2S|E|9|DT
8|22|201|84|266|169|3D|E|9|SA
8|22|160|11|146|283|3D|E|10|CK
8|22|207|204|263|110|3D|E|11|D7
8|22|5|219|119|217|5DX|E|10|CK
8|22|216|297|10|220|3N|W|5|SJ
8|22|109|43|135|232|3S|S|7|D5
8|22|250|156|296|69|3N|W|7|SJ
8|22|248|273|280|295|3S|S|7|D5
8|22|26|298|213|301|3D|E|11|DT
8|22|187|18|24|59|3D|E|9|SA
8|23|201|84|266|169|3N|N|10|ST
8|23|160|11|146|283|4S|S|10|H3
8|23|207|204|263|110|4S|S|10|H3
8|23|5|219|119|217|4S|S|10|S2
8|23|216|297|10|220|5S|S|10|H8
8|23|109|43|135|232|4S|S|10|H8
8|23|250|156|296|69|4S|S|11|H3
8|23|248|273|280|295|4S|S|11|S2
8|23|26|298|213|301|4S|S|11|H3
8|23|187|18|24|59|3HX|E|7|H5
8|24|201|84|266|169|4S|W|10|C9
8|24|160|11|146|283|4S|W|10|C9
8|24|207|204|263|110|4S|E|9|HT
8|24|5|219|119|217|4S|W|10|C2
8|24|216|297|10|220|2S|W|10|SJ
8|24|109|43|135|232|4S|E|10|D2
8|24|250|156|296|69|4S|E|9|HT
8|24|248|273|280|295|4S|W|10|CT
8|24|26|298|213|301|4S|W|10|C5
8|24|187|18|24|59|3S|E|10|D3
8|25|201|84|266|169|2H|S|9|D2
8|25|160|11|146|283|1N|E|7|S5
8|25|207|204|263|110|2H|N|8|C2
8|25|5|219|119|217|2S|N|8|C2
8|25|216|297|10|220|2S|S|10|S8
8|25|109|43|135|232|2H|S|9|DJ
8|25|250|156|296|69|3H|N|10|SQ
8|25|248|273|280|295|2H|N|8|H5
8|25|26|298|213|301|2H|S|10|D3
8|25|187|18|24|59|3C|E|7|HT
8|26|201|84|266|169|2H|W|8|H6
8|26|160|11|146|283|2H|W|8|H2
8|26|207|204|263|110|3H|E|9|H3
8|26|5|219|119|217|2H|E|8|C2
8|26|216|297|10|220|3H|W|9|DQ
8|26|109|43|135|232|2H|E|8|C6
8|26|250|156|296|69|3H|W|9|DQ
8|26|248|273|280|295|2H|W|9|H2
8|26|26|298|213|301|3H|E|8|C5
8|26|187|18|24|59|3H|W|9|HA
8|27|201|84|266|169|3C|W|9|S6
8|27|160|11|146|283|3H|W|9|D9
8|27|207|204|263|110|2H|W|8|D7
8|27|5|219|119|217|3D|S|7|S8
8|27|216|297|10|220|3D|S|7|H4
8|27|109|43|135|232|4C|E|9|DQ
8|27|250|156|296|69|2H|W|9|D9
8|27|248|273|280|295|3S|N|8|CA
8|27|26|298|213|301|2SX|N|8|HQ
8|27|187|18|24|59|2D|N|9|D5
8|28|201|84|266|169|2H|W|8|H6
8|28|160|11|146|283|1N|W|7|D9
8|28|207|204|263|110|4S|E|9|HQ
8|28|5|219|119|217|4S|W|8|DT
8|28|216|297|10|220|4S|W|8|CK
8|28|109|43|135|232|1N|W|8|DT
8|28|250|156|296|69|3S|E|8|C7
8|28|248|273|280|295|1N|W|7|DT
8|28|26|298|213|301|1N|W|8|C5
8|28|187|18|24|59|1N|W|9|D3
8|29|201|84|266|169|6H|N|12|C2
8|29|160|11|146|283|4H|N|12|SK
8|29|207|204|263|110|6H|N|12|SK
8|29|5|219|119|217|6H|N|12|DT
8|29|216|297|10|220|6H|N|12|DT
8|29|109|43|135|232|4H|N|12|S2
8|29|250|156|296|69|4H|N|12|DT
8|29|248|273|280|295|6H|N|12|C6
8|29|26|298|213|301|6H|N|12|H2
8|29|187|18|24|59|6H|N|12|SK
8|3|201|84|266|169|5C|N|11|D5
8|3|160|11|146|283|3N|S|11|S5
8|3|116|204|171|110|5C|N|11|SA
8|3|5|207|119|263|3N|S|12|S2
8|3|216|297|191|220|3N|N|12|S2
8|3|109|43|135|232|3N|S|11|H8
8|3|103|156|118|69|3N|S|11|H5
8|3|175|250|73|296|3N|S|12|S7
8|3|9|298|61|301|3N|S|11|H6
8|3|187|18|24|59|3N|S|12|S7
8|30|201|84|266|169|4S|E|10|H4
8|30|160|11|146|283|4S|E|10|D7
8|30|207|204|263|110|4S|E|10|H4
8|30|5|219|119|217|3N|E|9|H3
8|30|216|297|10|220|4S|E|10|D7
8|30|109|43|135|232|4S|W|10|D3
8|30|250|156|296|69|4S|E|10|H6
8|30|248|273|280|295|4S|E|10|H6
8|30|26|298|213|301|4S|W|10|D8
8|30|187|18|24|59|4S|W|10|H5
8|31|201|84|266|169|4S|E|8|CK
8|31|160|11|146|283|3S|W|9|C9
8|31|207|204|263|110|3D|W|8|C7
8|31|5|219|119|217|3C|S|11|DA
8|31|216|297|10|220|2C|S|9|H3
8|31|109|43|135|232|5CX|S|9|DA
8|31|250|156|296|69|5DX|W|9|C6
8|31|248|273|280|295|3C|S|9|H3
8|31|26|298|213|301|4D|W|8|C7
8|31|187|18|24|59|5C|S|11|DA
8|32|201|84|266|169|3N|S|8|D2
8|32|160|11|146|283|1N|N|9|HA
8|32|207|204|263|110|4C|N|9|HA
8|32|5|219|119|217|3N|N|8|HA
8|32|216|297|10|220|1N|N|8|HA
8|32|109|43|135|232|3N|N|10|ST
8|32|250|156|296|69|3N|S|6|D5
8|32|248|273|280|295|1N|S|10|S5
8|32|26|298|213|301|1N|N|9|H3
8|32|187|18|24|59|3N|N|9|D9
8|4|201|84|266|169|3N|E|9|H2
8|4|160|11|146|283|3N|E|10|D5
8|4|116|204|171|110|3N|E|9|H7
8|4|5|207|119|263|3N|E|11|S2
8|4|216|297|191|220|3N|E|10|H2
8|4|109|43|135|232|3N|E|11|H3
8|4|103|156|118|69|3N|E|9|H3
8|4|175|250|73|296|3N|E|11|S5
8|4|9|298|61|301|3N|E|9|S5
8|4|187|18|24|59|3N|E|10|H3
8|5|201|84|266|169|3D|E|8|D5
8|5|160|11|146|283|2H|E|6|S3
8|5|116|204|171|110|2H|E|7|HQ
8|5|5|207|119|263|2H|E|7|HQ
8|5|216|297|191|220|2H|E|7|CA
8|5|109|43|135|232|2H|E|7|HQ
8|5|103|156|118|69|2H|E|7|HQ
8|5|175|250|73|296|3C|S|9|H7
8|5|9|298|61|301|2H|E|7|D5
8|5|187|18|24|59|2H|E|8|HQ
8|6|201|84|266|169|4H|S|11|C7
8|6|160|11|146|283|3N|N|10|CK
8|6|116|204|171|110|4H|S|11|ST
8|6|5|207|119|263|4H|S|11|ST
8|6|216|297|191|220|3N|N|11|CK
8|6|109|43|135|232|4H|S|11|C2
8|6|103|156|118|69|4H|S|12|DK
8|6|175|250|73|296|4H|S|11|C6
8|6|9|298|61|301|4H|S|11|DK
8|6|187|18|24|59|3N|N|7|DT
8|7|201|84|266|169|3H|E|13|DT
8|7|160|11|146|283|6H|E|12|CA
8|7|116|204|171|110|6H|E|12|CA
8|7|5|207|119|263|6S|E|12|CA
8|7|216|297|191|220|5S|W|11|CQ
8|7|109|43|135|232|4H|E|13|D6
8|7|103|156|118|69|4H|E|13|S3
8|7|175|250|73|296|4H|E|13|D3
8|7|9|298|61|301|6S|W|11|CQ
8|7|187|18|24|59|6H|E|12|DA
8|8|201|84|266|169|2N|E|8|D2
8|8|160|11|146|283|1N|E|9|S4
8|8|116|204|171|110|1N|E|8|S6
8|8|5|207|119|263|1N|E|9|S5
8|8|216|297|191|220|1N|E|9|DA
8|8|109|43|135|232|1N|E|7|S4
8|8|103|156|118|69|1N|E|9|S4
8|8|175|250|73|296|3C|W|7|SJ
8|8|9|298|61|301|1S|N|8|DQ
8|8|187|18|24|59|1N|E|7|S4
8|9|201|84|266|169|1N|N|8|S2
8|9|160|11|146|283|1N|N|6|S5
8|9|116|204|171|110|1N|N|7|HT
8|9|5|207|119|263|1N|N|7|S5
8|9|216|297|191|220|1N|N|7|S7
8|9|109|43|135|232|2H|W|8|S6
8|9|103|156|118|69|2S|E|8|C2
8|9|175|250|73|296|1N|N|6|S5
8|9|9|298|61|301|1N|N|6|S5
8|9|187|18|24|59|2H|W|7|HK
9|1|160|204|146|110|3N|N|11|S5
9|1|5|84|119|169|3N|N|10|H6
9|1|11|232|283|10|4N|N|11|H6
9|1|216|201|191|266|3N|N|10|C4
9|1|109|273|135|295|3N|N|11|H6
9|1|103|297|118|220|3N|N|11|H6
9|1|248|9|280|61|3N|N|10|S3
9|1|26|175|213|73|3N|N|11|S3
9|1|187|219|24|217|3N|N|10|C5
9|1|116|298|171|301|3N|N|11|H6
9|10|160|204|146|110|3N|E|9|C7
9|10|5|84|119|169|4H|W|8|CJ
9|10|11|232|283|10|3H|W|9|SK
9|10|216|201|191|266|3N|E|8|S8
9|10|109|273|135|295|3H|W|10|D6
9|10|103|297|118|220|2H|W|11|SK
9|10|248|9|280|61|4H|W|9|SK
9|10|26|175|213|73|3H|W|10|CJ
9|10|187|219|24|217|2SX|N|5|H5
9|10|116|298|171|301|4H|W|8|SK
9|11|160|204|146|110|1N|N|6|H2
9|11|5|84|119|169|1N|E|7|H2
9|11|11|232|283|10|1N|E|7|H3
9|11|216|201|191|266|1N|E|7|H3
9|11|109|273|135|295|1N|E|6|H3
9|11|103|297|118|220|1N|E|7|H3
9|11|248|9|280|61|2C|W|9|HK
9|11|26|175|213|73|1N|E|7|H3
9|11|187|219|24|217|1N|N|7|SK
9|11|116|298|171|301|1N|E|7|H5
9|12|160|204|146|110|2H|E|6|C7
9|12|5|84|119|169|3N|N|7|S9
9|12|11|232|283|10|1S|N|8|CQ
9|12|216|201|191|266|2N|N|8|CQ
9|12|109|273|135|295|2N|S|8|SJ
9|12|103|297|118|220|3D|S|8|C8
9|12|248|9|280|61|2S|N|7|CQ
9|12|26|175|213|73|P||0
9|12|187|219|24|217|3N|N|8|H4
9|12|116|298|171|301|1N|N|8|CQ
9|13|160|204|146|110|4H|E|11|SJ
9|13|5|84|119|169|4H|E|11|C6
9|13|11|232|283|10|4H|W|11|SK
9|13|216|201|191|266|4H|E|11|SJ
9|13|109|273|135|295|4H|E|11|SJ
9|13|103|297|118|220|2D|N|7|H2
9|13|248|9|280|61|4H|E|11|SJ
9|13|26|175|213|73|3HX|W|11|HT
9|13|187|219|24|217|4H|W|11|HT
9|13|116|298|171|301|4H|E|11|SJ
9|14|160|204|146|110|3N|S|10|SQ
9|14|5|84|119|169|3N|S|12|D4
9|14|11|232|283|10|3N|N|9|D6
9|14|216|201|191|266|3N|S|10|D4
9|14|109|273|135|295|3N|S|10|DQ
9|14|103|297|118|220|3N|S|9|SQ
9|14|248|9|280|61|3N|N|12|H5
9|14|26|175|213|73|3N|S|9|H2
9|14|187|219|24|217|3N|S|10|C6
9|14|116|298|171|301|3N|S|9|SQ
9|15|160|204|146|110|2H|N|8|DT
9|15|5|84|119|169|5C|E|8|SA
9|15|11|232|283|10|2N|W|7|DA
9|15|216|201|191|266|2S|S|8|C7
9|15|109|273|135|295|2H|S|8|D7
9|15|103|297|118|220|2H|S|7|D8
9|15|248|9|280|61|2D|S|6|C2
9|15|26|175|213|73|2H|S|8|D8
9|15|187|219|24|217|2S|S|7|D2
9|15|116|298|171|301|3NX|W|7|DK
9|16|160|204|146|110|4H|S|9|CQ
9|16|5|84|119|169|4H|S|10|C7
9|16|11|232|283|10|4H|S|10|CQ
9|16|216|201|191|266|3H|S|11|CQ
9|16|109|273|135|295|4H|S|10|CQ
9|16|103|297|118|220|3H|S|8|CQ
9|16|248|9|280|61|4H|S|10|CQ
9|16|26|175|213|73|3D|N|10|CA
9|16|187|219|24|217|4H|S|10|CQ
9|16|116|298|171|301|4H|S|11|CQ
9|17|160|204|146|110|4SX|W|8|D7
9|17|5|84|119|169|3N|S|10|CT
9|17|11|43|283|232|3N|N|8|SJ
9|17|191|201|10|266|2S|W|8|D7
9|17|109|273|135|295|3S|W|8|D7
9|17|103|297|118|220|4SX|W|8|D7
9|17|248|26|280|213|3S|W|8|D5
9|17|18|156|59|69|4SX|W|8|S7
9|17|187|207|24|263|3N|S|9|SK
9|17|116|298|171|301|2S|W|8|HT
9|18|160|204|146|110|3N|S|11|H2
9|18|5|84|119|169|3N|N|10|HJ
9|18|11|43|283|232|5D|S|9|CK
9|18|191|201|10|266|3N|S|9|H2
9|18|109|273|135|295|3N|S|10|H7
9|18|103|297|118|220|3N|S|9|H2
9|18|248|26|280|213|3N|N|10|C3
9|18|18|156|59|69|5D|S|10|CK
9|18|187|207|24|263|3D|S|10|H7
9|18|116|298|171|301|3N|S|10|DJ
9|19|160|204|146|110|1N|E|11|D2
9|19|5|84|119|169|3N|E|11|D6
9|19|11|43|283|232|3N|E|11|D2
9|19|191|201|10|266|3N|E|10|S8
9|19|109|273|135|295|3N|E|9|S8
9|19|103|297|118|220|1N|E|11|D7
9|19|248|26|280|213|1N|W|9|H3
9|19|18|156|59|69|3N|E|9|H8
9|19|187|207|24|263|3N|E|10|S8
9|19|116|298|171|301|3N|E|9|HJ
9|2|160|204|146|110|3N|E|10|HT
9|2|5|84|119|169|3N|E|9|DA
9|2|11|232|283|10|3N|E|9|DA
9|2|216|201|191|266|3N|W|10|S4
9|2|109|273|135|295|3N|E|9|HT
9|2|103|297|118|220|3N|E|9|HJ
9|2|248|9|280|61|3N|E|10|DA
9|2|26|175|213|73|3N|E|10|DA
9|2|187|219|24|217|3N|W|9|S4
9|2|116|298|171|301|3N|E|9|S8
9|20|160|204|146|110|2S|E|11|DQ
9|20|5|84|119|169|4S|E|8|S3
9|20|11|43|283|232|2H|E|9|DK
9|20|191|201|10|266|3S|E|11|DK
9|20|109|273|135|295|3S|E|8|S4
9|20|103|297|118|220|2S|E|11|DK
9|20|248|26|280|213|3S|E|10|DK
9|20|18|156|59|69|4S|E|8|S3
9|20|187|207|24|263|4S|E|9|S3
9|20|116|298|171|301|4S|E|9|DK
9|21|160|204|146|110|2S|E|9|D9
9|21|5|84|119|169|3H|S|9|C6
9|21|11|43|283|232|3H|N|9|C2
9|21|191|201|10|266|3D|N|9|SJ
9|21|109|273|135|295|2S|E|8|DT
9|21|103|297|118|220|2H|N|8|D5
9|21|248|26|280|213|3S|W|8|H2
9|21|18|156|59|69|2H|S|8|D6
9|21|187|207|24|263|2S|E|8|DT
9|21|116|298|171|301|3H|S|9|D6
9|22|160|204|146|110|4H|S|10|S2
9|22|5|84|119|169|3N|N|7|D9
9|22|11|43|283|232|4H|S|10|DQ
9|22|191|201|10|266|4H|S|10|DQ
9|22|109|273|135|295|3N|S|9|S5
9|22|103|297|118|220|4H|N|8|S5
9|22|248|26|280|213|3H|S|10|DQ
9|22|18|156|59|69|4H|S|10|C9
9|22|187|207|24|263|4H|S|10|DQ
9|22|116|298|171|301|4H|S|10|C4
9|23|160|204|146|110|4H|S|11|C2
9|23|5|84|119|169|4H|S|11|C2
9|23|11|43|283|232|4H|S|11|C2
9|23|191|201|10|266|4H|S|11|C2
9|23|109|273|135|295|4H|N|11|CT
9|23|103|297|118|220|4H|S|11|C2
9|23|248|26|280|213|4H|N|11|SJ
9|23|18|156|59|69|4H|S|11|C3
9|23|187|207|24|263|4H|S|11|C2
9|23|116|298|171|301|4H|S|11|C2
9|24|160|204|146|110|3D|N|8|DA
9|24|5|84|119|169|3D|N|8|C2
9|24|11|43|283|232|2H|W|8|DQ
9|24|191|201|10|266|2S|E|8|HQ
9|24|109|273|135|295|3D|N|8|DA
9|24|103|297|118|220|3D|N|8|C9
9|24|248|26|280|213|4C|W|8|DQ
9|24|18|156|59|69|2N|N|7|SJ
9|24|187|207|24|263|2H|W|8|HA
9|24|116|298|171|301|2H|W|8|DQ
9|25|160|204|146|110|4H|E|11|H8
9|25|5|84|119|169|4HX|W|10|C3
9|25|11|43|283|232|4H|W|10|ST
9|25|191|201|10|266|4H|W|10|ST
9|25|109|273|135|295|4H|W|10|C7
9|25|103|297|118|220|4H|W|11|HT
9|25|18|156|59|69|4H|W|11|D7
9|25|187|207|24|263|4H|E|10|H8
9|25|116|298|171|301|4H|W|10|S2
9|26|160|204|146|110|2S|E|6|DK
9|26|5|84|119|169|2S|E|7|DK
9|26|11|43|283|232|2S|E|6|DK
9|26|191|201|10|266|2S|E|6|DK
9|26|109|273|135|295|3D|N|8|HK
9|26|103|297|118|220|2S|W|5|DK
9|26|248|26|280|213|2S|E|6|DK
9|26|18|156|59|69|3H|S|8|HJ
9|26|187|207|24|263|2S|N|7|HA
9|26|116|298|171|301|2SXX|E|6|H6
9|27|160|204|146|110|4S|E|10|DJ
9|27|5|84|119|169|3S|E|10|H8
9|27|11|43|283|232|4S|E|10|H8
9|27|191|201|10|266|4S|E|10|H4
9|27|109|273|135|295|3S|E|10|DJ
9|27|103|297|118|220|4S|E|10|DJ
9|27|248|26|280|213|4S|W|10|S7
9|27|18|156|59|69|4S|E|10|H4
9|27|187|207|24|263|4S|E|10|DJ
9|27|116|298|171|301|4S|E|11|CQ
9|28|160|204|146|110|3N|S|10|DJ
9|28|5|84|119|169|3N|S|11|C4
9|28|11|43|283|232|3N|S|11|S9
9|28|191|201|10|266|4H|S|11|C2
9|28|109|273|135|295|3N|S|11|DJ
9|28|103|297|118|220|3N|S|10|DJ
9|28|248|26|280|213|3N|S|12|H8
9|28|18|156|59|69|3N|S|10|H9
9|28|187|207|24|263|5C|S|11|C2
9|28|116|298|171|301|3N|S|11|DJ
9|29|160|204|146|110|3N|E|10|H8
9|29|5|84|119|169|4H|E|10|S2
9|29|11|43|283|232|3N|E|8|C2
9|29|191|201|10|266|3N|E|10|H5
9|29|109|273|135|295|3N|E|10|H5
9|29|103|297|118|220|3N|E|10|H8
9|29|248|26|280|213|3N|W|9|D7
9|29|18|156|59|69|3N|E|9|C2
9|29|187|207|24|263|3N|E|10|C2
9|29|116|298|171|301|3N|W|9|D2
9|3|160|204|146|110|4S|S|8|HK
9|3|5|84|119|169|3S|S|9|HK
9|3|11|232|283|10|4S|N|9|H2
9|3|216|201|191|266|2S|N|9|DJ
9|3|109|273|135|295|4S|S|9|HQ
9|3|103|297|118|220|4S|N|8|H6
9|3|248|9|280|61|2S|N|10|H7
9|3|26|175|213|73|4S|S|8|S3
9|3|187|219|24|217|4S|S|10|CA
9|3|116|298|171|301|4S|N|9|HK
9|30|160|204|146|110|3H|N|10|D6
9|30|5|84|119|169|4H|N|10|CK
9|30|11|43|283|232|2H|N|10|DT
9|30|191|201|10|266|4H|N|10|CK
9|30|109|273|135|295|4H|S|10|H3
9|30|103|297|118|220|4H|N|10|CK
9|30|248|26|280|213|4H|S|10|S6
9|30|18|156|59|69|4S|S|10|CK
9|30|187|207|24|263|4S|N|10|CK
9|30|116|298|171|301|1N|N|7|C3
9|31|160|204|146|110|3N|W|7|SQ
9|31|5|84|119|169|3N|E|7|S7
9|31|11|43|283|232|3N|E|6|H3
9|31|191|201|10|266|3N|E|11|D9
9|31|109|273|135|295|3N|E|6|S8
9|31|103|297|118|220|3N|E|7|SQ
9|31|248|26|280|213|3N|E|6|H3
9|31|18|156|59|69|3N|W|7|SQ
9|31|187|207|24|263|3N|E|11|H6
9|31|116|298|171|301|1N|W|6|SQ
9|32|160|204|146|110|5C|W|11|H3
9|32|5|84|119|169|3N|E|9|HJ
9|32|11|43|283|232|3N|E|9|DA
9|32|191|201|10|266|3N|E|9|HJ
9|32|109|273|135|295|3C|W|11|D9
9|32|103|297|118|220|3C|W|12|C7
9|32|248|26|280|213|4S|E|11|DA
9|32|18|156|59|69|5C|W|11|DT
9|32|187|207|24|263|2C|W|11|D9
9|32|116|298|171|301|4S|E|11|DA
9|4|160|204|146|110|2C|E|10|D5
9|4|5|84|119|169|2C|S|5|HT
9|4|11|232|283|10|3C|W|7|S7
9|4|216|201|191|266|3N|W|9|S7
9|4|109|273|135|295|3H|N|7|C7
9|4|103|297|118|220|3H|N|8|C8
9|4|248|9|280|61|1N|W|7|H5
9|4|26|175|213|73|3C|W|9|S6
9|4|187|219|24|217|1N|E|7|H4
9|4|116|298|171|301|3D|E|10|H6
9|5|160|204|146|110|6N|N|12|C9
9|5|5|84|119|169|6N|N|12|C9
9|5|11|232|283|10|6N|N|12|C6
9|5|216|201|191|266|3N|N|12|C8
9|5|109|273|135|295|6N|N|12|D9
9|5|103|297|118|220|3N|N|12|SK
9|5|248|9|280|61|6N|N|12|C9
9|5|26|175|213|73|6N|N|12|C9
9|5|187|219|24|217|6N|N|12|DT
9|5|116|298|171|301|6N|N|12|C9
9|6|160|204|146|110|3N|E|8|C6
9|6|5|84|119|169|1N|E|8|C2
9|6|11|232|283|10|2H|N|8|DK
9|6|216|201|191|266|3N|E|9|S3
9|6|109|273|135|295|2N|E|8|C6
9|6|103|297|118|220|2N|E|8|C6
9|6|248|9|280|61|3N|E|6|H7
9|6|26|175|213|73|2N|E|8|C6
9|6|187|219|24|217|3N|E|6|H3
9|6|116|298|171|301|1N|E|8|C3
9|7|160|204|146|110|4H|E|12|S5
9|7|5|84|119|169|4H|E|11|C8
9|7|11|232|283|10|4H|E|12|S4
9|7|216|201|191|266|4H|E|11|C6
9|7|109|273|135|295|4H|E|11|C6
9|7|103|297|118|220|4H|E|11|CQ
9|7|248|9|280|61|4H|E|12|DQ
9|7|26|175|213|73|4H|E|11|C6
9|7|187|219|24|217|4H|E|11|C7
9|7|116|298|171|301|4H|E|11|S4
9|8|160|204|146|110|2S|E|9|DJ
9|8|5|84|119|169|3S|W|9|DA
9|8|11|232|283|10|4S|W|9|DA
9|8|216|201|191|266|4S|W|9|DA
9|8|109|273|135|295|3S|W|9|DA
9|8|103|297|118|220|4S|E|9|DJ
9|8|248|9|280|61|4C|S|9|HJ
9|8|26|175|213|73|4S|W|9|DK
9|8|187|219|24|217|3S|W|9|DA
9|8|116|298|171|301|4S|W|9|DK
9|9|160|204|146|110|3S|W|8|HT
9|9|5|84|119|169|2S|W|8|D2
9|9|11|232|283|10|2S|E|8|DQ
9|9|216|201|191|266|2S|E|8|DQ
9|9|109|273|135|295|3S|E|9|DQ
9|9|103|297|118|220|2S|E|8|DQ
9|9|248|9|280|61|2S|W|8|HJ
9|9|26|175|213|73|2S|E|8|DQ
9|9|187|219|24|217|3S|W|9|S9
9|9|116|298|171|301|2S|E|8|DQ
