1|1|65|68|15|258|3D|E|8|C8
1|1|221|139|194|152|3CX|N|6|DK
1|1|225|78|280|43|3D|E|8|C8
1|1|51|150|270|28|2N|E|10|HJ
1|1|195|22|17|267|3C|N|8|DK
1|1|120|200|177|305|3NX|W|7|CK
1|1|312|247|23|94|2S|N|8|HQ
1|1|241|71|208|224|3N|E|7|C8
1|1|215|277|81|188|3D|E|8|C8
1|1|69|240|306|166|2H|S|9|C3
1|10|65|68|15|258|3N|E|8|S2
1|10|221|139|194|152|3N|E|8|S2
1|10|225|78|280|43|3N|E|8|S4
1|10|51|150|270|28|3N|E|8|S4
1|10|195|22|17|267|3N|E|8|S9
1|10|120|200|177|305|3N|E|8|ST
1|10|312|247|23|94|3N|E|8|S2
1|10|241|71|208|224|3N|E|8|S4
1|10|215|277|81|188|3N|E|8|ST
1|10|69|240|306|166|3N|E|8|S4
1|11|65|68|15|258|2S|S|9|HK
1|11|221|139|194|152|2S|S|8|HK
1|11|225|78|280|43|2S|N|8|C9
1|11|51|150|270|28|2S|N|11|S2
1|11|195|22|17|267|2S|N|9|DA
1|11|120|200|177|305|2S|S|7|HK
1|11|312|247|23|94|2S|N|9|C3
1|11|241|71|208|224|4S|N|9|C3
1|11|215|277|81|188|2S|N|8|C7
1|11|69|240|306|166|2S|N|9|DA
1|12|65|68|15|258|5CX|E|9|SK
1|12|221|139|194|152|5SX|N|11|CK
1|12|225|78|280|43|3HX|W|9|SQ
1|12|51|150|270|28|4S|S|11|CT
1|12|120|200|177|305|5HX|W|8|DQ
1|12|312|247|23|94|4S|S|11|CT
1|12|241|71|208|224|5H|W|8|SQ
1|12|215|277|81|188|5S|N|11|CA
1|12|69|240|306|166|4S|S|11|CT
1|13|65|68|15|258|3C|E|8|DQ
1|13|221|139|194|152|3D|E|10|CJ
1|13|225|78|280|43|2S|S|10|D3
1|13|51|150|270|28|2S|S|7|H2
1|13|195|22|17|267|2S|S|7|DT
1|13|120|200|177|305|2S|S|8|S2
1|13|312|247|23|94|3S|S|8|DT
1|13|241|71|208|224|3D|E|10|CJ
1|13|215|277|81|188|2S|S|7|H2
1|13|69|240|306|166|3D|E|10|C5
1|14|65|68|15|258|3S|E|9|HT
1|14|221|139|194|152|3S|W|9|HA
1|14|225|78|280|43|3S|W|9|HK
1|14|51|150|270|28|3S|E|9|HT
1|14|195|22|17|267|3D|S|7|SK
1|14|120|200|177|305|3D|N|6|SJ
1|14|312|247|23|94|2S|W|9|HK
1|14|241|71|208|224|2S|E|9|HT
1|14|215|277|81|188|3D|N|8|SJ
1|14|69|240|306|166|3S|W|9|HK
1|15|65|68|15|258|3N|W|10|D2
1|15|221|139|194|152|3N|E|10|CQ
1|15|225|78|280|43|3N|W|12|DJ
1|15|51|150|270|28|3N|W|10|SJ
1|15|195|22|17|267|4N|E|11|D3
1|15|120|200|177|305|3N|E|11|HT
1|15|312|247|23|94|3N|W|11|SJ
1|15|241|71|208|224|3N|E|12|CQ
1|15|215|277|81|188|3N|W|10|C2
1|15|69|240|306|166|3N|W|10|H4
1|16|65|68|15|258|4H|S|10|CA
1|16|221|139|194|152|4S|S|11|CA
1|16|225|78|280|43|4S|S|11|CA
1|16|51|150|270|28|4S|S|11|CA
1|16|195|22|17|267|4S|S|10|CA
1|16|120|200|177|305|4S|S|11|CA
1|16|312|247|23|94|4S|S|11|CA
1|16|241|71|208|224|3D|N|11|S7
1|16|215|277|81|188|3S|S|10|CK
1|16|69|240|306|166|4S|S|11|CA
1|17|160|196|52|209|4D|E|8|HQ
1|17|221|139|194|152|1C|N|7|H2
1|17|225|78|280|43|2S|S|8|CA
1|17|51|2|270|4|4D|E|9|HQ
1|17|195|310|17|24|3D|E|9|HQ
1|17|120|200|177|305|3S|N|7|CQ
1|17|312|247|23|94|2S|S|7|CA
1|17|72|31|67|3|4D|E|10|HQ
1|17|86|277|186|188|3S|N|7|CQ
1|17|69|240|306|166|2S|S|8|CA
1|18|160|196|52|209|2N|N|9|H4
1|18|221|139|194|152|3C|N|10|SJ
1|18|225|78|280|43|3N|N|9|SJ
1|18|51|2|270|4|3N|N|12|H4
1|18|195|310|17|24|3N|N|9|SJ
1|18|120|200|177|305|3N|S|9|S7
1|18|312|247|23|94|3N|N|9|H4
1|18|72|31|67|3|2N|N|9|SJ
1|18|86|277|186|188|3N|N|9|H4
1|18|69|240|306|166|3N|N|9|SJ
1|19|160|196|52|209|6H|E|13|CQ
1|19|221|139|194|152|6N|E|12|CQ
1|19|225|78|280|43|6H|E|13|S6
1|19|51|2|270|4|6N|W|12|C8
1|19|195|310|17|24|4H|E|13|S9
1|19|120|200|177|305|6D|W|12|C8
1|19|312|247|23|94|7H|E|13|CQ
1|19|72|31|67|3|3N|W|12|C8
1|19|86|277|186|188|7H|E|13|CQ
1|19|69|240|306|166|6H|E|13|CQ
1|2|65|68|15|258|3C|S|9|HA
1|2|221|139|194|152|4H|W|10|CA
1|2|225|78|280|43|3C|S|9|HA
1|2|51|150|270|28|4H|W|10|CA
1|2|195|22|17|267|3H|W|11|CA
1|2|120|200|177|305|4H|W|11|CA
1|2|312|247|23|94|3C|S|9|HA
1|2|241|71|208|224|4H|W|11|DJ
1|2|215|277|81|188|3H|W|11|CA
1|2|69|240|306|166|4H|W|11|CA
1|20|160|196|52|209|3N|W|9|H3
1|20|221|139|194|152|3N|E|9|HT
1|20|225|78|280|43|3N|W|9|H3
1|20|51|2|270|4|3N|W|9|SK
1|20|195|310|17|24|5C|W|11|SK
1|20|120|200|177|305|3N|W|9|H3
1|20|312|247|23|94|3N|W|9|SQ
1|20|72|31|67|3|3N|E|9|HT
1|20|86|277|186|188|3N|W|9|H3
1|20|69|240|306|166|3N|W|9|SK
1|21|160|196|52|209|3H|E|2|DJ
1|21|221|139|194|152|3N|S|9|C8
1|21|225|78|280|43|3CX|W|5|C4
1|21|51|2|270|4|3N|S|9|C5
1|21|195|310|17|24|4S|N|7|C3
1|21|120|200|177|305|1N|S|8|H5
1|21|312|247|23|94|2HX|E|4|ST
1|21|72|31|67|3|3N|S|8|H5
1|21|86|277|186|188|3D|E|4|CK
1|21|69|240|306|166|3N|N|9|C9
1|22|160|196|52|209|1N|W|7|H3
1|22|221|139|194|152|2N|E|10|S5
1|22|225|78|280|43|2N|E|8|S7
1|22|51|2|270|4|3N|E|7|S7
1|22|195|310|17|24|1N|W|6|H3
1|22|120|200|177|305|3S|S|8|DK
1|22|312|247|23|94|1N|W|6|HT
1|22|72|31|67|3|4D|W|8|S6
1|22|86|277|186|188|3N|E|8|S7
1|22|69|240|306|166|3N|E|7|S3
1|23|160|196|52|209|3N|N|9|S3
1|23|221|139|194|152|3N|S|10|SK
1|23|225|78|280|43|3N|N|9|S3
1|23|51|2|270|4|3N|N|9|S3
1|23|195|310|17|24|3N|S|13|H3
1|23|120|200|177|305|3N|S|10|SK
1|23|312|247|23|94|5D|N|13|D3
1|23|72|31|67|3|3N|N|9|S3
1|23|86|277|186|188|3N|S|9|SK
1|23|69|240|306|166|4D|N|12|SA
1|24|160|196|52|209|3D|S|11|C4
1|24|221|139|194|152|1N|E|3|D2
1|24|225|78|280|43|3N|N|11|CT
1|24|51|2|270|4|3D|N|10|DQ
1|24|195|310|17|24|3H|N|10|SK
1|24|120|200|177|305|1N|N|9|C8
1|24|312|247|23|94|4H|N|10|SK
1|24|72|31|67|3|2D|N|11|SK
1|24|86|277|186|188|2D|S|11|C2
1|24|69|240|306|166|3N|N|11|CT
1|25|160|196|52|209|3D|W|9|H7
1|25|221|139|194|152|2S|N|7|H6
1|25|225|78|280|43|3S|N|8|H6
1|25|51|2|270|4|3H|W|7|SA
1|25|195|310|17|24|3D|E|10|D2
1|25|120|200|177|305|2H|W|7|DT
1|25|312|247|23|94|3D|W|8|H2
1|25|72|31|67|3|2H|W|7|DT
1|25|86|277|186|188|2S|N|7|H6
1|25|69|240|306|166|3D|E|8|S8
1|26|160|196|52|209|4S|S|11|CK
1|26|221|139|194|152|5SX|S|11|HK
1|26|225|78|280|43|4SX|S|11|CK
1|26|51|2|270|4|4SX|S|11|CK
1|26|195|310|17|24|4S|S|11|CK
1|26|120|200|177|305|4SX|S|11|CK
1|26|312|247|23|94|5CX|E|9|HA
1|26|72|31|67|3|4S|S|11|CK
1|26|86|277|186|188|4SX|S|11|CK
1|26|69|240|306|166|4S|S|11|CK
1|27|160|196|52|209|4H|N|10|DK
1|27|221|139|194|152|2S|N|9|DK
1|27|225|78|280|43|4S|S|9|H2
1|27|51|2|270|4|4S|N|9|DK
1|27|195|310|17|24|4H|N|8|S8
1|27|120|200|177|305|3N|N|9|DK
1|27|312|247|23|94|4S|N|8|DK
1|27|72|31|67|3|4S|N|9|DK
1|27|86|277|186|188|4S|S|8|D5
1|27|69|240|306|166|4S|S|9|D6
1|28|160|196|52|209|3H|W|9|H4
1|28|221|139|194|152|3S|N|9|DQ
1|28|225|78|280|43|1N|E|8|D3
1|28|51|2|270|4|2H|W|9|D7
1|28|195|310|17|24|4H|W|8|S2
1|28|120|200|177|305|4H|W|8|ST
1|28|312|247|23|94|4H|W|8|D4
1|28|72|31|67|3|3SX|N|8|DQ
1|28|86|277|186|188|3H|W|8|S2
1|28|69|240|306|166|3S|S|9|HK
1|29|160|196|52|209|1H|N|8|DA
1|29|221|139|194|152|3H|S|9|CK
1|29|225|78|280|43|1N|S|8|H3
1|29|51|2|270|4|2H|S|9|CK
1|29|195|310|17|24|2H|N|6|S4
1|29|120|200|177|305|3H|N|9|S6
1|29|312|247|23|94|1HX|W|4|DK
1|29|72|31|67|3|2CX|E|7|DQ
1|29|86|277|186|188|2C|E|10|DQ
1|29|69|240|306|166|2S|S|9|DT
1|3|65|68|15|258|2S|W|10|H8
1|3|221|139|194|152|3H|E|11|CA
1|3|225|78|280|43|4H|E|7|CK
1|3|51|150|270|28|1S|W|9|H7
1|3|195|22|17|267|2S|W|9|H8
1|3|120|200|177|305|2S|W|9|H7
1|3|312|247|23|94|3H|E|9|CK
1|3|241|71|208|224|5CX|S|9|SA
1|3|215|277|81|188|3C|S|8|SA
1|3|69|240|306|166|3H|E|10|CK
1|30|160|196|52|209|3C|E|9|SK
1|30|221|139|194|152|4S|S|9|S4
1|30|225|78|280|43|3H|S|9|C2
1|30|51|2|270|4|3N|N|7|CT
1|30|195|310|17|24|3C|E|8|SA
1|30|120|200|177|305|2D|N|8|ST
1|30|312|247|23|94|2S|S|8|C2
1|30|72|31|67|3|4CX|E|8|SK
1|30|86|277|186|188|3N|N|8|CT
1|30|69|240|306|166|3H|S|8|C2
1|31|160|196|52|209|2S|E|8|HK
1|31|221|139|194|152|2H|S|9|D6
1|31|225|78|280|43|2C|S|9|C4
1|31|51|2|270|4|3H|S|9|DT
1|31|195|310|17|24|2C|S|7|C4
1|31|120|200|177|305|3H|S|9|SQ
1|31|312|247|23|94|3H|S|9|SQ
1|31|72|31|67|3|3H|S|9|DT
1|31|86|277|186|188|2S|E|8|HK
1|31|69|240|306|166|2H|S|9|D6
1|32|160|196|52|209|4S|N|10|DA
1|32|221|139|194|152|4S|N|10|DK
1|32|225|78|280|43|4S|N|10|DA
1|32|51|2|270|4|4S|N|10|DK
1|32|195|310|17|24|4S|N|10|DK
1|32|120|200|177|305|4S|N|10|DA
1|32|312|247|23|94|4S|N|10|DA
1|32|72|31|67|3|4S|N|10|DA
1|32|86|277|186|188|4S|N|10|DK
1|32|69|240|306|166|4S|N|10|DK
1|4|65|68|15|258|3D|E|8|HA
1|4|221|139|194|152|3C|W|10|HK
1|4|225|78|280|43|3C|W|10|H4
1|4|51|150|270|28|3C|W|10|H4
1|4|195|22|17|267|3C|W|11|H2
1|4|120|200|177|305|3C|W|9|HK
1|4|312|247|23|94|2S|W|7|DJ
1|4|241|71|208|224|4C|W|9|H2
1|4|215|277|81|188|3N|E|10|HQ
1|4|69|240|306|166|4C|W|10|H4
1|5|65|68|15|258|4H|S|11|CA
1|5|221|139|194|152|4H|S|11|CA
1|5|225|78|280|43|4H|S|11|CA
1|5|51|150|270|28|4H|S|11|CA
1|5|195|22|17|267|4H|N|11|CQ
1|5|120|200|177|305|4H|S|11|CA
1|5|312|247|23|94|4H|S|11|CA
1|5|241|71|208|224|4H|N|11|CQ
1|5|215|277|81|188|4H|N|11|CQ
1|5|69|240|306|166|4H|S|11|CA
1|6|65|68|15|258|2S|W|10|HA
1|6|221|139|194|152|2S|W|10|HA
1|6|225|78|280|43|2S|W|9|HK
1|6|51|150|270|28|2S|W|10|D2
1|6|195|22|17|267|2S|W|10|HA
1|6|120|200|177|305|2S|W|10|S3
1|6|312|247|23|94|2S|W|9|HA
1|6|241|71|208|224|5C|E|10|HQ
1|6|215|277|81|188|2S|E|9|HQ
1|6|69|240|306|166|2S|W|9|HA
1|7|65|68|15|258|1N|S|6|D4
1|7|221|139|194|152|2S|S|9|D4
1|7|225|78|280|43|2S|S|9|D8
1|7|51|150|270|28|3S|S|9|H2
1|7|195|22|17|267|1N|S|5|D2
1|7|120|200|177|305|4S|S|9|H2
1|7|312|247|23|94|3S|S|9|D8
1|7|241|71|208|224|3S|S|9|H2
1|7|215|277|81|188|3S|S|9|D5
1|7|69|240|306|166|3S|S|8|D4
1|8|65|68|15|258|3S|W|10|S3
1|8|221|139|194|152|3H|S|8|SA
1|8|225|78|280|43|5HX|S|8|SA
1|8|51|150|270|28|3S|W|11|HT
1|8|195|22|17|267|4H|S|8|SA
1|8|120|200|177|305|2S|W|10|HT
1|8|312|247|23|94|4H|S|8|SA
1|8|241|71|208|224|4SX|W|11|HT
1|8|215|277|81|188|3S|W|11|H6
1|8|69|240|306|166|4H|S|8|SA
1|9|65|68|15|258|3N|N|9|H6
1|9|221|139|194|152|1N|N|7|H6
1|9|225|78|280|43|3D|S|8|HJ
1|9|51|150|270|28|3D|N|9|D9
1|9|195|22|17|267|3D|N|9|H6
1|9|120|200|177|305|3N|N|7|H2
1|9|312|247|23|94|3N|N|8|H2
1|9|241|71|208|224|3D|S|8|CA
1|9|215|277|81|188|1N|N|7|H2
1|9|69|240|306|166|4D|S|8|HJ
2|1|51|160|5|52|4H|S|10|C2
2|1|65|78|15|43|4H|S|10|C9
2|1|22|150|267|28|4H|S|11|DT
2|1|2|310|4|24|4H|S|10|C8
2|1|72|200|67|305|4H|S|11|DT
2|1|195|241|17|208|4H|S|11|DT
2|1|69|31|306|3|4H|S|10|C2
2|1|71|277|224|188|4H|S|10|DT
2|1|68|86|258|186|3N|N|10|D5
2|1|215|196|81|209|2H|S|10|D9
2|10|51|160|5|52|4H|E|11|C9
2|10|65|78|15|43|4H|W|10|CQ
2|10|22|150|267|28|4H|W|11|CQ
2|10|2|310|4|24|4H|E|11|C9
2|10|72|200|67|305|4H|W|9|CQ
2|10|195|241|17|208|4H|E|11|C9
2|10|69|31|306|3|4H|E|10|C9
2|10|71|277|224|188|4H|W|10|CQ
2|10|68|86|258|186|4H|W|10|CQ
2|10|215|196|81|209|4H|E|10|C9
2|11|51|160|5|52|3N|W|7|D2
2|11|65|78|15|43|3N|W|7|ST
2|11|22|150|267|28|3C|W|10|D6
2|11|2|310|4|24|5C|E|9|DT
2|11|72|200|67|305|4H|W|7|C6
2|11|195|241|17|208|4H|W|7|H6
2|11|69|31|306|3|3N|E|6|DT
2|11|71|277|224|188|1H|W|7|C3
2|11|68|86|258|186|2H|W|10|D6
2|11|215|196|81|209|3N|W|6|ST
2|12|51|160|5|52|4H|W|10|D3
2|12|65|78|15|43|3N|E|9|D6
2|12|22|150|267|28|4H|W|10|SA
2|12|2|310|4|24|4H|W|10|D3
2|12|72|200|67|305|4H|W|10|D3
2|12|195|241|17|208|4H|W|10|D3
2|12|69|31|306|3|4H|W|11|D3
2|12|71|277|224|188|3N|E|10|SJ
2|12|68|86|258|186|3N|E|10|SJ
2|12|215|196|81|209|4H|W|10|D3
2|13|51|160|5|52|6S|E|13|DQ
2|13|65|78|15|43|4S|E|12|H3
2|13|22|150|267|28|5S|E|12|H3
2|13|2|310|4|24|5S|E|12|HT
2|13|72|200|67|305|5S|E|13|DQ
2|13|195|241|17|208|5S|E|12|HT
2|13|69|31|306|3|5S|E|13|DQ
2|13|71|277|224|188|6HX|N|7|S4
2|13|68|86|258|186|5S|W|12|HA
2|13|215|196|81|209|5S|E|12|HT
2|14|51|160|5|52|4H|S|8|D7
2|14|65|78|15|43|4H|N|8|DQ
2|14|22|150|267|28|3H|S|9|S5
2|14|2|310|4|24|4H|S|9|D7
2|14|72|200|67|305|4H|S|8|D8
2|14|195|241|17|208|4H|S|9|D8
2|14|69|31|306|3|5H|S|8|S5
2|14|71|277|224|188|3S|E|9|H2
2|14|68|86|258|186|P||0
2|14|215|196|81|209|4H|S|8|D7
2|15|51|160|5|52|4H|N|10|DK
2|15|65|78|15|43|4H|N|9|DK
2|15|22|150|267|28|4H|N|9|DK
2|15|2|310|4|24|4SX|W|9|CQ
2|15|72|200|67|305|4H|N|10|DK
2|15|195|241|17|208|3N|S|8|ST
2|15|69|31|306|3|3H|S|9|D5
2|15|71|277|224|188|4S|E|8|HK
2|15|68|86|258|186|4H|N|10|DK
2|15|215|196|81|209|4S|W|9|CQ
2|16|51|160|5|52|3N|E|10|HJ
2|16|65|78|15|43|3N|E|10|HJ
2|16|22|150|267|28|3N|E|10|HJ
2|16|2|310|4|24|6D|W|9|H3
2|16|72|200|67|305|4N|E|10|HJ
2|16|195|241|17|208|5D|W|10|S9
2|16|69|31|306|3|3N|E|10|HJ
2|16|71|277|224|188|3N|E|10|HJ
2|16|68|86|258|186|5D|W|11|S9
2|16|215|196|81|209|3N|E|10|HJ
2|17|51|139|270|152|3N|N|11|SQ
2|17|65|78|15|43|2N|N|9|C7
2|17|120|150|177|28|4H|S|11|S4
2|17|225|310|280|24|1N|N|12|SQ
2|17|247|200|94|305|2S|W|5|SA
2|17|195|241|17|208|2N|N|9|C7
2|17|69|71|306|224|3N|N|9|C6
2|17|312|277|23|188|3N|N|9|C7
2|17|221|86|194|186|3N|S|11|S4
2|17|240|196|166|209|3N|N|13|C7
2|18|51|139|270|152|5H|E|12|CJ
2|18|65|78|15|43|4H|E|12|CJ
2|18|120|150|177|28|4H|W|12|S3
2|18|225|310|280|24|4H|W|12|S3
2|18|247|200|94|305|6H|E|12|CJ
2|18|195|241|17|208|4H|E|12|CJ
2|18|69|71|306|224|4H|E|12|CJ
2|18|312|277|23|188|4H|W|12|S5
2|18|221|86|194|186|3H|W|12|S5
2|18|240|196|166|209|4H|W|12|CK
2|19|51|139|270|152|3N|E|9|HT
2|19|65|78|15|43|3N|E|9|D6
2|19|120|150|177|28|3N|E|8|HT
2|19|225|310|280|24|3N|E|8|H9
2|19|247|200|94|305|3N|E|9|HT
2|19|195|241|17|208|3N|E|9|D8
2|19|69|71|306|224|3N|E|10|HT
2|19|312|277|23|188|3N|E|9|HT
2|19|221|86|194|186|3N|E|9|HT
2|19|240|196|166|209|3N|E|12
2|2|51|160|5|52|3D|E|10|S4
2|2|65|78|15|43|5D|E|10|S3
2|2|22|150|267|28|5D|E|9|S3
2|2|2|310|4|24|5D|E|9|S4
2|2|72|200|67|305|5D|E|9|S4
2|2|195|241|17|208|4H|W|9|SA
2|2|69|31|306|3|3N|W|9|D3
2|2|71|277|224|188|5D|E|10|S3
2|2|68|86|258|186|5D|E|10|S3
2|2|215|196|81|209|4H|W|10|SK
2|20|51|139|270|152|3N|W|13|HQ
2|20|65|78|15|43|6D|E|12|D7
2|20|120|150|177|28|6D|E|12|D7
2|20|225|310|280|24|3N|W|12|HQ
2|20|247|200|94|305|5D|W|13|HQ
2|20|195|241|17|208|3N|E|13|H3
2|20|69|71|306|224|5D|W|12|C9
2|20|312|277|23|188|5D|E|12|C3
2|20|221|86|194|186|3N|W|12|HQ
2|20|240|196|166|209|6N|W|12|HQ
2|21|51|139|270|152|4S|N|9|H3
2|21|65|78|15|43|4S|N|9|CT
2|21|120|150|177|28|4S|N|9|CT
2|21|225|310|280|24|4S|N|9|H6
2|21|247|200|94|305|4S|N|9|H6
2|21|195|241|17|208|4S|N|9|H3
2|21|69|71|306|224|4S|N|9|H6
2|21|312|277|23|188|4S|N|8|CT
2|21|221|86|194|186|4D|E|5|HA
2|21|240|196|166|209|4S|N|9|H6
2|22|51|139|270|152|1N|W|8|H8
2|22|65|78|15|43|3D|E|9|SK
2|22|120|150|177|28|2S|S|7|HA
2|22|225|310|280|24|1N|W|8|H8
2|22|247|200|94|305|2N|W|7|ST
2|22|195|241|17|208|4H|W|7|ST
2|22|69|71|306|224|2S|S|7|HA
2|22|312|277|23|188|2S|S|7|HK
2|22|221|86|194|186|1N|W|7|ST
2|22|240|196|166|209|2N|W|7|ST
2|23|51|139|270|152|2H|W|5|C6
2|23|65|78|15|43|1H|W|5|C2
2|23|120|150|177|28|1N|W|7|C9
2|23|225|310|280|24|1N|W|6|C6
2|23|247|200|94|305|1H|N|9|D5
2|23|195|241|17|208|1N|W|5|H4
2|23|69|71|306|224|2C|E|6|D7
2|23|312|277|23|188|2S|E|7|S4
2|23|221|86|194|186|2H|N|9|D5
2|23|240|196|166|209|1N|W|4|C6
2|24|51|139|270|152|2N|E|6|H6
2|24|65|78|15|43|2H|N|8|C9
2|24|120|150|177|28|2H|N|7|D6
2|24|225|310|280|24|2S|W|8|HK
2|24|247|200|94|305|2S|E|7|DK
2|24|195|241|17|208|2H|N|8|C9
2|24|69|71|306|224|2S|W|8|HK
2|24|312|277|23|188|3D|W|8|HK
2|24|221|86|194|186|4S|W|8|HA
2|24|240|196|166|209|2HX|N|7|D8
2|25|51|139|270|152|3S|E|8|H8
2|25|65|78|15|43|3H|N|6|D2
2|25|120|150|177|28|4S|E|9|CA
2|25|225|310|280|24|3H|N|7|D2
2|25|247|200|94|305|3C|E|8|CA
2|25|195|241|17|208|2S|E|8|DT
2|25|69|71|306|224|3S|E|8|H8
2|25|312|277|23|188|2S|E|7|H7
2|25|221|86|194|186|3S|E|8|H7
2|25|240|196|166|209|4S|E|7|H7
2|26|51|139|270|152|3S|E|10|H7
2|26|65|78|15|43|2S|W|8|CJ
2|26|120|150|177|28|3S|E|9|H7
2|26|225|310|280|24|2N|N|10|S7
2|26|247|200|94|305|2S|W|8|D3
2|26|195|241|17|208|3H|N|6|CA
2|26|69|71|306|224|4S|E|10|H7
2|26|312|277|23|188|3S|W|8|CJ
2|26|221|86|194|186|4SX|W|10|CJ
2|26|240|196|166|209|3S|E|10|H8
2|27|51|139|270|152|3S|W|9|H7
2|27|65|78|15|43|3S|W|8|D5
2|27|120|150|177|28|3S|W|8|HT
2|27|225|310|280|24|3S|W|9|S2
2|27|247|200|94|305|2S|E|8|HA
2|27|195|241|17|208|3S|W|8|HT
2|27|69|71|306|224|3S|W|8|HT
2|27|312|277|23|188|3S|W|9|S2
2|27|221|86|194|186|3S|W|8|HT
2|27|240|196|166|209|3S|W|8|HT
2|28|51|139|270|152|2S|N|8|HK
2|28|65|78|15|43|3D|W|8|SA
2|28|120|150|177|28|3D|W|8|H8
2|28|225|310|280|24|3D|W|8|SA
2|28|247|200|94|305|3D|W|8|SA
2|28|195|241|17|208|3D|W|8|SA
2|28|69|71|306|224|2S|N|9|HK
2|28|312|277|23|188|3H|E|7|ST
2|28|221|86|194|186|4H|E|6|SK
2|28|240|196|166|209|3D|W|8|SA
2|29|51|139|270|152|4S|W|10|SJ
2|29|65|78|15|43|4S|W|9|S5
2|29|120|150|177|28|3N|W|9|D2
2|29|225|310|280|24|2S|W|9|HK
2|29|247|200|94|305|2N|E|9|HQ
2|29|195|241|17|208|3H|E|7|CA
2|29|69|71|306|224|2H|E|7|D4
2|29|312|277|23|188|3N|E|9|HQ
2|29|221|86|194|186|2N|E|9|H4
2|29|240|196|166|209|3N|E|9|HQ
2|3|51|160|5|52|2S|W|8|HQ
2|3|65|78|15|43|2H|S|9|SJ
2|3|22|150|267|28|2S|W|9|HQ
2|3|2|310|4|24|3H|S|10|SJ
2|3|72|200|67|305|3H|S|9|SJ
2|3|195|241|17|208|2H|S|7|SJ
2|3|69|31|306|3|2N|S|8|DJ
2|3|71|277|224|188|2S|W|7|HQ
2|3|68|86|258|186|2H|N|9|D8
2|3|215|196|81|209|2N|S|8|DJ
2|30|51|139|270|152|4H|N|10|SK
2|30|65|78|15|43|6H|N|11|SK
2|30|120|150|177|28|6H|N|12|SK
2|30|225|310|280|24|6H|N|11|SK
2|30|247|200|94|305|3N|N|7|SK
2|30|195|241|17|208|4H|N|11|SK
2|30|69|71|306|224|4H|N|8|SK
2|30|312|277|23|188|4H|N|11|SK
2|30|221|86|194|186|6H|N|12|SK
2|30|240|196|166|209|4H|N|12|SK
2|31|51|139|270|152|4H|N|10|C4
2|31|65|78|15|43|5CX|W|10|HK
2|31|120|150|177|28|3H|N|9|C2
2|31|225|310|280|24|4H|N|10|C2
2|31|247|200|94|305|3C|W|10|HA
2|31|195|241|17|208|3H|N|8|S6
2|31|69|71|306|224|5H|N|10|C4
2|31|312|277|23|188|5CX|W|9|HK
2|31|221|86|194|186|2H|N|10|C4
2|31|240|196|166|209|5C|W|10|HK
2|32|51|139|270|152|4H|N|11|D3
2|32|65|78|15|43|4H|N|11|D7
2|32|120|150|177|28|6H|N|11|CA
2|32|225|310|280|24|4H|N|11|CA
2|32|247|200|94|305|6H|N|11|CA
2|32|195|241|17|208|4H|N|11|D3
2|32|69|71|306|224|4H|N|11|CA
2|32|312|277|23|188|4H|N|12|CA
2|32|221|86|194|186|4H|N|11|D5
2|32|240|196|166|209|4H|N|11|CA
2|4|51|160|5|52|2N|W|8|SJ
2|4|65|78|15|43|1N|E|9|S3
2|4|22|150|267|28|2N|E|8|S2
2|4|2|310|4|24|3N|W|8|SJ
2|4|72|200|67|305|1N|E|8|S2
2|4|195|241|17|208|3N|W|8|SJ
2|4|69|31|306|3|1N|W|8|SJ
2|4|71|277|224|188|2N|E|9|S2
2|4|68|86|258|186|2N|W|6|SJ
2|4|215|196|81|209|2N|E|8|D6
2|5|51|160|5|52|2C|E|9|S7
2|5|65|78|15|43|2H|S|9|CK
2|5|22|150|267|28|2H|S|8|CK
2|5|2|310|4|24|2C|W|8|H5
2|5|72|200|67|305|3D|E|8|HA
2|5|195|241|17|208|3N|E|7|HA
2|5|69|31|306|3|3H|N|9|SA
2|5|71|277|224|188|3C|E|9|DA
2|5|68|86|258|186|2H|S|10|H7
2|5|215|196|81|209|3C|E|9|DA
2|6|51|160|5|52|3D|W|8|H6
2|6|65|78|15|43|1N|E|7|H9
2|6|22|150|267|28|1N|E|7|H7
2|6|2|310|4|24|2H|N|9|DK
2|6|72|200|67|305|1NX|E|7|H7
2|6|195|241|17|208|1N|W|7|H6
2|6|69|31|306|3|2H|N|9|DA
2|6|71|277|224|188|2H|N|9|H4
2|6|68|86|258|186|2S|E|8|H2
2|6|215|196|81|209|2H|N|9|DA
2|7|51|160|5|52|2S|S|7|CK
2|7|65|78|15|43|1N|S|7|S4
2|7|22|150|267|28|2S|S|7|CK
2|7|2|310|4|24|2S|S|7|CK
2|7|72|200|67|305|2S|S|7|CK
2|7|195|241|17|208|2S|S|7|DA
2|7|69|31|306|3|2S|S|6|H6
2|7|71|277|224|188|2S|S|7|CK
2|7|68|86|258|186|2S|S|7|CK
2|7|215|196|81|209|2S|S|7|CK
2|8|51|160|5|52|2S|S|9|D8
2|8|65|78|15|43|4S|S|9|D8
2|8|22|150|267|28|4S|S|9|D8
2|8|2|310|4|24|4S|S|9|D8
2|8|72|200|67|305|3N|N|7|DK
2|8|195|241|17|208|2S|S|9|D8
2|8|69|31|306|3|4S|S|9|D8
2|8|71|277|224|188|3S|S|9|D8
2|8|68|86|258|186|4S|S|9|D8
2|8|215|196|81|209|2S|S|9|D8
2|9|65|78|15|43|2H|N|7|S9
2|9|22|150|267|28|2H|N|7|S9
2|9|2|310|4|24|3H|N|7|DA
2|9|72|200|67|305|3H|N|7|S9
2|9|195|241|17|208|2H|N|10|S9
2|9|69|31|306|3|2H|S|7|S2
2|9|71|277|224|188|1C|N|5|S3
2|9|68|86|258|186|1C|N|7|S9
2|9|215|196|81|209|3D|W|10|SK
3|1|160|120|52|177|2H|E|8|SK
3|1|22|139|267|152|3D|S|7|S6
3|1|225|72|280|67|2H|E|9|DT
3|1|241|2|208|4|2H|E|8|SA
3|1|195|277|17|188|2H|W|8|D8
3|1|69|200|306|305|1N|S|8|H5
3|1|31|240|3|166|2S|N|7|DA
3|1|215|71|81|224|1N|S|7|HT
3|1|51|196|270|209|2H|E|9|HJ
3|1|68|5|258|254|1D|E|7|SA
3|10|160|120|52|177|2H|E|7|DQ
3|10|22|139|267|152|3C|W|10|DA
3|10|225|72|280|67|3C|W|8|DK
3|10|241|2|208|4|4S|W|9|DK
3|10|195|277|17|188|4S|W|9|DA
3|10|69|200|306|305|2S|W|8|DA
3|10|31|240|3|166|5C|W|9|DK
3|10|215|71|81|224|3N|W|9|S8
3|10|51|196|270|209|3C|W|9|DA
3|10|68|5|258|254|3N|E|8|DQ
3|11|160|120|52|177|6S|N|10|DA
3|11|22|139|267|152|5D|E|11|H3
3|11|225|72|280|67|6DX|E|11|CA
3|11|241|2|208|4|4D|W|10|SK
3|11|195|277|17|188|5SX|N|10|DK
3|11|69|200|306|305|6DX|E|11|CA
3|11|31|240|3|166|5D|W|11|HQ
3|11|215|71|81|224|5H|S|5|D6
3|11|51|196|270|209|6DX|W|12|HQ
3|11|68|5|258|254|3H|W|8|SK
3|12|160|120|52|177|2S|N|10|CT
3|12|22|139|267|152|1C|S|10|S9
3|12|225|72|280|67|4S|S|10|H8
3|12|241|2|208|4|4S|S|10|H8
3|12|195|277|17|188|3C|S|10|H8
3|12|69|200|306|305|3N|S|7|H8
3|12|31|240|3|166|4S|N|10|HJ
3|12|215|71|81|224|4S|N|10|D3
3|12|51|196|270|209|4S|N|10|HJ
3|12|68|5|258|254|2N|S|7|DT
3|13|160|120|52|177|5S|E|11|C5
3|13|22|139|267|152|3N|E|11|D6
3|13|225|72|280|67|6S|E|11|HA
3|13|241|2|208|4|4S|E|11|D2
3|13|195|277|17|188|4S|E|11|C8
3|13|69|200|306|305|4S|E|11|D6
3|13|31|240|3|166|3N|E|11|D6
3|13|215|71|81|224|4S|E|11|D6
3|13|51|196|270|209|3N|W|11|ST
3|13|68|5|258|254|4S|E|11|D2
3|14|160|120|52|177|3N|N|9|D2
3|14|22|139|267|152|3N|N|11|S5
3|14|225|72|280|67|3N|S|10|D4
3|14|241|2|208|4|3N|S|9|D4
3|14|195|277|17|188|3N|N|9|S6
3|14|69|200|306|305|3N|S|11|D4
3|14|31|240|3|166|3N|N|10|D2
3|14|215|71|81|224|3N|S|10|D4
3|14|51|196|270|209|3N|N|9|D2
3|14|68|5|258|254|3N|S|11|D4
3|15|160|120|52|177|2N|W|7|DT
3|15|22|139|267|152|2S|E|7|C7
3|15|225|72|280|67|2H|N|6|SQ
3|15|241|2|208|4|3N|W|10|CK
3|15|195|277|17|188|2S|E|8|C7
3|15|69|200|306|305|2N|S|7|HQ
3|15|31|240|3|166|1NX|S|5|S8
3|15|215|71|81|224|1N|S|6|S8
3|15|51|196|270|209|3N|W|8|DT
3|15|68|5|258|254|2HX|N|4|DK
3|16|160|120|52|177|7H|W|12|C3
3|16|22|139|267|152|6H|W|13|CQ
3|16|225|72|280|67|7H|W|13|D7
3|16|241|2|208|4|7H|W|13|D8
3|16|195|277|17|188|6H|W|12|CQ
3|16|69|200|306|305|7H|W|12|S8
3|16|31|240|3|166|6H|W|13|D3
3|16|215|71|81|224|6H|W|12|S2
3|16|51|196|270|209|6H|W|13|H5
3|16|68|5|258|254|7H|W|13|H5
3|17|160|310|52|24|6D|N|10|H3
3|17|22|65|267|15|4S|N|11|D3
3|17|2|72|4|67|4S|N|12|D3
3|17|247|150|94|28|6D|N|10|H3
3|17|195|277|17|188|4S|N|11|H3
3|17|69|200|306|305|3N|S|13|D4
3|17|312|86|23|186|6D|S|10|SJ
3|17|215|31|81|3|6D|N|11|H3
3|17|5|68|254|258|4S|N|11|D3
3|17|221|78|194|43|6D|N|10|D3
3|18|160|310|52|24|4S|W|12|HK
3|18|22|65|267|15|4S|W|11|HA
3|18|2|72|4|67|4S|E|13|D8
3|18|247|150|94|28|4S|W|11|HA
3|18|195|277|17|188|4S|E|11|H3
3|18|69|200|306|305|4S|E|10|CA
3|18|312|86|23|186|4S|W|12|HK
3|18|215|31|81|3|4S|E|10|H2
3|18|5|68|254|258|4S|W|10|HA
3|18|221|78|194|43|4S|E|10|CA
3|19|160|310|52|24|3N|N|11|HT
3|19|22|65|267|15|3N|N|10|HT
3|19|2|72|4|67|3N|N|11|HT
3|19|247|150|94|28|3N|N|11|HT
3|19|195|277|17|188|3N|S|10|H6
3|19|69|200|306|305|3N|S|10|H6
3|19|312|86|23|186|3N|S|10|H6
3|19|215|31|81|3|3N|N|10|HT
3|19|5|68|254|258|3N|S|10|H5
3|19|221|78|194|43|3N|S|11|H6
3|2|160|120|52|177|4C|S|9|SQ
3|2|22|139|267|152|2S|S|6|SQ
3|2|225|72|280|67|2CX|S|8|SQ
3|2|241|2|208|4|4C|S|8|C3
3|2|195|277|17|188|2H|E|6|SK
3|2|69|200|306|305|2S|S|7|SQ
3|2|31|240|3|166|3NX|N|7|S3
3|2|215|71|81|224|2H|E|6|SK
3|2|51|196|270|209|4C|S|9|HA
3|2|68|5|258|254|3N|N|8|D4
3|20|160|310|52|24|3N|W|9|CJ
3|20|22|65|267|15|3N|E|7|DJ
3|20|2|72|4|67|4H|W|8|SA
3|20|247|150|94|28|3N|E|9|DJ
3|20|195|277|17|188|3N|W|9|CT
3|20|69|200|306|305|3N|E|9|D2
3|20|312|86|23|186|3N|W|10|C5
3|20|215|31|81|3|3N|W|9|CJ
3|20|5|68|254|258|3N|W|11|C6
3|20|221|78|194|43|3N|W|8|CJ
3|21|160|310|52|24|4S|N|9|D4
3|21|22|65|267|15|3N|N|10|D5
3|21|2|72|4|67|3N|S|10|D7
3|21|247|150|94|28|3N|S|9|D7
3|21|195|277|17|188|3N|S|11|D7
3|21|69|200|306|305|3N|S|10|D7
3|21|312|86|23|186|3N|S|9|D7
3|21|215|31|81|3|3N|S|10|D7
3|21|5|68|254|258|3N|N|9|H7
3|21|221|78|194|43|3N|S|10|D7
3|22|160|310|52|24|4S|E|11|HK
3|22|22|65|267|15|4S|E|11|HK
3|22|2|72|4|67|2H|S|8|D3
3|22|247|150|94|28|2S|E|11|HA
3|22|195|277|17|188|4S|E|10|HA
3|22|69|200|306|305|3H|S|9|D6
3|22|312|86|23|186|4SX|W|11|S6
3|22|215|31|81|3|5HX|S|9|H2
3|22|5|68|254|258|4S|E|11|HA
3|22|221|78|194|43|3H|S|9|H2
3|23|160|310|52|24|2H|E|8|CA
3|23|22|65|267|15|2H|E|8|SJ
3|23|2|72|4|67|2H|E|8|CA
3|23|247|150|94|28|2H|E|8|SJ
3|23|195|277|17|188|3D|S|8|H4
3|23|69|200|306|305|2H|E|8|SJ
3|23|312|86|23|186|1N|S|8|H6
3|23|215|31|81|3|2H|E|8|SJ
3|23|5|68|254|258|2H|E|7|D2
3|23|221|78|194|43|2H|E|9|CK
3|24|160|310|52|24|4H|N|11|SQ
3|24|22|65|267|15|4H|N|10|CK
3|24|2|72|4|67|3N|S|9|S6
3|24|247|150|94|28|4H|S|11|C7
3|24|195|277|17|188|3H|N|10|CQ
3|24|69|200|306|305|4H|N|11|SQ
3|24|312|86|23|186|4H|N|10|CK
3|24|215|31|81|3|4H|N|10|CK
3|24|5|68|254|258|4H|N|10|CK
3|24|221|78|194|43|4H|N|11|CK
3|25|160|310|52|24|6S|S|11|HQ
3|25|22|65|267|15|4S|S|10|HQ
3|25|2|72|4|67|4S|S|10|HQ
3|25|247|150|94|28|4S|S|10|HQ
3|25|195|277|17|188|4S|S|10|HQ
3|25|69|200|306|305|4S|S|11|HQ
3|25|312|86|23|186|4S|S|11|HJ
3|25|215|31|81|3|4S|S|11|HQ
3|25|5|68|254|258|4S|S|10|HQ
3|25|221|78|194|43|4S|S|10|HQ
3|26|160|310|52|24|3N|E|8|CT
3|26|22|65|267|15|2S|W|8|C5
3|26|2|72|4|67|2D|E|8|S2
3|26|247|150|94|28|4D|E|8|D8
3|26|195|277|17|188|2N|E|7|C9
3|26|69|200|306|305|2S|E|7|D8
3|26|312|86|23|186|2D|E|8|CA
3|26|215|31|81|3|4S|W|9|H4
3|26|5|68|254|258|2S|E|7|D8
3|26|221|78|194|43|3N|E|9|CT
3|27|160|310|52|24|3N|S|9|H4
3|27|22|65|267|15|3N|S|9|H6
3|27|2|72|4|67|4S|N|11|D8
3|27|247|150|94|28|3S|N|10|CA
3|27|195|277|17|188|3S|N|10|H2
3|27|69|200|306|305|3S|N|11|D3
3|27|312|86|23|186|3N|S|10|H6
3|27|215|31|81|3|3N|S|10|H4
3|27|5|68|254|258|3N|S|9|H3
3|27|221|78|194|43|2N|S|10|CQ
3|28|160|310|52|24|P||0
3|28|22|65|267|15|4S|N|12|CJ
3|28|2|72|4|67|4C|W|8|SQ
3|28|247|150|94|28|4S|N|12|CJ
3|28|195|277|17|188|4S|N|11|CJ
3|28|69|200|306|305|4S|N|12|D8
3|28|312|86|23|186|2S|N|11|CJ
3|28|215|31|81|3|4S|N|12|CJ
3|28|5|68|254|258|4S|N|12|CJ
3|28|221|78|194|43|5D|N|11|CJ
3|29|160|310|52|24|3N|N|9|D4
3|29|22|65|267|15|2N|N|9|HQ
3|29|2|72|4|67|2N|N|9|D4
3|29|247|150|94|28|2N|N|8|C4
3|29|195|277|17|188|2N|N|8|C5
3|29|69|200|306|305|3D|N|9|C4
3|29|312|86|23|186|2N|N|9|HQ
3|29|215|31|81|3|4H|N|10|C5
3|29|5|68|254|258|5DX|N|9|HQ
3|29|221|78|194|43|3N|N|8|C4
3|3|160|120|52|177|4H|W|9|CQ
3|3|22|139|267|152|4H|W|11|SQ
3|3|225|72|280|67|4H|W|11|SQ
3|3|241|2|208|4|3N|E|9|C5
3|3|195|277|17|188|3N|E|11|D6
3|3|69|200|306|305|3N|E|8|C5
3|3|31|240|3|166|3N|E|9|C9
3|3|215|71|81|224|3N|E|8|C8
3|3|51|196|270|209|4H|E|11|C8
3|3|68|5|258|254|3H|W|11|CQ
3|30|160|310|52|24|4D|S|10|HK
3|30|22|65|267|15|4C|N|9|HJ
3|30|2|72|4|67|3H|W|9|ST
3|30|247|150|94|28|6C|S|10|HK
3|30|195|277|17|188|3H|W|9|ST
3|30|69|200|306|305|5D|S|11|HK
3|30|312|86|23|186|3N|S|6|H7
3|30|215|31|81|3|2H|E|9|S3
3|30|5|68|254|258|5DX|S|11|C9
3|30|221|78|194|43|5D|S|11|C9
3|31|160|310|52|24|1N|N|7|H4
3|31|22|65|267|15|1N|E|7|C3
3|31|2|72|4|67|1N|N|6|C7
3|31|247|150|94|28|2H|W|8|S5
3|31|195|277|17|188|1N|E|6|D3
3|31|69|200|306|305|4S|W|10|D6
3|31|312|86|23|186|2S|E|8|C5
3|31|215|31|81|3|1N|E|7|D3
3|31|5|68|254|258|3S|E|9|C5
3|31|221|78|194|43|4S|E|9|C5
3|32|160|310|52|24|3N|S|9|HT
3|32|22|65|267|15|4S|N|9|D7
3|32|2|72|4|67|3N|S|7|HT
3|32|247|150|94|28|3N|S|9|D4
3|32|195|277|17|188|3N|S|8|S6
3|32|69|200|306|305|3N|S|8|H2
3|32|312|86|23|186|3N|S|8|C3
3|32|215|31|81|3|3N|N|8|D6
3|32|5|68|254|258|3N|S|9|C5
3|32|221|78|194|43|3N|S|7|C3
3|4|160|120|52|177|3N|N|12|S6
3|4|22|139|267|152|3N|N|9|D3
3|4|225|72|280|67|3N|N|10|S6
3|4|241|2|208|4|3N|N|10|CK
3|4|195|277|17|188|3N|N|9|CK
3|4|69|200|306|305|3N|N|10|S6
3|4|31|240|3|166|3N|N|10|S6
3|4|215|71|81|224|3N|N|11|D6
3|4|51|196|270|209|3N|N|12|S6
3|4|68|5|258|254|4N|N|10|CK
3|5|160|120|52|177|2H|S|10|D2
3|5|22|139|267|152|1N|S|7|CK
3|5|225|72|280|67|2H|S|10|D2
3|5|241|2|208|4|1N|S|7|S6
3|5|195|277|17|188|3D|S|10|CK
3|5|69|200|306|305|3H|S|10|CA
3|5|31|240|3|166|2H|S|10|CA
3|5|215|71|81|224|3D|N|10|H9
3|5|51|196|270|209|4H|S|10|CA
3|5|68|5|258|254|3S|W|9|C9
3|6|160|120|52|177|6N|N|11|CA
3|6|22|139|267|152|5H|N|11|DT
3|6|225|72|280|67|6D|S|11|S8
3|6|241|2|208|4|4H|N|10|DT
3|6|195|277|17|188|4H|N|10|CA
3|6|69|200|306|305|6H|N|10|C2
3|6|31|240|3|166|6H|N|10|CA
3|6|215|71|81|224|5H|N|11|S9
3|6|51|196|270|209|5H|N|11|CA
3|6|68|5|258|254|4H|N|11|S9
3|7|160|120|52|177|3D|S|9|CK
3|7|22|139|267|152|3D|N|8|S6
3|7|225|72|280|67|3S|W|9|DK
3|7|241|2|208|4|2S|E|8|D8
3|7|195|277|17|188|4S|E|8|D8
3|7|69|200|306|305|3H|S|8|CK
3|7|31|240|3|166|3SX|W|8|DA
3|7|215|71|81|224|3S|E|8|HT
3|7|51|196|270|209|3C|W|8|DK
3|7|68|5|258|254|3C|W|10|DA
3|8|160|120|52|177|4H|S|10|SA
3|8|22|139|267|152|4H|S|10|C5
3|8|225|72|280|67|4H|S|10|C2
3|8|241|2|208|4|4H|S|10|C2
3|8|195|277|17|188|2CX|E|7|HA
3|8|69|200|306|305|5H|S|10|C5
3|8|31|240|3|166|4H|S|11|C5
3|8|215|71|81|224|4SX|W|9|HQ
3|8|51|196|270|209|4H|S|10|C2
3|8|68|5|258|254|5H|S|10|SA
3|9|160|120|52|177|2S|E|9|DQ
3|9|22|139|267|152|2S|E|9|DQ
3|9|225|72|280|67|2S|E|10|DQ
3|9|241|2|208|4|2S|E|10|DQ
3|9|195|277|17|188|2S|W|10|S2
3|9|69|200|306|305|1N|E|8|DQ
3|9|31|240|3|166|2S|E|10|DQ
3|9|215|71|81|224|3N|E|9|D6
3|9|51|196|270|209|2S|E|10|DQ
3|9|68|5|258|254|4S|W|11|D2
4|1|299|139|19|152|4S|S|9|HT
4|1|106|72|176|67|4SX|N|9|CJ
4|1|69|150|306|28|4S|S|9|HT
4|1|225|277|280|188|2S|N|9|CJ
4|1|215|57|81|189|5HX|E|9|S4
4|1|200|86|305|186|4S|S|10|SA
4|1|196|71|209|224|4S|S|10|HT
4|1|312|68|23|258|4S|S|10|SA
4|1|51|310|270|24|4SX|S|10|SA
4|1|22|5|267|254|4S|S|10|SK
4|10|299|139|19|152|1NX|E|7|SQ
4|10|106|72|176|67|2CX|E|7|SQ
4|10|69|150|306|28|1N|E|6|C4
4|10|225|277|280|188|1N|E|6|H2
4|10|215|57|81|189|1N|E|7|HT
4|10|200|86|305|186|1N|E|6|H7
4|10|196|71|209|224|2C|S|7|SK
4|10|312|68|23|258|2D|N|7|S6
4|10|51|310|270|24|1N|E|6|HT
4|10|22|5|267|254|2CX|E|6|SQ
4|11|299|139|19|152|4H|S|11|CA
4|11|106|72|176|67|4H|S|11|CA
4|11|69|150|306|28|4H|N|11|C5
4|11|225|277|280|188|4H|S|11|CK
4|11|215|57|81|189|4H|N|11|C5
4|11|200|86|305|186|4H|S|11|CA
4|11|196|71|209|224|4H|S|11|CA
4|11|312|68|23|258|4H|S|11|CQ
4|11|51|310|270|24|4H|N|11|C5
4|11|22|5|267|254|3N|S|9|CK
4|12|299|139|19|152|4S|E|9|HJ
4|12|106|72|176|67|2S|E|10|HJ
4|12|69|150|306|28|3S|E|9|HJ
4|12|225|277|280|188|2HX|N|7|SQ
4|12|215|57|81|189|2S|E|9|HJ
4|12|200|86|305|186|2H|E|10|HJ
4|12|196|71|209|224|2S|E|9|HJ
4|12|312|68|23|258|2S|E|10|SJ
4|12|51|310|270|24|4S|W|10|HK
4|12|22|5|267|254|2S|E|9|HJ
4|13|299|139|19|152|3H|S|5|S9
4|13|106|72|176|67|5DX|N|9|SA
4|13|69|150|306|28|3D|N|9|CK
4|13|225|277|280|188|6D|N|9|CK
4|13|215|57|81|189|4D|N|9|CK
4|13|200|86|305|186|5D|N|9|CK
4|13|196|71|209|224|2SX|E|9|C5
4|13|312|68|23|258|2S|E|8|DT
4|13|51|310|270|24|3SX|E|8|C8
4|13|22|5|267|254|3S|W|10|DA
4|14|299|139|19|152|5S|E|11|DQ
4|14|106|72|176|67|4S|E|12|HK
4|14|69|150|306|28|4S|E|12|DQ
4|14|225|277|280|188|5S|E|11|DQ
4|14|215|57|81|189|4S|E|12|DQ
4|14|200|86|305|186|4S|E|12|DQ
4|14|196|71|209|224|5S|E|11|DQ
4|14|312|68|23|258|4S|E|12|HK
4|14|51|310|270|24|5S|E|12|DQ
4|14|22|5|267|254|5S|E|12|HK
4|15|299|139|19|152|3S|N|7|H9
4|15|106|72|176|67|3SX|N|9|H6
4|15|69|150|306|28|5CX|W|9|SA
4|15|225|277|280|188|4S|N|8|H6
4|15|215|57|81|189|3S|N|8|H9
4|15|200|86|305|186|3S|N|10|H9
4|15|196|71|209|224|3S|N|8|H9
4|15|312|68|23|258|5CX|W|8|SA
4|15|51|310|270|24|3N|E|6|S5
4|15|22|5|267|254|5CX|W|9|HK
4|16|299|139|19|152|4S|S|8|DA
4|16|106|72|176|67|4S|N|8|DJ
4|16|69|150|306|28|4S|S|9|DA
4|16|225|277|280|188|4H|S|9|DK
4|16|215|57|81|189|4S|N|8|DJ
4|16|200|86|305|186|4S|N|8|DJ
4|16|196|71|209|224|4S|N|8|CJ
4|16|312|68|23|258|4H|N|8|DJ
4|16|51|310|270|24|2H|N|8|CJ
4|16|22|5|267|254|2H|N|8|DJ
4|17|72|139|67|152|3C|S|9|S7
4|17|65|247|15|94|3S|E|8|D5
4|17|69|2|306|4|3S|E|8|D6
4|17|225|277|280|188|4S|E|8|D6
4|17|215|57|81|189|3C|N|10|S2
4|17|195|240|17|166|3C|N|10|S2
4|17|221|31|194|3|3S|W|8|DA
4|17|312|68|23|258|2S|W|8|DK
4|17|51|310|270|24|3C|S|8|D7
4|17|120|78|177|43|3C|N|9|D9
4|18|72|139|67|152|5D|W|11|H5
4|18|65|247|15|94|5D|W|11|H4
4|18|69|2|306|4|5H|S|10|SK
4|18|225|277|280|188|5D|W|11|H2
4|18|215|57|81|189|5D|W|11|H5
4|18|195|240|17|166|6D|W|11|CQ
4|18|221|31|194|3|5D|W|11|CQ
4|18|312|68|23|258|5DX|E|11|H4
4|18|51|310|270|24|5D|W|11|H5
4|18|120|78|177|43|5DX|W|11|H2
4|19|72|139|67|152|3S|W|7|CA
4|19|65|247|15|94|3C|N|9|ST
4|19|69|2|306|4|3S|E|7|C2
4|19|225|277|280|188|3C|N|9|ST
4|19|215|57|81|189|2C|N|8|DQ
4|19|195|240|17|166|3S|W|8|CA
4|19|221|31|194|3|3S|W|8|D8
4|19|312|68|23|258|3C|N|9|S4
4|19|51|310|270|24|3C|N|7|DQ
4|19|120|78|177|43|3C|N|9|DQ
4|2|299|139|19|152|4H|E|9|S7
4|2|106|72|176|67|4H|E|10|S7
4|2|69|150|306|28|4H|E|9|C6
4|2|225|277|280|188|4H|W|9|H4
4|2|215|57|81|189|4H|E|10|S7
4|2|200|86|305|186|4H|W|9|D5
4|2|196|71|209|224|4H|W|10|SQ
4|2|312|68|23|258|4H|W|9|C4
4|2|51|310|270|24|4S|W|9|C6
4|2|22|5|267|254|4H|E|9|S7
4|20|72|139|67|152|1N|S|7|C3
4|20|65|247|15|94|2C|W|9|SJ
4|20|69|2|306|4|2N|E|7|D6
4|20|225|277|280|188|1N|E|6|D6
4|20|215|57|81|189|3C|E|9|CA
4|20|195|240|17|166|2N|E|7|D6
4|20|221|31|194|3|3C|E|10|CA
4|20|312|68|23|258|3C|E|9|DA
4|20|51|310|270|24|3C|E|8|CA
4|20|120|78|177|43|2N|E|7|D6
4|21|72|139|67|152|4D|S|9|SA
4|21|65|247|15|94|4H|E|9|DA
4|21|69|2|306|4|4H|E|10|DA
4|21|225|277|280|188|3H|E|9|C6
4|21|215|57|81|189|4H|E|9|SQ
4|21|195|240|17|166|4H|E|10|DA
4|21|221|31|194|3|4H|E|9|S2
4|21|312|68|23|258|4H|E|9|C8
4|21|51|310|270|24|2H|E|9|DQ
4|21|120|78|177|43|3H|E|9|C6
4|22|72|139|67|152|2D|N|8|SA
4|22|65|247|15|94|3N|S|10|C7
4|22|69|2|306|4|3N|S|7|SJ
4|22|225|277|280|188|2S|E|7|D7
4|22|215|57|81|189|2D|N|9|CQ
4|22|195|240|17|166|2D|N|9|CQ
4|22|221|31|194|3|2S|E|6|D8
4|22|312|68|23|258|2C|S|6|SJ
4|22|51|310|270|24|2S|E|7|D7
4|22|120|78|177|43|2C|S|6|SJ
4|23|72|139|67|152|3N|W|6|D8
4|23|65|247|15|94|2S|E|10|DK
4|23|69|2|306|4|2S|E|10|DK
4|23|225|277|280|188|2S|E|10|DK
4|23|215|57|81|189|2S|E|10|DK
4|23|195|240|17|166|2S|E|9|DK
4|23|221|31|194|3|2S|E|10|DK
4|23|312|68|23|258|2N|W|6|D4
4|23|51|310|270|24|3N|W|5|D8
4|23|120|78|177|43|2N|W|9|D8
4|24|72|139|67|152|6H|W|11|SK
4|24|65|247|15|94|3N|W|11|SQ
4|24|69|2|306|4|4H|W|11|D2
4|24|225|277|280|188|6N|E|12|CQ
4|24|215|57|81|189|6D|E|12|CQ
4|24|195|240|17|166|6H|W|12|SK
4|24|221|31|194|3|6D|E|12|CQ
4|24|312|68|23|258|6D|E|12|CQ
4|24|51|310|270|24|6H|W|11|SK
4|24|120|78|177|43|6H|W|12|SK
4|25|72|139|67|152|4H|N|9|DK
4|25|65|247|15|94|4H|S|9|DK
4|25|69|2|306|4|4H|S|9|ST
4|25|225|277|280|188|4H|N|9|DK
4|25|215|57|81|189|4H|N|9|DK
4|25|195|240|17|166|4H|N|9|DK
4|25|221|31|194|3|4H|S|10|D3
4|25|312|68|23|258|4H|S|10|D5
4|25|51|310|270|24|4H|N|9|DK
4|25|120|78|177|43|4H|N|10|DK
4|26|72|139|67|152|3C|N|10|C6
4|26|65|247|15|94|3C|N|9|C6
4|26|69|2|306|4|3S|W|9|CK
4|26|225|277|280|188|5C|N|10|C4
4|26|215|57|81|189|3C|N|10|C3
4|26|195|240|17|166|3C|N|9|C6
4|26|221|31|194|3|5C|S|10|DA
4|26|312|68|23|258|3N|N|6|SJ
4|26|51|310|270|24|3C|N|10|C4
4|26|120|78|177|43|3C|N|9|C6
4|27|72|139|67|152|3N|N|11|ST
4|27|65|247|15|94|3N|N|10|ST
4|27|69|2|306|4|3N|S|11|D4
4|27|225|277|280|188|3N|N|11|C3
4|27|215|57|81|189|3N|N|11|C3
4|27|195|240|17|166|3N|N|11|ST
4|27|221|31|194|3|3N|N|10|ST
4|27|312|68|23|258|3N|N|11|C4
4|27|51|310|270|24|3N|N|11|ST
4|27|120|78|177|43|3N|N|11|C3
4|28|72|139|67|152|3N|N|7|SQ
4|28|65|247|15|94|3N|N|7|SQ
4|28|69|2|306|4|3N|N|7|SQ
4|28|225|277|280|188|3N|N|7|SQ
4|28|215|57|81|189|3D|S|9|H9
4|28|195|240|17|166|3N|N|8|H8
4|28|221|31|194|3|3N|N|7|SQ
4|28|312|68|23|258|3N|N|8|SQ
4|28|51|310|270|24|3N|N|7|H7
4|28|120|78|177|43|3D|S|10|H9
4|29|72|139|67|152|3C|S|10|H8
4|29|65|247|15|94|3N|N|10|H6
4|29|69|2|306|4|3N|S|9|H7
4|29|225|277|280|188|3D|N|10|HK
4|29|215|57|81|189|3N|N|10|H6
4|29|195|240|17|166|2H|E|5|CA
4|29|221|31|194|3|2S|N|11|HK
4|29|312|68|23|258|4C|N|9|HK
4|29|51|310|270|24|3D|N|8|HQ
4|29|120|78|177|43|3N|N|10|D7
4|3|299|139|19|152|3N|W|9|CJ
4|3|106|72|176|67|3N|W|10|C2
4|3|69|150|306|28|3N|E|10|C8
4|3|225|277|280|188|4H|W|8|DT
4|3|215|57|81|189|3N|E|10|C7
4|3|200|86|305|186|2D|E|10|H4
4|3|196|71|209|224|3D|E|11|C8
4|3|312|68|23|258|2N|S|2|H8
4|3|51|310|270|24|5D|E|10|C8
4|3|22|5|267|254|3N|E|9|D4
4|30|72|139|67|152|3S|S|8|H5
4|30|65|247|15|94|5D|E|8|C8
4|30|69|2|306|4|3N|E|8|S3
4|30|225|277|280|188|4C|W|10|SA
4|30|215|57|81|189|4C|W|8|SA
4|30|195|240|17|166|3N|E|7|S3
4|30|221|31|194|3|3C|W|9|SA
4|30|312|68|23|258|3N|W|7|S2
4|30|51|310|270|24|3S|S|9|H2
4|30|120|78|177|43|3S|S|9|H5
4|31|72|139|67|152|3N|E|8|H6
4|31|65|247|15|94|2N|W|7|HA
4|31|69|2|306|4|5C|W|10|HA
4|31|225|277|280|188|3S|S|9|HJ
4|31|215|57|81|189|3S|S|8|HT
4|31|195|240|17|166|3N|E|8|S9
4|31|221|31|194|3|2N|E|9|ST
4|31|312|68|23|258|3S|S|10|C4
4|31|51|310|270|24|3N|E|8|H5
4|31|120|78|177|43|4CX|W|9|HA
4|32|72|139|67|152|4H|E|10|CQ
4|32|65|247|15|94|4H|E|11|S8
4|32|69|2|306|4|3N|E|11|CQ
4|32|225|277|280|188|3N|W|11|S4
4|32|215|57|81|189|4H|E|11|D7
4|32|195|240|17|166|3N|E|10|CQ
4|32|221|31|194|3|4H|E|11|CQ
4|32|312|68|23|258|3N|E|7|CQ
4|32|51|310|270|24|5D|W|10|S4
4|32|120|78|177|43|4H|E|10|CQ
4|4|299|139|19|152|1N|E|7|C3
4|4|106|72|176|67|2DX|S|6|CT
4|4|69|150|306|28|2D|E|9|HQ
4|4|225|277|280|188|1N|E|8|C3
4|4|215|57|81|189|1N|E|7|C3
4|4|200|86|305|186|1N|E|4|C3
4|4|196|71|209|224|2C|S|6|DA
4|4|312|68|23|258|1N|E|6|C2
4|4|51|310|270|24|2C|S|5|DA
4|4|22|5|267|254|4H|W|8|H2
4|5|299|139|19|152|3N|S|10|SQ
4|5|106|72|176|67|3N|S|9|S4
4|5|69|150|306|28|3N|S|11|H6
4|5|225|277|280|188|3NXX|S|9|S4
4|5|215|57|81|189|3N|S|10|SQ
4|5|200|86|305|186|3N|N|11|H2
4|5|196|71|209|224|3N|S|9|SQ
4|5|312|68|23|258|3N|S|11|H6
4|5|51|310|270|24|3NX|N|9|ST
4|5|22|5|267|254|3N|S|11|SJ
4|6|299|139|19|152|4D|S|11|H9
4|6|106|72|176|67|5D|S|11|SQ
4|6|69|150|306|28|4N|N|10|H3
4|6|225|277|280|188|3N|S|12|H8
4|6|215|57|81|189|5D|S|11|H9
4|6|200|86|305|186|3N|N|12|H3
4|6|196|71|209|224|4D|S|11|H9
4|6|312|68|23|258|5D|S|12|H9
4|6|51|310|270|24|5D|S|12|D5
4|6|22|5|267|254|5D|N|11|S4
4|7|299|139|19|152|3N|E|8|HQ
4|7|106|72|176|67|3N|W|10|S8
4|7|69|150|306|28|3N|E|8|HJ
4|7|225|277|280|188|3N|W|9|S8
4|7|215|57|81|189|3N|W|9|D4
4|7|200|86|305|186|3N|W|8|H8
4|7|196|71|209|224|3N|E|8|HQ
4|7|312|68|23|258|3N|W|8|H8
4|7|51|310|270|24|3H|N|8|C4
4|7|22|5|267|254|1H|N|7|CA
4|8|299|139|19|152|3H|S|9|S4
4|8|106|72|176|67|3H|N|9|SK
4|8|69|150|306|28|3H|N|9|SK
4|8|225|277|280|188|4H|N|10|SQ
4|8|215|57|81|189|3H|S|8|H5
4|8|200|86|305|186|3H|N|9|SK
4|8|196|71|209|224|2S|E|6|DA
4|8|312|68|23|258|2S|E|6|HA
4|8|51|310|270|24|3D|N|8|SQ
4|8|22|5|267|254|3H|N|8|SQ
4|9|299|139|19|152|3N|N|7|S5
4|9|106|72|176|67|4H|N|9|SK
4|9|69|150|306|28|3C|N|9|SA
4|9|225|277|280|188|4H|N|8|SK
4|9|215|57|81|189|3N|N|9|S6
4|9|200|86|305|186|4C|N|10|SA
4|9|196|71|209|224|3N|N|9|S3
4|9|312|68|23|258|4H|N|9|SA
4|9|51|310|270|24|3N|N|7|S7
4|9|22|5|267|254|3N|N|7|S6
5|1|106|277|176|188|3N|N|7|H8
5|1|69|65|306|15|4H|S|10|D9
5|1|2|215|4|81|4H|S|10|D3
5|1|240|150|166|28|4H|S|9|D3
5|1|195|31|17|3|3H|S|9|S9
5|1|71|200|224|305|3N|N|7|D7
5|1|299|5|19|254|4H|S|10|SA
5|1|78|72|43|67|4H|S|9|D8
5|1|120|221|177|194|5H|S|8|SA
5|1|196|22|209|267|4H|S|9|D8
5|10|106|277|176|188|2D|E|9|C6
5|10|69|65|306|15|3D|E|9|C6
5|10|2|215|4|81|5D|E|9|C8
5|10|240|150|166|28|2D|E|9|C8
5|10|195|31|17|3|3D|E|11|C8
5|10|71|200|224|305|5D|E|10|C8
5|10|299|5|19|254|3D|E|10|C8
5|10|78|72|43|67|2D|E|9|C6
5|10|120|221|177|194|3D|E|11|HA
5|10|196|22|209|267|3D|W|10|C6
5|11|106|277|176|188|4S|N|10|HQ
5|11|69|65|306|15|4S|N|10|HQ
5|11|2|215|4|81|4S|N|10|HQ
5|11|240|150|166|28|4S|N|10|HQ
5|11|195|31|17|3|2S|N|10|HQ
5|11|71|200|224|305|4S|N|10|DA
5|11|299|5|19|254|3S|N|10|HQ
5|11|78|72|43|67|4S|N|10|HQ
5|11|120|221|177|194|4S|N|10|HQ
5|11|196|22|209|267|4S|S|10|HQ
5|12|106|277|176|188|4H|E|9|C8
5|12|69|65|306|15|4S|W|10|CK
5|12|2|215|4|81|5D|S|10|SK
5|12|240|150|166|28|3D|S|10|SK
5|12|195|31|17|3|3H|E|8|C8
5|12|71|200|224|305|2S|W|9|CK
5|12|299|5|19|254|4S|W|9|CA
5|12|78|72|43|67|5DX|S|10|SK
5|12|120|221|177|194|4S|W|10|CA
5|12|196|22|209|267|2S|W|11|CA
5|13|106|277|176|188|6C|E|12|DA
5|13|69|65|306|15|5H|E|9|DA
5|13|2|215|4|81|3H|W|9|DK
5|13|240|150|166|28|3S|S|9|CA
5|13|195|31|17|3|4C|W|10|DK
5|13|71|200|224|305|4H|W|9|DK
5|13|299|5|19|254|4H|W|11|DK
5|13|78|72|43|67|6C|E|12|DA
5|13|120|221|177|194|4H|E|11|SA
5|13|196|22|209|267|5C|E|12|DA
5|14|106|277|176|188|5S|N|11|CJ
5|14|69|65|306|15|4SX|S|11|C2
5|14|2|215|4|81|6DX|E|11|C6
5|14|240|150|166|28|4S|N|11|CJ
5|14|195|31|17|3|5DX|W|12|SA
5|14|71|200|224|305|6S|S|11|DA
5|14|299|5|19|254|5S|N|11|D6
5|14|78|72|43|67|6C|E|12|HQ
5|14|120|221|177|194|5S|S|10|D9
5|14|196|22|209|267|7DX|W|12|SA
5|15|106|277|176|188|2H|E|9|SK
5|15|69|65|306|15|2H|E|9|SK
5|15|2|215|4|81|2H|E|9|SA
5|15|240|150|166|28|2H|E|9|SA
5|15|195|31|17|3|1N|W|7|S5
5|15|71|200|224|305|2H|E|8|SK
5|15|299|5|19|254|2H|E|9|SA
5|15|78|72|43|67|2H|E|9|SA
5|15|120|221|177|194|2H|E|9|SA
5|15|196|22|209|267|3N|W|9|S5
5|16|106|277|176|188|1N|W|9|S2
5|16|69|65|306|15|2D|W|9|C7
5|16|2|215|4|81|2N|W|7|SQ
5|16|240|150|166|28|1N|W|8|SQ
5|16|195|31|17|3|1N|W|7|SQ
5|16|71|200|224|305|2N|W|8|C7
5|16|299|5|19|254|3N|W|7|S3
5|16|78|72|43|67|1N|W|8|S3
5|16|120|221|177|194|1N|W|8|S3
5|16|196|22|209|267|2N|W|9|S5
5|17|65|277|15|188|4H|E|10|SJ
5|17|69|139|306|152|4H|E|10|SJ
5|17|225|86|280|186|4H|E|10|HT
5|17|240|150|166|28|4H|E|10|SJ
5|17|200|312|305|23|4H|E|10|SJ
5|17|31|57|3|189|2H|E|10|SJ
5|17|299|5|19|254|4H|E|10|SJ
5|17|78|247|43|94|3H|E|10|HT
5|17|120|221|177|194|2H|E|9|SJ
5|17|196|310|209|24|4H|E|10|SJ
5|18|65|277|15|188|3N|S|10|H2
5|18|69|139|306|152|3N|S|10|H8
5|18|225|86|280|186|1N|S|10|H8
5|18|240|150|166|28|3N|S|10|H8
5|18|200|312|305|23|3N|S|10|H8
5|18|31|57|3|189|2S|N|9|HT
5|18|299|5|19|254|3N|S|10|H8
5|18|78|247|43|94|3N|S|10|H8
5|18|120|221|177|194|1N|S|10|S4
5|18|196|310|209|24|3N|S|10|H2
5|19|65|277|15|188|3N|W|7|C2
5|19|69|139|306|152|3N|W|8|C3
5|19|225|86|280|186|3N|W|9|C7
5|19|240|150|166|28|1N|E|10|D3
5|19|200|312|305|23|3N|W|9|C2
5|19|31|57|3|189|1N|W|8|C3
5|19|299|5|19|254|3N|W|7|C3
5|19|78|247|43|94|3N|W|7|C8
5|19|120|221|177|194|3N|W|7|C7
5|19|196|310|209|24|3N|W|9|HT
5|2|106|277|176|188|3N|W|10|H2
5|2|69|65|306|15|1N|W|10|H2
5|2|2|215|4|81|3N|E|10|C4
5|2|240|150|166|28|3N|W|9|C7
5|2|195|31|17|3|3N|E|10|C4
5|2|71|200|224|305|3N|W|10|H4
5|2|299|5|19|254|3NX|W|9|D2
5|2|78|72|43|67|3N|E|11|C4
5|2|120|221|177|194|3N|W|10|H4
5|2|196|22|209|267|2SX|S|5|H5
5|20|65|277|15|188|3N|N|8|S3
5|20|69|139|306|152|3N|N|8|S6
5|20|225|86|280|186|2D|N|11|DT
5|20|240|150|166|28|3N|N|9|DT
5|20|200|312|305|23|3N|N|10|C3
5|20|31|57|3|189|3N|N|11|DT
5|20|299|5|19|254|3N|N|9|DT
5|20|78|247|43|94|2D|N|11|DT
5|20|120|221|177|194|3N|S|10|S4
5|20|196|310|209|24|3N|N|8|DT
5|21|65|277|15|188|6N|N|12|H6
5|21|69|139|306|152|4H|N|12|H3
5|21|225|86|280|186|3N|N|12|D3
5|21|240|150|166|28|4N|N|12|D2
5|21|200|312|305|23|6N|N|12|D5
5|21|31|57|3|189|6H|N|12|H6
5|21|299|5|19|254|4H|N|12|C8
5|21|78|247|43|94|5H|N|12|C8
5|21|120|221|177|194|4H|N|12|H3
5|21|196|310|209|24|4H|N|12|C7
5|22|65|277|15|188|6H|E|10|CQ
5|22|69|139|306|152|6H|W|10|CQ
5|22|225|86|280|186|6H|W|10|S4
5|22|240|150|166|28|6HX|W|10|CQ
5|22|200|312|305|23|6H|W|10|CQ
5|22|31|57|3|189|6H|W|10|CQ
5|22|299|5|19|254|4H|W|10|CQ
5|22|78|247|43|94|4H|W|10|CQ
5|22|120|221|177|194|4H|W|10|CQ
5|22|196|310|209|24|3N|W|11|CQ
5|23|65|277|15|188|2S|W|7|C3
5|23|69|139|306|152|1S|W|7|D2
5|23|225|86|280|186|2S|W|7|D2
5|23|240|150|166|28|2S|W|7|D2
5|23|200|312|305|23|2S|W|6|D2
5|23|31|57|3|189|2H|N|6|SJ
5|23|299|5|19|254|1N|E|8|SQ
5|23|78|247|43|94|2S|W|7|D2
5|23|120|221|177|194|1N|E|7|C4
5|23|196|310|209|24|2H|N|7|SJ
5|24|65|277|15|188|1N|W|4|CT
5|24|69|139|306|152|3N|S|9|DQ
5|24|225|86|280|186|3N|S|9|H9
5|24|240|150|166|28|3C|N|10|HQ
5|24|200|312|305|23|2DX|E|8|CQ
5|24|31|57|3|189|3N|S|9|H6
5|24|299|5|19|254|3N|S|10|D5
5|24|78|247|43|94|3N|S|11|D5
5|24|120|221|177|194|3N|S|10|DQ
5|24|196|310|209|24|3N|S|9|DQ
5|25|65|277|15|188|3N|E|11|HQ
5|25|69|139|306|152|3N|E|12|H7
5|25|225|86|280|186|3N|E|11|HQ
5|25|240|150|166|28|3N|E|11|HQ
5|25|200|312|305|23|3N|E|11|HQ
5|25|31|57|3|189|3N|E|10|HQ
5|25|299|5|19|254|3N|E|11|HQ
5|25|78|247|43|94|3N|E|11|HQ
5|25|120|221|177|194|3N|E|11|HQ
5|25|196|310|209|24|3N|E|11|HQ
5|26|65|277|15|188|7C|E|13|DJ
5|26|69|139|306|152|6N|E|13|D6
5|26|225|86|280|186|6N|E|13|HJ
5|26|240|150|166|28|6C|W|13|D5
5|26|200|312|305|23|7N|E|13|DJ
5|26|31|57|3|189|7N|E|13|HJ
5|26|299|5|19|254|6N|E|12|HJ
5|26|78|247|43|94|7N|E|13|DJ
5|26|120|221|177|194|7C|E|13|SQ
5|26|196|310|209|24|7C|W|13|D5
5|27|65|277|15|188|1N|N|5|H5
5|27|69|139|306|152|1N|N|5|H7
5|27|225|86|280|186|2S|N|8|CK
5|27|240|150|166|28|3H|W|9|HA
5|27|200|312|305|23|3D|W|8|C5
5|27|31|57|3|189|3H|W|8|S6
5|27|299|5|19|254|3H|W|9|S3
5|27|78|247|43|94|2S|N|8|CA
5|27|120|221|177|194|3H|W|8|S3
5|27|196|310|209|24|3H|W|8|S6
5|28|65|277|15|188|4H|N|11|ST
5|28|69|139|306|152|6H|N|11|DA
5|28|225|86|280|186|4H|N|11|ST
5|28|240|150|166|28|4H|N|11|C8
5|28|200|312|305|23|4H|N|11|C8
5|28|31|57|3|189|4H|N|11|ST
5|28|299|5|19|254|5H|N|11|C8
5|28|78|247|43|94|4H|N|11|ST
5|28|120|221|177|194|6N|S|8|D2
5|28|196|310|209|24|5H|N|11|C6
5|29|65|277|15|188|2S|S|5|HJ
5|29|69|139|306|152|2S|N|7|C3
5|29|225|86|280|186|2S|N|8|C3
5|29|240|150|166|28|1N|S|7|HJ
5|29|200|312|305|23|2S|S|7|CK
5|29|31|57|3|189|3H|W|9|S4
5|29|299|5|19|254|2SX|S|6|CK
5|29|78|247|43|94|3S|S|5|CA
5|29|120|221|177|194|P||0
5|29|196|310|209|24|2H|W|9|C5
5|3|106|277|176|188|3N|S|12|H4
5|3|69|65|306|15|6N|S|11|C2
5|3|2|215|4|81|6N|S|12|C6
5|3|240|150|166|28|6N|S|12|C3
5|3|195|31|17|3|6N|N|9|HJ
5|3|71|200|224|305|6N|S|12|C3
5|3|299|5|19|254|6N|S|12|C3
5|3|78|72|43|67|3N|S|12|C3
5|3|120|221|177|194|6N|N|10|HJ
5|3|196|22|209|267|6N|S|11|C3
5|30|65|277|15|188|3H|W|8|C4
5|30|69|139|306|152|4H|E|10|D3
5|30|225|86|280|186|7NX|W|8|SA
5|30|240|150|166|28|3S|N|9|HA
5|30|200|312|305|23|4H|W|12|C2
5|30|31|57|3|189|3C|E|11|DQ
5|30|299|5|19|254|4H|E|10|DQ
5|30|78|247|43|94|4S|W|3|H8
5|30|120|221|177|194|2H|W|12|H3
5|30|196|310|209|24|4H|W|12|C5
5|31|65|277|15|188|4H|N|11|H6
5|31|69|139|306|152|4H|N|10|H5
5|31|225|86|280|186|4H|N|11|CA
5|31|240|150|166|28|3H|N|11|S5
5|31|200|312|305|23|4H|N|10|H5
5|31|31|57|3|189|4H|N|10|HT
5|31|299|5|19|254|4H|N|10|DK
5|31|78|247|43|94|3H|N|9|S6
5|31|120|221|177|194|4H|N|10|CA
5|31|196|310|209|24|4H|N|11|H5
5|32|65|277|15|188|3D|E|7|H9
5|32|69|139|306|152|3S|S|8|S3
5|32|225|86|280|186|3D|E|10|H7
5|32|240|150|166|28|3D|E|8|H9
5|32|200|312|305|23|3N|E|9|S3
5|32|31|57|3|189|2D|E|7|H7
5|32|299|5|19|254|2S|W|6|HA
5|32|78|247|43|94|3N|E|7|H9
5|32|120|221|177|194|3D|E|8|D3
5|32|196|310|209|24|3D|E|8|H7
5|4|106|277|176|188|2S|E|7|DJ
5|4|69|65|306|15|2HX|N|6|HT
5|4|2|215|4|81|2H|S|6|S4
5|4|240|150|166|28|1N|N|7|ST
5|4|195|31|17|3|2S|E|6|CJ
5|4|71|200|224|305|2S|E|6|DJ
5|4|299|5|19|254|1N|S|7|S4
5|4|78|72|43|67|2S|E|7|CJ
5|4|120|221|177|194|1N|S|7|S4
5|4|196|22|209|267|2S|E|7|DJ
5|5|106|277|176|188|3S|E|7|D3
5|5|69|65|306|15|3D|N|9|S3
5|5|2|215|4|81|3N|N|9|S4
5|5|240|150|166|28|3D|N|9|S4
5|5|195|31|17|3|2H|W|7|SA
5|5|71|200|224|305|3D|N|9|S3
5|5|299|5|19|254|3N|N|8|S4
5|5|78|72|43|67|3D|N|9|S4
5|5|120|221|177|194|3D|N|8|S3
5|5|196|22|209|267|1N|N|8|S4
5|6|106|277|176|188|2S|N|7|SQ
5|6|69|65|306|15|2S|S|8|CJ
5|6|2|215|4|81|1N|W|6|H2
5|6|240|150|166|28|2N|E|8|S7
5|6|195|31|17|3|1N|E|8|S3
5|6|71|200|224|305|1N|E|5|S3
5|6|299|5|19|254|2S|S|7|CJ
5|6|78|72|43|67|2S|S|7|CJ
5|6|120|221|177|194|2S|S|8|CJ
5|6|196|22|209|267|1N|W|7|H2
5|7|106|277|176|188|6H|W|9|SJ
5|7|69|65|306|15|4H|W|10|SJ
5|7|2|215|4|81|4H|W|9|SJ
5|7|240|150|166|28|6H|W|9|SJ
5|7|195|31|17|3|6C|E|8|SK
5|7|71|200|224|305|4H|W|10|SJ
5|7|299|5|19|254|5H|W|9|SJ
5|7|78|72|43|67|4H|W|10|SJ
5|7|120|221|177|194|3N|E|8|CQ
5|7|196|22|209|267|4H|W|10|SJ
5|8|106|277|176|188|2N|W|9|C5
5|8|69|65|306|15|3D|E|9|H4
5|8|2|215|4|81|3D|W|9|SK
5|8|240|150|166|28|3H|S|8|H2
5|8|195|31|17|3|2N|E|10|S5
5|8|71|200|224|305|3D|W|9|SK
5|8|299|5|19|254|3D|W|9|SA
5|8|78|72|43|67|2N|E|8|S3
5|8|120|221|177|194|4D|W|9|SA
5|8|196|22|209|267|3D|W|8|SA
5|9|106|277|176|188|4SX|E|7|H2
5|9|69|65|306|15|4H|N|11|SJ
5|9|2|215|4|81|4H|N|11|SJ
5|9|240|150|166|28|4H|N|11|SJ
5|9|195|31|17|3|4H|N|11|SJ
5|9|71|200|224|305|4H|N|11|SJ
5|9|299|5|19|254|4H|N|11|C9
5|9|78|72|43|67|4H|N|11|SJ
5|9|120|221|177|194|5H|N|11|SJ
5|9|196|22|209|267|4H|N|11|S4
6|1|86|139|186|152|3H|W|9|S5
6|1|106|240|176|166|4HX|W|8|H4
6|1|31|2|3|4|3H|W|8|H5
6|1|225|71|280|224|4C|S|10|H3
6|1|68|200|258|305|4H|W|8|C4
6|1|195|196|17|209|3H|W|8|H4
6|1|51|277|270|188|4H|E|8|SA
6|1|69|78|306|43|4D|S|10|H3
6|1|22|247|267|94|2C|S|9|H3
6|1|72|310|67|24|3H|W|8|H4
6|10|86|139|186|152|3D|E|9|SK
6|10|106|240|176|166|3D|E|11|SA
6|10|31|2|3|4|3D|E|11|SA
6|10|225|71|280|224|4H|W|9|ST
6|10|68|200|258|305|2CX|S|8|CJ
6|10|195|196|17|209|2S|S|8|S6
6|10|51|277|270|188|1N|E|6|S4
6|10|69|78|306|43|4D|W|11|S7
6|10|22|247|267|94|4H|E|9|SA
6|10|72|310|67|24|3D|E|11|SK
6|11|86|139|186|152|4D|N|11|H3
6|11|106|240|176|166|3N|S|10|H4
6|11|31|2|3|4|3N|S|9|HT
6|11|225|71|280|224|3S|S|8|HT
6|11|68|200|258|305|3N|S|10|HT
6|11|195|196|17|209|3H|E|6|C3
6|11|51|277|270|188|3N|S|9|HT
6|11|69|78|306|43|3N|S|9|HT
6|11|22|247|267|94|3D|N|10|C5
6|11|72|310|67|24|3N|S|8|H6
6|12|86|139|186|152|6S|W|12|DK
6|12|106|240|176|166|6S|W|12|DQ
6|12|31|2|3|4|6S|W|12|S6
6|12|225|71|280|224|6S|E|12|D9
6|12|68|200|258|305|4S|E|12|C2
6|12|195|196|17|209|4S|E|12|C2
6|12|51|277|270|188|1NX|N|0|SK
6|12|69|78|306|43|6S|E|12|C4
6|12|22|247|267|94|6S|W|12|DK
6|12|72|310|67|24|4S|W|12|DK
6|13|86|139|186|152|2H|N|8|H6
6|13|106|240|176|166|2S|S|8|C4
6|13|31|2|3|4|2H|N|10|H6
6|13|225|71|280|224|2H|N|10|H6
6|13|68|200|258|305|2D|S|9|S2
6|13|195|196|17|209|2D|N|8|D4
6|13|51|277|270|188|2H|N|8|H7
6|13|69|78|306|43|3H|N|9|H6
6|13|22|247|267|94|2D|S|8|C4
6|13|72|310|67|24|2H|N|9|H7
6|14|86|139|186|152|5D|N|12|SQ
6|14|106|240|176|166|3N|N|11|C4
6|14|31|2|3|4|3N|S|12|SQ
6|14|225|71|280|224|7D|S|12|H8
6|14|68|200|258|305|6D|S|11|SQ
6|14|195|196|17|209|3N|S|11|SQ
6|14|51|277|270|188|3N|S|11|SQ
6|14|69|78|306|43|3N|N|11|C4
6|14|22|247|267|94|3N|S|11|SQ
6|14|72|310|67|24|3N|S|11|C6
6|15|86|139|186|152|3C|N|11|SJ
6|15|106|240|176|166|3N|S|8|S6
6|15|31|2|3|4|3N|N|9|H7
6|15|225|71|280|224|3N|S|10|H6
6|15|68|200|258|305|2S|N|9|H3
6|15|195|196|17|209|2S|N|9|SJ
6|15|51|277|270|188|3N|S|10|H5
6|15|69|78|306|43|3N|N|11|H3
6|15|22|247|267|94|2S|N|8|SJ
6|15|72|310|67|24|3N|S|9|S6
6|16|86|139|186|152|4S|N|11|S6
6|16|106|240|176|166|4S|N|11|CA
6|16|31|2|3|4|4H|N|12|H3
6|16|225|71|280|224|4H|N|12|S6
6|16|68|200|258|305|4S|N|11|H2
6|16|195|196|17|209|4H|N|10|H2
6|16|51|277|270|188|4S|N|10|D3
6|16|69|78|306|43|4H|N|10|S6
6|16|22|247|267|94|4H|N|12|H2
6|16|72|310|67|24|4H|N|9|S6
6|17|86|65|186|15|4H|N|9|S3
6|17|106|240|176|166|4H|N|10|S3
6|17|312|2|23|4|4H|N|11|S2
6|17|150|71|28|224|4H|N|9|D6
6|17|68|57|258|189|4H|N|9|S3
6|17|195|221|17|194|4H|N|9|S3
6|17|51|277|270|188|4H|N|10|S2
6|17|69|5|306|254|4H|N|10|D6
6|17|22|72|267|67|4H|N|10|S2
6|17|299|120|19|177|4H|N|11|S2
6|18|86|65|186|15|5D|W|12|H9
6|18|106|240|176|166|6D|E|12|H5
6|18|312|2|23|4|6D|E|12|H4
6|18|150|71|28|224|4N|E|11|S7
6|18|68|57|258|189|6D|E|12|H3
6|18|195|221|17|194|3N|E|11|S7
6|18|51|277|270|188|6D|W|12|H8
6|18|69|5|306|254|6D|W|12|C7
6|18|22|72|267|67|6D|E|12|CQ
6|18|299|120|19|177|6D|E|12|H4
6|19|86|65|186|15|3H|E|7|S9
6|19|106|240|176|166|4S|N|10|C8
6|19|312|2|23|4|3S|N|7|C8
6|19|150|71|28|224|4H|E|8|DA
6|19|68|57|258|189|3H|E|7|H3
6|19|195|221|17|194|3S|N|7|C8
6|19|51|277|270|188|3H|E|7|S4
6|19|69|5|306|254|4S|S|9|CA
6|19|22|72|267|67|3D|N|9|C8
6|19|299|120|19|177|4H|E|7|S6
6|2|86|139|186|152|3N|W|7|H5
6|2|106|240|176|166|3N|W|7|H5
6|2|31|2|3|4|3N|W|9|H5
6|2|225|71|280|224|3N|W|8|H5
6|2|68|200|258|305|3N|W|9|H2
6|2|195|196|17|209|3N|W|8|H5
6|2|51|277|270|188|3N|W|7|H5
6|2|69|78|306|43|3N|W|9|C6
6|2|22|247|267|94|3N|W|9|H5
6|2|72|310|67|24|3N|W|7|H5
6|20|86|65|186|15|4S|W|8|DJ
6|20|106|240|176|166|2H|E|7|D2
6|20|312|2|23|4|2S|W|9|DJ
6|20|150|71|28|224|4H|W|9|SQ
6|20|68|57|258|189|3S|E|7|D4
6|20|195|221|17|194|2S|W|7|DJ
6|20|51|277|270|188|4S|E|7|S2
6|20|69|5|306|254|4S|W|9|DJ
6|20|22|72|267|67|4H|E|8|D2
6|20|299|120|19|177|2S|W|5|SQ
6|21|86|65|186|15|3H|N|10|H6
6|21|106|240|176|166|4H|N|10|CA
6|21|312|2|23|4|5CX|E|9|HA
6|21|150|71|28|224|5CX|E|10|HA
6|21|68|57|258|189|5CX|E|9|HA
6|21|195|221|17|194|4H|N|10|HT
6|21|51|277|270|188|1N|E|5|H5
6|21|69|5|306|254|4H|N|9|H4
6|21|22|72|267|67|4H|N|10|HT
6|21|299|120|19|177|5CX|E|10|HA
6|22|86|65|186|15|5H|E|8|H5
6|22|106|240|176|166|4H|E|8|H3
6|22|312|2|23|4|5DX|E|7|D8
6|22|150|71|28|224|4H|E|8|H5
6|22|68|57|258|189|4S|N|9|DA
6|22|195|221|17|194|2H|E|8|SA
6|22|51|277|270|188|5D|E|9|SA
6|22|69|5|306|254|4H|E|8|CA
6|22|22|72|267|67|3H|E|9|D8
6|22|299|120|19|177|5HX|E|9|SA
6|23|86|65|186|15|3HX|S|7|C2
6|23|106|240|176|166|4S|E|9|C5
6|23|312|2|23|4|4S|E|8|C5
6|23|150|71|28|224|3N|E|10|D3
6|23|68|57|258|189|5S|E|8|C5
6|23|195|221|17|194|4S|E|8|D2
6|23|51|277|270|188|3N|E|8|S3
6|23|69|5|306|254|4S|E|7|C5
6|23|22|72|267|67|4S|E|8|C3
6|23|299|120|19|177|4S|W|8|DA
6|24|86|65|186|15|4HX|E|7|S4
6|24|106|240|176|166|4S|N|12|HA
6|24|312|2|23|4|4S|N|12|HT
6|24|150|71|28|224|4S|N|12|C6
6|24|68|57|258|189|6S|N|12|HA
6|24|195|221|17|194|4S|N|12|HA
6|24|51|277|270|188|4HX|E|7|S7
6|24|69|5|306|254|6HX|W|7|S7
6|24|22|72|267|67|5HX|E|7|S2
6|24|299|120|19|177|4S|N|11|HA
6|25|86|65|186|15|5C|W|10|C8
6|25|106|240|176|166|3N|S|9|CQ
6|25|312|2|23|4|4D|N|10|SK
6|25|150|71|28|224|3N|S|6|CQ
6|25|68|57|258|189|4D|N|10|SA
6|25|195|221|17|194|4C|W|10|H8
6|25|51|277|270|188|5C|W|10|DA
6|25|69|5|306|254|3D|N|9|SA
6|25|22|72|267|67|4C|W|10|H8
6|25|299|120|19|177|3S|W|6|C8
6|26|86|65|186|15|4H|W|10|HA
6|26|106|240|176|166|4D|E|10|SA
6|26|312|2|23|4|4H|W|10|S2
6|26|150|71|28|224|4H|W|10|S3
6|26|68|57|258|189|4H|W|10|S2
6|26|195|221|17|194|4H|W|10|S2
6|26|51|277|270|188|4H|W|10|S3
6|26|69|5|306|254|4H|W|10|D6
6|26|22|72|267|67|4H|W|10|S2
6|26|299|120|19|177|5HX|W|10|SQ
6|27|86|65|186|15|2H|W|10|DQ
6|27|106|240|176|166|3C|W|10|DQ
6|27|312|2|23|4|3H|E|10|DK
6|27|150|71|28|224|4H|E|10|DA
6|27|68|57|258|189|4H|E|10|DA
6|27|195|221|17|194|4H|W|10|H9
6|27|51|277|270|188|3D|N|9|HQ
6|27|69|5|306|254|5C|E|12|DK
6|27|22|72|267|67|4D|S|8|S3
6|27|299|120|19|177|3H|W|10|DQ
6|28|86|65|186|15|2N|E|10|C6
6|28|106|240|176|166|2S|W|9|H8
6|28|312|2|23|4|2S|W|8|C7
6|28|150|71|28|224|2S|W|9|C7
6|28|68|57|258|189|3H|E|8|CJ
6|28|195|221|17|194|2S|W|7|H4
6|28|51|277|270|188|2S|W|9|H8
6|28|69|5|306|254|2N|E|7|C6
6|28|22|72|267|67|2S|W|9|H2
6|28|299|120|19|177|2S|W|7|H4
6|29|86|65|186|15|4S|W|8|DA
6|29|106|240|176|166|4H|N|11|CK
6|29|312|2|23|4|2S|E|8|CQ
6|29|150|71|28|224|4HX|N|11|SJ
6|29|68|57|258|189|4SX|W|8|HA
6|29|195|221|17|194|4SX|W|9|HA
6|29|51|277|270|188|3S|W|8|DA
6|29|69|5|306|254|5HX|N|11|CA
6|29|22|72|267|67|3H|N|11|CA
6|29|299|120|19|177|4H|N|11|CA
6|3|86|139|186|152|3C|S|7|C8
6|3|106|240|176|166|3C|N|10|C9
6|3|31|2|3|4|4HX|E|11|D8
6|3|225|71|280|224|5CX|S|10|H3
6|3|68|200|258|305|4SX|W|8|CK
6|3|195|196|17|209|3H|W|11|CK
6|3|51|277|270|188|4H|W|10|CK
6|3|69|78|306|43|5H|W|11|CK
6|3|22|247|267|94|4H|W|11|CK
6|3|72|310|67|24|5CX|N|10|SA
6|30|86|65|186|15|2S|W|9|CA
6|30|106|240|176|166|1N|E|7|C2
6|30|312|2|23|4|2S|W|8|S3
6|30|150|71|28|224|3S|W|8|H4
6|30|68|57|258|189|2H|W|10|S3
6|30|195|221|17|194|1N|N|8|D2
6|30|51|277|270|188|3S|W|9|H9
6|30|69|5|306|254|2D|E|7|CQ
6|30|22|72|267|67|2S|W|9|H4
6|30|299|120|19|177|2D|E|7|CK
6|31|86|65|186|15|2H|W|11|CQ
6|31|106|240|176|166|4H|W|11|CQ
6|31|312|2|23|4|4H|W|11|CQ
6|31|150|71|28|224|4H|W|11|CQ
6|31|68|57|258|189|4H|E|11|CQ
6|31|195|221|17|194|4H|W|11|CQ
6|31|51|277|270|188|4H|W|11|CQ
6|31|69|5|306|254|3H|W|11|CQ
6|31|22|72|267|67|3H|W|11|CQ
6|31|299|120|19|177|4H|W|10|CQ
6|32|86|65|186|15|3D|E|8|D2
6|32|106|240|176|166|2D|E|8|DT
6|32|312|2|23|4|1N|W|7|CJ
6|32|150|71|28|224|3D|E|7|H4
6|32|68|57|258|189|2S|E|6|H2
6|32|195|221|17|194|P||0
6|32|51|277|270|188|1N|W|7|H8
6|32|69|5|306|254|1N|S|8|HA
6|32|22|72|267|67|1N|W|6|CJ
6|32|299|120|19|177|P||0
6|4|86|139|186|152|3S|N|8|D2
6|4|106|240|176|166|3D|W|10|HQ
6|4|31|2|3|4|3N|W|9|HQ
6|4|225|71|280|224|3D|W|10|HK
6|4|68|200|258|305|3H|S|8|DK
6|4|195|196|17|209|5DX|W|10|D9
6|4|51|277|270|188|3D|W|11|HK
6|4|69|78|306|43|3D|W|11|HK
6|4|22|247|267|94|3D|W|10|HK
6|4|72|310|67|24|3D|W|10|HK
6|5|86|139|186|152|5S|S|10|DA
6|5|106|240|176|166|4S|S|10|C2
6|5|31|2|3|4|5CX|E|10|D8
6|5|225|71|280|224|4H|S|10|DK
6|5|68|200|258|305|4S|S|10|DA
6|5|195|196|17|209|5S|S|10|S8
6|5|51|277|270|188|5CX|E|10|SK
6|5|69|78|306|43|5S|S|10|DA
6|5|22|247|267|94|4S|S|10|DA
6|5|72|310|67|24|5S|S|10|DA
6|6|86|139|186|152|3N|E|10|H6
6|6|106|240|176|166|3N|E|10|CQ
6|6|31|2|3|4|3N|E|10|CQ
6|6|225|71|280|224|6D|W|12|D4
6|6|68|200|258|305|3N|E|13|H5
6|6|195|196|17|209|4S|W|11|D7
6|6|51|277|270|188|4N|E|11|CQ
6|6|69|78|306|43|3N|W|11|S7
6|6|22|247|267|94|3N|E|10|H7
6|6|72|310|67|24|2H|W|10|D4
6|7|86|139|186|152|4H|W|10|CQ
6|7|106|240|176|166|4H|W|10|CQ
6|7|31|2|3|4|4H|W|10|CQ
6|7|225|71|280|224|4H|W|10|CQ
6|7|68|200|258|305|4H|W|10|SQ
6|7|195|196|17|209|4H|W|10|DQ
6|7|51|277|270|188|4H|W|10|SQ
6|7|69|78|306|43|4H|W|10|CQ
6|7|22|247|267|94|4H|E|11|C4
6|7|72|310|67|24|4H|W|11|SQ
6|8|86|139|186|152|1N|E|7|S2
6|8|106|240|176|166|1N|E|8|HQ
6|8|31|2|3|4|1N|E|7|CQ
6|8|225|71|280|224|1NX|W|7|HJ
6|8|68|200|258|305|1N|E|6|CQ
6|8|195|196|17|209|3NX|S|7|H3
6|8|51|277|270|188|1N|W|8|S3
6|8|69|78|306|43|1NX|W|7|H4
6|8|22|247|267|94|2H|N|9|D2
6|8|72|310|67|24|1N|E|7|S2
6|9|86|139|186|152|3N|W|10|SJ
6|9|106|240|176|166|5D|E|10|CK
6|9|31|2|3|4|3N|W|10|SQ
6|9|225|71|280|224|5D|E|10|CK
6|9|68|200|258|305|3N|W|10|S4
6|9|195|196|17|209|3N|W|10|S5
6|9|51|277|270|188|3N|W|10|S5
6|9|69|78|306|43|3N|W|11|C5
6|9|22|247|267|94|3N|W|10|SJ
6|9|72|310|67|24|3N|W|10|S5
7|1|106|312|176|23|4S|E|12|C3
7|1|71|65|224|15|4S|E|12|HQ
7|1|225|57|280|189|4S|E|12|C3
7|1|200|150|305|28|4S|E|10|C3
7|1|215|78|81|43|5S|E|12|C3
7|1|51|240|270|166|4S|E|11|C3
7|1|69|310|306|24|4S|E|11|C3
7|1|120|313|177|191|4S|E|12|C8
7|1|299|68|19|258|4S|E|12|C3
7|1|221|72|194|67|4S|E|11|C3
7|10|106|312|176|23|3N|N|5|C9
7|10|71|65|224|15|4S|S|10|H6
7|10|225|57|280|189|3N|N|10|HK
7|10|200|150|305|28|3H|E|7|SK
7|10|215|78|81|43|3N|N|5|S6
7|10|51|240|270|166|4S|S|10|H6
7|10|69|310|306|24|4S|S|10|H6
7|10|120|313|177|191|3N|N|5|S4
7|10|299|68|19|258|2S|S|10|H6
7|10|221|72|194|67|3N|N|10|HA
7|11|106|312|176|23|2DX|W|9|CQ
7|11|71|65|224|15|4H|W|10|CQ
7|11|225|57|280|189|4H|W|12|CK
7|11|200|150|305|28|3C|N|7|HA
7|11|215|78|81|43|2H|E|12|DT
7|11|51|240|270|166|4H|W|9|CK
7|11|69|310|306|24|4H|W|9|CK
7|11|120|313|177|191|4H|E|10|D4
7|11|299|68|19|258|4H|E|10|S3
7|11|221|72|194|67|2H|W|7|CK
7|12|106|312|176|23|3N|W|10|H2
7|12|71|65|224|15|3N|W|11|S6
7|12|225|57|280|189|5C|W|12|SQ
7|12|200|150|305|28|3N|W|11|S6
7|12|215|78|81|43|6C|W|12|SQ
7|12|51|240|270|166|3N|E|10|S8
7|12|69|310|306|24|3N|W|11|S6
7|12|120|313|177|191|6C|W|12|SQ
7|12|299|68|19|258|3N|E|9|S9
7|12|221|72|194|67|3N|E|9|S2
7|13|106|312|176|23|3N|S|11|S9
7|13|71|65|224|15|3N|S|10|D3
7|13|225|57|280|189|3N|S|10|S9
7|13|200|150|305|28|3N|S|11|S9
7|13|215|78|81|43|6C|S|11|D6
7|13|51|240|270|166|3N|S|11|HT
7|13|69|310|306|24|3N|S|11|S4
7|13|120|313|177|191|3N|S|10|D6
7|13|299|68|19|258|3N|S|11|S9
7|13|221|72|194|67|4N|S|11|S5
7|14|106|312|176|23|4S|N|9|S7
7|14|71|65|224|15|4S|N|8|S7
7|14|225|57|280|189|3S|N|9|H6
7|14|200|150|305|28|4S|N|9|S7
7|14|215|78|81|43|2S|N|10|DA
7|14|51|240|270|166|3C|W|8|H4
7|14|69|310|306|24|3D|E|7|HK
7|14|120|313|177|191|3H|S|6|C5
7|14|299|68|19|258|4S|N|11|SA
7|14|221|72|194|67|3C|E|9|HA
7|15|106|312|176|23|P||0
7|15|71|65|224|15|P||0
7|15|225|57|280|189|P||0
7|15|200|150|305|28|P||0
7|15|215|78|81|43|P||0
7|15|51|240|270|166|P||0
7|15|69|310|306|24|1N|S|9|S5
7|15|120|313|177|191|P||0
7|15|299|68|19|258|3C|N|9|SA
7|15|221|72|194|67|P||0
7|16|106|312|176|23|4H|W|9|CK
7|16|71|65|224|15|3H|E|10|SJ
7|16|225|57|280|189|3H|E|10|SJ
7|16|200|150|305|28|4S|E|8|C5
7|16|215|78|81|43|3C|S|9|HK
7|16|51|240|270|166|3C|N|9|H8
7|16|69|310|306|24|3H|E|10|SJ
7|16|120|313|177|191|3C|S|9|HK
7|16|299|68|19|258|3C|S|9|HK
7|16|221|72|194|67|5CX|S|9|HK
7|17|160|31|52|3|4S|N|9|H2
7|17|71|65|224|15|4S|N|9|D4
7|17|225|195|280|17|3N|S|9|C7
7|17|200|2|305|4|4S|N|9|H8
7|17|215|5|81|254|4S|N|9|D5
7|17|51|86|270|186|4S|N|9|H9
7|17|69|310|306|24|4S|N|9|H8
7|17|22|313|267|191|2S|N|9|H8
7|17|72|196|67|209|3S|S|9|CA
7|17|221|247|194|94|4S|S|9|CK
7|18|160|31|52|3|3D|E|7|C3
7|18|71|65|224|15|4S|N|9|DQ
7|18|225|195|280|17|3N|N|9|DQ
7|18|200|2|305|4|2S|S|10|D4
7|18|215|5|81|254|3N|N|10|DQ
7|18|51|86|270|186|3S|N|9|DQ
7|18|69|310|306|24|3S|N|10|HA
7|18|22|313|267|191|4S|N|9|HA
7|18|72|196|67|209|4S|S|9|D4
7|18|221|247|194|94|2S|S|9|HQ
7|19|160|31|52|3|7H|S|13|ST
7|19|71|65|224|15|7H|S|13|ST
7|19|225|195|280|17|7N|N|13|H7
7|19|200|2|305|4|7H|S|13|SK
7|19|215|5|81|254|7H|S|13|H2
7|19|51|86|270|186|6H|S|13|H2
7|19|69|310|306|24|7H|S|13|H2
7|19|22|313|267|191|7H|S|13|H2
7|19|72|196|67|209|7N|S|13|S9
7|19|221|247|194|94|7N|S|13|H2
7|2|106|312|176|23|3N|S|8|CK
7|2|71|65|224|15|3CX|W|7|DA
7|2|225|57|280|189|3D|S|7|CK
7|2|200|150|305|28|1N|S|7|CK
7|2|215|78|81|43|3D|S|8|CK
7|2|51|240|270|166|3N|N|7|C9
7|2|69|310|306|24|3N|S|8|CQ
7|2|120|313|177|191|3D|S|8|CK
7|2|299|68|19|258|3HX|W|5|C4
7|2|221|72|194|67|3N|S|9|CQ
7|20|160|31|52|3|3N|W|11|D3
7|20|71|65|224|15|3N|W|11|S6
7|20|225|195|280|17|3N|W|11|S6
7|20|200|2|305|4|3N|W|12|S6
7|20|215|5|81|254|3N|W|11|D3
7|20|51|86|270|186|3N|W|10|S6
7|20|69|310|306|24|3N|W|11|HT
7|20|22|313|267|191|3N|W|12|D3
7|20|72|196|67|209|3N|W|11|D3
7|20|221|247|194|94|3N|W|11|HT
7|21|160|31|52|3|4H|N|10|C9
7|21|71|65|224|15|3N|S|9|C2
7|21|225|195|280|17|4H|N|10|C9
7|21|200|2|305|4|4H|N|11|C9
7|21|215|5|81|254|4H|N|10|C9
7|21|51|86|270|186|4H|N|9|C9
7|21|69|310|306|24|4H|N|10|C9
7|21|22|313|267|191|4H|N|10|C9
7|21|72|196|67|209|5H|N|8|C9
7|21|221|247|194|94|4H|N|11|C9
7|22|160|31|52|3|5DX|N|9|HA
7|22|71|65|224|15|4H|W|9|CT
7|22|225|195|280|17|4SX|N|7|HA
7|22|200|2|305|4|5DX|N|8|HA
7|22|215|5|81|254|4H|W|9|CT
7|22|51|86|270|186|4H|W|9|SK
7|22|69|310|306|24|4SX|N|7|HA
7|22|22|313|267|191|5SX|N|7|HA
7|22|72|196|67|209|4H|W|9|CT
7|22|221|247|194|94|4H|W|9|CT
7|23|160|31|52|3|4S|S|11|H3
7|23|71|65|224|15|4S|S|11|H4
7|23|225|195|280|17|4S|S|11|H4
7|23|200|2|305|4|4S|S|12|CT
7|23|215|5|81|254|5S|S|11|H4
7|23|51|86|270|186|4S|S|12|CT
7|23|69|310|306|24|4S|S|11|H7
7|23|22|313|267|191|6S|S|11|H2
7|23|72|196|67|209|4S|S|12|CT
7|23|221|247|194|94|6S|S|13|CT
7|24|160|31|52|3|6N|E|12|HJ
7|24|71|65|224|15|6N|W|12|H4
7|24|225|195|280|17|6D|W|12|CJ
7|24|200|2|305|4|6N|W|12|C8
7|24|215|5|81|254|3N|W|12|H4
7|24|51|86|270|186|3N|W|12|H4
7|24|69|310|306|24|6N|W|12|D4
7|24|22|313|267|191|6N|W|12|H4
7|24|72|196|67|209|6N|E|12|C8
7|24|221|247|194|94|3N|W|12|S9
7|25|160|31|52|3|1S|W|7|H4
7|25|71|65|224|15|5D|E|10|S5
7|25|225|195|280|17|3C|W|8|CJ
7|25|200|2|305|4|4D|E|10|CK
7|25|215|5|81|254|3C|W|8|H2
7|25|51|86|270|186|3H|N|7|DK
7|25|69|310|306|24|3H|N|6|DK
7|25|22|313|267|191|3C|E|8|HA
7|25|72|196|67|209|5D|E|10|HA
7|25|221|247|194|94|2S|W|9|CJ
7|26|160|31|52|3|3D|W|9|HK
7|26|71|65|224|15|3S|S|6|C6
7|26|225|195|280|17|3D|W|9|HK
7|26|200|2|305|4|3D|W|9|HA
7|26|215|5|81|254|3S|S|6|C6
7|26|51|86|270|186|3D|W|9|HK
7|26|69|310|306|24|3D|W|9|HK
7|26|22|313|267|191|3S|S|6|C6
7|26|72|196|67|209|3S|S|6|C6
7|26|221|247|194|94|3D|E|9|CQ
7|27|160|31|52|3|2S|W|8|H4
7|27|71|65|224|15|2S|W|8|D5
7|27|225|195|280|17|2S|W|8|DQ
7|27|200|2|305|4|3C|E|9|C2
7|27|215|5|81|254|2S|W|9|DQ
7|27|51|86|270|186|2S|W|8|D2
7|27|69|310|306|24|2S|W|8|D3
7|27|22|313|267|191|4S|E|8|H6
7|27|72|196|67|209|3S|W|9|H4
7|27|221|247|194|94|2S|W|8|DQ
7|28|160|31|52|3|2S|N|8|H9
7|28|71|65|224|15|2S|N|8|H5
7|28|225|195|280|17|3S|N|8|DA
7|28|200|2|305|4|2S|N|8|H9
7|28|215|5|81|254|5DX|W|8|CK
7|28|51|86|270|186|2S|N|8|H5
7|28|69|310|306|24|2S|N|8|H9
7|28|22|313|267|191|2S|N|8|H6
7|28|72|196|67|209|2S|N|8|H5
7|28|221|247|194|94|2S|N|8|H5
7|29|160|31|52|3|3H|E|5|DQ
7|29|71|65|224|15|2S|S|7|C5
7|29|225|195|280|17|2S|N|10|HA
7|29|200|2|305|4|2D|N|7|HK
7|29|215|5|81|254|3H|W|6|DA
7|29|51|86|270|186|3N|W|6|D4
7|29|69|310|306|24|2H|W|6|DA
7|29|22|313|267|191|4H|E|5|DQ
7|29|72|196|67|209|4D|N|8|HA
7|29|221|247|194|94|2D|N|8|HA
7|3|106|312|176|23|4S|W|11|HJ
7|3|71|65|224|15|6S|W|11|HJ
7|3|225|57|280|189|4S|W|11|HJ
7|3|200|150|305|28|6S|E|11|HJ
7|3|215|78|81|43|5S|W|11|D6
7|3|51|240|270|166|4S|W|11|HJ
7|3|69|310|306|24|4S|E|11|DQ
7|3|120|313|177|191|4S|W|11|HJ
7|3|299|68|19|258|4S|W|11|HJ
7|3|221|72|194|67|4S|W|11|HJ
7|30|160|31|52|3|4SX|S|9|DA
7|30|71|65|224|15|5S|S|10|DK
7|30|225|195|280|17|5HX|W|10|S9
7|30|200|2|305|4|4SX|S|10|H3
7|30|215|5|81|254|5SX|S|9|DK
7|30|51|86|270|186|4H|W|11|HA
7|30|69|310|306|24|4H|E|11|DQ
7|30|22|313|267|191|5H|E|11|DQ
7|30|72|196|67|209|5HX|E|10|H3
7|30|221|247|194|94|5HX|E|11|DQ
7|31|160|31|52|3|4S|W|10|CK
7|31|71|65|224|15|4S|W|9|D2
7|31|225|195|280|17|4S|W|10|CK
7|31|200|2|305|4|4S|W|10|CK
7|31|215|5|81|254|5DX|S|10|D5
7|31|51|86|270|186|4S|W|9|D6
7|31|69|310|306|24|4S|W|9|D6
7|31|22|313|267|191|4S|W|9|D2
7|31|72|196|67|209|4S|W|9|D6
7|31|221|247|194|94|3S|W|10|CK
7|32|160|31|52|3|5D|N|9|S2
7|32|71|65|224|15|4C|S|10|H4
7|32|225|195|280|17|3N|N|10|C3
7|32|200|2|305|4|3N|N|9|HT
7|32|215|5|81|254|3S|W|10|CQ
7|32|51|86|270|186|3N|N|8|S2
7|32|69|310|306|24|3N|N|9|HT
7|32|22|313|267|191|3N|S|8|ST
7|32|72|196|67|209|3N|N|8|S2
7|32|221|247|194|94|3N|N|11|H9
7|4|106|312|176|23|3N|N|10|S5
7|4|71|65|224|15|3N|N|9|H7
7|4|225|57|280|189|3S|N|8|S2
7|4|200|150|305|28|5C|N|11|C9
7|4|215|78|81|43|3N|N|9|H8
7|4|51|240|270|166|3N|N|8|CT
7|4|69|310|306|24|5C|N|11|C6
7|4|120|313|177|191|4C|S|11|SK
7|4|299|68|19|258|3N|N|9|H7
7|4|221|72|194|67|3N|N|9|H8
7|5|106|312|176|23|4HX|S|9|CK
7|5|71|65|224|15|4DX|E|8|SA
7|5|225|57|280|189|5HX|S|9|CA
7|5|200|150|305|28|3H|S|8|CA
7|5|215|78|81|43|4HX|N|9|C3
7|5|51|240|270|166|5DX|E|8|HK
7|5|69|310|306|24|3D|E|8|HK
7|5|120|313|177|191|4H|N|9|DA
7|5|299|68|19|258|3H|S|7|CA
7|5|221|72|194|67|5HX|S|9|CA
7|6|106|312|176|23|3N|N|8|C2
7|6|71|65|224|15|3N|N|9|HT
7|6|225|57|280|189|3D|S|10|CK
7|6|200|150|305|28|2N|N|9|HT
7|6|215|78|81|43|3H|S|9|CK
7|6|51|240|270|166|2N|S|8|CK
7|6|69|310|306|24|3N|S|8|CK
7|6|120|313|177|191|3D|S|10|CK
7|6|299|68|19|258|4H|N|10|CA
7|6|221|72|194|67|3D|S|10|CK
7|7|106|312|176|23|3N|E|10|D7
7|7|71|65|224|15|3N|E|11|D7
7|7|225|57|280|189|3N|E|11|DJ
7|7|200|150|305|28|3N|E|11|D7
7|7|215|78|81|43|3N|E|11|D7
7|7|51|240|270|166|3N|E|11|D7
7|7|69|310|306|24|3N|E|11|D4
7|7|120|313|177|191|3N|E|10|D9
7|7|299|68|19|258|3N|E|9|H5
7|7|221|72|194|67|3N|E|9|H7
7|8|106|312|176|23|3S|N|8|CK
7|8|71|65|224|15|5D|E|11|S4
7|8|225|57|280|189|4D|E|11|CT
7|8|200|150|305|28|3S|N|7|CA
7|8|215|78|81|43|4D|E|11|S7
7|8|51|240|270|166|4S|N|8|CK
7|8|69|310|306|24|3H|S|5|DA
7|8|120|313|177|191|3S|N|8|DK
7|8|299|68|19|258|4D|E|11|S4
7|8|221|72|194|67|5D|E|11|S4
7|9|106|312|176|23|4S|S|10|C9
7|9|71|65|224|15|4S|S|9|C9
7|9|225|57|280|189|5SX|N|10|S2
7|9|200|150|305|28|5H|W|11|CQ
7|9|215|78|81|43|5S|S|10|C9
7|9|51|240|270|166|5H|W|10|S6
7|9|69|310|306|24|4S|N|11|HJ
7|9|120|313|177|191|5H|W|11|SQ
7|9|299|68|19|258|5HX|W|11|SQ
7|9|221|72|194|67|5HX|W|11|CQ
8|1|195|160|17|52|3C|S|9|H5
8|1|106|57|176|189|3H|W|9|C6
8|1|68|150|258|28|2S|N|8|H2
8|1|2|196|4|209|3HX|W|8|H3
8|1|5|31|254|3|3H|W|9|H3
8|1|312|78|23|43|4S|N|7|H6
8|1|120|86|177|186|4C|S|10|H4
8|1|240|22|166|267|5C|S|11|H4
8|1|299|313|19|191|4C|S|9|H5
8|1|277|247|188|94|3C|S|9|H4
8|10|195|160|17|52|2S|N|7|C6
8|10|106|57|176|189|3H|E|8|S4
8|10|68|150|258|28|2H|W|9|HK
8|10|2|196|4|209|2S|S|8|HA
8|10|5|31|254|3|4S|S|6|HA
8|10|312|78|23|43|2H|E|8|HT
8|10|120|86|177|186|3H|E|8|S4
8|10|240|22|166|267|3S|S|9|HA
8|10|299|313|19|191|3H|W|9|DK
8|10|277|247|188|94|2S|S|9|D8
8|11|195|160|17|52|2S|S|9|H8
8|11|106|57|176|189|3S|S|9|H4
8|11|68|150|258|28|2S|N|9|C8
8|11|2|196|4|209|1S|S|9|DJ
8|11|5|31|254|3|2S|S|8|DJ
8|11|312|78|23|43|1N|N|8|H2
8|11|120|86|177|186|2C|W|6|ST
8|11|240|22|166|267|1S|S|9|H4
8|11|299|313|19|191|1S|S|9|DJ
8|11|277|247|188|94|2S|S|9|DJ
8|12|195|160|17|52|5HX|S|7|SK
8|12|106|57|176|189|4S|W|10|H5
8|12|68|150|258|28|4SX|W|10|H5
8|12|2|196|4|209|4H|S|8|SK
8|12|5|31|254|3|4S|W|10|H5
8|12|312|78|23|43|4S|W|9|H5
8|12|120|86|177|186|4HX|S|7|SK
8|12|240|22|166|267|4HX|S|7|SK
8|12|299|313|19|191|4HX|S|8|SK
8|12|277|247|188|94|4S|W|10|H5
8|13|195|160|17|52|2S|N|7|H3
8|13|106|57|176|189|2H|E|9|SK
8|13|68|150|258|28|2S|N|8|DA
8|13|2|196|4|209|2H|E|9|SK
8|13|5|31|254|3|2H|E|9|SK
8|13|312|78|23|43|2H|E|9|HQ
8|13|120|86|177|186|2S|N|8|DK
8|13|240|22|166|267|2H|W|8|SK
8|13|299|313|19|191|2H|E|9|SA
8|13|277|247|188|94|2S|S|7|HA
8|14|195|160|17|52|3H|E|6|SA
8|14|106|57|176|189|1N|E|7|C4
8|14|68|150|258|28|2D|W|7|H3
8|14|2|196|4|209|3N|W|7|CA
8|14|5|31|254|3|3C|S|9|DA
8|14|312|78|23|43|2D|W|9|H3
8|14|120|86|177|186|1N|E|7|C4
8|14|240|22|166|267|3D|W|7|CA
8|14|299|313|19|191|3D|E|8|S5
8|14|277|247|188|94|2S|N|7|C7
8|15|195|160|17|52|6H|E|12|S6
8|15|106|57|176|189|6H|E|12|DQ
8|15|68|150|258|28|6H|W|12|CA
8|15|2|196|4|209|6H|E|12|S8
8|15|5|31|254|3|6H|W|12|CA
8|15|312|78|23|43|6H|E|12|H9
8|15|120|86|177|186|4H|W|12|DT
8|15|240|22|166|267|6H|E|12|S6
8|15|299|313|19|191|6H|E|12|S6
8|15|277|247|188|94|6H|W|12|SJ
8|16|195|160|17|52|4S|N|11|DQ
8|16|106|57|176|189|4S|N|11|C2
8|16|68|150|258|28|4S|N|10|DQ
8|16|2|196|4|209|5CX|W|9|SK
8|16|5|31|254|3|2C|S|4|SJ
8|16|312|78|23|43|4S|N|10|DQ
8|16|120|86|177|186|3S|N|11|H7
8|16|240|22|166|267|4S|S|11|CA
8|16|299|313|19|191|2S|S|12|S5
8|16|277|247|188|94|4S|S|11|CA
8|17|200|65|305|15|2D|E|9|D5
8|17|160|57|52|189|1N|W|7|C8
8|17|221|150|194|28|1N|W|7|H2
8|17|225|196|280|209|1N|W|9|C8
8|17|5|31|254|3|2H|S|7|CK
8|17|71|78|224|43|2N|W|7|C8
8|17|310|240|24|166|3N|W|8|C8
8|17|215|120|81|177|2D|E|10|D5
8|17|299|313|19|191|1N|W|8|HK
8|17|277|72|188|67|2D|E|8|D9
8|18|200|65|305|15|3N|E|8|CA
8|18|160|57|52|189|3N|W|6|H2
8|18|221|150|194|28|3N|W|8|H9
8|18|225|196|280|209|3N|E|7|D6
8|18|5|31|254|3|4H|W|8|C6
8|18|71|78|224|43|3N|W|8|C7
8|18|310|240|24|166|3N|E|8|H8
8|18|215|120|81|177|4H|E|7|CK
8|18|299|313|19|191|3N|W|8|C5
8|18|277|72|188|67|4H|W|8|C5
8|19|200|65|305|15|3D|S|8|H2
8|19|160|57|52|189|P||0
8|19|221|150|194|28|3D|S|8|H7
8|19|225|196|280|209|3D|S|9|H7
8|19|5|31|254|3|3D|S|8|S5
8|19|71|78|224|43|3D|N|8|S8
8|19|310|240|24|166|4D|S|8|H2
8|19|215|120|81|177|3N|N|7|HK
8|19|299|313|19|191|3D|S|8|H7
8|19|277|72|188|67|3D|S|8|S7
8|2|195|160|17|52|4D|E|10|CJ
8|2|106|57|176|189|1N|W|8|SQ
8|2|68|150|258|28|3S|N|10|DA
8|2|2|196|4|209|4SX|N|9|S8
8|2|5|31|254|3|3D|E|10|CJ
8|2|312|78|23|43|4S|N|10|DA
8|2|120|86|177|186|3D|E|10|CJ
8|2|240|22|166|267|2D|W|10|CJ
8|2|299|313|19|191|3S|S|8|DQ
8|2|277|247|188|94|4D|E|10|CJ
8|20|200|65|305|15|3S|W|9|H2
8|20|160|57|52|189|2S|W|9|H7
8|20|221|150|194|28|2S|W|9|H2
8|20|225|196|280|209|3S|W|9|H7
8|20|5|31|254|3|3N|E|6|C2
8|20|71|78|224|43|2S|W|9|H2
8|20|310|240|24|166|4C|S|9|SQ
8|20|215|120|81|177|3N|E|9|H5
8|20|299|313|19|191|3N|E|8|S2
8|20|277|72|188|67|3S|W|7|C4
8|21|200|65|305|15|2D|S|6|S4
8|21|160|57|52|189|4H|E|9|S7
8|21|221|150|194|28|4H|E|8|D2
8|21|225|196|280|209|2H|E|11|C6
8|21|5|31|254|3|2H|E|10|D2
8|21|71|78|224|43|3H|E|9|C2
8|21|310|240|24|166|2H|E|10|C8
8|21|215|120|81|177|4H|E|8|S7
8|21|299|313|19|191|2H|E|9|C2
8|21|277|72|188|67|2H|E|9|D6
8|22|200|65|305|15|3H|S|8|C2
8|22|160|57|52|189|4S|E|9|CQ
8|22|221|150|194|28|3H|S|9|C2
8|22|225|196|280|209|2H|S|8|C2
8|22|5|31|254|3|3S|E|10|CQ
8|22|71|78|224|43|3S|E|7|CQ
8|22|310|240|24|166|2H|S|8|C2
8|22|215|120|81|177|2H|S|8|C2
8|22|299|313|19|191|3H|N|9|C6
8|22|277|72|188|67|4H|S|8|C2
8|23|200|65|305|15|1N|N|7|S5
8|23|160|57|52|189|1N|W|6|H3
8|23|221|150|194|28|1N|W|6|CQ
8|23|225|196|280|209|1N|W|6|H3
8|23|5|31|254|3|1N|W|6|H3
8|23|71|78|224|43|1N|N|9|H4
8|23|310|240|24|166|1N|W|8|H3
8|23|215|120|81|177|1N|W|7|H3
8|23|299|313|19|191|1N|W|7|H3
8|23|277|72|188|67|1N|W|5|H3
8|24|200|65|305|15|3S|S|11|D8
8|24|160|57|52|189|4SX|S|10|HA
8|24|221|150|194|28|4S|N|9|H4
8|24|225|196|280|209|4H|W|7|CA
8|24|5|31|254|3|4S|N|9|H4
8|24|71|78|224|43|4S|S|11|D8
8|24|310|240|24|166|3H|W|7|D2
8|24|215|120|81|177|3H|W|9|D3
8|24|299|313|19|191|4S|S|10|HA
8|24|277|72|188|67|5SX|S|10|HA
8|25|200|65|305|15|2S|E|8|CQ
8|25|160|57|52|189|1H|W|9|DK
8|25|221|150|194|28|3H|W|9|DA
8|25|225|196|280|209|1NX|N|7|S2
8|25|5|31|254|3|2H|W|9|DA
8|25|71|78|224|43|3H|W|9|DK
8|25|310|240|24|166|2H|W|10|DA
8|25|215|120|81|177|3C|N|8|H8
8|25|299|313|19|191|4HX|W|9|DA
8|25|277|72|188|67|3H|W|9|DK
8|26|200|65|305|15|3N|N|10|D5
8|26|160|57|52|189|3N|N|12|H3
8|26|221|150|194|28|3N|N|11|H3
8|26|225|196|280|209|3N|N|11|H3
8|26|5|31|254|3|3N|N|11|H3
8|26|71|78|224|43|3N|N|11|H3
8|26|310|240|24|166|3N|S|10|D6
8|26|215|120|81|177|3N|S|10|HA
8|26|299|313|19|191|3N|N|10|H3
8|26|277|72|188|67|3N|S|10|D8
8|27|200|65|305|15|5CX|E|8|S9
8|27|160|57|52|189|5H|S|11|CA
8|27|221|150|194|28|4H|S|10|CA
8|27|225|196|280|209|4CX|W|8|S7
8|27|5|31|254|3|6H|S|10|CA
8|27|71|78|224|43|4H|S|10|CA
8|27|310|240|24|166|6H|S|10|CA
8|27|215|120|81|177|4HX|S|10|CA
8|27|299|313|19|191|4H|N|10|C9
8|27|277|72|188|67|5CX|W|8|S9
8|28|200|65|305|15|3N|S|7|DT
8|28|160|57|52|189|3N|S|11|C6
8|28|221|150|194|28|3N|S|10|C6
8|28|225|196|280|209|4H|S|10|DT
8|28|5|31|254|3|3N|S|9|DT
8|28|71|78|224|43|3N|S|10|C6
8|28|310|240|24|166|6S|N|11|D3
8|28|215|120|81|177|3N|S|9|DT
8|28|299|313|19|191|3N|S|9|C6
8|28|277|72|188|67|3N|S|9|C6
8|29|200|65|305|15|1N|N|9|ST
8|29|160|57|52|189|1N|N|10|S9
8|29|221|150|194|28|2H|E|6|D4
8|29|225|196|280|209|1NX|N|10|H7
8|29|5|31|254|3|1N|N|7|ST
8|29|71|78|224|43|1N|N|9|C3
8|29|310|240|24|166|1N|N|7|ST
8|29|215|120|81|177|1N|N|9|H4
8|29|299|313|19|191|1N|N|8|S9
8|29|277|72|188|67|1N|N|9|H7
8|3|195|160|17|52|6D|S|12|CK
8|3|106|57|176|189|3N|S|11|CA
8|3|68|150|258|28|4S|N|13|D5
8|3|2|196|4|209|3N|S|8|CA
8|3|5|31|254|3|4S|N|12|C5
8|3|312|78|23|43|4S|N|12|C4
8|3|120|86|177|186|5S|N|13|S3
8|3|240|22|166|267|4S|N|12|C2
8|3|299|313|19|191|6S|N|12|C5
8|3|277|247|188|94|6S|N|12|C4
8|30|200|65|305|15|2H|E|7|S8
8|30|160|57|52|189|3D|N|10|H4
8|30|221|150|194|28|3H|E|8|S8
8|30|225|196|280|209|3C|S|8|SK
8|30|5|31|254|3|3D|S|9|HJ
8|30|71|78|224|43|3S|N|8|H4
8|30|310|240|24|166|3H|E|7|S3
8|30|215|120|81|177|2S|N|8|DK
8|30|299|313|19|191|2S|N|9|DQ
8|30|277|72|188|67|3H|E|7|S3
8|31|200|65|305|15|6C|S|11|SQ
8|31|160|57|52|189|2CX|N|11|SA
8|31|221|150|194|28|6SX|E|9|CA
8|31|225|196|280|209|5SX|E|9|CA
8|31|5|31|254|3|6C|S|11|S6
8|31|71|78|224|43|5C|S|11|S2
8|31|310|240|24|166|6SX|E|9|S5
8|31|215|120|81|177|5SX|E|9|S8
8|31|299|313|19|191|6SX|E|9|CA
8|31|277|72|188|67|5SX|E|9|S5
8|32|200|65|305|15|3S|E|9|C2
8|32|160|57|52|189|3S|E|9|D4
8|32|221|150|194|28|3S|E|8|D3
8|32|225|196|280|209|2S|E|9|C6
8|32|5|31|254|3|3S|E|8|D3
8|32|71|78|224|43|2S|E|9|D3
8|32|310|240|24|166|2S|E|9|D4
8|32|215|120|81|177|3S|E|8|D5
8|32|299|313|19|191|3S|E|9|C2
8|32|277|72|188|67|3H|E|7|C6
8|4|195|160|17|52|2S|S|8|HK
8|4|106|57|176|189|2S|S|8|HK
8|4|68|150|258|28|2S|S|9|C4
8|4|2|196|4|209|2S|S|8|S4
8|4|5|31|254|3|3D|E|9|SA
8|4|312|78|23|43|3S|S|9|C4
8|4|120|86|177|186|3C|W|7|S3
8|4|240|22|166|267|3C|W|7|S8
8|4|299|313|19|191|2S|N|8|HK
8|4|277|247|188|94|1N|W|6|S3
8|5|195|160|17|52|1N|E|7|H4
8|5|106|57|176|189|1N|E|9|H4
8|5|68|150|258|28|1N|W|9|H9
8|5|2|196|4|209|1N|E|8|H4
8|5|5|31|254|3|1N|E|7|H4
8|5|312|78|23|43|3N|W|9|H9
8|5|120|86|177|186|1N|S|4|C4
8|5|240|22|166|267|1N|E|8|H4
8|5|299|313|19|191|1N|E|8|H4
8|5|277|247|188|94|1N|E|7|H4
8|6|195|160|17|52|4H|N|9|DT
8|6|106|57|176|189|4H|N|10|S2
8|6|68|150|258|28|3H|S|10|D7
8|6|2|196|4|209|4H|N|11|DT
8|6|5|31|254|3|4H|N|10|S2
8|6|312|78|23|43|4H|N|9|HJ
8|6|120|86|177|186|4H|N|9|HJ
8|6|240|22|166|267|3S|N|8|HJ
8|6|299|313|19|191|4H|N|9|S7
8|6|277|247|188|94|4H|N|11|D9
8|7|195|160|17|52|3N|N|10|D2
8|7|106|57|176|189|3N|N|11|ST
8|7|68|150|258|28|3N|N|10|S2
8|7|2|196|4|209|3N|N|11|D2
8|7|5|31|254|3|3N|N|10|S3
8|7|312|78|23|43|3N|N|10|D2
8|7|120|86|177|186|3N|N|11|C9
8|7|240|22|166|267|3N|N|11|D2
8|7|299|313|19|191|3N|N|9|S3
8|7|277|247|188|94|3N|N|10|D2
8|8|195|160|17|52|3N|N|9|S7
8|8|106|57|176|189|3N|N|9|S7
8|8|68|150|258|28|5D|N|9|C4
8|8|2|196|4|209|3N|N|10|S7
8|8|5|31|254|3|4H|S|10|SA
8|8|312|78|23|43|3N|N|9|S9
8|8|120|86|177|186|5C|S|10|C2
8|8|240|22|166|267|4C|S|8|DQ
8|8|299|313|19|191|3N|N|9|S7
8|8|277|247|188|94|5H|S|10|C8
8|9|195|160|17|52|3N|W|10|SJ
8|9|106|57|176|189|5D|W|11|SJ
8|9|68|150|258|28|3N|E|9|S3
8|9|2|196|4|209|3N|E|10|C9
8|9|5|31|254|3|3H|E|9|SA
8|9|312|78|23|43|5D|E|11|SA
8|9|120|86|177|186|3N|W|9|C2
8|9|240|22|166|267|5D|W|12|C5
8|9|299|313|19|191|5D|W|11|C5
8|9|277|247|188|94|5D|W|11|SJ
9|1|106|2|176|4|3D|N|11|HK
9|1|225|65|280|15|4S|N|11|C6
9|1|195|78|17|43|3N|S|9|H4
9|1|51|200|270|305|3C|N|10|ST
9|1|312|120|23|177|4S|N|11|C5
9|1|22|31|267|3|3N|S|8|H4
9|1|86|72|186|67|3H|W|6|DA
9|1|247|240|94|166|4S|N|11|H9
9|1|69|68|306|258|2H|W|6|C3
9|1|196|313|209|191|5D|S|11|C5
9|10|106|2|176|4|4S|N|11|S5
9|10|225|65|280|15|4S|N|10|CA
9|10|195|78|17|43|4S|N|10|D5
9|10|51|200|270|305|4S|N|10|D2
9|10|312|120|23|177|4S|N|9|D5
9|10|22|31|267|3|4S|N|10|D4
9|10|86|72|186|67|4S|N|11|CA
9|10|247|240|94|166|4S|N|11|S6
9|10|69|68|306|258|3N|N|9|H4
9|10|196|313|209|191|4S|N|11|S5
9|11|106|2|176|4|3N|S|7|ST
9|11|225|65|280|15|4H|N|8|SK
9|11|195|78|17|43|3N|S|7|ST
9|11|51|200|270|305|3N|S|7|ST
9|11|312|120|23|177|3N|S|8|ST
9|11|22|31|267|3|3N|S|8|ST
9|11|86|72|186|67|3N|S|7|ST
9|11|247|240|94|166|3N|S|7|S6
9|11|69|68|306|258|3N|S|8|ST
9|11|196|313|209|191|3N|S|8|S9
9|12|106|2|176|4|3SX|W|6|CA
9|12|225|65|280|15|3N|N|11|S3
9|12|195|78|17|43|4C|S|9|DA
9|12|51|200|270|305|5CX|S|9|DA
9|12|312|120|23|177|3H|W|8|H2
9|12|22|31|267|3|3SX|W|7|CA
9|12|86|72|186|67|4S|W|8|HJ
9|12|247|240|94|166|3S|W|6|CA
9|12|69|68|306|258|4CX|S|9|DQ
9|12|196|313|209|191|2H|W|8|D8
9|13|106|2|176|4|3N|N|12|H5
9|13|225|65|280|15|3N|N|12|C2
9|13|195|78|17|43|3N|N|12|S9
9|13|51|200|270|305|5D|S|11|CA
9|13|312|120|23|177|3N|N|11|C8
9|13|22|31|267|3|3N|N|12|C4
9|13|86|72|186|67|3N|N|12|H5
9|13|247|240|94|166|4H|S|12|CK
9|13|69|68|306|258|6D|S|11|CK
9|13|196|313|209|191|5D|S|11|CK
9|14|106|2|176|4|3C|E|9|D6
9|14|225|65|280|15|3N|W|10|S5
9|14|195|78|17|43|3D|N|6|C3
9|14|51|200|270|305|3C|W|9|S4
9|14|312|120|23|177|3N|W|7|D2
9|14|22|31|267|3|2D|S|6|CA
9|14|86|72|186|67|3N|W|9|S3
9|14|247|240|94|166|2C|W|9|S5
9|14|69|68|306|258|2S|E|8|D6
9|14|196|313|209|191|3N|W|8|D4
9|15|106|2|176|4|4S|E|9|CK
9|15|225|65|280|15|4S|E|9|CK
9|15|195|78|17|43|4S|E|10|CK
9|15|51|200|270|305|4S|E|9|CK
9|15|312|120|23|177|4SX|E|9|CK
9|15|22|31|267|3|4S|E|9|CA
9|15|86|72|186|67|4S|E|10|CA
9|15|247|240|94|166|4S|E|10|CA
9|15|69|68|306|258|4S|E|10|CK
9|15|196|313|209|191|4S|E|10|CK
9|16|106|2|176|4|4H|S|9|ST
9|16|225|65|280|15|3H|S|9|H4
9|16|195|78|17|43|4SX|N|7|S4
9|16|51|200|270|305|4H|S|9|DK
9|16|312|120|23|177|3H|S|10|ST
9|16|22|31|267|3|2H|S|8|H4
9|16|86|72|186|67|3N|S|8|DK
9|16|247|240|94|166|4H|S|11|DK
9|16|69|68|306|258|3N|S|9|DK
9|16|196|313|209|191|3N|S|9|S9
9|17|106|2|176|4|1N|N|6|CK
9|17|150|160|28|52|1N|N|5|CK
9|17|195|5|17|254|2C|E|10|H3
9|17|51|200|270|305|1N|S|4|HA
9|17|312|310|23|24|2H|N|8|CK
9|17|22|71|267|224|2H|S|7|D5
9|17|215|72|81|67|3H|S|7|D8
9|17|247|86|94|186|2H|N|8|CA
9|17|277|68|188|258|1N|N|4|CA
9|17|221|313|194|191|1N|N|7|CA
9|18|106|2|176|4|3D|E|9|HK
9|18|150|160|28|52|3C|E|11|HK
9|18|195|5|17|254|3C|W|11|H4
9|18|51|200|270|305|1N|W|11|H6
9|18|312|310|23|24|2C|W|10|DQ
9|18|22|71|267|224|3C|W|11|DQ
9|18|215|72|81|67|3N|E|9|HK
9|18|247|86|94|186|2C|W|10|H4
9|18|277|68|188|258|3C|W|11|H6
9|18|221|313|194|191|2C|N|3|HJ
9|19|106|2|176|4|2H|S|7|C2
9|19|150|160|28|52|2S|W|9|D8
9|19|195|5|17|254|1N|S|5|DT
9|19|51|200|270|305|1N|S|6|DT
9|19|312|310|23|24|3C|S|7|S5
9|19|22|71|267|224|1N|S|6|DJ
9|19|215|72|81|67|2H|S|6|C2
9|19|247|86|94|186|1N|E|10|C3
9|19|277|68|188|258|1N|S|5|DJ
9|19|221|313|194|191|1N|E|10|HK
9|2|106|2|176|4|1N|E|7|H4
9|2|225|65|280|15|2S|E|9|SJ
9|2|195|78|17|43|3C|E|9|SJ
9|2|51|200|270|305|2S|E|9|H4
9|2|312|120|23|177|1N|E|7|SJ
9|2|22|31|267|3|1N|E|9|H4
9|2|86|72|186|67|1N|E|9|H4
9|2|247|240|94|166|1N|E|9|H4
9|2|69|68|306|258|2S|E|9|H4
9|2|196|313|209|191|2D|S|8|HT
9|20|106|2|176|4|4H|W|9|CT
9|20|150|160|28|52|2S|N|6|D7
9|20|195|5|17|254|3H|E|9|S4
9|20|51|200|270|305|2H|W|8|C5
9|20|312|310|23|24|3H|E|9|S8
9|20|22|71|267|224|3H|W|9|D4
9|20|215|72|81|67|4H|E|9|S7
9|20|247|86|94|186|1N|W|7|S3
9|20|277|68|188|258|3H|E|9|S7
9|20|221|313|194|191|4H|E|9|S4
9|21|106|2|176|4|4S|E|10|D9
9|21|150|160|28|52|4S|E|10|C2
9|21|195|5|17|254|4S|E|10|D5
9|21|51|200|270|305|3S|W|9|H2
9|21|312|310|23|24|4S|E|10|D5
9|21|22|71|267|224|3S|E|9|D5
9|21|215|72|81|67|4S|E|9|D9
9|21|247|86|94|186|4S|E|9|D5
9|21|277|68|188|258|1NX|N|6|SA
9|21|221|313|194|191|4S|E|9|C5
9|22|106|2|176|4|1N|E|7|S3
9|22|150|160|28|52|2S|N|6|HT
9|22|195|5|17|254|2S|S|6|C7
9|22|51|200|270|305|2H|E|8|D6
9|22|312|310|23|24|2S|N|6|H9
9|22|22|71|267|224|2S|S|6|C7
9|22|215|72|81|67|3H|E|8|D6
9|22|247|86|94|186|2S|S|6|C7
9|22|277|68|188|258|2S|N|7|HT
9|22|221|313|194|191|2S|S|6|C4
9|23|106|2|176|4|5S|S|11|HK
9|23|150|160|28|52|4S|S|12|HK
9|23|195|5|17|254|5S|S|11|HK
9|23|51|200|270|305|4H|W|11|CT
9|23|312|310|23|24|5S|S|12|HK
9|23|22|71|267|224|6S|S|11|HA
9|23|215|72|81|67|4S|S|12|HK
9|23|247|86|94|186|5HX|W|12|D6
9|23|277|68|188|258|5HX|W|12|D6
9|23|221|313|194|191|5S|S|11|HA
9|24|106|2|176|4|4S|N|11|DK
9|24|150|160|28|52|4S|N|10|H3
9|24|195|5|17|254|2DX|E|7|DT
9|24|51|200|270|305|3N|S|8|HT
9|24|312|310|23|24|4S|N|10|H3
9|24|22|71|267|224|3S|N|11|H7
9|24|215|72|81|67|3S|N|11|H3
9|24|247|86|94|186|1CX|E|5|CJ
9|24|277|68|188|258|4S|N|11|S3
9|24|221|313|194|191|1D|S|8|C5
9|25|106|2|176|4|3H|W|9|DK
9|25|150|160|28|52|3H|W|9|DA
9|25|195|5|17|254|5D|N|9|H6
9|25|51|200|270|305|3H|W|10|S6
9|25|312|310|23|24|4C|N|5|H4
9|25|22|71|267|224|4H|W|10|DA
9|25|215|72|81|67|4HX|W|9|DK
9|25|247|86|94|186|4HX|W|9|DA
9|25|277|68|188|258|3H|W|10|C4
9|25|221|313|194|191|2S|E|8|ST
9|26|106|2|176|4|1HX|S|6|H4
9|26|150|160|28|52|2C|S|6|SK
9|26|195|5|17|254|1N|E|7|CK
9|26|51|200|270|305|1N|E|8|CK
9|26|312|310|23|24|1N|E|8|CK
9|26|22|71|267|224|2C|S|6|C5
9|26|215|72|81|67|2N|E|8|CK
9|26|247|86|94|186|1N|E|7|CA
9|26|277|68|188|258|1N|S|6|H6
9|26|221|313|194|191|1N|E|8|CA
9|27|106|2|176|4|3N|S|11|ST
9|27|150|160|28|52|3N|S|11|ST
9|27|195|5|17|254|6C|S|12|HJ
9|27|51|200|270|305|6C|S|12|HJ
9|27|312|310|23|24|3N|S|11|HJ
9|27|22|71|267|224|6C|S|12|HJ
9|27|215|72|81|67|6C|S|12|HJ
9|27|247|86|94|186|6C|S|12|ST
9|27|277|68|188|258|3N|S|11|ST
9|27|221|313|194|191|3N|S|11|HJ
9|28|106|2|176|4|1N|W|7|S3
9|28|150|160|28|52|1N|W|8|S5
9|28|195|5|17|254|2S|N|8|CK
9|28|51|200|270|305|2S|N|8|CK
9|28|312|310|23|24|1N|W|7|S3
9|28|22|71|267|224|2S|N|8|CK
9|28|215|72|81|67|1N|W|7|S5
9|28|247|86|94|186|1N|W|7|S5
9|28|277|68|188|258|3C|W|7|S5
9|28|221|313|194|191|2N|W|7|S3
9|29|106|2|176|4|3D|N|10|S3
9|29|150|160|28|52|2H|S|7|SA
9|29|195|5|17|254|4D|S|10|C9
9|29|51|200|270|305|4H|S|10|DJ
9|29|312|310|23|24|3N|N|9|S3
9|29|22|71|267|224|3D|N|10|S7
9|29|215|72|81|67|3H|S|9|C9
9|29|247|86|94|186|3N|N|9|S7
9|29|277|68|188|258|3N|N|9|S7
9|29|221|313|194|191|2SX|W|8|DA
9|3|106|2|176|4|6H|S|13|SQ
9|3|225|65|280|15|6C|S|11|HQ
9|3|195|78|17|43|6H|S|13|SQ
9|3|51|200|270|305|6H|S|12|C2
9|3|312|120|23|177|4H|S|13|SQ
9|3|22|31|267|3|6H|S|13|SQ
9|3|86|72|186|67|4N|S|12|SQ
9|3|247|240|94|166|6H|S|13|SQ
9|3|69|68|306|258|6H|S|12|SQ
9|3|196|313|209|191|4H|S|13|SQ
9|30|106|2|176|4|3N|S|8|S4
9|30|150|160|28|52|3N|N|8|SJ
9|30|195|5|17|254|3S|W|7|D4
9|30|51|200|270|305|3N|S|9|S4
9|30|312|310|23|24|3N|N|9|SJ
9|30|22|71|267|224|3N|S|10|S4
9|30|215|72|81|67|3N|S|10|H7
9|30|247|86|94|186|3N|S|12|S4
9|30|277|68|188|258|4N|S|10|S2
9|30|221|313|194|191|4SX|W|7|D4
9|31|106|2|176|4|5D|S|11|CK
9|31|150|160|28|52|4S|W|8|HK
9|31|195|5|17|254|5D|S|11|CK
9|31|51|200|270|305|2S|E|10|HK
9|31|312|310|23|24|3N|N|11|S8
9|31|22|71|267|224|5D|S|11|CA
9|31|215|72|81|67|5C|W|10|DA
9|31|247|86|94|186|5DX|N|13|HQ
9|31|277|68|188|258|5DX|S|11|CA
9|31|221|313|194|191|4S|E|8|HK
9|32|106|2|176|4|3N|S|10|S6
9|32|150|160|28|52|3N|S|10|S6
9|32|195|5|17|254|3N|S|12|S8
9|32|51|200|270|305|3N|S|9|S6
9|32|312|310|23|24|3N|S|13|S5
9|32|22|71|267|224|3N|S|10|S8
9|32|215|72|81|67|3D|N|11|D4
9|32|247|86|94|186|4H|S|8|D7
9|32|277|68|188|258|3N|S|13|S2
9|32|221|313|194|191|3N|S|11|S8
9|4|106|2|176|4|4S|N|11|H4
9|4|225|65|280|15|4S|S|12|DA
9|4|195|78|17|43|4S|S|11|H5
9|4|51|200|270|305|4S|S|12|H3
9|4|312|120|23|177|4S|N|11|D3
9|4|22|31|267|3|4S|S|12|S2
9|4|86|72|186|67|4S|N|11|CJ
9|4|247|240|94|166|4S|S|12|H3
9|4|69|68|306|258|6S|N|11|C4
9|4|196|313|209|191|5HX|W|9|SK
9|5|106|2|176|4|3S|N|10|S9
9|5|225|65|280|15|5HX|W|10|S5
9|5|195|78|17|43|5H|W|10|S3
9|5|51|200|270|305|5HX|W|11|S5
9|5|312|120|23|177|5HX|W|10|H3
9|5|22|31|267|3|5H|W|11|S3
9|5|86|72|186|67|4H|W|9|S5
9|5|247|240|94|166|6D|N|10|CA
9|5|69|68|306|258|5HX|W|9|S5
9|5|196|313|209|191|5C|W|10|SA
9|6|106|2|176|4|5D|N|10|CT
9|6|225|65|280|15|5D|S|10|SA
9|6|195|78|17|43|5D|S|11|H2
9|6|51|200|270|305|5D|S|10|H3
9|6|312|120|23|177|5C|N|10|S2
9|6|22|31|267|3|4D|S|10|SA
9|6|86|72|186|67|3S|E|10|D4
9|6|247|240|94|166|4D|S|11|SA
9|6|69|68|306|258|3N|S|5|H3
9|6|196|313|209|191|5D|N|10|SA
9|7|106|2|176|4|6N|S|10|HT
9|7|225|65|280|15|6N|S|10|H4
9|7|195|78|17|43|6N|S|9|S7
9|7|51|200|270|305|6N|N|10|DQ
9|7|312|120|23|177|4N|S|11|S7
9|7|22|31|267|3|6N|S|10|HT
9|7|86|72|186|67|6N|S|10|CT
9|7|247|240|94|166|6S|S|11|CT
9|7|69|68|306|258|6N|S|10|D9
9|7|196|313|209|191|4N|N|10|DQ
9|8|106|2|176|4|4H|N|10|CJ
9|8|225|65|280|15|4H|N|10|CJ
9|8|195|78|17|43|4H|N|10|CJ
9|8|51|200|270|305|4H|S|10|CK
9|8|312|120|23|177|4H|N|10|CJ
9|8|22|31|267|3|4H|N|10|CJ
9|8|86|72|186|67|4H|N|10|CJ
9|8|247|240|94|166|3S|E|7|HT
9|8|69|68|306|258|1H|N|10|CJ
9|8|196|313|209|191|4H|N|10|CJ
9|9|106|2|176|4|3D|S|9|D4
9|9|225|65|280|15|2S|S|7|HQ
9|9|195|78|17|43|3H|W|7|ST
9|9|51|200|270|305|3N|E|8|DA
9|9|312|120|23|177|3D|S|9|SQ
9|9|22|31|267|3|3H|W|9|ST
9|9|86|72|186|67|3C|E|10|DK
9|9|247|240|94|166|3D|S|6|C2
9|9|69|68|306|258|3S|S|9|HQ
9|9|196|313|209|191|3S|S|7|C6
