1|1|308|64|211|171|3D|E|9|C8
1|1|227|76|84|41|3N|E|10|HT
1|1|164|50|181|268|3NX|E|8|HJ
1|1|142|314|257|248|3N|E|7|C8
1|1|144|273|145|11|2N|E|7|C8
1|1|26|168|202|42|3D|E|8|C8
1|1|261|207|315|95|2C|N|8|HQ
1|1|249|6|101|304|2D|E|9|C8
1|1|131|239|302|213|3N|E|7|C8
1|1|159|300|155|30|2N|E|7|C8
1|10|308|64|211|171|3N|E|8|ST
1|10|227|76|84|41|3N|E|8|S9
1|10|164|50|181|268|4H|W|10|SA
1|10|142|314|257|248|3N|E|8|S4
1|10|144|273|145|11|3N|E|8|S2
1|10|26|168|202|42|3N|E|8|S4
1|10|261|207|315|95|4H|W|10|SA
1|10|249|6|101|304|3N|E|8|ST
1|10|131|239|302|213|3N|E|8|S9
1|10|159|300|155|30|3N|E|8|ST
1|11|308|64|211|171|3N|N|8|S6
1|11|227|76|84|41|4D|N|9|DA
1|11|164|50|181|268|2S|N|10|C7
1|11|142|314|257|248|2S|S|7|HK
1|11|144|273|145|11|2S|N|10|C3
1|11|26|168|202|42|2S|S|7|HK
1|11|261|207|315|95|2S|S|9|HK
1|11|249|6|101|304|2S|S|8|HK
1|11|131|239|302|213|2S|S|7|HK
1|11|159|300|155|30|2S|N|9|C3
1|12|308|64|211|171|5S|N|11|CA
1|12|227|76|84|41|4SX|S|9|H4
1|12|164|50|181|268|5SX|N|11|CA
1|12|142|314|257|248|4HX|W|10|SQ
1|12|144|273|145|11|4S|N|11|CK
1|12|26|168|202|42|4S|S|12|CT
1|12|261|207|315|95|4S|N|11|CA
1|12|249|6|101|304|4S|S|11|CT
1|12|131|239|302|213|5SX|S|9|H4
1|12|159|300|155|30|4HX|W|10|SQ
1|13|308|64|211|171|3D|E|10|CJ
1|13|227|76|84|41|3D|E|10|HK
1|13|164|50|181|268|3D|E|11|C5
1|13|142|314|257|248|2S|S|8|C3
1|13|144|273|145|11|1N|E|9|ST
1|13|26|168|202|42|3D|E|10|CJ
1|13|261|207|315|95|3H|E|10|CJ
1|13|249|6|101|304|2S|S|7|C6
1|13|131|239|302|213|1N|E|7|C5
1|13|159|300|155|30|2S|S|7|C6
1|14|308|64|211|171|3H|N|7|SJ
1|14|227|76|84|41|3DX|S|7|SK
1|14|164|50|181|268|2H|S|7|CK
1|14|142|314|257|248|3D|N|8|SJ
1|14|144|273|145|11|3D|N|7|SJ
1|14|26|168|202|42|2D|S|6|SK
1|14|261|207|315|95|1N|S|4|D7
1|14|249|6|101|304|2CX|S|6|CK
1|14|131|239|302|213|2S|E|9|HT
1|14|159|300|155|30|2D|S|6|D4
1|15|308|64|211|171|3N|E|11|S3
1|15|227|76|84|41|4N|W|10|SJ
1|15|164|50|181|268|3N|E|11|H3
1|15|142|314|257|248|3N|E|11|S4
1|15|144|273|145|11|3N|W|10|SJ
1|15|26|168|202|42|3N|E|10|S3
1|15|261|207|315|95|4S|E|10|S2
1|15|249|6|101|304|4N|E|11|H3
1|15|131|239|302|213|1DX|N|1|C5
1|15|159|300|155|30|4S|W|11|C3
1|16|308|64|211|171|4S|S|11|CA
1|16|227|76|84|41|4S|S|11|CK
1|16|164|50|181|268|4S|S|11|S3
1|16|142|314|257|248|4S|S|11|S2
1|16|144|273|145|11|4S|S|10|CA
1|16|26|168|202|42|4S|S|11|CA
1|16|261|207|315|95|5CX|W|9|DK
1|16|249|6|101|304|4S|S|11|CA
1|16|131|239|302|213|4S|N|11|D6
1|16|159|300|155|30|4S|S|11|CA
1|17|98|230|85|187|3S|S|9|CA
1|17|227|308|84|211|2S|N|7|CQ
1|17|314|55|248|130|2S|N|8|CQ
1|17|142|222|257|137|3D|E|8|D8
1|17|238|273|262|11|2S|S|8|CA
1|17|242|168|12|42|2S|N|8|CQ
1|17|261|207|315|95|3S|S|8|CA
1|17|92|178|210|103|2S|N|10|CQ
1|17|131|239|302|213|2S|N|8|H2
1|17|111|192|63|311|2S|S|8|CA
1|18|98|230|85|187|3N|S|9|S9
1|18|227|308|84|211|3H|E|7|D2
1|18|314|55|248|130|3N|S|9|HT
1|18|142|222|257|137|3N|S|9|S3
1|18|238|273|262|11|3N|N|9|CJ
1|18|242|168|12|42|3N|S|9|S7
1|18|261|207|315|95|3C|S|10|D4
1|18|92|178|210|103|3N|N|10|SJ
1|18|131|239|302|213|3N|N|9|SJ
1|18|111|192|63|311|3N|N|9|SJ
1|19|98|230|85|187|5D|W|13|C8
1|19|227|308|84|211|6N|E|13|S9
1|19|314|55|248|130|7H|E|13|S6
1|19|142|222|257|137|6D|W|12|C8
1|19|238|273|262|11|6H|E|13|S9
1|19|242|168|12|42|6D|W|12|C8
1|19|261|207|315|95|4S|W|6|C8
1|19|92|178|210|103|6H|E|13|CT
1|19|131|239|302|213|7H|E|13|CQ
1|19|111|192|63|311|6N|W|13|H9
1|2|308|64|211|171|4H|W|10|CA
1|2|227|76|84|41|3H|W|11|CA
1|2|164|50|181|268|4H|W|11|CA
1|2|142|314|257|248|4H|W|11|CA
1|2|144|273|145|11|3H|W|10|CA
1|2|26|168|202|42|4H|W|11|CA
1|2|261|207|315|95|4H|W|10|CA
1|2|249|6|101|304|4H|W|10|DJ
1|2|131|239|302|213|4H|W|11|CA
1|2|159|300|155|30|4H|W|11|CA
1|20|98|230|85|187|3N|W|9|SK
1|20|227|308|84|211|3N|W|9|SK
1|20|314|55|248|130|3N|E|9|HT
1|20|142|222|257|137|3N|W|9|SK
1|20|238|273|262|11|3N|W|9|SK
1|20|242|168|12|42|3N|W|9|SQ
1|20|261|207|315|95|3N|W|9|SK
1|20|92|178|210|103|3N|E|9|HT
1|20|131|239|302|213|3N|W|9|H3
1|20|111|192|63|311|3N|W|9|H3
1|21|98|230|85|187|3N|S|9|C5
1|21|227|308|84|211|1N|S|8|H5
1|21|314|55|248|130|3N|S|10|C5
1|21|142|222|257|137|3N|S|9|C5
1|21|238|273|262|11|2DX|W|5|HT
1|21|242|168|12|42|1N|S|9|C5
1|21|261|207|315|95|1N|S|8|S3
1|21|92|178|210|103|3D|N|8|C9
1|21|131|239|302|213|1N|S|11|C8
1|21|111|192|63|311|1N|S|10|C5
1|22|98|230|85|187|5DX|W|9|S6
1|22|227|308|84|211|3D|N|5|H2
1|22|314|55|248|130|4SX|S|9|S2
1|22|142|222|257|137|1N|E|8|S7
1|22|238|273|262|11|1N|E|6|S3
1|22|242|168|12|42|3D|W|9|S6
1|22|261|207|315|95|3S|S|10|DK
1|22|92|178|210|103|3H|E|7|H5
1|22|131|239|302|213|1N|E|7|S7
1|22|111|192|63|311|3N|E|8|S7
1|23|98|230|85|187|3N|N|13|DT
1|23|227|308|84|211|3N|S|11|SK
1|23|314|55|248|130|3N|S|9|SK
1|23|142|222|257|137|3C|S|12|SK
1|23|238|273|262|11|5D|N|11|SA
1|23|242|168|12|42|3N|N|13|DT
1|23|261|207|315|95|3N|S|9|SK
1|23|92|178|210|103|3N|N|9|S3
1|23|131|239|302|213|3N|N|13|DT
1|23|111|192|63|311|3N|N|13|H5
1|24|98|230|85|187|1N|E|5|D3
1|24|227|308|84|211|1NX|E|4|D3
1|24|314|55|248|130|1N|E|4|D3
1|24|142|222|257|137|4H|N|10|SK
1|24|238|273|262|11|4H|N|10|C9
1|24|242|168|12|42|2D|S|11|D7
1|24|261|207|315|95|3H|N|10|SK
1|24|92|178|210|103|1N|E|4|D2
1|24|131|239|302|213|1N|E|4|D3
1|24|111|192|63|311|2H|N|11|CT
1|25|98|230|85|187|3H|W|7|C6
1|25|227|308|84|211|2D|E|9|HA
1|25|314|55|248|130|3D|E|8|S8
1|25|142|222|257|137|3D|E|9|HA
1|25|238|273|262|11|2S|S|7|CA
1|25|242|168|12|42|2H|W|7|DT
1|25|261|207|315|95|3D|W|8|H2
1|25|92|178|210|103|2D|E|9|S3
1|25|131|239|302|213|3S|N|7|H6
1|25|111|192|63|311|3D|E|8|D3
1|26|98|230|85|187|2S|S|10|CK
1|26|227|308|84|211|4S|S|11|CK
1|26|314|55|248|130|4S|S|11|CK
1|26|142|222|257|137|5SX|S|11|HK
1|26|238|273|262|11|4SX|S|11|CK
1|26|242|168|12|42|4S|S|11|CK
1|26|261|207|315|95|4S|S|11|CK
1|26|92|178|210|103|4S|S|11|CK
1|26|131|239|302|213|4S|S|11|CK
1|26|111|192|63|311|4S|S|11|CK
1|27|98|230|85|187|4S|N|9|DK
1|27|227|308|84|211|4H|N|9|DK
1|27|314|55|248|130|4H|N|9|S8
1|27|142|222|257|137|4S|S|9|D6
1|27|238|273|262|11|4S|S|9|D6
1|27|242|168|12|42|4S|N|8|DK
1|27|261|207|315|95|4S|S|9|D6
1|27|92|178|210|103|4S|S|9|D6
1|27|131|239|302|213|4S|S|9|D6
1|27|111|192|63|311|4S|S|9|D6
1|28|98|230|85|187|3H|W|8|ST
1|28|227|308|84|211|4H|W|9|D4
1|28|314|55|248|130|3S|N|9|DQ
1|28|142|222|257|137|3H|W|9|D4
1|28|238|273|262|11|3H|W|8|ST
1|28|242|168|12|42|2H|W|8|D7
1|28|261|207|315|95|4S|N|9|DQ
1|28|92|178|210|103|3S|N|8|DQ
1|28|131|239|302|213|3S|N|9|DQ
1|28|111|192|63|311|3C|E|8|HT
1|29|98|230|85|187|3H|N|6|C4
1|29|227|308|84|211|2S|N|9|H5
1|29|314|55|248|130|2H|S|10|HQ
1|29|142|222|257|137|2CX|E|10|DQ
1|29|238|273|262|11|2H|N|9|S6
1|29|242|168|12|42|2H|N|9|C2
1|29|261|207|315|95|2H|S|8|CA
1|29|92|178|210|103|3D|E|8|CQ
1|29|131|239|302|213|2CX|E|8|DQ
1|29|111|192|63|311|1N|S|7|H6
1|3|308|64|211|171|2S|W|9|H7
1|3|227|76|84|41|2S|W|9|H8
1|3|164|50|181|268|4H|E|9|CA
1|3|142|314|257|248|4H|E|10|CA
1|3|144|273|145|11|3C|S|7|D4
1|3|26|168|202|42|2S|E|9|CK
1|3|261|207|315|95|2S|E|9|CA
1|3|249|6|101|304|4H|E|10|CA
1|3|131|239|302|213|2H|W|8|C4
1|3|159|300|155|30|2S|W|9|H7
1|30|98|230|85|187|3N|N|5|C9
1|30|227|308|84|211|3N|N|7|ST
1|30|314|55|248|130|2N|N|5|CT
1|30|142|222|257|137|2S|S|8|C2
1|30|238|273|262|11|2H|S|9|D2
1|30|242|168|12|42|2D|N|9|ST
1|30|261|207|315|95|3N|N|8|C4
1|30|92|178|210|103|4C|E|8|SA
1|30|131|239|302|213|4C|E|9|SA
1|30|111|192|63|311|3N|N|8|CT
1|31|98|230|85|187|3H|S|9|DT
1|31|227|308|84|211|2C|S|9|D4
1|31|314|55|248|130|2H|S|9|DT
1|31|142|222|257|137|2S|E|8|HK
1|31|238|273|262|11|2C|S|9|C4
1|31|242|168|12|42|2H|S|9|DT
1|31|261|207|315|95|2H|S|9|DT
1|31|92|178|210|103|3H|S|9|D6
1|31|131|239|302|213|3S|E|7|HK
1|31|111|192|63|311|4H|S|9|C4
1|32|98|230|85|187|2S|N|10|DA
1|32|227|308|84|211|4S|N|10|DA
1|32|314|55|248|130|4S|N|10|DA
1|32|142|222|257|137|4S|N|10|DA
1|32|238|273|262|11|4S|N|10|DK
1|32|242|168|12|42|4S|N|10|DA
1|32|261|207|315|95|4S|N|10|DA
1|32|92|178|210|103|4S|N|10|DA
1|32|131|239|302|213|4S|N|10|DA
1|32|111|192|63|311|4S|N|10|DA
1|4|308|64|211|171|3C|W|10|H4
1|4|227|76|84|41|3H|S|7|D2
1|4|164|50|181|268|4S|W|7|C4
1|4|142|314|257|248|3C|W|9|DJ
1|4|144|273|145|11|2C|W|10|DJ
1|4|26|168|202|42|3H|S|8|D2
1|4|261|207|315|95|3D|E|8|S3
1|4|249|6|101|304|5C|W|10|H4
1|4|131|239|302|213|3D|E|8|S3
1|4|159|300|155|30|4C|W|8|H4
1|5|308|64|211|171|4H|S|11|CA
1|5|227|76|84|41|2CX|W|6|SA
1|5|164|50|181|268|4H|N|11|CQ
1|5|142|314|257|248|4H|S|11|CA
1|5|144|273|145|11|4H|S|11|CA
1|5|26|168|202|42|4H|S|11|CA
1|5|261|207|315|95|4H|S|11|CA
1|5|249|6|101|304|3CX|W|7|SA
1|5|131|239|302|213|4H|S|11|CA
1|5|159|300|155|30|4H|S|11|CA
1|6|308|64|211|171|3H|S|7|CJ
1|6|227|76|84|41|2S|W|9|HA
1|6|164|50|181|268|5C|W|11|HA
1|6|142|314|257|248|3H|S|7|CJ
1|6|144|273|145|11|2S|W|9|HA
1|6|26|168|202|42|2S|W|10|SJ
1|6|261|207|315|95|3H|S|8|CJ
1|6|249|6|101|304|5C|E|11|HQ
1|6|131|239|302|213|2H|S|6|CJ
1|6|159|300|155|30|5C|E|11|D7
1|7|308|64|211|171|3S|N|8|H3
1|7|227|76|84|41|3S|S|7|D7
1|7|164|50|181|268|4HX|E|8|DK
1|7|142|314|257|248|2D|W|9|HQ
1|7|144|273|145|11|3H|E|8|DK
1|7|26|168|202|42|2S|S|8|D5
1|7|261|207|315|95|2S|S|8|H2
1|7|249|6|101|304|3S|S|8|D4
1|7|131|239|302|213|3S|S|8|D4
1|7|159|300|155|30|3S|S|9|D8
1|8|308|64|211|171|4H|S|8|SA
1|8|227|76|84|41|3S|W|11|HT
1|8|164|50|181|268|4SX|W|11|HT
1|8|142|314|257|248|4S|W|11|H3
1|8|144|273|145|11|4H|S|8|SA
1|8|26|168|202|42|3S|W|11|H9
1|8|261|207|315|95|3S|W|10|HT
1|8|249|6|101|304|3S|W|11|HT
1|8|131|239|302|213|3H|N|8|S2
1|8|159|300|155|30|3S|W|10|HT
1|9|308|64|211|171|1N|N|8|H2
1|9|227|76|84|41|3N|N|9|C3
1|9|164|50|181|268|3H|E|8|H7
1|9|142|314|257|248|1N|N|8|D9
1|9|144|273|145|11|3D|S|9|HJ
1|9|26|168|202|42|3D|S|9|CA
1|9|261|207|315|95|3C|N|6|H8
1|9|249|6|101|304|2C|E|7|S2
1|9|131|239|302|213|3D|S|9|CA
1|9|159|300|155|30|3D|S|8|CA
2|1|55|98|130|85|3H|S|11|C2
2|1|76|50|41|268|2H|S|10|C8
2|1|242|222|12|137|3N|N|5|C7
2|1|314|26|248|202|4H|S|11|D9
2|1|249|238|101|262|4H|S|10|DT
2|1|144|92|145|210|4H|S|11|D6
2|1|111|178|63|103|2H|S|10|C5
2|1|6|159|304|155|2H|S|10|C8
2|1|230|300|187|30|4H|S|10|S3
2|1|131|64|302|171|4H|S|11|DT
2|10|55|98|130|85|4H|W|11|CQ
2|10|76|50|41|268|4H|E|10|C9
2|10|242|222|12|137|4SX|N|7|HQ
2|10|314|26|248|202|4H|E|10|C9
2|10|249|238|101|262|4H|E|10|C9
2|10|144|92|145|210|4H|E|10|C9
2|10|111|178|63|103|4H|E|10|C9
2|10|6|159|304|155|4H|E|10|C9
2|10|230|300|187|30|4H|E|10|C9
2|10|131|64|302|171|4H|E|11|C9
2|11|55|98|130|85|3N|W|7|D2
2|11|76|50|41|268|3N|E|5|DT
2|11|242|222|12|137|3N|E|7|D9
2|11|314|26|248|202|3NX|W|6|C6
2|11|249|238|101|262|4H|W|6|H3
2|11|144|92|145|210|3C|W|11|D6
2|11|111|178|63|103|1H|W|7|C6
2|11|6|159|304|155|3N|E|6|S4
2|11|230|300|187|30|3N|E|5|DT
2|11|131|64|302|171|4H|W|8|D6
2|12|55|98|130|85|4H|W|11|D3
2|12|76|50|41|268|4H|W|10|D3
2|12|242|222|12|137|4H|W|11|D3
2|12|314|26|248|202|4H|W|10|D3
2|12|249|238|101|262|4H|W|10|D3
2|12|144|92|145|210|3N|E|11|D6
2|12|111|178|63|103|3N|E|10|D7
2|12|6|159|304|155|4H|W|11|D3
2|12|230|300|187|30|3N|E|10|D5
2|12|131|64|302|171|4H|W|10|D3
2|13|55|98|130|85|6S|W|12|HA
2|13|76|50|41|268|6S|E|13|DQ
2|13|242|222|12|137|5S|E|12|H9
2|13|314|26|248|202|4S|E|12|H9
2|13|249|238|101|262|5S|E|13|DQ
2|13|144|92|145|210|5S|E|13|DQ
2|13|111|178|63|103|5S|E|13|DQ
2|13|6|159|304|155|5S|E|12|HT
2|13|230|300|187|30|5S|E|13|DQ
2|13|131|64|302|171|5S|E|12|H3
2|14|55|98|130|85|4H|S|8|D7
2|14|76|50|41|268|2H|S|8|S5
2|14|242|222|12|137|4H|S|8|D8
2|14|314|26|248|202|4SX|E|9|H3
2|14|249|238|101|262|4H|S|8|S6
2|14|144|92|145|210|4SX|E|8|S2
2|14|111|178|63|103|4H|S|8|D8
2|14|6|159|304|155|4S|E|9|H2
2|14|230|300|187|30|4S|E|10|S2
2|14|131|64|302|171|4H|S|8|S6
2|15|55|98|130|85|5H|N|9|DQ
2|15|76|50|41|268|4SX|E|10|HK
2|15|242|222|12|137|5HX|N|10|S4
2|15|314|26|248|202|4SX|W|9|CQ
2|15|249|238|101|262|4H|N|9|DK
2|15|144|92|145|210|4H|N|9|DJ
2|15|111|178|63|103|4SX|W|10|CQ
2|15|6|159|304|155|4SX|W|9|CQ
2|15|230|300|187|30|4SX|W|10|CQ
2|15|131|64|302|171|3H|N|9|DK
2|16|55|98|130|85|3N|E|11|HJ
2|16|76|50|41|268|3N|E|10|HJ
2|16|242|222|12|137|3N|E|10|HJ
2|16|314|26|248|202|5D|W|10|S9
2|16|144|92|145|210|5D|W|10|S9
2|16|111|178|63|103|3N|E|10|HJ
2|16|6|159|304|155|3N|E|11|HJ
2|16|230|300|187|30|3N|E|10|HJ
2|16|131|64|302|171|3N|E|10|HJ
2|17|142|76|257|41|1N|N|11|SQ
2|17|308|55|211|130|2D|N|10|SQ
2|17|242|314|12|248|2N|N|11|C7
2|17|164|273|181|11|3N|N|11|SQ
2|17|92|168|210|42|3N|N|11|SQ
2|17|144|207|145|95|3N|N|9|C6
2|17|111|261|63|315|3N|N|11|CA
2|17|6|239|304|213|3N|N|9|C6
2|17|230|300|187|30|3N|N|9|C7
2|17|131|227|302|84|3N|N|9|C7
2|18|142|76|257|41|5H|E|11|CJ
2|18|308|55|211|130|4H|E|12|CJ
2|18|242|314|12|248|5H|W|12|CK
2|18|164|273|181|11|4H|E|12|CJ
2|18|92|168|210|42|4H|E|12|CJ
2|18|144|207|145|95|4H|W|12|S5
2|18|111|261|63|315|4H|E|12|CJ
2|18|6|239|304|213|4H|E|12|CJ
2|18|230|300|187|30|4H|W|12|CK
2|18|131|227|302|84|2H|W|12|S5
2|19|142|76|257|41|3N|E|10|HT
2|19|308|55|211|130|3N|E|10|D8
2|19|242|314|12|248|3N|E|10|H9
2|19|164|273|181|11|3N|E|10|D8
2|19|92|168|210|42|3N|E|9|D6
2|19|144|207|145|95|3N|E|9|D6
2|19|111|261|63|315|3N|E|9|HT
2|19|6|239|304|213|3N|E|9|D6
2|19|230|300|187|30|3N|E|12|S8
2|19|131|227|302|84|3N|E|9|HT
2|2|55|98|130|85|5D|E|9|HA
2|2|76|50|41|268|3N|W|8|SK
2|2|242|222|12|137|4H|W|9|SK
2|2|314|26|248|202|3N|W|6|H2
2|2|249|238|101|262|3N|W|9|SJ
2|2|144|92|145|210|5D|E|10|S3
2|2|111|178|63|103|4D|E|10|S7
2|2|6|159|304|155|5D|E|9|S3
2|2|230|300|187|30|5D|E|10|S3
2|2|131|64|302|171|5D|E|10|S3
2|20|142|76|257|41|6D|E|13|D7
2|20|308|55|211|130|5SX|N|6|CK
2|20|242|314|12|248|6D|E|13|SA
2|20|164|273|181|11|3N|W|12|HQ
2|20|92|168|210|42|6D|E|13|D7
2|20|144|207|145|95|5D|W|12|C9
2|20|111|261|63|315|6D|E|13|SA
2|20|6|239|304|213|3N|W|11|S5
2|20|230|300|187|30|3N|W|12|HQ
2|20|131|227|302|84|6D|W|13|HQ
2|21|142|76|257|41|3D|N|8|CT
2|21|308|55|211|130|4S|N|9|H6
2|21|242|314|12|248|4SX|S|9|CK
2|21|164|273|181|11|4S|N|9|CT
2|21|92|168|210|42|4S|N|8|S5
2|21|144|207|145|95|4S|S|9|CK
2|21|111|261|63|315|5HX|E|9|SJ
2|21|6|239|304|213|4HX|E|8|CA
2|21|230|300|187|30|4SX|N|9|CT
2|21|131|227|302|84|5S|S|9|CK
2|22|142|76|257|41|1N|W|8|H9
2|22|308|55|211|130|1N|W|7|ST
2|22|242|314|12|248|1N|N|6|D2
2|22|164|273|181|11|2C|W|8|ST
2|22|92|168|210|42|1N|W|8|H9
2|22|144|207|145|95|1N|W|7|ST
2|22|111|261|63|315|1N|W|7|H8
2|22|6|239|304|213|3D|E|7|SA
2|22|230|300|187|30|1N|W|9|H9
2|22|131|227|302|84|1N|W|7|ST
2|23|142|76|257|41|1N|W|5|H4
2|23|308|55|211|130|1N|W|5|C6
2|23|242|314|12|248|2H|S|10|SA
2|23|164|273|181|11|1H|W|5|C6
2|23|92|168|210|42|1N|W|5|H4
2|23|144|207|145|95|2S|W|8|C2
2|23|111|261|63|315|2DX|W|6|C9
2|23|6|239|304|213|1D|W|6|H4
2|23|230|300|187|30|1N|W|5|H4
2|23|131|227|302|84|1N|W|6|H4
2|24|142|76|257|41|3HX|N|7|C5
2|24|308|55|211|130|2S|E|6|H6
2|24|242|314|12|248|3H|N|7|C5
2|24|164|273|181|11|2S|E|7|H6
2|24|92|168|210|42|2S|E|8|H3
2|24|144|207|145|95|3H|N|8|C9
2|24|111|261|63|315|3HX|N|7|C9
2|24|6|239|304|213|2S|E|6|H3
2|24|230|300|187|30|2S|W|8|HA
2|24|131|227|302|84|4S|W|8|HA
2|25|142|76|257|41|3C|E|8|C3
2|25|308|55|211|130|3S|E|9|D9
2|25|242|314|12|248|1N|N|5|S7
2|25|164|273|181|11|2N|W|7|H3
2|25|92|168|210|42|4S|E|8|H7
2|25|144|207|145|95|4SX|E|7|H7
2|25|111|261|63|315|3S|E|9|DT
2|25|6|239|304|213|3S|E|7|H7
2|25|230|300|187|30|1N|N|7|S7
2|25|131|227|302|84|4S|E|9|H7
2|26|142|76|257|41|3S|E|9|DQ
2|26|308|55|211|130|4S|W|8|CJ
2|26|242|314|12|248|4SXX|E|9|DQ
2|26|164|273|181|11|3S|E|9|H7
2|26|92|168|210|42|4S|W|8|D3
2|26|144|207|145|95|2N|E|5|DQ
2|26|111|261|63|315|3S|E|8|DQ
2|26|6|239|304|213|3D|N|9|DA
2|26|230|300|187|30|4SX|W|10|CJ
2|26|131|227|302|84|3S|E|9|H8
2|27|142|76|257|41|1N|W|9|HT
2|27|308|55|211|130|2S|E|9|HA
2|27|242|314|12|248|3S|E|9|HK
2|27|164|273|181|11|3H|S|7|SA
2|27|92|168|210|42|2S|E|9|HA
2|27|144|207|145|95|2S|W|8|HT
2|27|111|261|63|315|3S|E|8|HA
2|27|6|239|304|213|3S|E|8|HA
2|27|230|300|187|30|3S|W|9|HT
2|27|131|227|302|84|2S|E|9|HA
2|28|142|76|257|41|2H|E|7|SK
2|28|308|55|211|130|2S|N|8|HA
2|28|242|314|12|248|3S|N|10|HA
2|28|164|273|181|11|3D|W|7|H4
2|28|92|168|210|42|3D|W|6|H6
2|28|144|207|145|95|3D|W|8|SA
2|28|111|261|63|315|3D|W|11|CQ
2|28|6|239|304|213|4S|N|10|HA
2|28|230|300|187|30|3S|N|9|HA
2|28|131|227|302|84|3H|E|7|S9
2|29|142|76|257|41|2S|W|11|S5
2|29|308|55|211|130|3N|E|8|H5
2|29|242|314|12|248|2S|W|9|HK
2|29|164|273|181|11|2N|E|10|HQ
2|29|92|168|210|42|2N|E|9|H4
2|29|144|207|145|95|3S|W|10|S5
2|29|111|261|63|315|2S|W|10|HK
2|29|6|239|304|213|2H|E|7|D6
2|29|230|300|187|30|3S|W|10|CJ
2|29|131|227|302|84|2S|W|10|C6
2|3|55|98|130|85|2H|S|8|ST
2|3|76|50|41|268|2S|W|7|HQ
2|3|242|222|12|137|1N|N|9|S7
2|3|314|26|248|202|2H|N|10|D8
2|3|249|238|101|262|1N|N|5|C2
2|3|144|92|145|210|2H|N|10|D8
2|3|111|178|63|103|2H|N|8|D8
2|3|6|159|304|155|3H|S|8|SJ
2|3|230|300|187|30|3H|S|9|SJ
2|3|131|64|302|171|3H|S|8|SJ
2|30|142|76|257|41|4H|N|11|SK
2|30|308|55|211|130|4H|N|9|SK
2|30|242|314|12|248|6H|N|12|SQ
2|30|164|273|181|11|5H|N|11|SK
2|30|92|168|210|42|5H|N|12|SK
2|30|144|207|145|95|4H|N|10|SK
2|30|111|261|63|315|4H|N|11|SK
2|30|6|239|304|213|4H|N|12|SK
2|30|230|300|187|30|3N|N|9|SK
2|30|131|227|302|84|3N|N|10|SQ
2|31|142|76|257|41|2N|E|7|D7
2|31|308|55|211|130|3N|W|8|S4
2|31|242|314|12|248|5CX|W|10|HK
2|31|164|273|181|11|5CX|W|10|HK
2|31|92|168|210|42|5CX|W|10|HA
2|31|144|207|145|95|3H|N|10|DQ
2|31|111|261|63|315|4C|W|10|HA
2|31|6|239|304|213|3H|N|10|DQ
2|31|230|300|187|30|3H|N|10|C4
2|31|131|227|302|84|3C|W|10|HA
2|32|142|76|257|41|4H|N|12|D5
2|32|308|55|211|130|6H|N|11|CA
2|32|242|314|12|248|5H|N|12|CA
2|32|164|273|181|11|4H|N|12|D3
2|32|92|168|210|42|4H|N|11|CA
2|32|144|207|145|95|4H|N|11|D3
2|32|111|261|63|315|4H|N|11|CA
2|32|6|239|304|213|6H|N|11|CA
2|32|230|300|187|30|4H|N|11|CA
2|32|131|227|302|84|4H|N|11|CA
2|4|55|98|130|85|1N|W|8|HT
2|4|76|50|41|268|2N|W|8|SJ
2|4|242|222|12|137|2N|E|9|S2
2|4|314|26|248|202|2N|W|8|SJ
2|4|249|238|101|262|2N|W|9|HT
2|4|144|92|145|210|3N|W|5|SJ
2|4|111|178|63|103|2D|N|6|C3
2|4|6|159|304|155|2C|E|9|S3
2|4|230|300|187|30|1N|W|9|SJ
2|4|131|64|302|171|2C|W|8|SJ
2|5|55|98|130|85|3D|E|8|S7
2|5|76|50|41|268|1H|S|6|D5
2|5|242|222|12|137|2H|S|8|CK
2|5|314|26|248|202|2S|E|9|S7
2|5|249|238|101|262|2D|N|6|SA
2|5|144|92|145|210|2C|E|9|S4
2|5|111|178|63|103|3D|E|8|HA
2|5|6|159|304|155|2C|W|6|HJ
2|5|230|300|187|30|2S|E|9|DA
2|5|131|64|302|171|2N|E|6|HQ
2|6|55|98|130|85|1N|W|7|H6
2|6|76|50|41|268|2H|N|8|DA
2|6|242|222|12|137|1N|E|7|CT
2|6|314|26|248|202|3D|W|8|HT
2|6|249|238|101|262|2H|N|8|DK
2|6|144|92|145|210|1N|W|7|H5
2|6|111|178|63|103|2H|N|8|DA
2|6|6|159|304|155|2H|N|8|DA
2|6|230|300|187|30|3H|N|8|DA
2|6|131|64|302|171|2S|E|7|D2
2|7|55|98|130|85|2S|S|6|H6
2|7|76|50|41|268|2S|S|7|CK
2|7|242|222|12|137|2S|S|7|CK
2|7|314|26|248|202|1N|S|7|CK
2|7|249|238|101|262|2N|W|8|S6
2|7|144|92|145|210|1N|S|7|SQ
2|7|111|178|63|103|2N|W|9|ST
2|7|6|159|304|155|2S|S|6|H9
2|7|230|300|187|30|2S|S|6|H2
2|7|131|64|302|171|2S|S|7|CK
2|8|55|98|130|85|3S|S|9|D8
2|8|76|50|41|268|4S|S|9|D8
2|8|242|222|12|137|3N|N|7|DQ
2|8|314|26|248|202|3N|N|6|DK
2|8|249|238|101|262|4S|S|9|D8
2|8|144|92|145|210|3DX|E|6|HK
2|8|111|178|63|103|4S|S|9|D8
2|8|6|159|304|155|4S|S|9|D8
2|8|230|300|187|30|4S|S|9|D8
2|8|131|64|302|171|4S|S|9|D8
2|9|55|98|130|85|2H|N|7|CA
2|9|76|50|41|268|3H|S|7|C2
2|9|242|222|12|137|2H|N|7|S9
2|9|314|26|248|202|2H|N|9|CA
2|9|249|238|101|262|3N|E|9|C6
2|9|144|92|145|210|1S|N|5|S9
2|9|111|178|63|103|1C|N|6|S9
2|9|6|159|304|155|2H|N|7|S3
2|9|230|300|187|30|2H|N|7|S9
2|9|131|64|302|171|3N|E|9|H9
3|1|76|26|41|202|2H|E|9|DT
3|1|242|98|12|85|2S|S|7|C9
3|1|314|249|248|101|2H|E|7|SA
3|1|92|164|210|181|2H|W|8|D8
3|1|238|159|262|155|2H|E|8|SA
3|1|111|168|63|42|2H|E|8|SA
3|1|261|300|315|30|2H|E|7|SK
3|1|192|178|311|103|2H|E|8|SA
3|1|50|64|268|171|2H|E|8|SA
3|1|227|55|187|130|2H|E|8|SA
3|10|76|26|41|202|3H|E|9|DQ
3|10|242|98|12|85|3C|W|9|DA
3|10|314|249|248|101|2S|W|8|DA
3|10|92|164|210|181|3C|W|8|DK
3|10|238|159|262|155|2H|E|9|DQ
3|10|111|168|63|42|3D|S|8|SA
3|10|261|300|315|30|2S|W|7|DK
3|10|192|178|311|103|4H|E|9|DQ
3|10|50|64|268|171|2S|W|8|DK
3|10|227|55|187|130|5C|W|9|DA
3|11|76|26|41|202|6DX|E|11|SA
3|11|242|98|12|85|5DX|W|11|HQ
3|11|314|249|248|101|5DX|W|10|SK
3|11|92|164|210|181|5DX|W|11|D5
3|11|238|159|262|155|6DX|W|11|SK
3|11|111|168|63|42|5D|W|10|SK
3|11|261|300|315|30|5DX|W|10|SK
3|11|192|178|311|103|5D|W|11|HQ
3|11|50|64|268|171|5SX|N|10|DA
3|11|227|55|187|130|6DX|W|11|HQ
3|12|76|26|41|202|4S|S|10|S8
3|12|242|98|12|85|4S|N|10|CT
3|12|314|249|248|101|4S|N|10|HJ
3|12|92|164|210|181|3S|N|10|D5
3|12|238|159|262|155|1C|S|10|S8
3|12|111|168|63|42|3C|S|10|H8
3|12|261|300|315|30|4S|N|10|CT
3|12|192|178|311|103|4S|N|11|HJ
3|12|50|64|268|171|4S|S|10|H2
3|12|227|55|187|130|3C|S|9|H8
3|13|76|26|41|202|4S|E|11|D6
3|13|242|98|12|85|3N|W|11|C2
3|13|314|249|248|101|3N|E|11|D9
3|13|92|164|210|181|2HX|N|5|SA
3|13|238|159|262|155|4S|E|11|D6
3|13|111|168|63|42|4S|E|11|D6
3|13|261|300|315|30|3N|E|11|D2
3|13|192|178|311|103|4S|E|11|HA
3|13|50|64|268|171|3N|W|11|H6
3|13|227|55|187|130|3N|E|11|D6
3|14|76|26|41|202|3N|S|10|C5
3|14|242|98|12|85|3N|S|9|D3
3|14|314|249|248|101|3N|N|11|H4
3|14|92|164|210|181|3N|N|10|D2
3|14|238|159|262|155|3N|S|12|D4
3|14|111|168|63|42|3N|S|9|D4
3|14|261|300|315|30|3N|S|10|D4
3|14|192|178|311|103|3N|S|10|D4
3|14|50|64|268|171|3N|N|11|S3
3|14|227|55|187|130|3N|N|9|D2
3|15|76|26|41|202|1S|E|7|C6
3|15|242|98|12|85|2S|E|8|HA
3|15|314|249|248|101|2S|E|8|D2
3|15|92|164|210|181|3N|W|7|DT
3|15|238|159|262|155|2S|E|9|H7
3|15|111|168|63|42|1N|S|4|H4
3|15|261|300|315|30|1N|W|7|DT
3|15|192|178|311|103|2HX|N|5|SQ
3|15|50|64|268|171|2S|E|7|C8
3|15|227|55|187|130|2S|E|8|H7
3|16|76|26|41|202|6H|W|13|CQ
3|16|242|98|12|85|6N|E|12|DT
3|16|314|249|248|101|6H|W|13|D7
3|16|92|164|210|181|7H|W|13|D2
3|16|238|159|262|155|7H|W|13|D8
3|16|111|168|63|42|7H|W|13|D8
3|16|261|300|315|30|7H|W|13|D2
3|16|192|178|311|103|7H|W|13|D2
3|16|50|64|268|171|7H|W|13|D3
3|16|227|55|187|130|7H|W|13|CQ
3|17|308|26|211|202|6D|S|10|SJ
3|17|273|98|11|85|6D|N|11|H3
3|17|314|207|248|95|3N|S|11|DT
3|17|249|222|101|137|6D|N|11|CQ
3|17|238|239|262|213|4S|N|12|D3
3|17|159|144|155|145|6D|N|11|H2
3|17|6|131|304|302|6D|N|11|H2
3|17|192|178|311|103|4S|N|11|D3
3|17|142|64|257|171|3N|S|13|D4
3|17|227|50|84|268|3N|S|10|HT
3|18|308|26|211|202|4SX|E|10|H2
3|18|273|98|11|85|4S|W|11|HK
3|18|314|207|248|95|4SX|E|10|H2
3|18|249|222|101|137|4S|W|11|HA
3|18|238|239|262|213|4S|E|10|H3
3|18|159|144|155|145|4S|W|10|HK
3|18|6|131|304|302|4S|E|11|H3
3|18|192|178|311|103|4S|E|10|H3
3|18|142|64|257|171|4S|E|10|CA
3|18|227|50|84|268|4S|E|10|H3
3|19|308|26|211|202|3N|N|11|HT
3|19|273|98|11|85|3N|N|11|HT
3|19|314|207|248|95|3N|N|11|HT
3|19|249|222|101|137|3N|S|10|H5
3|19|238|239|262|213|3N|S|10|H5
3|19|159|144|155|145|3N|N|11|HT
3|19|6|131|304|302|3N|N|11|HT
3|19|192|178|311|103|3N|S|11|H6
3|19|142|64|257|171|3N|N|10|HT
3|19|227|50|84|268|3N|N|10|HT
3|2|76|26|41|202|2H|W|6|S2
3|2|242|98|12|85|3NX|N|7|S3
3|2|314|249|248|101|3C|S|6|C3
3|2|92|164|210|181|3D|E|6|D7
3|2|238|159|262|155|3D|E|6|SA
3|2|111|168|63|42|3NX|N|7|S3
3|2|261|300|315|30|3S|N|8|D3
3|2|192|178|311|103|3C|S|7|C3
3|2|50|64|268|171|5C|N|9|S3
3|2|227|55|187|130|3N|N|7|H4
3|20|308|26|211|202|3DX|S|8|S2
3|20|273|98|11|85|4H|W|8|D4
3|20|314|207|248|95|4H|W|8|DQ
3|20|249|222|101|137|3N|W|9|CJ
3|20|238|239|262|213|3N|W|10|C5
3|20|159|144|155|145|3N|E|9|DJ
3|20|6|131|304|302|3N|W|8|C6
3|20|192|178|311|103|3N|W|8|CJ
3|20|142|64|257|171|5C|E|8|SK
3|20|227|50|84|268|3CXX|W|9|SA
3|21|308|26|211|202|3N|N|9|H6
3|21|273|98|11|85|3N|S|9|H4
3|21|314|207|248|95|3N|S|9|D2
3|21|249|222|101|137|3N|S|9|D2
3|21|238|239|262|213|3N|S|10|D2
3|21|159|144|155|145|3N|S|10|D2
3|21|6|131|304|302|3N|N|9|H6
3|21|192|178|311|103|3N|S|10|D7
3|21|142|64|257|171|3N|N|9|H6
3|21|227|50|84|268|3N|S|9|D7
3|22|308|26|211|202|4S|E|11|HA
3|22|273|98|11|85|3H|S|8|H2
3|22|314|207|248|95|3S|E|11|HK
3|22|249|222|101|137|4S|E|11|HA
3|22|238|239|262|213|4H|S|9|H2
3|22|159|144|155|145|4S|E|10|HK
3|22|6|131|304|302|2H|S|8|D6
3|22|192|178|311|103|3HX|S|9|H2
3|22|142|64|257|171|3H|S|8|D6
3|22|227|50|84|268|4S|E|11|HK
3|23|308|26|211|202|2H|E|8|CK
3|23|273|98|11|85|2H|E|8|SJ
3|23|314|207|248|95|2H|E|8|CK
3|23|249|222|101|137|2D|N|8|HA
3|23|238|239|262|213|2H|E|8|CK
3|23|159|144|155|145|2H|E|8|SJ
3|23|6|131|304|302|2H|E|9|CK
3|23|192|178|311|103|1NX|S|7|S7
3|23|142|64|257|171|2H|E|8|CK
3|23|227|50|84|268|2S|E|8|CK
3|24|308|26|211|202|4H|N|10|CQ
3|24|273|98|11|85|4H|N|10|CQ
3|24|314|207|248|95|4H|N|10|CK
3|24|249|222|101|137|4H|N|11|CK
3|24|238|239|262|213|4H|N|10|CK
3|24|159|144|155|145|4H|N|11|CK
3|24|6|131|304|302|4H|N|10|CK
3|24|192|178|311|103|4H|N|10|CK
3|24|142|64|257|171|4H|N|10|CK
3|24|227|50|84|268|4H|S|11|C7
3|25|308|26|211|202|4S|S|11|HQ
3|25|273|98|11|85|4S|S|10|HJ
3|25|314|207|248|95|4S|S|10|HQ
3|25|249|222|101|137|4S|S|10|HQ
3|25|238|239|262|213|4S|S|10|HQ
3|25|159|144|155|145|4S|S|10|HQ
3|25|6|131|304|302|4S|S|11|H8
3|25|192|178|311|103|4S|S|11|HQ
3|25|142|64|257|171|4S|S|10|HQ
3|25|227|50|84|268|4S|S|11|HQ
3|26|308|26|211|202|2S|W|7|H4
3|26|273|98|11|85|2S|W|7|H3
3|26|314|207|248|95|3N|E|8|CT
3|26|249|222|101|137|2N|E|9|D8
3|26|238|239|262|213|2S|E|7|D8
3|26|159|144|155|145|2S|E|7|D8
3|26|6|131|304|302|1N|E|7|HT
3|26|192|178|311|103|2D|E|8|D8
3|26|142|64|257|171|1N|E|6|C9
3|26|227|50|84|268|2S|W|7|H3
3|27|308|26|211|202|4S|S|9|CQ
3|27|273|98|11|85|3N|S|11|D6
3|27|314|207|248|95|3N|S|10|D6
3|27|249|222|101|137|2S|N|10|D3
3|27|238|239|262|213|3N|S|9|H3
3|27|159|144|155|145|2N|S|9|CQ
3|27|6|131|304|302|4S|N|10|H8
3|27|192|178|311|103|2S|N|10|H2
3|27|142|64|257|171|2S|N|11|CA
3|27|227|50|84|268|3N|S|9|H4
3|28|308|26|211|202|4S|N|12|CJ
3|28|273|98|11|85|3S|S|11|S6
3|28|314|207|248|95|4S|N|12|CJ
3|28|249|222|101|137|4S|N|12|D8
3|28|238|239|262|213|4S|N|12|HJ
3|28|159|144|155|145|4S|N|12|CJ
3|28|6|131|304|302|5S|N|12|C7
3|28|192|178|311|103|4S|N|12|HJ
3|28|142|64|257|171|4S|N|12|CJ
3|28|227|50|84|268|4S|N|12|CJ
3|29|308|26|211|202|2D|S|9|H7
3|29|273|98|11|85|3HX|E|6|DK
3|29|314|207|248|95|3N|N|8|CJ
3|29|249|222|101|137|3N|N|7|HQ
3|29|238|239|262|213|3C|W|10|HA
3|29|159|144|155|145|3D|S|9|CA
3|29|6|131|304|302|3N|N|9|HQ
3|29|192|178|311|103|2S|W|9|HA
3|29|142|64|257|171|2D|S|9|H4
3|29|227|50|84|268|4HX|E|6|DK
3|3|76|26|41|202|3H|W|10|CQ
3|3|242|98|12|85|3H|W|10|CQ
3|3|314|249|248|101|3N|E|8|C8
3|3|92|164|210|181|4H|E|11|C9
3|3|238|159|262|155|3N|E|9|D5
3|3|111|168|63|42|3N|E|7|C5
3|3|261|300|315|30|4H|E|11|S8
3|3|192|178|311|103|3N|E|7|C2
3|3|50|64|268|171|3N|E|10|C5
3|3|227|55|187|130|3N|E|9|C9
3|30|308|26|211|202|3H|W|9|ST
3|30|273|98|11|85|4HX|W|8|ST
3|30|314|207|248|95|5HX|W|8|ST
3|30|249|222|101|137|3H|W|9|ST
3|30|238|239|262|213|5D|S|11|HK
3|30|159|144|155|145|3H|W|8|ST
3|30|6|131|304|302|3N|S|9|HK
3|30|192|178|311|103|3HX|W|8|ST
3|30|142|64|257|171|3D|S|10|HK
3|30|227|50|84|268|6C|N|9|HJ
3|31|308|26|211|202|2S|E|9|C3
3|31|273|98|11|85|3S|E|10|C3
3|31|314|207|248|95|2S|E|9|C3
3|31|249|222|101|137|2S|E|10|C3
3|31|238|239|262|213|1N|N|7|C2
3|31|159|144|155|145|2S|W|9|D6
3|31|6|131|304|302|1N|N|7|C6
3|31|192|178|311|103|3S|E|9|SQ
3|31|142|64|257|171|1N|E|6|C3
3|31|227|50|84|268|4S|E|10|SQ
3|32|308|26|211|202|3N|S|9|C3
3|32|273|98|11|85|3N|S|9|H2
3|32|314|207|248|95|3N|N|8|D9
3|32|249|222|101|137|3N|S|8|C5
3|32|238|239|262|213|3N|S|7|S9
3|32|159|144|155|145|3N|S|8|H9
3|32|6|131|304|302|3N|S|7|D4
3|32|192|178|311|103|3N|S|8|HT
3|32|142|64|257|171|3N|S|9|S9
3|32|227|50|84|268|3N|S|9|S6
3|4|76|26|41|202|3N|N|12|D3
3|4|242|98|12|85|3N|N|11|S6
3|4|314|249|248|101|3N|N|12|S6
3|4|92|164|210|181|3N|N|9|S6
3|4|238|159|262|155|3N|N|11|S6
3|4|111|168|63|42|3N|N|12|S6
3|4|261|300|315|30|4H|N|10|CK
3|4|192|178|311|103|3N|N|11|S6
3|4|50|64|268|171|3N|N|10|D6
3|4|227|55|187|130|3N|N|10|CK
3|5|76|26|41|202|3D|N|9|H9
3|5|242|98|12|85|4H|S|10|H5
3|5|314|249|248|101|4H|S|10|CA
3|5|92|164|210|181|3S|W|9|C9
3|5|238|159|262|155|3D|S|10|CA
3|5|111|168|63|42|4H|S|11|H5
3|5|261|300|315|30|3S|E|9|HQ
3|5|192|178|311|103|3S|E|10|HQ
3|5|50|64|268|171|4H|S|9|CA
3|5|227|55|187|130|2H|S|9|CA
3|6|76|26|41|202|5H|S|11|DJ
3|6|242|98|12|85|6H|N|11|CA
3|6|314|249|248|101|4H|N|10|S9
3|6|92|164|210|181|6H|N|11|CA
3|6|238|159|262|155|6H|N|10|CA
3|6|111|168|63|42|6N|N|11|DT
3|6|261|300|315|30|4H|N|9|S9
3|6|192|178|311|103|5H|N|11|S9
3|6|50|64|268|171|4H|N|11|DT
3|6|227|55|187|130|5H|N|11|DT
3|7|76|26|41|202|3D|S|9|CK
3|7|242|98|12|85|3D|N|9|C2
3|7|314|249|248|101|4H|N|9|C2
3|7|92|164|210|181|3C|W|9|DA
3|7|238|159|262|155|3C|W|9|DA
3|7|111|168|63|42|3D|S|9|CK
3|7|261|300|315|30|4H|S|8|CK
3|7|192|178|311|103|3S|E|8|D8
3|7|50|64|268|171|3D|N|8|C8
3|7|227|55|187|130|3S|E|8|D8
3|8|76|26|41|202|4H|S|11|HT
3|8|242|98|12|85|5H|S|10|C2
3|8|314|249|248|101|4H|S|11|C2
3|8|92|164|210|181|4SX|W|9|HQ
3|8|238|159|262|155|4H|S|10|C2
3|8|111|168|63|42|4H|S|10|H5
3|8|261|300|315|30|4SX|W|9|S8
3|8|192|178|311|103|4H|S|10|C5
3|8|50|64|268|171|4H|S|10|C5
3|8|227|55|187|130|4S|W|9|HQ
3|9|76|26|41|202|2S|E|10|DQ
3|9|242|98|12|85|1S|W|11|D3
3|9|314|249|248|101|2S|E|9|CT
3|9|92|164|210|181|2S|E|10|DQ
3|9|238|159|262|155|2S|E|10|DQ
3|9|111|168|63|42|2S|E|10|DQ
3|9|261|300|315|30|2S|E|10|DQ
3|9|192|178|311|103|2S|E|10|DQ
3|9|50|64|268|171|2S|E|10|DQ
3|9|227|55|187|130|2S|E|10|DQ
4|1|207|98|95|85|4SX|S|10|SA
4|1|308|162|211|184|4S|N|9|CJ
4|1|111|222|63|137|4S|N|9|CJ
4|1|314|239|248|213|4SX|N|9|CJ
4|1|192|144|311|145|4S|S|10|SA
4|1|265|300|264|30|5HX|W|9|SJ
4|1|227|304|84|129|4S|S|10|HT
4|1|261|230|315|187|4SX|S|10|D7
4|1|142|242|257|12|4S|S|10|H9
4|1|273|50|11|268|4S|S|10|SK
4|10|207|98|95|85|1SX|W|4|HK
4|10|308|162|211|184|1N|E|7|H7
4|10|111|222|63|137|1N|E|7|SQ
4|10|314|239|248|213|1N|E|6|HT
4|10|192|144|311|145|1N|E|7|H2
4|10|265|300|264|30|2D|N|8|S6
4|10|227|304|84|129|1N|E|7|SQ
4|10|261|230|315|187|2C|S|6|SA
4|10|142|242|257|12|1N|E|6|H9
4|10|273|50|11|268|1N|E|8|SQ
4|11|207|98|95|85|4H|S|11|CK
4|11|308|162|211|184|4H|S|11|CK
4|11|111|222|63|137|4H|N|11|C5
4|11|314|239|248|213|4H|S|11|CA
4|11|192|144|311|145|4H|N|11|C5
4|11|265|300|264|30|4H|S|11|CA
4|11|227|304|84|129|4H|S|11|CQ
4|11|261|230|315|187|4H|S|11|CA
4|11|142|242|257|12|4H|N|11|C5
4|11|273|50|11|268|4H|S|11|CA
4|12|207|98|95|85|2S|E|10|HJ
4|12|308|162|211|184|2S|E|9|HJ
4|12|111|222|63|137|4S|E|10|HJ
4|12|314|239|248|213|3S|E|9|HJ
4|12|192|144|311|145|4S|E|9|HJ
4|12|265|300|264|30|4S|E|10|HJ
4|12|227|304|84|129|4S|E|10|HJ
4|12|261|230|315|187|4S|E|10|HJ
4|12|142|242|257|12|4S|E|10|HJ
4|12|273|50|11|268|4S|E|10|HJ
4|13|207|98|95|85|2S|E|9|DT
4|13|308|162|211|184|4D|S|9|S9
4|13|111|222|63|137|5DX|N|9|CK
4|13|314|239|248|213|3S|E|9|D9
4|13|192|144|311|145|3C|E|10|S4
4|13|265|300|264|30|2S|E|10|C5
4|13|227|304|84|129|2S|E|10|C5
4|13|261|230|315|187|5DX|N|10|CK
4|13|142|242|257|12|1S|E|10|C5
4|13|273|50|11|268|5C|E|11|S4
4|14|207|98|95|85|4S|E|12|DQ
4|14|308|162|211|184|4S|E|12|DQ
4|14|111|222|63|137|4S|E|12|DQ
4|14|314|239|248|213|4S|E|12|DQ
4|14|192|144|311|145|4S|E|12|DQ
4|14|265|300|264|30|4S|E|11|DQ
4|14|227|304|84|129|6S|E|11|DQ
4|14|261|230|315|187|5DX|S|7|S6
4|14|142|242|257|12|4S|E|12|DQ
4|14|273|50|11|268|4S|E|11|DQ
4|15|207|98|95|85|4S|N|10|H6
4|15|308|162|211|184|5CX|W|7|H3
4|15|111|222|63|137|3S|N|7|H9
4|15|314|239|248|213|4S|N|8|H9
4|15|192|144|311|145|4C|E|7|S7
4|15|265|300|264|30|3S|N|9|H9
4|15|227|304|84|129|4S|N|8|H9
4|15|261|230|315|187|3S|N|9|H9
4|15|142|242|257|12|4D|E|7|S7
4|15|273|50|11|268|3S|N|7|H6
4|16|207|98|95|85|4H|N|9|DJ
4|16|308|162|211|184|2H|N|9|DJ
4|16|111|222|63|137|4S|N|8|DJ
4|16|314|239|248|213|4S|N|8|DJ
4|16|192|144|311|145|4S|S|8|DA
4|16|265|300|264|30|4H|N|8|DJ
4|16|227|304|84|129|4S|N|8|DJ
4|16|261|230|315|187|4S|S|9|DA
4|16|142|242|257|12|4S|N|8|DJ
4|16|273|50|11|268|4H|N|8|DJ
4|17|207|98|95|85|1N|N|6|S4
4|17|76|162|41|184|3S|W|9|DK
4|17|159|137|155|66|3C|S|9|D3
4|17|314|239|248|213|3S|E|8|D6
4|17|192|168|311|42|3N|N|7|S4
4|17|265|300|264|30|3C|N|10|S2
4|17|227|6|84|291|3C|S|9|D3
4|17|261|64|315|171|3S|W|8|DA
4|17|142|26|257|202|3C|N|9|S8
4|17|273|50|11|268|2S|W|8|C9
4|18|207|98|95|85|5D|W|11|H4
4|18|76|162|41|184|5DX|W|11|H2
4|18|159|137|155|66|5D|W|11|H2
4|18|314|239|248|213|5D|W|11|H5
4|18|192|168|311|42|5DX|W|11|H4
4|18|265|300|264|30|5DX|W|11|H4
4|18|227|6|84|291|5DX|W|11|H5
4|18|261|64|315|171|4D|W|12|H4
4|18|142|26|257|202|5D|W|11|CQ
4|18|273|50|11|268|5D|W|11|D8
4|19|207|98|95|85|3C|N|9|S9
4|19|76|162|41|184|2C|N|9|DQ
4|19|159|137|155|66|2S|E|9|C8
4|19|314|239|248|213|3S|E|7|C2
4|19|192|168|311|42|3C|N|7|DQ
4|19|265|300|264|30|3N|S|8|DA
4|19|227|6|84|291|4S|E|8|C8
4|19|261|64|315|171|3S|W|8|D8
4|19|142|26|257|202|3C|N|9|S6
4|19|273|50|11|268|4CX|N|9|H6
4|2|207|98|95|85|4H|E|9|S7
4|2|308|162|211|184|4H|E|9|S7
4|2|111|222|63|137|4H|E|9|S7
4|2|314|239|248|213|4H|E|10|S7
4|2|192|144|311|145|4S|W|9|C3
4|2|265|300|264|30|4H|W|10|SQ
4|2|227|304|84|129|4H|W|9|C3
4|2|261|230|315|187|4H|E|9|S7
4|2|142|242|257|12|4S|W|9|C3
4|2|273|50|11|268|4H|W|10|SQ
4|20|207|98|95|85|1N|E|7|D3
4|20|76|162|41|184|2D|S|7|H2
4|20|159|137|155|66|2C|E|10|CA
4|20|314|239|248|213|2C|E|9|CA
4|20|192|168|311|42|1N|S|7|C5
4|20|265|300|264|30|2N|E|6|D3
4|20|227|6|84|291|1N|E|6|D6
4|20|261|64|315|171|3C|E|9|DA
4|20|142|26|257|202|1N|S|7|C5
4|20|273|50|11|268|1N|S|7|C5
4|21|207|98|95|85|4H|E|9|DQ
4|21|76|162|41|184|4H|E|9|SQ
4|21|314|239|248|213|4H|E|9|DQ
4|21|192|168|311|42|3H|E|9|C8
4|21|265|300|264|30|4H|E|9|SQ
4|21|227|6|84|291|3H|E|9|S2
4|21|261|64|315|171|4H|E|9|C8
4|21|142|26|257|202|4H|W|8|D3
4|21|273|50|11|268|6H|E|9|SQ
4|22|207|98|95|85|2D|N|9|CQ
4|22|76|162|41|184|2S|E|6|S6
4|22|159|137|155|66|2H|E|4|D7
4|22|314|239|248|213|2S|E|7|D7
4|22|192|168|311|42|2H|S|8|SJ
4|22|265|300|264|30|2H|S|9|SJ
4|22|227|6|84|291|2S|E|6|D8
4|22|261|64|315|171|2S|E|7|D8
4|22|142|26|257|202|2D|N|9|CQ
4|22|273|50|11|268|2D|N|9|CQ
4|23|207|98|95|85|2S|W|10|D4
4|23|76|162|41|184|2S|W|9|C6
4|23|159|137|155|66|4H|E|10|DK
4|23|314|239|248|213|4S|E|10|DK
4|23|192|168|311|42|4S|E|10|DK
4|23|265|300|264|30|2S|E|8|DK
4|23|227|6|84|291|4S|W|10|D4
4|23|261|64|315|171|2S|E|10|DK
4|23|142|26|257|202|3N|W|6|D6
4|23|273|50|11|268|3N|W|6|D4
4|24|207|98|95|85|6H|W|11|SK
4|24|76|162|41|184|6D|E|12|CQ
4|24|159|137|155|66|6H|W|12|SK
4|24|314|239|248|213|6D|E|12|CJ
4|24|192|168|311|42|6H|W|12|SK
4|24|265|300|264|30|6H|W|12|SK
4|24|227|6|84|291|6D|E|12|CQ
4|24|261|64|315|171|6H|W|11|SK
4|24|142|26|257|202|6H|W|12|SK
4|24|273|50|11|268|6H|W|12|SK
4|25|207|98|95|85|4H|N|10|DQ
4|25|76|162|41|184|4H|N|10|DQ
4|25|159|137|155|66|4H|N|9|DK
4|25|314|239|248|213|4H|N|9|DK
4|25|192|168|311|42|4H|N|9|CK
4|25|265|300|264|30|4H|N|10|DK
4|25|227|6|84|291|4H|S|10|D5
4|25|261|64|315|171|4H|S|9|D5
4|25|142|26|257|202|4H|N|10|DQ
4|25|273|50|11|268|4H|N|9|H5
4|26|207|98|95|85|3C|S|9|S5
4|26|76|162|41|184|3N|N|6|SA
4|26|159|137|155|66|4C|N|9|C6
4|26|314|239|248|213|5C|N|11|SA
4|26|192|168|311|42|5C|S|11|S5
4|26|265|300|264|30|3N|N|8|HJ
4|26|227|6|84|291|5C|S|10|H5
4|26|261|64|315|171|3C|S|10|S4
4|26|142|26|257|202|3C|S|9|H7
4|26|273|50|11|268|5C|N|9|C4
4|27|207|98|95|85|3N|N|11|D6
4|27|76|162|41|184|3N|N|11|C4
4|27|159|137|155|66|3N|N|11|ST
4|27|314|239|248|213|3N|S|11|S4
4|27|192|168|311|42|3N|N|11|D6
4|27|265|300|264|30|3N|S|10|D4
4|27|227|6|84|291|4S|N|9|D2
4|27|261|64|315|171|3N|N|11|ST
4|27|142|26|257|202|3N|N|9|H3
4|27|273|50|11|268|3N|N|9|H3
4|28|207|98|95|85|3N|N|7|SJ
4|28|76|162|41|184|2S|W|6|HK
4|28|159|137|155|66|3N|N|7|SQ
4|28|314|239|248|213|3N|N|8|SQ
4|28|192|168|311|42|3D|S|9|ST
4|28|265|300|264|30|1N|S|7|ST
4|28|227|6|84|291|3D|S|9|ST
4|28|261|64|315|171|3N|N|7|SQ
4|28|142|26|257|202|3N|N|8|SQ
4|28|273|50|11|268|3N|N|7|SQ
4|29|207|98|95|85|3C|S|10|H7
4|29|76|162|41|184|3N|N|10|H3
4|29|159|137|155|66|3D|N|8|HK
4|29|314|239|248|213|3N|N|10|HQ
4|29|192|168|311|42|3N|N|9|HK
4|29|265|300|264|30|2H|W|7|D3
4|29|227|6|84|291|3N|N|9|H3
4|29|261|64|315|171|2H|W|6|CT
4|29|142|26|257|202|4C|S|10|H7
4|29|273|50|11|268|3D|S|8|H7
4|3|207|98|95|85|3N|E|10|H7
4|3|308|162|211|184|3N|E|10|H6
4|3|111|222|63|137|5DX|E|11|H7
4|3|314|239|248|213|3N|W|10|CJ
4|3|192|144|311|145|3N|E|10|C7
4|3|265|300|264|30|3D|E|10|C7
4|3|227|304|84|129|4H|W|11|DT
4|3|261|230|315|187|3N|E|10|H6
4|3|142|242|257|12|3N|E|10|H7
4|3|273|50|11|268|4H|W|11|DT
4|30|207|98|95|85|3N|E|9|D7
4|30|76|162|41|184|4SX|N|9|ST
4|30|159|137|155|66|5C|W|9|SA
4|30|314|239|248|213|3N|E|7|S3
4|30|192|168|311|42|5C|W|10|SA
4|30|265|300|264|30|3N|E|7|S4
4|30|227|6|84|291|4C|W|9|SA
4|30|261|64|315|171|3C|W|10|SA
4|30|142|26|257|202|3N|E|7|S3
4|30|273|50|11|268|3C|W|9|D6
4|31|207|98|95|85|3N|E|8|ST
4|31|76|162|41|184|3N|E|8|ST
4|31|159|137|155|66|3S|S|8|HT
4|31|314|239|248|213|3C|E|10|D9
4|31|192|168|311|42|3S|S|8|HT
4|31|265|300|264|30|2S|S|8|C3
4|31|227|6|84|291|2S|N|8|CK
4|31|261|64|315|171|3N|E|8|D9
4|31|142|26|257|202|2S|S|8|C8
4|31|273|50|11|268|3S|S|8|D4
4|32|207|98|95|85|3N|E|10|CQ
4|32|76|162|41|184|4H|E|11|CQ
4|32|159|137|155|66|4H|E|11|CQ
4|32|314|239|248|213|4H|E|11|S7
4|32|192|168|311|42|4H|E|11|S8
4|32|265|300|264|30|3N|E|12|S8
4|32|227|6|84|291|6H|E|12|CQ
4|32|261|64|315|171|4H|E|11|CQ
4|32|142|26|257|202|5D|W|11|C6
4|32|273|50|11|268|6D|W|10|S2
4|4|207|98|95|85|1N|W|7|S3
4|4|308|162|211|184|1N|E|9|D6
4|4|111|222|63|137|1N|E|5|C5
4|4|314|239|248|213|1N|E|5|C3
4|4|192|144|311|145|3D|E|7|HQ
4|4|265|300|264|30|1N|E|5|C2
4|4|227|304|84|129|1N|E|6|C3
4|4|261|230|315|187|2D|E|7|HQ
4|4|142|242|257|12|1N|S|6|S5
4|4|273|50|11|268|2D|E|8|HQ
4|5|207|98|95|85|3N|S|12|H4
4|5|308|162|211|184|3N|S|11|SJ
4|5|111|222|63|137|3N|S|11|H6
4|5|314|239|248|213|5D|N|10|ST
4|5|192|144|311|145|3N|S|10|SQ
4|5|265|300|264|30|3N|S|10|SA
4|5|227|304|84|129|3N|S|11|C6
4|5|261|230|315|187|4H|S|11|H4
4|5|142|242|257|12|3N|S|9|S3
4|5|273|50|11|268|3N|S|9|SQ
4|6|207|98|95|85|3D|S|11|SJ
4|6|308|162|211|184|6D|S|11|SJ
4|6|111|222|63|137|5D|S|11|SQ
4|6|314|239|248|213|5D|S|11|DA
4|6|192|144|311|145|5D|S|11|SQ
4|6|265|300|264|30|3N|N|10|H5
4|6|227|304|84|129|5D|S|12|H9
4|6|261|230|315|187|5D|S|11|H9
4|6|142|242|257|12|5D|S|11|SQ
4|6|273|50|11|268|3N|N|12|CJ
4|7|207|98|95|85|2H|S|7|CK
4|7|308|162|211|184|3N|W|10|S8
4|7|111|222|63|137|3C|E|9|HQ
4|7|314|239|248|213|2H|S|7|CA
4|7|192|144|311|145|3N|W|8|H8
4|7|265|300|264|30|3N|E|8|HJ
4|7|227|304|84|129|3N|W|9|S9
4|7|261|230|315|187|3N|E|8|HQ
4|7|142|242|257|12|3N|W|9|S9
4|7|273|50|11|268|3N|E|8|HQ
4|8|207|98|95|85|3H|N|9|SQ
4|8|308|162|211|184|4H|N|9|SQ
4|8|111|222|63|137|3H|S|9|S4
4|8|314|239|248|213|3H|N|9|SK
4|8|192|144|311|145|3S|E|8|HK
4|8|265|300|264|30|3S|E|6|HK
4|8|227|304|84|129|3H|S|9|S4
4|8|261|230|315|187|3H|N|9|SK
4|8|142|242|257|12|3S|E|6|HK
4|8|273|50|11|268|3H|S|9|S7
4|9|207|98|95|85|3N|N|7|S6
4|9|308|162|211|184|3N|N|8|S5
4|9|111|222|63|137|3N|S|7|ST
4|9|314|239|248|213|3N|N|9|S5
4|9|192|144|311|145|3H|N|9|SA
4|9|265|300|264|30|3N|N|9|S6
4|9|227|304|84|129|3NX|N|7|S3
4|9|261|230|315|187|3N|S|7|ST
4|9|142|242|257|12|4H|N|8|SK
4|9|273|50|11|268|3N|S|7|ST
5|1|76|159|41|155|4H|S|9|D3
5|1|111|308|63|211|4H|S|10|D3
5|1|222|300|66|30|4H|S|10|D8
5|1|192|314|311|248|4H|S|9|D8
5|1|144|304|145|129|4H|N|9|S2
5|1|6|168|291|42|3N|N|7|D7
5|1|249|50|101|268|4H|S|9|D9
5|1|142|162|257|184|4H|S|11|D8
5|1|242|64|12|171|4H|S|10|D8
5|1|230|26|187|202|3N|N|6|D7
5|10|76|159|41|155|4D|E|9|C6
5|10|111|308|63|211|2S|E|7|C6
5|10|222|300|66|30|2D|E|9|D4
5|10|192|314|311|248|2D|E|10|C8
5|10|144|304|145|129|5D|E|10|C8
5|10|6|168|291|42|3D|E|9|D4
5|10|249|50|101|268|2D|E|9|D4
5|10|142|162|257|184|3D|E|10|C6
5|10|242|64|12|171|4D|E|10|CK
5|10|230|26|187|202|3D|E|9|D4
5|11|76|159|41|155|4S|N|10|HQ
5|11|111|308|63|211|4S|N|10|HQ
5|11|192|314|311|248|3S|N|10|HQ
5|11|144|304|145|129|3S|N|10|HQ
5|11|6|168|291|42|4S|N|10|HQ
5|11|249|50|101|268|4S|N|10|HQ
5|11|142|162|257|184|3S|N|10|HQ
5|11|242|64|12|171|3S|N|10|HQ
5|11|230|26|187|202|4S|N|10|HQ
5|12|76|159|41|155|4S|W|9|CK
5|12|111|308|63|211|2S|W|10|CA
5|12|222|300|66|30|4S|W|9|CQ
5|12|192|314|311|248|4S|W|9|CA
5|12|144|304|145|129|5D|S|9|SK
5|12|6|168|291|42|4S|W|9|CA
5|12|249|50|101|268|4S|W|10|CA
5|12|142|162|257|184|4S|W|9|CA
5|12|242|64|12|171|3H|E|8|C8
5|12|230|26|187|202|4S|W|9|CA
5|13|76|159|41|155|4H|W|10|DK
5|13|111|308|63|211|4H|W|10|DK
5|13|222|300|66|30|6C|W|12|DK
5|13|192|314|311|248|5H|E|9|DA
5|13|144|304|145|129|3H|W|9|DK
5|13|6|168|291|42|6DX|S|8|HA
5|13|249|50|101|268|6C|W|12|C9
5|13|142|162|257|184|4H|W|10|DK
5|13|242|64|12|171|5C|W|11|DK
5|13|230|26|187|202|6H|E|11|DA
5|14|76|159|41|155|6DX|W|12|SK
5|14|111|308|63|211|5SX|S|11|DA
5|14|222|300|66|30|5S|S|10|D9
5|14|192|314|311|248|5SX|S|11|DA
5|14|144|304|145|129|5S|N|11|D6
5|14|6|168|291|42|6DX|W|12|SA
5|14|249|50|101|268|7DX|W|12|SA
5|14|142|162|257|184|5SX|S|11|C2
5|14|242|64|12|171|5DX|W|12|SK
5|14|230|26|187|202|5S|S|11|C4
5|15|76|159|41|155|2H|E|9|SK
5|15|111|308|63|211|2S|S|5|CK
5|15|222|300|66|30|2H|E|9|SA
5|15|192|314|311|248|2SX|S|7|CK
5|15|144|304|145|129|2H|E|9|SA
5|15|6|168|291|42|2C|W|8|S8
5|15|249|50|101|268|3N|W|8|S5
5|15|142|162|257|184|3NX|W|8|S8
5|15|242|64|12|171|2H|E|9|C8
5|15|230|26|187|202|2H|E|9|SA
5|16|76|159|41|155|1N|W|8|C7
5|16|111|308|63|211|2N|W|9|H7
5|16|222|300|66|30|2N|W|5|H6
5|16|192|314|311|248|3N|W|4|H5
5|16|144|304|145|129|1N|W|8|SQ
5|16|6|168|291|42|3N|W|9|S3
5|16|249|50|101|268|1N|W|8|SQ
5|16|142|162|257|184|3N|W|6|SQ
5|16|242|64|12|171|1N|W|8|SQ
5|16|230|26|187|202|1N|W|8|S3
5|17|76|159|41|155|3H|E|10|SJ
5|17|239|98|213|85|4H|E|10|HT
5|17|137|300|66|30|4H|E|10|HT
5|17|192|314|311|248|4H|E|10|DJ
5|17|144|261|145|315|4H|E|10|HT
5|17|304|265|129|264|4H|E|10|SJ
5|17|249|50|101|268|2H|E|10|HT
5|17|142|207|257|95|3H|E|10|HT
5|17|273|227|11|84|4H|E|10|HT
5|17|230|242|187|12|2H|E|9|SJ
5|18|76|159|41|155|3N|S|10|H8
5|18|239|98|213|85|3N|S|10|H2
5|18|137|300|66|30|3N|N|11|H5
5|18|192|314|311|248|3N|S|10|H2
5|18|144|261|145|315|3N|S|9|H8
5|18|304|265|129|264|3N|S|9|H8
5|18|249|50|101|268|3N|S|10|H2
5|18|142|207|257|95|3N|S|10|H8
5|18|273|227|11|84|3N|S|10|H8
5|18|230|242|187|12|3N|S|10|H2
5|19|76|159|41|155|3N|W|7|C7
5|19|239|98|213|85|3N|W|7|C2
5|19|137|300|66|30|3N|W|8|C2
5|19|192|314|311|248|3N|W|8|C2
5|19|144|261|145|315|3N|W|8|C3
5|19|304|265|129|264|3N|W|8|C7
5|19|249|50|101|268|1N|W|9|C3
5|19|142|207|257|95|3N|E|8|H7
5|19|273|227|11|84|3N|W|7|C2
5|19|230|242|187|12|1N|W|7|C8
5|2|76|159|41|155|3N|E|10|SJ
5|2|111|308|63|211|3N|E|10|C4
5|2|222|300|66|30|3N|E|10|C3
5|2|192|314|311|248|3N|E|11|C3
5|2|144|304|145|129|3N|E|10|C3
5|2|6|168|291|42|3N|E|11|SJ
5|2|249|50|101|268|3N|E|11|C4
5|2|142|162|257|184|3N|W|9|D3
5|2|242|64|12|171|2SX|S|4|CQ
5|2|230|26|187|202|3N|E|10|ST
5|20|76|159|41|155|3N|N|10|D9
5|20|239|98|213|85|3N|N|10|S3
5|20|137|300|66|30|3N|N|10|S3
5|20|192|314|311|248|3N|S|10|S9
5|20|144|261|145|315|3N|N|11|S3
5|20|304|265|129|264|3N|N|9|DT
5|20|249|50|101|268|3N|N|8|H5
5|20|142|207|257|95|2N|N|9|S3
5|20|273|227|11|84|2D|N|9|DT
5|20|230|242|187|12|3N|N|10|D9
5|21|76|159|41|155|6H|N|12|C7
5|21|239|98|213|85|4H|N|12|C7
5|21|137|300|66|30|4H|N|12|D5
5|21|192|314|311|248|6N|S|11|S5
5|21|144|261|145|315|4H|N|12|C8
5|21|304|265|129|264|4H|N|12|C8
5|21|249|50|101|268|4H|N|12|C7
5|21|142|207|257|95|3N|N|12|D3
5|21|273|227|11|84|6H|S|12|DA
5|21|230|242|187|12|6S|N|11|C7
5|22|76|159|41|155|4H|W|10|CQ
5|22|239|98|213|85|6H|W|10|CQ
5|22|137|300|66|30|6H|W|10|CQ
5|22|192|314|311|248|6H|W|10|CQ
5|22|144|261|145|315|4H|W|10|CQ
5|22|304|265|129|264|3CX|N|5|C8
5|22|249|50|101|268|5H|W|10|S4
5|22|142|207|257|95|6HX|W|10|CQ
5|22|273|227|11|84|4H|W|10|CQ
5|22|230|242|187|12|5S|E|10|C5
5|23|76|159|41|155|2H|N|7|SJ
5|23|239|98|213|85|2H|N|7|D5
5|23|137|300|66|30|2D|E|9|CK
5|23|192|314|311|248|4S|W|7|H4
5|23|144|261|145|315|2S|W|8|D2
5|23|304|265|129|264|2C|S|7|CA
5|23|249|50|101|268|2H|N|5|SJ
5|23|142|207|257|95|1N|S|7|SA
5|23|273|227|11|84|3N|E|8|HT
5|23|230|242|187|12|1S|W|8|D2
5|24|76|159|41|155|3N|N|9|D6
5|24|239|98|213|85|2D|W|7|DA
5|24|137|300|66|30|3N|S|9|C3
5|24|192|314|311|248|2S|W|6|DA
5|24|144|261|145|315|3N|S|9|DQ
5|24|304|265|129|264|3C|N|10|HQ
5|24|249|50|101|268|3N|S|10|DQ
5|24|142|207|257|95|3N|S|9|DQ
5|24|273|227|11|84|2D|W|8|H3
5|24|230|242|187|12|3C|N|10|HQ
5|25|76|159|41|155|3N|E|11|HQ
5|25|239|98|213|85|3N|W|10|S4
5|25|137|300|66|30|3N|E|11|HQ
5|25|192|314|311|248|3N|E|12|HQ
5|25|144|261|145|315|3N|E|11|HQ
5|25|304|265|129|264|4N|E|11|HQ
5|25|249|50|101|268|3N|E|11|CT
5|25|142|207|257|95|3N|E|11|HQ
5|25|273|227|11|84|3N|E|11|HQ
5|25|230|242|187|12|3N|E|12|HQ
5|26|76|159|41|155|7N|E|13|DJ
5|26|239|98|213|85|6N|E|13|HJ
5|26|137|300|66|30|7N|E|13|DJ
5|26|192|314|311|248|7N|E|13|C4
5|26|144|261|145|315|7N|E|13|HJ
5|26|304|265|129|264|7C|E|13|HJ
5|26|249|50|101|268|7N|E|13|SQ
5|26|142|207|257|95|7N|E|13|HJ
5|26|273|227|11|84|7N|E|13|HJ
5|26|230|242|187|12|7N|E|13|CT
5|27|76|159|41|155|2S|N|6|CA
5|27|239|98|213|85|3H|W|8|C5
5|27|137|300|66|30|3H|W|9|S3
5|27|192|314|311|248|1N|N|6|H5
5|27|144|261|145|315|1N|N|4|H5
5|27|304|265|129|264|3H|W|9|S3
5|27|249|50|101|268|3H|W|9|S6
5|27|142|207|257|95|2S|N|7|CA
5|27|273|227|11|84|3H|W|9|S3
5|27|230|242|187|12|3H|W|9|S3
5|28|76|159|41|155|4H|N|11|C6
5|28|239|98|213|85|4H|N|11|S9
5|28|137|300|66|30|4H|N|11|S6
5|28|192|314|311|248|4H|N|11|C6
5|28|144|261|145|315|4H|N|11|C8
5|28|304|265|129|264|4H|N|11|C8
5|28|249|50|101|268|5H|N|11|C6
5|28|142|207|257|95|4H|N|11|ST
5|28|273|227|11|84|4H|N|11|S6
5|28|230|242|187|12|4H|N|11|C6
5|29|76|159|41|155|3C|N|8|HK
5|29|239|98|213|85|3H|W|9|S8
5|29|137|300|66|30|2S|S|7|CK
5|29|192|314|311|248|2N|N|8|C7
5|29|144|261|145|315|3HX|W|9|C4
5|29|304|265|129|264|3C|N|7|HK
5|29|249|50|101|268|3H|W|9|S4
5|29|142|207|257|95|3H|W|9|S8
5|29|273|227|11|84|2S|N|5|C3
5|29|230|242|187|12|1N|S|6|H8
5|3|76|159|41|155|6D|S|12|C6
5|3|111|308|63|211|6N|S|12|C3
5|3|222|300|66|30|6N|S|12|C2
5|3|192|314|311|248|6N|S|12|C3
5|3|144|304|145|129|4S|N|10|HJ
5|3|6|168|291|42|6C|S|12|H4
5|3|249|50|101|268|3N|S|12|C6
5|3|142|162|257|184|6N|N|9|HJ
5|3|242|64|12|171|6N|S|12|C4
5|3|230|26|187|202|6N|S|12|C3
5|30|76|159|41|155|2H|W|11|H3
5|30|239|98|213|85|4H|E|10|DQ
5|30|137|300|66|30|2H|W|10|H8
5|30|192|314|311|248|3N|W|8|S3
5|30|144|261|145|315|4H|E|10|DQ
5|30|304|265|129|264|4H|E|10|DQ
5|30|249|50|101|268|2H|W|10|D8
5|30|142|207|257|95|2H|E|12|DQ
5|30|273|227|11|84|2H|W|10|H8
5|30|230|242|187|12|4H|W|12|C4
5|31|76|159|41|155|4H|N|10|C3
5|31|239|98|213|85|4H|N|10|S5
5|31|137|300|66|30|3N|N|11|C3
5|31|192|314|311|248|4H|N|9|DK
5|31|144|261|145|315|4H|N|10|S6
5|31|304|265|129|264|4H|N|10|DK
5|31|249|50|101|268|4H|N|10|H6
5|31|142|207|257|95|4H|N|10|CA
5|31|273|227|11|84|3N|S|8|D3
5|31|230|242|187|12|3N|S|8|D3
5|32|76|159|41|155|3N|E|5|H7
5|32|239|98|213|85|3N|E|7|H9
5|32|137|300|66|30|3N|W|6|S6
5|32|192|314|311|248|3D|E|9|S2
5|32|144|261|145|315|3N|E|7|H9
5|32|304|265|129|264|2N|E|8|SA
5|32|249|50|101|268|2D|E|9|H9
5|32|142|207|257|95|2N|E|7|S2
5|32|273|227|11|84|2N|E|7|S2
5|32|230|242|187|12|3N|E|9|H9
5|4|76|159|41|155|1N|S|7|S4
5|4|111|308|63|211|3D|N|8|HT
5|4|222|300|66|30|2S|E|6|CJ
5|4|192|314|311|248|2S|E|7|CJ
5|4|144|304|145|129|1NX|N|7|SJ
5|4|6|168|291|42|2S|E|7|DJ
5|4|249|50|101|268|2C|E|8|CJ
5|4|142|162|257|184|2C|E|6|CJ
5|4|242|64|12|171|2S|E|7|DJ
5|4|230|26|187|202|2D|N|7|CK
5|5|76|159|41|155|2DX|S|9|ST
5|5|111|308|63|211|3D|N|9|DT
5|5|222|300|66|30|2D|N|9|S3
5|5|192|314|311|248|2D|S|9|D4
5|5|144|304|145|129|1N|N|8|S4
5|5|6|168|291|42|2D|S|8|ST
5|5|249|50|101|268|2H|W|8|SA
5|5|142|162|257|184|1S|E|6|H5
5|5|242|64|12|171|1N|N|7|S4
5|5|230|26|187|202|3N|N|8|S4
5|6|76|159|41|155|2N|W|8|D2
5|6|111|308|63|211|1N|W|7|H2
5|6|222|300|66|30|2N|W|8|D3
5|6|192|314|311|248|2N|E|6|S2
5|6|144|304|145|129|2S|N|6|SQ
5|6|6|168|291|42|1N|W|7|H4
5|6|249|50|101|268|1N|W|8|H2
5|6|142|162|257|184|1N|E|5|S7
5|6|242|64|12|171|2N|E|6|S7
5|6|230|26|187|202|2S|S|8|CJ
5|7|76|159|41|155|6H|W|9|SJ
5|7|111|308|63|211|6H|W|10|SJ
5|7|222|300|66|30|6H|W|9|SJ
5|7|192|314|311|248|4H|W|11|SJ
5|7|144|304|145|129|4H|W|9|SJ
5|7|6|168|291|42|4H|W|11|DJ
5|7|249|50|101|268|6H|W|10|SJ
5|7|142|162|257|184|7H|W|9|SJ
5|7|242|64|12|171|5H|W|10|SJ
5|7|230|26|187|202|4H|W|9|SJ
5|8|76|159|41|155|3D|W|9|SK
5|8|111|308|63|211|4D|W|9|SA
5|8|222|300|66|30|4H|N|7|DK
5|8|192|314|311|248|3D|W|9|SA
5|8|144|304|145|129|3D|W|9|SA
5|8|6|168|291|42|3S|N|6|DK
5|8|249|50|101|268|3D|W|9|SA
5|8|142|162|257|184|3D|W|9|SA
5|8|242|64|12|171|3N|E|8|S5
5|8|230|26|187|202|3D|W|9|SA
5|9|76|159|41|155|4H|N|11|SJ
5|9|111|308|63|211|4H|N|11|C6
5|9|222|300|66|30|4H|N|11|SJ
5|9|192|314|311|248|4H|N|11|SJ
5|9|144|304|145|129|4H|N|11|SJ
5|9|6|168|291|42|4H|N|11|SJ
5|9|249|50|101|268|4H|N|11|SJ
5|9|142|162|257|184|4H|N|11|ST
5|9|242|64|12|171|4H|N|11|SJ
5|9|230|26|187|202|4H|N|11|SJ
6|1|192|76|311|41|3H|W|8|C4
6|1|308|300|211|30|4D|S|10|H3
6|1|261|222|315|66|3H|W|8|H4
6|1|314|6|248|291|4H|W|8|H4
6|1|227|144|187|145|3H|W|8|H4
6|1|168|64|42|171|4HX|W|8|H4
6|1|142|111|257|63|4S|N|8|HA
6|1|159|50|155|268|2S|N|6|S3
6|1|26|162|202|184|3S|S|8|H3
6|1|207|242|95|12|4HX|W|8|H4
6|10|192|76|311|41|3D|E|11|S4
6|10|308|300|211|30|5D|E|11|SA
6|10|261|222|315|66|3D|W|11|H6
6|10|314|6|248|291|3D|E|10|SA
6|10|227|144|187|145|1N|E|8|S4
6|10|168|64|42|171|4D|W|11|S7
6|10|142|111|257|63|1N|E|8|S4
6|10|159|50|155|268|3D|E|10|SA
6|10|26|162|202|184|2D|W|11|H2
6|10|207|242|95|12|2S|S|7|CJ
6|11|192|76|311|41|3H|W|7|S4
6|11|308|300|211|30|4S|S|8|HT
6|11|261|222|315|66|3H|W|6|S4
6|11|314|6|248|291|3N|S|9|H5
6|11|227|144|187|145|3N|S|9|H5
6|11|168|64|42|171|3D|N|11|H3
6|11|142|111|257|63|1N|S|8|H6
6|11|159|50|155|268|3N|S|10|HT
6|11|26|162|202|184|4S|S|7|HT
6|11|207|242|95|12|3N|S|9|H9
6|12|192|76|311|41|6S|W|12|DK
6|12|308|300|211|30|6S|W|12|DK
6|12|261|222|315|66|6S|E|12|D7
6|12|314|6|248|291|6S|W|12|CA
6|12|227|144|187|145|6S|E|12|D5
6|12|168|64|42|171|6S|E|12|C4
6|12|142|111|257|63|6S|E|12|H8
6|12|159|50|155|268|6S|W|12|DK
6|12|26|162|202|184|6S|E|12|D9
6|12|207|242|95|12|6S|E|12|H3
6|13|192|76|311|41|2H|N|9|H6
6|13|308|300|211|30|2D|S|8|C4
6|13|261|222|315|66|2SX|E|5|H8
6|13|314|6|248|291|2H|N|9|CK
6|13|227|144|187|145|2H|N|9|H6
6|13|168|64|42|171|1N|E|5|H5
6|13|142|111|257|63|2C|W|4|S7
6|13|159|50|155|268|2H|N|10|D4
6|13|26|162|202|184|1N|E|4|D6
6|13|207|242|95|12|2SX|E|4|C7
6|14|192|76|311|41|6D|N|12|C2
6|14|308|300|211|30|6D|S|12|SQ
6|14|261|222|315|66|6D|S|12|SQ
6|14|314|6|248|291|6D|S|12|SQ
6|14|227|144|187|145|3N|S|12|SQ
6|14|168|64|42|171|3N|S|12|SQ
6|14|142|111|257|63|3N|N|11|C4
6|14|159|50|155|268|3N|S|12|S5
6|14|26|162|202|184|3N|S|12|SQ
6|14|207|242|95|12|3N|S|12|SQ
6|15|192|76|311|41|3D|N|9|H7
6|15|308|300|211|30|3N|N|9|SJ
6|15|261|222|315|66|3N|S|8|S2
6|15|314|6|248|291|3N|S|9|D9
6|15|227|144|187|145|3N|S|8|H6
6|15|168|64|42|171|3N|S|10|S6
6|15|142|111|257|63|3N|S|9|H5
6|15|159|50|155|268|2D|N|9|D6
6|15|26|162|202|184|3N|S|9|H6
6|15|207|242|95|12|2D|S|9|C5
6|16|192|76|311|41|4H|N|12|H2
6|16|308|300|211|30|4S|N|11|H2
6|16|261|222|315|66|4H|S|11|D9
6|16|314|6|248|291|4H|N|12|S6
6|16|227|144|187|145|4H|N|12|S6
6|16|168|64|42|171|4S|N|12|CA
6|16|142|111|257|63|4H|N|11|H3
6|16|159|50|155|268|4H|N|10|S6
6|16|26|162|202|184|4S|N|11|H2
6|16|207|242|95|12|4S|N|11|C5
6|17|192|76|311|41|4H|N|10|D5
6|17|308|300|211|30|4H|S|10|SQ
6|17|304|222|129|137|4H|N|9|S3
6|17|314|6|248|291|4H|N|11|S3
6|17|227|265|187|264|4H|N|10|S3
6|17|168|64|42|171|4H|N|10|S3
6|17|142|111|257|63|4H|N|10|C3
6|17|239|50|213|268|4H|N|10|S2
6|17|26|162|202|184|4H|N|10|S3
6|17|249|273|101|11|4H|N|10|S3
6|18|192|76|311|41|6D|E|12|CQ
6|18|308|300|211|30|6D|E|12|H5
6|18|304|222|129|137|6D|E|12|H4
6|18|314|6|248|291|6D|E|12|S7
6|18|227|265|187|264|6D|E|12|H4
6|18|168|64|42|171|6D|E|12|H5
6|18|142|111|257|63|4N|E|11|S7
6|18|239|50|213|268|6D|E|12|H4
6|18|26|162|202|184|6D|W|12|H3
6|18|249|273|101|11|6D|W|12|S2
6|19|192|76|311|41|3D|N|8|C8
6|19|308|300|211|30|3H|E|8|DA
6|19|304|222|129|137|3S|N|8|C8
6|19|314|6|248|291|4S|N|9|C8
6|19|227|265|187|264|3D|N|8|C8
6|19|168|64|42|171|3D|N|8|C8
6|19|142|111|257|63|3H|E|8|DA
6|19|239|50|213|268|3S|N|9|C8
6|19|26|162|202|184|3S|N|8|C8
6|19|249|273|101|11|4S|N|8|C8
6|2|192|76|311|41|3N|W|9|H2
6|2|308|300|211|30|3N|W|10|H5
6|2|261|222|315|66|3N|W|9|H5
6|2|314|6|248|291|3N|W|9|H5
6|2|227|144|187|145|3N|W|9|H5
6|2|168|64|42|171|3N|W|9|H5
6|2|142|111|257|63|3N|W|9|H5
6|2|159|50|155|268|3N|W|7|H5
6|2|26|162|202|184|3N|W|6|H5
6|2|207|242|95|12|3N|W|9|H5
6|20|192|76|311|41|4S|W|8|DJ
6|20|308|300|211|30|4S|E|7|D2
6|20|304|222|129|137|2S|W|7|DJ
6|20|314|6|248|291|2S|W|9|SQ
6|20|227|265|187|264|3H|W|9|SQ
6|20|168|64|42|171|3S|W|8|DJ
6|20|142|111|257|63|4S|W|8|DJ
6|20|239|50|213|268|3D|N|8|DA
6|20|26|162|202|184|3C|S|7|H2
6|20|249|273|101|11|2S|W|7|DJ
6|21|192|76|311|41|4H|N|9|S9
6|21|308|300|211|30|4H|N|10|H4
6|21|304|222|129|137|4H|N|9|HT
6|21|314|6|248|291|5CX|E|10|HA
6|21|227|265|187|264|4S|W|9|DA
6|21|168|64|42|171|4H|N|9|HT
6|21|142|111|257|63|4H|N|10|HT
6|21|239|50|213|268|4H|N|9|HT
6|21|26|162|202|184|4H|N|9|H4
6|21|249|273|101|11|4H|N|10|H4
6|22|192|76|311|41|4SX|N|9|DK
6|22|308|300|211|30|3DX|E|9|SA
6|22|304|222|129|137|4SX|N|8|DQ
6|22|314|6|248|291|4S|N|8|DA
6|22|227|265|187|264|3H|E|9|H5
6|22|168|64|42|171|2S|N|9|HA
6|22|142|111|257|63|3S|S|7|H6
6|22|239|50|213|268|4H|E|9|H5
6|22|26|162|202|184|4SX|N|8|DK
6|22|249|273|101|11|4SX|N|9|HA
6|23|192|76|311|41|3N|E|9|D2
6|23|308|300|211|30|4S|E|9|C5
6|23|304|222|129|137|4S|E|8|C5
6|23|314|6|248|291|4S|E|9|C5
6|23|227|265|187|264|3N|E|9|HT
6|23|168|64|42|171|2S|E|9|C5
6|23|142|111|257|63|3N|E|9|S6
6|23|239|50|213|268|4S|E|8|C5
6|23|26|162|202|184|4S|E|9|C5
6|23|249|273|101|11|2C|N|5|HJ
6|24|192|76|311|41|4S|N|12|C6
6|24|308|300|211|30|4S|N|12|HA
6|24|304|222|129|137|5HX|E|8|S4
6|24|314|6|248|291|5S|N|12|HA
6|24|227|265|187|264|4S|N|12|HK
6|24|168|64|42|171|6S|N|11|HA
6|24|142|111|257|63|4S|N|12|HQ
6|24|239|50|213|268|4S|N|12|HK
6|24|26|162|202|184|4HX|E|7|S7
6|24|249|273|101|11|4S|N|12|HA
6|25|192|76|311|41|3N|S|9|CQ
6|25|308|300|211|30|4C|W|10|H2
6|25|304|222|129|137|3D|N|11|SA
6|25|314|6|248|291|4C|W|10|H2
6|25|227|265|187|264|4C|W|10|H8
6|25|168|64|42|171|4C|W|10|H2
6|25|142|111|257|63|3N|S|9|CQ
6|25|239|50|213|268|5C|W|10|H8
6|25|26|162|202|184|4C|W|10|H2
6|25|249|273|101|11|5C|W|10|H2
6|26|192|76|311|41|4SX|S|9|HT
6|26|308|300|211|30|5HX|W|10|S3
6|26|304|222|129|137|4D|E|10|SA
6|26|314|6|248|291|4H|W|10|S3
6|26|227|265|187|264|4H|W|10|S2
6|26|168|64|42|171|4D|E|10|SA
6|26|142|111|257|63|2H|W|10|S2
6|26|239|50|213|268|5HX|W|10|S2
6|26|26|162|202|184|4H|W|10|S3
6|26|249|273|101|11|2H|W|10|S3
6|27|192|76|311|41|4H|E|10|DA
6|27|308|300|211|30|3N|S|7|HJ
6|27|304|222|129|137|4H|W|10|DQ
6|27|314|6|248|291|2N|S|7|HJ
6|27|227|265|187|264|2N|S|7|HT
6|27|168|64|42|171|3D|S|9|CK
6|27|142|111|257|63|1N|S|6|CQ
6|27|239|50|213|268|4H|E|10|DA
6|27|26|162|202|184|3D|S|9|CQ
6|27|249|273|101|11|2H|W|10|DQ
6|28|192|76|311|41|2S|W|8|C7
6|28|308|300|211|30|2S|W|8|C3
6|28|304|222|129|137|2S|W|7|H4
6|28|314|6|248|291|2S|W|8|C3
6|28|227|265|187|264|2S|W|9|H4
6|28|168|64|42|171|3S|W|8|C3
6|28|142|111|257|63|2S|W|8|C7
6|28|239|50|213|268|2S|W|7|H4
6|28|26|162|202|184|3H|E|7|CJ
6|28|249|273|101|11|3S|W|7|H8
6|29|192|76|311|41|4SX|W|9|DA
6|29|308|300|211|30|5HX|N|11|CA
6|29|304|222|129|137|4H|N|11|CA
6|29|314|6|248|291|4HX|N|11|CA
6|29|227|265|187|264|2S|E|8|CQ
6|29|168|64|42|171|4CX|W|7|HA
6|29|142|111|257|63|4H|N|11|CA
6|29|239|50|213|268|3H|N|11|CA
6|29|26|162|202|184|4H|N|10|CK
6|29|249|273|101|11|4H|N|11|CK
6|3|192|76|311|41|5CX|S|10|D7
6|3|261|222|315|66|5CX|S|10|H3
6|3|314|6|248|291|5C|S|10|H3
6|3|227|144|187|145|4H|W|10|CK
6|3|168|64|42|171|4H|W|10|D9
6|3|142|111|257|63|5CX|N|11|CA
6|3|159|50|155|268|5CX|S|11|D7
6|3|26|162|202|184|4H|E|10|D8
6|3|207|242|95|12|5CX|S|10|SQ
6|30|192|76|311|41|2S|W|9|D6
6|30|308|300|211|30|2S|W|8|D4
6|30|304|222|129|137|2D|E|6|CK
6|30|314|6|248|291|2D|E|6|CK
6|30|227|265|187|264|2S|W|8|H4
6|30|168|64|42|171|2D|E|5|CK
6|30|142|111|257|63|2S|W|8|H4
6|30|239|50|213|268|2S|W|9|D6
6|30|26|162|202|184|2S|W|8|H9
6|30|249|273|101|11|1N|N|8|D2
6|31|192|76|311|41|4H|W|11|CQ
6|31|308|300|211|30|4H|W|10|CQ
6|31|304|222|129|137|4H|W|11|CQ
6|31|314|6|248|291|4H|W|11|CQ
6|31|227|265|187|264|4H|W|11|CQ
6|31|168|64|42|171|3H|W|11|CQ
6|31|142|111|257|63|4H|W|11|CQ
6|31|239|50|213|268|4H|W|11|CQ
6|31|26|162|202|184|4H|W|11|CQ
6|31|249|273|101|11|4H|W|11|CQ
6|32|192|76|311|41|P||0
6|32|308|300|211|30|1N|N|8|S5
6|32|304|222|129|137|P||0
6|32|314|6|248|291|P||0
6|32|227|265|187|264|3D|E|7|D9
6|32|168|64|42|171|P||0
6|32|142|111|257|63|3D|E|8|H2
6|32|239|50|213|268|P||0
6|32|26|162|202|184|1N|W|5|CJ
6|32|249|273|101|11|P||0
6|4|192|76|311|41|3D|W|10|HK
6|4|308|300|211|30|2S|N|7|D2
6|4|261|222|315|66|3D|W|10|HK
6|4|314|6|248|291|2H|S|9|DA
6|4|227|144|187|145|3D|W|10|HK
6|4|168|64|42|171|4D|W|11|D9
6|4|142|111|257|63|3N|W|8|HK
6|4|159|50|155|268|3C|E|8|S2
6|4|26|162|202|184|3D|W|10|HQ
6|4|207|242|95|12|3D|W|10|HK
6|5|192|76|311|41|5S|N|10|CK
6|5|308|300|211|30|4S|N|10|CK
6|5|261|222|315|66|5CX|E|10|D7
6|5|314|6|248|291|5CX|E|10|SK
6|5|227|144|187|145|5CX|E|10|SK
6|5|168|64|42|171|4S|S|10|DA
6|5|142|111|257|63|4S|S|10|DA
6|5|159|50|155|268|5CX|E|10|SK
6|5|26|162|202|184|5CX|E|10|SK
6|5|207|242|95|12|5CX|E|10|SK
6|6|192|76|311|41|3N|E|12|H5
6|6|308|300|211|30|3N|W|10|H2
6|6|261|222|315|66|1HX|N|3|CA
6|6|314|6|248|291|3N|E|10|H5
6|6|227|144|187|145|4S|E|10|CQ
6|6|168|64|42|171|3N|E|10|D8
6|6|142|111|257|63|3N|E|9|CQ
6|6|159|50|155|268|3N|E|11|H7
6|6|26|162|202|184|3N|E|10|H7
6|6|207|242|95|12|3D|E|12|D3
6|7|192|76|311|41|4H|E|11|C4
6|7|308|300|211|30|4H|W|10|CQ
6|7|261|222|315|66|4H|E|11|C9
6|7|314|6|248|291|5H|W|10|SJ
6|7|227|144|187|145|4H|E|11|C4
6|7|168|64|42|171|4H|W|10|CQ
6|7|142|111|257|63|4H|W|10|CQ
6|7|159|50|155|268|4H|E|11|C8
6|7|26|162|202|184|4H|W|10|SQ
6|7|207|242|95|12|4H|E|12|DA
6|8|192|76|311|41|1N|E|7|CQ
6|8|308|300|211|30|1N|E|7|HK
6|8|261|222|315|66|1NX|W|7|HJ
6|8|314|6|248|291|2H|N|9|D2
6|8|227|144|187|145|1N|W|7|HJ
6|8|168|64|42|171|1N|E|6|CQ
6|8|142|111|257|63|1N|W|7|HJ
6|8|159|50|155|268|1N|E|6|HK
6|8|26|162|202|184|1N|W|8|HJ
6|8|207|242|95|12|1N|E|7|HK
6|9|192|76|311|41|3N|W|10|S4
6|9|308|300|211|30|3N|W|10|S5
6|9|261|222|315|66|3N|W|11|HQ
6|9|314|6|248|291|3N|W|10|S5
6|9|227|144|187|145|3N|W|10|S5
6|9|168|64|42|171|3N|W|10|SJ
6|9|142|111|257|63|3N|W|10|S5
6|9|159|50|155|268|3N|W|11|SJ
6|9|26|162|202|184|5D|E|10|CK
6|9|207|242|95|12|3N|W|10|HA
7|1|76|178|41|103|4S|E|10|C3
7|1|261|98|315|85|4S|E|12|HQ
7|1|164|168|181|42|4S|E|12|C3
7|1|144|314|145|248|4S|E|12|HQ
7|1|131|50|302|268|5S|E|9|HQ
7|1|142|300|257|30|4S|E|12|C3
7|1|111|26|63|202|4S|E|12|HQ
7|1|154|159|242|206|4S|E|10|HQ
7|1|249|227|101|84|4S|E|10|C3
7|1|109|162|216|184|4S|E|11|HQ
7|10|76|178|41|103|3N|N|5|C7
7|10|261|98|315|85|4S|S|10|H6
7|10|164|168|181|42|4S|S|10|H6
7|10|144|314|145|248|4S|S|10|H6
7|10|131|50|302|268|3N|N|6|C4
7|10|142|300|257|30|3N|N|5|S6
7|10|111|26|63|202|3N|N|5|S4
7|10|154|159|242|206|4S|S|10|H6
7|10|249|227|101|84|4S|S|10|H6
7|10|109|162|216|184|3N|N|5|C7
7|11|76|178|41|103|4H|W|9|CQ
7|11|261|98|315|85|3H|W|9|CQ
7|11|164|168|181|42|4H|W|10|CK
7|11|144|314|145|248|4H|W|10|CK
7|11|131|50|302|268|4H|E|10|C3
7|11|142|300|257|30|2N|N|4|DQ
7|11|111|26|63|202|4H|W|8|D2
7|11|154|159|242|206|2H|W|9|CK
7|11|249|227|101|84|3D|E|9|H5
7|11|109|162|216|184|4H|W|10|CK
7|12|76|178|41|103|3N|W|11|DQ
7|12|261|98|315|85|6C|W|12|HA
7|12|164|168|181|42|6C|W|12|SQ
7|12|144|314|145|248|3N|E|10|S2
7|12|131|50|302|268|6C|W|12|HA
7|12|142|300|257|30|3N|E|9|S9
7|12|111|26|63|202|3N|E|10|S9
7|12|154|159|242|206|5C|W|12|SQ
7|12|249|227|101|84|6C|W|12|HA
7|12|109|162|216|184|3N|W|11|S3
7|13|76|178|41|103|3N|S|11|S9
7|13|261|98|315|85|3N|S|11|HT
7|13|164|168|181|42|3N|S|10|D6
7|13|144|314|145|248|3N|N|11|SA
7|13|131|50|302|268|3N|S|10|D6
7|13|142|300|257|30|3N|S|11|HT
7|13|111|26|63|202|3N|S|12|S4
7|13|154|159|242|206|6NX|N|11|SK
7|13|249|227|101|84|3N|S|10|D6
7|13|109|162|216|184|2DX|E|7|DA
7|14|76|178|41|103|4C|W|9|SK
7|14|261|98|315|85|4S|N|9|H7
7|14|164|168|181|42|3S|S|10|C2
7|14|144|314|145|248|3S|N|8|H7
7|14|131|50|302|268|3C|W|9|H8
7|14|142|300|257|30|3C|E|9|HA
7|14|111|26|63|202|3C|W|8|SK
7|14|154|159|242|206|4C|W|8|SK
7|14|249|227|101|84|4S|N|9|H6
7|14|109|162|216|184|4S|N|9|CA
7|15|76|178|41|103|2N|S|9|DJ
7|15|261|98|315|85|2S|E|7|S8
7|15|164|168|181|42|P||0
7|15|144|314|145|248|1N|S|9|H4
7|15|131|50|302|268|P||0
7|15|142|300|257|30|P||0
7|15|111|26|63|202|1N|S|9|H8
7|15|154|159|242|206|1N|S|9|H4
7|15|249|227|101|84|P||0
7|15|109|162|216|184|P||0
7|16|76|178|41|103|3C|N|9|H8
7|16|261|98|315|85|3C|S|9|HQ
7|16|164|168|181|42|5CX|S|9|HK
7|16|144|314|145|248|4H|E|10|SJ
7|16|131|50|302|268|4H|W|9|CK
7|16|142|300|257|30|4C|S|9|HK
7|16|111|26|63|202|4C|N|9|H2
7|16|154|159|242|206|3H|E|10|SJ
7|16|249|227|101|84|3H|E|9|SJ
7|16|109|162|216|184|3C|N|9|H8
7|17|76|304|41|129|4S|N|9|H2
7|17|261|308|315|211|4S|N|9|H8
7|17|222|238|137|262|4S|S|11|D3
7|17|144|314|145|248|4S|N|9|H8
7|17|131|50|302|268|3S|N|9|H8
7|17|142|192|257|311|4S|N|9|H2
7|17|159|154|206|242|4S|N|9|D7
7|17|273|239|12|213|4S|N|9|D5
7|17|92|227|210|84|4S|N|9|D8
7|17|109|162|216|184|4S|N|10|D5
7|18|76|304|41|129|4S|N|10|HA
7|18|261|308|315|211|3NX|N|8|DQ
7|18|222|238|137|262|3D|E|7|C5
7|18|144|314|145|248|3N|N|8|DQ
7|18|131|50|302|268|3D|E|6|C5
7|18|142|192|257|311|4S|N|9|DQ
7|18|159|154|206|242|3N|N|8|DQ
7|18|273|239|12|213|3N|N|9|DQ
7|18|92|227|210|84|4S|N|9|HA
7|18|109|162|216|184|3N|N|9|DQ
7|19|76|304|41|129|7N|N|13|H8
7|19|261|308|315|211|7N|N|13|S7
7|19|222|238|137|262|7N|S|13|ST
7|19|144|314|145|248|7N|N|13|DT
7|19|131|50|302|268|7N|N|13|DJ
7|19|142|192|257|311|4N|N|13|DJ
7|19|159|154|206|242|7H|S|13|D6
7|19|273|239|12|213|7H|S|13|H2
7|19|92|227|210|84|7H|S|13|H2
7|19|109|162|216|184|7H|S|13|H2
7|2|76|178|41|103|3N|S|9|CQ
7|2|261|98|315|85|3CX|W|7|C3
7|2|164|168|181|42|3N|S|7|CK
7|2|144|314|145|248|3CX|W|8|DA
7|2|131|50|302|268|3N|S|10|CK
7|2|142|300|257|30|3CX|W|7|D5
7|2|111|26|63|202|3CX|W|7|SQ
7|2|154|159|242|206|3CX|W|8|C3
7|2|249|227|101|84|3D|S|8|CK
7|2|109|162|216|184|3N|N|9|D4
7|20|76|304|41|129|3N|W|11|D2
7|20|261|308|315|211|4N|W|11|CJ
7|20|222|238|137|262|3N|W|11|D3
7|20|144|314|145|248|4N|E|11|ST
7|20|131|50|302|268|3N|W|11|HT
7|20|142|192|257|311|3N|W|11|S7
7|20|159|154|206|242|3N|W|11|HT
7|20|273|239|12|213|3N|W|11|HT
7|20|92|227|210|84|3N|W|11|HT
7|20|109|162|216|184|3N|W|11|D2
7|21|76|304|41|129|4H|N|10|C9
7|21|261|308|315|211|4H|N|11|C9
7|21|222|238|137|262|4H|N|10|C9
7|21|144|314|145|248|4H|N|10|C9
7|21|131|50|302|268|4H|N|10|C9
7|21|142|192|257|311|3N|S|10|C2
7|21|159|154|206|242|4H|N|10|C9
7|21|273|239|12|213|4H|N|10|D5
7|21|92|227|210|84|4H|N|10|C9
7|21|109|162|216|184|3N|S|10|C2
7|22|76|304|41|129|5SX|N|7|HA
7|22|261|308|315|211|4H|W|10|CT
7|22|222|238|137|262|5DX|N|7|HA
7|22|144|314|145|248|4H|W|9|CT
7|22|131|50|302|268|4H|W|9|CT
7|22|142|192|257|311|5SX|N|8|HA
7|22|159|154|206|242|5DX|N|8|SA
7|22|273|239|12|213|4H|W|9|CT
7|22|92|227|210|84|3N|S|9|HQ
7|22|109|162|216|184|4H|W|9|CT
7|23|76|304|41|129|4S|S|12|CT
7|23|261|308|315|211|4S|S|13|CT
7|23|222|238|137|262|4S|S|12|CT
7|23|144|314|145|248|4S|S|11|H7
7|23|131|50|302|268|6S|S|12|CT
7|23|142|192|257|311|4S|S|12|CT
7|23|159|154|206|242|6S|S|12|CT
7|23|273|239|12|213|3N|N|12|C4
7|23|92|227|210|84|4S|S|10|H8
7|23|109|162|216|184|4S|S|13|CT
7|24|76|304|41|129|6C|E|12|HJ
7|24|261|308|315|211|6N|W|12|D3
7|24|222|238|137|262|6D|E|12|HJ
7|24|144|314|145|248|6N|E|12|C6
7|24|131|50|302|268|7D|E|12|C5
7|24|142|192|257|311|6N|W|12|H4
7|24|159|154|206|242|3N|W|12|S8
7|24|273|239|12|213|6D|E|12|HJ
7|24|92|227|210|84|6N|E|12|C9
7|24|109|162|216|184|6D|E|12|C6
7|25|76|304|41|129|2S|W|7|H4
7|25|261|308|315|211|4S|W|9|HK
7|25|222|238|137|262|3N|E|7|H5
7|25|144|314|145|248|4D|E|10|CK
7|25|131|50|302|268|3C|W|8|H2
7|25|142|192|257|311|3C|E|8|HA
7|25|159|154|206|242|3C|W|8|H2
7|25|273|239|12|213|3C|E|9|S5
7|25|92|227|210|84|3C|E|9|CK
7|25|109|162|216|184|3C|E|8|S5
7|26|76|304|41|129|3D|W|8|HK
7|26|261|308|315|211|3S|S|6|C6
7|26|222|238|137|262|3D|W|8|HA
7|26|144|314|145|248|3S|S|6|C6
7|26|131|50|302|268|3D|W|9|HA
7|26|142|192|257|311|2S|S|6|C6
7|26|159|154|206|242|3S|S|5|C6
7|26|273|239|12|213|3S|S|6|C6
7|26|92|227|210|84|3D|W|9|HK
7|26|109|162|216|184|3D|W|8|HA
7|27|76|304|41|129|2S|W|8|DQ
7|27|261|308|315|211|3S|W|8|DQ
7|27|222|238|137|262|2S|W|8|DQ
7|27|144|314|145|248|3S|W|9|DQ
7|27|131|50|302|268|3S|W|8|DQ
7|27|142|192|257|311|2S|W|9|DQ
7|27|159|154|206|242|2S|W|8|H4
7|27|273|239|12|213|2S|W|8|H6
7|27|92|227|210|84|2H|W|8|H6
7|27|109|162|216|184|3S|W|9|DQ
7|28|76|304|41|129|3C|S|9|H4
7|28|261|308|315|211|4S|N|8|SK
7|28|222|238|137|262|2S|N|8|DA
7|28|144|314|145|248|2S|N|8|H9
7|28|131|50|302|268|2S|N|8|SK
7|28|142|192|257|311|2S|N|8|DA
7|28|159|154|206|242|4SX|N|8|DA
7|28|273|239|12|213|2S|N|8|H5
7|28|92|227|210|84|2S|N|9|H5
7|28|109|162|216|184|4SX|N|8|DA
7|29|76|304|41|129|2D|N|8|HA
7|29|261|308|315|211|2S|S|8|H6
7|29|222|238|137|262|2H|E|5|DQ
7|29|144|314|145|248|2D|N|8|HA
7|29|131|50|302|268|2S|S|9|H6
7|29|142|192|257|311|3S|S|9|H7
7|29|159|154|206|242|2S|S|8|H8
7|29|273|239|12|213|2S|S|9|H7
7|29|92|227|210|84|2S|S|9|C6
7|29|109|162|216|184|3H|W|8|SA
7|3|76|178|41|103|4S|W|11|HJ
7|3|261|98|315|85|4S|E|11|H4
7|3|164|168|181|42|4S|W|11|HJ
7|3|144|314|145|248|4S|W|12|C7
7|3|131|50|302|268|4S|W|11|HJ
7|3|142|300|257|30|4S|W|11|HJ
7|3|111|26|63|202|4S|W|11|HJ
7|3|154|159|242|206|4S|W|11|HJ
7|3|249|227|101|84|4S|W|11|HJ
7|3|109|162|216|184|4S|W|11|HJ
7|30|76|304|41|129|4S|S|9|DA
7|30|261|308|315|211|5H|E|10|SA
7|30|222|238|137|262|4S|S|9|HK
7|30|144|314|145|248|5HX|E|11|DQ
7|30|131|50|302|268|4SX|S|9|DA
7|30|142|192|257|311|4SX|S|10|DA
7|30|159|154|206|242|4S|S|9|DK
7|30|273|239|12|213|5HX|E|10|SA
7|30|92|227|210|84|5HX|E|11|DQ
7|30|109|162|216|184|4S|S|9|H5
7|31|76|304|41|129|4S|W|9|D6
7|31|261|308|315|211|4S|W|9|D2
7|31|222|238|137|262|4S|W|10|CK
7|31|144|314|145|248|4S|W|10|CK
7|31|131|50|302|268|4S|W|10|CK
7|31|142|192|257|311|4S|W|10|CK
7|31|159|154|206|242|4S|W|9|D2
7|31|273|239|12|213|4S|W|9|S6
7|31|92|227|210|84|4S|W|10|CK
7|31|109|162|216|184|4S|W|9|D2
7|32|76|304|41|129|3N|S|8|ST
7|32|261|308|315|211|3N|N|11|HT
7|32|222|238|137|262|3H|E|9|CA
7|32|144|314|145|248|3N|N|8|S2
7|32|131|50|302|268|3N|N|8|S2
7|32|142|192|257|311|3N|N|9|HT
7|32|159|154|206|242|5D|N|10|HA
7|32|273|239|12|213|3N|N|9|HT
7|32|92|227|210|84|5D|N|10|DT
7|32|109|162|216|184|3N|S|8|S4
7|4|76|178|41|103|3S|S|9|HJ
7|4|261|98|315|85|3N|N|9|H7
7|4|164|168|181|42|5C|S|11|HJ
7|4|144|314|145|248|3N|N|9|S3
7|4|131|50|302|268|3N|N|9|H8
7|4|142|300|257|30|5C|S|11|SK
7|4|111|26|63|202|5C|N|10|CT
7|4|154|159|242|206|4S|S|10|HJ
7|4|249|227|101|84|5C|S|10|HJ
7|4|109|162|216|184|3N|N|9|H9
7|5|76|178|41|103|4HX|S|9|CA
7|5|261|98|315|85|4H|S|9|CK
7|5|164|168|181|42|5HX|S|9|CK
7|5|144|314|145|248|5DX|E|8|SA
7|5|131|50|302|268|4HX|N|9|C3
7|5|142|300|257|30|4HX|S|9|CA
7|5|111|26|63|202|5HX|S|9|CK
7|5|154|159|242|206|4HX|N|9|DA
7|6|76|178|41|103|3N|N|9|S5
7|6|261|98|315|85|2N|N|9|HT
7|6|164|168|181|42|4H|N|10|HT
7|6|144|314|145|248|2N|N|8|S5
7|6|131|50|302|268|4D|S|10|CK
7|6|142|300|257|30|3N|S|8|CK
7|6|111|26|63|202|3N|S|8|CK
7|6|154|159|242|206|2S|N|7|HT
7|7|76|178|41|103|3N|E|11|D7
7|7|261|98|315|85|3N|E|9|H5
7|7|164|168|181|42|3N|E|10|D7
7|7|144|314|145|248|3N|E|10|D4
7|7|131|50|302|268|3N|E|11|D7
7|7|142|300|257|30|3N|E|11|D7
7|7|111|26|63|202|3N|E|11|S2
7|7|154|159|242|206|3N|E|11|D4
7|8|76|178|41|103|3S|N|7|CK
7|8|261|98|315|85|4D|E|11|S4
7|8|164|168|181|42|4D|E|11|S2
7|8|144|314|145|248|5DX|E|11|S4
7|8|131|50|302|268|4D|E|12|S4
7|8|142|300|257|30|5D|E|11|CT
7|8|111|26|63|202|4D|E|12|S2
7|8|154|159|242|206|5D|E|11|S7
7|9|76|178|41|103|4S|S|10|HK
7|9|261|98|315|85|4S|S|11|HQ
7|9|164|168|181|42|4S|S|10|HK
7|9|144|314|145|248|5HX|W|10|S5
7|9|131|50|302|268|5HX|W|10|CQ
7|9|142|300|257|30|4S|S|11|C9
7|9|111|26|63|202|4S|S|10|C9
7|9|154|159|242|206|4S|S|10|C9
7|9|249|227|101|84|2S|S|11|C9
7|9|109|162|216|184|5H|W|11|CQ
8|1|144|308|145|211|4H|W|9|C4
8|1|98|168|85|42|3H|W|8|C6
8|1|109|137|216|66|5C|S|9|H4
8|1|314|64|248|171|5C|S|10|H4
8|1|142|304|257|129|4C|S|10|H4
8|1|178|50|103|268|4C|S|9|H5
8|1|26|300|202|30|4C|S|10|H4
8|1|192|273|311|12|3H|W|8|C4
8|1|249|239|101|213|2C|S|10|D8
8|1|159|92|206|210|5C|S|9|HK
8|10|144|308|145|211|4S|N|6|C6
8|10|98|168|85|42|3S|S|8|D4
8|10|109|137|216|66|4S|N|6|C6
8|10|314|64|248|171|2S|S|8|D8
8|10|142|304|257|129|3H|E|9|S3
8|10|178|50|103|268|3H|W|9|DK
8|10|26|300|202|30|4S|N|8|C6
8|10|192|273|311|12|2H|W|9|DK
8|10|249|239|101|213|2S|S|9|D8
8|10|159|92|206|210|4H|E|8|S2
8|11|144|308|145|211|2S|N|9|C2
8|11|98|168|85|42|2S|S|9|H8
8|11|109|137|216|66|1S|N|9|C8
8|11|314|64|248|171|2S|N|10|C8
8|11|142|304|257|129|2N|W|6|ST
8|11|178|50|103|268|1S|S|8|DJ
8|11|26|300|202|30|3H|E|6|SQ
8|11|192|273|311|12|1N|E|6|S2
8|11|249|239|101|213|2S|N|9|C8
8|11|159|92|206|210|1S|S|9|H4
8|12|144|308|145|211|5HX|S|7|SK
8|12|98|168|85|42|5HX|S|7|SK
8|12|109|137|216|66|4S|W|10|H5
8|12|314|64|248|171|4HX|S|8|SK
8|12|142|304|257|129|4S|W|10|H5
8|12|178|50|103|268|4S|W|9|H5
8|12|26|300|202|30|5HX|S|7|SK
8|12|192|273|311|12|4HX|S|7|SK
8|12|249|239|101|213|5HX|S|7|SK
8|12|159|92|206|210|4HX|S|7|SK
8|13|144|308|145|211|2H|E|8|SA
8|13|98|168|85|42|1S|N|8|H3
8|13|109|137|216|66|2H|E|9|SA
8|13|314|64|248|171|2H|E|9|SA
8|13|142|304|257|129|2H|E|9|SA
8|13|178|50|103|268|2S|E|9|SA
8|13|26|300|202|30|2H|E|8|SK
8|13|192|273|311|12|2S|S|7|HA
8|13|249|239|101|213|2H|E|9|SA
8|13|159|92|206|210|2H|E|9|SA
8|14|144|308|145|211|3H|E|7|SA
8|14|98|168|85|42|2N|W|8|H4
8|14|109|137|216|66|4H|E|6|D6
8|14|314|64|248|171|3D|W|8|S4
8|14|142|304|257|129|2D|W|8|CA
8|14|178|50|103|268|3N|W|7|CA
8|14|26|300|202|30|3N|W|6|H4
8|14|192|273|311|12|2D|W|8|H9
8|14|249|239|101|213|3N|W|7|S6
8|14|159|92|206|210|5D|W|9|H4
8|15|144|308|145|211|4H|E|12|S6
8|15|98|168|85|42|6H|W|12|CA
8|15|109|137|216|66|6H|W|12|SJ
8|15|314|64|248|171|7HX|E|12|D6
8|15|142|304|257|129|6H|E|12|DQ
8|15|178|50|103|268|6H|E|12|S6
8|15|26|300|202|30|6H|W|12|SJ
8|15|192|273|311|12|6H|E|12|C5
8|15|249|239|101|213|6H|W|12|CA
8|15|159|92|206|210|6H|E|12|SQ
8|16|144|308|145|211|5CX|W|9|SK
8|16|98|168|85|42|4S|N|11|DQ
8|16|109|137|216|66|3S|N|12|DQ
8|16|314|64|248|171|5CX|W|9|SQ
8|16|142|304|257|129|4S|N|10|DQ
8|16|178|50|103|268|3S|N|10|DQ
8|16|26|300|202|30|2H|N|11|DQ
8|16|192|273|311|12|2H|S|10|DA
8|16|249|239|101|213|4S|S|12|SJ
8|16|159|92|206|210|4S|N|11|DQ
8|17|98|238|85|262|2H|N|6|DA
8|17|168|76|42|41|1N|W|8|C8
8|17|109|314|216|248|1N|W|6|HQ
8|17|164|227|181|84|3D|E|10|D5
8|17|142|304|257|129|2N|W|7|HK
8|17|261|50|315|268|1N|W|6|HK
8|17|154|300|242|30|2N|W|7|HK
8|17|131|273|302|12|1N|W|7|HK
8|17|162|111|184|63|2N|W|7|HK
8|17|159|249|206|101|2H|N|6|DA
8|18|238|98|262|85|3N|W|7|C8
8|18|76|168|41|42|3N|W|8|H8
8|18|109|314|216|248|3N|W|7|H9
8|18|164|227|181|84|3N|W|8|C5
8|18|142|304|257|129|3N|W|6|H9
8|18|261|50|315|268|2N|W|8|C8
8|18|154|300|242|30|3N|E|8|CA
8|18|131|273|302|12|3N|W|8|C6
8|18|162|111|184|63|3N|E|8|CK
8|18|159|249|206|101|4H|W|6|C6
8|19|238|98|262|85|3D|S|8|DA
8|19|76|168|41|42|3D|S|9|S5
8|19|109|314|216|248|3D|S|8|DA
8|19|164|227|181|84|2D|S|9|S8
8|19|142|304|257|129|3D|S|8|DA
8|19|261|50|315|268|3D|S|9|H7
8|19|154|300|242|30|2D|S|9|S3
8|19|131|273|302|12|3D|S|8|S3
8|19|162|111|184|63|3D|S|8|DK
8|19|159|249|206|101|3D|S|8|S5
8|2|144|308|145|211|2S|S|8|DQ
8|2|98|168|85|42|3S|N|10|DA
8|2|109|137|216|66|5DX|E|10|CJ
8|2|314|64|248|171|3S|S|8|DQ
8|2|142|304|257|129|3D|E|10|D8
8|2|178|50|103|268|4S|S|8|DQ
8|2|26|300|202|30|1N|W|9|CQ
8|2|192|273|311|12|5D|E|10|CJ
8|2|249|239|101|213|2D|E|10|H5
8|2|159|92|206|210|4S|S|8|DT
8|20|238|98|262|85|2S|W|7|C4
8|20|76|168|41|42|4S|W|7|C4
8|20|109|314|216|248|4S|W|9|H2
8|20|164|227|181|84|2N|E|6|C2
8|20|142|304|257|129|3N|E|6|C2
8|20|261|50|315|268|3S|W|7|CJ
8|20|154|300|242|30|3S|W|9|CJ
8|20|131|273|302|12|3S|W|9|D6
8|20|162|111|184|63|4S|W|7|C3
8|20|159|249|206|101|3C|S|9|SQ
8|21|238|98|262|85|1N|W|6|C4
8|21|76|168|41|42|2H|E|9|S7
8|21|109|314|216|248|2H|E|11|H8
8|21|164|227|181|84|3N|W|6|D9
8|21|142|304|257|129|2H|E|9|S5
8|21|261|50|315|268|2H|E|9|C2
8|21|154|300|242|30|2H|E|11|S7
8|21|131|273|302|12|2H|E|9|D2
8|21|162|111|184|63|2H|E|9|H6
8|21|159|249|206|101|2H|E|10|S7
8|22|238|98|262|85|2H|N|8|S3
8|22|76|168|41|42|3H|S|8|C2
8|22|109|314|216|248|4H|S|8|DA
8|22|164|227|181|84|3H|N|8|D4
8|22|142|304|257|129|3H|S|8|C2
8|22|261|50|315|268|2H|S|8|C2
8|22|154|300|242|30|3H|S|8|C2
8|22|131|273|302|12|3H|S|8|C2
8|22|162|111|184|63|3H|S|8|C2
8|22|159|249|206|101|2H|N|8|D7
8|23|238|98|262|85|1N|W|6|H3
8|23|76|168|41|42|1N|W|6|H3
8|23|109|314|216|248|1N|W|6|H3
8|23|164|227|181|84|1N|W|6|H3
8|23|142|304|257|129|1N|W|6|H3
8|23|261|50|315|268|1N|W|5|CK
8|23|154|300|242|30|1N|W|6|H3
8|23|131|273|302|12|1H|W|6|CK
8|23|162|111|184|63|1N|N|7|C8
8|23|159|249|206|101|1N|W|6|H3
8|24|238|98|262|85|3S|S|10|C8
8|24|76|168|41|42|3H|W|7|S5
8|24|109|314|216|248|4SX|N|9|H4
8|24|164|227|181|84|3H|W|7|CA
8|24|142|304|257|129|4H|W|7|D3
8|24|261|50|315|268|4H|W|7|CA
8|24|154|300|242|30|4S|S|10|HA
8|24|131|273|302|12|3H|W|7|D3
8|24|162|111|184|63|3S|S|10|D5
8|24|159|249|206|101|5HX|W|10|S5
8|25|238|98|262|85|2H|W|9|DA
8|25|76|168|41|42|2H|W|9|DA
8|25|109|314|216|248|2H|W|9|DA
8|25|164|227|181|84|2H|W|9|DA
8|25|142|304|257|129|2H|W|9|DA
8|25|261|50|315|268|3H|W|9|DA
8|25|154|300|242|30|1H|W|9|DA
8|25|131|273|302|12|2H|W|9|DA
8|25|162|111|184|63|2S|E|7|CQ
8|25|159|249|206|101|2H|W|9|DA
8|26|238|98|262|85|3N|N|10|D3
8|26|76|168|41|42|3N|N|11|H3
8|26|109|314|216|248|3N|N|11|H3
8|26|164|227|181|84|3N|N|10|H3
8|26|142|304|257|129|3N|S|9|D8
8|26|261|50|315|268|3N|N|10|H3
8|26|154|300|242|30|3N|N|10|D3
8|26|131|273|302|12|3N|N|10|D5
8|26|162|111|184|63|3N|N|10|D3
8|26|159|249|206|101|3N|N|10|D3
8|27|238|98|262|85|4H|N|10|C9
8|27|76|168|41|42|5CX|W|8|S7
8|27|109|314|216|248|4HX|S|10|CA
8|27|164|227|181|84|4S|S|11|CA
8|27|142|304|257|129|6CX|W|8|S9
8|27|261|50|315|268|6H|S|10|CA
8|27|154|300|242|30|4H|S|10|CA
8|27|131|273|302|12|5HX|S|11|CK
8|27|162|111|184|63|5CX|W|8|S9
8|27|159|249|206|101|4H|S|10|CA
8|28|238|98|262|85|3N|S|11|C6
8|28|76|168|41|42|3N|S|9|C6
8|28|109|314|216|248|4S|N|11|D5
8|28|164|227|181|84|3N|N|10|D5
8|28|142|304|257|129|3N|S|10|C6
8|28|261|50|315|268|4S|N|11|D5
8|28|154|300|242|30|4S|N|11|C2
8|28|131|273|302|12|3N|S|11|C6
8|28|162|111|184|63|3N|S|11|C6
8|28|159|249|206|101|3N|S|10|C6
8|29|238|98|262|85|1N|N|9|H4
8|29|76|168|41|42|1N|N|9|ST
8|29|109|314|216|248|1N|N|10|CT
8|29|164|227|181|84|1N|N|9|ST
8|29|142|304|257|129|1N|N|10|H7
8|29|261|50|315|268|1N|N|10|H4
8|29|154|300|242|30|1N|N|8|C3
8|29|131|273|302|12|1N|N|9|H5
8|29|162|111|184|63|1N|N|8|ST
8|29|159|249|206|101|1N|N|9|H4
8|3|144|308|145|211|6D|S|12|CA
8|3|98|168|85|42|6S|N|12|C5
8|3|109|137|216|66|4S|N|13|D5
8|3|314|64|248|171|4S|N|13|D5
8|3|142|304|257|129|6D|S|12|CA
8|3|178|50|103|268|6S|N|13|D5
8|3|26|300|202|30|6D|S|12|CA
8|3|192|273|311|12|6S|N|13|D5
8|3|249|239|101|213|6D|S|12|CA
8|3|159|92|206|210|6D|S|12|CA
8|30|238|98|262|85|2S|N|8|H5
8|30|76|168|41|42|2S|N|9|DK
8|30|109|314|216|248|3D|N|8|H5
8|30|164|227|181|84|3D|N|8|DK
8|30|142|304|257|129|3D|S|9|SK
8|30|261|50|315|268|3D|S|10|C5
8|30|154|300|242|30|3D|N|9|DK
8|30|131|273|302|12|3D|S|9|HJ
8|30|162|111|184|63|3D|N|9|H5
8|30|159|249|206|101|2S|N|9|H5
8|31|238|98|262|85|5C|S|11|C8
8|31|76|168|41|42|6SX|E|9|CA
8|31|109|314|216|248|6C|N|11|SK
8|31|164|227|181|84|5C|S|11|S2
8|31|142|304|257|129|6C|S|11|S2
8|31|261|50|315|268|5C|S|11|S6
8|31|154|300|242|30|6C|S|11|SQ
8|31|131|273|302|12|3N|S|8|S2
8|31|162|111|184|63|5C|S|11|H5
8|31|159|249|206|101|5C|N|11|SA
8|32|238|98|262|85|2S|E|8|D5
8|32|76|168|41|42|3S|E|9|C6
8|32|109|314|216|248|3S|E|8|S2
8|32|164|227|181|84|3S|E|9|D4
8|32|142|304|257|129|3N|E|9|C2
8|32|261|50|315|268|3D|N|7|SJ
8|32|154|300|242|30|2S|E|8|D4
8|32|131|273|302|12|3C|N|7|ST
8|32|162|111|184|63|3D|N|7|SJ
8|32|159|249|206|101|1S|E|8|D4
8|4|144|308|145|211|3CX|W|9|S8
8|4|98|168|85|42|3D|E|7|HA
8|4|109|137|216|66|2S|S|8|HK
8|4|314|64|248|171|2CX|W|7|S3
8|4|142|304|257|129|2CX|W|8|S8
8|4|178|50|103|268|2S|S|9|HK
8|4|26|300|202|30|2N|E|6|SA
8|4|192|273|311|12|3C|E|7|D7
8|4|249|239|101|213|3C|W|8|S3
8|4|159|92|206|210|2S|S|7|C3
8|5|144|308|145|211|1N|W|8|H9
8|5|98|168|85|42|1N|E|7|H4
8|5|109|137|216|66|2N|W|9|H9
8|5|314|64|248|171|1N|E|9|H4
8|5|142|304|257|129|1N|E|8|H4
8|5|178|50|103|268|1N|E|8|H4
8|5|26|300|202|30|1N|E|9|H4
8|5|192|273|311|12|3N|W|9|H9
8|5|249|239|101|213|3N|W|9|H9
8|5|159|92|206|210|1N|E|8|H4
8|6|144|308|145|211|4H|N|11|DT
8|6|98|168|85|42|4H|N|10|DT
8|6|109|137|216|66|4H|N|10|S6
8|6|314|64|248|171|4H|N|10|S6
8|6|142|304|257|129|4H|N|10|S6
8|6|178|50|103|268|4H|N|10|DT
8|6|26|300|202|30|4H|N|9|S6
8|6|192|273|311|12|4H|N|10|S6
8|6|249|239|101|213|4H|S|10|D7
8|6|159|92|206|210|4H|N|10|S6
8|7|144|308|145|211|3N|N|9|S3
8|7|98|168|85|42|3N|N|9|D2
8|7|109|137|216|66|3N|N|9|D5
8|7|314|64|248|171|3N|N|11|D2
8|7|142|304|257|129|3N|N|10|S2
8|7|178|50|103|268|3N|N|10|D2
8|7|26|300|202|30|3N|N|11|D2
8|7|192|273|311|12|3N|N|11|D5
8|7|249|239|101|213|3N|N|11|C3
8|7|159|92|206|210|3N|N|11|D5
8|8|144|308|145|211|3C|W|3|C7
8|8|98|168|85|42|3N|N|9|S7
8|8|109|137|216|66|3N|S|10|S2
8|8|314|64|248|171|3N|N|8|S3
8|8|142|304|257|129|3N|N|10|S3
8|8|178|50|103|268|3N|N|7|S7
8|8|26|300|202|30|3N|N|10|S3
8|8|192|273|311|12|5C|S|10|DQ
8|8|249|239|101|213|3N|N|9|S3
8|8|159|92|206|210|3N|S|10|S2
8|9|144|308|145|211|3N|E|8|S3
8|9|98|168|85|42|3C|W|10|ST
8|9|109|137|216|66|2H|E|9|C6
8|9|314|64|248|171|5DX|W|11|SJ
8|9|142|304|257|129|3N|W|9|SJ
8|9|178|50|103|268|5D|W|11|SJ
8|9|26|300|202|30|3N|W|9|SJ
8|9|192|273|311|12|3N|W|9|SJ
8|9|249|239|101|213|5D|W|12|H5
8|9|159|92|206|210|5D|W|11|SJ
9|1|98|137|85|66|2S|S|10|C5
9|1|314|308|248|211|3N|S|7|H4
9|1|144|50|145|268|3N|S|8|H4
9|1|142|238|257|262|5D|S|11|C5
9|1|261|154|315|242|3N|N|9|HK
9|1|26|178|202|103|3N|S|8|H4
9|1|192|162|311|184|2S|S|11|C5
9|1|92|300|210|30|6D|S|11|C5
9|1|111|64|63|171|3N|N|10|ST
9|1|109|239|216|213|4D|S|11|H3
9|10|98|137|85|66|4S|N|10|D2
9|10|314|308|248|211|3N|N|9|H2
9|10|144|50|145|268|4S|N|11|S5
9|10|142|238|257|262|4S|N|10|D5
9|10|261|154|315|242|4S|N|10|D4
9|10|26|178|202|103|4S|N|11|S5
9|10|192|162|311|184|4S|N|11|CA
9|10|92|300|210|30|4S|N|11|D2
9|10|111|64|63|171|3S|N|10|D2
9|10|109|239|216|213|4S|N|11|S6
9|11|98|137|85|66|3N|S|8|ST
9|11|314|308|248|211|4H|N|8|SK
9|11|144|50|145|268|3N|S|8|S9
9|11|142|238|257|262|3N|S|8|ST
9|11|261|154|315|242|3D|S|10|S9
9|11|26|178|202|103|3N|S|7|ST
9|11|192|162|311|184|2H|N|8|SK
9|11|92|300|210|30|3N|S|7|ST
9|11|111|64|63|171|4H|N|8|SK
9|11|109|239|216|213|3N|S|7|ST
9|12|98|137|85|66|4N|S|9|DA
9|12|314|308|248|211|1S|N|8|DJ
9|12|144|50|145|268|4SX|W|7|CA
9|12|142|238|257|262|3N|S|9|DA
9|12|261|154|315|242|4HX|W|9|HJ
9|12|26|178|202|103|3SX|W|6|D8
9|12|192|162|311|184|3N|N|11|S3
9|12|92|300|210|30|4SX|W|7|CA
9|12|111|64|63|171|2SX|W|6|CA
9|12|109|239|216|213|4SX|W|7|D9
9|13|98|137|85|66|3N|N|12|H3
9|13|314|308|248|211|4N|N|12|C4
9|13|144|50|145|268|3N|S|11|CK
9|13|142|238|257|262|2SX|W|6|C3
9|13|261|154|315|242|6D|S|11|CK
9|13|26|178|202|103|3N|N|12|C4
9|13|192|162|311|184|3N|N|13|C8
9|13|92|300|210|30|3N|N|12|C2
9|13|111|64|63|171|3N|N|11|C2
9|13|109|239|216|213|3N|N|11|C2
9|14|98|137|85|66|3N|E|10|D6
9|14|314|308|248|211|3N|W|7|D4
9|14|144|50|145|268|3N|W|10|D2
9|14|142|238|257|262|3N|W|7|D4
9|14|261|154|315|242|2C|W|9|S2
9|14|26|178|202|103|3N|W|7|D4
9|14|192|162|311|184|3D|N|7|C3
9|14|92|300|210|30|3N|W|8|D2
9|14|111|64|63|171|2D|S|8|CA
9|14|109|239|216|213|3N|W|8|D2
9|15|98|137|85|66|4S|E|10|CK
9|15|314|308|248|211|5DX|N|10|HT
9|15|144|50|145|268|4S|E|9|CA
9|15|142|238|257|262|4S|E|9|CK
9|15|261|154|315|242|4S|E|9|CK
9|15|26|178|202|103|4S|E|9|CK
9|15|192|162|311|184|4S|E|9|CK
9|15|92|300|210|30|4S|E|10|CQ
9|15|111|64|63|171|4S|E|9|H6
9|15|109|239|216|213|4S|E|9|CK
9|16|98|137|85|66|5C|N|8|DA
9|16|314|308|248|211|2H|N|8|H5
9|16|144|50|145|268|4H|S|7|DK
9|16|142|238|257|262|4HX|N|9|S4
9|16|261|154|315|242|4H|S|10|DK
9|16|26|178|202|103|3N|S|8|DK
9|16|192|162|311|184|2H|S|9|DK
9|16|92|300|210|30|3H|S|9|DK
9|16|111|64|63|171|4H|S|9|DK
9|16|109|239|216|213|4H|S|8|DK
9|17|76|222|41|137|2H|S|7|S6
9|17|164|308|181|211|3D|W|9|DA
9|17|144|50|145|268|1N|N|6|CK
9|17|142|168|257|42|2C|E|9|D6
9|17|178|154|103|242|2H|S|8|S7
9|17|273|304|12|129|1N|N|5|CA
9|17|131|92|302|210|2H|S|8|S6
9|17|249|192|101|311|3C|E|10|H2
9|17|111|64|63|171|2D|W|10|H6
9|17|227|239|84|213|3C|E|10|C2
9|18|76|222|41|137|2N|W|9|H6
9|18|164|308|181|211|3S|E|8|H5
9|18|144|50|145|268|3C|W|10|DQ
9|18|142|168|257|42|3N|W|11|DQ
9|18|178|154|103|242|2C|W|11|DQ
9|18|273|304|12|129|3C|W|10|DQ
9|18|131|92|302|210|1N|W|10|H3
9|18|249|192|101|311|3N|W|12|H3
9|18|111|64|63|171|2C|N|3|HJ
9|18|227|239|84|213|3N|W|8|H3
9|19|76|222|41|137|1N|S|6|DJ
9|19|164|308|181|211|1N|S|5|DJ
9|19|144|50|145|268|2D|W|10|ST
9|19|142|168|257|42|2H|N|7|DQ
9|19|178|154|103|242|1N|S|4|DJ
9|19|273|304|12|129|2D|W|9|ST
9|19|131|92|302|210|1N|S|6|DT
9|19|249|192|101|311|2H|N|6|DQ
9|19|111|64|63|171|1N|E|9|HK
9|19|227|239|84|213|1N|E|10|HK
9|2|98|137|85|66|3H|S|8|CT
9|2|314|308|248|211|1N|E|7|D3
9|2|144|50|145|268|1N|E|9|H5
9|2|142|238|257|262|2C|W|9|DA
9|2|261|154|315|242|1N|E|8|SJ
9|2|26|178|202|103|1N|E|9|HQ
9|2|192|162|311|184|3H|S|8|C9
9|2|92|300|210|30|1N|E|7|SJ
9|2|111|64|63|171|1N|E|8|SJ
9|2|109|239|216|213|2S|E|9|D6
9|20|76|222|41|137|3H|W|9|H8
9|20|164|308|181|211|4H|W|9|H2
9|20|144|50|145|268|2S|N|8|CK
9|20|142|168|257|42|1N|W|7|H8
9|20|178|154|103|242|2S|N|7|D7
9|20|273|304|12|129|2S|N|8|CK
9|20|131|92|302|210|2S|N|7|D7
9|20|249|192|101|311|3N|W|8|SQ
9|20|111|64|63|171|3H|E|9|S8
9|20|227|239|84|213|2H|W|9|CT
9|21|76|222|41|137|4S|W|9|HT
9|21|164|308|181|211|1N|E|7|S3
9|21|144|50|145|268|4S|E|11|D5
9|21|142|168|257|42|3S|E|9|D5
9|21|178|154|103|242|1S|W|9|HT
9|21|273|304|12|129|2S|E|9|C5
9|21|131|92|302|210|4S|E|9|D5
9|21|249|192|101|311|4S|E|10|C2
9|21|111|64|63|171|4S|E|10|DJ
9|21|227|239|84|213|4S|W|9|D4
9|22|76|222|41|137|2H|E|8|D6
9|22|164|308|181|211|2H|W|8|SJ
9|22|144|50|145|268|2S|N|6|H9
9|22|142|168|257|42|2H|W|8|DQ
9|22|178|154|103|242|3N|N|5|C6
9|22|273|304|12|129|2S|N|7|HT
9|22|131|92|302|210|2S|S|7|C7
9|22|249|192|101|311|2H|E|8|D6
9|22|111|64|63|171|2S|N|6|HT
9|22|227|239|84|213|2S|S|7|C7
9|23|76|222|41|137|4S|S|11|HA
9|23|164|308|181|211|5S|S|11|HA
9|23|144|50|145|268|2C|S|11|C3
9|23|142|168|257|42|5S|S|11|HK
9|23|178|154|103|242|4S|S|12|HK
9|23|273|304|12|129|5S|S|11|HA
9|23|131|92|302|210|4S|S|12|HA
9|23|249|192|101|311|6S|S|11|HA
9|23|111|64|63|171|6S|S|11|HA
9|23|227|239|84|213|6S|S|11|HA
9|24|76|222|41|137|4S|N|11|H3
9|24|164|308|181|211|4S|S|11|HJ
9|24|144|50|145|268|2S|N|10|H3
9|24|142|168|257|42|3C|S|9|S4
9|24|178|154|103|242|4S|N|10|DK
9|24|273|304|12|129|4S|N|11|DK
9|24|131|92|302|210|4S|N|11|DK
9|24|249|192|101|311|2D|W|5|H6
9|24|111|64|63|171|2N|N|10|DK
9|24|227|239|84|213|4S|N|11|H2
9|25|76|222|41|137|3D|N|9|H6
9|25|164|308|181|211|4HX|W|8|DK
9|25|144|50|145|268|5H|W|8|DA
9|25|142|168|257|42|4H|W|10|DA
9|25|178|154|103|242|3D|N|9|H8
9|25|273|304|12|129|5H|W|9|C4
9|25|131|92|302|210|5DX|N|9|H6
9|25|249|192|101|311|4H|W|9|DA
9|25|111|64|63|171|3N|S|4|H4
9|25|227|239|84|213|4H|W|10|DK
9|26|76|222|41|137|1N|E|8|CK
9|26|164|308|181|211|2C|S|7|SK
9|26|144|50|145|268|1D|S|6|SK
9|26|142|168|257|42|1N|E|8|CA
9|26|178|154|103|242|1N|E|7|CK
9|26|273|304|12|129|2S|W|9|H3
9|26|131|92|302|210|1N|S|5|SK
9|26|249|192|101|311|1N|E|7|H4
9|26|111|64|63|171|3C|S|6|SK
9|26|227|239|84|213|1N|E|8|S2
9|27|76|222|41|137|5C|S|12|HJ
9|27|164|308|181|211|3N|S|11|HJ
9|27|144|50|145|268|3N|S|11|HJ
9|27|142|168|257|42|3N|S|11|ST
9|27|178|154|103|242|4N|S|11|HJ
9|27|273|304|12|129|3N|S|11|ST
9|27|131|92|302|210|3N|S|11|HJ
9|27|249|192|101|311|3N|S|11|C8
9|27|111|64|63|171|3N|S|11|ST
9|27|227|239|84|213|6C|S|12|D6
9|28|76|222|41|137|1N|W|6|S5
9|28|164|308|181|211|1N|W|6|S5
9|28|144|50|145|268|1N|W|6|S3
9|28|142|168|257|42|1N|W|6|S5
9|28|178|154|103|242|1N|W|6|S5
9|28|273|304|12|129|1N|W|6|S3
9|28|131|92|302|210|1N|W|7|S5
9|28|249|192|101|311|3C|W|8|S5
9|28|111|64|63|171|1N|W|6|S5
9|28|227|239|84|213|2S|N|8|H5
9|29|76|222|41|137|3N|N|9|S7
9|29|164|308|181|211|3N|S|9|SQ
9|29|144|50|145|268|4H|S|10|SA
9|29|142|168|257|42|3D|S|10|C9
9|29|178|154|103|242|3N|N|10|C5
9|29|273|304|12|129|4H|S|9|DJ
9|29|131|92|302|210|2CX|E|6|S2
9|29|249|192|101|311|3N|N|9|S7
9|29|111|64|63|171|3SX|W|8|DA
9|29|227|239|84|213|3N|N|9|S7
9|3|98|137|85|66|6H|S|13|SQ
9|3|314|308|248|211|7H|S|13|SQ
9|3|144|50|145|268|6H|S|12|SQ
9|3|142|238|257|262|6H|S|12|C7
9|3|261|154|315|242|6H|S|13|SQ
9|3|26|178|202|103|4H|S|13|SQ
9|3|192|162|311|184|7D|N|12|S4
9|3|92|300|210|30|4H|S|13|C2
9|3|111|64|63|171|5H|S|13|SQ
9|3|109|239|216|213|3N|S|13|SQ
9|30|76|222|41|137|3N|N|9|SJ
9|30|164|308|181|211|3N|S|11|S4
9|30|144|50|145|268|3N|S|9|S4
9|30|142|168|257|42|3N|N|9|SJ
9|30|178|154|103|242|3N|S|8|S4
9|30|273|304|12|129|3N|S|8|S4
9|30|131|92|302|210|4SX|W|7|D4
9|30|249|192|101|311|3N|S|8|S2
9|30|111|64|63|171|3N|S|8|S4
9|30|227|239|84|213|3N|S|8|S2
9|31|76|222|41|137|5D|S|11|CA
9|31|164|308|181|211|3N|N|11|ST
9|31|144|50|145|268|5D|S|11|CA
9|31|142|168|257|42|3N|S|9|CK
9|31|178|154|103|242|5D|S|11|CK
9|31|273|304|12|129|3D|S|11|CA
9|31|131|92|302|210|3N|N|11|S9
9|31|249|192|101|311|5D|S|11|CA
9|31|111|64|63|171|5D|S|11|CA
9|31|227|239|84|213|5D|S|11|CA
9|32|76|222|41|137|3N|S|10|S2
9|32|164|308|181|211|3N|N|9|C5
9|32|144|50|145|268|3N|S|10|S8
9|32|142|168|257|42|3N|S|10|S6
9|32|178|154|103|242|3N|S|11|S8
9|32|273|304|12|129|3D|N|10|CK
9|32|131|92|302|210|3N|S|10|S2
9|32|249|192|101|311|3N|N|9|C8
9|32|111|64|63|171|3N|S|10|S6
9|32|227|239|84|213|3N|S|9|S2
9|4|98|137|85|66|4S|N|12|D4
9|4|314|308|248|211|4S|N|11|CJ
9|4|144|50|145|268|5S|N|11|HK
9|4|142|238|257|262|4S|S|12|H3
9|4|261|154|315|242|5S|N|11|HK
9|4|26|178|202|103|5HX|W|9|SK
9|4|192|162|311|184|4S|N|12|D4
9|4|92|300|210|30|5D|S|10|CA
9|4|111|64|63|171|4S|N|11|D4
9|4|109|239|216|213|5HX|W|9|SK
9|5|98|137|85|66|4SX|S|9|HK
9|5|314|308|248|211|5HX|W|9|DA
9|5|144|50|145|268|4H|W|11|S3
9|5|142|238|257|262|4S|N|9|H4
9|5|261|154|315|242|5HX|W|10|S3
9|5|26|178|202|103|4H|W|10|S5
9|5|192|162|311|184|5HX|W|11|S3
9|5|92|300|210|30|5S|N|10|H4
9|5|111|64|63|171|5HX|W|11|S5
9|5|109|239|216|213|4HX|W|10|S3
9|6|98|137|85|66|5D|S|10|SA
9|6|314|308|248|211|5D|S|10|SA
9|6|144|50|145|268|4S|E|10|H7
9|6|142|238|257|262|5D|S|10|SA
9|6|261|154|315|242|5C|S|9|D2
9|6|26|178|202|103|4S|E|10|DJ
9|6|192|162|311|184|5D|S|10|SA
9|6|92|300|210|30|4SX|E|10|H7
9|6|111|64|63|171|5D|S|10|SA
9|6|109|239|216|213|4D|S|10|SA
9|7|98|137|85|66|6N|N|10|DT
9|7|314|308|248|211|6N|N|10|DQ
9|7|144|50|145|268|4N|S|10|D8
9|7|142|238|257|262|6N|S|10|D9
9|7|261|154|315|242|4N|S|10|D8
9|7|26|178|202|103|6N|S|10|H2
9|7|192|162|311|184|6N|S|10|D9
9|7|92|300|210|30|4N|S|10|H2
9|7|111|64|63|171|4N|S|10|H2
9|7|109|239|216|213|6N|S|12|S8
9|8|98|137|85|66|4H|N|10|CJ
9|8|314|308|248|211|4H|N|10|CJ
9|8|144|50|145|268|4H|N|10|CJ
9|8|142|238|257|262|4H|N|10|CJ
9|8|261|154|315|242|4H|N|10|CJ
9|8|26|178|202|103|4H|N|10|CJ
9|8|192|162|311|184|4H|N|10|CJ
9|8|92|300|210|30|4H|N|10|CJ
9|8|111|64|63|171|4H|N|10|CJ
9|8|109|239|216|213|4H|N|10|CJ
9|9|98|137|85|66|4C|W|10|ST
9|9|314|308|248|211|5CX|W|9|D7
9|9|144|50|145|268|3H|W|7|ST
9|9|142|238|257|262|3C|E|10|DA
9|9|261|154|315|242|3D|S|9|HQ
9|9|26|178|202|103|3C|E|10|DK
9|9|192|162|311|184|3S|S|7|HJ
9|9|92|300|210|30|4H|W|10|ST
9|9|111|64|63|171|3C|E|11|DA
9|9|109|239|216|213|3D|S|8|C2
