1|1|201|185|40|289|3NX|E|9|HJ
1|1|97|260|116|307|3N|E|8|S4
1|1|272|149|56|147|3C|N|7|DK
1|1|141|39|99|246|3D|E|8|C8
1|1|134|77|49|255|3N|E|7|C8
1|1|180|193|16|219|3C|N|8|DK
1|1|32|91|205|203|3D|E|8|C8
1|1|18|29|183|113|2C|N|8|DQ
1|1|220|214|10|253|2N|E|9|HJ
1|1|244|263|59|318|3N|E|8|HJ
1|10|201|185|40|289|4H|W|10|SK
1|10|97|260|116|307|3N|W|12|C5
1|10|272|149|56|147|3N|E|8|ST
1|10|141|39|99|246|3N|E|8|S4
1|10|134|77|49|255|3N|E|8|S4
1|10|180|193|16|219|3N|E|9|S9
1|10|32|91|205|203|3N|E|8|S4
1|10|18|29|183|113|3N|E|11|D8
1|10|220|214|10|253|3N|E|11|S2
1|10|244|263|59|318|3N|E|8|ST
1|11|201|185|40|289|1SX|E|4|C6
1|11|97|260|116|307|2S|S|8|HK
1|11|272|149|56|147|2S|S|9|HK
1|11|141|39|99|246|2S|S|8|HK
1|11|134|77|49|255|3S|S|9|HK
1|11|180|193|16|219|2S|S|7|HK
1|11|32|91|205|203|2S|N|9|C3
1|11|18|29|183|113|2S|N|9|C7
1|11|220|214|10|253|2S|S|9|HK
1|11|244|263|59|318|2S|N|9|C3
1|12|201|185|40|289|4SX|S|10|D3
1|12|97|260|116|307|4SX|S|10|H6
1|12|272|149|56|147|4S|S|10|CT
1|12|141|39|99|246|4HX|W|10|SQ
1|12|134|77|49|255|5CX|E|9|DA
1|12|180|193|16|219|5SX|S|10|H4
1|12|32|91|205|203|6HX|W|8|SQ
1|12|18|29|183|113|5S|S|11|CT
1|12|220|214|10|253|4SX|S|10|D7
1|12|244|263|59|318|4HX|W|10|SQ
1|13|201|185|40|289|3D|E|10|CJ
1|13|97|260|116|307|2S|S|8|C3
1|13|272|149|56|147|3D|E|10|C7
1|13|141|39|99|246|3D|E|10|C7
1|13|134|77|49|255|1N|E|7|SQ
1|13|180|193|16|219|3D|E|10|CJ
1|13|32|91|205|203|2S|S|7|C6
1|13|18|29|183|113|2S|S|7|DT
1|13|220|214|10|253|5D|E|10|CJ
1|13|244|263|59|318|3D|E|10|C5
1|14|201|185|40|289|3D|S|7|CK
1|14|97|260|116|307|3NX|S|4|SK
1|14|272|149|56|147|2H|N|7|H3
1|14|141|39|99|246|3H|S|6|SK
1|14|134|77|49|255|2S|E|9|D9
1|14|180|193|16|219|2S|E|9|C5
1|14|32|91|205|203|2S|E|9|HT
1|14|18|29|183|113|2S|W|9|HA
1|14|220|214|10|253|2S|W|9|HA
1|14|244|263|59|318|3S|W|9|HK
1|15|201|185|40|289|3N|W|11|SJ
1|15|97|260|116|307|3N|E|10|C6
1|15|272|149|56|147|3N|E|10|HT
1|15|141|39|99|246|3N|E|11|D3
1|15|134|77|49|255|4H|E|11|D4
1|15|180|193|16|219|3N|E|11|D4
1|15|32|91|205|203|3N|W|10|D7
1|15|18|29|183|113|4N|E|10|S4
1|15|220|214|10|253|3N|W|10|SJ
1|15|244|263|59|318|3N|W|11|SJ
1|16|201|185|40|289|4S|S|11|CA
1|16|97|260|116|307|2S|S|11|CA
1|16|272|149|56|147|4S|S|11|CA
1|16|141|39|99|246|5CX|W|9|SA
1|16|134|77|49|255|4S|S|10|CA
1|16|180|193|16|219|4S|S|10|CK
1|16|32|91|205|203|4S|S|11|CA
1|16|18|29|183|113|4S|S|11|CA
1|16|220|214|10|253|4S|S|11|CK
1|16|244|263|59|318|4S|S|11|CK
1|17|140|97|25|116|2S|S|8|CA
1|17|47|260|197|307|3S|N|8|CQ
1|17|272|149|56|147|3C|W|7|HA
1|17|141|39|99|246|3C|W|8|HA
1|17|134|77|49|255|3S|N|8|CQ
1|17|153|193|35|219|2S|N|7|H2
1|17|29|91|113|203|2S|S|8|CA
1|17|18|32|183|205|3D|E|8|S5
1|17|220|214|10|253|3C|W|8|HK
1|17|161|263|303|318|2S|N|8|H2
1|18|140|97|25|116|3N|N|9|SJ
1|18|47|260|197|307|5C|S|11|D9
1|18|272|149|56|147|3C|N|11|SJ
1|18|141|39|99|246|3N|S|9|S7
1|18|134|77|49|255|3N|N|10|SJ
1|18|153|193|35|219|3C|N|11|SJ
1|18|29|91|113|203|3N|N|10|H4
1|18|18|32|183|205|3N|N|9|SJ
1|18|220|214|10|253|3N|N|9|H2
1|18|161|263|303|318|3N|N|9|D5
1|19|140|97|25|116|6H|E|13|CQ
1|19|47|260|197|307|6D|W|13|C8
1|19|272|149|56|147|6D|W|12|C8
1|19|141|39|99|246|6N|W|13|SQ
1|19|134|77|49|255|6H|W|13|C8
1|19|153|193|35|219|6H|E|13|S9
1|19|29|91|113|203|6N|W|13|SJ
1|19|18|32|183|205|4N|E|13|CQ
1|19|220|214|10|253|4SX|N|5|C2
1|19|161|263|303|318|6H|W|13|C8
1|2|201|185|40|289|4H|W|10|S6
1|2|97|260|116|307|3C|S|9|HA
1|2|272|149|56|147|3H|W|10|CA
1|2|141|39|99|246|4H|W|11|CA
1|2|134|77|49|255|4H|W|10|CA
1|2|180|193|16|219|4H|W|10|S7
1|2|32|91|205|203|3H|W|11|CA
1|2|18|29|183|113|3C|S|9|HA
1|2|220|214|10|253|3H|W|10|CA
1|2|244|263|59|318|4H|W|11|CA
1|20|140|97|25|116|3N|E|9|HT
1|20|47|260|197|307|3N|E|9|HT
1|20|272|149|56|147|3N|E|9|HT
1|20|141|39|99|246|3N|W|9|SK
1|20|134|77|49|255|3N|W|9|H3
1|20|153|193|35|219|3N|W|9|SQ
1|20|29|91|113|203|3N|W|9|H3
1|20|18|32|183|205|3N|W|9|SK
1|20|220|214|10|253|3N|W|9|SQ
1|20|161|263|303|318|3N|W|9|SK
1|21|140|97|25|116|1NX|W|4|HT
1|21|47|260|197|307|3N|S|8|H5
1|21|272|149|56|147|1N|S|8|C5
1|21|141|39|99|246|1N|S|9|H5
1|21|134|77|49|255|1N|S|10|C5
1|21|153|193|35|219|1N|N|9|H2
1|21|29|91|113|203|2H|E|5|CA
1|21|18|32|183|205|2N|S|9|C5
1|21|220|214|10|253|2DX|W|4|C2
1|21|161|263|303|318|2HX|E|5|CA
1|22|140|97|25|116|1N|W|9|C4
1|22|47|260|197|307|3N|E|7|S9
1|22|272|149|56|147|1N|W|7|H3
1|22|141|39|99|246|2S|S|9|DK
1|22|134|77|49|255|4SX|S|9|DK
1|22|153|193|35|219|1N|W|7|H3
1|22|29|91|113|203|1N|E|7|S7
1|22|18|32|183|205|3N|E|9|S7
1|22|220|214|10|253|4H|E|6|D6
1|22|161|263|303|318|1N|W|6|S6
1|23|140|97|25|116|5D|N|11|SA
1|23|47|260|197|307|3D|N|13|H7
1|23|272|149|56|147|5D|N|13|H5
1|23|141|39|99|246|3C|S|13|D8
1|23|134|77|49|255|5C|S|11|SK
1|23|153|193|35|219|3D|S|11|SJ
1|23|29|91|113|203|5C|S|11|SK
1|23|18|32|183|205|3N|N|13|H7
1|23|220|214|10|253|5C|S|11|SK
1|23|161|263|303|318|3D|N|13|H5
1|24|140|97|25|116|2D|S|11|C4
1|24|47|260|197|307|2H|N|10|CT
1|24|272|149|56|147|2H|N|9|SK
1|24|141|39|99|246|1N|E|3|D3
1|24|134|77|49|255|1N|E|3|D3
1|24|153|193|35|219|2D|S|11|C4
1|24|29|91|113|203|4H|S|10|C3
1|24|18|32|183|205|2H|N|9|SK
1|24|220|214|10|253|2H|N|8|SQ
1|24|161|263|303|318|2H|N|10|CT
1|25|140|97|25|116|2H|W|6|C2
1|25|47|260|197|307|2H|W|7|C2
1|25|272|149|56|147|3H|W|6|S2
1|25|141|39|99|246|2H|W|6|C2
1|25|134|77|49|255|2H|W|7|C2
1|25|153|193|35|219|3D|E|8|D3
1|25|29|91|113|203|3D|E|9|HA
1|25|18|32|183|205|4DX|E|9|D2
1|25|220|214|10|253|3D|W|9|DT
1|25|161|263|303|318|3D|E|9|HA
1|26|140|97|25|116|4SX|S|11|CK
1|26|47|260|197|307|4S|S|11|CK
1|26|272|149|56|147|4S|S|11|CK
1|26|141|39|99|246|4S|S|10|CK
1|26|134|77|49|255|5CX|E|10|HA
1|26|153|193|35|219|4SX|S|11|CK
1|26|29|91|113|203|4SX|S|11|CK
1|26|18|32|183|205|5SX|S|10|SA
1|26|220|214|10|253|4SX|S|11|CK
1|26|161|263|303|318|4SX|S|11|CK
1|27|140|97|25|116|4S|S|9|D5
1|27|47|260|197|307|4S|S|7|D5
1|27|272|149|56|147|4S|S|9|D6
1|27|141|39|99|246|4H|N|10|DK
1|27|134|77|49|255|4S|S|9|D5
1|27|153|193|35|219|4S|N|8|DK
1|27|29|91|113|203|4S|S|9|D6
1|27|18|32|183|205|4H|N|10|S8
1|27|220|214|10|253|3N|N|9|DK
1|27|161|263|303|318|4S|S|8|D6
1|28|140|97|25|116|4H|W|9|S9
1|28|47|260|197|307|3H|W|8|D4
1|28|272|149|56|147|3S|N|8|DQ
1|28|141|39|99|246|3N|W|7|ST
1|28|134|77|49|255|2N|W|7|S5
1|28|153|193|35|219|3N|W|8|D4
1|28|29|91|113|203|3S|N|9|C2
1|28|18|32|183|205|3S|N|9|HA
1|28|220|214|10|253|4H|W|8|S9
1|28|161|263|303|318|4H|W|8|D4
1|29|140|97|25|116|1N|S|8|C7
1|29|47|260|197|307|3S|S|8|DT
1|29|272|149|56|147|2C|E|7|DQ
1|29|141|39|99|246|2H|N|9|S4
1|29|134|77|49|255|2H|S|9|CA
1|29|153|193|35|219|3H|S|8|CA
1|29|29|91|113|203|1N|S|7|H3
1|29|18|32|183|205|2H|S|9|CA
1|29|220|214|10|253|1S|S|9|CK
1|29|161|263|303|318|2H|N|9|S6
1|3|201|185|40|289|1S|W|9|C5
1|3|97|260|116|307|3C|S|8|D6
1|3|272|149|56|147|3C|N|7|S9
1|3|141|39|99|246|4S|W|9|H8
1|3|134|77|49|255|2S|E|9|CA
1|3|180|193|16|219|2H|W|9|C4
1|3|32|91|205|203|4H|E|9|CK
1|3|18|29|183|113|3CX|S|8|D6
1|3|220|214|10|253|2N|S|6|S6
1|3|244|263|59|318|2S|W|10|H7
1|30|140|97|25|116|3N|N|5|CT
1|30|47|260|197|307|3D|N|6|ST
1|30|272|149|56|147|3D|N|9|ST
1|30|141|39|99|246|2N|N|8|CT
1|30|134|77|49|255|2N|N|8|CT
1|30|153|193|35|219|3D|N|7|ST
1|30|29|91|113|203|4S|S|7|C2
1|30|18|32|183|205|3C|E|9|SA
1|30|220|214|10|253|3N|N|5|CT
1|30|161|263|303|318|3S|S|8|C2
1|31|140|97|25|116|2H|S|9|D4
1|31|47|260|197|307|2H|S|7|DT
1|31|272|149|56|147|2C|S|7|SQ
1|31|141|39|99|246|2C|S|9|DT
1|31|134|77|49|255|3C|S|9|SQ
1|31|153|193|35|219|3S|E|8|HK
1|31|29|91|113|203|4H|S|9|SQ
1|31|18|32|183|205|3N|N|7|SJ
1|31|220|214|10|253|2C|S|7|C5
1|31|161|263|303|318|2H|S|9|DT
1|32|140|97|25|116|4S|N|10|DA
1|32|47|260|197|307|3S|N|10|DA
1|32|272|149|56|147|4S|N|10|DA
1|32|141|39|99|246|4S|N|10|DA
1|32|134|77|49|255|4S|N|10|DA
1|32|153|193|35|219|4S|N|10|DA
1|32|29|91|113|203|4S|N|10|DA
1|32|18|32|183|205|3S|N|10|DA
1|32|220|214|10|253|4S|N|10|DK
1|32|161|263|303|318|4S|N|10|DK
1|4|201|185|40|289|2H|S|7|D2
1|4|97|260|116|307|3D|E|7|S3
1|4|272|149|56|147|2S|W|7|H2
1|4|141|39|99|246|3C|W|10|DJ
1|4|134|77|49|255|3D|E|7|S3
1|4|180|193|16|219|3HX|S|7|D2
1|4|32|91|205|203|2D|E|8|S3
1|4|18|29|183|113|4S|W|7|H2
1|4|220|214|10|253|3D|E|7|S3
1|4|244|263|59|318|3C|W|10|H2
1|5|201|185|40|289|4H|S|11|CA
1|5|97|260|116|307|4H|S|11|CA
1|5|272|149|56|147|4H|S|11|CA
1|5|141|39|99|246|4H|S|11|CA
1|5|134|77|49|255|4H|S|11|CA
1|5|180|193|16|219|4H|S|11|CK
1|5|32|91|205|203|4H|S|11|CA
1|5|220|214|10|253|4H|S|11|CK
1|5|244|263|59|318|4H|S|11|CK
1|6|201|185|40|289|3S|W|9|HK
1|6|97|260|116|307|2S|W|8|HA
1|6|272|149|56|147|2S|W|9|HA
1|6|141|39|99|246|2S|W|9|HA
1|6|134|77|49|255|2S|W|10|HA
1|6|180|193|16|219|3H|S|8|CJ
1|6|32|91|205|203|2S|W|9|HA
1|6|18|29|183|113|2S|W|10|HK
1|6|220|214|10|253|2S|W|9|HA
1|6|244|263|59|318|2H|W|9|HA
1|7|201|185|40|289|2S|S|9|D4
1|7|97|260|116|307|2S|S|9|D2
1|7|272|149|56|147|3S|S|9|D4
1|7|141|39|99|246|2S|S|7|D5
1|7|134|77|49|255|3D|W|8|ST
1|7|180|193|16|219|3S|S|9|D7
1|7|32|91|205|203|2S|S|8|D8
1|7|18|29|183|113|3S|S|9|D7
1|7|220|214|10|253|2S|S|9|D7
1|7|244|263|59|318|2S|S|8|D4
1|8|201|185|40|289|4S|W|10|HT
1|8|97|260|116|307|3S|W|11|H6
1|8|272|149|56|147|3S|W|10|CT
1|8|141|39|99|246|3S|W|11|HT
1|8|134|77|49|255|2S|W|11|HT
1|8|180|193|16|219|4H|S|8|SK
1|8|32|91|205|203|3S|W|11|HT
1|8|18|29|183|113|4S|W|11|HT
1|8|220|214|10|253|3S|W|11|H3
1|8|244|263|59|318|4SX|W|11|HT
1|9|201|185|40|289|3N|N|7|H2
1|9|97|260|116|307|3N|N|7|H2
1|9|272|149|56|147|3D|S|9|CA
1|9|141|39|99|246|3D|N|9|H2
1|9|134|77|49|255|3D|S|9|CA
1|9|180|193|16|219|3H|E|8|S3
1|9|32|91|205|203|2DX|S|9|HJ
1|9|18|29|183|113|3D|N|9|D5
1|9|220|214|10|253|2H|E|9|C4
1|9|244|263|59|318|3D|S|8|HJ
2|1|141|201|99|40|4H|S|10|C9
2|1|140|149|25|147|4H|S|10|C5
2|1|180|39|16|246|2D|N|8|C4
2|1|272|153|56|35|2H|S|11|DT
2|1|18|193|183|219|4H|S|10|C8
2|1|134|91|49|203|3H|S|11|DT
2|1|161|29|303|113|3N|N|6|D5
2|1|32|244|205|59|2H|S|10|D9
2|1|185|220|289|10|4H|S|11|DT
2|1|263|47|318|197|4H|S|10|DT
2|10|141|201|99|40|4H|E|11|C9
2|10|140|149|25|147|4H|E|11|C9
2|10|180|39|16|246|4H|E|11|S2
2|10|272|153|56|35|4H|E|10|C9
2|10|18|193|183|219|4H|E|11|DJ
2|10|134|91|49|203|4H|W|11|CQ
2|10|161|29|303|113|4H|W|9|CQ
2|10|32|244|205|59|4H|E|10|C9
2|10|185|220|289|10|4H|E|10|C9
2|10|263|47|318|197|4H|E|10|C9
2|11|141|201|99|40|1H|W|7|C3
2|11|140|149|25|147|3N|E|6|S4
2|11|180|39|16|246|3N|E|6|S5
2|11|272|153|56|35|1H|W|7|C3
2|11|18|193|183|219|3N|E|6|S4
2|11|134|91|49|203|3N|E|5|D5
2|11|161|29|303|113|5C|E|9|CA
2|11|32|244|205|59|3N|W|7|D2
2|11|185|220|289|10|1H|W|7|C7
2|11|263|47|318|197|4C|E|9|DT
2|12|141|201|99|40|4H|W|10|D3
2|12|140|149|25|147|4H|W|10|D3
2|12|180|39|16|246|3N|E|11|CT
2|12|272|153|56|35|3N|E|10|SJ
2|12|18|193|183|219|4H|W|11|D3
2|12|134|91|49|203|4H|W|11|D3
2|12|161|29|303|113|3N|E|11|D7
2|12|32|244|205|59|4H|W|10|D3
2|12|185|220|289|10|4H|W|11|D3
2|12|263|47|318|197|3N|E|10|SJ
2|13|141|201|99|40|4S|W|13|S9
2|13|140|149|25|147|4H|N|7|CK
2|13|180|39|16|246|4S|E|13|DQ
2|13|272|153|56|35|6S|E|12|HT
2|13|18|193|183|219|4S|E|12|HT
2|13|134|91|49|203|6S|E|12|DQ
2|13|161|29|303|113|5S|E|12|HT
2|13|32|244|205|59|5S|E|13|DQ
2|13|185|220|289|10|5S|E|12|HT
2|13|263|47|318|197|4S|E|12|HT
2|14|141|201|99|40|P||0|
2|14|140|149|25|147|5CX|W|9|SK
2|14|180|39|16|246|3S|E|9|H2
2|14|272|153|56|35|3S|E|7|H2
2|14|18|193|183|219|4H|S|8|S8
2|14|134|91|49|203|3S|E|9|H2
2|14|161|29|303|113|4S|E|9|H2
2|14|32|244|205|59|4H|S|9|C3
2|14|185|220|289|10|4SX|E|8|H2
2|14|263|47|318|197|4SX|E|9|H2
2|15|141|201|99|40|5HX|N|10|DK
2|15|140|149|25|147|5H|N|9|DK
2|15|180|39|16|246|4SX|E|11|HK
2|15|272|153|56|35|4SX|E|10|HK
2|15|18|193|183|219|3S|W|9|CQ
2|15|134|91|49|203|5H|S|9|D5
2|15|161|29|303|113|4HX|N|10|DK
2|15|32|244|205|59|4H|N|10|DK
2|15|185|220|289|10|4H|N|9|DK
2|15|263|47|318|197|5H|S|9|D5
2|16|141|201|99|40|6D|W|10|S9
2|16|140|149|25|147|3N|E|10|HJ
2|16|180|39|16|246|3N|E|10|HJ
2|16|272|153|56|35|3N|E|10|HJ
2|16|18|193|183|219|5C|W|10|H3
2|16|134|91|49|203|5D|W|10|H3
2|16|161|29|303|113|3N|E|10|HJ
2|16|32|244|205|59|3N|E|9|HJ
2|16|185|220|289|10|3N|E|11|HJ
2|16|263|47|318|197|3N|E|10|HJ
2|17|141|260|99|307|3N|N|9|C7
2|17|201|147|40|126|2S|E|5|HQ
2|17|180|39|16|246|2S|E|6|HQ
2|17|272|153|56|35|3N|N|11|SQ
2|17|91|193|203|219|3H|S|9|S8
2|17|134|18|49|183|3N|N|11|SQ
2|17|161|233|303|79|2D|N|11|SQ
2|17|29|214|113|253|3H|S|9|CJ
2|17|185|263|289|318|3N|N|11|SQ
2|17|220|97|10|116|3N|N|10|H7
2|18|141|260|99|307|3D|E|12|CJ
2|18|201|147|40|126|4H|W|12|CK
2|18|180|39|16|246|4H|W|12|S5
2|18|272|153|56|35|2H|W|12|S5
2|18|91|193|203|219|5H|E|12|CJ
2|18|134|18|49|183|6H|E|12|SA
2|18|161|233|303|79|4H|W|12|S5
2|18|29|214|113|253|3N|E|11|CJ
2|18|185|263|289|318|3N|E|10|CJ
2|18|220|97|10|116|4H|W|12|S5
2|19|141|260|99|307|3N|E|10|D8
2|19|201|147|40|126|3N|E|10|D8
2|19|180|39|16|246|3N|E|7|HT
2|19|272|153|56|35|3N|E|9|D6
2|19|91|193|203|219|3N|E|10|D6
2|19|134|18|49|183|3N|E|12|S8
2|19|161|233|303|79|3N|E|11|H9
2|19|29|214|113|253|3N|E|9|H9
2|19|185|263|289|318|3N|E|9|HT
2|19|220|97|10|116|3N|E|11|S8
2|2|141|201|99|40|5D|E|11|S3
2|2|140|149|25|147|4H|W|10|SK
2|2|180|39|16|246|4H|W|9|SA
2|2|272|153|56|35|3N|W|8|D5
2|2|18|193|183|219|3N|W|9|ST
2|2|134|91|49|203|5D|E|11|S3
2|2|161|29|303|113|4H|W|7|SA
2|2|32|244|205|59|3N|W|9|SJ
2|2|185|220|289|10|3D|E|9|S3
2|2|263|47|318|197|5D|E|9|S3
2|20|141|260|99|307|6D|E|13|SA
2|20|201|147|40|126|6D|W|12|C9
2|20|180|39|16|246|6D|E|13|SA
2|20|272|153|56|35|6D|E|13|SA
2|20|91|193|203|219|3N|W|12|S4
2|20|134|18|49|183|6D|W|12|HQ
2|20|161|233|303|79|6D|W|12|C9
2|20|29|214|113|253|6D|W|13|C9
2|20|185|263|289|318|6D|E|13|SA
2|20|220|97|10|116|5D|E|13|SA
2|21|141|260|99|307|3NX|S|8|CK
2|21|201|147|40|126|6SX|N|9|HJ
2|21|180|39|16|246|3N|S|8|CK
2|21|272|153|56|35|5HX|E|8|SJ
2|21|91|193|203|219|4S|N|9|CT
2|21|134|18|49|183|5HX|W|8|SA
2|21|161|233|303|79|4S|S|9|H5
2|21|29|214|113|253|4S|N|9|CT
2|21|185|263|289|318|4S|N|9|S5
2|21|220|97|10|116|4S|N|8|S5
2|22|141|260|99|307|1N|W|7|ST
2|22|201|147|40|126|1N|W|8|H9
2|22|180|39|16|246|1N|W|6|H7
2|22|272|153|56|35|1N|W|7|H8
2|22|91|193|203|219|2S|S|7|HK
2|22|134|18|49|183|1N|W|6|H9
2|22|161|233|303|79|2D|E|8|SK
2|22|29|214|113|253|2SX|N|7|S3
2|22|185|263|289|318|1N|W|7|H7
2|22|220|97|10|116|1N|W|7|H7
2|23|141|260|99|307|1N|W|5|C6
2|23|201|147|40|126|1N|W|4|H4
2|23|180|39|16|246|1N|W|7|DQ
2|23|272|153|56|35|1N|W|7|DQ
2|23|91|193|203|219|1N|W|6|H4
2|23|134|18|49|183|1N|W|5|H4
2|23|161|233|303|79|1H|N|9|D5
2|23|29|214|113|253|1N|W|5|H4
2|23|185|263|289|318|1N|W|5|H4
2|23|220|97|10|116|1N|W|6|H8
2|24|141|260|99|307|2H|N|7|C5
2|24|201|147|40|126|3H|N|8|C9
2|24|180|39|16|246|3N|E|6|H3
2|24|272|153|56|35|2S|E|7|H3
2|24|91|193|203|219|2H|N|7|C9
2|24|134|18|49|183|3H|N|8|C9
2|24|161|233|303|79|2D|W|7|HK
2|24|29|214|113|253|2C|W|7|HK
2|24|185|263|289|318|2S|E|7|H3
2|24|220|97|10|116|2H|N|8|C5
2|25|141|260|99|307|4H|N|6|S7
2|25|201|147|40|126|3C|W|8|HK
2|25|180|39|16|246|2S|E|8|H7
2|25|272|153|56|35|3S|E|9|DT
2|25|91|193|203|219|3S|E|8|H7
2|25|134|18|49|183|3H|N|6|SK
2|25|161|233|303|79|3S|E|7|H7
2|25|29|214|113|253|3C|W|10|SA
2|25|185|263|289|318|3S|E|8|S3
2|25|220|97|10|116|3S|E|8|S3
2|26|141|260|99|307|3S|E|10|H8
2|26|201|147|40|126|1H|E|7|S6
2|26|180|39|16|246|4S|E|10|H8
2|26|272|153|56|35|3S|W|8|D3
2|26|91|193|203|219|4S|W|9|D3
2|26|134|18|49|183|3S|E|9|DQ
2|26|161|233|303|79|3S|E|9|DQ
2|26|29|214|113|253|3H|E|6|DJ
2|26|185|263|289|318|4S|E|10|H8
2|26|220|97|10|116|3C|W|9|SA
2|27|141|260|99|307|3S|E|8|HA
2|27|201|147|40|126|3S|E|9|HK
2|27|180|39|16|246|3S|E|8|HA
2|27|272|153|56|35|3S|E|9|HA
2|27|91|193|203|219|2S|E|9|HA
2|27|134|18|49|183|3S|W|8|HT
2|27|161|233|303|79|2N|W|8|HT
2|27|29|214|113|253|2S|E|9|HK
2|27|185|263|289|318|3S|W|8|HT
2|27|220|97|10|116|3S|E|8|HA
2|28|141|260|99|307|3D|W|7|H6
2|28|201|147|40|126|3S|N|9|HA
2|28|180|39|16|246|3S|N|8|HA
2|28|272|153|56|35|3D|W|8|SA
2|28|91|193|203|219|4SX|N|10|HA
2|28|134|18|49|183|3S|N|9|HA
2|28|161|233|303|79|5D|W|8|SA
2|28|29|214|113|253|3S|N|9|HK
2|28|185|263|289|318|3D|W|8|H6
2|28|220|97|10|116|2S|N|10|HA
2|29|141|260|99|307|4S|W|10|S5
2|29|201|147|40|126|3N|E|8|HQ
2|29|180|39|16|246|2N|E|9|HQ
2|29|272|153|56|35|3N|E|9|D4
2|29|91|193|203|219|2D|W|9|CJ
2|29|134|18|49|183|3N|E|9|HQ
2|29|161|233|303|79|4S|W|10|CJ
2|29|29|214|113|253|2S|W|9|HK
2|29|185|263|289|318|4S|W|9|CJ
2|29|220|97|10|116|3N|E|9|HQ
2|3|141|201|99|40|3S|W|7|HQ
2|3|140|149|25|147|3H|N|9|D8
2|3|180|39|16|246|2H|S|8|SJ
2|3|272|153|56|35|2S|W|7|HQ
2|3|18|193|183|219|3H|S|7|H3
2|3|134|91|49|203|3S|W|8|HQ
2|3|161|29|303|113|3H|S|9|ST
2|3|32|244|205|59|2H|N|8|D8
2|3|185|220|289|10|3H|S|9|SJ
2|3|263|47|318|197|3S|W|9|HQ
2|30|141|260|99|307|4SX|E|7|DA
2|30|201|147|40|126|4H|N|11|SK
2|30|180|39|16|246|5H|N|11|SK
2|30|272|153|56|35|4H|N|11|SK
2|30|91|193|203|219|4H|N|12|H4
2|30|134|18|49|183|3N|N|9|SK
2|30|161|233|303|79|6H|N|11|SK
2|30|29|214|113|253|6H|N|12|H2
2|30|185|263|289|318|3N|N|9|SK
2|30|220|97|10|116|4H|N|7|SK
2|31|141|260|99|307|2H|N|10|C2
2|31|201|147|40|126|3H|N|9|C2
2|31|180|39|16|246|3S|S|9|CA
2|31|272|153|56|35|3H|N|10|DQ
2|31|91|193|203|219|5CX|W|8|DK
2|31|134|18|49|183|3H|N|10|C4
2|31|161|233|303|79|3C|W|9|HA
2|31|29|214|113|253|3N|E|8|D7
2|31|185|263|289|318|3H|N|10|C4
2|31|220|97|10|116|3C|W|9|HA
2|32|141|260|99|307|4H|N|11|CA
2|32|201|147|40|126|5H|N|12|CA
2|32|180|39|16|246|4H|N|12|D5
2|32|272|153|56|35|4H|N|11|CA
2|32|91|193|203|219|4H|N|11|D5
2|32|134|18|49|183|5H|N|11|C7
2|32|161|233|303|79|5H|N|12|CA
2|32|29|214|113|253|4H|N|11|SQ
2|32|185|263|289|318|6H|N|11|CA
2|32|220|97|10|116|4H|N|11|CA
2|4|141|201|99|40|3N|E|9|S2
2|4|140|149|25|147|2N|W|8|HT
2|4|180|39|16|246|2N|E|9|S3
2|4|272|153|56|35|2N|E|9|D6
2|4|18|193|183|219|1N|W|9|SJ
2|4|134|91|49|203|2N|E|9|S2
2|4|161|29|303|113|P||0|
2|4|32|244|205|59|1N|W|8|SJ
2|4|185|220|289|10|2N|E|8|D6
2|4|263|47|318|197|3N|E|8|S2
2|5|141|201|99|40|2S|E|9|HA
2|5|140|149|25|147|2H|S|8|D3
2|5|180|39|16|246|2D|E|8|S4
2|5|272|153|56|35|2C|E|9|DA
2|5|18|193|183|219|2H|S|7|D3
2|5|134|91|49|203|1N|E|6|H8
2|5|161|29|303|113|2H|S|8|S8
2|5|32|244|205|59|2H|S|7|H7
2|5|185|220|289|10|2H|S|9|D3
2|5|263|47|318|197|3D|E|9|HA
2|6|141|201|99|40|3D|W|8|H6
2|6|140|149|25|147|2H|N|8|DA
2|6|180|39|16|246|1N|W|7|H5
2|6|272|153|56|35|1N|E|7|CT
2|6|18|193|183|219|2H|N|9|DA
2|6|134|91|49|203|1N|E|8|C3
2|6|161|29|303|113|2H|N|8|DA
2|6|32|244|205|59|2H|N|9|DA
2|6|185|220|289|10|2H|N|8|DA
2|6|263|47|318|197|1N|W|8|H6
2|7|141|201|99|40|2S|S|7|CK
2|7|140|149|25|147|2S|S|7|DA
2|7|180|39|16|246|2S|S|7|CK
2|7|272|153|56|35|2S|S|7|CK
2|7|18|193|183|219|2S|S|7|CK
2|7|134|91|49|203|1N|N|6|D6
2|7|161|29|303|113|2S|S|7|CQ
2|7|32|244|205|59|2S|S|6|H6
2|7|185|220|289|10|2S|S|7|CK
2|7|263|47|318|197|1N|S|8|SQ
2|8|141|201|99|40|4S|S|9|D8
2|8|140|149|25|147|3S|S|9|D8
2|8|180|39|16|246|4S|S|9|D8
2|8|272|153|56|35|4S|S|9|D8
2|8|18|193|183|219|4S|S|8|D8
2|8|134|91|49|203|2S|S|9|D8
2|8|161|29|303|113|2S|S|9|D8
2|8|32|244|205|59|2S|S|9|D8
2|8|185|220|289|10|3N|N|9|DQ
2|8|263|47|318|197|4S|S|9|D8
2|9|141|201|99|40|2H|N|7|CA
2|9|140|149|25|147|1C|N|7|S9
2|9|180|39|16|246|1C|N|6|S3
2|9|272|153|56|35|1C|N|6|S9
2|9|18|193|183|219|3D|W|11|SJ
2|9|134|91|49|203|3H|N|10|HA
2|9|161|29|303|113|4D|W|11|SK
2|9|32|244|205|59|1C|N|7|S3
2|9|185|220|289|10|3H|N|8|S9
2|9|263|47|318|197|2H|N|7|CA
3|1|140|153|25|35|2H|E|9|SA
3|1|180|260|16|307|1N|S|5|HT
3|1|39|91|246|203|1D|E|6|SA
3|1|18|272|183|56|2S|N|8|S4
3|1|134|214|49|253|2H|E|9|SA
3|1|244|193|59|219|2H|E|8|SA
3|1|233|263|79|318|2H|E|8|SA
3|1|220|29|10|113|1N|S|7|H9
3|1|141|47|99|197|3N|N|6|S4
3|1|185|147|289|126|2H|E|7|SA
3|10|140|153|25|35|2S|N|5|C6
3|10|180|260|16|307|2S|E|8|DQ
3|10|39|91|246|203|3C|E|9|DQ
3|10|18|272|183|56|1N|E|8|DQ
3|10|134|214|49|253|2C|W|9|DK
3|10|244|193|59|219|2H|W|7|DK
3|10|233|263|79|318|2S|W|9|S4
3|10|220|29|10|113|2H|W|8|DK
3|10|141|47|99|197|2C|W|10|DK
3|10|185|147|289|126|4S|W|9|DA
3|11|140|153|25|35|5DX|W|11|HQ
3|11|180|260|16|307|5DX|W|11|HQ
3|11|39|91|246|203|5SX|N|9|D2
3|11|18|272|183|56|5SX|N|9|DA
3|11|134|214|49|253|5D|W|10|SK
3|11|244|193|59|219|3H|W|8|SK
3|11|233|263|79|318|5D|W|11|HQ
3|11|220|29|10|113|5D|E|10|D4
3|11|141|47|99|197|5D|E|11|SA
3|11|185|147|289|126|5S|N|10|DA
3|12|140|153|25|35|4S|S|10|H2
3|12|180|260|16|307|4S|S|10|S9
3|12|39|91|246|203|3S|N|10|HT
3|12|18|272|183|56|4S|S|10|H2
3|12|134|214|49|253|1N|S|8|C3
3|12|244|193|59|219|3C|S|9|H2
3|12|233|263|79|318|1C|S|10|S9
3|12|220|29|10|113|4S|N|10|CT
3|12|141|47|99|197|5S|N|11|D5
3|12|185|147|289|126|4S|N|10|CT
3|13|140|153|25|35|3N|E|10|H4
3|13|180|260|16|307|4S|E|11|C8
3|13|39|91|246|203|4S|E|11|D6
3|13|18|272|183|56|4S|E|11|D2
3|13|134|214|49|253|4S|E|11|D2
3|13|244|193|59|219|4S|E|11|D6
3|13|233|263|79|318|4S|E|11|D6
3|13|220|29|10|113|4S|E|11|D2
3|13|141|47|99|197|4S|E|11|D2
3|13|185|147|289|126|6S|E|11|HA
3|14|140|153|25|35|3N|S|11|D4
3|14|180|260|16|307|3N|S|10|D4
3|14|39|91|246|203|3N|S|9|D4
3|14|18|272|183|56|3N|N|9|D7
3|14|134|214|49|253|3N|S|9|D4
3|14|244|193|59|219|4N|S|10|D5
3|14|233|263|79|318|3N|S|9|D4
3|14|220|29|10|113|3N|N|9|D2
3|14|141|47|99|197|6C|S|11|D4
3|14|185|147|289|126|3N|S|9|D3
3|15|140|153|25|35|1N|S|5|D3
3|15|180|260|16|307|1N|W|9|S5
3|15|39|91|246|203|1S|E|8|C6
3|15|18|272|183|56|2S|E|8|C7
3|15|134|214|49|253|1S|E|7|C7
3|15|244|193|59|219|2S|E|6|C6
3|15|233|263|79|318|2H|N|4|HT
3|15|220|29|10|113|1N|N|5|SJ
3|15|141|47|99|197|2S|E|9|H7
3|15|185|147|289|126|2S|E|7|HA
3|16|140|153|25|35|7H|W|13|H5
3|16|180|260|16|307|6H|W|12|CQ
3|16|39|91|246|203|6H|W|12|S8
3|16|18|272|183|56|6H|W|13|D2
3|16|134|214|49|253|6H|W|12|CQ
3|16|244|193|59|219|6H|W|13|H5
3|16|233|263|79|318|6H|W|13|D2
3|16|220|29|10|113|7H|W|13|H5
3|16|141|47|99|197|7H|W|13|D2
3|16|185|147|289|126|6H|W|12|D8
3|17|140|153|25|35|3N|S|10|H7
3|17|180|201|16|40|6D|N|10|H3
3|17|272|91|56|203|5D|N|11|CQ
3|17|18|39|183|246|3N|S|12|DT
3|17|134|161|49|303|5S|N|12|D3
3|17|244|193|59|219|6D|N|9|H2
3|17|233|263|79|318|6D|N|10|H3
3|17|220|29|10|113|3N|S|12|D9
3|17|141|97|99|116|3N|S|12|H7
3|17|185|147|289|126|3N|S|11|HT
3|18|140|153|25|35|4D|E|8|H3
3|18|180|201|16|40|4S|E|13|D7
3|18|272|91|56|203|4S|E|10|D7
3|18|18|39|183|246|4S|E|10|H3
3|18|134|161|49|303|4S|E|10|CA
3|18|244|193|59|219|4S|E|10|H2
3|18|233|263|79|318|4S|E|10|CA
3|18|220|29|10|113|4S|W|12|HK
3|18|141|97|99|116|4S|E|10|H3
3|18|185|147|289|126|3S|E|10|HQ
3|19|140|153|25|35|2HX|W|5|SK
3|19|180|201|16|40|3N|S|10|H6
3|19|272|91|56|203|3N|N|10|HT
3|19|18|39|183|246|3N|N|10|HT
3|19|134|161|49|303|3N|N|11|HT
3|19|244|193|59|219|4D|S|10|SJ
3|19|233|263|79|318|3N|N|10|HT
3|19|220|29|10|113|3N|N|9|S6
3|19|141|97|99|116|3N|N|11|HT
3|19|185|147|289|126|3N|N|11|HT
3|2|140|153|25|35|3S|S|8|SQ
3|2|180|260|16|307|2D|W|7|D2
3|2|39|91|246|203|2H|E|6|SK
3|2|18|272|183|56|3N|N|6|D4
3|2|134|214|49|253|3D|E|6|SA
3|2|244|193|59|219|3C|S|8|SQ
3|2|233|263|79|318|2H|E|6|SA
3|2|220|29|10|113|2C|S|7|SJ
3|2|141|47|99|197|2D|E|6|H8
3|2|185|147|289|126|3C|S|8|SQ
3|20|140|153|25|35|4H|W|9|CT
3|20|180|201|16|40|5C|E|8|S6
3|20|272|91|56|203|3N|E|6|DJ
3|20|18|39|183|246|3N|W|9|CT
3|20|134|161|49|303|4H|W|10|SA
3|20|244|193|59|219|3N|W|9|CJ
3|20|233|263|79|318|4H|W|10|SA
3|20|220|29|10|113|3N|W|8|S7
3|20|141|97|99|116|3N|W|9|CJ
3|20|185|147|289|126|3N|W|6|CJ
3|21|140|153|25|35|3N|S|9|D7
3|21|180|201|16|40|3N|N|9|S8
3|21|272|91|56|203|3N|S|9|D7
3|21|18|39|183|246|3N|N|9|H6
3|21|134|161|49|303|3N|S|10|D7
3|21|244|193|59|219|3N|S|10|D2
3|21|233|263|79|318|3N|N|9|H6
3|21|220|29|10|113|3N|S|10|D7
3|21|141|97|99|116|3N|S|10|D7
3|21|185|147|289|126|3N|S|10|D8
3|22|140|153|25|35|3S|E|11|HA
3|22|180|201|16|40|4H|S|9|SA
3|22|272|91|56|203|3S|E|10|HK
3|22|18|39|183|246|3H|S|8|D3
3|22|134|161|49|303|3S|E|11|HA
3|22|244|193|59|219|2H|S|8|D7
3|22|233|263|79|318|3S|E|11|HA
3|22|220|29|10|113|4S|E|10|DT
3|22|141|97|99|116|5HX|S|9|SA
3|22|185|147|289|126|2H|S|9|H2
3|23|140|153|25|35|2S|E|6|CK
3|23|180|201|16|40|1NX|S|7|S7
3|23|272|91|56|203|2H|E|8|SJ
3|23|18|39|183|246|2S|E|8|H3
3|23|134|161|49|303|2H|E|8|CK
3|23|244|193|59|219|2S|E|7|CK
3|23|233|263|79|318|2H|E|8|SJ
3|23|220|29|10|113|3C|W|8|D7
3|23|141|97|99|116|2N|S|8|H4
3|23|185|147|289|126|3D|S|7|H6
3|24|140|153|25|35|4H|N|10|CK
3|24|180|201|16|40|3H|N|11|CK
3|24|272|91|56|203|4H|N|10|CK
3|24|18|39|183|246|4H|N|10|CK
3|24|134|161|49|303|4H|N|11|CK
3|24|244|193|59|219|4H|N|10|CK
3|24|233|263|79|318|4H|N|10|CK
3|24|220|29|10|113|4H|N|10|CQ
3|24|141|97|99|116|4H|N|10|SQ
3|24|185|147|289|126|3N|S|8|S6
3|25|140|153|25|35|4S|S|11|HQ
3|25|180|201|16|40|4S|S|11|HQ
3|25|272|91|56|203|4S|S|10|HQ
3|25|18|39|183|246|4S|S|11|HQ
3|25|134|161|49|303|4S|S|10|HQ
3|25|244|193|59|219|4S|S|10|HQ
3|25|233|263|79|318|4S|S|10|HQ
3|25|220|29|10|113|4S|S|11|HQ
3|25|141|97|99|116|4S|S|11|HQ
3|25|185|147|289|126|4S|S|11|HQ
3|26|140|153|25|35|1N|E|7|C7
3|26|180|201|16|40|4S|W|9|H3
3|26|272|91|56|203|2S|E|7|D8
3|26|18|39|183|246|3D|E|10|D8
3|26|134|161|49|303|2S|W|7|H3
3|26|244|193|59|219|2S|W|8|C4
3|26|233|263|79|318|3N|E|8|C9
3|26|220|29|10|113|2S|E|7|D8
3|26|141|97|99|116|2D|E|9|S4
3|26|185|147|289|126|2D|E|7|D8
3|27|140|153|25|35|3S|N|10|H2
3|27|180|201|16|40|2N|S|8|CQ
3|27|272|91|56|203|2S|N|11|H8
3|27|18|39|183|246|2S|N|9|H2
3|27|134|161|49|303|2N|S|9|CQ
3|27|244|193|59|219|2S|N|9|H8
3|27|233|263|79|318|2N|S|9|CQ
3|27|220|29|10|113|4S|N|10|CA
3|27|141|97|99|116|2N|S|10|CQ
3|27|185|147|289|126|3S|N|10|CA
3|28|140|153|25|35|4S|N|12|HT
3|28|180|201|16|40|4S|N|12|CJ
3|28|272|91|56|203|4S|N|12|CJ
3|28|18|39|183|246|4S|N|11|HJ
3|28|134|161|49|303|4S|N|11|CJ
3|28|244|193|59|219|4S|N|12|CJ
3|28|233|263|79|318|4S|N|12|CJ
3|28|220|29|10|113|4S|S|12|S6
3|28|141|97|99|116|4S|N|12|D2
3|28|185|147|289|126|3S|N|12|CJ
3|29|140|153|25|35|3D|N|9|C4
3|29|180|201|16|40|2D|N|8|C5
3|29|272|91|56|203|3N|N|9|HQ
3|29|18|39|183|246|3D|S|9|CA
3|29|134|161|49|303|3CX|W|10|HA
3|29|244|193|59|219|3D|N|9|C4
3|29|233|263|79|318|2D|N|9|C4
3|29|220|29|10|113|6HX|N|9|D6
3|29|141|97|99|116|4CX|W|10|HA
3|29|185|147|289|126|2N|N|10|CJ
3|3|140|153|25|35|3N|E|8|C5
3|3|180|260|16|307|4H|W|11|CQ
3|3|39|91|246|203|3N|E|10|C8
3|3|18|272|183|56|4H|W|12|SQ
3|3|134|214|49|253|3D|E|10|S8
3|3|244|193|59|219|3N|E|10|C8
3|3|233|263|79|318|4H|E|12|S8
3|3|220|29|10|113|3N|E|11|S8
3|3|141|47|99|197|4H|W|10|CQ
3|3|185|147|289|126|6HX|W|9|CQ
3|30|140|153|25|35|5D|N|11|HJ
3|30|180|201|16|40|4D|S|10|HK
3|30|272|91|56|203|4D|N|10|HJ
3|30|18|39|183|246|3H|W|9|ST
3|30|134|161|49|303|3C|S|10|HK
3|30|244|193|59|219|3N|S|9|S4
3|30|233|263|79|318|3S|E|7|DA
3|30|220|29|10|113|4C|N|9|HQ
3|30|141|97|99|116|3D|N|10|HJ
3|30|185|147|289|126|4HX|W|8|ST
3|31|140|153|25|35|2S|W|10|D5
3|31|180|201|16|40|1N|S|7|H6
3|31|272|91|56|203|2H|W|8|CK
3|31|18|39|183|246|1N|N|7|H4
3|31|134|161|49|303|1N|N|7|C7
3|31|244|193|59|219|P||0|
3|31|233|263|79|318|3C|W|7|D5
3|31|220|29|10|113|2S|W|9|D5
3|31|141|97|99|116|1N|N|7|C7
3|31|185|147|289|126|2C|E|7|HK
3|32|140|153|25|35|3N|S|9|H9
3|32|180|201|16|40|3N|S|8|S9
3|32|272|91|56|203|3N|S|9|H9
3|32|18|39|183|246|3N|S|8|D4
3|32|134|161|49|303|3N|S|9|C3
3|32|244|193|59|219|3N|S|8|C3
3|32|233|263|79|318|3N|N|8|H7
3|32|220|29|10|113|3N|S|7|H9
3|32|141|97|99|116|3N|S|8|C3
3|32|185|147|289|126|3N|S|9|C3
3|4|140|153|25|35|3N|N|12|S6
3|4|180|260|16|307|3N|N|12|S6
3|4|39|91|246|203|3N|N|12|S6
3|4|18|272|183|56|6N|N|10|CK
3|4|134|214|49|253|3N|N|10|S6
3|4|244|193|59|219|3N|N|10|S6
3|4|233|263|79|318|3N|N|12|H5
3|4|220|29|10|113|3N|N|10|S6
3|4|141|47|99|197|3N|N|12|H6
3|4|185|147|289|126|3N|N|12|S6
3|5|140|153|25|35|4H|S|10|CA
3|5|180|260|16|307|3S|E|11|HQ
3|5|39|91|246|203|3D|N|10|H9
3|5|18|272|183|56|2H|S|10|CA
3|5|134|214|49|253|4H|S|10|CK
3|5|244|193|59|219|4H|S|10|CA
3|5|233|263|79|318|4H|S|10|CK
3|5|220|29|10|113|3D|S|10|CA
3|5|141|47|99|197|4S|E|10|H2
3|5|185|147|289|126|2H|S|10|CA
3|6|140|153|25|35|5H|N|11|S9
3|6|180|260|16|307|6H|N|10|C4
3|6|39|91|246|203|5H|N|11|HJ
3|6|18|272|183|56|4H|N|11|S9
3|6|134|214|49|253|5H|N|11|HQ
3|6|244|193|59|219|6H|S|11|S2
3|6|233|263|79|318|4H|N|11|HQ
3|6|220|29|10|113|4H|N|11|CA
3|6|141|47|99|197|6H|N|11|DT
3|6|185|147|289|126|4H|S|11|DJ
3|7|140|153|25|35|4D|N|8|S6
3|7|180|260|16|307|3DX|N|8|H6
3|7|39|91|246|203|4S|E|8|D7
3|7|18|272|183|56|3S|E|8|D8
3|7|134|214|49|253|3C|W|9|DA
3|7|244|193|59|219|3S|W|8|DA
3|7|233|263|79|318|3S|E|8|D8
3|7|220|29|10|113|4H|S|9|CQ
3|7|141|47|99|197|3H|S|9|CK
3|7|185|147|289|126|3H|S|7|CK
3|8|140|153|25|35|4H|S|10|C5
3|8|180|260|16|307|4SX|W|9|HQ
3|8|39|91|246|203|4SX|W|9|HQ
3|8|18|272|183|56|3H|S|10|C5
3|8|134|214|49|253|4S|W|9|HQ
3|8|244|193|59|219|4H|S|10|SA
3|8|233|263|79|318|4S|W|9|HQ
3|8|220|29|10|113|2C|W|7|HQ
3|8|141|47|99|197|4H|S|10|H4
3|8|185|147|289|126|5H|S|10|C5
3|9|140|153|25|35|2S|E|10|DQ
3|9|180|260|16|307|2S|E|10|DQ
3|9|39|91|246|203|3N|E|8|DQ
3|9|18|272|183|56|2S|E|10|DQ
3|9|134|214|49|253|3N|E|7|DQ
3|9|244|193|59|219|2S|E|10|DQ
3|9|233|263|79|318|2S|E|10|DQ
3|9|220|29|10|113|2S|W|9|D2
3|9|141|47|99|197|2S|E|10|DQ
3|9|185|147|289|126|2S|E|9|DQ
4|1|91|260|203|307|4S|S|10|HT
4|1|201|259|40|138|4S|S|10|SA
4|1|161|39|303|246|4SX|S|10|HT
4|1|115|214|284|253|4S|S|9|H9
4|1|263|219|318|279|4S|N|9|CJ
4|1|134|295|49|316|4S|S|10|SA
4|1|47|29|197|113|5SX|S|9|SA
4|1|233|97|79|116|5HX|E|10|S3
4|1|14|77|62|255|4S|S|10|HT
4|1|125|141|173|182|3S|S|10|HT
4|10|91|260|203|307|1SX|W|4|HK
4|10|201|259|40|138|1SX|W|4|HK
4|10|161|39|303|246|1N|E|7|SQ
4|10|115|214|284|253|2S|S|8|D6
4|10|263|219|318|279|1N|E|7|SQ
4|10|134|295|49|316|1N|E|6|HT
4|10|47|29|197|113|2C|S|7|SA
4|10|233|97|79|116|1SX|W|5|HK
4|10|14|77|62|255|1N|E|7|H2
4|10|125|141|173|182|2CX|E|7|SQ
4|11|91|260|203|307|4H|S|11|CA
4|11|201|259|40|138|4H|S|11|CA
4|11|161|39|303|246|4H|S|11|CA
4|11|115|214|284|253|4H|N|11|C5
4|11|263|219|318|279|4H|S|11|CA
4|11|134|295|49|316|4H|N|11|C5
4|11|47|29|197|113|4H|S|11|CK
4|11|233|97|79|116|4H|S|11|CK
4|11|14|77|62|255|4H|S|11|CA
4|11|125|141|173|182|4H|S|11|CA
4|12|91|260|203|307|4S|E|10|HJ
4|12|201|259|40|138|2S|E|10|HJ
4|12|161|39|303|246|4S|E|10|HJ
4|12|115|214|284|253|4S|E|10|HJ
4|12|263|219|318|279|4S|E|10|HJ
4|12|134|295|49|316|2S|E|10|HJ
4|12|47|29|197|113|2S|E|10|HJ
4|12|233|97|79|116|4S|E|10|HJ
4|12|14|77|62|255|2S|E|10|HJ
4|12|125|141|173|182|4S|W|10|HA
4|13|91|260|203|307|5DX|N|9|CK
4|13|201|259|40|138|3D|S|9|S9
4|13|161|39|303|246|2S|E|9|C5
4|13|115|214|284|253|3S|W|9|DA
4|13|263|219|318|279|2S|E|9|C5
4|13|134|295|49|316|3D|S|9|S3
4|13|47|29|197|113|5D|S|9|S3
4|13|233|97|79|116|3D|N|9|CK
4|13|14|77|62|255|2S|E|10|C5
4|13|125|141|173|182|3H|S|6|S9
4|14|91|260|203|307|4S|E|11|DQ
4|14|201|259|40|138|4S|E|12|DQ
4|14|161|39|303|246|4S|E|12|DQ
4|14|115|214|284|253|4S|E|12|DQ
4|14|263|219|318|279|4S|E|11|DQ
4|14|134|295|49|316|4S|E|11|DQ
4|14|47|29|197|113|5DX|S|7|DA
4|14|233|97|79|116|4S|E|11|DQ
4|14|14|77|62|255|4S|E|12|DQ
4|14|125|141|173|182|4S|E|12|DQ
4|15|91|260|203|307|2S|N|10|C6
4|15|201|259|40|138|3N|W|4|S4
4|15|161|39|303|246|2S|N|8|H6
4|15|115|214|284|253|4C|E|8|S5
4|15|263|219|318|279|3S|N|9|H9
4|15|134|295|49|316|3S|N|9|H9
4|15|47|29|197|113|1N|E|5|HQ
4|15|233|97|79|116|4S|N|9|H6
4|15|14|77|62|255|3S|N|9|H6
4|15|125|141|173|182|2S|N|8|H9
4|16|91|260|203|307|3H|N|8|DJ
4|16|201|259|40|138|2S|S|9|DK
4|16|161|39|303|246|4H|N|8|DJ
4|16|115|214|284|253|4S|N|8|DJ
4|16|263|219|318|279|4S|N|8|DJ
4|16|134|295|49|316|4H|N|9|CT
4|16|47|29|197|113|4H|N|8|DJ
4|16|233|97|79|116|4S|S|8|DK
4|16|14|77|62|255|4H|N|8|DJ
4|16|125|141|173|182|4S|S|8|DA
4|17|259|260|138|307|3C|N|10|S8
4|17|140|183|25|143|3S|E|8|D5
4|17|161|39|303|246|3S|W|8|C9
4|17|115|244|284|59|3C|N|9|S4
4|17|263|219|318|279|3C|N|10|S2
4|17|134|295|49|316|3C|S|8|C6
4|17|185|29|289|113|3S|W|8|DA
4|17|233|97|79|116|4S|E|8|D5
4|17|14|77|62|255|3S|E|8|D5
4|17|153|141|35|182|3C|N|10|D9
4|18|259|260|138|307|5D|W|11|H4
4|18|140|183|25|143|5D|W|11|H4
4|18|161|39|303|246|5D|W|11|H4
4|18|115|244|284|59|5DX|W|11|H2
4|18|263|219|318|279|5D|W|11|H4
4|18|134|295|49|316|5D|W|11|H9
4|18|185|29|289|113|5DX|W|11|H4
4|18|233|97|79|116|5DX|W|11|H4
4|18|14|77|62|255|5D|W|11|D8
4|18|153|141|35|182|5HX|S|10|SA
4|19|259|260|138|307|3C|N|8|ST
4|19|140|183|25|143|3S|W|7|D8
4|19|161|39|303|246|3S|W|8|D8
4|19|115|244|284|59|3C|N|8|S9
4|19|263|219|318|279|3S|E|9|C8
4|19|134|295|49|316|3C|N|8|S9
4|19|185|29|289|113|2C|N|8|DQ
4|19|233|97|79|116|3S|W|8|D8
4|19|14|77|62|255|3C|N|8|ST
4|19|153|141|35|182|3C|N|9|DQ
4|2|91|260|203|307|4H|E|9|S7
4|2|201|259|40|138|4H|W|10|SQ
4|2|161|39|303|246|4H|E|9|S7
4|2|115|214|284|253|4H|E|9|S7
4|2|263|219|318|279|4H|E|10|S7
4|2|134|295|49|316|4H|W|10|SQ
4|2|47|29|197|113|4H|W|10|SQ
4|2|233|97|79|116|4H|W|9|C3
4|2|14|77|62|255|4H|E|10|S7
4|2|125|141|173|182|4H|E|10|S7
4|20|259|260|138|307|2D|S|9|CJ
4|20|140|183|25|143|2N|E|7|DA
4|20|161|39|303|246|2D|S|7|CJ
4|20|115|244|284|59|1N|S|6|C5
4|20|263|219|318|279|2D|S|7|CJ
4|20|134|295|49|316|2H|E|8|H4
4|20|185|29|289|113|1N|S|7|CJ
4|20|233|97|79|116|2D|N|8|CK
4|20|14|77|62|255|2C|E|8|DA
4|20|153|141|35|182|2N|E|7|D6
4|21|259|260|138|307|4H|E|7|SQ
4|21|140|183|25|143|3H|E|9|C8
4|21|161|39|303|246|3H|W|9|S5
4|21|115|244|284|59|4H|E|9|DQ
4|21|263|219|318|279|4H|E|10|DA
4|21|134|295|49|316|4H|E|8|S2
4|21|185|29|289|113|3N|N|8|H7
4|21|233|97|79|116|4H|E|9|DA
4|21|14|77|62|255|4HX|E|9|S2
4|21|153|141|35|182|4DX|S|9|HK
4|22|259|260|138|307|2D|N|8|CQ
4|22|140|183|25|143|3D|N|8|SA
4|22|161|39|303|246|2S|E|6|S3
4|22|115|244|284|59|2S|E|6|S3
4|22|263|219|318|279|2S|E|7|D8
4|22|134|295|49|316|2D|N|8|CQ
4|22|185|29|289|113|2N|S|9|SJ
4|22|233|97|79|116|2D|N|9|SA
4|22|14|77|62|255|3C|W|8|C6
4|22|153|141|35|182|2H|S|8|SJ
4|23|259|260|138|307|3N|W|6|D6
4|23|140|183|25|143|2S|E|10|S3
4|23|161|39|303|246|3N|W|6|D6
4|23|115|244|284|59|3N|W|6|D6
4|23|263|219|318|279|3N|W|6|D6
4|23|134|295|49|316|3N|W|7|D6
4|23|185|29|289|113|3N|W|6|D6
4|23|233|97|79|116|2S|E|10|DK
4|23|14|77|62|255|4H|E|7|DK
4|23|153|141|35|182|3N|W|8|D6
4|24|259|260|138|307|6H|W|12|C4
4|24|140|183|25|143|6H|W|11|SK
4|24|161|39|303|246|6H|W|11|SK
4|24|115|244|284|59|3N|W|11|S2
4|24|263|219|318|279|6H|W|12|SK
4|24|134|295|49|316|4H|W|12|C4
4|24|185|29|289|113|6H|W|12|SK
4|24|233|97|79|116|6H|W|12|SK
4|24|14|77|62|255|6H|W|12|SK
4|24|153|141|35|182|6H|W|12|SK
4|25|259|260|138|307|4H|N|9|DK
4|25|140|183|25|143|4H|S|9|D3
4|25|161|39|303|246|4H|N|9|DK
4|25|115|244|284|59|4H|N|10|DK
4|25|263|219|318|279|4H|N|9|DK
4|25|134|295|49|316|4H|N|9|DQ
4|25|185|29|289|113|4H|N|9|DQ
4|25|233|97|79|116|4H|S|9|D6
4|25|14|77|62|255|4H|N|9|DK
4|25|153|141|35|182|4H|N|10|H5
4|26|259|260|138|307|3C|N|9|C4
4|26|140|183|25|143|4C|S|9|S5
4|26|161|39|303|246|5C|N|10|C4
4|26|115|244|284|59|3C|N|9|C4
4|26|263|219|318|279|4C|S|10|S4
4|26|134|295|49|316|3C|S|10|S5
4|26|185|29|289|113|3C|N|9|C6
4|26|233|97|79|116|3S|W|10|CA
4|26|14|77|62|255|2S|E|9|C3
4|26|153|141|35|182|5C|N|9|C6
4|27|259|260|138|307|3N|N|9|H3
4|27|140|183|25|143|6S|S|12|HJ
4|27|161|39|303|246|3N|N|11|C3
4|27|115|244|284|59|3N|N|9|H3
4|27|263|219|318|279|3N|N|11|ST
4|27|134|295|49|316|3N|N|9|H3
4|27|185|29|289|113|3N|N|11|ST
4|27|233|97|79|116|3N|N|9|H3
4|27|14|77|62|255|3N|N|10|D6
4|27|153|141|35|182|3N|N|9|ST
4|28|259|260|138|307|3D|S|9|ST
4|28|140|183|25|143|3N|N|8|SQ
4|28|161|39|303|246|3D|S|8|ST
4|28|115|244|284|59|3D|S|9|H9
4|28|263|219|318|279|3N|S|8|S6
4|28|134|295|49|316|2S|W|6|HA
4|28|185|29|289|113|3N|N|8|SQ
4|28|233|97|79|116|3S|W|6|HA
4|28|14|77|62|255|3D|S|9|ST
4|28|153|141|35|182|3N|N|7|SQ
4|29|259|260|138|307|3D|N|8|HK
4|29|140|183|25|143|3D|N|9|HK
4|29|161|39|303|246|3C|S|9|H7
4|29|115|244|284|59|3C|S|10|H8
4|29|263|219|318|279|3D|N|9|HK
4|29|134|295|49|316|3D|N|9|HQ
4|29|185|29|289|113|4C|S|10|H7
4|29|233|97|79|116|3N|N|9|C2
4|29|14|77|62|255|3C|S|10|H7
4|29|153|141|35|182|1N|S|9|S3
4|3|91|260|203|307|3N|W|10|CJ
4|3|201|259|40|138|3N|W|10|CJ
4|3|161|39|303|246|3N|E|10|H6
4|3|115|214|284|253|2D|E|10|S3
4|3|134|295|49|316|4S|W|10|DT
4|3|47|29|197|113|1DX|S|3|DK
4|3|233|97|79|116|3N|W|11|CJ
4|3|14|77|62|255|3N|E|9|H7
4|3|125|141|173|182|3N|E|10|D3
4|30|259|260|138|307|3N|W|10|D8
4|30|140|183|25|143|3S|S|9|H5
4|30|161|39|303|246|4C|W|10|SA
4|30|115|244|284|59|3S|S|9|H5
4|30|263|219|318|279|4C|W|10|SA
4|30|134|295|49|316|5C|W|9|SA
4|30|185|29|289|113|4C|W|10|SA
4|30|233|97|79|116|3N|E|7|S2
4|30|14|77|62|255|4H|E|7|S3
4|30|153|141|35|182|4C|W|10|SA
4|31|259|260|138|307|3N|E|8|ST
4|31|140|183|25|143|3S|S|8|HT
4|31|161|39|303|246|2S|S|8|C3
4|31|115|244|284|59|3NX|W|8|H6
4|31|263|219|318|279|2S|N|8|CK
4|31|134|295|49|316|3S|S|8|D6
4|31|185|29|289|113|3N|E|8|ST
4|31|233|97|79|116|3N|E|8|S7
4|31|14|77|62|255|2S|S|7|C4
4|31|153|141|35|182|2S|S|8|H9
4|32|259|260|138|307|3N|W|11|HQ
4|32|140|183|25|143|4N|W|11|S4
4|32|161|39|303|246|4H|E|11|CQ
4|32|115|244|284|59|4H|E|11|CQ
4|32|263|219|318|279|6D|W|10|S2
4|32|134|295|49|316|3N|E|10|CQ
4|32|185|29|289|113|4H|E|11|CQ
4|32|233|97|79|116|4H|E|11|CQ
4|32|14|77|62|255|3N|E|10|C5
4|32|153|141|35|182|2H|E|11|CQ
4|4|91|260|203|307|1N|E|8|C3
4|4|201|259|40|138|1S|W|6|H5
4|4|161|39|303|246|2C|W|6|H5
4|4|115|214|284|253|1N|E|8|C3
4|4|263|219|318|279|2C|W|5|CA
4|4|134|295|49|316|1S|W|6|H5
4|4|47|29|197|113|2C|S|7|C4
4|4|233|97|79|116|1S|W|6|H5
4|4|14|77|62|255|3C|W|5|H5
4|4|125|141|173|182|1N|E|5|C3
4|5|91|260|203|307|3N|N|11|H2
4|5|201|259|40|138|3N|S|11|H6
4|5|161|39|303|246|3N|S|9|S8
4|5|115|214|284|253|3N|S|10|SA
4|5|263|219|318|279|3N|N|11|H5
4|5|134|295|49|316|3N|N|11|D7
4|5|47|29|197|113|3NX|N|9|ST
4|5|233|97|79|116|3N|S|11|C6
4|5|14|77|62|255|3N|S|10|C6
4|5|125|141|173|182|3N|N|11|H2
4|6|91|260|203|307|5D|S|11|SQ
4|6|201|259|40|138|6N|N|12|CJ
4|6|161|39|303|246|4D|S|11|SQ
4|6|115|214|284|253|5D|S|11|C3
4|6|263|219|318|279|5D|S|11|SQ
4|6|134|295|49|316|3D|S|11|SJ
4|6|47|29|197|113|5D|S|11|H8
4|6|233|97|79|116|5D|S|11|H8
4|6|14|77|62|255|3D|S|11|H9
4|6|125|141|173|182|3N|S|12|C3
4|7|91|260|203|307|2H|S|7|DT
4|7|201|259|40|138|1H|S|8|HA
4|7|161|39|303|246|3N|E|8|HQ
4|7|115|214|284|253|2N|E|8|HQ
4|7|263|219|318|279|1H|S|8|CA
4|7|134|295|49|316|3N|W|9|S9
4|7|47|29|197|113|3N|E|6|HQ
4|7|233|97|79|116|3N|W|5|H8
4|7|14|77|62|255|3N|E|8|HQ
4|7|125|141|173|182|3N|W|8|H8
4|8|91|260|203|307|3H|S|10|CK
4|8|201|259|40|138|3S|E|6|HA
4|8|161|39|303|246|3S|E|7|HA
4|8|115|214|284|253|4SX|E|6|HK
4|8|263|219|318|279|3S|E|6|HK
4|8|134|295|49|316|3D|N|8|SQ
4|8|47|29|197|113|4H|N|9|SQ
4|8|233|97|79|116|4H|S|9|S4
4|8|14|77|62|255|2S|E|7|CJ
4|8|125|141|173|182|4S|S|7|D6
4|9|91|260|203|307|4H|N|8|SA
4|9|201|259|40|138|3N|N|7|S5
4|9|161|39|303|246|3N|N|7|S6
4|9|115|214|284|253|3N|N|10|S3
4|9|263|219|318|279|3N|N|7|S6
4|9|134|295|49|316|3N|N|9|S3
4|9|47|29|197|113|3N|N|7|S5
4|9|233|97|79|116|4C|N|9|SK
4|9|14|77|62|255|3N|N|7|SA
4|9|125|141|173|182|3N|N|7|S6
5|1|201|244|40|59|3N|N|7|D7
5|1|214|140|253|25|4H|S|9|D3
5|1|115|295|284|316|4H|S|10|D3
5|1|263|39|318|246|4H|S|9|D3
5|1|134|233|49|79|3N|S|8|H6
5|1|29|219|113|279|4H|S|10|D8
5|1|91|141|203|182|4H|S|8|SA
5|1|14|183|62|143|4H|S|10|D3
5|1|125|47|173|197|4H|S|10|D3
5|1|185|153|289|35|3N|N|8|D4
5|10|201|244|40|59|2C|N|9|HK
5|10|214|140|253|25|3D|E|10|D4
5|10|115|295|284|316|2D|E|9|D4
5|10|263|39|318|246|3D|E|9|D4
5|10|134|233|49|79|3D|E|9|D4
5|10|29|219|113|279|4D|E|10|C6
5|10|91|141|203|182|2D|E|10|D4
5|10|14|183|62|143|3D|E|10|C6
5|10|125|47|173|197|2D|E|7|C6
5|10|185|153|289|35|2D|E|8|C8
5|11|201|244|40|59|3S|N|10|HQ
5|11|214|140|253|25|4S|N|10|HQ
5|11|115|295|284|316|2S|N|10|HQ
5|11|263|39|318|246|4S|N|10|HQ
5|11|134|233|49|79|3S|N|10|HQ
5|11|29|219|113|279|4S|N|10|HQ
5|11|91|141|203|182|4S|N|10|HQ
5|11|14|183|62|143|4S|N|10|HQ
5|11|125|47|173|197|4S|N|10|HQ
5|11|185|153|289|35|4S|N|10|HQ
5|12|201|244|40|59|5D|S|9|SK
5|12|214|140|253|25|4SX|W|11|CK
5|12|115|295|284|316|2S|W|9|CA
5|12|263|39|318|246|4H|E|9|C8
5|12|134|233|49|79|2S|W|10|CA
5|12|29|219|113|279|5D|S|10|SK
5|12|91|141|203|182|4S|W|9|CA
5|12|14|183|62|143|4S|W|9|CA
5|12|125|47|173|197|3S|W|9|CA
5|12|185|153|289|35|4SX|W|9|CA
5|13|201|244|40|59|4C|W|12|DK
5|13|214|140|253|25|4C|W|12|DK
5|13|115|295|284|316|3H|W|9|DK
5|13|263|39|318|246|4H|E|10|C6
5|13|134|233|49|79|6H|E|11|DA
5|13|29|219|113|279|3N|W|10|S8
5|13|91|141|203|182|3H|W|9|DK
5|13|14|183|62|143|4H|W|8|DK
5|13|125|47|173|197|3C|W|12|DK
5|13|185|153|289|35|6CXX|W|12|DK
5|14|201|244|40|59|5S|S|11|CQ
5|14|214|140|253|25|5S|S|11|D9
5|14|115|295|284|316|4S|S|11|C4
5|14|263|39|318|246|5DX|W|12|SK
5|14|134|233|49|79|5S|N|11|D6
5|14|29|219|113|279|5SX|S|11|C2
5|14|91|141|203|182|5S|S|11|DA
5|14|14|183|62|143|5DX|W|12|SA
5|14|125|47|173|197|5S|N|11|D4
5|14|185|153|289|35|6SX|N|11|CT
5|15|201|244|40|59|2H|E|8|SK
5|15|214|140|253|25|2H|E|9|SK
5|15|115|295|284|316|2H|E|8|SA
5|15|263|39|318|246|2H|E|9|SK
5|15|134|233|49|79|2S|N|6|DJ
5|15|29|219|113|279|2S|S|6|CK
5|15|91|141|203|182|1N|N|6|DJ
5|15|14|183|62|143|2S|S|6|H9
5|15|125|47|173|197|2H|E|9|SA
5|15|185|153|289|35|2S|S|6|CK
5|16|201|244|40|59|1N|W|7|SQ
5|16|214|140|253|25|3N|W|6|SQ
5|16|115|295|284|316|2S|N|5|D8
5|16|263|39|318|246|1N|W|9|S3
5|16|134|233|49|79|2H|N|5|CT
5|16|29|219|113|279|3N|W|8|S3
5|16|91|141|203|182|1N|W|8|S3
5|16|14|183|62|143|1N|W|9|S3
5|16|125|47|173|197|1N|W|8|S3
5|16|185|153|289|35|1N|W|9|S3
5|17|201|244|40|59|2H|E|10|SJ
5|17|214|260|253|307|4H|E|10|SJ
5|17|115|295|284|316|4H|E|10|SJ
5|17|263|39|318|246|4H|E|10|SJ
5|17|134|233|49|79|4H|E|10|SJ
5|17|29|219|113|279|4H|E|11|C2
5|17|259|141|138|182|4SX|N|6|HA
5|17|14|183|62|143|3S|N|7|HA
5|17|153|47|35|197|3H|E|10|SJ
5|17|97|77|116|255|3H|E|10|SJ
5|18|201|244|40|59|3N|N|9|SJ
5|18|214|260|253|307|3N|N|11|CK
5|18|115|295|284|316|3N|N|10|HT
5|18|263|39|318|246|3N|S|10|H2
5|18|134|233|49|79|3N|N|10|H9
5|18|29|219|113|279|3N|N|10|HT
5|18|259|141|138|182|3N|N|9|SJ
5|18|14|183|62|143|2N|S|10|H8
5|18|153|47|35|197|3N|S|10|H8
5|18|97|77|116|255|3N|N|10|HT
5|19|201|244|40|59|1N|W|8|C7
5|19|214|260|253|307|3N|E|8|C6
5|19|115|295|284|316|1N|W|7|C7
5|19|263|39|318|246|3N|W|8|C7
5|19|134|233|49|79|3N|W|7|C3
5|19|29|219|113|279|3N|W|8|C4
5|19|259|141|138|182|3N|W|8|C3
5|19|14|183|62|143|3N|W|8|C3
5|19|153|47|35|197|1N|W|9|C8
5|19|97|77|116|255|3N|E|7|C5
5|2|201|244|40|59|3N|E|9|SJ
5|2|214|140|253|25|3N|E|11|SJ
5|2|115|295|284|316|3N|E|10|C4
5|2|263|39|318|246|3N|E|11|C4
5|2|134|233|49|79|3N|W|9|H4
5|2|29|219|113|279|3N|E|10|ST
5|2|91|141|203|182|3N|E|11|C4
5|2|14|183|62|143|3N|E|10|C4
5|2|125|47|173|197|3N|E|10|C4
5|2|185|153|289|35|3N|E|11|C4
5|20|201|244|40|59|3N|N|10|D9
5|20|214|260|253|307|2D|N|8|DT
5|20|115|295|284|316|3N|N|8|D9
5|20|263|39|318|246|3N|S|12|S9
5|20|134|233|49|79|3N|N|9|DT
5|20|29|219|113|279|2D|N|10|DT
5|20|259|141|138|182|3N|N|9|DT
5|20|14|183|62|143|4H|S|9|S4
5|20|153|47|35|197|3N|N|10|S3
5|20|97|77|116|255|3N|S|11|S4
5|21|201|244|40|59|6S|N|11|H6
5|21|214|260|253|307|6H|N|12|C7
5|21|115|295|284|316|6H|N|12|H3
5|21|263|39|318|246|4H|N|12|D3
5|21|134|233|49|79|4H|N|12|C8
5|21|29|219|113|279|4H|N|11|C8
5|21|259|141|138|182|3N|N|12|S7
5|21|14|183|62|143|6H|N|12|C8
5|21|153|47|35|197|6N|S|12|HJ
5|21|97|77|116|255|6H|N|12|C7
5|22|201|244|40|59|6HX|W|10|S4
5|22|214|260|253|307|6H|W|10|CQ
5|22|115|295|284|316|6H|W|10|CQ
5|22|263|39|318|246|6H|W|10|CQ
5|22|134|233|49|79|6H|W|10|CQ
5|22|29|219|113|279|6H|W|10|CJ
5|22|259|141|138|182|4HX|W|10|CQ
5|22|14|183|62|143|4H|W|10|CQ
5|22|153|47|35|197|6H|W|10|CQ
5|22|97|77|116|255|5CX|N|7|H5
5|23|201|244|40|59|2D|E|8|CK
5|23|214|260|253|307|2C|N|7|SJ
5|23|115|295|284|316|2H|N|5|D5
5|23|263|39|318|246|2H|N|7|SJ
5|23|134|233|49|79|1N|W|8|C2
5|23|29|219|113|279|2S|W|8|C7
5|23|259|141|138|182|2H|N|7|SJ
5|23|14|183|62|143|1S|W|9|D2
5|23|153|47|35|197|2S|W|7|H2
5|23|97|77|116|255|1S|W|7|D2
5|24|201|244|40|59|2S|N|10|HQ
5|24|214|260|253|307|3C|N|11|HQ
5|24|115|295|284|316|3N|S|9|D5
5|24|263|39|318|246|3N|S|9|D5
5|24|134|233|49|79|1N|W|5|C7
5|24|29|219|113|279|3N|N|10|D6
5|24|259|141|138|182|3N|S|9|D5
5|24|14|183|62|143|3N|S|9|H6
5|24|153|47|35|197|3N|S|10|DQ
5|24|97|77|116|255|3N|S|10|H6
5|25|201|244|40|59|3N|E|12|HQ
5|25|214|260|253|307|3N|E|11|HQ
5|25|115|295|284|316|3N|E|11|HQ
5|25|263|39|318|246|3N|E|11|HQ
5|25|134|233|49|79|3N|E|11|HQ
5|25|29|219|113|279|3N|E|11|HJ
5|25|259|141|138|182|3N|E|11|HQ
5|25|14|183|62|143|3N|E|12|HQ
5|25|153|47|35|197|3N|E|11|HQ
5|25|97|77|116|255|3N|E|11|CT
5|26|201|244|40|59|7N|E|13|HJ
5|26|214|260|253|307|7N|E|13|DJ
5|26|115|295|284|316|7N|E|13|HJ
5|26|263|39|318|246|6N|E|13|SQ
5|26|134|233|49|79|7N|E|13|HJ
5|26|29|219|113|279|6N|E|13|HT
5|26|259|141|138|182|7N|E|13|DJ
5|26|14|183|62|143|6N|E|13|D6
5|26|153|47|35|197|7N|E|13|HJ
5|26|97|77|116|255|7N|E|13|DJ
5|27|201|244|40|59|3H|W|9|S6
5|27|214|260|253|307|3H|W|8|S6
5|27|115|295|284|316|2S|N|7|H7
5|27|263|39|318|246|3H|W|9|S3
5|27|134|233|49|79|2H|W|9|C5
5|27|29|219|113|279|3H|W|9|S6
5|27|259|141|138|182|2S|N|7|D3
5|27|14|183|62|143|3H|W|8|S3
5|27|153|47|35|197|3H|W|9|S3
5|27|97|77|116|255|3S|N|8|CA
5|28|201|244|40|59|4H|N|11|C6
5|28|214|260|253|307|4H|N|11|C6
5|28|115|295|284|316|4H|N|11|S9
5|28|263|39|318|246|4H|N|11|ST
5|28|134|233|49|79|5H|N|11|C8
5|28|29|219|113|279|5H|N|11|C8
5|28|259|141|138|182|4H|N|11|S6
5|28|14|183|62|143|4H|N|11|ST
5|28|153|47|35|197|5H|N|11|ST
5|28|97|77|116|255|5H|N|11|C6
5|29|201|244|40|59|2S|S|6|CK
5|29|214|260|253|307|2H|W|8|S4
5|29|115|295|284|316|2S|S|5|HT
5|29|263|39|318|246|3HX|W|9|S8
5|29|134|233|49|79|2N|S|7|HJ
5|29|29|219|113|279|2S|S|5|HJ
5|29|259|141|138|182|2S|S|5|HJ
5|29|14|183|62|143|2H|W|9|S8
5|29|153|47|35|197|2H|W|9|S8
5|29|97|77|116|255|2H|E|8|CJ
5|3|201|244|40|59|4N|S|12|C6
5|3|214|140|253|25|6D|N|12|C7
5|3|115|295|284|316|6C|S|11|DJ
5|3|263|39|318|246|6N|S|12|C6
5|3|134|233|49|79|6D|N|12|C7
5|3|29|219|113|279|6N|S|12|C6
5|3|91|141|203|182|3N|S|12|C3
5|3|14|183|62|143|3N|S|12|C3
5|3|125|47|173|197|6N|S|12|C3
5|3|185|153|289|35|6S|N|11|C7
5|30|201|244|40|59|5C|W|11|H8
5|30|214|260|253|307|4SX|N|9|HA
5|30|115|295|284|316|4C|W|11|C4
5|30|263|39|318|246|4H|E|10|DQ
5|30|134|233|49|79|4H|W|10|D7
5|30|29|219|113|279|4H|E|12|DQ
5|30|259|141|138|182|3C|E|11|DQ
5|30|14|183|62|143|2H|W|10|H3
5|30|153|47|35|197|5C|W|11|SA
5|30|97|77|116|255|3N|W|8|S5
5|31|201|244|40|59|3N|N|9|C3
5|31|214|260|253|307|3N|N|8|S5
5|31|115|295|284|316|3N|N|11|C3
5|31|263|39|318|246|4H|N|10|S5
5|31|134|233|49|79|4H|N|9|S6
5|31|29|219|113|279|4H|S|11|ST
5|31|259|141|138|182|4H|N|10|S6
5|31|14|183|62|143|2N|N|8|S5
5|31|153|47|35|197|4H|N|10|CA
5|31|97|77|116|255|4H|N|10|S5
5|32|201|244|40|59|5D|E|8|H9
5|32|214|260|253|307|3N|E|5|C3
5|32|115|295|284|316|3N|E|7|C3
5|32|263|39|318|246|2N|E|8|H9
5|32|134|233|49|79|3D|E|7|H9
5|32|29|219|113|279|3D|E|10|H7
5|32|259|141|138|182|5D|E|9|H9
5|32|14|183|62|143|3D|E|8|H9
5|32|153|47|35|197|3D|E|9|D4
5|32|97|77|116|255|3D|E|8|H7
5|4|201|244|40|59|1S|E|7|DJ
5|4|214|140|253|25|2S|E|7|DJ
5|4|115|295|284|316|1N|N|7|SJ
5|4|263|39|318|246|1N|S|8|S3
5|4|134|233|49|79|1S|E|7|CJ
5|4|29|219|113|279|2S|E|7|CT
5|4|91|141|203|182|1N|N|8|HT
5|4|14|183|62|143|2C|E|5|DJ
5|4|125|47|173|197|2C|E|5|DJ
5|4|185|153|289|35|1S|E|7|DJ
5|5|201|244|40|59|3N|W|5|SK
5|5|214|140|253|25|3N|N|8|S4
5|5|115|295|284|316|2D|S|9|HK
5|5|263|39|318|246|2S|E|6|D3
5|5|134|233|49|79|1N|N|7|S3
5|5|29|219|113|279|3D|N|9|S3
5|5|91|141|203|182|3D|N|9|S3
5|5|14|183|62|143|3C|W|8|C7
5|5|125|47|173|197|3D|N|9|S4
5|5|185|153|289|35|3C|W|7|SA
5|6|201|244|40|59|1D|N|6|SQ
5|6|214|140|253|25|3S|S|9|CJ
5|6|115|295|284|316|1N|W|6|H2
5|6|263|39|318|246|1N|W|7|H2
5|6|134|233|49|79|3C|E|8|D9
5|6|29|219|113|279|2S|N|7|SQ
5|6|91|141|203|182|3C|E|7|H9
5|6|14|183|62|143|1N|W|7|H2
5|6|125|47|173|197|2S|S|9|CJ
5|6|185|153|289|35|2N|E|8|S3
5|7|201|244|40|59|4H|W|9|SJ
5|7|214|140|253|25|4H|W|10|SJ
5|7|115|295|284|316|6H|W|10|SJ
5|7|263|39|318|246|3N|W|7|SJ
5|7|134|233|49|79|3N|E|8|CQ
5|7|29|219|113|279|4H|W|11|SJ
5|7|91|141|203|182|4H|W|10|SJ
5|7|14|183|62|143|4H|W|11|SJ
5|7|125|47|173|197|6H|W|9|SJ
5|7|185|153|289|35|4H|W|10|SJ
5|8|201|244|40|59|4D|W|9|SK
5|8|214|140|253|25|3N|W|9|S8
5|8|115|295|284|316|2S|N|7|HA
5|8|263|39|318|246|3D|W|9|SK
5|8|134|233|49|79|2N|W|8|SA
5|8|29|219|113|279|3D|W|9|SA
5|8|91|141|203|182|3H|N|7|HA
5|8|14|183|62|143|3N|W|8|S8
5|8|125|47|173|197|3D|W|9|SA
5|8|185|153|289|35|3D|W|9|SA
5|9|201|244|40|59|4H|N|11|SJ
5|9|214|140|253|25|4H|N|11|SJ
5|9|115|295|284|316|4H|N|11|ST
5|9|263|39|318|246|4H|N|11|SJ
5|9|134|233|49|79|4H|N|11|SJ
5|9|29|219|113|279|4H|N|11|C9
5|9|91|141|203|182|4H|N|11|SJ
5|9|14|183|62|143|5H|N|11|SJ
5|9|125|47|173|197|4H|N|11|SJ
5|9|185|153|289|35|4H|N|11|HA
6|1|263|201|318|40|2H|E|8|HT
6|1|140|295|25|316|4HX|W|8|H4
6|1|29|39|113|246|4H|W|9|H4
6|1|115|233|284|79|3N|S|7|H3
6|1|185|219|289|279|5C|S|10|H3
6|1|134|97|49|116|3H|W|8|D5
6|1|14|244|62|59|3H|W|9|C4
6|1|161|141|303|182|3S|N|7|HA
6|1|125|183|173|143|5DX|N|10|S4
6|1|91|77|203|255|3SX|S|9|H5
6|10|263|201|318|40|3N|E|8|SA
6|10|140|295|25|316|3N|E|8|S8
6|10|29|39|113|246|3D|E|11|SA
6|10|115|233|284|79|2D|W|11|H2
6|10|185|219|289|279|3D|E|11|SA
6|10|134|97|49|116|3D|E|11|SA
6|10|14|244|62|59|3S|S|8|CJ
6|10|161|141|303|182|3D|E|11|SA
6|10|125|183|173|143|3N|E|8|S8
6|10|91|77|203|255|3N|E|8|SA
6|11|263|201|318|40|3N|S|9|HT
6|11|140|295|25|316|3N|S|9|H9
6|11|29|39|113|246|2H|E|7|S5
6|11|115|233|284|79|3S|S|10|H4
6|11|185|219|289|279|3D|S|11|HT
6|11|134|97|49|116|3N|S|9|H6
6|11|14|244|62|59|2N|S|11|H9
6|11|161|141|303|182|3D|S|10|H5
6|11|125|183|173|143|3N|S|9|HT
6|11|91|77|203|255|3N|S|9|HT
6|12|263|201|318|40|6S|W|12|DK
6|12|140|295|25|316|4S|W|12|DK
6|12|29|39|113|246|6S|W|12|DQ
6|12|115|233|284|79|6S|E|12|C4
6|12|185|219|289|279|6S|W|12|CA
6|12|134|97|49|116|6S|W|12|DK
6|12|14|244|62|59|6S|W|12|DK
6|12|161|141|303|182|6S|E|12|C2
6|12|125|183|173|143|6S|W|12|DK
6|12|91|77|203|255|4S|W|12|DK
6|13|263|201|318|40|2H|N|9|H7
6|13|140|295|25|316|2H|N|9|H6
6|13|29|39|113|246|2H|N|9|H6
6|13|115|233|284|79|2H|N|9|D2
6|13|185|219|289|279|2H|N|9|H6
6|13|134|97|49|116|2C|N|8|D2
6|13|14|244|62|59|1N|E|5|H8
6|13|161|141|303|182|3H|N|9|H6
6|13|125|183|173|143|2H|N|9|H6
6|13|91|77|203|255|2H|N|9|CK
6|14|263|201|318|40|6N|N|11|CJ
6|14|140|295|25|316|3N|N|11|C4
6|14|29|39|113|246|3N|S|11|SQ
6|14|115|233|284|79|3N|S|11|SQ
6|14|185|219|289|279|3N|S|12|SQ
6|14|134|97|49|116|3N|S|12|S5
6|14|14|244|62|59|3N|S|11|SQ
6|14|161|141|303|182|3N|S|12|S5
6|14|125|183|173|143|3N|S|12|SQ
6|14|91|77|203|255|3N|S|12|SQ
6|15|263|201|318|40|3N|S|9|S6
6|15|140|295|25|316|2D|N|9|SJ
6|15|29|39|113|246|3N|S|8|S6
6|15|115|233|284|79|3N|N|9|D2
6|15|185|219|289|279|3N|S|9|H6
6|15|134|97|49|116|3C|S|11|H5
6|15|14|244|62|59|3D|N|9|SJ
6|15|161|141|303|182|3N|S|9|H6
6|15|125|183|173|143|3N|N|9|SJ
6|15|91|77|203|255|3N|S|9|D9
6|16|263|201|318|40|4H|N|12|S6
6|16|140|295|25|316|4S|N|11|S6
6|16|29|39|113|246|4S|N|10|H3
6|16|115|233|284|79|4S|N|11|H2
6|16|185|219|289|279|4S|N|10|H2
6|16|134|97|49|116|4H|N|12|S6
6|16|14|244|62|59|4S|N|12|CA
6|16|161|141|303|182|4H|N|12|H2
6|16|125|183|173|143|5CX|E|8|HA
6|16|91|77|203|255|4S|N|10|H4
6|17|263|260|318|307|4H|N|10|C3
6|17|140|295|25|316|4H|N|10|S2
6|17|29|39|113|246|4H|N|11|S2
6|17|115|233|284|79|4H|N|11|S3
6|17|185|219|289|279|4H|N|10|S3
6|17|134|47|49|197|4H|S|10|SQ
6|17|14|214|62|253|4H|N|10|S2
6|17|161|141|303|182|4H|N|11|S3
6|17|153|259|35|138|4H|N|10|S3
6|17|91|125|203|173|4H|N|10|S3
6|18|263|260|318|307|3N|E|12|S7
6|18|140|295|25|316|3N|E|12|H5
6|18|29|39|113|246|6D|E|12|CJ
6|18|115|233|284|79|3N|E|11|S7
6|18|185|219|289|279|7D|E|12|H5
6|18|134|47|49|197|6C|E|12|H4
6|18|14|214|62|253|6D|W|12|D6
6|18|161|141|303|182|5C|W|12|H6
6|18|153|259|35|138|6D|E|12|S7
6|18|91|125|203|173|6D|E|12|H4
6|19|263|260|318|307|4H|E|7|S6
6|19|140|295|25|316|3H|E|8|DA
6|19|29|39|113|246|3S|S|7|HJ
6|19|115|233|284|79|3S|N|9|C8
6|19|185|219|289|279|3S|N|9|C8
6|19|134|47|49|197|4H|E|8|DA
6|19|14|214|62|253|3C|W|7|DQ
6|19|161|141|303|182|4C|W|8|DQ
6|19|153|259|35|138|3D|N|8|C8
6|19|91|125|203|173|4H|E|8|DA
6|2|263|201|318|40|3N|W|7|H5
6|2|140|295|25|316|3N|W|8|H5
6|2|29|39|113|246|3N|W|7|H8
6|2|115|233|284|79|3N|W|8|H5
6|2|185|219|289|279|3N|W|9|H5
6|2|134|97|49|116|3N|W|7|H5
6|2|14|244|62|59|3N|W|9|H5
6|2|161|141|303|182|3N|W|9|H5
6|2|125|183|173|143|3N|W|6|H5
6|2|91|77|203|255|3N|E|9|H6
6|20|263|260|318|307|3D|N|9|C4
6|20|140|295|25|316|4S|W|6|DJ
6|20|29|39|113|246|2H|E|9|S2
6|20|115|233|284|79|2HX|W|9|SQ
6|20|185|219|289|279|2S|W|5|DJ
6|20|134|47|49|197|3D|N|9|C9
6|20|14|214|62|253|2S|W|8|DJ
6|20|161|141|303|182|2H|E|8|S2
6|20|153|259|35|138|4S|W|7|DJ
6|20|91|125|203|173|2S|W|5|DJ
6|21|263|260|318|307|4H|N|9|H4
6|21|140|295|25|316|4H|N|10|H4
6|21|29|39|113|246|5H|N|9|CA
6|21|115|233|284|79|5CX|E|10|HA
6|21|185|219|289|279|5H|N|9|SA
6|21|134|47|49|197|4H|N|9|HT
6|21|14|214|62|253|4H|N|10|HT
6|21|161|141|303|182|4H|N|10|H4
6|21|153|259|35|138|4H|N|9|H4
6|21|91|125|203|173|4H|N|10|HT
6|22|263|260|318|307|4H|E|9|D8
6|22|140|295|25|316|4SX|S|7|H6
6|22|29|39|113|246|4SX|N|9|HA
6|22|115|233|284|79|4HX|E|9|SA
6|22|185|219|289|279|5HX|E|9|SA
6|22|134|47|49|197|4S|N|9|HA
6|22|14|214|62|253|3H|E|9|SA
6|22|161|141|303|182|1N|N|7|S2
6|22|153|259|35|138|4HX|E|9|H5
6|22|91|125|203|173|4SX|N|9|DA
6|23|263|260|318|307|3N|E|9|C5
6|23|140|295|25|316|3DX|S|7|S5
6|23|29|39|113|246|4S|E|8|C5
6|23|115|233|284|79|3N|E|7|D7
6|23|185|219|289|279|2H|S|5|S4
6|23|134|47|49|197|4S|E|10|C5
6|23|14|214|62|253|4S|E|8|C5
6|23|161|141|303|182|4S|E|9|C5
6|23|153|259|35|138|3D|S|8|C2
6|23|91|125|203|173|3N|W|10|C4
6|24|263|260|318|307|4HX|E|7|S4
6|24|140|295|25|316|4HX|E|7|S4
6|24|29|39|113|246|4HX|E|7|S7
6|24|115|233|284|79|4S|N|12|HA
6|24|185|219|289|279|5HX|E|7|S4
6|24|134|47|49|197|4S|N|12|HA
6|24|14|214|62|253|5HX|E|7|S4
6|24|161|141|303|182|4S|N|12|HA
6|24|153|259|35|138|5HX|E|7|S7
6|24|91|125|203|173|4H|E|10
6|25|263|260|318|307|5C|W|10|H8
6|25|140|295|25|316|4C|W|10|H8
6|25|29|39|113|246|4C|W|10|H2
6|25|115|233|284|79|3D|N|8|SA
6|25|185|219|289|279|3N|S|9|CQ
6|25|134|47|49|197|5CX|W|10|H8
6|25|14|214|62|253|5CX|W|10|C8
6|25|161|141|303|182|5C|W|10|DA
6|25|153|259|35|138|5C|W|10|DA
6|25|91|125|203|173|4C|W|10|DA
6|26|263|260|318|307|4H|W|10|S2
6|26|140|295|25|316|4H|W|10|S2
6|26|29|39|113|246|4H|W|10|S3
6|26|115|233|284|79|4H|W|10|S3
6|26|185|219|289|279|3H|W|10|S2
6|26|134|47|49|197|4H|W|10|S2
6|26|14|214|62|253|4H|W|10|S2
6|26|161|141|303|182|3H|W|10|S2
6|26|153|259|35|138|5HX|W|10|S3
6|26|91|125|203|173|4H|W|10|S3
6|27|263|260|318|307|3C|W|8|DQ
6|27|140|295|25|316|3D|N|9|HQ
6|27|29|39|113|246|2H|E|10|DA
6|27|115|233|284|79|3H|W|10|H2
6|27|185|219|289|279|3D|S|9|S2
6|27|134|47|49|197|4H|W|9|DQ
6|27|14|214|62|253|4H|W|10|DQ
6|27|161|141|303|182|3H|W|10|DQ
6|27|153|259|35|138|3D|N|9|HQ
6|27|91|125|203|173|2S|S|8|CK
6|28|263|260|318|307|2S|W|8|C7
6|28|140|295|25|316|2S|W|7|H4
6|28|29|39|113|246|2S|W|7|H8
6|28|115|233|284|79|2S|W|7|D5
6|28|185|219|289|279|2S|W|9|DA
6|28|134|47|49|197|2N|E|10|C6
6|28|14|214|62|253|2S|W|9|H4
6|28|161|141|303|182|3S|W|9|DA
6|28|153|259|35|138|2S|W|8|C7
6|28|91|125|203|173|2S|W|8|C7
6|29|263|260|318|307|5H|N|10|CA
6|29|140|295|25|316|4H|N|11|DQ
6|29|29|39|113|246|5HX|N|11|SJ
6|29|115|233|284|79|5HX|N|11|CA
6|29|185|219|289|279|5HX|N|11|CA
6|29|134|47|49|197|4H|S|10|D6
6|29|14|214|62|253|4SX|W|9|HA
6|29|161|141|303|182|5C|E|7|HJ
6|29|153|259|35|138|6HX|N|11|CK
6|29|91|125|203|173|4H|N|12|CA
6|3|263|201|318|40|5H|W|11|CJ
6|3|140|295|25|316|3C|S|9|H5
6|3|29|39|113|246|3C|S|9|H4
6|3|115|233|284|79|4HX|W|11|CK
6|3|185|219|289|279|5CX|S|10|SQ
6|3|134|97|49|116|5CX|N|11|HK
6|3|14|244|62|59|5CX|N|10|C8
6|3|161|141|303|182|5C|S|11|H3
6|3|125|183|173|143|4H|E|10|D8
6|3|91|77|203|255|5H|E|11|D8
6|30|263|260|318|307|2S|W|7|H4
6|30|140|295|25|316|2S|W|7|H4
6|30|29|39|113|246|2S|W|8|C7
6|30|115|233|284|79|2D|E|7|SJ
6|30|185|219|289|279|2D|E|7|C4
6|30|134|47|49|197|2D|E|6|CK
6|30|14|214|62|253|2D|E|5|H7
6|30|161|141|303|182|1N|N|9|D5
6|30|153|259|35|138|1N|N|9|D2
6|30|91|125|203|173|1N|N|7|D5
6|31|263|260|318|307|4H|W|11|CQ
6|31|140|295|25|316|4H|W|11|CQ
6|31|29|39|113|246|4H|W|11|CJ
6|31|115|233|284|79|4H|W|11|CQ
6|31|185|219|289|279|4H|W|11|CQ
6|31|134|47|49|197|3H|W|11|CQ
6|31|14|214|62|253|4H|W|11|CQ
6|31|161|141|303|182|4H|W|11|CQ
6|31|153|259|35|138|4H|W|10|CQ
6|31|91|125|203|173|4H|W|11|CQ
6|32|263|260|318|307|3C|S|9|HA
6|32|140|295|25|316|2D|E|8|DT
6|32|29|39|113|246|1N|S|7|H5
6|32|115|233|284|79|1H|N|7|C6
6|32|185|219|289|279|P||0|
6|32|134|47|49|197|P||0|
6|32|14|214|62|253|P||0|
6|32|161|141|303|182|P||0|
6|32|153|259|35|138|P||0|
6|32|91|125|203|173|P||0|
6|4|263|201|318|40|3H|N|9|H9
6|4|140|295|25|316|3D|W|10|HK
6|4|29|39|113|246|2N|W|7|ST
6|4|115|233|284|79|3H|N|8|D2
6|4|185|219|289|279|3D|W|10|HK
6|4|134|97|49|116|3S|N|8|DQ
6|4|14|244|62|59|3S|N|9|D2
6|4|161|141|303|182|3D|W|10|HK
6|4|125|183|173|143|3D|W|10|HK
6|4|91|77|203|255|3D|W|11|HK
6|5|263|201|318|40|5SX|S|10|DK
6|5|140|295|25|316|4S|S|10|C4
6|5|29|39|113|246|4S|S|10|DA
6|5|115|233|284|79|6CX|E|10|HA
6|5|185|219|289|279|5S|N|10|CK
6|5|134|97|49|116|4S|N|10|CK
6|5|14|244|62|59|5CX|E|9|SK
6|5|161|141|303|182|4S|S|10|DA
6|5|125|183|173|143|4C|E|10|SK
6|5|91|77|203|255|5SX|S|10|DA
6|6|263|201|318|40|3N|E|11|CQ
6|6|140|295|25|316|3N|W|10|H2
6|6|29|39|113|246|3N|E|10|H7
6|6|115|233|284|79|3N|W|10|H2
6|6|185|219|289|279|3N|W|11|H2
6|6|134|97|49|116|3N|E|10|D3
6|6|14|244|62|59|3D|E|12|D3
6|6|161|141|303|182|3N|E|11|CQ
6|6|125|183|173|143|3N|E|10|D3
6|6|91|77|203|255|3N|E|10|CQ
6|7|263|201|318|40|4H|W|10|CQ
6|7|140|295|25|316|4H|W|10|SQ
6|7|29|39|113|246|4H|W|10|CJ
6|7|115|233|284|79|4H|W|10|DQ
6|7|185|219|289|279|4H|W|10|SQ
6|7|134|97|49|116|2H|E|10|C4
6|7|14|244|62|59|4H|W|10|SQ
6|7|161|141|303|182|4H|W|10|DQ
6|7|125|183|173|143|4H|W|10|SQ
6|7|91|77|203|255|4H|W|10|SQ
6|8|263|201|318|40|1N|E|7|S2
6|8|140|295|25|316|1N|E|7|S2
6|8|29|39|113|246|1N|E|7|HQ
6|8|115|233|284|79|1N|W|7|HJ
6|8|185|219|289|279|2H|N|8|D2
6|8|134|97|49|116|1N|E|8|S2
6|8|14|244|62|59|1N|E|5|HK
6|8|161|141|303|182|1N|E|5|CQ
6|8|125|183|173|143|1N|E|6|CQ
6|8|91|77|203|255|1N|W|6|HJ
6|9|263|201|318|40|3N|W|10|S5
6|9|140|295|25|316|5D|E|10|CA
6|9|29|39|113|246|3N|W|11|HA
6|9|115|233|284|79|3N|W|10|HA
6|9|185|219|289|279|5D|E|10|CA
6|9|134|97|49|116|6N|W|9|S5
6|9|14|244|62|59|3N|W|10|S5
6|9|161|141|303|182|5D|E|11|CA
6|9|125|183|173|143|4SX|S|9|D4
6|9|91|77|203|255|3N|W|10|SJ
7|1|201|32|40|205|4S|E|11|C3
7|1|29|260|113|307|4S|E|12|HJ
7|1|115|219|284|321|4S|E|12|HQ
7|1|134|272|49|56|4S|E|12|D4
7|1|295|141|316|182|4S|E|12|C2
7|1|14|220|99|10|4S|E|12|C3
7|1|244|153|59|35|4S|W|12|C3
7|1|125|214|173|253|5S|E|12|HQ
7|1|259|97|138|116|4S|E|12|HQ
7|1|47|91|197|203|4S|E|10|C3
7|10|201|32|40|205|4S|S|10|H6
7|10|29|260|113|307|4S|S|10|H6
7|10|115|219|284|321|4S|S|10|H6
7|10|134|272|49|56|4S|S|10|H6
7|10|295|141|316|182|4S|S|10|H6
7|10|14|220|99|10|3N|N|4|DQ
7|10|244|153|59|35|4S|S|10|H6
7|10|125|214|173|253|4S|S|10|H6
7|10|259|97|138|116|4S|S|10|H6
7|10|47|91|197|203|3N|N|4|DQ
7|11|201|32|40|205|3S|S|8|D5
7|11|29|260|113|307|4H|W|9|CQ
7|11|115|219|284|321|4H|E|12|D9
7|11|134|272|49|56|3S|N|9|HA
7|11|295|141|316|182|4H|E|10|D9
7|11|14|220|99|10|4H|W|9|CK
7|11|244|153|59|35|4H|E|8|C8
7|11|125|214|173|253|4H|W|9|CK
7|11|259|97|138|116|3H|E|9|S3
7|11|47|91|197|203|3H|E|10|S2
7|12|201|32|40|205|3N|E|11|H8
7|12|29|260|113|307|4H|W|10|SJ
7|12|115|219|284|321|3N|E|9|S8
7|12|134|272|49|56|3N|W|11|S6
7|12|295|141|316|182|3N|W|9|SJ
7|12|14|220|99|10|6C|W|12|CT
7|12|244|153|59|35|3N|W|11|S6
7|12|125|214|173|253|3N|W|11|S6
7|12|47|91|197|203|3N|E|10|S2
7|13|201|32|40|205|3N|S|12|S4
7|13|29|260|113|307|3N|N|12|S9
7|13|115|219|284|321|3N|S|11|S9
7|13|134|272|49|56|3N|S|10|D6
7|13|295|141|316|182|3N|N|12|SA
7|13|14|220|99|10|3N|S|11|S9
7|13|244|153|59|35|3N|S|11|S9
7|13|125|214|173|253|3N|S|11|D6
7|13|259|97|138|116|4H|N|10|SK
7|13|47|91|197|203|3N|S|11|S9
7|14|201|32|40|205|4S|N|9|DA
7|14|29|260|113|307|3H|S|6|SJ
7|14|115|219|284|321|3S|N|9|S7
7|14|134|272|49|56|3S|N|10|CA
7|14|295|141|316|182|4S|N|9|S7
7|14|14|220|99|10|3C|W|8|SK
7|14|244|153|59|35|4S|S|10|SJ
7|14|125|214|173|253|4H|N|6|SJ
7|14|259|97|138|116|3C|E|9|HA
7|14|47|91|197|203|2H|S|7|SJ
7|15|201|32|40|205|P||0|
7|15|29|260|113|307|P||0|
7|15|115|219|284|321|1N|S|9|H4
7|15|134|272|49|56|1N|N|8|D3
7|15|295|141|316|182|P||0|
7|15|14|220|99|10|P||0|
7|15|244|153|59|35|P||0|
7|15|125|214|173|253|P||0|
7|15|259|97|138|116|P||0|
7|15|47|91|197|203|P||0|
7|16|201|32|40|205|3C|S|10|HK
7|16|29|260|113|307|3N|S|8|HK
7|16|115|219|284|321|3H|W|9|CK
7|16|134|272|49|56|2H|W|9|CK
7|16|295|141|316|182|4H|W|10|CQ
7|16|14|220|99|10|4C|N|9|H8
7|16|244|153|59|35|4CX|S|9|HK
7|16|125|214|173|253|3S|E|9|C6
7|16|259|97|138|116|3C|S|9|HK
7|16|47|91|197|203|2N|S|8|HK
7|17|140|29|25|113|4S|N|9|H9
7|17|32|260|205|307|2S|N|9|H8
7|17|39|219|246|321|4S|N|9|H8
7|17|134|115|49|284|4S|N|9|D7
7|17|295|147|316|62|4S|N|9|H2
7|17|14|220|99|10|3S|N|9|D9
7|17|161|153|303|35|2S|N|9|D7
7|17|125|214|173|253|4S|N|9|D7
7|17|259|97|138|116|4S|N|9|D7
7|17|185|91|289|203|2S|N|9|D5
7|18|140|29|25|113|4S|S|9|D4
7|18|32|260|205|307|3N|N|9|DQ
7|18|39|219|246|321|4S|S|9|D4
7|18|134|115|49|284|3N|N|9|DQ
7|18|295|147|316|62|3N|N|9|DQ
7|18|14|220|99|10|3N|N|8|DQ
7|18|161|153|303|35|4S|N|10|HA
7|18|125|214|173|253|4S|S|9|D4
7|18|259|97|138|116|4S|S|9|D4
7|18|185|91|289|203|3N|N|10|DQ
7|19|140|29|25|113|7H|S|13|H4
7|19|32|260|205|307|7N|N|13|H8
7|19|39|219|246|321|7N|S|13|ST
7|19|134|115|49|284|6N|N|13|DJ
7|19|295|147|316|62|6H|S|13|H2
7|19|14|220|99|10|6N|N|13|DJ
7|19|161|153|303|35|7H|S|13|H2
7|19|125|214|173|253|7H|S|13|H4
7|19|259|97|138|116|7N|S|13|ST
7|19|185|91|289|203|7H|S|13|H5
7|2|201|32|40|205|3N|S|8|CK
7|2|29|260|113|307|3CX|W|8|D7
7|2|115|219|284|321|3N|S|7|CK
7|2|134|272|49|56|2N|N|9|H2
7|2|295|141|316|182|3CX|W|8|HA
7|2|14|220|99|10|3D|S|7|S7
7|2|244|153|59|35|3N|S|8|CK
7|2|125|214|173|253|2N|N|9|H2
7|2|259|97|138|116|2N|N|8|S2
7|2|47|91|197|203|3N|S|7|CK
7|20|140|29|25|113|3N|W|11|S6
7|20|32|260|205|307|3N|W|11|D3
7|20|39|219|246|321|3N|W|11|S6
7|20|134|115|49|284|3N|W|11|D3
7|20|295|147|316|62|3N|W|11|D3
7|20|14|220|99|10|3N|W|11|HT
7|20|161|153|303|35|3N|W|11|HT
7|20|125|214|173|253|3N|W|11|D3
7|20|259|97|138|116|3N|W|11|D3
7|20|185|91|289|203|3N|W|11|S7
7|21|140|29|25|113|4H|N|9|C9
7|21|32|260|205|307|4H|N|10|C9
7|21|39|219|246|321|4H|N|10|C9
7|21|134|115|49|284|4H|N|10|C9
7|21|295|147|316|62|4H|N|10|C9
7|21|14|220|99|10|4H|N|10|C9
7|21|161|153|303|35|3N|S|9|CJ
7|21|125|214|173|253|3N|S|10|CJ
7|21|259|97|138|116|4H|N|9|C9
7|21|185|91|289|203|3N|N|10|C9
7|22|140|29|25|113|4H|W|8|CT
7|22|32|260|205|307|5SX|N|8|HA
7|22|39|219|246|321|5SX|N|7|HA
7|22|134|115|49|284|4H|W|9|CT
7|22|295|147|316|62|5D|N|8|HA
7|22|14|220|99|10|4SX|N|6|HA
7|22|161|153|303|35|3H|W|9|CT
7|22|125|214|173|253|5DX|N|7|HA
7|22|259|97|138|116|4SX|N|8|HA
7|22|185|91|289|203|5D|N|9|HA
7|23|140|29|25|113|4S|S|13|CT
7|23|32|260|205|307|4S|S|12|CT
7|23|39|219|246|321|4S|S|12|CT
7|23|134|115|49|284|4S|S|13|CT
7|23|295|147|316|62|5S|S|12|CT
7|23|14|220|99|10|4S|S|13|CT
7|23|161|153|303|35|4S|S|11|H7
7|23|125|214|173|253|5S|S|13|D4
7|23|259|97|138|116|5S|S|12|CT
7|23|185|91|289|203|4S|S|11|H8
7|24|140|29|25|113|6D|W|12|H5
7|24|32|260|205|307|6N|E|12|HJ
7|24|39|219|246|321|6N|W|12|D4
7|24|134|115|49|284|6N|W|12|H4
7|24|295|147|316|62|6N|W|12|D4
7|24|14|220|99|10|3N|W|12|H4
7|24|161|153|303|35|3N|W|12|D4
7|24|125|214|173|253|6N|W|12|H4
7|24|259|97|138|116|3N|W|12|CJ
7|24|185|91|289|203|3N|W|12|H4
7|25|140|29|25|113|3D|E|9|CK
7|25|32|260|205|307|3C|E|8|HA
7|25|39|219|246|321|2H|S|6|SK
7|25|134|115|49|284|3D|E|9|CK
7|25|295|147|316|62|3C|W|7|H2
7|25|14|220|99|10|3C|E|8|HA
7|25|161|153|303|35|3D|W|10|H2
7|25|125|214|173|253|3N|E|6|H7
7|25|259|97|138|116|4C|W|8|H2
7|25|185|91|289|203|3C|W|9|H2
7|26|140|29|25|113|2H|W|9|SQ
7|26|32|260|205|307|3S|S|6|C6
7|26|39|219|246|321|3S|S|5|C6
7|26|134|115|49|284|2D|W|9|HA
7|26|295|147|316|62|3D|W|8|HK
7|26|14|220|99|10|3S|S|6|C6
7|26|161|153|303|35|3S|S|7|DA
7|26|125|214|173|253|2H|E|9|CQ
7|26|259|97|138|116|3S|S|6|C6
7|26|185|91|289|203|3S|S|5|DA
7|27|140|29|25|113|3C|E|9|H7
7|27|32|260|205|307|3C|E|9|H2
7|27|39|219|246|321|2S|W|8|H4
7|27|134|115|49|284|3S|W|8|DQ
7|27|295|147|316|62|2S|W|8|H2
7|27|14|220|99|10|2S|W|8|DQ
7|27|161|153|303|35|2S|W|8|DQ
7|27|125|214|173|253|P||0|
7|27|259|97|138|116|3H|S|7|C8
7|27|185|91|289|203|3C|E|9|H7
7|28|140|29|25|113|2S|N|9|H9
7|28|32|260|205|307|2S|N|8|DA
7|28|39|219|246|321|3S|N|8|DA
7|28|134|115|49|284|2S|N|8|HJ
7|28|295|147|316|62|2S|N|8|H2
7|28|14|220|99|10|4SX|N|8|DA
7|28|161|153|303|35|2S|N|9|SK
7|28|125|214|173|253|2S|N|8|H9
7|28|259|97|138|116|2S|N|8|SK
7|28|185|91|289|203|2S|N|8|H5
7|29|140|29|25|113|2S|N|10|S2
7|29|32|260|205|307|3H|E|6|DQ
7|29|39|219|246|321|4H|W|5|DA
7|29|134|115|49|284|2N|E|7|C2
7|29|295|147|316|62|2S|S|8|C4
7|29|14|220|99|10|2S|S|9|C5
7|29|161|153|303|35|2S|S|8|C4
7|29|125|214|173|253|2N|W|6|D4
7|29|259|97|138|116|2S|S|9|C4
7|29|185|91|289|203|2S|S|9|H7
7|3|201|32|40|205|4S|W|11|HJ
7|3|29|260|113|307|4S|W|11|HT
7|3|115|219|284|321|4S|W|11|HJ
7|3|134|272|49|56|4S|W|11|HJ
7|3|295|141|316|182|4S|W|11|HT
7|3|14|220|99|10|6S|W|11|HJ
7|3|244|153|59|35|4S|W|11|HJ
7|3|125|214|173|253|4S|W|11|HJ
7|3|259|97|138|116|4S|W|11|HJ
7|3|47|91|197|203|4S|W|11|HJ
7|30|140|29|25|113|5HX|E|11|DQ
7|30|32|260|205|307|5HX|E|11|DQ
7|30|39|219|246|321|5HX|E|10|SA
7|30|134|115|49|284|6H|E|10|SA
7|30|295|147|316|62|5HX|E|11|DJ
7|30|14|220|99|10|4S|S|8|DA
7|30|161|153|303|35|4HX|E|11|DQ
7|30|125|214|173|253|5H|E|11|DQ
7|30|259|97|138|116|4H|E|11|DQ
7|30|185|91|289|203|3S|S|8|H5
7|31|140|29|25|113|4S|W|8|S6
7|31|32|260|205|307|4S|W|10|CK
7|31|39|219|246|321|3S|W|9|S6
7|31|134|115|49|284|2S|W|10|CK
7|31|295|147|316|62|4S|W|10|D6
7|31|14|220|99|10|3S|W|10|D2
7|31|161|153|303|35|4S|W|10|CQ
7|31|125|214|173|253|4S|W|9|D6
7|31|259|97|138|116|4S|W|10|CK
7|31|185|91|289|203|4S|W|10|CK
7|32|140|29|25|113|3N|N|9|H9
7|32|32|260|205|307|3N|N|9|HT
7|32|39|219|246|321|3D|N|9|S2
7|32|134|115|49|284|3N|S|8|ST
7|32|295|147|316|62|3N|S|8|ST
7|32|14|220|99|10|3N|S|11|ST
7|32|161|153|303|35|3N|S|8|S9
7|32|125|214|173|253|3N|N|9|H8
7|32|259|97|138|116|3N|S|8|ST
7|32|185|91|289|203|3S|W|9|DA
7|4|201|32|40|205|3N|N|10|H8
7|4|29|260|113|307|3N|N|9|H8
7|4|115|219|284|321|3N|N|9|H8
7|4|134|272|49|56|5C|S|10|HJ
7|4|295|141|316|182|3N|N|8|ST
7|4|14|220|99|10|3N|N|9|H7
7|4|244|153|59|35|3N|N|9|H8
7|4|125|214|173|253|3C|N|11|CT
7|4|259|97|138|116|5C|S|11|C2
7|4|47|91|197|203|3N|N|9|H4
7|5|201|32|40|205|4H|S|9|CA
7|5|29|260|113|307|4HX|S|9|CA
7|5|115|219|284|321|5DX|E|9|CT
7|5|134|272|49|56|5H|S|9|CA
7|5|295|141|316|182|4HX|S|8|CA
7|5|14|220|99|10|4H|S|9|CQ
7|5|244|153|59|35|3H|S|8|CK
7|5|125|214|173|253|3D|E|8|HK
7|5|259|97|138|116|4DX|E|7|HK
7|5|47|91|197|203|4H|S|9|CA
7|6|201|32|40|205|3N|S|8|CK
7|6|29|260|113|307|4S|N|6|CA
7|6|115|219|284|321|3N|S|8|CK
7|6|134|272|49|56|2H|S|9|CK
7|6|295|141|316|182|1N|S|10|CK
7|6|14|220|99|10|2N|S|8|CK
7|6|244|153|59|35|3CX|W|8|C4
7|6|125|214|173|253|2N|N|8|C5
7|6|259|97|138|116|2D|S|10|CK
7|6|47|91|197|203|1N|S|8|CK
7|7|201|32|40|205|3N|E|11|D9
7|7|29|260|113|307|3N|E|11|D7
7|7|115|219|284|321|3N|E|10|D7
7|7|134|272|49|56|3N|E|11|D7
7|7|295|141|316|182|3N|E|11|D4
7|7|14|220|99|10|3N|E|11|D7
7|7|244|153|59|35|3N|E|10|D7
7|7|125|214|173|253|3N|E|10|D7
7|7|259|97|138|116|3N|E|10|D7
7|7|47|91|197|203|3N|E|9|H5
7|8|201|32|40|205|3S|N|9|H8
7|8|29|260|113|307|5D|E|11|S7
7|8|115|219|284|321|4D|E|11|D6
7|8|134|272|49|56|4D|E|11|CT
7|8|295|141|316|182|5D|E|11|S7
7|8|14|220|99|10|3D|E|11|S4
7|8|244|153|59|35|5D|E|11|S4
7|8|125|214|173|253|3S|N|8|CK
7|8|259|97|138|116|5D|E|11|S4
7|8|47|91|197|203|4S|N|8|CA
7|9|201|32|40|205|4S|S|11|HK
7|9|29|260|113|307|4S|S|10|C9
7|9|115|219|284|321|4S|S|11|HK
7|9|134|272|49|56|5SX|S|11|HK
7|9|295|141|316|182|4S|S|11|HK
7|9|14|220|99|10|5SX|S|10|C9
7|9|244|153|59|35|5H|W|11|CQ
7|9|125|214|173|253|4SX|S|10|C9
7|9|259|97|138|116|4SX|S|11|HK
7|9|47|91|197|203|5SX|S|11|HK
8|1|134|140|49|25|3H|W|8|C4
8|1|201|219|40|321|4S|N|8|H2
8|1|47|272|197|56|3H|W|8|DT
8|1|39|185|246|289|3H|W|9|C6
8|1|14|169|99|266|4C|S|11|H5
8|1|32|141|205|182|4C|N|10|H6
8|1|125|318|173|220|5C|S|10|H4
8|1|295|153|316|35|3H|W|8|C6
8|1|91|244|203|59|3S|N|8|C8
8|1|161|183|303|143|3H|W|9|C4
8|10|134|140|49|25|2H|W|9|DK
8|10|201|219|40|321|3S|S|6|D8
8|10|47|272|197|56|3S|S|8|D8
8|10|39|185|246|289|4H|E|8|S3
8|10|14|169|99|266|3H|W|9|C9
8|10|32|141|205|182|3S|S|10|C2
8|10|125|318|173|220|2S|S|7|D8
8|10|295|153|316|35|2S|S|7|D8
8|10|91|244|203|59|1N|N|8|H8
8|10|161|183|303|143|2H|E|7|S3
8|11|134|140|49|25|3C|W|7|ST
8|11|201|219|40|321|2S|S|8|S8
8|11|47|272|197|56|1N|N|6|D5
8|11|39|185|246|289|1N|N|7|H2
8|11|14|169|99|266|1N|E|6|S3
8|11|32|141|205|182|2S|S|9|DJ
8|11|125|318|173|220|2S|S|8|DJ
8|11|295|153|316|35|2S|S|9|DJ
8|11|91|244|203|59|2S|S|9|S4
8|11|161|183|303|143|1S|S|9|DJ
8|12|134|140|49|25|4S|W|10|H5
8|12|201|219|40|321|5HX|S|7|SK
8|12|47|272|197|56|4HX|S|7|SK
8|12|39|185|246|289|4S|W|9|H5
8|12|14|169|99|266|4HX|S|8|SK
8|12|32|141|205|182|4HX|S|7|SK
8|12|125|318|173|220|4S|W|11|H5
8|12|295|153|316|35|4S|W|10|H5
8|12|91|244|203|59|4HX|S|7|SK
8|12|161|183|303|143|4H|S|7|SK
8|13|134|140|49|25|2H|E|8|SA
8|13|201|219|40|321|2H|E|8|SK
8|13|47|272|197|56|2C|S|8|HA
8|13|39|185|246|289|2H|E|9|SA
8|13|14|169|99|266|2H|E|9|SA
8|13|32|141|205|182|2S|S|7|HA
8|13|125|318|173|220|2H|E|8|SK
8|13|295|153|316|35|2H|W|8|CQ
8|13|91|244|203|59|2S|N|7|DA
8|13|161|183|303|143|2H|E|8|SK
8|14|134|140|49|25|2D|W|7|CA
8|14|201|219|40|321|3N|E|7|S6
8|14|47|272|197|56|2H|E|8|SA
8|14|39|185|246|289|2N|E|6|H4
8|14|14|169|99|266|3N|W|7|S6
8|14|32|141|205|182|3H|E|8|SA
8|14|125|318|173|220|3N|E|6|C9
8|14|295|153|316|35|3D|W|9|S6
8|14|91|244|203|59|3D|W|8|S5
8|14|161|183|303|143|2H|E|8|SA
8|15|134|140|49|25|6H|W|12|CA
8|15|201|219|40|321|6H|W|12|SJ
8|15|47|272|197|56|4H|W|12|SJ
8|15|39|185|246|289|7H|E|12|CA
8|15|14|169|99|266|6H|E|12|C5
8|15|32|141|205|182|6H|W|12|DT
8|15|125|318|173|220|4H|W|12|SJ
8|15|295|153|316|35|6H|W|12|CA
8|15|91|244|203|59|6H|E|12|DQ
8|15|161|183|303|143|4H|W|12|SJ
8|16|134|140|49|25|5C|W|9|SK
8|16|201|219|40|321|4S|N|11|DQ
8|16|47|272|197|56|5SX|S|12|DA
8|16|39|185|246|289|4S|N|10|DQ
8|16|14|169|99|266|2D|E|9|CT
8|16|32|141|205|182|4S|N|10|DQ
8|16|125|318|173|220|5CX|E|9|HJ
8|16|295|153|316|35|1S|S|11|CA
8|16|91|244|203|59|2S|S|12|DA
8|16|161|183|303|143|1N|W|3|SK
8|17|219|260|321|307|1N|W|7|C8
8|17|201|134|40|49|2D|E|7|D4
8|17|47|39|197|246|1N|W|7|HK
8|17|115|185|284|289|1N|W|5|HK
8|17|147|169|62|266|1N|W|8|HK
8|17|32|141|205|182|1N|S|7|CK
8|17|125|220|173|10|1N|W|7|HK
8|17|295|153|316|35|1N|W|8|C8
8|17|259|214|138|253|1N|W|7|HK
8|17|161|183|303|143|1N|W|8|C8
8|18|219|260|321|307|3N|W|9|SA
8|18|201|134|40|49|3N|E|7|S8
8|18|47|39|197|246|3N|E|8|CA
8|18|115|185|284|289|3N|W|7|H8
8|18|147|169|62|266|3N|E|7|CA
8|18|32|141|205|182|3N|W|8|C7
8|18|125|220|173|10|3N|E|7|CK
8|18|295|153|316|35|3N|W|8|H8
8|18|259|214|138|253|3N|W|8|C5
8|18|161|183|303|143|3N|E|7|CA
8|19|219|260|321|307|3D|S|9|DA
8|19|201|134|40|49|3D|S|8|CA
8|19|47|39|197|246|3D|S|7|S7
8|19|115|185|284|289|5HX|E|8|DQ
8|19|147|169|62|266|3D|S|8|S8
8|19|32|141|205|182|3D|S|8|S3
8|19|125|220|173|10|3D|S|9|DA
8|19|295|153|316|35|3D|S|8|S7
8|19|259|214|138|253|3D|S|8|S7
8|19|161|183|303|143|3D|S|8|S5
8|2|134|140|49|25|3S|S|8|S2
8|2|201|219|40|321|3D|E|10|CJ
8|2|47|272|197|56|1N|W|9|CK
8|2|39|185|246|289|5DX|E|10|SA
8|2|14|169|99|266|1N|W|9|CK
8|2|32|141|205|182|5DX|E|10|CJ
8|2|125|318|173|220|2S|N|10|DA
8|2|295|153|316|35|2D|E|10|CJ
8|2|91|244|203|59|5D|E|10|CJ
8|2|161|183|303|143|3S|S|8|DQ
8|20|219|260|321|307|3S|W|9|H7
8|20|201|134|40|49|4S|W|9|C5
8|20|47|39|197|246|3S|W|9|C4
8|20|115|185|284|289|3N|E|6|D4
8|20|147|169|62|266|4S|W|7|C3
8|20|32|141|205|182|4S|W|7|C4
8|20|125|220|173|10|4S|W|9|H7
8|20|295|153|316|35|4S|W|7|C5
8|20|259|214|138|253|4S|W|7|C3
8|20|161|183|303|143|2S|W|7|C3
8|21|219|260|321|307|2H|E|10|C6
8|21|201|134|40|49|2H|E|10|C6
8|21|47|39|197|246|2H|E|9|C2
8|21|115|185|284|289|2H|E|9|H6
8|21|147|169|62|266|4H|E|9|C2
8|21|32|141|205|182|2H|W|9|H3
8|21|125|220|173|10|1N|W|6|D5
8|21|295|153|316|35|2H|E|9|D6
8|21|259|214|138|253|3H|E|9|S5
8|21|161|183|303|143|4H|E|9|C2
8|22|219|260|321|307|3H|N|8|D7
8|22|201|134|40|49|4H|S|8|C2
8|22|47|39|197|246|2H|N|8|D7
8|22|115|185|284|289|3S|W|8|CQ
8|22|147|169|62|266|2H|N|8|D4
8|22|32|141|205|182|3H|N|8|D4
8|22|125|220|173|10|3S|E|9|CQ
8|22|295|153|316|35|3D|E|10|CJ
8|22|259|214|138|253|4H|S|9|DA
8|22|161|183|303|143|3H|S|8|C2
8|23|219|260|321|307|1N|W|6|HJ
8|23|201|134|40|49|1N|W|7|H3
8|23|47|39|197|246|1N|W|5|CK
8|23|115|185|284|289|1N|W|6|H3
8|23|147|169|62|266|1N|N|8|C6
8|23|32|141|205|182|1N|W|7|H3
8|23|125|220|173|10|1N|W|6|H3
8|23|295|153|316|35|1N|W|5|H3
8|23|259|214|138|253|1N|W|6|H3
8|23|161|183|303|143|1N|W|6|H3
8|24|219|260|321|307|4S|N|10|H4
8|24|201|134|40|49|3S|S|10|D8
8|24|47|39|197|246|3H|W|7|CA
8|24|115|185|284|289|4H|W|7|D2
8|24|147|169|62|266|4H|E|7|CA
8|24|32|141|205|182|4S|N|10|H5
8|24|125|220|173|10|3H|W|9|D3
8|24|295|153|316|35|3H|W|7|CA
8|24|259|214|138|253|4H|W|8|D3
8|24|161|183|303|143|3H|W|9|CA
8|25|219|260|321|307|2H|W|9|DA
8|25|201|134|40|49|2H|W|9|DK
8|25|47|39|197|246|3H|W|9|SJ
8|25|115|185|284|289|1H|W|9|DA
8|25|147|169|62|266|2H|W|9|DA
8|25|32|141|205|182|3H|W|10|DK
8|25|125|220|173|10|2H|W|9|DA
8|25|295|153|316|35|2H|W|9|DK
8|25|259|214|138|253|2H|W|10|DK
8|25|161|183|303|143|2H|W|9|DA
8|26|219|260|321|307|3N|N|11|H3
8|26|201|134|40|49|3N|N|11|H3
8|26|47|39|197|246|3N|N|10|D3
8|26|115|185|284|289|3N|N|11|H3
8|26|147|169|62|266|3N|S|11|HA
8|26|32|141|205|182|3N|N|11|D3
8|26|125|220|173|10|3N|S|10|D6
8|26|295|153|316|35|3N|N|10|H3
8|26|259|214|138|253|3N|S|10|D8
8|26|161|183|303|143|3N|S|10|D2
8|27|219|260|321|307|5CX|W|9|HA
8|27|201|134|40|49|4H|N|10|C3
8|27|47|39|197|246|5HX|N|11|C9
8|27|115|185|284|289|4H|S|10|CA
8|27|147|169|62|266|4H|S|10|CA
8|27|32|141|205|182|4H|S|10|CA
8|27|125|220|173|10|4CX|W|8|S9
8|27|295|153|316|35|5CX|W|8|S7
8|27|259|214|138|253|6H|S|9|C9
8|27|161|183|303|143|4H|N|11|C3
8|28|219|260|321|307|6S|N|11|D5
8|28|201|134|40|49|3N|N|10|D5
8|28|47|39|197|246|3N|S|10|C6
8|28|115|185|284|289|3N|S|10|C6
8|28|147|169|62|266|3N|S|9|C6
8|28|32|141|205|182|3N|S|9|DT
8|28|125|220|173|10|3N|S|9|C7
8|28|295|153|316|35|6S|S|11|C5
8|28|259|214|138|253|4S|N|11|C3
8|28|161|183|303|143|3N|S|11|C6
8|29|219|260|321|307|1N|N|7|H4
8|29|201|134|40|49|1N|N|9|H4
8|29|47|39|197|246|1N|N|9|H4
8|29|115|185|284|289|1N|N|9|H4
8|29|147|169|62|266|1N|N|8|H4
8|29|32|141|205|182|1N|N|8|ST
8|29|125|220|173|10|1N|N|9|H5
8|29|295|153|316|35|2S|S|6|DK
8|29|259|214|138|253|1N|N|9|CT
8|29|161|183|303|143|1N|N|9|H2
8|3|134|140|49|25|6S|N|13|D5
8|3|201|219|40|321|4S|N|13|D5
8|3|47|272|197|56|6D|S|12|CK
8|3|39|185|246|289|4H|N|11|C7
8|3|14|169|99|266|4S|N|12|C5
8|3|32|141|205|182|4S|N|13|D5
8|3|125|318|173|220|3H|N|9|D5
8|3|295|153|316|35|4S|S|12|CK
8|3|91|244|203|59|4S|N|13|D5
8|3|161|183|303|143|5S|N|12|C5
8|30|219|260|321|307|5D|S|9|HJ
8|30|201|134|40|49|2S|N|7|DK
8|30|47|39|197|246|2S|N|8|DK
8|30|115|185|284|289|2S|N|10|H4
8|30|147|169|62|266|3H|E|7|S8
8|30|32|141|205|182|2S|N|9|DK
8|30|125|220|173|10|3H|W|7|CK
8|30|295|153|316|35|3D|S|9|HJ
8|30|259|214|138|253|2S|N|8|H5
8|30|161|183|303|143|2S|N|8|DK
8|31|219|260|321|307|5CX|N|11|SA
8|31|201|134|40|49|5C|N|11|S2
8|31|47|39|197|246|5C|S|11|S6
8|31|115|185|284|289|5C|N|11|SA
8|31|147|169|62|266|5C|S|11|H5
8|31|32|141|205|182|5SX|E|10|S5
8|31|125|220|173|10|5C|N|11|SK
8|31|295|153|316|35|5C|S|11|S6
8|31|259|214|138|253|3N|S|8|S6
8|31|161|183|303|143|5C|S|11|S6
8|32|219|260|321|307|2S|E|8|D4
8|32|201|134|40|49|3D|N|7|SJ
8|32|47|39|197|246|3S|E|9|D3
8|32|115|185|284|289|3C|N|6|H4
8|32|147|169|62|266|2S|E|9|D3
8|32|32|141|205|182|2S|E|8|D4
8|32|125|220|173|10|2S|E|8|D4
8|32|295|153|316|35|3S|E|9|D4
8|32|259|214|138|253|3S|E|9|C2
8|32|161|183|303|143|3S|E|9|D3
8|4|134|140|49|25|3C|E|7|SA
8|4|201|219|40|321|3C|W|7|S8
8|4|47|272|197|56|3C|W|7|S8
8|4|39|185|246|289|2S|S|9|HK
8|4|14|169|99|266|2S|S|9|S2
8|4|32|141|205|182|2S|S|9|HK
8|4|125|318|173|220|3C|W|6|S8
8|4|295|153|316|35|3C|W|8|S3
8|4|91|244|203|59|3S|S|8|C4
8|4|161|183|303|143|2S|S|7|HK
8|5|134|140|49|25|1N|W|8|H9
8|5|201|219|40|321|1N|E|9|H4
8|5|47|272|197|56|1N|E|7|H4
8|5|39|185|246|289|1N|E|8|H4
8|5|14|169|99|266|2N|W|8|S4
8|5|32|141|205|182|1N|E|8|H4
8|5|125|318|173|220|1N|E|8|H4
8|5|295|153|316|35|1N|E|8|H2
8|5|91|244|203|59|1N|W|7|H4
8|5|161|183|303|143|1N|E|8|H4
8|6|134|140|49|25|4H|S|10|H3
8|6|201|219|40|321|4H|N|10|D5
8|6|47|272|197|56|4H|N|9|S2
8|6|39|185|246|289|4H|N|10|S6
8|6|14|169|99|266|4H|N|11|DT
8|6|32|141|205|182|6H|N|9|HJ
8|6|125|318|173|220|4H|N|9|HJ
8|6|295|153|316|35|4H|N|9|HJ
8|6|91|244|203|59|4H|S|10|DT
8|6|161|183|303|143|4H|N|11|DT
8|7|134|140|49|25|3N|N|11|D2
8|7|201|219|40|321|3N|N|10|D2
8|7|47|272|197|56|3N|N|10|S3
8|7|39|185|246|289|3N|N|10|D2
8|7|14|169|99|266|3N|N|9|D2
8|7|32|141|205|182|3N|N|9|D5
8|7|125|318|173|220|3N|N|10|D2
8|7|295|153|316|35|3N|N|10|D2
8|7|91|244|203|59|3N|N|10|D2
8|7|161|183|303|143|3N|N|9|D2
8|8|134|140|49|25|3N|N|8|S7
8|8|201|219|40|321|4S|E|4|CK
8|8|47|272|197|56|3N|N|10|S3
8|8|39|185|246|289|3N|N|9|S9
8|8|14|169|99|266|3N|N|10|S9
8|8|32|141|205|182|3N|N|9|S9
8|8|125|318|173|220|3N|N|7|S3
8|8|295|153|316|35|3N|S|10|S4
8|8|91|244|203|59|3N|N|8|S3
8|8|161|183|303|143|4H|S|10|H3
8|9|134|140|49|25|5D|W|11|SA
8|9|201|219|40|321|3D|E|11|SA
8|9|47|272|197|56|3N|W|8|SJ
8|9|39|185|246|289|3N|W|9|C2
8|9|14|169|99|266|4H|E|9|C6
8|9|32|141|205|182|5D|E|11|SA
8|9|125|318|173|220|5D|W|11|C2
8|9|295|153|316|35|5D|W|11|ST
8|9|91|244|203|59|3N|W|9|SJ
8|9|161|183|303|143|5S|N|7|DT
9|1|140|272|25|56|3N|S|9|H4
9|1|39|260|246|307|3N|S|7|H4
9|1|134|141|49|182|3N|S|9|H4
9|1|147|219|62|321|3D|N|11|H9
9|1|169|153|266|35|3N|N|9|C7
9|1|125|32|173|205|3N|S|10|H4
9|1|263|183|318|143|4S|S|11|C5
9|1|91|220|203|10|4S|S|11|C5
9|1|161|97|303|116|5D|S|11|C5
9|1|47|244|197|59|3N|S|9|DJ
9|10|140|272|25|56|4S|N|10|CA
9|10|39|260|246|307|4S|N|10|D4
9|10|134|141|49|182|3N|N|10|S6
9|10|147|219|62|321|4S|N|10|S6
9|10|169|153|266|35|4S|N|11|S6
9|10|125|32|173|205|4S|N|10|S5
9|10|263|183|318|143|4S|N|11|S6
9|10|91|220|203|10|4S|N|11|S5
9|10|161|97|303|116|4S|N|11|D4
9|10|47|244|197|59|4S|N|11|S5
9|11|140|272|25|56|3N|S|7|ST
9|11|39|260|246|307|3N|S|7|ST
9|11|134|141|49|182|3N|S|8|H6
9|11|147|219|62|321|3N|S|7|ST
9|11|169|153|266|35|3N|S|8|ST
9|11|125|32|173|205|3N|S|8|ST
9|11|263|183|318|143|4H|S|8|ST
9|11|91|220|203|10|3N|S|8|S9
9|11|161|97|303|116|3N|S|7|ST
9|11|47|244|197|59|3N|S|9|C4
9|12|140|272|25|56|4C|S|9|DA
9|12|39|260|246|307|5CX|N|9|DQ
9|12|134|141|49|182|4C|S|9|DA
9|12|147|219|62|321|4H|W|8|CA
9|12|169|153|266|35|1S|W|6|D9
9|12|125|32|173|205|3SX|W|7|CA
9|12|263|183|318|143|4C|S|9|DA
9|12|91|220|203|10|5CX|S|9|DK
9|12|161|97|303|116|5SX|W|4|HJ
9|12|47|244|197|59|3CX|S|9|DA
9|13|140|272|25|56|6H|S|11|CA
9|13|39|260|246|307|3N|N|12|D4
9|13|134|141|49|182|3N|N|11|C8
9|13|147|219|62|321|3N|N|11|C4
9|13|169|153|266|35|6D|N|11|CK
9|13|125|32|173|205|4N|N|12|H5
9|13|263|183|318|143|6SX|N|8|C4
9|13|91|220|203|10|3CX|W|7|SA
9|13|161|97|303|116|5D|S|11|CK
9|13|47|244|197|59|5D|N|11|C2
9|14|140|272|25|56|2DX|N|7|D3
9|14|39|260|246|307|3C|W|9|S4
9|14|134|141|49|182|3C|W|10|DA
9|14|147|219|62|321|3N|W|10|D4
9|14|169|153|266|35|3N|W|9|S7
9|14|125|32|173|205|2C|W|10|HK
9|14|263|183|318|143|2D|N|7|C3
9|14|91|220|203|10|3N|W|8|DQ
9|14|161|97|303|116|3N|W|9|S5
9|14|47|244|197|59|3D|N|5|C3
9|15|140|272|25|56|4SX|E|10|CA
9|15|39|260|246|307|4S|E|9|CA
9|15|134|141|49|182|4S|E|10|CK
9|15|147|219|62|321|4S|W|10|H6
9|15|169|153|266|35|4S|E|9|CA
9|15|125|32|173|205|4S|E|9|CA
9|15|263|183|318|143|4S|E|9|CK
9|15|91|220|203|10|4S|E|9|CK
9|15|161|97|303|116|4S|E|10|CA
9|15|47|244|197|59|4S|E|10|CA
9|16|140|272|25|56|4H|S|9|DK
9|16|39|260|246|307|3N|S|8|DK
9|16|134|141|49|182|2H|S|8|DK
9|16|147|219|62|321|3N|S|8|DK
9|16|169|153|266|35|3N|S|8|DK
9|16|125|32|173|205|4H|S|9|DK
9|16|263|183|318|143|3N|S|7|DK
9|16|91|220|203|10|3N|S|8|DK
9|16|161|97|303|116|2H|S|10|DK
9|16|47|244|197|59|2N|S|9|DK
9|17|260|39|307|246|2H|N|7|CA
9|17|115|201|284|40|2C|E|9|H8
9|17|134|141|49|182|3H|N|7|CQ
9|17|147|219|62|321|3H|S|7|D8
9|17|169|153|266|35|1N|N|6|CK
9|17|125|32|173|205|3D|E|8|H7
9|17|263|259|318|138|2H|N|8|CK
9|17|91|220|203|10|1NX|N|6|CK
9|17|244|97|59|116|2C|E|9|H8
9|17|185|214|289|253|2H|S|7|S7
9|18|260|39|307|246|3C|W|11|H6
9|18|115|201|284|40|2N|W|12|H6
9|18|134|141|49|182|3C|W|11|H9
9|18|147|219|62|321|2C|W|11|DQ
9|18|169|153|266|35|2HX|N|5|HJ
9|18|125|32|173|205|3N|W|10|H7
9|18|263|259|318|138|3C|W|9|H4
9|18|91|220|203|10|3D|E|10|SK
9|18|244|97|59|116|3N|W|10|H6
9|18|185|214|289|253|2C|W|11|DQ
9|19|260|39|307|246|1N|E|10|D2
9|19|115|201|284|40|1N|S|7|DJ
9|19|134|141|49|182|1N|S|7|D5
9|19|147|219|62|321|2D|E|10|D2
9|19|169|153|266|35|1N|S|5|DT
9|19|125|32|173|205|1N|E|7|C3
9|19|263|259|318|138|1N|S|6|DJ
9|19|91|220|203|10|1N|S|6|D4
9|19|244|97|59|116|2D|W|9|CK
9|19|185|214|289|253|1N|S|6|DJ
9|2|140|272|25|56|1N|E|9|H4
9|2|39|260|246|307|2S|W|9|DA
9|2|134|141|49|182|1N|E|7|H4
9|2|147|219|62|321|1N|E|9|H4
9|2|169|153|266|35|2D|S|8|HT
9|2|125|32|173|205|2H|S|8|CT
9|2|263|183|318|143|1N|E|8|SJ
9|2|91|220|203|10|1N|E|6|SJ
9|2|161|97|303|116|1N|E|9|H4
9|2|47|244|197|59|2H|S|8|CT
9|20|260|39|307|246|4H|E|8|S7
9|20|115|201|284|40|4H|E|9|S7
9|20|134|141|49|182|4H|E|9|S4
9|20|147|219|62|321|4H|E|9|S4
9|20|169|153|266|35|3H|E|8|SQ
9|20|125|32|173|205|2H|W|8|CT
9|20|263|259|318|138|2S|N|8|D7
9|20|91|220|203|10|2S|N|7|D7
9|20|244|97|59|116|4H|E|9|S4
9|20|185|214|289|253|3D|W|6|CT
9|21|260|39|307|246|4S|E|10|D9
9|21|115|201|284|40|4S|E|10|HA
9|21|134|141|49|182|2S|E|9|C5
9|21|147|219|62|321|4S|E|11|HA
9|21|169|153|266|35|4S|E|10|D5
9|21|125|32|173|205|4S|E|9|D5
9|21|263|259|318|138|4S|W|9|HT
9|21|91|220|203|10|3S|E|9|S3
9|21|244|97|59|116|1N|E|8|D9
9|21|185|214|289|253|4S|W|9|HT
9|22|260|39|307|246|2H|W|8|SJ
9|22|115|201|284|40|2S|S|7|C7
9|22|134|141|49|182|1S|S|6|C7
9|22|147|219|62|321|1N|E|7|S3
9|22|169|153|266|35|2S|N|8|HT
9|22|125|32|173|205|2S|S|7|C4
9|22|263|259|318|138|2S|S|6|C7
9|22|91|220|203|10|2S|S|7|C7
9|22|244|97|59|116|2S|S|7|C4
9|22|185|214|289|253|1N|N|6|C6
9|23|260|39|307|246|4S|S|12|HA
9|23|115|201|284|40|4S|S|12|HK
9|23|134|141|49|182|4S|N|12|C7
9|23|147|219|62|321|5DX|W|11|H4
9|23|169|153|266|35|5HX|W|12|D6
9|23|125|32|173|205|5S|S|11|HK
9|23|263|259|318|138|5S|S|11|HA
9|23|91|220|203|10|6DX|E|11|CA
9|23|244|97|59|116|4S|S|11|HK
9|23|185|214|289|253|4S|S|11|HK
9|24|260|39|307|246|2S|N|11|H3
9|24|115|201|284|40|4S|N|11|S3
9|24|134|141|49|182|3S|N|11|H2
9|24|147|219|62|321|4S|N|10|H7
9|24|169|153|266|35|4S|N|10|H7
9|24|125|32|173|205|2D|S|6|S4
9|24|263|259|318|138|1D|S|7|S7
9|24|91|220|203|10|2S|N|9|DK
9|24|244|97|59|116|2S|N|10|H7
9|24|185|214|289|253|4S|S|10|D3
9|25|260|39|307|246|3D|N|9|S3
9|25|115|201|284|40|3D|N|8|HT
9|25|134|141|49|182|3H|W|10|DA
9|25|147|219|62|321|4H|W|10|DA
9|25|169|153|266|35|4H|W|8|C2
9|25|125|32|173|205|4H|W|9|DA
9|25|263|259|318|138|4H|W|9|DK
9|25|91|220|203|10|3N|N|7|H4
9|25|244|97|59|116|5DX|N|9|HT
9|25|185|214|289|253|3D|N|9|S3
9|26|260|39|307|246|2C|S|7|SK
9|26|115|201|284|40|1D|S|4|C8
9|26|134|141|49|182|1H|S|8|SK
9|26|147|219|62|321|2CX|S|5|C8
9|26|169|153|266|35|1NX|S|5|DQ
9|26|125|32|173|205|2D|E|8|CK
9|26|263|259|318|138|2S|S|6|C6
9|26|91|220|203|10|2CX|S|6|C8
9|26|244|97|59|116|1N|E|7|CK
9|26|185|214|289|253|1N|E|8|CA
9|27|260|39|307|246|6C|S|12|HJ
9|27|115|201|284|40|3N|S|11|ST
9|27|134|141|49|182|4N|S|11|HJ
9|27|147|219|62|321|3N|S|11|HJ
9|27|169|153|266|35|6C|S|12|HJ
9|27|125|32|173|205|3N|S|11|HJ
9|27|263|259|318|138|3N|S|11|HJ
9|27|91|220|203|10|3N|S|11|HJ
9|27|244|97|59|116|3N|S|11|HJ
9|27|185|214|289|253|6C|S|12|HJ
9|28|260|39|307|246|1N|W|7|S5
9|28|115|201|284|40|1N|W|6|S5
9|28|134|141|49|182|1N|W|7|S5
9|28|147|219|62|321|3N|W|7|S5
9|28|169|153|266|35|3D|W|8|S5
9|28|125|32|173|205|3C|W|7|S5
9|28|263|259|318|138|2N|W|6|S5
9|28|91|220|203|10|2H|N|7|CK
9|28|244|97|59|116|1N|W|6|S5
9|28|185|214|289|253|1N|W|7|S5
9|29|260|39|307|246|3N|N|9|S3
9|29|115|201|284|40|3N|N|9|S7
9|29|134|141|49|182|2S|W|8|DA
9|29|147|219|62|321|3N|N|9|S7
9|29|169|153|266|35|3N|N|9|S7
9|29|125|32|173|205|3N|N|9|S3
9|29|263|259|318|138|3D|N|10|S7
9|29|91|220|203|10|3D|N|10|S7
9|29|244|97|59|116|2SX|W|7|DK
9|29|185|214|289|253|2N|N|9|S3
9|3|140|272|25|56|3N|S|12|SQ
9|3|39|260|246|307|4H|S|12|SQ
9|3|134|141|49|182|4H|S|13|SQ
9|3|147|219|62|321|4H|N|12|SQ
9|3|169|153|266|35|6H|S|12|SQ
9|3|125|32|173|205|4H|S|13|SQ
9|3|263|183|318|143|6H|S|12|SQ
9|3|91|220|203|10|6H|S|13|SQ
9|3|161|97|303|116|6H|S|12|SQ
9|3|47|244|197|59|6N|S|12|SQ
9|30|260|39|307|246|3N|S|11|S4
9|30|115|201|284|40|3N|N|9|SJ
9|30|134|141|49|182|3N|S|11|S4
9|30|147|219|62|321|3N|S|12|S4
9|30|169|153|266|35|3N|S|9|C6
9|30|125|32|173|205|4H|N|8|SJ
9|30|263|259|318|138|3N|S|12|S4
9|30|91|220|203|10|3N|N|9|SJ
9|30|244|97|59|116|3N|S|11|S4
9|30|185|214|289|253|3N|N|10|S4
9|31|260|39|307|246|3S|E|8|HK
9|31|115|201|284|40|3N|N|11|S8
9|31|134|141|49|182|5D|S|11|CA
9|31|147|219|62|321|5D|S|11|CK
9|31|169|153|266|35|3S|W|10|DA
9|31|125|32|173|205|4S|E|11|C6
9|31|263|259|318|138|5D|S|11|CK
9|31|91|220|203|10|5D|S|11|CK
9|31|244|97|59|116|5D|S|11|CK
9|31|185|214|289|253|5D|S|11|CK
9|32|260|39|307|246|5D|N|10|CK
9|32|115|201|284|40|3N|N|9|C5
9|32|134|141|49|182|3N|S|13|S6
9|32|147|219|62|321|3N|S|10|S8
9|32|169|153|266|35|3N|S|11|S6
9|32|125|32|173|205|3N|S|12|S6
9|32|263|259|318|138|3N|S|11|S6
9|32|91|220|203|10|3D|N|10|CK
9|32|244|97|59|116|3N|S|12|S8
9|32|185|214|289|253|3N|S|13|S8
9|4|140|272|25|56|4S|S|11|H3
9|4|39|260|246|307|4S|N|11|D3
9|4|134|141|49|182|4S|S|12|DA
9|4|147|219|62|321|4S|N|10|D4
9|4|169|153|266|35|4S|N|11|CJ
9|4|125|32|173|205|5S|N|11|HK
9|4|263|183|318|143|4S|N|11|CJ
9|4|91|220|203|10|4S|N|11|CJ
9|4|161|97|303|116|4S|N|11|HK
9|4|47|244|197|59|4S|N|11|CJ
9|5|140|272|25|56|4S|N|7|H2
9|5|39|260|246|307|5HX|E|9|SA
9|5|134|141|49|182|5HX|W|9|S3
9|5|147|219|62|321|5HX|W|11|DA
9|5|169|153|266|35|5HX|W|10|S5
9|5|125|32|173|205|4S|N|9|H2
9|5|263|183|318|143|4S|N|9|H2
9|5|91|220|203|10|4HX|W|10|S5
9|5|161|97|303|116|4H|W|10|S3
9|5|47|244|197|59|5D|S|9|HK
9|6|140|272|25|56|4S|E|10|H7
9|6|39|260|246|307|4D|S|10|SA
9|6|134|141|49|182|4D|S|10|SA
9|6|147|219|62|321|6D|S|10|SA
9|6|169|153|266|35|3N|S|6|S4
9|6|125|32|173|205|4S|E|10|H7
9|6|263|183|318|143|4D|S|10|SA
9|6|91|220|203|10|5C|N|8|S3
9|6|161|97|303|116|4D|S|10|SA
9|6|47|244|197|59|3S|E|10|H7
9|7|140|272|25|56|6N|S|10|H2
9|7|39|260|246|307|6N|S|11|HT
9|7|134|141|49|182|4N|S|11|S7
9|7|147|219|62|321|6N|N|10|DQ
9|7|169|153|266|35|4N|S|11|S7
9|7|125|32|173|205|3N|N|10|C7
9|7|263|183|318|143|6N|S|11|S7
9|7|91|220|203|10|6N|S|11|HT
9|7|161|97|303|116|6N|S|10|HT
9|7|47|244|197|59|4N|S|11|S7
9|8|140|272|25|56|4H|N|10|CJ
9|8|39|260|246|307|4H|N|10|CJ
9|8|134|141|49|182|4H|N|10|DJ
9|8|147|219|62|321|3N|N|9|CJ
9|8|169|153|266|35|4SX|E|8|HA
9|8|125|32|173|205|4H|N|10|CJ
9|8|263|183|318|143|4H|N|10|CJ
9|8|91|220|203|10|4H|N|10|CJ
9|8|161|97|303|116|4H|N|10|CJ
9|8|47|244|197|59|4H|N|10|CJ
9|9|140|272|25|56|4H|W|10|ST
9|9|39|260|246|307|3C|E|10|DA
9|9|134|141|49|182|3C|E|9|DA
9|9|147|219|62|321|3S|S|10|HQ
9|9|169|153|266|35|3D|S|8|D3
9|9|125|32|173|205|3D|S|9|HQ
9|9|263|183|318|143|3C|E|10|DA
9|9|91|220|203|10|4H|W|10|ST
9|9|161|97|303|116|3C|E|9|DA
9|9|47|244|197|59|3S|S|8|HQ
