1|1|54|96|75|163|3NX|E|9|SQ
1|1|229|319|288|236|2N|E|7|C8
1|1|133|274|252|90|3N|E|9|HT
1|1|237|146|243|34|3NX|E|8|S4
1|1|309|73|218|170|3N|E|7|C8
1|1|9|136|87|287|3N|E|7|C8
1|1|124|256|172|198|3N|E|9|HT
1|1|271|292|286|293|3D|E|8|C8
1|1|7|33|110|296|1N|E|9|HT
1|1|80|285|234|283|3D|E|8|C8
1|10|54|96|75|163|4H|W|10|SA
1|10|229|319|288|236|3N|E|9|ST
1|10|133|274|252|90|3N|E|8|S9
1|10|237|146|243|34|3N|E|11|D9
1|10|309|73|218|170|3N|E|8|ST
1|10|9|136|87|287|3N|E|8|ST
1|10|124|256|172|198|4SX|S|7|CA
1|10|271|292|286|293|3N|W|8|S7
1|10|7|33|110|296|3N|E|10|D9
1|10|80|285|234|283|3N|E|8|S2
1|11|54|96|75|163|2S|S|9|D4
1|11|229|319|288|236|2S|S|7|HK
1|11|133|274|252|90|3C|N|8|S2
1|11|237|146|243|34|4S|S|7|HK
1|11|309|73|218|170|3S|S|7|HQ
1|11|9|136|87|287|2S|S|8|HQ
1|11|124|256|172|198|2S|S|8|HK
1|11|271|292|286|293|2S|S|8|HK
1|11|7|33|110|296|2S|S|9|DJ
1|11|80|285|234|283|3N|N|6|C3
1|12|54|96|75|163|4S|N|11|CA
1|12|229|319|288|236|5CX|E|9|DA
1|12|133|274|252|90|4S|N|11|CK
1|12|237|146|243|34|4S|S|11|CT
1|12|309|73|218|170|4S|S|11|CT
1|12|9|136|87|287|6SX|S|10|CT
1|12|124|256|172|198|5HX|W|9|SQ
1|12|271|292|286|293|5CX|E|9|SA
1|12|7|33|110|296|4S|N|11|CA
1|12|80|285|234|283|5CX|E|9|DK
1|13|54|96|75|163|1N|W|7|S4
1|13|229|319|288|236|2S|S|7|C3
1|13|133|274|252|90|3D|E|10|CJ
1|13|237|146|243|34|3D|W|10|S4
1|13|309|73|218|170|3H|E|8|CJ
1|13|9|136|87|287|2S|S|8|C3
1|13|124|256|172|198|2S|S|8|DJ
1|13|271|292|286|293|2S|S|6|S2
1|13|7|33|110|296|2S|S|8|DJ
1|13|80|285|234|283|1N|E|9|ST
1|14|54|96|75|163|2H|N|7|H3
1|14|229|319|288|236|3D|N|7|SJ
1|14|133|274|252|90|2S|E|9|HT
1|14|237|146|243|34|3H|S|6|SK
1|14|309|73|218|170|3N|S|4|SQ
1|14|9|136|87|287|3S|E|9|HT
1|14|124|256|172|198|3S|W|8|HA
1|14|271|292|286|293|3DX|N|7|SJ
1|14|7|33|110|296|4HX|N|6|SJ
1|14|80|285|234|283|3SX|W|9|HA
1|15|54|96|75|163|3N|E|11|D4
1|15|229|319|288|236|3N|E|11|HT
1|15|133|274|252|90|4N|E|11|D4
1|15|237|146|243|34|4N|E|10|HT
1|15|309|73|218|170|3N|W|10|SJ
1|15|9|136|87|287|2SX|N|3|C5
1|15|124|256|172|198|4S|E|9|C9
1|15|271|292|286|293|3N|E|12|D4
1|15|7|33|110|296|3N|E|10|CQ
1|15|80|285|234|283|6S|W|12|H7
1|16|54|96|75|163|4S|S|11|CA
1|16|229|319|288|236|4S|S|11|CA
1|16|133|274|252|90|4S|S|11|CK
1|16|237|146|243|34|4S|S|11|CK
1|16|309|73|218|170|3D|N|11|S7
1|16|9|136|87|287|4S|S|11|CK
1|16|124|256|172|198|4S|S|11|CA
1|16|271|292|286|293|3D|N|11|S7
1|16|7|33|110|296|5CX|W|9|DK
1|16|80|285|234|283|4S|S|10|CA
1|17|54|96|75|163|3S|N|8|CQ
1|17|165|319|8|236|3D|E|9|HQ
1|17|133|274|252|90|3D|E|9|D7
1|17|237|104|243|276|3D|E|9|HQ
1|17|309|73|218|170|2S|N|10|H9
1|17|9|136|87|287|2S|S|8|CK
1|17|124|256|172|198|2S|N|9|H4
1|17|105|298|82|294|2S|N|10|H9
1|17|100|44|110|226|3D|E|9|D8
1|17|80|45|234|283|2S|N|10|CQ
1|18|54|96|75|163|3N|N|9|SJ
1|18|165|319|8|236|3N|N|9|SJ
1|18|133|274|252|90|3C|N|11|SJ
1|18|237|104|243|276|3N|N|9|H2
1|18|309|73|218|170|2SX|W|6|CK
1|18|9|136|87|287|3C|N|11|SJ
1|18|124|256|172|198|3N|N|9|SJ
1|18|105|298|82|294|3N|N|9|SJ
1|18|100|44|110|226|3C|N|10|SJ
1|18|80|45|234|283|3N|N|9|SJ
1|19|54|96|75|163|5D|W|13|C8
1|19|165|319|8|236|3N|W|13|S2
1|19|133|274|252|90|6H|E|13|CJ
1|19|237|104|243|276|6H|W|13|C8
1|19|309|73|218|170|6H|E|13|CQ
1|19|9|136|87|287|7D|W|13|SQ
1|19|124|256|172|198|4H|E|12|S9
1|19|105|298|82|294|5H|E|13|CQ
1|19|100|44|110|226|3N|W|13|SQ
1|19|80|45|234|283|7N|W|13|S2
1|2|54|96|75|163|3C|S|10|HA
1|2|229|319|288|236|3H|W|11|CA
1|2|133|274|252|90|4H|W|11|CA
1|2|237|146|243|34|3C|S|9|HK
1|2|309|73|218|170|3C|S|9|HK
1|2|9|136|87|287|4H|W|11|CA
1|2|124|256|172|198|4HX|W|11|CA
1|2|271|292|286|293|4H|W|11|CA
1|2|7|33|110|296|4H|W|11|CA
1|2|80|285|234|283|4H|W|11|CA
1|20|54|96|75|163|3N|E|9|HT
1|20|165|319|8|236|3N|W|9|H2
1|20|133|274|252|90|3N|W|9|SK
1|20|237|104|243|276|3N|W|9|SK
1|20|309|73|218|170|3N|W|9|SQ
1|20|9|136|87|287|3N|W|9|H3
1|20|124|256|172|198|3N|W|9|SK
1|20|105|298|82|294|3N|W|9|H3
1|20|100|44|110|226|3N|W|9|H3
1|20|80|45|234|283|3N|W|9|H2
1|21|54|96|75|163|2H|E|5|CK
1|21|165|319|8|236|2H|W|5|C2
1|21|133|274|252|90|1N|S|11|C5
1|21|237|104|243|276|2S|S|8|H6
1|21|309|73|218|170|2HX|E|5|CK
1|21|9|136|87|287|3N|S|11|C5
1|21|124|256|172|198|4S|N|9|HA
1|21|105|298|82|294|2S|N|8|C9
1|21|100|44|110|226|1N|S|10|H6
1|21|80|45|234|283|1N|S|9|S8
1|22|54|96|75|163|3S|S|10|H8
1|22|165|319|8|236|3S|N|9|D2
1|22|133|274|252|90|3S|S|10|H6
1|22|237|104|243|276|2S|S|9|DK
1|22|309|73|218|170|3S|S|9|DK
1|22|9|136|87|287|3S|S|10|DK
1|22|124|256|172|198|3N|E|7|S7
1|22|105|298|82|294|2S|S|10|DK
1|22|100|44|110|226|1N|E|8|S7
1|22|80|45|234|283|1N|E|7|S5
1|23|54|96|75|163|5D|N|13|C8
1|23|165|319|8|236|5C|S|12|SK
1|23|133|274|252|90|3C|S|13|D8
1|23|237|104|243|276|3N|S|9|SK
1|23|309|73|218|170|3N|N|13|H7
1|23|9|136|87|287|3N|N|13|H5
1|23|124|256|172|198|3C|S|13|D8
1|23|105|298|82|294|3N|N|9|S3
1|23|100|44|110|226|5D|N|13|H5
1|23|80|45|234|283|3N|N|9|S4
1|24|54|96|75|163|1N|E|4|D3
1|24|165|319|8|236|3D|S|9|C2
1|24|133|274|252|90|4H|N|10|CT
1|24|237|104|243|276|2H|N|10|CT
1|24|309|73|218|170|1N|N|10|C8
1|24|9|136|87|287|2C|E|6|H5
1|24|124|256|172|198|4H|N|10|SK
1|24|105|298|82|294|4H|N|10|C9
1|24|100|44|110|226|2H|N|11|CT
1|24|80|45|234|283|2H|N|11|CT
1|25|54|96|75|163|3S|E|7|D3
1|25|165|319|8|236|2D|E|9|S3
1|25|133|274|252|90|3S|N|7|H6
1|25|237|104|243|276|3H|W|7|DT
1|25|309|73|218|170|3D|W|9|H7
1|25|9|136|87|287|2D|E|9|C3
1|25|124|256|172|198|3D|E|8|S3
1|25|105|298|82|294|3C|E|10|D3
1|25|100|44|110|226|3H|W|8|SA
1|25|80|45|234|283|2H|W|6|DT
1|26|54|96|75|163|5SX|S|11|CK
1|26|165|319|8|236|4SX|S|11|CK
1|26|133|274|252|90|5SX|S|11|HK
1|26|237|104|243|276|4S|S|10|CK
1|26|309|73|218|170|4S|S|11|CK
1|26|9|136|87|287|4SX|S|11|CK
1|26|124|256|172|198|4S|S|11|CK
1|26|105|298|82|294|4S|S|10|CK
1|26|100|44|110|226|4SX|S|11|CK
1|26|80|45|234|283|4S|S|11|CK
1|27|54|96|75|163|4S|N|8|DK
1|27|165|319|8|236|4S|N|9|DK
1|27|133|274|252|90|4S|S|9|D6
1|27|237|104|243|276|4H|N|10|S8
1|27|309|73|218|170|4S|S|9|D5
1|27|9|136|87|287|4S|N|9|DK
1|27|124|256|172|198|4H|N|10|DK
1|27|105|298|82|294|4S|N|9|DK
1|27|100|44|110|226|4H|N|9|DK
1|27|80|45|234|283|4S|S|9|D6
1|28|54|96|75|163|2S|N|9|DQ
1|28|165|319|8|236|2S|N|8|S8
1|28|133|274|252|90|2H|W|8|D4
1|28|237|104|243|276|1N|W|7|ST
1|28|309|73|218|170|3S|N|9|S4
1|28|9|136|87|287|3H|W|8|ST
1|28|124|256|172|198|3H|W|8|S9
1|28|105|298|82|294|3H|W|9|ST
1|28|100|44|110|226|4H|W|8|S9
1|28|80|45|234|283|3S|N|9|HA
1|29|54|96|75|163|3H|N|8|C2
1|29|165|319|8|236|1N|S|7|CA
1|29|133|274|252|90|2H|S|8|CA
1|29|237|104|243|276|4H|N|8|DA
1|29|309|73|218|170|3C|E|10|H4
1|29|9|136|87|287|1N|S|8|H3
1|29|124|256|172|198|3H|N|9|S6
1|29|105|298|82|294|2H|N|8|S6
1|29|100|44|110|226|3H|S|7|CA
1|29|80|45|234|283|1N|S|8|H6
1|3|54|96|75|163|3H|E|8|CK
1|3|229|319|288|236|2H|E|9|CA
1|3|133|274|252|90|2S|W|9|C4
1|3|237|146|243|34|3H|E|11|CA
1|3|309|73|218|170|2S|W|9|C5
1|3|9|136|87|287|2S|W|9|H8
1|3|124|256|172|198|3C|S|8|SA
1|3|271|292|286|293|2S|E|10|CA
1|3|7|33|110|296|2S|E|9|CA
1|3|80|285|234|283|2H|W|11|C4
1|30|54|96|75|163|3C|E|8|SK
1|30|165|319|8|236|3N|N|8|C9
1|30|133|274|252|90|3S|S|8|C2
1|30|237|104|243|276|3C|E|8|SK
1|30|309|73|218|170|3N|N|8|CT
1|30|9|136|87|287|2S|S|7|S4
1|30|124|256|172|198|3N|N|11|C9
1|30|105|298|82|294|3N|N|8|C9
1|30|100|44|110|226|3N|N|8|CT
1|30|80|45|234|283|3N|N|8|C6
1|31|54|96|75|163|2C|S|10|DT
1|31|165|319|8|236|2S|E|8|HK
1|31|133|274|252|90|4H|S|9|H4
1|31|237|104|243|276|3C|S|7|SQ
1|31|309|73|218|170|2C|S|9|C4
1|31|9|136|87|287|2C|S|8|D9
1|31|124|256|172|198|2H|S|8|DT
1|31|105|298|82|294|2H|S|9|DT
1|31|100|44|110|226|3H|S|8|D6
1|31|80|45|234|283|2H|S|9|D6
1|32|54|96|75|163|4S|N|10|DA
1|32|165|319|8|236|4S|N|10|DA
1|32|133|274|252|90|3S|N|10|DA
1|32|237|104|243|276|2S|N|10|DK
1|32|309|73|218|170|4S|N|10|DK
1|32|9|136|87|287|4S|N|10|DK
1|32|124|256|172|198|4S|N|10|DA
1|32|105|298|82|294|4S|N|10|DA
1|32|100|44|110|226|4S|N|10|DA
1|32|80|45|234|283|4S|N|10|DA
1|4|54|96|75|163|2S|W|7|H2
1|4|229|319|288|236|3H|S|6|D2
1|4|133|274|252|90|5C|W|10|H2
1|4|237|146|243|34|4D|E|8|S3
1|4|309|73|218|170|5CX|W|10|HK
1|4|9|136|87|287|3C|W|10|DJ
1|4|124|256|172|198|5CX|W|9|H2
1|4|271|292|286|293|3C|W|10|DJ
1|4|7|33|110|296|5C|W|8|C4
1|4|80|285|234|283|4C|W|10|S4
1|5|54|96|75|163|4H|S|11|CA
1|5|229|319|288|236|4H|S|11|CA
1|5|133|274|252|90|4H|S|11|CK
1|5|237|146|243|34|4H|S|11|CK
1|5|309|73|218|170|4H|S|11|CK
1|5|9|136|87|287|4H|S|11|CK
1|5|124|256|172|198|4H|S|11|CA
1|5|271|292|286|293|4H|S|11|CA
1|5|7|33|110|296|4H|N|11|CQ
1|5|80|285|234|283|4H|S|11|CK
1|6|54|96|75|163|3N|E|7|HQ
1|6|229|319|288|236|2S|W|10|HA
1|6|133|274|252|90|2S|W|10|HA
1|6|237|146|243|34|4S|W|8|HK
1|6|309|73|218|170|5C|E|11|HQ
1|6|9|136|87|287|3C|E|10|HQ
1|6|124|256|172|198|2S|W|10|HA
1|6|271|292|286|293|3H|S|7|CJ
1|6|7|33|110|296|2S|W|9|HA
1|6|80|285|234|283|2S|W|9|D5
1|7|54|96|75|163|3S|S|8|H9
1|7|229|319|288|236|3S|S|7|D2
1|7|133|274|252|90|2S|S|9|D4
1|7|237|146|243|34|4D|W|9|S3
1|7|309|73|218|170|3S|S|9|H9
1|7|9|136|87|287|3S|S|9|D7
1|7|124|256|172|198|3S|S|9|D8
1|7|271|292|286|293|2S|S|7|D5
1|7|7|33|110|296|1N|S|7|D4
1|7|80|285|234|283|2S|S|8|D4
1|8|54|96|75|163|4H|S|8|SA
1|8|229|319|288|236|3S|W|11|HT
1|8|133|274|252|90|3H|S|8|SA
1|8|237|146|243|34|4S|W|11|H3
1|8|309|73|218|170|3S|W|10|HT
1|8|9|136|87|287|4S|W|11|HT
1|8|124|256|172|198|4SX|W|10|HT
1|8|271|292|286|293|3H|S|8|SA
1|8|7|33|110|296|3S|W|11|HT
1|8|80|285|234|283|2S|W|11|HT
1|9|54|96|75|163|3HX|E|7|H7
1|9|229|319|288|236|3N|N|7|H6
1|9|133|274|252|90|2D|S|9|CA
1|9|237|146|243|34|1N|N|7|H2
1|9|309|73|218|170|1N|N|7|H2
1|9|9|136|87|287|2D|S|9|HT
1|9|124|256|172|198|1N|N|7|H2
1|9|271|292|286|293|3D|N|9|C3
1|9|7|33|110|296|1N|W|9|S4
1|9|80|285|234|283|1N|N|7|S6
2|1|237|319|243|236|4H|S|11|C2
2|1|54|274|75|90|3N|N|9|C7
2|1|9|104|87|276|3N|N|9|C7
2|1|146|73|34|170|4H|S|11|C8
2|1|105|136|82|287|4H|S|11|C8
2|1|309|271|218|286|2H|S|11|C5
2|1|44|292|226|293|2H|S|10|C2
2|1|298|33|294|296|4H|S|11|C5
2|1|229|7|288|110|4H|S|10|DT
2|1|45|165|285|8|4H|S|10|C5
2|10|237|319|243|236|4H|W|11|CQ
2|10|54|274|75|90|4H|W|11|CQ
2|10|9|104|87|276|5H|W|9|CQ
2|10|146|73|34|170|4H|E|10|C9
2|10|105|136|82|287|4H|E|11|C9
2|10|309|271|218|286|4H|E|11|DJ
2|10|44|292|226|293|4H|E|11|DJ
2|10|298|33|294|296|4H|W|11|CQ
2|10|229|7|288|110|4H|E|10|C9
2|10|45|165|285|8|3N|E|10|S2
2|11|237|319|243|236|3N|E|6|DT
2|11|54|274|75|90|3H|W|5|C2
2|11|9|104|87|276|4H|W|8|C7
2|11|146|73|34|170|4D|W|6|H3
2|11|105|136|82|287|4H|W|7|H6
2|11|309|271|218|286|3N|E|6|S4
2|11|44|292|226|293|3N|W|7|S9
2|11|298|33|294|296|3N|E|5|S4
2|11|229|7|288|110|3N|W|7|D2
2|11|45|165|285|8|3N|E|6|HJ
2|12|237|319|243|236|3N|E|9|D7
2|12|54|274|75|90|4H|W|10|D3
2|12|9|104|87|276|4H|W|10|D3
2|12|146|73|34|170|4H|W|11|D3
2|12|105|136|82|287|4H|W|11|D3
2|12|309|271|218|286|4H|W|10|D3
2|12|44|292|226|293|4H|W|10|D3
2|12|298|33|294|296|3N|E|9|C9
2|12|229|7|288|110|4H|W|10|C7
2|12|45|165|285|8|3N|E|9|D6
2|13|237|319|243|236|5S|E|13|DQ
2|13|54|274|75|90|6S|E|12|HT
2|13|9|104|87|276|4S|E|12|HT
2|13|146|73|34|170|6S|E|13|DQ
2|13|105|136|82|287|4S|E|12|H8
2|13|309|271|218|286|4S|E|12|H2
2|13|44|292|226|293|6S|E|12|DJ
2|13|298|33|294|296|5S|E|12|HT
2|13|229|7|288|110|5S|E|12|HT
2|13|45|165|285|8|4S|E|12|H3
2|14|237|319|243|236|4H|S|8|S8
2|14|54|274|75|90|4H|S|9|D8
2|14|9|104|87|276|4H|N|8|DQ
2|14|146|73|34|170|4S|E|10|H3
2|14|105|136|82|287|4H|S|8|D7
2|14|309|271|218|286|3H|S|9|S6
2|14|44|292|226|293|4SX|E|8|H2
2|14|298|33|294|296|4H|S|8|D8
2|14|229|7|288|110|4H|S|8|S6
2|14|45|165|285|8|4SX|E|9|H2
2|15|237|319|243|236|4H|N|9|DK
2|15|54|274|75|90|5H|N|9|DK
2|15|9|104|87|276|5H|N|10|SK
2|15|146|73|34|170|4H|S|9|D5
2|15|105|136|82|287|4H|N|9|DK
2|15|309|271|218|286|4H|N|9|DK
2|15|44|292|226|293|4H|N|9|DK
2|15|298|33|294|296|4H|S|9|D5
2|15|229|7|288|110|4H|N|9|DK
2|15|45|165|285|8|4SX|E|11|HK
2|16|237|319|243|236|3N|E|10|HJ
2|16|54|274|75|90|3N|E|10|HJ
2|16|9|104|87|276|3N|E|10|HJ
2|16|146|73|34|170|4N|E|10|HJ
2|16|105|136|82|287|6D|W|10|S9
2|16|309|271|218|286|5C|W|9|H2
2|16|44|292|226|293|3N|E|11|HJ
2|16|298|33|294|296|5D|W|10|S9
2|16|229|7|288|110|3N|E|10|HJ
2|16|45|165|285|8|3N|E|11|HJ
2|17|237|319|243|236|2C|W|7|C5
2|17|54|274|75|90|2CX|W|5|SK
2|17|9|133|87|252|1N|N|11|SQ
2|17|104|73|276|170|3D|N|9|SQ
2|17|271|136|286|287|4H|N|11|SJ
2|17|309|256|218|198|2D|N|10|SQ
2|17|80|292|234|293|3N|N|11|SQ
2|17|124|33|172|296|3N|N|9|C6
2|17|229|7|288|100|3N|N|11|C7
2|17|285|165|283|8|3N|N|11|SQ
2|18|237|319|243|236|4H|E|12|CJ
2|18|54|274|75|90|4H|E|12|CJ
2|18|9|133|87|252|5H|E|12|CJ
2|18|104|73|276|170|4H|W|12|CK
2|18|271|136|286|287|1SX|S|5|D2
2|18|309|256|218|198|4H|E|12|CJ
2|18|80|292|234|293|4H|W|12|CK
2|18|124|33|172|296|4H|W|12|S5
2|18|229|7|288|100|4H|E|12|CJ
2|18|285|165|283|8|4H|W|12|CK
2|19|237|319|243|236|3N|E|9|D6
2|19|54|274|75|90|3N|E|10|S7
2|19|9|133|87|252|6N|E|9|HT
2|19|104|73|276|170|4S|W|11|HQ
2|19|271|136|286|287|3N|E|9|HT
2|19|309|256|218|198|4S|E|11|HT
2|19|80|292|234|293|3N|E|9|D6
2|19|124|33|172|296|3N|E|8|HT
2|19|229|7|288|100|3N|E|9|HT
2|19|285|165|283|8|3N|E|10|HT
2|2|237|319|243|236|3N|E|6|S3
2|2|54|274|75|90|4D|E|10|S3
2|2|9|104|87|276|3N|W|10|SJ
2|2|146|73|34|170|4H|W|10|SK
2|2|105|136|82|287|3N|W|6|SA
2|2|309|271|218|286|5D|E|9|S4
2|2|44|292|226|293|3N|W|9|SJ
2|2|298|33|294|296|3N|W|9|ST
2|2|229|7|288|110|5D|E|10|S3
2|2|45|165|285|8|5D|E|11|S3
2|20|237|319|243|236|6D|W|12|C9
2|20|54|274|75|90|3N|W|12|HQ
2|20|9|133|87|252|6D|E|13|SA
2|20|104|73|276|170|6D|W|12|C9
2|20|271|136|286|287|6D|E|13|SA
2|20|309|256|218|198|3N|W|12|HQ
2|20|80|292|234|293|6D|E|13|SA
2|20|124|33|172|296|6D|W|13|C9
2|20|229|7|288|100|6D|E|12|D7
2|20|285|165|283|8|6D|W|13|HQ
2|21|237|319|243|236|4S|N|9|H7
2|21|54|274|75|90|4S|N|9|CT
2|21|9|133|87|252|4S|N|9|CT
2|21|104|73|276|170|4S|N|9|CT
2|21|271|136|286|287|4S|N|9|CT
2|21|309|256|218|198|4HX|W|7|SK
2|21|80|292|234|293|5HX|E|8|SJ
2|21|124|33|172|296|4S|N|8|CT
2|21|229|7|288|100|3N|S|8|S3
2|21|285|165|283|8|4S|N|9|CT
2|22|237|319|243|236|1S|S|6|HA
2|22|54|274|75|90|2S|S|7|HA
2|22|9|133|87|252|1N|W|8|H9
2|22|104|73|276|170|1N|W|7|H9
2|22|271|136|286|287|3D|E|9|SA
2|22|309|256|218|198|2D|E|8|SK
2|22|80|292|234|293|1N|W|9|D6
2|22|124|33|172|296|2SX|S|6|HK
2|22|229|7|288|100|2S|N|8|HJ
2|22|285|165|283|8|1N|W|7|H9
2|23|237|319|243|236|2H|S|9|SA
2|23|54|274|75|90|2H|N|8|D5
2|23|9|133|87|252|1H|W|5|C6
2|23|104|73|276|170|1N|W|6|C6
2|23|271|136|286|287|1N|W|6|DQ
2|23|309|256|218|198|1N|W|5|H4
2|23|80|292|234|293|2H|S|9|SA
2|23|124|33|172|296|1N|W|5|HJ
2|23|229|7|288|100|1H|W|4|C2
2|23|285|165|283|8|1H|W|4|C2
2|24|237|319|243|236|2S|E|7|HT
2|24|54|274|75|90|2HX|N|8|D6
2|24|9|133|87|252|2C|W|8|HA
2|24|104|73|276|170|2H|N|7|D8
2|24|271|136|286|287|3C|W|7|HA
2|24|309|256|218|198|3H|N|8|C9
2|24|80|292|234|293|2S|W|7|HA
2|24|124|33|172|296|2S|E|8|HT
2|24|229|7|288|100|3H|N|8|C9
2|24|285|165|283|8|2H|N|7|C9
2|25|237|319|243|236|1N|N|6|S7
2|25|54|274|75|90|3C|E|9|CA
2|25|9|133|87|252|2S|E|6|H7
2|25|104|73|276|170|4S|E|8|H7
2|25|271|136|286|287|4SX|E|7|H7
2|25|309|256|218|198|3CX|W|8|HK
2|25|80|292|234|293|3H|N|6|C2
2|25|124|33|172|296|3H|N|7|D2
2|25|229|7|288|100|3C|W|10|HA
2|25|285|165|283|8|2S|E|6|H7
2|26|237|319|243|236|2S|W|9|SQ
2|26|54|274|75|90|4S|E|9|H7
2|26|9|133|87|252|4DX|S|9|H5
2|26|104|73|276|170|4D|S|9|H5
2|26|271|136|286|287|3S|E|9|H8
2|26|309|256|218|198|4S|W|10|HA
2|26|80|292|234|293|2S|W|9|CJ
2|26|124|33|172|296|4S|E|9|DQ
2|26|229|7|288|100|4S|E|9|DQ
2|26|285|165|283|8|4S|W|9|CJ
2|27|237|319|243|236|2S|E|8|HA
2|27|54|274|75|90|3S|W|8|HT
2|27|9|133|87|252|3S|W|9|HT
2|27|104|73|276|170|3S|E|8|C4
2|27|271|136|286|287|3S|E|10|HA
2|27|309|256|218|198|3S|E|8|HK
2|27|80|292|234|293|3S|W|8|HT
2|27|124|33|172|296|4S|E|9|HA
2|27|229|7|288|100|3S|W|8|HT
2|27|285|165|283|8|3D|S|9|SA
2|28|237|319|243|236|3C|W|8|CA
2|28|54|274|75|90|3S|N|9|HK
2|28|9|133|87|252|3D|W|8|SA
2|28|104|73|276|170|2S|N|9|HK
2|28|271|136|286|287|5D|W|8|SA
2|28|309|256|218|198|3H|E|7|S7
2|28|80|292|234|293|3D|W|8|H6
2|28|124|33|172|296|4H|E|7|S9
2|28|229|7|288|100|3S|N|9|HK
2|28|285|165|283|8|2H|E|6|S9
2|29|237|319|243|236|2N|E|11|HQ
2|29|54|274|75|90|4S|W|10|C2
2|29|9|133|87|252|2N|E|9|HQ
2|29|104|73|276|170|4S|W|9|CJ
2|29|271|136|286|287|3S|W|9|CJ
2|29|309|256|218|198|2S|W|9|CJ
2|29|80|292|234|293|3N|W|9|C6
2|29|124|33|172|296|3N|E|8|HQ
2|29|229|7|288|100|4S|W|9|HK
2|29|285|165|283|8|4S|W|9|CJ
2|3|237|319|243|236|2S|W|9|HQ
2|3|54|274|75|90|2S|W|8|HQ
2|3|9|104|87|276|2S|W|9|C3
2|3|146|73|34|170|2H|N|9|D8
2|3|105|136|82|287|1N|N|9|S4
2|3|309|271|218|286|3H|S|8|SJ
2|3|44|292|226|293|3H|S|10|SJ
2|3|298|33|294|296|3H|N|9|D8
2|3|229|7|288|110|2H|N|8|D8
2|3|45|165|285|8|2H|S|8|SJ
2|30|237|319|243|236|3N|N|9|SK
2|30|54|274|75|90|6H|N|11|SK
2|30|9|133|87|252|4H|N|12|SK
2|30|104|73|276|170|4H|N|10|SK
2|30|271|136|286|287|4H|N|12|SK
2|30|309|256|218|198|4H|N|11|SK
2|30|80|292|234|293|4H|N|9|SK
2|30|124|33|172|296|4H|N|10|SK
2|30|229|7|288|100|4H|N|12|SK
2|30|285|165|283|8|6H|N|12|H4
2|31|237|319|243|236|2H|N|9|C4
2|31|54|274|75|90|4C|W|10|HK
2|31|9|133|87|252|5CX|W|9|HA
2|31|104|73|276|170|5CX|W|10|DK
2|31|271|136|286|287|3H|N|10|DJ
2|31|309|256|218|198|3H|N|10|C4
2|31|80|292|234|293|5CX|W|9|DK
2|31|124|33|172|296|4C|W|10|HA
2|31|229|7|288|100|3H|N|9|C4
2|31|285|165|283|8|4C|W|9|HK
2|32|237|319|243|236|4H|N|11|CA
2|32|54|274|75|90|4H|N|11|D3
2|32|9|133|87|252|4H|N|11|CA
2|32|104|73|276|170|4H|N|11|CA
2|32|271|136|286|287|5H|N|12|CA
2|32|309|256|218|198|4H|N|11|CA
2|32|80|292|234|293|6D|N|11|D3
2|32|124|33|172|296|4H|N|11|CA
2|32|229|7|288|100|5H|N|11|CA
2|32|285|165|283|8|4H|N|11|CA
2|4|237|319|243|236|P||0|
2|4|54|274|75|90|3N|W|9|H9
2|4|9|104|87|276|3N|E|8|D6
2|4|146|73|34|170|1N|W|8|SJ
2|4|105|136|82|287|2N|E|8|H7
2|4|309|271|218|286|3N|E|8|S2
2|4|44|292|226|293|3N|W|8|S5
2|4|298|33|294|296|2N|E|7|S2
2|4|229|7|288|110|1N|W|9|SJ
2|4|45|165|285|8|2N|E|9|S3
2|5|237|319|243|236|2D|N|5|SA
2|5|54|274|75|90|2C|W|7|H2
2|5|9|104|87|276|3C|E|7|HA
2|5|146|73|34|170|3C|W|8|H5
2|5|105|136|82|287|2C|W|8|H5
2|5|309|271|218|286|2N|E|6|H8
2|5|44|292|226|293|1H|S|8|CK
2|5|298|33|294|296|3H|S|9|CK
2|5|229|7|288|110|2S|E|9|HA
2|5|45|165|285|8|3C|W|8|H2
2|6|237|319|243|236|2H|N|8|DA
2|6|54|274|75|90|1N|W|7|H6
2|6|9|104|87|276|1N|E|8|DT
2|6|146|73|34|170|2H|N|8|DA
2|6|105|136|82|287|1N|W|7|H5
2|6|309|271|218|286|2H|N|8|DK
2|6|44|292|226|293|2H|N|9|DA
2|6|298|33|294|296|1N|E|7|C9
2|6|229|7|288|110|1N|W|7|H6
2|6|45|165|285|8|1NX|E|8|CT
2|7|237|319|243|236|1N|S|5|C6
2|7|54|274|75|90|2S|S|7|H2
2|7|9|104|87|276|3N|W|7|S5
2|7|146|73|34|170|2D|E|7|SK
2|7|105|136|82|287|2S|S|6|H6
2|7|309|271|218|286|2S|S|7|CK
2|7|44|292|226|293|3N|W|6|HK
2|7|298|33|294|296|2S|S|7|CK
2|7|229|7|288|110|2S|S|6|H2
2|7|45|165|285|8|2S|S|6|H2
2|8|237|319|243|236|4S|S|9|D8
2|8|54|274|75|90|3N|N|9|DK
2|8|9|104|87|276|3DX|E|7|HK
2|8|146|73|34|170|2DX|E|6|HK
2|8|105|136|82|287|2S|S|9|D8
2|8|309|271|218|286|3S|S|9|D8
2|8|44|292|226|293|4S|S|9|D8
2|8|298|33|294|296|3S|S|9|D8
2|8|229|7|288|110|4S|S|9|D8
2|8|45|165|285|8|3N|N|6|DK
2|9|237|319|243|236|2H|S|7|C2
2|9|54|274|75|90|2H|N|9|S9
2|9|9|104|87|276|1C|N|6|CA
2|9|146|73|34|170|2H|N|6|S3
2|9|105|136|82|287|2H|N|7|DA
2|9|309|271|218|286|2H|N|10|S9
2|9|44|292|226|293|2C|N|6|C4
2|9|298|33|294|296|3D|E|10|C6
2|9|229|7|288|110|1S|N|7|H4
2|9|45|165|285|8|1C|N|7|S9
3|1|54|73|75|170|2HX|E|7|SA
3|1|9|319|87|236|1D|S|6|CT
3|1|104|256|276|198|2H|E|9|SA
3|1|105|146|82|34|2S|N|7|DK
3|1|309|44|218|226|1N|S|7|C7
3|1|80|136|234|287|2D|S|7|S3
3|1|124|7|172|110|2S|N|8|DA
3|1|45|298|283|294|3DX|E|7|D2
3|1|237|229|243|288|2S|S|5|S3
3|1|165|274|8|90|2H|W|7|D8
3|10|54|73|75|170|3C|W|10|DK
3|10|9|319|87|236|2S|W|8|DK
3|10|104|256|276|198|2S|W|8|DK
3|10|105|146|82|34|3S|E|9|DQ
3|10|309|44|218|226|2S|W|9|DA
3|10|80|136|234|287|2H|E|8|DQ
3|10|124|7|172|110|3S|W|9|DK
3|10|45|298|283|294|3D|S|8|SA
3|10|237|229|243|288|3H|E|8|DQ
3|10|165|274|8|90|2H|E|8|S9
3|11|54|73|75|170|5DX|W|10|HQ
3|11|9|319|87|236|5DX|W|10|SK
3|11|104|256|276|198|5D|E|9|SA
3|11|105|146|82|34|5D|W|11|HQ
3|11|309|44|218|226|5SX|N|9|D7
3|11|80|136|234|287|5DX|E|11|SA
3|11|124|7|172|110|5S|S|9|D6
3|11|45|298|283|294|5S|N|10|DA
3|11|237|229|243|288|6D|E|11|SA
3|11|165|274|8|90|5D|E|11|H3
3|12|54|73|75|170|4S|N|10|CT
3|12|9|319|87|236|3N|S|10|S8
3|12|104|256|276|198|4S|S|10|S9
3|12|105|146|82|34|3N|S|7|H8
3|12|309|44|218|226|3D|S|7|C5
3|12|80|136|234|287|3C|S|10|H2
3|12|124|7|172|110|4S|S|9|H2
3|12|45|298|283|294|4S|S|11|S9
3|12|237|229|243|288|4S|S|10|H2
3|12|165|274|8|90|4S|N|10|HK
3|13|54|73|75|170|4S|E|11|D6
3|13|9|319|87|236|4S|E|10|C5
3|13|104|256|276|198|4N|E|11|D9
3|13|105|146|82|34|3N|E|11|D6
3|13|309|44|218|226|4S|E|11|D6
3|13|80|136|234|287|3N|W|11|C6
3|13|124|7|172|110|3N|E|11|H4
3|13|45|298|283|294|4S|E|11|D2
3|13|237|229|243|288|4S|E|11|C9
3|13|165|274|8|90|3N|W|11|D7
3|14|54|73|75|170|6C|S|11|C9
3|14|9|319|87|236|3N|S|10|D3
3|14|104|256|276|198|6C|S|11|HA
3|14|105|146|82|34|3N|N|9|D2
3|14|309|44|218|226|5DX|W|5|CK
3|14|80|136|234|287|3N|S|11|D4
3|14|124|7|172|110|3N|N|9|D2
3|14|45|298|283|294|5C|S|11|D3
3|14|237|229|243|288|3N|S|10|D4
3|14|165|274|8|90|3N|S|10|D9
3|15|54|73|75|170|1N|S|6|S8
3|15|9|319|87|236|1N|S|5|HQ
3|15|104|256|276|198|1N|S|5|H4
3|15|105|146|82|34|1S|E|7|C6
3|15|309|44|218|226|1S|E|8|C6
3|15|80|136|234|287|2D|N|7|SJ
3|15|124|7|172|110|1N|S|5|S8
3|15|45|298|283|294|1N|S|4|H4
3|15|237|229|243|288|2S|E|9|H7
3|15|165|274|8|90|2H|N|6|H5
3|16|54|73|75|170|7H|W|12|CQ
3|16|9|319|87|236|6H|W|12|C3
3|16|104|256|276|198|6H|W|12|H5
3|16|105|146|82|34|6H|W|13|H5
3|16|309|44|218|226|6H|W|12|CQ
3|16|80|136|234|287|6H|W|12|C3
3|16|124|7|172|110|4S|W|12|D8
3|16|45|298|283|294|6H|W|13|CQ
3|16|237|229|243|288|6H|W|12|C3
3|16|165|274|8|90|6H|W|12|D3
3|17|54|73|75|170|6D|N|11|CQ
3|17|9|319|87|236|3N|S|12|D9
3|17|133|271|252|286|6D|N|11|H8
3|17|105|146|82|34|4S|N|11|D3
3|17|309|33|218|296|3N|S|12|DT
3|17|44|136|226|287|4S|N|11|D3
3|17|292|100|293|110|3N|S|11|D9
3|17|285|298|283|294|5C|S|10|H7
3|17|237|229|243|288|3N|S|12|DT
3|17|96|274|163|90|3N|S|12|DT
3|18|54|73|75|170|4S|E|13|D8
3|18|9|319|87|236|4SX|E|12|H2
3|18|133|271|252|286|4S|E|12|D7
3|18|105|146|82|34|4S|E|10|H3
3|18|309|33|218|296|4S|E|11|H2
3|18|44|136|226|287|4S|E|11|D9
3|18|292|100|293|110|4S|E|10|ST
3|18|285|298|283|294|4S|E|10|H3
3|18|237|229|243|288|4SX|E|10|H3
3|18|96|274|163|90|4S|E|10|H2
3|19|54|73|75|170|3N|N|11|S6
3|19|9|319|87|236|3N|N|11|HT
3|19|133|271|252|286|3N|N|11|HT
3|19|105|146|82|34|3N|N|11|HT
3|19|309|33|218|296|3N|S|11|H5
3|19|44|136|226|287|3N|S|10|ST
3|19|292|100|293|110|3N|N|10|DQ
3|19|285|298|283|294|3N|N|11|HT
3|19|237|229|243|288|3N|N|10|HT
3|19|96|274|163|90|3N|N|10|HT
3|2|54|73|75|170|3D|E|7|SK
3|2|9|319|87|236|2C|S|9|SQ
3|2|104|256|276|198|2S|S|7|SQ
3|2|105|146|82|34|2D|E|7|D7
3|2|309|44|218|226|3D|W|7|S2
3|2|80|136|234|287|2C|S|8|SJ
3|2|124|7|172|110|2C|S|9|SQ
3|2|45|298|283|294|2C|S|9|SQ
3|2|237|229|243|288|1N|E|6|C4
3|2|165|274|8|90|2S|S|7|SQ
3|20|54|73|75|170|4H|W|9|H7
3|20|9|319|87|236|3N|E|9|DJ
3|20|133|271|252|286|4H|W|9|CT
3|20|105|146|82|34|3N|W|8|DQ
3|20|309|33|218|296|3N|W|9|CJ
3|20|44|136|226|287|3N|E|9|DJ
3|20|292|100|293|110|4H|W|9|SA
3|20|285|298|283|294|3N|W|9|CJ
3|20|237|229|243|288|3N|W|10|C6
3|20|96|274|163|90|3N|E|7|D7
3|21|54|73|75|170|3N|S|10|D7
3|21|9|319|87|236|4S|N|10|H7
3|21|133|271|252|286|3N|S|10|H8
3|21|105|146|82|34|3N|S|10|D7
3|21|309|33|218|296|3N|S|10|D2
3|21|44|136|226|287|4S|N|10|D4
3|21|292|100|293|110|3N|N|9|H6
3|21|285|298|283|294|3N|N|10|ST
3|21|237|229|243|288|3N|N|9|H6
3|21|96|274|163|90|3N|N|9|H6
3|22|54|73|75|170|4S|E|10|HK
3|22|9|319|87|236|3H|S|9|D7
3|22|133|271|252|286|3S|W|10|H8
3|22|105|146|82|34|2S|E|11|HA
3|22|309|33|218|296|3H|S|9|D6
3|22|44|136|226|287|3HX|S|9|H2
3|22|292|100|293|110|2H|S|9|H2
3|22|285|298|283|294|3H|S|9|SA
3|22|237|229|243|288|3H|S|8|H2
3|22|96|274|163|90|4S|W|11|HQ
3|23|54|73|75|170|2S|N|5|HA
3|23|9|319|87|236|2C|E|8|D3
3|23|133|271|252|286|2H|E|8|CK
3|23|105|146|82|34|2H|E|8|SJ
3|23|309|33|218|296|2H|E|8|CA
3|23|44|136|226|287|2H|E|8|CK
3|23|292|100|293|110|2HX|E|8|CA
3|23|285|298|283|294|4S|W|7|D7
3|23|237|229|243|288|2H|E|8|CK
3|23|96|274|163|90|2H|E|8|SJ
3|24|54|73|75|170|4H|N|10|CQ
3|24|9|319|87|236|4H|N|11|CK
3|24|133|271|252|286|4H|N|10|CK
3|24|105|146|82|34|4H|N|10|CK
3|24|309|33|218|296|2S|W|8|HK
3|24|44|136|226|287|3H|N|9|CQ
3|24|292|100|293|110|4H|N|10|CK
3|24|285|298|283|294|4H|S|11|D2
3|24|237|229|243|288|4H|N|11|CK
3|24|96|274|163|90|4H|S|11|C6
3|25|54|73|75|170|4S|S|11|H2
3|25|9|319|87|236|4S|S|11|D2
3|25|133|271|252|286|4S|S|10|HQ
3|25|105|146|82|34|4S|S|10|HQ
3|25|309|33|218|296|4S|S|12|S8
3|25|44|136|226|287|4S|S|10|HQ
3|25|292|100|293|110|4S|S|10|HQ
3|25|285|298|283|294|4S|S|11|HQ
3|25|237|229|243|288|4S|S|10|HQ
3|25|96|274|163|90|4S|S|11|HQ
3|26|54|73|75|170|2N|E|9|HT
3|26|9|319|87|236|3N|E|10|HT
3|26|133|271|252|286|3N|E|8|H9
3|26|105|146|82|34|1N|E|8|H2
3|26|309|33|218|296|3N|E|8|CT
3|26|44|136|226|287|1N|E|8|HT
3|26|292|100|293|110|2N|E|7|C7
3|26|285|298|283|294|2S|E|7|D8
3|26|237|229|243|288|2H|N|7|DK
3|26|96|274|163|90|2D|E|10|HT
3|27|54|73|75|170|2S|N|10|H2
3|27|9|319|87|236|3S|N|8|H8
3|27|133|271|252|286|3S|N|11|D3
3|27|105|146|82|34|2S|N|10|H2
3|27|309|33|218|296|3S|N|11|H9
3|27|44|136|226|287|3S|N|9|CA
3|27|292|100|293|110|2S|N|11|D3
3|27|285|298|283|294|3S|N|10|D3
3|27|237|229|243|288|3S|N|9|H8
3|27|96|274|163|90|3N|S|9|H4
3|28|54|73|75|170|4S|N|12|D2
3|28|9|319|87|236|5S|N|12|HJ
3|28|133|271|252|286|2S|S|12|S3
3|28|105|146|82|34|4S|N|12|HJ
3|28|309|33|218|296|4S|N|12|CJ
3|28|44|136|226|287|4S|N|12|HJ
3|28|292|100|293|110|4S|N|12|HT
3|28|285|298|283|294|4S|N|12|HT
3|28|237|229|243|288|4S|N|12|HJ
3|28|96|274|163|90|4S|N|12|C7
3|29|54|73|75|170|2N|N|8|HQ
3|29|9|319|87|236|5CX|W|9|HA
3|29|133|271|252|286|3N|N|8|S2
3|29|105|146|82|34|2N|N|7|HQ
3|29|309|33|218|296|2N|N|9|HQ
3|29|44|136|226|287|2CX|W|10|HA
3|29|292|100|293|110|3H|N|10|C4
3|29|285|298|283|294|2S|W|5|HA
3|29|237|229|243|288|3D|S|8|CA
3|29|96|274|163|90|3NX|N|8|S3
3|3|54|73|75|170|4H|W|9|CQ
3|3|9|319|87|236|4H|E|11|S8
3|3|104|256|276|198|3N|E|7|C6
3|3|105|146|82|34|3N|E|10|C8
3|3|309|44|218|226|4H|W|11|CQ
3|3|80|136|234|287|3N|E|10|D5
3|3|124|7|172|110|4H|W|10|CQ
3|3|45|298|283|294|4H|W|10|CQ
3|3|237|229|243|288|4H|W|11|CQ
3|3|165|274|8|90|4H|W|10|CQ
3|30|54|73|75|170|4HX|W|9|ST
3|30|9|319|87|236|5D|S|11|C9
3|30|133|271|252|286|3N|S|9|H7
3|30|105|146|82|34|3H|E|8|C8
3|30|309|33|218|296|5D|S|12|C9
3|30|44|136|226|287|4HX|W|9|ST
3|30|292|100|293|110|3H|W|9|ST
3|30|285|298|283|294|4HX|E|9|HA
3|30|237|229|243|288|4H|W|7|ST
3|30|96|274|163|90|5D|S|12|C9
3|31|54|73|75|170|2S|W|9|CK
3|31|9|319|87|236|4S|E|10|C3
3|31|133|271|252|286|1N|S|9|H6
3|31|105|146|82|34|1N|E|7|C3
3|31|309|33|218|296|1N|N|7|S4
3|31|44|136|226|287|2S|E|9|C5
3|31|292|100|293|110|1N|N|7|SA
3|31|285|298|283|294|4S|E|10|DA
3|31|237|229|243|288|2S|E|9|C5
3|31|96|274|163|90|1N|E|7|C3
3|32|54|73|75|170|3N|S|10|H2
3|32|9|319|87|236|3N|S|8|D4
3|32|133|271|252|286|3N|S|8|H9
3|32|105|146|82|34|3N|S|8|HT
3|32|309|33|218|296|3N|S|8|C5
3|32|44|136|226|287|3N|S|9|HT
3|32|292|100|293|110|3N|S|8|C3
3|32|285|298|283|294|3N|S|6|C3
3|32|237|229|243|288|3N|S|9|HT
3|32|96|274|163|90|3N|S|9|DT
3|4|54|73|75|170|3N|N|10|SQ
3|4|9|319|87|236|3N|N|10|S7
3|4|104|256|276|198|3N|N|11|DT
3|4|105|146|82|34|3N|N|12|S6
3|4|309|44|218|226|3N|N|11|CK
3|4|80|136|234|287|3N|N|10|S6
3|4|124|7|172|110|3N|N|11|S6
3|4|45|298|283|294|3N|N|10|S6
3|4|237|229|243|288|3N|N|10|S6
3|4|165|274|8|90|3N|N|10|S6
3|5|54|73|75|170|4H|S|10|CK
3|5|9|319|87|236|4H|S|10|H5
3|5|104|256|276|198|1N|S|8|CA
3|5|105|146|82|34|1N|S|5|S6
3|5|309|44|218|226|4H|S|10|CA
3|5|80|136|234|287|4H|S|10|H5
3|5|124|7|172|110|2D|S|9|CA
3|5|45|298|283|294|4H|S|8|S4
3|5|237|229|243|288|3D|N|10|H9
3|5|165|274|8|90|3H|S|11|D8
3|6|54|73|75|170|6H|S|11|DJ
3|6|9|319|87|236|4H|N|11|D5
3|6|104|256|276|198|4H|N|11|CA
3|6|105|146|82|34|5H|N|11|DT
3|6|309|44|218|226|5H|N|11|DT
3|6|80|136|234|287|4H|N|11|S5
3|6|124|7|172|110|5H|N|11|S9
3|6|45|298|283|294|6H|N|11|S9
3|6|237|229|243|288|5H|S|11|DJ
3|6|165|274|8|90|5H|N|11|CA
3|7|54|73|75|170|2S|W|8|DK
3|7|9|319|87|236|3N|E|6|D8
3|7|104|256|276|198|4H|S|8|SA
3|7|105|146|82|34|4D|S|8|CK
3|7|309|44|218|226|3C|W|8|DK
3|7|80|136|234|287|2S|E|8|D8
3|7|124|7|172|110|3D|N|9|C8
3|7|45|298|283|294|2S|E|7|D8
3|7|237|229|243|288|3C|W|8|DK
3|7|165|274|8|90|3S|E|8|D8
3|8|54|73|75|170|4H|S|11|H5
3|8|9|319|87|236|5H|S|10|C2
3|8|104|256|276|198|4H|N|10|S3
3|8|105|146|82|34|5H|S|11|C2
3|8|309|44|218|226|4SX|W|9|HQ
3|8|80|136|234|287|4H|S|10|C2
3|8|124|7|172|110|4H|S|10|C5
3|8|45|298|283|294|4H|S|11|C5
3|8|237|229|243|288|4SX|E|7|S5
3|8|165|274|8|90|5H|S|10|C5
3|9|54|73|75|170|3N|E|7|DQ
3|9|9|319|87|236|2S|W|10|D2
3|9|104|256|276|198|3N|E|8|DQ
3|9|105|146|82|34|2S|E|10|DQ
3|9|309|44|218|226|3N|E|7|DQ
3|9|80|136|234|287|2S|W|10|D2
3|9|124|7|172|110|3N|E|7|DQ
3|9|45|298|283|294|3N|E|7|DQ
3|9|237|229|243|288|3N|E|7|DQ
3|9|165|274|8|90|3N|E|7|D4
4|1|82|319|286|236|4H|E|9|DK
4|1|54|105|75|156|4S|S|10|H9
4|1|44|133|226|252|5SX|N|9|CJ
4|1|212|80|119|234|4H|E|10|DK
4|1|285|136|283|287|4SX|S|10|SA
4|1|309|7|218|110|4S|S|10|HT
4|1|229|292|288|293|4S|N|9|CJ
4|1|124|165|172|8|4S|S|9|SA
4|1|237|9|243|87|4S|S|10|HT
4|1|73|274|170|90|4S|N|9|CJ
4|10|82|319|286|236|1N|E|7|H9
4|10|54|105|75|156|1N|E|6|SQ
4|10|44|133|226|252|2D|N|7|S6
4|10|212|80|119|234|2C|S|7|D4
4|10|285|136|283|287|2C|S|7|SK
4|10|309|7|218|110|1NX|E|8|HT
4|10|229|292|288|293|2D|N|9|S6
4|10|124|165|172|8|2D|N|8|SA
4|10|237|9|243|87|2C|S|5|C2
4|10|73|274|170|90|1N|E|7|SQ
4|11|82|319|286|236|4H|S|11|CA
4|11|54|105|75|156|4H|S|11|CA
4|11|44|133|226|252|4H|N|11|C5
4|11|212|80|119|234|4H|N|11|C5
4|11|285|136|283|287|4H|S|11|CK
4|11|309|7|218|110|4H|S|11|CA
4|11|229|292|288|293|4H|S|11|CA
4|11|124|165|172|8|4H|N|11|SA
4|11|237|9|243|87|4H|S|11|C2
4|11|73|274|170|90|4H|S|11|CK
4|12|82|319|286|236|2S|E|10|HA
4|12|54|105|75|156|4S|E|9|HJ
4|12|44|133|226|252|2S|E|9|HJ
4|12|212|80|119|234|4S|E|10|HJ
4|12|285|136|283|287|2S|E|10|HJ
4|12|309|7|218|110|2S|E|10|HJ
4|12|229|292|288|293|4S|E|10|HJ
4|12|124|165|172|8|4S|E|9|SA
4|12|237|9|243|87|4S|E|10|C2
4|12|73|274|170|90|4D|W|9|D7
4|13|82|319|286|236|2S|E|9|C5
4|13|54|105|75|156|3D|S|7|S3
4|13|44|133|226|252|4SX|E|10|C5
4|13|212|80|119|234|4D|S|10|S9
4|13|285|136|283|287|3D|N|9|CQ
4|13|309|7|218|110|2H|S|7|S9
4|13|229|292|288|293|5DX|N|10|CK
4|13|124|165|172|8|3D|S|9|SA
4|13|237|9|243|87|3S|E|8|C2
4|13|73|274|170|90|5DX|N|9|CK
4|14|82|319|286|236|4S|E|12|DQ
4|14|54|105|75|156|4S|E|12|DQ
4|14|44|133|226|252|5S|E|12|DQ
4|14|212|80|119|234|4S|E|12|DQ
4|14|285|136|283|287|4S|E|12|DQ
4|14|309|7|218|110|4S|E|12|DQ
4|14|229|292|288|293|5DX|S|7|DA
4|14|124|165|172|8|6S|E|11|SA
4|14|237|9|243|87|5S|E|12|C2
4|14|73|274|170|90|4S|E|12|DQ
4|15|82|319|286|236|4S|N|8|C3
4|15|54|105|75|156|4S|N|8|C6
4|15|44|133|226|252|2S|N|8|S2
4|15|212|80|119|234|4S|N|8|H9
4|15|285|136|283|287|3S|N|8|H9
4|15|309|7|218|110|3S|N|9|H9
4|15|229|292|288|293|3S|N|9|H6
4|15|124|165|172|8|3S|N|8|SA
4|15|237|9|243|87|3N|W|5|C2
4|15|73|274|170|90|4S|N|8|S2
4|16|82|319|286|236|4S|N|8|DJ
4|16|54|105|75|156|4H|N|8|DJ
4|16|44|133|226|252|4S|S|8|DA
4|16|212|80|119|234|4S|S|8|DA
4|16|285|136|283|287|4S|N|9|CT
4|16|309|7|218|110|3N|N|7|DJ
4|16|229|292|288|293|4S|N|8|DJ
4|16|124|165|172|8|4H|N|8|SA
4|16|237|9|243|87|4H|N|9|C2
4|16|73|274|170|90|4S|S|8|DA
4|17|271|319|286|236|3C|N|10|S5
4|17|54|82|75|132|3C|S|7|D7
4|17|44|133|226|252|4S|W|9|DA
4|17|104|33|276|296|3S|E|8|D5
4|17|45|136|285|287|3S|W|8|DK
4|17|309|100|218|110|3C|S|8|S7
4|17|96|292|163|293|1N|N|7|S4
4|17|298|165|294|8|3C|S|8|S7
4|17|237|73|243|170|3C|N|9|S8
4|17|9|274|87|90|3S|W|7|DA
4|18|271|319|286|236|5DX|W|11|CQ
4|18|54|82|75|132|5D|W|11|H4
4|18|44|133|226|252|5D|W|11|H4
4|18|104|33|276|296|5D|W|11|H4
4|18|45|136|285|287|5D|W|11|H4
4|18|309|100|218|110|5DX|W|11|H5
4|18|96|292|163|293|4H|S|10|CT
4|18|298|165|294|8|5DX|W|11|H9
4|18|237|73|243|170|5H|S|10|SK
4|18|9|274|87|90|5D|W|11|H9
4|19|271|319|286|236|3C|N|8|S2
4|19|54|82|75|132|3D|W|7|D2
4|19|44|133|226|252|3C|N|8|H5
4|19|104|33|276|296|3S|E|9|C8
4|19|45|136|285|287|3N|S|8|DK
4|19|309|100|218|110|3C|N|9|H5
4|19|96|292|163|293|3C|N|9|H8
4|19|298|165|294|8|2C|N|8|DQ
4|19|237|73|243|170|3S|E|8|C9
4|19|9|274|87|90|4S|W|8|CA
4|2|82|319|286|236|3H|E|9|S7
4|2|54|105|75|156|4S|W|9|C2
4|2|44|133|226|252|4H|W|10|SQ
4|2|212|80|119|234|4H|W|9|C3
4|2|285|136|283|287|4H|W|10|SQ
4|2|309|7|218|110|4S|W|9|C6
4|2|229|292|288|293|4S|W|9|C3
4|2|124|165|172|8|4H|E|9|SA
4|2|237|9|243|87|4H|W|10|SQ
4|2|73|274|170|90|4H|W|10|C6
4|20|271|319|286|236|1N|S|7|C3
4|20|54|82|75|132|3C|E|9|CA
4|20|44|133|226|252|2H|E|9|H7
4|20|104|33|276|296|4C|E|9|CA
4|20|45|136|285|287|2D|S|8|CT
4|20|309|100|218|110|3N|N|9|SQ
4|20|96|292|163|293|1N|S|9|S9
4|20|298|165|294|8|2N|E|7|D6
4|20|237|73|243|170|3C|W|8|CA
4|20|9|274|87|90|2N|E|6|D6
4|21|271|319|286|236|3NX|N|8|ST
4|21|54|82|75|132|4HX|E|8|C6
4|21|44|133|226|252|4SX|S|8|S4
4|21|104|33|276|296|4H|E|9|SQ
4|21|45|136|285|287|4H|E|9|SQ
4|21|309|100|218|110|4H|W|8|D8
4|21|96|292|163|293|4H|E|9|S6
4|21|298|165|294|8|4H|W|8|C8
4|21|237|73|243|170|4HX|E|9|H5
4|21|9|274|87|90|4H|E|9|SQ
4|22|271|319|286|236|1N|S|6|SJ
4|22|54|82|75|132|2S|E|6|D7
4|22|44|133|226|252|2D|N|8|CQ
4|22|104|33|276|296|2S|E|7|D8
4|22|45|136|285|287|2S|E|6|D8
4|22|309|100|218|110|2S|E|7|D7
4|22|96|292|163|293|2D|N|9|S4
4|22|298|165|294|8|2S|E|7|D8
4|22|237|73|243|170|1N|S|7|SJ
4|22|9|274|87|90|2S|E|7|D8
4|23|271|319|286|236|2S|W|9|S2
4|23|54|82|75|132|3N|W|6|D8
4|23|44|133|226|252|2S|E|10|DK
4|23|104|33|276|296|3N|W|6|D8
4|23|45|136|285|287|3N|E|7|DK
4|23|309|100|218|110|3N|W|7|D8
4|23|96|292|163|293|4H|E|9|DK
4|23|298|165|294|8|3N|W|6|D8
4|23|237|73|243|170|4H|E|10|DK
4|23|9|274|87|90|2S|E|10|DK
4|24|271|319|286|236|6D|W|12|C6
4|24|54|82|75|132|5D|E|12|CQ
4|24|44|133|226|252|6H|W|12|SK
4|24|104|33|276|296|6H|W|12|SK
4|24|45|136|285|287|3N|W|12|C4
4|24|309|100|218|110|6H|W|12|SK
4|24|96|292|163|293|6H|W|12|SK
4|24|298|165|294|8|6D|E|12|CQ
4|24|237|73|243|170|6H|W|12|SK
4|24|9|274|87|90|6H|W|11|SK
4|25|271|319|286|236|4H|N|9|DK
4|25|54|82|75|132|4H|N|9|DK
4|25|44|133|226|252|4H|S|8|D5
4|25|104|33|276|296|4H|N|9|DK
4|25|45|136|285|287|4H|N|11|DQ
4|25|309|100|218|110|4H|N|10|DK
4|25|96|292|163|293|4H|N|9|DK
4|25|298|165|294|8|4H|S|10|D5
4|25|237|73|243|170|4H|S|10|ST
4|25|9|274|87|90|4H|N|9|DK
4|26|271|319|286|236|3S|W|9|CA
4|26|54|82|75|132|4C|N|10|D5
4|26|44|133|226|252|4C|N|9|C6
4|26|104|33|276|296|3N|N|7|C6
4|26|45|136|285|287|2C|S|10|S5
4|26|309|100|218|110|4C|S|10|S4
4|26|96|292|163|293|1S|E|7|D3
4|26|298|165|294|8|3C|N|10|C6
4|26|237|73|243|170|4C|N|10|D5
4|26|9|274|87|90|3C|N|10|C6
4|27|271|319|286|236|3N|N|11|ST
4|27|54|82|75|132|3N|N|11|ST
4|27|44|133|226|252|6NX|N|10|HQ
4|27|104|33|276|296|3N|N|10|ST
4|27|45|136|285|287|3N|N|11|C3
4|27|309|100|218|110|3N|N|10|ST
4|27|96|292|163|293|3N|N|11|D8
4|27|298|165|294|8|3N|N|11|D2
4|27|237|73|243|170|3N|N|11|ST
4|27|9|274|87|90|3N|N|11|ST
4|28|271|319|286|236|3D|S|9|H9
4|28|54|82|75|132|3D|S|9|H9
4|28|44|133|226|252|3N|N|7|SQ
4|28|104|33|276|296|3S|W|8|HK
4|28|45|136|285|287|4SX|W|8|HK
4|28|309|100|218|110|2D|S|10|ST
4|28|96|292|163|293|3N|N|7|SQ
4|28|298|165|294|8|3N|N|7|SQ
4|28|237|73|243|170|3D|S|8|C2
4|28|9|274|87|90|3N|N|7|SQ
4|29|271|319|286|236|3N|N|9|C2
4|29|54|82|75|132|3C|S|10|H7
4|29|44|133|226|252|3N|N|9|HK
4|29|104|33|276|296|3N|N|9|H3
4|29|45|136|285|287|3C|S|10|H8
4|29|309|100|218|110|3C|S|10|H8
4|29|96|292|163|293|3D|N|9|C2
4|29|298|165|294|8|3N|N|10|H3
4|29|237|73|243|170|3N|S|10|H7
4|29|9|274|87|90|2H|E|6|CA
4|3|82|319|286|236|3N|E|9|H7
4|3|54|105|75|156|4D|E|10|C5
4|3|44|133|226|252|4H|W|11|DT
4|3|212|80|119|234|1DX|S|3|C5
4|3|285|136|283|287|3N|W|10|CJ
4|3|309|7|218|110|3N|E|10|D3
4|3|229|292|288|293|4CX|N|5|D5
4|3|124|165|172|8|4S|E|11|SA
4|3|237|9|243|87|3N|E|10|C2
4|3|73|274|170|90|3C|S|5|H8
4|30|271|319|286|236|3C|E|9|S3
4|30|54|82|75|132|4C|W|9|SA
4|30|44|133|226|252|3C|W|10|SA
4|30|104|33|276|296|3N|E|8|S2
4|30|45|136|285|287|3C|W|10|D6
4|30|309|100|218|110|3N|E|7|S3
4|30|96|292|163|293|3N|E|7|S3
4|30|298|165|294|8|2H|W|8|S2
4|30|237|73|243|170|3N|E|7|S3
4|30|9|274|87|90|3N|E|7|S3
4|31|271|319|286|236|2N|E|8|S9
4|31|54|82|75|132|3S|S|9|C8
4|31|44|133|226|252|2N|E|8|S7
4|31|104|33|276|296|3N|E|8|ST
4|31|45|136|285|287|3N|E|7|ST
4|31|309|100|218|110|4S|S|8|C3
4|31|96|292|163|293|3N|E|8|ST
4|31|298|165|294|8|3S|S|8|C3
4|31|237|73|243|170|3S|S|10|C8
4|31|9|274|87|90|2N|E|7|H7
4|32|271|319|286|236|4H|E|11|CQ
4|32|54|82|75|132|4H|E|11|CQ
4|32|44|133|226|252|4H|E|11|CQ
4|32|104|33|276|296|4H|E|11|CQ
4|32|45|136|285|287|4H|E|10|CQ
4|32|309|100|218|110|3N|E|10|CQ
4|32|96|292|163|293|4H|E|11|C5
4|32|298|165|294|8|4H|E|10|CQ
4|32|237|73|243|170|5D|W|11|C8
4|32|9|274|87|90|4H|E|12|S8
4|4|82|319|286|236|2N|E|10|C3
4|4|54|105|75|156|2N|E|9|C3
4|4|44|133|226|252|1N|E|7|C2
4|4|212|80|119|234|2C|S|7|CT
4|4|285|136|283|287|2D|E|7|C2
4|4|309|7|218|110|1N|W|5|S3
4|4|229|292|288|293|2D|W|7|H5
4|4|124|165|172|8|2C|S|7|SA
4|4|237|9|243|87|1N|E|5|C2
4|4|73|274|170|90|2S|W|6|H4
4|5|82|319|286|236|3N|S|9|S4
4|5|54|105|75|156|3N|N|9|ST
4|5|44|133|226|252|3N|S|9|S4
4|5|212|80|119|234|3N|S|10|SJ
4|5|285|136|283|287|3N|S|11|SQ
4|5|309|7|218|110|3N|S|11|H6
4|5|229|292|288|293|3N|S|9|SQ
4|5|124|165|172|8|3N|N|9|SA
4|5|237|9|243|87|3N|S|11|C2
4|5|73|274|170|90|3N|S|9|S4
4|6|82|319|286|236|4D|S|11|H5
4|6|54|105|75|156|4D|S|11|H8
4|6|44|133|226|252|6D|S|11|SJ
4|6|212|80|119|234|3N|S|11|S7
4|6|285|136|283|287|3D|N|12|H7
4|6|309|7|218|110|3D|S|11|SQ
4|6|229|292|288|293|3N|N|10|H3
4|6|124|165|172|8|3D|S|12|SA
4|6|237|9|243|87|5D|S|11|C2
4|6|73|274|170|90|5D|S|11|H9
4|7|82|319|286|236|2H|S|7|CA
4|7|54|105|75|156|3N|E|8|HQ
4|7|44|133|226|252|3H|S|7|CA
4|7|212|80|119|234|3N|W|10|S9
4|7|285|136|283|287|3N|W|9|S9
4|7|309|7|218|110|3N|E|8|HQ
4|7|229|292|288|293|3N|W|10|S9
4|7|124|165|172|8|1H|S|7|SA
4|7|237|9|243|87|1H|S|7|C2
4|7|73|274|170|90|3N|W|5|H8
4|8|82|319|286|236|2S|E|6|HA
4|8|54|105|75|156|4H|S|10|S7
4|8|44|133|226|252|2S|E|6|CJ
4|8|212|80|119|234|2H|N|9|S3
4|8|285|136|283|287|3S|E|6|HK
4|8|309|7|218|110|3H|S|9|S4
4|8|229|292|288|293|3H|N|9|SK
4|8|124|165|172|8|3H|N|9|SA
4|8|237|9|243|87|1S|E|7|C2
4|8|73|274|170|90|3S|E|7|HK
4|9|82|319|286|236|3N|N|7|S7
4|9|54|105|75|156|3N|N|7|S6
4|9|44|133|226|252|5C|N|9|SA
4|9|212|80|119|234|3N|N|9|S7
4|9|285|136|283|287|3N|S|9|ST
4|9|309|7|218|110|3N|N|9|SK
4|9|229|292|288|293|3N|S|7|ST
4|9|124|165|172|8|3N|N|7|S5
4|9|237|9|243|87|3N|N|6|C2
4|9|73|274|170|90|4H|N|9|SK
5|1|319|80|236|234|4H|S|9|D8
5|1|33|54|296|75|3N|N|7|D7
5|1|104|7|276|110|4H|N|8|S2
5|1|45|212|283|119|4H|S|9|SA
5|1|309|298|218|294|3H|S|10|D8
5|1|124|136|172|287|4H|S|10|D3
5|1|271|274|286|90|3N|N|7|D7
5|1|237|105|243|156|3N|N|8|H8
5|1|9|229|87|288|4H|S|9|D8
5|1|96|73|163|170|4H|S|11|D3
5|10|319|80|236|234|2H|E|7|D4
5|10|33|54|296|75|3D|E|9|C6
5|10|104|7|276|110|3D|E|10|C6
5|10|45|212|283|119|2D|E|8|C8
5|10|309|298|218|294|4D|E|9|C6
5|10|124|136|172|287|3D|E|9|D3
5|10|271|274|286|90|3D|E|9|D4
5|10|237|105|243|156|3D|E|10|D4
5|10|9|229|87|288|3D|E|10|C6
5|10|96|73|163|170|2D|E|10|S5
5|11|319|80|236|234|4S|N|10|CJ
5|11|33|54|296|75|4S|N|10|HQ
5|11|104|7|276|110|5HX|W|9|H3
5|11|45|212|283|119|4S|N|10|HQ
5|11|309|298|218|294|4S|N|10|HQ
5|11|124|136|172|287|3S|N|10|H3
5|11|271|274|286|90|4S|N|10|HQ
5|11|237|105|243|156|3S|N|10|HQ
5|11|9|229|87|288|4S|N|10|HQ
5|11|96|73|163|170|2S|N|10|HQ
5|12|319|80|236|234|4S|W|10|CA
5|12|33|54|296|75|3D|S|12|SK
5|12|104|7|276|110|4S|W|9|CA
5|12|45|212|283|119|4D|S|11|SK
5|12|309|298|218|294|5DX|S|9|SK
5|12|124|136|172|287|4S|W|9|CA
5|12|271|274|286|90|2S|W|9|CA
5|12|237|105|243|156|4H|E|8|C8
5|12|9|229|87|288|3D|S|10|SK
5|12|96|73|163|170|3N|S|3|SK
5|13|319|80|236|234|6C|W|12|DK
5|13|33|54|296|75|6C|E|12|DA
5|13|104|7|276|110|6C|W|12|DK
5|13|45|212|283|119|4H|E|11|SA
5|13|309|298|218|294|5C|E|12|SA
5|13|124|136|172|287|4H|W|10|DK
5|13|271|274|286|90|6C|E|12|DA
5|13|237|105|243|156|4H|W|11|DK
5|13|9|229|87|288|5H|E|11|C6
5|13|96|73|163|170|4H|E|11|SA
5|14|319|80|236|234|5D|W|12|SK
5|14|33|54|296|75|6D|W|12|CA
5|14|104|7|276|110|6DX|W|12|D2
5|14|45|212|283|119|5D|E|12|S5
5|14|309|298|218|294|6CX|E|12|S4
5|14|124|136|172|287|6DX|E|12|SA
5|14|271|274|286|90|4S|N|10|H2
5|14|237|105|243|156|4S|S|11|C4
5|14|9|229|87|288|6S|S|11|DA
5|14|96|73|163|170|5SX|S|11|C4
5|15|319|80|236|234|2H|E|8|SA
5|15|33|54|296|75|2S|S|6|CK
5|15|104|7|276|110|2H|E|9|SA
5|15|45|212|283|119|2H|E|8|SK
5|15|309|298|218|294|2H|E|9|SK
5|15|124|136|172|287|2S|S|6|H9
5|15|271|274|286|90|2H|E|9|SA
5|15|237|105|243|156|2H|E|9|SK
5|15|9|229|87|288|2H|E|9|SA
5|15|96|73|163|170|2H|E|8|SK
5|16|319|80|236|234|1N|W|7|HT
5|16|33|54|296|75|2SX|N|7|S6
5|16|104|7|276|110|1NX|W|9|SQ
5|16|45|212|283|119|3N|W|9|S8
5|16|124|136|172|287|1N|W|9|SQ
5|16|271|274|286|90|3N|W|9|C8
5|16|237|105|243|156|1N|W|8|S3
5|16|9|229|87|288|2N|W|9|SQ
5|16|96|73|163|170|2N|W|9|H7
5|17|54|44|75|226|4H|E|10|SJ
5|17|80|319|234|236|3H|E|10|SJ
5|17|104|7|276|100|4H|E|10|SJ
5|17|285|133|283|252|4H|E|10|SJ
5|17|136|298|287|294|4H|E|10|HT
5|17|292|309|293|218|4H|E|10|SJ
5|17|271|274|286|90|4H|E|10|SJ
5|17|237|82|243|132|4H|E|10|HT
5|17|9|229|87|288|3S|N|7|HA
5|17|96|73|163|170|4H|E|10|SJ
5|18|54|44|75|226|3N|S|10|S4
5|18|80|319|234|236|1N|S|10|S4
5|18|104|7|276|100|1N|S|10|S5
5|18|285|133|283|252|3N|N|11|HQ
5|18|136|298|287|294|3N|S|10|H8
5|18|292|309|293|218|3N|S|9|S5
5|18|271|274|286|90|3N|S|10|H8
5|18|237|82|243|132|3N|S|10|H2
5|18|9|229|87|288|3N|S|10|H8
5|18|96|73|163|170|3N|S|9|H3
5|19|54|44|75|226|3N|W|8|C3
5|19|80|319|234|236|2S|W|9|C2
5|19|104|7|276|100|3N|W|7|C8
5|19|285|133|283|252|3N|W|8|C2
5|19|136|298|287|294|3N|W|8|C7
5|19|292|309|293|218|3N|W|8|C3
5|19|271|274|286|90|3N|W|7|C3
5|19|237|82|243|132|3N|W|7|C3
5|19|9|229|87|288|3N|W|8|C8
5|19|96|73|163|170|3N|W|8|C3
5|2|319|80|236|234|4N|W|10|S6
5|2|33|54|296|75|3N|E|10|ST
5|2|104|7|276|110|3N|E|11|C3
5|2|45|212|283|119|4N|E|9|C3
5|2|309|298|218|294|3N|W|10|H6
5|2|124|136|172|287|4H|E|8|DQ
5|2|271|274|286|90|3N|W|10|H4
5|2|237|105|243|156|3N|E|10|C4
5|2|9|229|87|288|3N|W|10|H4
5|2|96|73|163|170|3N|E|9|SJ
5|20|54|44|75|226|2D|N|9|H2
5|20|80|319|234|236|3N|N|9|C3
5|20|104|7|276|100|3N|N|9|S3
5|20|285|133|283|252|2H|S|9|S4
5|20|136|298|287|294|2H|S|10|S4
5|20|292|309|293|218|3N|N|11|DT
5|20|271|274|286|90|3N|N|10|DT
5|20|237|82|243|132|3N|N|10|S3
5|20|9|229|87|288|2D|N|12|H2
5|20|96|73|163|170|2N|N|10|DT
5|21|54|44|75|226|6H|N|12|H2
5|21|80|319|234|236|4H|N|12|D5
5|21|104|7|276|100|6H|N|12|C8
5|21|285|133|283|252|6S|N|11|C8
5|21|136|298|287|294|6N|N|12|D2
5|21|292|309|293|218|4H|N|12|C7
5|21|271|274|286|90|6N|N|12|H6
5|21|237|82|243|132|4N|N|12|D3
5|21|9|229|87|288|3N|N|12|D3
5|21|96|73|163|170|3N|N|12|D3
5|22|54|44|75|226|6CX|N|5|C4
5|22|80|319|234|236|5CX|N|5|H7
5|22|104|7|276|100|6H|W|10|CQ
5|22|285|133|283|252|4H|W|10|CQ
5|22|136|298|287|294|6H|W|10|S4
5|22|292|309|293|218|6H|W|10|CQ
5|22|271|274|286|90|6H|W|10|CQ
5|22|237|82|243|132|6N|E|11|C9
5|22|9|229|87|288|6H|W|10|CQ
5|22|96|73|163|170|3N|E|12|C7
5|23|54|44|75|226|2S|W|7|D2
5|23|80|319|234|236|2H|S|6|DJ
5|23|104|7|276|100|2S|W|8|D2
5|23|285|133|283|252|2S|W|7|C3
5|23|136|298|287|294|2S|W|7|D2
5|23|292|309|293|218|3D|E|8|HT
5|23|271|274|286|90|1S|W|7|D2
5|23|237|82|243|132|1N|S|7|S7
5|23|9|229|87|288|2S|W|7|D2
5|23|96|73|163|170|2S|W|7|C7
5|24|54|44|75|226|2H|E|6|CQ
5|24|80|319|234|236|3N|N|9|D3
5|24|104|7|276|100|3N|S|9|H6
5|24|285|133|283|252|2H|W|5|H3
5|24|136|298|287|294|3C|S|10|C3
5|24|292|309|293|218|3N|S|10|H6
5|24|271|274|286|90|2S|E|5|CQ
5|24|237|82|243|132|3C|N|9|H5
5|24|9|229|87|288|2S|W|5|CA
5|24|96|73|163|170|5D|E|9|D5
5|25|54|44|75|226|3N|E|11|HQ
5|25|80|319|234|236|3N|E|11|HQ
5|25|104|7|276|100|3N|E|11|HQ
5|25|285|133|283|252|3N|E|11|HQ
5|25|136|298|287|294|3N|W|10|S3
5|25|292|309|293|218|3N|E|11|HQ
5|25|271|274|286|90|3N|E|11|HQ
5|25|237|82|243|132|3N|W|11|HQ
5|25|9|229|87|288|3N|E|11|HQ
5|25|96|73|163|170|3N|E|12|H7
5|26|54|44|75|226|7N|W|13|S6
5|26|80|319|234|236|6N|E|13|D7
5|26|104|7|276|100|7C|W|13|C5
5|26|285|133|283|252|7N|E|13|HJ
5|26|136|298|287|294|4N|E|13|D6
5|26|292|309|293|218|7N|E|13|DJ
5|26|271|274|286|90|6C|E|13|DJ
5|26|237|82|243|132|4N|E|13|HJ
5|26|9|229|87|288|7C|E|13|HJ
5|26|96|73|163|170|6N|E|12|D3
5|27|54|44|75|226|2S|N|7|CA
5|27|80|319|234|236|2S|N|7|CA
5|27|104|7|276|100|1N|N|5|H5
5|27|285|133|283|252|1N|N|7|CA
5|27|136|298|287|294|3H|W|8|S6
5|27|292|309|293|218|3H|W|9|S6
5|27|271|274|286|90|3H|W|9|HA
5|27|237|82|243|132|2S|N|7|CA
5|27|9|229|87|288|3H|W|8|S6
5|27|96|73|163|170|3S|N|7|CK
5|28|54|44|75|226|4H|N|11|S6
5|28|80|319|234|236|4H|N|11|ST
5|28|104|7|276|100|4H|N|11|H4
5|28|285|133|283|252|6H|N|11|DA
5|28|136|298|287|294|4H|N|11|ST
5|28|292|309|293|218|4H|N|11|C6
5|28|271|274|286|90|4H|N|11|S6
5|28|237|82|243|132|4H|N|11|S5
5|28|9|229|87|288|4H|N|11|ST
5|28|96|73|163|170|4H|N|11|C6
5|29|54|44|75|226|2N|S|8|HJ
5|29|80|319|234|236|2S|S|4|CA
5|29|104|7|276|100|3HX|W|9|H2
5|29|285|133|283|252|3H|W|9|S8
5|29|136|298|287|294|2N|N|7|C7
5|29|292|309|293|218|2H|W|9|C5
5|29|271|274|286|90|2N|N|7|C7
5|29|237|82|243|132|2S|S|4|HJ
5|29|9|229|87|288|3H|W|9|S8
5|29|96|73|163|170|P||0|
5|3|319|80|236|234|6N|S|12|DJ
5|3|33|54|296|75|6N|S|12|C3
5|3|104|7|276|110|6N|S|12|C3
5|3|45|212|283|119|3N|S|10|C2
5|3|309|298|218|294|6D|N|12|C7
5|3|124|136|172|287|4N|S|12|C6
5|3|271|274|286|90|6N|S|12|H4
5|3|237|105|243|156|6N|S|12|C6
5|3|9|229|87|288|3N|S|12|C6
5|3|96|73|163|170|3N|S|12|C3
5|30|54|44|75|226|4H|E|10|DQ
5|30|80|319|234|236|3N|W|8|S3
5|30|104|7|276|100|5C|W|11|SA
5|30|285|133|283|252|5C|W|13|C4
5|30|136|298|287|294|4H|E|10|DJ
5|30|292|309|293|218|4H|E|10|DQ
5|30|271|274|286|90|5C|W|11|C4
5|30|237|82|243|132|4SX|N|8|HK
5|30|9|229|87|288|4H|E|10|DQ
5|30|96|73|163|170|4H|E|10|DQ
5|31|54|44|75|226|4H|N|11|S7
5|31|80|319|234|236|4H|N|10|S8
5|31|104|7|276|100|3N|N|8|C3
5|31|285|133|283|252|4H|N|10|DK
5|31|136|298|287|294|4H|N|10|H5
5|31|292|309|293|218|4H|N|11|S6
5|31|271|274|286|90|4H|N|10|S6
5|31|237|82|243|132|4H|N|10|H6
5|31|9|229|87|288|4H|N|10|H5
5|31|96|73|163|170|3N|N|9|H6
5|32|54|44|75|226|2N|E|5|H7
5|32|80|319|234|236|1N|E|7|H9
5|32|104|7|276|100|2D|E|8|H9
5|32|285|133|283|252|3N|W|7|CJ
5|32|136|298|287|294|2D|E|8|H7
5|32|292|309|293|218|3N|W|7|S5
5|32|271|274|286|90|2N|E|8|H9
5|32|237|82|243|132|3D|E|9|H9
5|32|9|229|87|288|3D|E|7|H9
5|32|96|73|163|170|3N|E|5|C3
5|4|319|80|236|234|2C|W|6|DK
5|4|33|54|296|75|2S|E|7|CJ
5|4|104|7|276|110|2C|S|7|S4
5|4|45|212|283|119|2S|E|6|CJ
5|4|309|298|218|294|2H|W|7|DK
5|4|124|136|172|287|2S|E|6|CJ
5|4|271|274|286|90|2C|E|6|DJ
5|4|237|105|243|156|2S|E|7|CJ
5|4|9|229|87|288|2S|E|6|H6
5|4|96|73|163|170|3N|N|8|C2
5|5|319|80|236|234|1N|W|6|D2
5|5|33|54|296|75|1N|N|8|S4
5|5|104|7|276|110|2N|N|8|S4
5|5|45|212|283|119|2C|W|9|SA
5|5|309|298|218|294|1N|N|8|S5
5|5|124|136|172|287|1C|N|6|S5
5|5|271|274|286|90|2S|E|7|D3
5|5|237|105|243|156|3D|N|9|H8
5|5|9|229|87|288|3D|N|9|S3
5|5|96|73|163|170|2S|E|7|D7
5|6|319|80|236|234|2S|N|8|SQ
5|6|33|54|296|75|2S|S|6|CJ
5|6|104|7|276|110|2S|N|7|SQ
5|6|45|212|283|119|2S|S|9|CJ
5|6|309|298|218|294|3C|E|8|S7
5|6|124|136|172|287|2N|E|7|H3
5|6|271|274|286|90|1N|W|6|H2
5|6|237|105|243|156|2S|S|8|CJ
5|6|9|229|87|288|1N|E|7|S3
5|6|96|73|163|170|1N|W|6|H2
5|7|319|80|236|234|3N|E|7|CQ
5|7|33|54|296|75|6H|W|9|SJ
5|7|104|7|276|110|4H|W|9|SJ
5|7|45|212|283|119|4H|W|9|SJ
5|7|309|298|218|294|5H|W|9|SJ
5|7|124|136|172|287|6H|W|9|SJ
5|7|271|274|286|90|7H|W|9|SJ
5|7|237|105|243|156|4H|W|9|SJ
5|7|9|229|87|288|4H|W|10|SJ
5|7|96|73|163|170|4H|W|10|SJ
5|8|319|80|236|234|3C|W|7|SK
5|8|33|54|296|75|3SX|N|7|HA
5|8|104|7|276|110|3D|W|9|SK
5|8|45|212|283|119|2N|E|8|S3
5|8|309|298|218|294|3N|W|8|H2
5|8|124|136|172|287|2H|S|7|DA
5|8|271|274|286|90|2H|S|6|SJ
5|8|237|105|243|156|2N|E|7|S3
5|8|9|229|87|288|2N|W|6|HK
5|8|96|73|163|170|3N|W|8|HK
5|9|319|80|236|234|4H|N|11|SJ
5|9|33|54|296|75|6H|N|11|DA
5|9|104|7|276|110|4H|N|11|SJ
5|9|45|212|283|119|6H|N|11|DA
5|9|309|298|218|294|4H|N|12|DA
5|9|124|136|172|287|4H|N|11|ST
5|9|271|274|286|90|4H|N|12|C9
5|9|237|105|243|156|4S|W|6|HQ
5|9|9|229|87|288|2DX|E|6|S7
5|9|96|73|163|170|4H|N|11|SJ
6|1|54|7|75|110|3H|W|8|H4
6|1|45|319|285|236|4C|S|9|SJ
6|1|124|104|172|276|4D|S|11|H6
6|1|146|292|34|293|4H|W|8|S5
6|1|96|136|163|287|3S|S|8|H5
6|1|309|165|218|8|2S|N|7|HA
6|1|237|80|243|234|4H|E|9|C4
6|1|33|274|296|90|3H|E|9|CA
6|1|9|105|87|156|3C|S|10|H5
6|1|82|73|132|170|2S|N|7|S3
6|10|54|7|75|110|3D|E|11|SA
6|10|45|319|285|236|2H|E|9|H7
6|10|124|104|172|276|2S|N|7|SJ
6|10|146|292|34|293|3N|E|8|SK
6|10|96|136|163|287|3H|E|10|SK
6|10|309|165|218|8|3S|N|6|DK
6|10|237|80|243|234|3S|N|7|DK
6|10|33|274|296|90|2SX|N|6|S2
6|10|9|105|87|156|3D|E|11|SA
6|10|82|73|132|170|3N|E|8|SA
6|11|54|7|75|110|4D|N|11|H2
6|11|45|319|285|236|2N|N|9|HJ
6|11|124|104|172|276|3N|S|9|H9
6|11|146|292|34|293|3N|S|9|HT
6|11|96|136|163|287|3N|S|10|H6
6|11|309|165|218|8|2N|S|8|H5
6|11|237|80|243|234|3N|S|12|H5
6|11|33|274|296|90|2N|S|8|H6
6|11|9|105|87|156|3D|N|11|H8
6|11|82|73|132|170|3H|W|8|CT
6|12|54|7|75|110|6S|W|12|DK
6|12|45|319|285|236|6S|W|12|DK
6|12|124|104|172|276|6S|E|12|DK
6|12|146|292|34|293|6S|W|12|DK
6|12|96|136|163|287|6S|E|12|D5
6|12|309|165|218|8|6S|E|12|D5
6|12|237|80|243|234|6S|W|12|DQ
6|12|33|274|296|90|6S|E|12|C2
6|12|9|105|87|156|6S|W|12|DK
6|12|82|73|132|170|6S|E|12|D5
6|13|54|7|75|110|2S|W|4|DA
6|13|45|319|285|236|2H|N|8|H6
6|13|124|104|172|276|2H|N|9|CK
6|13|146|292|34|293|2H|N|9|H7
6|13|96|136|163|287|4HX|N|10|SA
6|13|309|165|218|8|2S|S|8|C4
6|13|237|80|243|234|2D|S|8|C4
6|13|33|274|296|90|2D|S|9|D3
6|13|9|105|87|156|2H|N|10|H6
6|13|82|73|132|170|2N|E|6|DT
6|14|54|7|75|110|3N|S|12|SQ
6|14|45|319|285|236|6D|S|12|H8
6|14|124|104|172|276|3N|S|12|SQ
6|14|146|292|34|293|3N|S|12|SQ
6|14|96|136|163|287|6N|N|12|H2
6|14|309|165|218|8|3N|S|12|SQ
6|14|237|80|243|234|6N|N|11|H5
6|14|33|274|296|90|4N|N|11|H5
6|14|9|105|87|156|3N|N|11|H3
6|14|82|73|132|170|3N|S|12|H2
6|15|54|7|75|110|2S|N|8|C2
6|15|45|319|285|236|2S|N|8|SJ
6|15|124|104|172|276|3D|N|10|SJ
6|15|146|292|34|293|3N|N|9|SJ
6|15|96|136|163|287|3N|S|9|H6
6|15|309|165|218|8|3N|N|9|SJ
6|15|237|80|243|234|2S|N|8|C2
6|15|33|274|296|90|2S|N|8|S5
6|15|9|105|87|156|2H|S|8|H5
6|15|82|73|132|170|3N|S|8|H5
6|16|54|7|75|110|4S|N|11|H2
6|16|45|319|285|236|4S|N|11|CA
6|16|124|104|172|276|4H|N|11|CA
6|16|146|292|34|293|4H|N|10|S6
6|16|96|136|163|287|4H|N|11|CA
6|16|309|165|218|8|4H|N|11|H2
6|16|237|80|243|234|6S|N|10|H2
6|16|33|274|296|90|4H|N|11|H3
6|16|9|105|87|156|4H|N|9|CA
6|16|82|73|132|170|4H|N|11|H2
6|17|45|319|283|236|4H|N|10|D7
6|17|54|100|75|110|4H|N|10|S3
6|17|298|133|294|252|4H|N|10|S3
6|17|146|124|34|172|4H|N|10|S3
6|17|229|136|288|287|4H|N|11|S3
6|17|309|165|218|8|3H|N|10|S3
6|17|237|44|243|226|4H|N|11|C7
6|17|33|274|296|90|4H|N|10|S3
6|17|9|105|87|156|4H|N|10|S2
6|17|82|73|132|170|4H|N|11|S2
6|18|45|319|283|236|6D|W|12|S5
6|18|54|100|75|110|6D|E|12|H5
6|18|298|133|294|252|6D|E|12|S3
6|18|146|124|34|172|6D|W|12|S7
6|18|229|136|288|287|6D|E|12|H4
6|18|309|165|218|8|6D|E|12|CQ
6|18|237|44|243|226|5D|W|12|S5
6|18|33|274|296|90|6D|E|12|H4
6|18|9|105|87|156|2D|E|12|S7
6|18|82|73|132|170|5D|E|12|H3
6|19|45|319|283|236|2S|N|7|C8
6|19|54|100|75|110|4H|E|8|DA
6|19|298|133|294|252|4C|W|8|S9
6|19|146|124|34|172|4H|E|7|DA
6|19|229|136|288|287|3D|N|7|C8
6|19|309|165|218|8|3H|E|8|D8
6|19|237|44|243|226|3H|E|8|DA
6|19|33|274|296|90|4D|N|9|C8
6|19|9|105|87|156|3D|N|9|C8
6|19|82|73|132|170|4C|W|6|DQ
6|2|54|7|75|110|3N|W|8|C6
6|2|45|319|285|236|3N|W|8|H2
6|2|124|104|172|276|3N|W|7|C6
6|2|146|292|34|293|3N|E|8|S2
6|2|96|136|163|287|5D|E|9|H6
6|2|309|165|218|8|3N|W|8|H7
6|2|237|80|243|234|3N|W|9|H5
6|2|33|274|296|90|3N|W|9|H2
6|2|9|105|87|156|3N|W|8|H5
6|2|82|73|132|170|3N|W|9|C6
6|20|45|319|283|236|2H|W|8|SQ
6|20|54|100|75|110|2S|W|7|DJ
6|20|298|133|294|252|4S|W|7|DJ
6|20|146|124|34|172|4H|E|7|D6
6|20|229|136|288|287|2H|E|7|S2
6|20|309|165|218|8|2H|W|7|DJ
6|20|237|44|243|226|4H|E|7|C4
6|20|33|274|296|90|4S|W|7|DJ
6|20|9|105|87|156|3H|E|8|D7
6|20|82|73|132|170|3H|W|7|DJ
6|21|45|319|283|236|5CX|E|9|HA
6|21|54|100|75|110|4H|N|10|CA
6|21|298|133|294|252|4H|N|10|HT
6|21|146|124|34|172|5H|N|10|D6
6|21|229|136|288|287|5CX|E|9|C5
6|21|309|165|218|8|5CX|E|9|HA
6|21|237|44|243|226|4H|N|10|D4
6|21|33|274|296|90|4H|N|10|CA
6|21|9|105|87|156|4S|W|8|DA
6|21|82|73|132|170|4H|N|10|HT
6|22|45|319|283|236|6DX|E|9|SA
6|22|54|100|75|110|3S|N|8|DA
6|22|298|133|294|252|3S|N|8|DA
6|22|146|124|34|172|3H|E|9|H5
6|22|229|136|288|287|3S|S|8|C5
6|22|309|165|218|8|2S|S|8|DA
6|22|237|44|243|226|4SX|N|7|DA
6|22|33|274|296|90|5HXX|E|9|H5
6|22|9|105|87|156|2S|N|7|DA
6|22|82|73|132|170|2H|E|10|D3
6|23|45|319|283|236|3N|E|9|S6
6|23|54|100|75|110|4S|E|8|C5
6|23|298|133|294|252|3S|E|8|C5
6|23|146|124|34|172|4S|E|9|C5
6|23|229|136|288|287|5S|E|9|C5
6|23|309|165|218|8|3S|E|9|C5
6|23|237|44|243|226|4S|E|9|S3
6|23|33|274|296|90|2S|E|9|C5
6|23|9|105|87|156|4S|E|7|C5
6|23|82|73|132|170|3N|E|6|S3
6|24|45|319|283|236|4HX|E|7|S4
6|24|54|100|75|110|4HX|E|7|S2
6|24|298|133|294|252|4HX|E|7|S7
6|24|146|124|34|172|4S|N|12|HQ
6|24|229|136|288|287|4S|N|12|HA
6|24|309|165|218|8|4HX|E|7|S7
6|24|237|44|243|226|7S|N|12|HA
6|24|33|274|296|90|4S|N|12|HK
6|24|9|105|87|156|4HX|E|7|S7
6|24|82|73|132|170|4S|N|12|HK
6|25|45|319|283|236|3NX|S|8|S5
6|25|54|100|75|110|3D|N|10|D4
6|25|298|133|294|252|4D|N|9|SA
6|25|146|124|34|172|3D|N|10|SA
6|25|229|136|288|287|4C|W|10|H8
6|25|309|165|218|8|3D|N|11|SA
6|25|237|44|243|226|3N|S|9|CQ
6|25|33|274|296|90|4D|N|10|SA
6|25|9|105|87|156|3N|S|9|CQ
6|25|82|73|132|170|5D|N|9|SK
6|26|45|319|283|236|3H|W|10|S2
6|26|54|100|75|110|4H|W|10|S2
6|26|298|133|294|252|3H|W|10|S2
6|26|146|124|34|172|4H|W|10|S3
6|26|229|136|288|287|6HX|W|10|CA
6|26|309|165|218|8|4H|W|10|S3
6|26|237|44|243|226|3S|S|7|H7
6|26|33|274|296|90|3S|S|8|HT
6|26|9|105|87|156|4S|N|8|HK
6|26|82|73|132|170|4H|W|10|S3
6|27|45|319|283|236|3N|S|8|HT
6|27|54|100|75|110|3D|S|9|S2
6|27|298|133|294|252|4HX|W|10|DQ
6|27|146|124|34|172|3D|N|9|HQ
6|27|229|136|288|287|2H|W|10|DQ
6|27|309|165|218|8|3H|W|10|DQ
6|27|237|44|243|226|3H|W|9|DQ
6|27|33|274|296|90|4H|W|10|DQ
6|27|9|105|87|156|3D|N|9|HQ
6|27|82|73|132|170|3D|N|9|HQ
6|28|45|319|283|236|2S|W|7|H4
6|28|54|100|75|110|2N|E|6|CJ
6|28|298|133|294|252|2S|W|7|H4
6|28|146|124|34|172|2N|E|7|CJ
6|28|229|136|288|287|2S|W|7|C7
6|28|309|165|218|8|2S|W|8|SQ
6|28|237|44|243|226|2S|W|7|C7
6|28|33|274|296|90|3N|E|8|CJ
6|28|9|105|87|156|2S|W|8|C7
6|28|82|73|132|170|3S|W|8|H8
6|29|45|319|283|236|3S|E|9|DA
6|29|54|100|75|110|5CX|E|7|H6
6|29|298|133|294|252|5HX|N|11|CA
6|29|146|124|34|172|5CX|E|7|HJ
6|29|229|136|288|287|4S|W|7|HA
6|29|309|165|218|8|5HX|N|11|CA
6|29|237|44|243|226|4HX|N|12|CA
6|29|33|274|296|90|5CX|E|7|CJ
6|29|9|105|87|156|5HX|N|11|CA
6|29|82|73|132|170|5CX|E|7|CQ
6|3|54|7|75|110|5DX|N|10|D3
6|3|45|319|285|236|4H|W|10|CK
6|3|124|104|172|276|3H|E|10|D8
6|3|146|292|34|293|5CX|N|11|H6
6|3|96|136|163|287|5C|S|9|D2
6|3|309|165|218|8|5C|N|10|CA
6|3|237|80|243|234|4HX|W|10|CK
6|3|33|274|296|90|4H|E|8|D8
6|3|9|105|87|156|4H|W|10|CK
6|3|82|73|132|170|4H|W|10|CK
6|30|45|319|283|236|2S|W|8|H4
6|30|54|100|75|110|2D|E|7|CK
6|30|298|133|294|252|3H|W|7|H4
6|30|146|124|34|172|2S|W|8|H9
6|30|229|136|288|287|2H|W|9|S4
6|30|309|165|218|8|2D|E|7|CK
6|30|237|44|243|226|2S|W|8|H4
6|30|33|274|296|90|2S|W|8|H4
6|30|9|105|87|156|2S|W|9|H4
6|30|82|73|132|170|2S|W|9|H9
6|31|45|319|283|236|5H|W|11|CQ
6|31|54|100|75|110|4H|W|11|CQ
6|31|298|133|294|252|4H|W|11|CQ
6|31|146|124|34|172|4H|W|11|CQ
6|31|229|136|288|287|4H|W|11|CQ
6|31|309|165|218|8|4H|W|11|CQ
6|31|237|44|243|226|4H|E|11|DQ
6|31|33|274|296|90|3H|W|11|DA
6|31|9|105|87|156|3H|W|10|CQ
6|31|82|73|132|170|4H|W|10|CQ
6|32|45|319|283|236|P||0|
6|32|54|100|75|110|P||0|
6|32|298|133|294|252|P||0|
6|32|146|124|34|172|P||0|
6|32|229|136|288|287|P||0|
6|32|309|165|218|8|P||0|
6|32|237|44|243|226|P||0|
6|32|33|274|296|90|3D|E|8|D2
6|32|9|105|87|156|P||0|
6|32|82|73|132|170|P||0|
6|4|54|7|75|110|3H|S|9|DK
6|4|45|319|285|236|4D|W|10|HK
6|4|124|104|172|276|3H|S|8|DA
6|4|146|292|34|293|3D|W|10|HK
6|4|96|136|163|287|3S|N|8|D2
6|4|309|165|218|8|2S|N|9|H9
6|4|237|80|243|234|3S|N|8|H9
6|4|33|274|296|90|3D|W|10|HK
6|4|9|105|87|156|3H|S|7|DA
6|4|82|73|132|170|4C|W|9|HQ
6|5|54|7|75|110|4S|S|10|DK
6|5|45|319|285|236|4S|S|10|DA
6|5|124|104|172|276|4SX|S|10|C2
6|5|146|292|34|293|4SX|S|10|DA
6|5|96|136|163|287|4S|S|10|S4
6|5|309|165|218|8|3S|S|10|C2
6|5|237|80|243|234|4SX|S|10|DA
6|5|33|274|296|90|5CX|E|10|SK
6|5|9|105|87|156|4S|S|10|DA
6|5|82|73|132|170|4H|N|11|S2
6|6|54|7|75|110|3N|E|11|H7
6|6|45|319|285|236|3N|E|11|CQ
6|6|124|104|172|276|5D|W|11|H4
6|6|146|292|34|293|6D|W|11|C7
6|6|96|136|163|287|3N|W|10|S8
6|6|309|165|218|8|5D|W|12|H6
6|6|237|80|243|234|3N|E|12|S3
6|6|33|274|296|90|3N|W|11|D7
6|6|9|105|87|156|3N|W|11|H2
6|6|82|73|132|170|3N|E|13|H7
6|7|54|7|75|110|4H|W|10|SQ
6|7|45|319|285|236|4H|W|11|SQ
6|7|124|104|172|276|4SX|S|8|HA
6|7|146|292|34|293|4H|E|11|C8
6|7|96|136|163|287|5H|W|10|SQ
6|7|309|165|218|8|5H|W|10|H7
6|7|237|80|243|234|4H|W|10|CQ
6|7|33|274|296|90|4H|W|10|SQ
6|7|9|105|87|156|4H|W|10|DQ
6|7|82|73|132|170|4H|E|12|DA
6|8|54|7|75|110|1N|E|8|S2
6|8|45|319|285|236|1N|W|8|HJ
6|8|124|104|172|276|1N|W|6|HJ
6|8|146|292|34|293|1N|W|6|HJ
6|8|96|136|163|287|1S|W|7|HJ
6|8|309|165|218|8|1NX|W|6|HJ
6|8|237|80|243|234|1NX|W|7|HJ
6|8|33|274|296|90|1N|W|7|HJ
6|8|9|105|87|156|1N|E|6|HK
6|8|82|73|132|170|1N|E|5|HJ
6|9|54|7|75|110|3N|W|10|S5
6|9|45|319|285|236|3HX|N|7|DA
6|9|124|104|172|276|3N|E|11|C3
6|9|146|292|34|293|3N|W|10|S2
6|9|96|136|163|287|3N|W|10|S5
6|9|309|165|218|8|5DX|W|11|CK
6|9|237|80|243|234|3N|E|11|CA
6|9|33|274|296|90|3N|W|10|S4
6|9|9|105|87|156|3N|W|10|S5
6|9|82|73|132|170|3N|E|11|C7
7|1|54|124|75|172|4S|E|10|HQ
7|1|292|319|293|236|4S|E|12|C3
7|1|133|136|252|287|4S|E|11|HQ
7|1|309|146|218|34|4S|E|9|HQ
7|1|285|274|283|90|4S|E|12|HQ
7|1|237|7|243|110|4S|E|12|HQ
7|1|44|73|226|170|4S|E|9|HQ
7|1|9|33|87|296|4S|E|11|C3
7|1|105|96|82|163|4S|E|12|S3
7|1|165|271|8|286|4S|E|12|HQ
7|10|54|124|75|172|3N|N|5|DQ
7|10|292|319|293|236|4S|S|10|H6
7|10|133|136|252|287|4S|S|10|H6
7|10|309|146|218|34|3N|N|10|DQ
7|10|285|274|283|90|3N|N|5|C7
7|10|237|7|243|110|4S|S|10|H6
7|10|44|73|226|170|3N|N|10|S6
7|10|9|33|87|296|3N|N|6|S6
7|10|105|96|82|163|4S|S|9|H6
7|10|165|271|8|286|4S|S|10|H6
7|11|54|124|75|172|3H|W|9|CK
7|11|292|319|293|236|3D|E|9|H5
7|11|133|136|252|287|3D|E|9|H5
7|11|309|146|218|34|4H|W|10|CK
7|11|285|274|283|90|4H|W|10|CK
7|11|237|7|243|110|2H|W|10|CK
7|11|44|73|226|170|3H|E|8|C3
7|11|9|33|87|296|1NX|N|4|DQ
7|11|105|96|82|163|4H|E|10|S2
7|11|165|271|8|286|4H|W|9|CK
7|12|54|124|75|172|3N|W|10|S6
7|12|292|319|293|236|3N|W|10|S6
7|12|133|136|252|287|6C|W|12|HA
7|12|309|146|218|34|3N|E|10|S8
7|12|285|274|283|90|3N|E|10|S2
7|12|237|7|243|110|3N|W|11|DQ
7|12|44|73|226|170|3N|E|11|H5
7|12|9|33|87|296|3N|E|10|S9
7|12|105|96|82|163|3N|W|9|S6
7|12|165|271|8|286|6C|W|13|S3
7|13|54|124|75|172|3N|S|10|D6
7|13|292|319|293|236|4H|N|10|SA
7|13|133|136|252|287|3N|S|12|D6
7|13|309|146|218|34|3N|S|10|D2
7|13|285|274|283|90|3N|S|12|HT
7|13|237|7|243|110|3N|S|10|D6
7|13|44|73|226|170|3N|S|11|S4
7|13|9|33|87|296|3N|S|11|HT
7|13|105|96|82|163|3N|S|11|S4
7|13|165|271|8|286|3N|S|10|D6
7|14|54|124|75|172|3S|S|9|C8
7|14|292|319|293|236|3S|N|8|CA
7|14|133|136|252|287|2S|S|9|SJ
7|14|309|146|218|34|3H|N|10|H6
7|14|285|274|283|90|4S|N|8|H6
7|14|237|7|243|110|3S|N|8|CA
7|14|44|73|226|170|2S|N|8|CA
7|14|9|33|87|296|3S|N|9|CA
7|14|105|96|82|163|4CX|W|8|H8
7|14|165|271|8|286|3S|N|9|CA
7|15|54|124|75|172|P||0|
7|15|292|319|293|236|1N|N|8|D6
7|15|133|136|252|287|P||0|
7|15|309|146|218|34|1N|S|9|H8
7|15|285|274|283|90|P||0|
7|15|237|7|243|110|P||0|
7|15|44|73|226|170|1N|S|9|H8
7|15|9|33|87|296|P||0|
7|15|105|96|82|163|P||0|
7|15|165|271|8|286|P||0|
7|16|54|124|75|172|3C|S|9|HK
7|16|292|319|293|236|3C|S|9|HK
7|16|133|136|252|287|5HX|W|10|CK
7|16|309|146|218|34|3C|N|10|H2
7|16|285|274|283|90|5CX|S|9|HK
7|16|237|7|243|110|3H|W|10|CK
7|16|44|73|226|170|4CX|N|9|H2
7|16|9|33|87|296|3H|W|9|CK
7|16|105|96|82|163|3N|S|8|HK
7|16|165|271|8|286|3C|S|9|HK
7|17|54|124|75|172|2D|W|9|SK
7|17|298|319|294|236|3S|N|9|D8
7|17|146|136|34|287|4S|N|9|CA
7|17|309|104|218|276|4S|N|9|CA
7|17|45|274|285|90|2S|N|9|H2
7|17|237|100|243|110|4S|N|9|H2
7|17|44|73|226|170|4S|N|9|H8
7|17|9|80|87|234|4S|N|9|D5
7|17|105|96|82|163|4S|S|9|CK
7|17|165|271|8|286|4S|S|9|CK
7|18|54|124|75|172|3S|S|9|D4
7|18|298|319|294|236|4S|S|9|D4
7|18|146|136|34|287|2S|S|9|HJ
7|18|309|104|218|276|3S|N|9|DQ
7|18|45|274|285|90|3S|S|8|D4
7|18|237|100|243|110|4S|S|8|D4
7|18|44|73|226|170|3N|N|9|DQ
7|18|9|80|87|234|3S|N|10|HA
7|18|105|96|82|163|3N|N|8|DQ
7|18|165|271|8|286|3D|E|7|C5
7|19|54|124|75|172|7H|S|13|H4
7|19|298|319|294|236|6N|N|13|DJ
7|19|146|136|34|287|7H|S|13|S9
7|19|309|104|218|276|7H|S|13|ST
7|19|45|274|285|90|7H|S|13|D5
7|19|237|100|243|110|7H|S|13|ST
7|19|44|73|226|170|7H|S|13|ST
7|19|9|80|87|234|7N|N|13|DT
7|19|105|96|82|163|7N|N|13|DJ
7|19|165|271|8|286|6N|S|13|ST
7|2|54|124|75|172|2N|N|8|D3
7|2|292|319|293|236|3CX|W|7|C3
7|2|133|136|252|287|3N|S|9|CK
7|2|309|146|218|34|3N|S|9|CK
7|2|285|274|283|90|3N|S|8|CK
7|2|237|7|243|110|2C|W|7|SA
7|2|44|73|226|170|1N|N|8|C9
7|2|9|33|87|296|2N|N|9|H3
7|2|105|96|82|163|2H|W|6|C3
7|2|165|271|8|286|3N|S|9|CK
7|20|54|124|75|172|3N|W|12|S6
7|20|298|319|294|236|3N|W|11|HT
7|20|146|136|34|287|3N|E|11|ST
7|20|309|104|218|276|3N|W|11|D3
7|20|45|274|285|90|3N|W|11|S7
7|20|237|100|243|110|3N|W|10|CJ
7|20|44|73|226|170|3N|W|12|S5
7|20|9|80|87|234|3N|W|11|D3
7|20|105|96|82|163|3N|W|11|HT
7|20|165|271|8|286|3N|W|11|D2
7|21|54|124|75|172|3N|S|10|C2
7|21|298|319|294|236|3N|S|9|C2
7|21|146|136|34|287|4H|N|11|C9
7|21|309|104|218|276|4H|N|10|C9
7|21|45|274|285|90|4H|N|10|C9
7|21|237|100|243|110|4H|N|10|C9
7|21|44|73|226|170|3N|S|10|C4
7|21|9|80|87|234|4H|N|12|C9
7|21|105|96|82|163|3N|S|9|C4
7|21|165|271|8|286|3N|S|10|CJ
7|22|54|124|75|172|5SX|N|8|HA
7|22|298|319|294|236|3S|N|7|HA
7|22|146|136|34|287|5H|W|9|CT
7|22|309|104|218|276|5D|N|8|HA
7|22|45|274|285|90|4H|W|9|CT
7|22|237|100|243|110|4S|N|7|HA
7|22|44|73|226|170|4H|W|9|CT
7|22|9|80|87|234|4H|W|9|CT
7|22|105|96|82|163|3H|W|9|CT
7|22|165|271|8|286|5DX|N|9|HA
7|23|54|124|75|172|4S|S|12|CT
7|23|298|319|294|236|3N|N|12|D9
7|23|146|136|34|287|6S|S|12|CT
7|23|309|104|218|276|6C|S|12|S2
7|23|45|274|285|90|4S|S|13|CT
7|23|237|100|243|110|4S|S|12|CT
7|23|44|73|226|170|3N|S|13|D4
7|23|9|80|87|234|6S|S|12|CT
7|23|105|96|82|163|4S|S|12|CT
7|23|165|271|8|286|3N|S|13|D4
7|24|54|124|75|172|3N|W|12|H4
7|24|298|319|294|236|6N|W|12|CJ
7|24|146|136|34|287|3N|W|12|H4
7|24|309|104|218|276|6N|W|12|D4
7|24|45|274|285|90|6N|E|12|HJ
7|24|237|100|243|110|6N|W|12|H6
7|24|44|73|226|170|6N|W|12|S4
7|24|9|80|87|234|6N|W|12|CJ
7|24|105|96|82|163|6N|E|12|C8
7|24|165|271|8|286|3N|W|12|H3
7|25|54|124|75|172|3D|E|9|HA
7|25|298|319|294|236|2H|S|7|D5
7|25|146|136|34|287|3N|E|6|H7
7|25|309|104|218|276|2C|W|8|CJ
7|25|45|274|285|90|3N|E|7|H5
7|25|237|100|243|110|3C|E|8|DA
7|25|44|73|226|170|3S|W|7|H2
7|25|9|80|87|234|3D|E|10|S2
7|25|105|96|82|163|2S|W|7|CJ
7|25|165|271|8|286|3N|E|6|H5
7|26|54|124|75|172|3S|S|6|C6
7|26|298|319|294|236|3S|S|6|C6
7|26|146|136|34|287|3S|S|6|DA
7|26|309|104|218|276|3D|W|8|HK
7|26|45|274|285|90|3S|S|6|C6
7|26|237|100|243|110|3S|S|6|C6
7|26|44|73|226|170|2N|N|9|H7
7|26|9|80|87|234|3S|S|6|C6
7|26|105|96|82|163|3S|S|6|C6
7|26|165|271|8|286|3D|W|9|HA
7|27|54|124|75|172|2S|W|8|DQ
7|27|298|319|294|236|2S|W|8|DQ
7|27|146|136|34|287|2S|W|8|H4
7|27|309|104|218|276|2S|W|9|DQ
7|27|45|274|285|90|2S|W|8|DQ
7|27|237|100|243|110|2S|W|8|DQ
7|27|44|73|226|170|4H|S|7|SA
7|27|9|80|87|234|2S|W|9|DQ
7|27|105|96|82|163|2S|W|8|DQ
7|27|165|271|8|286|4S|W|8|DQ
7|28|54|124|75|172|2DX|W|8|HT
7|28|298|319|294|236|2S|N|9|SK
7|28|146|136|34|287|2S|N|8|SK
7|28|309|104|218|276|2S|N|8|H5
7|28|45|274|285|90|2S|N|8|H5
7|28|237|100|243|110|4SX|N|8|CA
7|28|44|73|226|170|4C|N|9|SK
7|28|9|80|87|234|2S|N|8|H5
7|28|105|96|82|163|4HX|W|6|CK
7|28|165|271|8|286|2S|N|8|HJ
7|29|54|124|75|172|2S|S|9|C5
7|29|298|319|294|236|3D|N|7|HA
7|29|146|136|34|287|2H|W|5|C7
7|29|309|104|218|276|3S|S|9|C5
7|29|45|274|285|90|2S|S|9|H7
7|29|237|100|243|110|2S|S|9|H7
7|29|44|73|226|170|2S|S|8|C4
7|29|9|80|87|234|2D|N|8|HA
7|29|105|96|82|163|2H|E|8|DQ
7|29|165|271|8|286|2D|N|8|HA
7|3|54|124|75|172|4S|W|12|HJ
7|3|292|319|293|236|4S|W|11|HJ
7|3|133|136|252|287|6S|W|11|HT
7|3|309|146|218|34|6S|W|11|HJ
7|3|285|274|283|90|4S|W|11|HJ
7|3|237|7|243|110|4S|W|11|HJ
7|3|44|73|226|170|3N|E|12|DQ
7|3|9|33|87|296|4S|E|11|DQ
7|3|105|96|82|163|4S|W|11|HJ
7|3|165|271|8|286|4S|W|11|HJ
7|30|54|124|75|172|4H|E|11|DQ
7|30|298|319|294|236|5H|E|10|SA
7|30|146|136|34|287|5H|E|11|DQ
7|30|309|104|218|276|4H|E|11|DQ
7|30|45|274|285|90|5H|E|11|DQ
7|30|237|100|243|110|5H|E|10|SA
7|30|44|73|226|170|4SX|S|9|DK
7|30|9|80|87|234|5HX|E|11|DQ
7|30|105|96|82|163|5HX|E|11|DQ
7|30|165|271|8|286|4S|S|9|DA
7|31|54|124|75|172|4S|W|9|S6
7|31|298|319|294|236|4S|W|9|D2
7|31|146|136|34|287|4S|E|9|C6
7|31|309|104|218|276|4S|W|10|CK
7|31|45|274|285|90|4S|W|10|CK
7|31|237|100|243|110|4S|W|10|CK
7|31|44|73|226|170|4S|W|10|D2
7|31|9|80|87|234|4S|W|9|D6
7|31|105|96|82|163|4S|W|10|CK
7|31|165|271|8|286|5S|W|10|CK
7|32|54|124|75|172|3N|N|9|H9
7|32|298|319|294|236|3N|N|10|C3
7|32|146|136|34|287|3N|N|10|HT
7|32|309|104|218|276|5C|N|9|S6
7|32|45|274|285|90|4D|S|10|C2
7|32|237|100|243|110|3N|N|11|H9
7|32|44|73|226|170|3N|N|9|HT
7|32|9|80|87|234|3N|N|12|HT
7|32|105|96|82|163|3N|S|8|S7
7|32|165|271|8|286|3N|N|9|HT
7|4|54|124|75|172|3N|N|9|H9
7|4|292|319|293|236|4S|S|9|HJ
7|4|133|136|252|287|5C|N|10|CT
7|4|309|146|218|34|3N|N|10|H4
7|4|285|274|283|90|3N|N|10|S3
7|4|237|7|243|110|4C|S|11|HJ
7|4|44|73|226|170|3HX|E|8|D3
7|4|9|33|87|296|4S|N|11|S2
7|4|105|96|82|163|4HX|E|9|S6
7|4|165|271|8|286|4S|N|11|DK
7|5|54|124|75|172|4HX|S|9|CA
7|5|292|319|293|236|5HX|S|9|CK
7|5|133|136|252|287|4H|S|8|CK
7|5|309|146|218|34|4DX|E|8|HK
7|5|285|274|283|90|5H|S|9|CK
7|5|237|7|243|110|1H|S|9|CK
7|5|44|73|226|170|4SX|E|6|HA
7|5|9|33|87|296|5C|N|8|H8
7|5|105|96|82|163|4H|S|9|CA
7|5|165|271|8|286|4H|S|9|CA
7|6|54|124|75|172|4H|N|10|D7
7|6|292|319|293|236|5D|S|10|CK
7|6|133|136|252|287|3D|S|10|CK
7|6|309|146|218|34|3H|N|9|CA
7|6|285|274|283|90|3D|S|10|CK
7|6|237|7|243|110|3N|S|8|CK
7|6|44|73|226|170|3D|S|10|CK
7|6|9|33|87|296|3N|N|9|HT
7|6|105|96|82|163|3D|S|10|CK
7|6|165|271|8|286|3N|S|8|CK
7|7|54|124|75|172|3N|E|10|D7
7|7|292|319|293|236|3N|E|11|D7
7|7|133|136|252|287|3N|E|10|D4
7|7|309|146|218|34|3N|E|11|D7
7|7|285|274|283|90|3N|E|11|D4
7|7|237|7|243|110|3N|E|11|D4
7|7|44|73|226|170|3N|E|11|D4
7|7|9|33|87|296|3N|E|11|D9
7|7|105|96|82|163|3N|E|10|D7
7|7|165|271|8|286|3N|E|11|D4
7|8|54|124|75|172|4D|E|11|CT
7|8|292|319|293|236|5D|E|11|CT
7|8|133|136|252|287|4D|E|11|S4
7|8|309|146|218|34|2S|N|8|H8
7|8|285|274|283|90|5D|E|11|S4
7|8|237|7|243|110|4D|E|11|S8
7|8|44|73|226|170|4D|E|11|CT
7|8|9|33|87|296|4D|E|11|CT
7|8|105|96|82|163|3S|N|8|H8
7|8|165|271|8|286|5D|E|11|S4
7|9|54|124|75|172|4SX|S|11|HK
7|9|292|319|293|236|4S|S|10|C9
7|9|133|136|252|287|5S|S|10|C9
7|9|309|146|218|34|5SX|S|9|C9
7|9|285|274|283|90|4S|S|10|C9
7|9|237|7|243|110|5H|W|10|CQ
7|9|44|73|226|170|5HX|W|11|CQ
7|9|9|33|87|296|4H|W|11|CQ
7|9|105|96|82|163|5H|W|11|CQ
7|9|165|271|8|286|4S|S|10|HK
8|1|309|319|218|236|3H|W|9|H8
8|1|54|136|75|287|3C|S|10|H5
8|1|96|133|163|252|3C|S|10|H4
8|1|104|165|276|8|4H|W|9|C4
8|1|237|292|243|293|4SX|N|7|H2
8|1|298|274|294|90|4C|S|10|H4
8|1|9|45|87|283|4C|S|10|H4
8|1|7|73|110|170|3H|W|8|DT
8|1|105|33|82|296|5C|S|10|H4
8|1|80|271|226|286|3H|W|8|DT
8|10|309|319|218|236|3C|S|8|D4
8|10|54|136|75|287|2S|N|7|C6
8|10|96|133|163|252|3S|N|8|C6
8|10|104|165|276|8|3H|W|9|SJ
8|10|237|292|243|293|3H|W|9|HK
8|10|298|274|294|90|2S|S|9|S8
8|10|9|45|87|283|2S|S|9|C2
8|10|7|73|110|170|1N|N|7|H6
8|10|105|33|82|296|3H|E|9|CA
8|10|80|271|226|286|3S|S|9|HA
8|11|309|319|218|236|1S|S|10|DJ
8|11|54|136|75|287|2C|W|6|HJ
8|11|96|133|163|252|2S|S|8|DJ
8|11|104|165|276|8|2S|S|9|DJ
8|11|237|292|243|293|1S|S|9|H8
8|11|298|274|294|90|3S|S|8|DJ
8|11|9|45|87|283|2S|N|9|D8
8|11|7|73|110|170|1S|S|9|DJ
8|11|105|33|82|296|1S|S|9|H4
8|11|80|271|226|286|1N|N|7|D5
8|12|309|319|218|236|4HX|S|7|SK
8|12|54|136|75|287|4S|W|11|H5
8|12|96|133|163|252|4S|W|10|H5
8|12|104|165|276|8|4S|W|9|H5
8|12|237|292|243|293|4HX|S|7|SK
8|12|298|274|294|90|4S|W|11|H5
8|12|9|45|87|283|5S|W|9|H5
8|12|7|73|110|170|4SX|E|9|HA
8|12|105|33|82|296|5HX|S|8|SK
8|12|80|271|226|286|4HX|S|8|SK
8|13|309|319|218|236|2S|N|8|DA
8|13|54|136|75|287|2H|E|9|SK
8|13|96|133|163|252|1N|W|8|CK
8|13|104|165|276|8|2H|E|8|C9
8|13|237|292|243|293|2H|E|8|SK
8|13|298|274|294|90|2S|S|7|C2
8|13|9|45|87|283|2S|S|7|HA
8|13|7|73|110|170|2H|E|9|SA
8|13|105|33|82|296|2H|E|9|SA
8|13|80|271|226|286|2S|N|8|DA
8|14|309|319|218|236|2H|W|10|D3
8|14|54|136|75|287|2D|W|7|H4
8|14|96|133|163|252|3N|W|8|S5
8|14|104|165|276|8|2H|E|7|SA
8|14|237|292|243|293|2D|W|8|CA
8|14|298|274|294|90|3D|W|9|S5
8|14|9|45|87|283|3CX|S|9|DK
8|14|7|73|110|170|4D|E|9|C2
8|14|105|33|82|296|3D|W|9|H4
8|14|80|271|226|286|2H|E|6|SA
8|15|309|319|218|236|4H|E|12|S8
8|15|54|136|75|287|6H|W|12|CA
8|15|96|133|163|252|6H|W|12|SJ
8|15|104|165|276|8|6H|W|12|DT
8|15|237|292|243|293|6H|W|12|CA
8|15|298|274|294|90|6H|E|12|C7
8|15|9|45|87|283|6H|E|12|SQ
8|15|7|73|110|170|5H|E|12|SQ
8|15|105|33|82|296|6H|W|12|SJ
8|15|80|271|226|286|3N|W|12|SJ
8|16|309|319|218|236|4S|S|11|DA
8|16|54|136|75|287|2S|S|11|S5
8|16|96|133|163|252|3D|W|9|CJ
8|16|104|165|276|8|4S|N|10|DQ
8|16|237|292|243|293|2CX|E|9|CT
8|16|298|274|294|90|3H|S|11|DA
8|16|9|45|87|283|2S|S|12|S5
8|16|7|73|110|170|4H|S|11|DA
8|16|105|33|82|296|4S|N|11|DQ
8|16|80|271|226|286|2N|W|6|CJ
8|17|136|319|287|236|1N|W|7|HQ
8|17|54|309|75|218|2H|S|6|DQ
8|17|96|212|163|119|1N|W|9|CT
8|17|146|229|34|288|3D|E|10|D4
8|17|237|292|243|293|3D|E|10|D5
8|17|124|274|172|90|1N|W|7|HK
8|17|9|285|87|283|2D|E|9|C4
8|17|7|73|110|170|1N|W|9|D6
8|17|105|80|82|234|2D|E|7|HA
8|17|44|271|226|286|2S|E|9|S2
8|18|136|319|287|236|3N|W|7|C7
8|18|54|309|75|218|3N|W|9|H8
8|18|96|212|163|119|3N|W|7|H9
8|18|146|229|34|288|3N|W|7|C7
8|18|237|292|243|293|3N|E|7|CA
8|18|124|274|172|90|3N|E|8|HT
8|18|9|285|87|283|3N|W|8|C8
8|18|7|73|110|170|3N|E|8|CA
8|18|105|80|82|234|3N|E|8|CA
8|18|44|271|226|286|3N|E|8|CA
8|19|136|319|287|236|3D|S|8|S8
8|19|54|309|75|218|3D|S|8|S7
8|19|96|212|163|119|3S|W|8|D3
8|19|146|229|34|288|3D|S|8|DA
8|19|237|292|243|293|3D|S|8|H9
8|19|124|274|172|90|3D|S|8|DA
8|19|9|285|87|283|3D|S|8|S3
8|19|7|73|110|170|3D|S|8|CA
8|19|105|80|82|234|3D|S|7|S3
8|19|44|271|226|286|3D|N|9|S2
8|2|309|319|218|236|4S|S|8|DQ
8|2|54|136|75|287|3S|S|9|DQ
8|2|96|133|163|252|5D|E|10|CJ
8|2|104|165|276|8|5D|E|10|SA
8|2|237|292|243|293|4SX|N|10|S8
8|2|298|274|294|90|3S|N|9|DA
8|2|9|45|87|283|3S|N|9|DA
8|2|7|73|110|170|3S|N|10|S8
8|2|105|33|82|296|3D|E|10|CJ
8|2|80|271|226|286|3S|N|10|S8
8|20|136|319|287|236|2S|W|9|C9
8|20|54|309|75|218|2N|W|5|C4
8|20|96|212|163|119|4S|W|7|C4
8|20|146|229|34|288|3S|W|9|H7
8|20|237|292|243|293|2S|W|7|C3
8|20|124|274|172|90|4SX|W|8|C3
8|20|9|285|87|283|2S|W|9|H7
8|20|7|73|110|170|2S|W|9|H2
8|20|105|80|82|234|2S|W|7|C4
8|20|44|271|226|286|3S|W|9|H2
8|21|136|319|287|236|2H|E|9|D6
8|21|54|309|75|218|2H|E|8|S7
8|21|96|212|163|119|3H|E|9|DJ
8|21|146|229|34|288|3H|E|11|C6
8|21|237|292|243|293|3C|N|5|HK
8|21|124|274|172|90|3H|W|9|H5
8|21|9|285|87|283|2H|E|9|H6
8|21|7|73|110|170|3H|E|9|C2
8|21|105|80|82|234|3H|E|9|C6
8|21|44|271|226|286|3D|S|7|D3
8|22|136|319|287|236|3H|N|9|D4
8|22|54|309|75|218|4S|E|10|CQ
8|22|96|212|163|119|3H|N|9|D4
8|22|146|229|34|288|3S|E|9|H5
8|22|237|292|243|293|3S|E|8|CQ
8|22|124|274|172|90|2H|S|8|C2
8|22|9|285|87|283|3H|S|8|C2
8|22|7|73|110|170|3H|S|8|C2
8|22|105|80|82|234|3H|S|8|C2
8|22|44|271|226|286|2S|W|10|HK
8|23|136|319|287|236|1N|N|7|C8
8|23|54|309|75|218|1N|W|7|S6
8|23|96|212|163|119|1N|W|7|H3
8|23|146|229|34|288|1N|N|9|C6
8|23|237|292|243|293|1N|W|6|H3
8|23|124|274|172|90|1N|W|5|H9
8|23|9|285|87|283|1N|N|8|C6
8|23|7|73|110|170|1N|W|6|H3
8|23|105|80|82|234|1N|W|6|H3
8|23|44|271|226|286|1N|W|6|H3
8|24|136|319|287|236|4H|W|7|D3
8|24|54|309|75|218|4SX|N|11|DJ
8|24|96|212|163|119|5SX|N|9|H5
8|24|146|229|34|288|5HX|W|9|CA
8|24|237|292|243|293|4HX|W|9|D3
8|24|124|274|172|90|3H|W|9|D3
8|24|9|285|87|283|4S|N|10|H5
8|24|7|73|110|170|4SX|S|8|D5
8|24|105|80|82|234|1N|W|9|C6
8|24|44|271|226|286|4S|N|9|H5
8|25|136|319|287|236|1NX|N|7|H8
8|25|54|309|75|218|2H|W|10|DK
8|25|96|212|163|119|4H|E|9|CQ
8|25|146|229|34|288|2H|E|9|CQ
8|25|237|292|243|293|1NX|N|4|S2
8|25|124|274|172|90|2H|W|10|DA
8|25|9|285|87|283|2H|W|10|DA
8|25|7|73|110|170|2H|W|9|DA
8|25|105|80|82|234|2H|W|9|DA
8|25|44|271|226|286|3H|W|9|DA
8|26|136|319|287|236|3N|N|11|C8
8|26|54|309|75|218|3N|N|10|H3
8|26|96|212|163|119|3N|N|10|D5
8|26|146|229|34|288|3N|N|10|D3
8|26|237|292|243|293|3N|S|10|D2
8|26|124|274|172|90|3N|N|10|H3
8|26|9|285|87|283|3N|N|11|H5
8|26|7|73|110|170|3N|N|10|D3
8|26|105|80|82|234|3N|S|11|HA
8|26|44|271|226|286|3N|N|10|H3
8|27|136|319|287|236|4H|S|10|CA
8|27|54|309|75|218|5HX|S|11|CK
8|27|96|212|163|119|5S|S|10|CK
8|27|146|229|34|288|4S|S|11|CA
8|27|237|292|243|293|4S|S|11|CA
8|27|124|274|172|90|4H|S|10|CK
8|27|105|80|82|234|4H|N|10|CQ
8|27|44|271|226|286|5H|N|11|C3
8|28|136|319|287|236|4S|N|11|D3
8|28|54|309|75|218|3N|S|10|C6
8|28|96|212|163|119|3N|S|9|C4
8|28|146|229|34|288|4S|N|11|D3
8|28|237|292|243|293|5H|S|8|DT
8|28|124|274|172|90|3N|S|8|DT
8|28|9|285|87|283|3N|S|10|C4
8|28|105|80|82|234|3N|S|9|DT
8|28|44|271|226|286|3N|S|9|DT
8|29|136|319|287|236|1N|N|10|ST
8|29|54|309|75|218|1N|N|9|C3
8|29|96|212|163|119|2N|N|9|ST
8|29|146|229|34|288|2N|N|8|ST
8|29|237|292|243|293|1N|N|8|ST
8|29|124|274|172|90|2S|S|8|C6
8|29|9|285|87|283|1N|N|10|ST
8|29|7|73|110|170|2N|N|10|H7
8|29|105|80|82|234|1N|N|9|CT
8|29|44|271|226|286|2C|E|7|H2
8|3|309|319|218|236|4H|N|10|D5
8|3|54|136|75|287|6S|N|12|C5
8|3|96|133|163|252|6D|S|12|CK
8|3|104|165|276|8|2D|S|12|CA
8|3|237|292|243|293|6S|N|12|CQ
8|3|298|274|294|90|4S|N|12|C4
8|3|9|45|87|283|4S|N|13|D5
8|3|7|73|110|170|6D|S|12|CK
8|3|105|33|82|296|6H|N|10|D5
8|3|80|271|226|286|4S|N|12|C4
8|30|136|319|287|236|2S|N|9|DK
8|30|54|309|75|218|3D|N|9|HK
8|30|96|212|163|119|2S|N|7|DK
8|30|146|229|34|288|2S|N|8|H4
8|30|237|292|243|293|3D|N|10|DK
8|30|124|274|172|90|2S|N|9|HK
8|30|9|285|87|283|3D|S|9|HJ
8|30|7|73|110|170|1S|N|8|DQ
8|30|105|80|82|234|2S|N|7|DK
8|30|44|271|226|286|3D|N|10|H4
8|31|136|319|287|236|5C|S|11|H5
8|31|54|309|75|218|6SX|E|9|S5
8|31|96|212|163|119|5C|S|11|S2
8|31|146|229|34|288|4SX|E|10|S5
8|31|237|292|243|293|6C|S|11|S6
8|31|124|274|172|90|6C|S|11|S2
8|31|9|285|87|283|5C|S|11|S2
8|31|7|73|110|170|5C|S|11|S6
8|31|105|80|82|234|5C|N|11|SA
8|31|44|271|226|286|4SX|E|9|DQ
8|32|136|319|287|236|2S|E|9|H6
8|32|54|309|75|218|2S|E|9|D4
8|32|96|212|163|119|2S|E|8|H3
8|32|146|229|34|288|3S|E|9|D4
8|32|237|292|243|293|3S|E|9|C2
8|32|124|274|172|90|3S|E|9|D3
8|32|9|285|87|283|3D|N|8|SJ
8|32|7|73|110|170|3S|E|9|C2
8|32|105|80|82|234|2S|E|8|D4
8|32|44|271|226|286|3S|E|9|C2
8|4|309|319|218|236|1S|S|9|C3
8|4|54|136|75|287|2S|S|8|HK
8|4|96|133|163|252|2S|S|9|D5
8|4|104|165|276|8|3C|W|7|S8
8|4|237|292|243|293|2S|S|9|S2
8|4|298|274|294|90|2S|S|10|HK
8|4|9|45|87|283|3C|E|6|D2
8|4|7|73|110|170|1N|W|8|C5
8|4|105|33|82|296|3C|E|7|D2
8|4|80|271|226|286|3CX|W|8|S8
8|5|309|319|218|236|1H|S|6|D3
8|5|54|136|75|287|2H|N|6|DK
8|5|96|133|163|252|1N|E|9|H4
8|5|104|165|276|8|2N|W|9|H9
8|5|237|292|243|293|3N|W|9|S4
8|5|298|274|294|90|3N|W|9|H9
8|5|9|45|87|283|2S|N|6|DA
8|5|7|73|110|170|2D|W|9|H9
8|5|105|33|82|296|2N|W|9|H7
8|5|80|271|226|286|1N|E|7|H2
8|6|309|319|218|236|4H|N|10|S2
8|6|54|136|75|287|4H|N|11|DT
8|6|96|133|163|252|4H|N|10|D9
8|6|104|165|276|8|4H|N|8|HJ
8|6|237|292|243|293|4H|N|8|HJ
8|6|298|274|294|90|4H|N|10|S6
8|6|9|45|87|283|4H|N|10|HJ
8|6|7|73|110|170|4H|N|10|HJ
8|6|105|33|82|296|4H|N|11|DT
8|6|80|271|226|286|4H|N|11|DT
8|7|309|319|218|236|3N|N|8|D5
8|7|54|136|75|287|3N|N|11|D2
8|7|96|133|163|252|3N|N|11|D5
8|7|104|165|276|8|3N|N|10|D5
8|7|237|292|243|293|3N|N|9|D2
8|7|298|274|294|90|3N|N|11|D2
8|7|9|45|87|283|1N|N|11|S2
8|7|7|73|110|170|3N|N|10|D2
8|7|105|33|82|296|3N|N|11|D5
8|7|80|271|226|286|3N|N|11|D2
8|8|309|319|218|236|3N|N|9|S3
8|8|54|136|75|287|3N|N|9|S9
8|8|96|133|163|252|3N|N|7|S3
8|8|104|165|276|8|3N|N|9|S3
8|8|237|292|243|293|4H|N|10|S9
8|8|298|274|294|90|3N|N|9|S3
8|8|9|45|87|283|4H|S|10|DQ
8|8|7|73|110|170|3N|N|9|S7
8|8|105|33|82|296|4H|S|9|DQ
8|8|80|271|226|286|3D|N|9|HT
8|9|309|319|218|236|5DX|W|12|SJ
8|9|54|136|75|287|3D|W|12|SJ
8|9|96|133|163|252|2D|W|12|H5
8|9|104|165|276|8|5D|E|11|SA
8|9|237|292|243|293|3D|W|12|SJ
8|9|298|274|294|90|3D|E|12|HA
8|9|9|45|87|283|3S|S|6|DK
8|9|7|73|110|170|4D|W|11|H7
8|9|105|33|82|296|4H|E|9|DJ
8|9|80|271|226|286|3N|W|8|S5
9|1|54|133|75|252|4S|S|10|C5
9|1|146|319|34|236|3S|S|11|C5
9|1|309|274|218|90|3N|S|9|H3
9|1|237|136|243|287|4S|S|10|C5
9|1|124|73|172|170|4S|S|11|DJ
9|1|9|298|87|294|3HX|W|6|DA
9|1|45|105|285|82|3N|S|9|H4
9|1|286|7|198|110|3N|S|9|H4
9|1|33|165|296|8|3N|S|9|H3
9|1|229|44|288|226|4S|S|10|C5
9|10|54|133|75|252|4S|N|10|D2
9|10|146|319|34|236|4H|N|10|S5
9|10|309|274|218|90|4S|N|10|D2
9|10|237|136|243|287|4S|N|10|S6
9|10|124|73|172|170|4S|N|11|D4
9|10|9|298|87|294|4S|N|11|S6
9|10|45|105|285|82|4S|N|11|S5
9|10|286|7|198|110|4S|N|10|H4
9|10|33|165|296|8|4S|N|10|S6
9|10|229|44|288|226|4S|N|10|D2
9|11|54|133|75|252|3N|S|8|ST
9|11|146|319|34|236|3N|S|8|ST
9|11|309|274|218|90|3N|S|8|S9
9|11|237|136|243|287|4H|S|10|S9
9|11|124|73|172|170|2SX|E|7|HQ
9|11|9|298|87|294|4C|S|9|ST
9|11|45|105|285|82|3N|S|7|S9
9|11|286|7|198|110|3N|S|7|ST
9|11|33|165|296|8|3N|S|8|ST
9|11|229|44|288|226|3N|S|8|ST
9|12|54|133|75|252|4H|W|8|CA
9|12|146|319|34|236|3SX|W|8|HJ
9|12|309|274|218|90|4SX|W|7|CA
9|12|237|136|243|287|2C|S|9|DQ
9|12|124|73|172|170|2H|W|9|D9
9|12|9|298|87|294|4SX|W|7|CA
9|12|45|105|285|82|3C|S|9|DA
9|12|286|7|198|110|3S|W|8|CA
9|12|33|165|296|8|4CX|S|9|DA
9|12|229|44|288|226|4SX|W|7|CA
9|13|54|133|75|252|5D|S|11|CA
9|13|146|319|34|236|3N|N|11|C2
9|13|309|274|218|90|3NXX|N|11|C4
9|13|237|136|243|287|5D|S|11|CK
9|13|124|73|172|170|3N|N|13|H5
9|13|9|298|87|294|3N|N|11|C8
9|13|45|105|285|82|5N|N|11|C4
9|13|286|7|198|110|6D|S|11|CK
9|13|33|165|296|8|5D|S|11|CA
9|13|229|44|288|226|3N|N|12|H3
9|14|54|133|75|252|2D|S|7|CA
9|14|146|319|34|236|3D|N|6|C7
9|14|309|274|218|90|3N|E|9|H8
9|14|237|136|243|287|3D|N|6|C7
9|14|124|73|172|170|2C|W|9|HK
9|14|9|298|87|294|4S|N|6|C3
9|14|45|105|285|82|3N|W|7|D2
9|14|286|7|198|110|2S|N|6|HA
9|14|33|165|296|8|2SX|N|7|HA
9|14|229|44|288|226|3D|N|7|C3
9|15|54|133|75|252|4S|E|10|CK
9|15|146|319|34|236|4S|E|9|H6
9|15|309|274|218|90|5CX|S|9|S6
9|15|237|136|243|287|4S|E|9|CA
9|15|124|73|172|170|4S|E|9|CQ
9|15|9|298|87|294|5SX|E|10|CK
9|15|45|105|285|82|4S|E|9|CA
9|15|286|7|198|110|4C|N|10|SK
9|15|229|44|288|226|4S|E|9|CA
9|16|54|133|75|252|4H|S|9|DK
9|16|146|319|34|236|4H|S|8|ST
9|16|309|274|218|90|4H|S|7|DK
9|16|237|136|243|287|4H|S|9|DK
9|16|124|73|172|170|3N|S|9|H7
9|16|9|298|87|294|4H|S|8|DK
9|16|45|105|285|82|3N|S|8|DK
9|16|286|7|198|110|2N|S|8|DK
9|16|33|165|296|8|3N|S|8|DK
9|16|229|44|288|226|4H|S|10|S7
9|17|54|146|75|34|3D|W|9|H4
9|17|133|319|252|236|3D|W|9|H5
9|17|136|237|287|243|2H|S|7|C6
9|17|274|309|90|218|1N|N|6|DQ
9|17|292|73|293|170|2D|W|10|H4
9|17|9|298|87|294|3D|W|9|H7
9|17|285|105|283|82|1N|N|5|CA
9|17|286|7|198|110|2H|S|8|S6
9|17|80|165|234|8|1N|N|6|CA
9|17|229|33|288|296|2H|S|8|S6
9|18|54|146|75|34|3C|W|10|DQ
9|18|133|319|252|236|3C|W|11|H4
9|18|136|237|287|243|2C|W|11|H6
9|18|274|309|90|218|3C|W|11|H4
9|18|292|73|293|170|3C|W|10|H3
9|18|9|298|87|294|2C|N|3|ST
9|18|285|105|283|82|3N|W|9|S4
9|18|286|7|198|110|2C|W|12|DQ
9|18|80|165|234|8|1NX|S|4|CJ
9|18|229|33|288|296|2H|N|7|C8
9|19|54|146|75|34|1N|S|6|D5
9|19|133|319|252|236|2H|S|8|C2
9|19|136|237|287|243|2H|N|6|DQ
9|19|274|309|90|218|1N|S|3|DJ
9|19|292|73|293|170|1N|S|5|S5
9|19|9|298|87|294|1N|S|6|S5
9|19|285|105|283|82|3H|N|7|DQ
9|19|286|7|198|110|1N|S|4|D5
9|19|80|165|234|8|2H|N|7|DQ
9|19|229|33|288|296|2H|N|7|DQ
9|2|54|133|75|252|1N|E|7|SJ
9|2|146|319|34|236|2S|E|9|SJ
9|2|309|274|218|90|3H|S|8|S4
9|2|237|136|243|287|2S|E|9|SJ
9|2|124|73|172|170|2S|W|9|DQ
9|2|9|298|87|294|3C|E|9|SJ
9|2|45|105|285|82|1N|E|8|SJ
9|2|286|7|198|110|1N|E|9|H4
9|2|33|165|296|8|2H|S|8|CT
9|2|229|44|288|226|1N|N|6|SK
9|20|54|146|75|34|3H|W|9|CT
9|20|133|319|252|236|2S|N|8|CA
9|20|136|237|287|243|2H|E|9|S7
9|20|274|309|90|218|3H|E|9|HA
9|20|292|73|293|170|3H|W|8|C5
9|20|9|298|87|294|2H|W|8|CT
9|20|285|105|283|82|2H|E|9|S4
9|20|286|7|198|110|3N|W|7|CT
9|20|80|165|234|8|2S|N|6|CA
9|20|229|33|288|296|4H|E|9|S4
9|21|54|146|75|34|1NX|N|8|SK
9|21|133|319|252|236|4S|W|9|C7
9|21|136|237|287|243|4S|E|10|HA
9|21|274|309|90|218|4S|E|9|D5
9|21|292|73|293|170|4S|E|10|C2
9|21|9|298|87|294|2N|E|7|HQ
9|21|285|105|283|82|1S|W|9|HT
9|21|286|7|198|110|4S|E|9|D5
9|21|80|165|234|8|1S|W|10|HT
9|21|229|33|288|296|4S|W|10|HT
9|22|54|146|75|34|2S|S|7|C4
9|22|133|319|252|236|1N|N|5|C3
9|22|136|237|287|243|3H|W|10|SJ
9|22|274|309|90|218|3S|S|7|C4
9|22|292|73|293|170|1S|N|8|HT
9|22|9|298|87|294|2S|N|7|HT
9|22|285|105|283|82|1N|N|9|C6
9|22|286|7|198|110|2H|W|8|SJ
9|22|80|165|234|8|2S|S|7|C7
9|22|229|33|288|296|3H|W|8|SJ
9|23|54|146|75|34|5SX|S|11|HK
9|23|133|319|252|236|4S|S|12|HA
9|23|136|237|287|243|6HX|W|12|D6
9|23|274|309|90|218|6HX|W|11|S2
9|23|292|73|293|170|5DX|W|11|H4
9|23|9|298|87|294|4S|S|11|HA
9|23|285|105|283|82|4S|S|11|HA
9|23|286|7|198|110|6HX|W|12|D6
9|23|80|165|234|8|6SX|S|11|HA
9|23|229|33|288|296|6SX|S|11|HA
9|24|54|146|75|34|2S|N|10|S3
9|24|133|319|252|236|4S|N|9|H7
9|24|136|237|287|243|4S|N|11|DK
9|24|274|309|90|218|2S|N|10|H3
9|24|292|73|293|170|4S|N|11|CA
9|24|9|298|87|294|4S|N|11|S3
9|24|285|105|283|82|4S|N|11|DK
9|24|286|7|198|110|2S|N|9|H2
9|24|80|165|234|8|3N|S|8|D4
9|24|229|33|288|296|3C|N|9|DK
9|25|54|146|75|34|4H|W|9|DK
9|25|133|319|252|236|5DX|S|8|C8
9|25|136|237|287|243|4H|W|10|DK
9|25|274|309|90|218|3H|W|9|DK
9|25|292|73|293|170|2HX|W|9|DA
9|25|9|298|87|294|2H|W|10|DK
9|25|285|105|283|82|5CX|S|6|H4
9|25|286|7|198|110|3D|N|9|H6
9|25|80|165|234|8|4H|W|9|DK
9|25|229|33|288|296|4H|W|10|DA
9|26|54|146|75|34|1N|E|7|H4
9|26|133|319|252|236|1N|E|8|CA
9|26|136|237|287|243|2S|E|8|CK
9|26|274|309|90|218|1HX|S|6|H2
9|26|292|73|293|170|1N|E|8|CA
9|26|9|298|87|294|1DX|S|4|C8
9|26|285|105|283|82|1N|E|7|CK
9|26|286|7|198|110|1N|E|8|CA
9|26|80|165|234|8|1N|E|8|CA
9|26|229|33|288|296|3N|E|7|CA
9|27|54|146|75|34|4N|S|11|HJ
9|27|133|319|252|236|6C|S|12|HJ
9|27|136|237|287|243|6D|S|11|HJ
9|27|274|309|90|218|3N|S|11|ST
9|27|292|73|293|170|3N|S|12|HJ
9|27|9|298|87|294|3N|S|11|HJ
9|27|285|105|283|82|6C|S|12|HJ
9|27|286|7|198|110|4N|S|11|ST
9|27|80|165|234|8|6C|S|12|HJ
9|27|229|33|288|296|6C|N|12|S4
9|28|54|146|75|34|2H|N|6|ST
9|28|133|319|252|236|2H|N|6|CK
9|28|136|237|287|243|1N|W|9|S5
9|28|274|309|90|218|1N|W|8|S5
9|28|292|73|293|170|2S|N|7|CQ
9|28|9|298|87|294|3C|W|6|HK
9|28|285|105|283|82|2N|W|7|S3
9|28|286|7|198|110|2S|N|8|H6
9|28|80|165|234|8|2S|N|8|CK
9|28|229|33|288|296|3S|N|8|CK
9|29|54|146|75|34|3N|N|9|S3
9|29|133|319|252|236|3D|N|10|S7
9|29|136|237|287|243|2S|W|8|DK
9|29|274|309|90|218|3N|N|9|S3
9|29|292|73|293|170|1N|N|9|S3
9|29|9|298|87|294|4H|S|10|C9
9|29|285|105|283|82|3D|N|10|S3
9|29|286|7|198|110|2S|W|7|DA
9|29|80|165|234|8|1N|N|9|S7
9|29|229|33|288|296|3N|N|9|S7
9|3|54|133|75|252|6H|S|12|SJ
9|3|146|319|34|236|6H|S|13|SQ
9|3|309|274|218|90|4H|S|13|SQ
9|3|237|136|243|287|6N|S|12|SJ
9|3|124|73|172|170|4H|S|12|SQ
9|3|9|298|87|294|4H|S|12|SQ
9|3|45|105|285|82|6H|S|12|SQ
9|3|286|7|198|110|6H|S|11|SQ
9|3|33|165|296|8|6H|S|13|SQ
9|3|229|44|288|226|6H|S|12|SQ
9|30|54|146|75|34|3N|S|9|S4
9|30|133|319|252|236|3N|N|9|SJ
9|30|136|237|287|243|3N|N|9|SJ
9|30|274|309|90|218|4N|S|11|S4
9|30|292|73|293|170|3N|S|9|S4
9|30|9|298|87|294|3N|S|10|S4
9|30|285|105|283|82|3N|N|8|SJ
9|30|286|7|198|110|3N|S|8|S4
9|30|80|165|234|8|3N|S|10|S2
9|30|229|33|288|296|3N|S|9|S2
9|31|54|146|75|34|5D|S|11|CK
9|31|133|319|252|236|5H|N|7|CQ
9|31|136|237|287|243|3D|S|11|CK
9|31|274|309|90|218|4D|S|11|CK
9|31|292|73|293|170|5D|S|11|CK
9|31|9|298|87|294|4H|N|7|S9
9|31|285|105|283|82|4S|E|9|D3
9|31|286|7|198|110|4S|E|8|HK
9|31|80|165|234|8|3N|N|11|ST
9|31|229|33|288|296|5D|S|11|CA
9|32|54|146|75|34|3N|S|10|S8
9|32|133|319|252|236|5D|N|11|CK
9|32|136|237|287|243|3N|S|10|S8
9|32|274|309|90|218|3N|S|10|S8
9|32|292|73|293|170|3N|S|11|S8
9|32|9|298|87|294|3D|N|10|CK
9|32|285|105|283|82|3N|S|11|S8
9|32|286|7|198|110|3N|S|10|S6
9|32|80|165|234|8|3N|S|10|S2
9|4|54|133|75|252|4S|N|11|D4
9|4|146|319|34|236|5S|N|11|H2
9|4|309|274|218|90|5S|N|11|H2
9|4|237|136|243|287|4S|N|11|H4
9|4|124|73|172|170|4S|N|11|C6
9|4|9|298|87|294|4S|N|11|H9
9|4|45|105|285|82|4S|N|11|CJ
9|4|286|7|198|110|4S|N|11|D4
9|4|33|165|296|8|4S|N|12|D4
9|4|229|44|288|226|4S|S|12|H3
9|5|54|133|75|252|5HX|W|11|CK
9|5|146|319|34|236|5HX|W|10|S6
9|5|309|274|218|90|5CX|E|7|SA
9|5|237|136|243|287|5D|S|10|HK
9|5|124|73|172|170|5H|W|9|S3
9|5|9|298|87|294|4S|N|7|HT
9|5|45|105|285|82|4H|W|9|S3
9|5|286|7|198|110|5H|W|10|S3
9|6|54|133|75|252|3D|S|10|SA
9|6|146|319|34|236|5D|S|10|H8
9|6|309|274|218|90|5D|S|10|SA
9|6|237|136|243|287|5D|S|10|SA
9|6|124|73|172|170|4SX|E|10|H7
9|6|9|298|87|294|5D|N|10|S3
9|6|45|105|285|82|5D|N|10|CT
9|6|286|7|198|110|5D|S|10|SA
9|6|33|165|296|8|5C|N|10|CT
9|6|229|44|288|226|4S|E|10|CA
9|7|54|133|75|252|6N|N|10|S3
9|7|146|319|34|236|3N|N|10|C6
9|7|309|274|218|90|3N|N|9|C7
9|7|237|136|243|287|4N|S|10|H9
9|7|124|73|172|170|6N|S|10|D8
9|7|9|298|87|294|6N|S|10|H2
9|7|45|105|285|82|6N|S|10|H9
9|7|286|7|198|110|3N|S|10|HT
9|7|33|165|296|8|6N|S|10|D2
9|7|229|44|288|226|4N|S|11|S8
9|8|54|133|75|252|4H|N|10|CJ
9|8|146|319|34|236|4H|N|10|CJ
9|8|309|274|218|90|4H|N|10|CJ
9|8|237|136|243|287|4H|N|10|CJ
9|8|124|73|172|170|3S|E|6|HT
9|8|9|298|87|294|4H|N|10|CJ
9|8|45|105|285|82|2H|N|10|CJ
9|8|286|7|198|110|4H|N|10|CJ
9|8|33|165|296|8|4H|N|12|CJ
9|8|229|44|288|226|4H|N|10|CJ
9|9|54|133|75|252|3H|E|10|DA
9|9|146|319|34|236|3D|S|8|HQ
9|9|309|274|218|90|4SX|S|7|C2
9|9|237|136|243|287|3C|W|10|ST
9|9|124|73|172|170|3C|W|11|ST
9|9|9|298|87|294|3C|E|10|DA
9|9|45|105|285|82|2S|S|7|C2
9|9|286|7|198|110|3N|E|9|DA
9|9|33|165|296|8|2D|W|4|HT
9|9|229|44|288|226|3D|S|6|H4
