                                                       |             |              |           Play           |        Declaring         |                Defending              |
Players                                                |  No.   IMPs |   Bid   Play |   Declaring    Defending |   Declarer1    Declarer2 |       Lead1        Lead2         Play |
NUNES Claudio - FANTONI Fulvio                         |  420   0.88 |  0.27   0.61 |  0.41 (211)   0.82 (206) |  0.33 (105)   0.49 (106) |  0.35 (101)   0.20 (105)   0.55 (206) |
BOCCHI Norberto - DUBOIN Giorgio                       |  440   0.83 |  0.30   0.54 |  0.31 (201)   0.73 (237) |  0.27 (150)   0.43 ( 51) |  0.01 ( 84)   0.26 (153)   0.56 (237) |
HELGEMO Geir - HELNESS Tor                             |  520   0.69 |  0.44   0.26 |  0.24 (264)   0.28 (251) |  0.35 (122)   0.15 (142) |  0.22 (137)  -0.22 (114)   0.26 (251) |
CHMURSKI Bartosz - GAWRYS Piotr                        |  560   0.65 |  0.36   0.29 |  0.18 (283)   0.41 (276) |  0.21 (124)   0.15 (159) |  0.02 (149)   0.30 (127)   0.27 (276) |
MESBUR Adam - FITZGIBBON Nicholas                      |  380   0.57 |  0.51   0.06 |  0.06 (195)   0.07 (184) | -0.14 (104)   0.29 ( 91) |  0.04 (101)  -0.12 ( 83)   0.10 (184) |
VERSACE Alfredo - LAURIA Lorenzo                       |  420   0.55 |  0.08   0.47 |  0.26 (202)   0.67 (215) |  0.27 ( 94)   0.25 (108) |  0.22 (107)   0.22 (108)   0.45 (215) |
MORATH Anders - EFRAIMSSON Bengt-Erik                  |  520   0.52 |  0.23   0.29 |  0.54 (260)   0.05 (258) |  0.55 (125)   0.52 (135) |  0.07 (114)   0.13 (144)  -0.06 (258) |
WLADOW Entscho - ELINESCU Michael                      |  460   0.47 |  0.21   0.26 |  0.13 (229)   0.38 (231) |  0.17 (123)   0.08 (106) |  0.36 (112)  -0.22 (119)   0.32 (231) |
McGANN Hugh - HANLON Tom                               |  580   0.43 |  0.26   0.17 |  0.24 (276)   0.11 (302) |  0.00 (139)   0.48 (137) |  0.04 (132)   0.16 (170)   0.00 (302) |
STEFANOV Julian - ARONOV Victor                        |  460   0.42 |  0.26   0.16 |  0.24 (253)   0.06 (207) |  0.27 (126)   0.21 (127) | -0.10 (111)   0.21 ( 96)   0.02 (207) |
TOWNSEND Tom - GOLD David                              |  440   0.42 |  0.18   0.23 |  0.15 (217)   0.32 (221) |  0.17 (107)   0.13 (110) | -0.08 (108)   0.15 (113)   0.29 (221) |
JONSSON Thorlakur - BALDURSSON Jon                     |  460   0.39 |  0.46  -0.06 | -0.20 (241)   0.08 (219) | -0.28 (125)  -0.11 (116) |  0.08 (100)  -0.02 (119)   0.06 (219) |
BERTENS Huub - BAKKEREN Ton                            |  440   0.39 |  0.09   0.30 |  0.17 (206)   0.43 (231) |  0.42 (103)  -0.09 (103) |  0.15 (129)   0.11 (102)   0.29 (231) |
MULLER Bauke - DE WIJS Simon                           |  440   0.38 |  0.11   0.28 | -0.06 (223)   0.64 (213) | -0.08 (114)  -0.04 (109) |  0.03 (114)   0.35 ( 99)   0.46 (213) |
CHEMLA Paul - CRONIER Philippe                         |  480   0.37 |  0.05   0.32 |  0.20 (244)   0.44 (234) |  0.25 (114)   0.16 (130) |  0.14 (121)   0.44 (113)   0.16 (234) |
RADISIC Goran - ZIPOVSKI Dimitraki                     |  280   0.37 |  0.08   0.29 |  0.08 (147)   0.54 (129) | -0.24 ( 60)   0.29 ( 87) |  0.02 ( 62)   0.59 ( 67)   0.22 (129) |
EINARSSON Bjarni Holmar - HARALDSSON Sigurbjorn        |  440   0.35 |  0.16   0.19 |  0.04 (218)   0.33 (222) |  0.38 (102)  -0.25 (116) |  0.05 (108)   0.30 (114)   0.15 (222) |
CARROLL John - GARVEY Tommy                            |  400   0.34 |  0.31   0.04 |  0.02 (197)   0.05 (201) |  0.13 ( 82)  -0.06 (115) | -0.11 ( 92)   0.04 (109)   0.08 (201) |
MAGNUSSON Magnus Eidur - THORVALDSSON Matthias Gisli   |  380   0.34 |  0.45  -0.11 | -0.39 (212)   0.24 (165) | -0.75 (101)  -0.06 (111) | -0.10 ( 85)   0.23 ( 80)   0.18 (165) |
BORDALLO CORTINA Cristina - KNAP Andres                |  460   0.31 |  0.20   0.11 |  0.10 (207)   0.12 (245) |  0.23 (113)  -0.05 ( 94) | -0.04 (133)   0.25 (112)   0.03 (245) |
WINKLER Gabor - DUMBOVICH Miklos                       |  480   0.30 |  0.17   0.13 |  0.25 (236)   0.02 (241) |  0.47 (136)  -0.05 (100) | -0.14 (118)  -0.02 (123)   0.10 (241) |
BJARNARSON Gregers - ASKGAARD Michael                  |  460   0.29 |  0.21   0.08 |  0.15 (238)   0.02 (222) |  0.10 (124)   0.20 (114) | -0.06 (122)  -0.10 (100)   0.10 (222) |
ARLOVICH Andrei - ZHURAVEL Valentin                    |  460   0.27 |  0.18   0.09 |  0.00 (219)   0.17 (238) | -0.02 (142)   0.03 ( 77) |  0.14 (142)  -0.16 ( 96)   0.15 (238) |
McGEORGE James - STEEL Les                             |  460   0.27 |  0.23   0.03 | -0.09 (219)   0.15 (239) | -0.49 (119)   0.38 (100) |  0.02 (129)  -0.05 (110)   0.16 (239) |
ZORIC Vedran - BOREVKOVIC Goran                        |  540   0.26 |  0.21   0.05 |  0.08 (290)   0.01 (248) | -0.06 (131)   0.20 (159) |  0.05 (130)   0.11 (118)  -0.07 (248) |
RAMONDT Vincent - WESTRA Berry                         |  480   0.23 |  0.10   0.12 |  0.12 (258)   0.13 (222) |  0.10 (117)   0.12 (141) |  0.00 (113)   0.35 (109)  -0.04 (222) |
MOUIEL Herve - LEVY Alain                              |  420   0.23 |  0.29  -0.06 | -0.04 (207)  -0.09 (210) | -0.20 (121)   0.18 ( 86) | -0.04 (105)  -0.17 (105)   0.02 (210) |
NIKOLENKOV Dmitrij - PIEDRA Fernando                   |  420   0.21 |  0.09   0.12 |  0.17 (201)   0.07 (217) |  0.09 (137)   0.35 ( 64) |  0.31 ( 79)   0.24 (138)  -0.19 (217) |
NYSTROM Fredrik - BERTHEAU Peter                       |  440   0.21 |  0.22  -0.01 | -0.13 (206)   0.09 (232) | -0.30 (101)   0.04 (105) | -0.12 (113)   0.05 (119)   0.11 (232) |
PEHLIVAN Ozcan - DOGAN Irfan                           |  520   0.20 |  0.12   0.07 | -0.02 (236)   0.16 (281) | -0.11 (121)   0.07 (115) |  0.13 (144)   0.16 (137)   0.01 (281) |
SAINTE MARIE Thierry De - BOMPIS Marc                  |  420   0.20 |  0.03   0.16 |  0.32 (222)  -0.01 (197) |  0.50 ( 99)   0.17 (123) |  0.12 (105)  -0.04 ( 92)  -0.06 (197) |
PRICE David - SIMPSON Colin                            |  420   0.19 |  0.15   0.04 |  0.29 (221)  -0.24 (194) |  0.18 (135)   0.46 ( 86) | -0.38 ( 62)   0.03 (132)  -0.14 (194) |
BJORNLUND Fredrik - FREDIN Peter                       |  300   0.17 |  0.15   0.03 |  0.02 (155)   0.04 (142) |  0.03 ( 68)   0.01 ( 87) | -0.28 (111)   0.17 ( 31)   0.22 (142) |
SKRZYPCZAK Jerzy - GIERULSKI Boguslaw                  |  260   0.17 | -0.02   0.18 |  0.33 (143)   0.01 (117) |  0.27 ( 82)   0.41 ( 61) | -0.14 ( 58)  -0.21 ( 59)   0.18 (117) |
SAELENSMINDE Erik - BROGELAND Boye                     |  500   0.17 |  0.15   0.02 | -0.05 (235)   0.07 (264) | -0.14 (123)   0.05 (112) |  0.29 (120)   0.14 (144)  -0.14 (264) |
MARSAL Reiner - FRITSCHE Joerg                         |  380   0.16 |  0.17  -0.02 | -0.02 (196)  -0.01 (179) |  0.18 ( 88)  -0.18 (108) |  0.07 ( 85)   0.18 ( 94)  -0.14 (179) |
SZILAGYI Laszlo - HONTI Laszlo                         |  380   0.15 | -0.16   0.31 |  0.35 (195)   0.27 (185) |  0.30 (101)   0.41 ( 94) |  0.01 ( 99)   0.15 ( 86)   0.20 (185) |
SEN Tezcan - GUR Okay                                  |  460   0.15 | -0.00   0.16 |  0.28 (245)   0.02 (214) |  0.34 (123)   0.22 (122) |  0.07 (100)   0.13 (114)  -0.08 (214) |
PESSOA Sofia - CASTANHEIRA Jorge Carlos                |  440   0.15 |  0.19  -0.04 |  0.19 (213)  -0.26 (225) |  0.39 (117)  -0.05 ( 96) |  0.06 (123)   0.02 (102)  -0.30 (225) |
NABER Lauri - LUKS Leo                                 |  520   0.14 |  0.18  -0.04 | -0.13 (263)   0.06 (257) | -0.35 (115)   0.05 (148) |  0.09 (128)   0.12 (129)  -0.05 (257) |
TUNDAL Ulf Haakon - EKREN Bjorn Olav                   |  300   0.13 |  0.10   0.03 |  0.09 (155)  -0.02 (144) | -0.14 ( 81)   0.34 ( 74) | -0.12 ( 63)   0.07 ( 81)  -0.01 (144) |
NIELSEN Hans Christian - SCHOU Steen                   |  420   0.12 |  0.09   0.03 |  0.18 (226)  -0.15 (194) | -0.14 (123)   0.57 (103) |  0.13 ( 86)  -0.36 (108)  -0.01 (194) |
LEVINGER Asa - LIRAN Inon                              |  380   0.11 | -0.00   0.11 |  0.40 (163)  -0.10 (216) |  0.30 ( 93)   0.53 ( 70) | -0.39 (103)   0.01 (113)   0.08 (216) |
POLET Guy - KAPLAN Alain                               |  480   0.10 |  0.20  -0.10 | -0.24 (226)   0.03 (252) | -0.34 ( 60)  -0.21 (166) |  0.06 (149)   0.13 (103)  -0.06 (252) |
TUSZYNSKI Piotr - KOWALSKI Apolinary                   |  460   0.10 | -0.11   0.20 |  0.21 (232)   0.20 (226) | -0.19 (118)   0.62 (114) |  0.09 ( 98)   0.11 (128)   0.10 (226) |
MATUSHKO Georgi - KHOKHLOV Jouri                       |  440   0.08 | -0.04   0.12 |  0.27 (217)  -0.01 (222) |  0.57 (115)  -0.07 (102) |  0.17 (105)  -0.24 (117)   0.03 (222) |
BIRMAN David - FOHRER David                            |  520   0.04 | -0.09   0.13 |  0.19 (283)   0.06 (235) |  0.15 (143)   0.23 (140) |  0.23 (125)   0.14 (110)  -0.13 (235) |
ROMANOVSKA Maija - RUBINS Karlis                       |  440   0.03 |  0.02   0.01 |  0.08 (240)  -0.07 (199) | -0.37 (109)   0.46 (131) |  0.07 ( 95)  -0.04 (104)  -0.08 (199) |
MARASHEV Vladimir - PETKOV Vladimir                    |  380   0.03 | -0.14   0.18 |  0.17 (203)   0.18 (177) |  0.07 ( 94)   0.26 (109) |  0.05 ( 83)   0.11 ( 94)   0.10 (177) |
ELSINEN Antti - KIEMA Osmo                             |  460   0.02 | -0.07   0.08 |  0.29 (210)  -0.09 (248) |  0.23 (101)   0.34 (109) | -0.03 (161)  -0.17 ( 87)  -0.01 (248) |
WASIK Arturo - WICHMANN Gerardo                        |  420   0.01 | -0.01   0.03 |  0.24 (192)  -0.16 (224) |  0.27 (100)   0.20 ( 92) | -0.18 (111)   0.00 (113)  -0.07 (224) |
MACSKASY Gabor - SZALAY Gyorgy                         |  420  -0.03 | -0.16   0.13 | -0.11 (195)   0.33 (224) |  0.04 (107)  -0.30 ( 88) |  0.29 (121)  -0.02 (103)   0.19 (224) |
SOHTORIK Yusuf - EKSIOGLU Metin                        |  300  -0.06 | -0.17   0.11 | -0.01 (150)   0.22 (148) |  0.07 ( 72)  -0.08 ( 78) |  0.17 ( 85)   0.20 ( 63)   0.04 (148) |
PACHTMAN Ron - GRINBERG Nir                            |  420  -0.07 | -0.14   0.07 |  0.02 (208)   0.11 (210) | -0.30 ( 92)   0.28 (116) | -0.25 (114)   0.06 ( 96)   0.22 (210) |
ARMSTRONG John - HOLLAND John                          |  420  -0.08 | -0.05  -0.03 |  0.20 (194)  -0.23 (225) |  0.21 (101)   0.18 ( 93) | -0.05 (116)  -0.13 (109)  -0.14 (225) |
KURBALIJA Diane - KURBALIJA Filip                      |  100  -0.09 |  0.15  -0.24 | -0.23 ( 51)  -0.25 ( 49) |  0.02 ( 34)  -0.73 ( 17) | -0.23 ( 23)   0.17 ( 26)  -0.23 ( 49) |
RASE Davor - BRGULJAN Karlo                            |  540  -0.11 | -0.11  -0.01 |  0.15 (255)  -0.15 (282) |  0.31 (144)  -0.06 (111) |  0.07 (131)   0.06 (151)  -0.22 (282) |
SANDERS Derek - SIME Iain                              |  440  -0.11 |  0.12  -0.23 | -0.05 (221)  -0.43 (213) | -0.08 (114)  -0.02 (107) |  0.08 (100)   0.03 (113)  -0.49 (213) |
DUBININ Alexander - GROMOV Andrey                      |  460  -0.12 | -0.17   0.05 |  0.24 (251)  -0.19 (207) | -0.03 (111)   0.45 (140) |  0.05 (105)   0.06 (102)  -0.24 (207) |
MEDUSHEUSKI Henadzi - TSIMAKHOVICH Aleh                |  460  -0.13 | -0.19   0.06 | -0.02 (243)   0.15 (216) |  0.31 (135)  -0.43 (108) |  0.13 (109)  -0.03 (107)   0.10 (216) |
SALOMAA Mika - BACKSTROM Sue                           |  440  -0.15 | -0.17   0.02 | -0.21 (214)   0.24 (225) | -0.06 (108)  -0.35 (106) | -0.02 (113)   0.02 (112)   0.24 (225) |
REKUNOV Vladimir - KRASNOSSELSKI Mikhail               |  360  -0.16 | -0.15  -0.01 |  0.05 (162)  -0.06 (193) |  0.20 ( 85)  -0.11 ( 77) | -0.17 ( 90)   0.01 (103)   0.01 (193) |
BATOV Vasil - BONEV Ilko                               |  400  -0.16 | -0.20   0.04 |  0.34 (209)  -0.29 (191) |  0.44 (103)   0.25 (106) | -0.08 ( 86)  -0.24 (105)  -0.12 (191) |
OJA Olavi - KASK Vallo                                 |  460  -0.17 | -0.13  -0.03 | -0.11 (244)   0.05 (215) |  0.37 (123)  -0.59 (121) |  0.04 (115)  -0.03 (100)   0.04 (215) |
SCHALTZ Dorthe - SCHALTZ Peter                         |  440  -0.17 | -0.13  -0.04 |  0.07 (217)  -0.15 (220) |  0.17 (118)  -0.05 ( 99) | -0.11 (120)  -0.16 (100)  -0.01 (220) |
PIEKAREK Josef - GOTARD Tomasz                         |  440  -0.18 | -0.04  -0.14 | -0.09 (251)  -0.22 (188) |  0.08 (130)  -0.27 (121) |  0.04 (105)   0.04 ( 83)  -0.26 (188) |
BAUSBACK Nikolas - LOEFGREN Martin                     |  460  -0.19 | -0.04  -0.15 | -0.12 (214)  -0.18 (244) |  0.09 ( 93)  -0.28 (121) | -0.01 (127)  -0.07 (117)  -0.15 (244) |
ZOZIS Sotiris - KOUKOUSELIS Tassos                     |  360  -0.21 |  0.01  -0.22 | -0.20 (174)  -0.24 (184) |  0.02 ( 91)  -0.43 ( 83) | -0.31 (104)  -0.05 ( 80)  -0.05 (184) |
PAPAKYRIAKOPOULOS Yankos - FILIOS Aris                 |  420  -0.21 | -0.04  -0.16 |  0.05 (209)  -0.39 (205) |  0.39 (111)  -0.33 ( 98) |  0.11 ( 98)  -0.58 (107)  -0.13 (205) |
REES Tim - KURBALIJA Filip                             |  440  -0.23 |  0.05  -0.29 | -0.17 (221)  -0.42 (218) | -0.03 (116)  -0.31 (105) | -0.22 (106)  -0.23 (112)  -0.19 (218) |
SALISBURY John - TEDD Mike                             |  420  -0.24 | -0.08  -0.16 | -0.30 (198)  -0.03 (218) | -0.32 (103)  -0.27 ( 95) | -0.03 (120)  -0.20 ( 98)   0.07 (218) |
MATHESON John - SHORT Brian                            |  420  -0.28 | -0.21  -0.07 | -0.14 (188)  -0.02 (231) |  0.01 ( 81)  -0.25 (107) |  0.15 (103)   0.03 (128)  -0.10 (231) |
VLAJNIC Branko - ZIPOVSKI Dimitraki                    |  340  -0.28 |  0.05  -0.33 | -0.17 (162)  -0.48 (177) | -0.35 ( 96)   0.09 ( 66) | -0.29 ( 83)  -0.01 ( 94)  -0.34 (177) |
MATZIARIS Thanassis - KARAMANLIS Miltos                |  460  -0.29 | -0.11  -0.18 | -0.26 (254)  -0.08 (204) | -0.34 (136)  -0.16 (118) | -0.19 (114)   0.14 ( 90)  -0.04 (204) |
PAREZANIN Darko - DJURICIC Branislav                   |  580  -0.29 | -0.25  -0.04 | -0.02 (287)  -0.06 (291) | -0.15 (121)   0.07 (166) | -0.25 (141)   0.05 (150)   0.03 (291) |
DE ROOS Daniel - DE ROOS Steve                         |  400  -0.30 | -0.24  -0.06 | -0.10 (200)  -0.02 (198) |  0.25 ( 98)  -0.44 (102) | -0.07 ( 98)   0.28 (100)  -0.13 (198) |
NYBERG Clas - KOISTINEN Kauko                          |  420  -0.32 | -0.07  -0.25 | -0.23 (222)  -0.27 (197) | -0.37 (118)  -0.06 (104) |  0.03 ( 99)  -0.25 ( 98)  -0.16 (197) |
MUNTEANU Eduard - ROTARU Iulian                        |  460  -0.35 | -0.34  -0.01 |  0.32 (240)  -0.38 (220) |  0.52 (126)   0.11 (114) | -0.14 (119)  -0.18 (101)  -0.22 (220) |
SERPOI Gheorghe - STIRBU Calin                         |  400  -0.38 | -0.23  -0.15 |  0.09 (208)  -0.41 (192) |  0.23 ( 93)  -0.03 (115) | -0.00 ( 97)  -0.35 ( 95)  -0.23 (192) |
PROROK Kalle - RENNO Ilkka                             |  360  -0.38 |  0.11  -0.49 | -0.54 (159)  -0.45 (201) | -0.23 ( 74)  -0.81 ( 85) |  0.03 (109)  -0.23 ( 92)  -0.36 (201) |
MICHAILOVAS Andrius - LUKINSKAS Povilas                |  480  -0.38 | -0.17  -0.21 | -0.28 (227)  -0.14 (250) | -0.56 (117)   0.02 (110) | -0.15 (141)   0.07 (109)  -0.09 (250) |
PABLOS Pablo Gomez de - BASABE Enrique                 |  420  -0.39 | -0.16  -0.22 | -0.46 (205)   0.01 (212) | -0.44 (109)  -0.47 ( 96) |  0.02 (101)   0.16 (111)  -0.09 (212) |
OLANSKI Wojtek - VAINIKONIS Vytautas                   |  460  -0.39 | -0.04  -0.35 | -0.08 (251)  -0.68 (206) |  0.06 (132)  -0.24 (119) | -0.03 ( 82)  -0.50 (124)  -0.37 (206) |
CAPUTO Philippe - DEMARCIN Eric                        |  440  -0.40 | -0.20  -0.20 | -0.09 (225)  -0.32 (212) | -0.03 (153)  -0.21 ( 72) |  0.07 ( 85)  -0.12 (127)  -0.28 (212) |
RUBENIS Bruno - HAYES Ben                              |  440  -0.42 | -0.21  -0.21 | -0.12 (205)  -0.30 (228) |  0.21 ( 64)  -0.26 (141) |  0.04 (134)  -0.42 ( 94)  -0.15 (228) |
GESTE Andis - KHAZANOV Igor                            |  400  -0.43 | -0.17  -0.26 | -0.25 (211)  -0.27 (185) | -0.25 (116)  -0.25 ( 95) |  0.01 ( 99)  -0.02 ( 86)  -0.26 (185) |
PAZ Nuno - SANTOS Rui Silva                            |  420  -0.45 | -0.41  -0.04 |  0.14 (221)  -0.25 (198) |  0.39 (109)  -0.11 (112) |  0.05 (101)  -0.10 ( 97)  -0.23 (198) |
PIZZA Ettore - GADDI Camillo                           |  440  -0.48 | -0.31  -0.17 | -0.17 (232)  -0.19 (207) |  0.02 (103)  -0.31 (129) |  0.08 ( 99)  -0.14 (108)  -0.15 (207) |
MOSSOP David - ZIVKOVIC Gojko                          |  420  -0.50 | -0.30  -0.21 |  0.13 (203)  -0.52 (216) | -0.01 (111)   0.30 ( 92) | -0.03 (119)   0.09 ( 97)  -0.55 (216) |
CASEY Jill - KURBALIJA Diane                           |  180  -0.51 | -0.46  -0.05 |  0.06 ( 88)  -0.15 ( 92) |  0.03 ( 46)   0.09 ( 42) |  0.43 ( 42)   0.25 ( 50)  -0.48 ( 92) |
SOROLDONI Massimo - ZACCARIA Daniele                   |  400  -0.52 | -0.31  -0.21 | -0.18 (197)  -0.23 (199) | -0.13 ( 83)  -0.22 (114) | -0.02 (103)  -0.18 ( 96)  -0.13 (199) |
BRICIU Marius - GHIGHECI Ovidiu                        |  420  -0.57 | -0.26  -0.31 | -0.38 (191)  -0.25 (229) | -0.43 ( 96)  -0.33 ( 95) | -0.39 (106)  -0.12 (123)  -0.00 (229) |
MATOS Nuno - CRUZEIRO Jorge                            |  380  -0.61 | -0.32  -0.28 | -0.22 (168)  -0.33 (210) | -0.21 ( 65)  -0.23 (103) |  0.08 ( 95)  -0.12 (115)  -0.30 (210) |
ZHUKOV Alexander - KARBANOVICH Alexander               |  400  -0.61 | -0.53  -0.07 | -0.11 (191)  -0.04 (208) |  0.02 (100)  -0.25 ( 91) |  0.42 (102)   0.08 (106)  -0.28 (208) |
BRIOLINI Giancarlo - FIORINI Fiorenzo                  |  440  -0.65 | -0.25  -0.40 |  0.05 (205)  -0.79 (232) |  0.07 (115)   0.03 ( 90) | -0.24 (132)  -0.37 (100)  -0.50 (232) |
TIHANE Aivar - DALBERG Lembit                          |  340  -0.67 | -0.26  -0.41 | -0.31 (163)  -0.50 (176) |  0.20 ( 84)  -0.85 ( 79) |  0.07 ( 82)  -0.15 ( 94)  -0.46 (176) |
TYLA Albertas - BABICKAS Rolandas                      |  340  -0.76 | -0.37  -0.39 | -0.12 (172)  -0.68 (164) |  0.08 ( 92)  -0.34 ( 80) | -0.50 ( 94)  -0.13 ( 70)  -0.34 (164) |
HEIN Soren - HELLING Stefan                            |  400  -0.78 | -0.48  -0.30 | -0.09 (178)  -0.47 (219) | -0.27 ( 93)   0.10 ( 85) | -0.14 (103)  -0.20 (116)  -0.30 (219) |
PRAVDIC Milko - CEKOL Goran                            |  200  -0.95 | -0.45  -0.49 | -0.43 ( 96)  -0.55 (104) | -0.52 ( 40)  -0.37 ( 56) |  0.15 ( 52)  -0.41 ( 52)  -0.42 (104) |

                                                       |             |              |           Play           |        Declaring         |                Defending              |
Players                                                |  No.   IMPs |   Bid   Play |   Declaring    Defending |   Declarer1    Declarer2 |       Lead1        Lead2         Play |
MATUSHKO Georgi - KRASNOSSELSKI Mikhail                |   20   0.90 |  0.64   0.26 |  0.25 (  6)   0.26 ( 14) |  0.00 (  3)   0.51 (  3) |  0.03 (  7)  -0.10 (  7)   0.29 ( 14) |
WASIK Arturo - BASABE Enrique                          |   20   0.89 |  1.35  -0.46 | -0.96 ( 10)   0.04 ( 10) | -0.47 (  7)  -2.09 (  3) |  0.04 (  4)  -0.22 (  6)   0.15 ( 10) |
NYSTROM Fredrik - BJORNLUND Fredrik                    |   60   0.62 |  0.57   0.05 |  0.65 ( 26)  -0.42 ( 34) |  0.22 (  9)   0.88 ( 17) | -0.40 ( 20)  -0.49 ( 14)   0.02 ( 34) |
RADISIC Goran - VLAJNIC Branko                         |   20   0.30 |  0.26   0.04 |  0.86 (  6)  -0.31 ( 14) |  0.20 (  1)   0.99 (  5) | -0.21 ( 14)      - (  0)  -0.10 ( 14) |
KURBALIJA Diane - KURBALIJA Filip                      |  100  -0.09 |  0.15  -0.24 | -0.23 ( 51)  -0.25 ( 49) |  0.02 ( 34)  -0.73 ( 17) | -0.23 ( 23)   0.17 ( 26)  -0.23 ( 49) |
REES Tim - SALISBURY John                              |   60  -0.41 | -0.02  -0.40 | -0.03 ( 27)  -0.69 ( 33) | -0.23 ( 11)   0.10 ( 16) | -0.62 ( 18)  -0.22 ( 15)  -0.26 ( 33) |
REES Tim - TEDD Mike                                   |   40  -0.75 | -0.30  -0.45 | -0.41 ( 16)  -0.47 ( 24) | -0.60 (  9)  -0.17 (  7) | -0.46 ( 12)   0.04 ( 12)  -0.26 ( 24) |
PAREZANIN Darko - SIBINOVIC Zoran                      |   60  -0.80 | -0.63  -0.17 | -0.09 ( 36)  -0.28 ( 24) |  0.21 ( 19)  -0.43 ( 17) |  0.35 ( 12)  -0.61 ( 12)  -0.15 ( 24) |
PAZ Nuno - CASTANHEIRA Jorge Carlos                    |   20  -1.27 |  0.24  -1.51 | -1.66 ( 10)  -1.36 ( 10) | -1.37 (  5)  -1.96 (  5) |  0.00 (  5)   0.00 (  5)  -1.36 ( 10) |
PROROK Kalle - LOEFGREN Martin                         |   20  -1.54 | -0.24  -1.29 | -0.09 ( 11)  -2.77 (  9) | -0.43 (  2)  -0.02 (  9) |  0.29 (  6)  -3.88 (  3)  -1.67 (  9) |
PESSOA Sofia - SANTOS Rui Silva                        |   20  -3.73 | -1.37  -2.37 | -1.58 ( 12)  -3.55 (  8) | -3.72 (  4)  -0.50 (  8) |  0.00 (  4)   0.00 (  4)  -3.55 (  8) |

