1|1|10|61|2|12|3N|N|8|S6
1|1|16|28|70|15|3N|N|9|H6
1|1|20|3|45|4|3N|S|9|S3
1|1|38|36|54|31|3N|S|9|SJ
1|1|43|77|6|25|5C|N|11|HK
1|1|48|57|7|34|4C|N|10|H2
1|1|49|42|46|32|5C|N|11|H3
1|1|51|19|68|69|5C|N|11|D6
1|1|52|41|30|29|3N|N|10|H6
1|1|59|37|76|50|3N|S|9|SJ
1|1|62|1|27|5|2H|W|7|S8
1|1|67|40|65|74|3N|S|10|SJ
1|1|72|33|23|26|3N|S|8|H7
1|1|81|56|82|53|3N|N|10|H6
1|10|10|61|2|12|4H|E|8|DA
1|10|16|28|70|15|3H|E|8|C3
1|10|20|3|45|4|2S|S|8|CK
1|10|38|36|54|31|2S|S|7|CA
1|10|43|77|6|25|2D|S|8|CK
1|10|48|57|7|34|2H|E|8|SA
1|10|49|42|46|32|4H|W|8|C6
1|10|51|19|68|69|5D|S|9|CA
1|10|52|41|30|29|3D|E|4|C3
1|10|59|37|76|50|4H|E|8|C3
1|10|62|1|27|5|3H|E|8|C3
1|10|67|40|65|74|3H|E|8|SA
1|10|72|33|23|26|3H|E|8|C3
1|10|81|56|82|53|3H|E|8|C3
1|11|10|61|2|12|3N|E|8|H7
1|11|16|28|70|15|3N|E|11|H7
1|11|20|3|45|4|2N|E|9|H7
1|11|38|36|54|31|1N|E|8|H7
1|11|43|77|6|25|3N|E|7|H7
1|11|48|57|7|34|1N|E|8|H7
1|11|49|42|46|32|3N|E|7|H7
1|11|51|19|68|69|3N|W|9|H7
1|11|52|41|30|29|3N|E|8|H7
1|11|59|37|76|50|1NX|E|10|H7
1|11|62|1|27|5|2N|E|11|H7
1|11|67|40|65|74|1N|E|10|H7
1|11|72|33|23|26|2N|E|8|C6
1|11|81|56|82|53|2N|E|8|C4
1|12|10|61|2|12|4S|W|11|DK
1|12|16|28|70|15|5S|W|10|DK
1|12|20|3|45|4|4S|W|11|H4
1|12|38|36|54|31|4S|W|11|CA
1|12|43|77|6|25|4S|W|11|DK
1|12|48|57|7|34|4S|E|11|CA
1|12|49|42|46|32|4S|W|11|DK
1|12|51|19|68|69|4S|E|11|DK
1|12|52|41|30|29|4S|W|11|S6
1|12|59|37|76|50|4S|E|11|DK
1|12|62|1|27|5|4S|W|11|DK
1|12|67|40|65|74|4S|W|10|H4
1|12|72|33|23|26|4S|W|11|DK
1|12|81|56|82|53|4S|W|11|H4
1|13|10|61|2|12|2S|N|8|CA
1|13|16|28|70|15|4S|N|7|CA
1|13|20|3|45|4|4SX|N|8|CK
1|13|38|36|54|31|2S|N|8|H2
1|13|43|77|6|25|4S|N|7|CA
1|13|48|57|7|34|4S|N|7|CA
1|13|49|42|46|32|4S|N|7|CA
1|13|51|19|68|69|4S|N|7|CA
1|13|52|41|30|29|4S|N|8|CA
1|13|59|37|76|50|2S|N|7|CA
1|13|62|1|27|5|4S|N|8|CA
1|13|67|40|65|74|4S|N|7|CA
1|13|72|33|23|26|4SX|N|8|CK
1|13|81|56|82|53|4H|W|8|SA
1|14|10|61|2|12|2S|S|9|H6
1|14|16|28|70|15|1N|W|5|C4
1|14|20|3|45|4|1N|W|5|CA
1|14|38|36|54|31|3N|N|8|HA
1|14|43|77|6|25|1N|W|5|CA
1|14|48|57|7|34|1N|E|5|CA
1|14|49|42|46|32|3C|S|11|H6
1|14|51|19|68|69|2D|W|5|C6
1|14|52|41|30|29|1N|W|4|H7
1|14|59|37|76|50|1N|N|8|HA
1|14|62|1|27|5|3D|E|7|D8
1|14|67|40|65|74|1N|W|5|S3
1|14|72|33|23|26|2N|N|8|CJ
1|14|81|56|82|53|1N|W|6|D3
1|15|10|61|2|12|2S|E|6|CT
1|15|16|28|70|15|3H|N|8|D8
1|15|20|3|45|4|4H|S|9|DK
1|15|38|36|54|31|4H|N|8|D7
1|15|43|77|6|25|4H|N|8|D9
1|15|48|57|7|34|2S|E|7|CT
1|15|49|42|46|32|3H|S|8|DA
1|15|51|19|68|69|1S|E|6|CT
1|15|52|41|30|29|2H|N|8|D7
1|15|59|37|76|50|3H|N|8|DA
1|15|62|1|27|5|3H|N|8|D7
1|15|67|40|65|74|2H|N|8|D7
1|15|72|33|23|26|2H|N|8|D8
1|15|81|56|82|53|2H|N|8|D9
1|16|10|61|2|12|3D|N|8|H9
1|16|16|28|70|15|3SX|E|9|CA
1|16|20|3|45|4|3D|N|7|H9
1|16|38|36|54|31|3H|N|7|H9
1|16|43|77|6|25|3D|N|8|H9
1|16|48|57|7|34|4SX|E|9|CA
1|16|49|42|46|32|3N|N|5|ST
1|16|51|19|68|69|3S|E|10|CK
1|16|52|41|30|29|3D|N|8|H9
1|16|59|37|76|50|3D|N|8|H9
1|16|62|1|27|5|3N|N|5|S8
1|16|67|40|65|74|3D|N|8|H9
1|16|72|33|23|26|3D|N|8|H9
1|16|81|56|82|53|4S|E|10|CA
1|2|10|61|2|12|1N|S|9|H4
1|2|16|28|70|15|1N|S|9|HT
1|2|20|3|45|4|2N|S|8|H4
1|2|38|36|54|31|P|S|0
1|2|43|77|6|25|3D|S|9|C8
1|2|48|57|7|34|2N|S|9|C8
1|2|49|42|46|32|1N|E|5|DT
1|2|51|19|68|69|2N|N|9|C4
1|2|52|41|30|29|2N|N|8|C6
1|2|59|37|76|50|P|S|0
1|2|62|1|27|5|2N|N|9|C4
1|2|67|40|65|74|2C|E|6|ST
1|2|72|33|23|26|2N|N|8|S7
1|2|81|56|82|53|1N|S|9|HJ
1|3|10|61|2|12|7D|N|13|HT
1|3|16|28|70|15|7D|S|13|D7
1|3|20|3|45|4|6D|N|13|DJ
1|3|38|36|54|31|3N|S|12|D7
1|3|43|77|6|25|6C|S|12|C6
1|3|48|57|7|34|6C|S|12|C5
1|3|49|42|46|32|6D|N|13|HT
1|3|51|19|68|69|3N|S|12|D8
1|3|52|41|30|29|6D|S|13|H2
1|3|59|37|76|50|6DX|N|13|HK
1|3|62|1|27|5|5C|S|13|D8
1|3|67|40|65|74|6D|N|13|D6
1|3|72|33|23|26|6C|S|12|H2
1|3|81|56|82|53|6C|S|12|S6
1|4|10|61|2|12|4D|W|9|S7
1|4|16|28|70|15|3N|W|8|S7
1|4|20|3|45|4|5DX|W|9|CA
1|4|38|36|54|31|5D|E|10|H7
1|4|43|77|6|25|3S|S|6|HK
1|4|48|57|7|34|4D|E|9|SA
1|4|49|42|46|32|5C|E|8|DA
1|4|51|19|68|69|3N|W|9|H5
1|4|52|41|30|29|3N|W|8|H6
1|4|59|37|76|50|5CX|E|8|SA
1|4|62|1|27|5|4D|W|9|CK
1|4|67|40|65|74|4H|S|6|DK
1|4|72|33|23|26|5D|W|9|CA
1|4|81|56|82|53|3S|S|6|HK
1|5|10|61|2|12|5D|S|10|H6
1|5|16|28|70|15|2SX|W|7|DK
1|5|20|3|45|4|3N|S|9|S9
1|5|38|36|54|31|5D|S|10|S4
1|5|43|77|6|25|3N|S|9|S7
1|5|48|57|7|34|3N|N|9|S9
1|5|49|42|46|32|3N|S|9|S9
1|5|51|19|68|69|3D|S|8|S9
1|5|52|41|30|29|3N|S|9|S3
1|5|59|37|76|50|2SX|E|7|DK
1|5|62|1|27|5|3N|S|9|S7
1|5|67|40|65|74|3N|S|9|S7
1|5|72|33|23|26|2N|S|9|S7
1|5|81|56|82|53|3N|S|9|H3
1|6|10|61|2|12|4D|S|11|SA
1|6|16|28|70|15|5DX|N|11|SA
1|6|20|3|45|4|5D|N|11|ST
1|6|38|36|54|31|5D|N|11|S3
1|6|43|77|6|25|5D|N|11|ST
1|6|48|57|7|34|3N|N|6|SK
1|6|49|42|46|32|5D|N|11|C4
1|6|51|19|68|69|5D|S|11|SA
1|6|52|41|30|29|5D|N|11|ST
1|6|59|37|76|50|5D|N|11|SK
1|6|62|1|27|5|5D|N|11|ST
1|6|67|40|65|74|5D|S|11|SA
1|6|72|33|23|26|5D|N|11|SA
1|6|81|56|82|53|3N|S|5|SA
1|7|10|61|2|12|4H|W|12|DT
1|7|16|28|70|15|4SX|N|8|CK
1|7|20|3|45|4|4H|W|11|SK
1|7|38|36|54|31|3S|S|9|HK
1|7|43|77|6|25|4H|W|11|SK
1|7|48|57|7|34|5H|E|11|SJ
1|7|49|42|46|32|5H|W|11|SK
1|7|51|19|68|69|4H|W|11|SK
1|7|52|41|30|29|4S|S|9|HK
1|7|59|37|76|50|4H|E|11|S4
1|7|62|1|27|5|3SX|N|8|CA
1|7|67|40|65|74|4S|S|9|S7
1|7|72|33|23|26|4H|W|12|DT
1|7|81|56|82|53|5H|W|12|DT
1|8|10|61|2|12|3N|W|9|S3
1|8|16|28|70|15|3N|W|10|S3
1|8|20|3|45|4|3N|W|10|H4
1|8|38|36|54|31|3N|W|10|H4
1|8|43|77|6|25|3N|W|10|S3
1|8|48|57|7|34|3N|E|9|C8
1|8|49|42|46|32|3N|W|10|S3
1|8|51|19|68|69|3N|W|11|CJ
1|8|52|41|30|29|3N|W|10|C8
1|8|59|37|76|50|3N|E|9|H4
1|8|62|1|27|5|3N|W|6|S3
1|8|67|40|65|74|3N|W|8|SJ
1|8|72|33|23|26|3N|W|11|S6
1|8|81|56|82|53|3N|W|10|H6
1|9|10|61|2|12|5C|E|12|DA
1|9|16|28|70|15|3N|W|12|D5
1|9|20|3|45|4|5C|E|11|H5
1|9|38|36|54|31|3N|E|12|D5
1|9|43|77|6|25|3N|E|12|D4
1|9|48|57|7|34|3N|E|12|SQ
1|9|49|42|46|32|3N|W|12|D6
1|9|51|19|68|69|3N|E|12|D6
1|9|52|41|30|29|3N|W|12|D6
1|9|59|37|76|50|3N|E|12|HJ
1|9|62|1|27|5|3N|W|12|S6
1|9|67|40|65|74|3N|W|12|D6
1|9|72|33|23|26|3N|W|12|S6
1|9|81|56|82|53|3N|W|12|D6
2|17|10|58|2|13|4H|W|9|C8
2|17|17|5|29|1|1N|W|8|CJ
2|17|19|24|69|9|4H|E|10|C8
2|17|33|34|26|57|4H|E|10|C5
2|17|43|7|39|41|4H|E|11|DQ
2|17|49|62|46|27|4S|S|8|DA
2|17|53|61|56|12|4H|E|9|ST
2|17|60|18|79|22|4H|W|8|CJ
2|17|64|42|35|32|4H|E|9|C8
2|17|66|14|75|47|4H|E|7|C5
2|17|73|71|25|55|4H|E|11|C8
2|17|78|67|44|65|4H|W|10|CJ
2|17|8|37|11|50|4H|W|11
2|17|82|74|80|40|4SX|S|8
2|18|10|58|2|13|3H|W|9|D7
2|18|17|5|29|1|2H|W|9|D9
2|18|19|24|69|9|2N|W|5|D7
2|18|33|34|26|57|2H|W|9|DQ
2|18|43|7|39|41|4H|W|9|SA
2|18|49|62|46|27|4H|W|10|D5
2|18|53|61|56|12|2N|W|6|D9
2|18|60|18|79|22|3C|E|9|S6
2|18|64|42|35|32|2H|E|10|S5
2|18|66|14|75|47|4H|W|9|D9
2|18|73|71|25|55|2H|W|9|D5
2|18|78|67|44|65|2H|W|9|D5
2|18|8|37|11|50|2H|W|9|D5
2|18|82|74|80|40|2H|W|8
2|19|10|58|2|13|3N|E|11|SJ
2|19|17|5|29|1|3N|E|11|H6
2|19|19|24|69|9|3N|W|11|C7
2|19|33|34|26|57|3N|E|11|S2
2|19|43|7|39|41|6D|W|10|HA
2|19|49|62|46|27|5D|W|10|CA
2|19|53|61|56|12|3N|W|11|C5
2|19|60|18|79|22|3N|E|12|C9
2|19|64|42|35|32|3N|E|11|H3
2|19|66|14|75|47|5D|W|10|HA
2|19|73|71|25|55|3N|W|9|S8
2|19|78|67|44|65|3N|E|11|H3
2|19|8|37|11|50|3N|E|12|C9
2|19|82|74|80|40|5D|E|11
2|20|10|58|2|13|2H|S|7|SA
2|20|17|5|29|1|2S|E|8|D2
2|20|19|24|69|9|2D|W|7|HQ
2|20|33|34|26|57|2S|E|9|H8
2|20|43|7|39|41|2S|E|7|D9
2|20|49|62|46|27|3C|E|8|H8
2|20|53|61|56|12|2S|E|8|H8
2|20|60|18|79|22|2S|E|8|D2
2|20|64|42|35|32|5C|E|8|H8
2|20|66|14|75|47|2C|E|9|C5
2|20|73|71|25|55|2C|E|9|C5
2|20|78|67|44|65|2S|E|7|D3
2|20|8|37|11|50|1S|E|8|D2
2|20|82|74|80|40|2C|W|9
2|21|10|58|2|13|3D|E|8|CJ
2|21|17|5|29|1|3D|E|9|CJ
2|21|19|24|69|9|2S|E|8|CJ
2|21|33|34|26|57|P|S|0
2|21|43|7|39|41|4D|E|9|D4
2|21|49|62|46|27|3D|W|8|H8
2|21|53|61|56|12|3N|E|7|H5
2|21|60|18|79|22|2N|E|7|C4
2|21|64|42|35|32|5D|W|8|H3
2|21|66|14|75|47|P|S|0
2|21|73|71|25|55|3C|W|4|H2
2|21|78|67|44|65|1N|E|9|H5
2|21|8|37|11|50|3D|E|8|D9
2|21|82|74|80|40|5D|W|10
2|22|10|58|2|13|3H|E|7|C7
2|22|17|5|29|1|3H|E|6|DK
2|22|19|24|69|9|2D|S|8|SJ
2|22|33|34|26|57|2S|W|7|CK
2|22|43|7|39|41|2DX|N|10|C9
2|22|49|62|46|27|3DX|N|10|H6
2|22|53|61|56|12|4H|E|8|DK
2|22|60|18|79|22|3H|E|9|DK
2|22|64|42|35|32|4H|E|7|DK
2|22|66|14|75|47|2HX|N|5|DJ
2|22|73|71|25|55|5DX|S|10|HQ
2|22|78|67|44|65|4H|E|9|DK
2|22|8|37|11|50|3H|E|8|C7
2|22|82|74|80|40|3H|E|8|DK
2|23|10|58|2|13|4S|N|12|H4
2|23|17|5|29|1|4S|S|12|HK
2|23|19|24|69|9|4S|N|12|H6
2|23|33|34|26|57|6S|S|12|HK
2|23|43|7|39|41|4S|N|12|H4
2|23|49|62|46|27|4S|N|12|H4
2|23|53|61|56|12|4S|S|12|H4
2|23|60|18|79|22|4S|S|12|HK
2|23|64|42|35|32|4S|S|12|HK
2|23|66|14|75|47|4S|N|12|H4
2|23|73|71|25|55|4S|N|12|H6
2|23|78|67|44|65|4S|N|12|H4
2|23|8|37|11|50|4S|N|12|H4
2|23|82|74|80|40|4S|N|12|DJ
2|24|10|58|2|13|3H|E|8|SK
2|24|17|5|29|1|2H|E|8|SK
2|24|19|24|69|9|3H|E|8|SK
2|24|33|34|26|57|2S|N|9|C2
2|24|43|7|39|41|4H|E|8|SK
2|24|49|62|46|27|2H|E|8|SK
2|24|53|61|56|12|4S|N|9|HA
2|24|60|18|79|22|3H|E|8|SK
2|24|64|42|35|32|3HX|W|8|S2
2|24|66|14|75|47|2H|E|8|SK
2|24|73|71|25|55|2H|E|8|SK
2|24|78|67|44|65|4D|W|6|S8
2|24|8|37|11|50|2H|E|8|SK
2|24|82|74|80|40|2H|E|8|SK
2|25|10|58|2|13|2S|S|9|HQ
2|25|17|5|29|1|2S|S|9|C9
2|25|19|24|69|9|1N|W|8|H7
2|25|33|34|26|57|2S|S|8|C9
2|25|43|7|39|41|2S|S|10|C9
2|25|49|62|46|27|2S|S|8|C9
2|25|53|61|56|12|2S|S|8|D6
2|25|60|18|79|22|2C|N|11|DT
2|25|64|42|35|32|3C|S|11|C3
2|25|66|14|75|47|3C|N|10|CJ
2|25|73|71|25|55|2N|E|7|S7
2|25|78|67|44|65|5SX|S|9|C9
2|25|8|37|11|50|4C|N|8|D9
2|25|82|74|80|40|2S|N|9|DT
2|26|10|58|2|13|3C|N|9|H2
2|26|17|5|29|1|3H|S|6|SA
2|26|19|24|69|9|3C|N|11|D5
2|26|33|34|26|57|2S|E|5|HQ
2|26|43|7|39|41|2SX|E|7|D2
2|26|49|62|46|27|1N|N|8|D5
2|26|53|61|56|12|2S|W|6|C3
2|26|60|18|79|22|2N|N|8|S7
2|26|64|42|35|32|3N|N|8|S7
2|26|66|14|75|47|2S|E|5|HQ
2|26|73|71|25|55|2S|E|7|H5
2|26|78|67|44|65|2H|S|7|D4
2|26|8|37|11|50|3S|E|7|D2
2|26|82|74|80|40|2H|E|9|CT
2|27|10|58|2|13|5C|N|11|S6
2|27|17|5|29|1|4H|S|8|SK
2|27|19|24|69|9|3N|N|11|S5
2|27|33|34|26|57|3N|N|11|S2
2|27|43|7|39|41|3N|N|11|S6
2|27|49|62|46|27|3N|N|11|S5
2|27|53|61|56|12|3N|N|11|S5
2|27|60|18|79|22|3N|N|11|S5
2|27|64|42|35|32|3N|N|12|S6
2|27|66|14|75|47|3N|N|11|S5
2|27|73|71|25|55|4C|N|11|S5
2|27|78|67|44|65|3N|N|12|S6
2|27|8|37|11|50|3N|N|11|S5
2|27|82|74|80|40|3N|N|9|S5
2|28|10|58|2|13|7H|W|11|HT
2|28|17|5|29|1|4H|W|12|C8
2|28|19|24|69|9|4H|W|11|S9
2|28|33|34|26|57|4H|W|12|C5
2|28|43|7|39|41|4H|W|12|S8
2|28|49|62|46|27|4H|W|11|S9
2|28|53|61|56|12|4H|W|11|HT
2|28|60|18|79|22|4H|W|11|S8
2|28|64|42|35|32|4H|W|12|S9
2|28|66|14|75|47|4H|W|12|C5
2|28|73|71|25|55|4H|W|12|S9
2|28|78|67|44|65|4H|W|11|D5
2|28|8|37|11|50|4H|W|11|S3
2|28|82|74|80|40|4H|W|12|C8
2|29|10|58|2|13|4H|S|10|D2
2|29|17|5|29|1|2H|S|10|C3
2|29|19|24|69|9|3C|E|8|H2
2|29|33|34|26|57|4H|S|10|C3
2|29|43|7|39|41|2N|N|9|CK
2|29|49|62|46|27|2H|S|10|C3
2|29|53|61|56|12|4H|S|10|C4
2|29|60|18|79|22|2D|N|8|CA
2|29|64|42|35|32|2H|N|10|CA
2|29|66|14|75|47|2C|E|7|DA
2|29|73|71|25|55|3C|E|8|DA
2|29|78|67|44|65|4HX|S|8|C3
2|29|8|37|11|50|3C|E|8|H2
2|29|82|74|80|40|3C|E|9|H2
2|30|10|58|2|13|3N|N|9|S2
2|30|17|5|29|1|4H|N|8|S2
2|30|19|24|69|9|3N|N|8|S2
2|30|33|34|26|57|3D|S|9|D3
2|30|43|7|39|41|4D|S|10|SA
2|30|49|62|46|27|5D|S|9|D3
2|30|53|61|56|12|3D|S|9|SA
2|30|60|18|79|22|3N|N|8|S2
2|30|64|42|35|32|3N|N|9|S6
2|30|66|14|75|47|3N|S|8|C4
2|30|73|71|25|55|3D|S|10|H7
2|30|78|67|44|65|3N|N|8|S6
2|30|8|37|11|50|3D|S|10|D3
2|30|82|74|80|40|3D|S|10|SA
2|31|10|58|2|13|1HX|N|6|CJ
2|31|17|5|29|1|1N|S|6|SJ
2|31|19|24|69|9|1H|N|5|S2
2|31|33|34|26|57|1HX|N|6|CJ
2|31|43|7|39|41|1N|E|9|H7
2|31|49|62|46|27|1N|S|7|C6
2|31|53|61|56|12|2N|E|7|D4
2|31|60|18|79|22|1HX|N|5|CJ
2|31|64|42|35|32|1HX|N|6|CJ
2|31|66|14|75|47|1HX|N|6|CJ
2|31|73|71|25|55|1N|E|8|C8
2|31|78|67|44|65|1HX|N|5|C7
2|31|8|37|11|50|2HX|N|5|S2
2|31|82|74|80|40|2N|E|8
2|32|10|58|2|13|5H|W|10|CQ
2|32|17|5|29|1|5H|W|10|CQ
2|32|19|24|69|9|5HX|W|10|SA
2|32|33|34|26|57|5HX|W|10|CQ
2|32|43|7|39|41|4H|W|10|CQ
2|32|49|62|46|27|4H|W|10|CQ
2|32|53|61|56|12|4H|W|10|D2
2|32|60|18|79|22|5HX|W|10|CQ
2|32|64|42|35|32|4HX|W|10|CQ
2|32|66|14|75|47|5DX|S|11|HA
2|32|73|71|25|55|4H|W|10|D2
2|32|78|67|44|65|5DX|S|11|C2
2|32|8|37|11|50|4H|W|10|CQ
2|32|82|74|80|40|5HX|W|10|CQ
3|1|24|14|9|47|1N|N|8|H6
3|1|29|18|7|22|1N|N|10|H7
3|1|44|58|78|13|1NX|N|8|C2
3|1|51|4|68|3|2H|E|9|HJ
3|1|54|52|38|30|1N|N|8|H7
3|1|55|37|71|50|3C|S|7|S7
3|1|59|63|76|48|2H|E|8|DJ
3|1|6|36|39|31|1N|N|9|H3
3|1|64|5|35|1|2C|S|8|DK
3|1|66|11|75|8|1N|N|8|H7
3|1|72|16|23|70|3D|S|7|S7
3|1|73|20|27|45|1N|N|8|H6
3|1|79|62|60|21|1N|N|9|H2
3|1|81|28|82|15|2H|W|8|C2
3|10|24|14|9|47|2C|E|8|D8
3|10|29|18|7|22|2S|E|7|DK
3|10|44|58|78|13|3N|W|8|DK
3|10|51|4|68|3|3S|W|8|DK
3|10|54|52|38|30|4H|E|9|S3
3|10|55|37|71|50|2H|E|9|D8
3|10|59|63|76|48|3N|E|9|SA
3|10|6|36|39|31|2C|E|8|C2
3|10|64|5|35|1|2N|E|8|C7
3|10|66|11|75|8|2C|E|8|D8
3|10|72|16|23|70|2D|E|8|C5
3|10|73|20|27|45|1N|E|6|S4
3|10|79|62|60|21|2D|W|7|S5
3|10|81|28|82|15|4SX|W|9|DK
3|11|24|14|9|47|4D|W|8|S5
3|11|29|18|7|22|3S|N|7|D4
3|11|44|58|78|13|3S|S|8|D4
3|11|51|4|68|3|3S|S|9|H5
3|11|54|52|38|30|4S|S|7|D6
3|11|55|37|71|50|4S|S|8|D6
3|11|59|63|76|48|3S|N|9|H5
3|11|6|36|39|31|3S|S|8|CJ
3|11|64|5|35|1|4S|S|8|D8
3|11|66|11|75|8|4S|S|9|H5
3|11|72|16|23|70|3S|S|8|H5
3|11|73|20|27|45|3S|S|8|H5
3|11|79|62|60|21|4S|S|9|H5
3|11|81|28|82|15|4S|S|9|H6
3|12|24|14|9|47|3H|N|11|S8
3|12|29|18|7|22|3N|N|12|S8
3|12|44|58|78|13|3N|S|11|S5
3|12|51|4|68|3|4H|N|11|S8
3|12|54|52|38|30|2SX|W|4|CK
3|12|55|37|71|50|2S|E|5|HA
3|12|59|63|76|48|3N|N|12|S8
3|12|6|36|39|31|2S|E|5|HA
3|12|64|5|35|1|4H|S|11|DA
3|12|66|11|75|8|2SX|W|4|CK
3|12|72|16|23|70|2D|W|5|CK
3|12|73|20|27|45|4H|N|11|S8
3|12|79|62|60|21|4H|N|12|S8
3|12|81|28|82|15|3N|S|11|S5
3|13|24|14|9|47|3DX|S|8|DA
3|13|29|18|7|22|4H|E|7|DJ
3|13|44|58|78|13|4H|E|8|DJ
3|13|51|4|68|3|4H|E|7|DJ
3|13|54|52|38|30|4H|E|8|DJ
3|13|55|37|71|50|4H|E|8|DJ
3|13|59|63|76|48|4H|E|8|DJ
3|13|6|36|39|31|3H|E|8|DJ
3|13|64|5|35|1|4H|E|8|DJ
3|13|66|11|75|8|4H|E|8|DJ
3|13|72|16|23|70|4H|E|8|DJ
3|13|73|20|27|45|4H|E|8|DJ
3|13|79|62|60|21|3H|E|8|DJ
3|13|81|28|82|15|4H|E|8|DJ
3|14|24|14|9|47|4H|E|12|DT
3|14|29|18|7|22|5H|E|12|CT
3|14|44|58|78|13|5DX|S|9|HA
3|14|51|4|68|3|6H|E|12|DT
3|14|54|52|38|30|4H|E|13|DT
3|14|55|37|71|50|4H|E|12|CT
3|14|59|63|76|48|4H|E|12|DT
3|14|6|36|39|31|5H|E|12|CT
3|14|64|5|35|1|5H|E|13|CT
3|14|66|11|75|8|4H|E|13|S4
3|14|72|16|23|70|4H|E|12|CT
3|14|73|20|27|45|4H|E|12|CT
3|14|79|62|60|21|6H|E|12|CT
3|14|81|28|82|15|5C|E|12|H2
3|15|24|14|9|47|4H|W|10|SA
3|15|29|18|7|22|3D|E|10|SK
3|15|44|58|78|13|4H|W|10|SA
3|15|51|4|68|3|3D|E|10|CQ
3|15|54|52|38|30|4H|E|9|SK
3|15|55|37|71|50|4H|W|11|SA
3|15|59|63|76|48|5D|E|10|CQ
3|15|6|36|39|31|4H|W|10|SA
3|15|64|5|35|1|4D|E|10|CQ
3|15|66|11|75|8|3D|E|10|SK
3|15|72|16|23|70|4H|E|10|SK
3|15|73|20|27|45|4H|W|9|SA
3|15|79|62|60|21|3S|S|8|HK
3|15|81|28|82|15|3D|E|10|CQ
3|16|24|14|9|47|3D|S|7|SA
3|16|29|18|7|22|3S|E|6|DA
3|16|44|58|78|13|3S|E|4|DA
3|16|51|4|68|3|3C|W|6|DT
3|16|54|52|38|30|3D|S|8|S6
3|16|55|37|71|50|2S|E|6|DA
3|16|59|63|76|48|3N|E|5|DA
3|16|6|36|39|31|4S|E|6|DA
3|16|64|5|35|1|2S|E|8|DA
3|16|66|11|75|8|3D|S|7
3|16|72|16|23|70|3D|S|7|SA
3|16|73|20|27|45|2S|E|6|DK
3|16|79|62|60|21|2H|S|7|CK
3|16|81|28|82|15|2S|E|6|DA
3|2|24|14|9|47|4S|S|7|HJ
3|2|29|18|7|22|4H|N|8|CA
3|2|44|58|78|13|4H|N|8|CA
3|2|51|4|68|3|4H|N|9|CK
3|2|54|52|38|30|4H|N|8|CA
3|2|55|37|71|50|4HX|N|8|CA
3|2|59|63|76|48|4H|N|9|CA
3|2|6|36|39|31|1S|S|6|D8
3|2|64|5|35|1|2S|S|8|D5
3|2|66|11|75|8|4H|N|9|D3
3|2|72|16|23|70|4H|N|9|D3
3|2|73|20|27|45|2S|S|7|HJ
3|2|79|62|60|21|4H|N|8|CA
3|2|81|28|82|15|4H|N|9|CA
3|3|24|14|9|47|5C|E|10|S4
3|3|29|18|7|22|4C|E|10|HA
3|3|44|58|78|13|4HX|N|9|CK
3|3|51|4|68|3|5C|E|10|S5
3|3|54|52|38|30|4S|N|7|CK
3|3|55|37|71|50|5C|E|10|C5
3|3|59|63|76|48|5CX|E|10|HA
3|3|6|36|39|31|3C|W|11|HQ
3|3|64|5|35|1|5C|E|10|HA
3|3|66|11|75|8|3H|N|7|S3
3|3|72|16|23|70|3C|E|11|S4
3|3|73|20|27|45|3H|N|7|S3
3|3|79|62|60|21|5C|E|10|S5
3|3|81|28|82|15|5C|E|10|S5
3|4|24|14|9|47|4H|N|10|S5
3|4|29|18|7|22|4H|N|9|S4
3|4|44|58|78|13|3D|N|9|S5
3|4|51|4|68|3|3D|N|11|S4
3|4|54|52|38|30|4H|N|10|S5
3|4|55|37|71|50|4H|N|9|S5
3|4|59|63|76|48|5D|N|10|S5
3|4|6|36|39|31|3H|S|7|S4
3|4|64|5|35|1|3S|E|7|H9
3|4|66|11|75|8|3D|N|12|S5
3|4|72|16|23|70|3D|N|10|S5
3|4|73|20|27|45|5D|N|10|S5
3|4|79|62|60|21|4H|N|10|HJ
3|4|81|28|82|15|3D|N|11|S6
3|5|24|14|9|47|2N|N|8|C8
3|5|29|18|7|22|2S|E|6|H3
3|5|44|58|78|13|1N|N|9|C4
3|5|51|4|68|3|2HX|W|6|H4
3|5|54|52|38|30|2C|E|5|H3
3|5|55|37|71|50|1N|N|9|C5
3|5|59|63|76|48|2N|N|8|SK
3|5|6|36|39|31|3N|S|8|DT
3|5|64|5|35|1|1N|N|8|C8
3|5|66|11|75|8|1N|N|7|C8
3|5|72|16|23|70|1N|N|8|C4
3|5|73|20|27|45|1N|N|7|C6
3|5|79|62|60|21|1N|N|8|C6
3|5|81|28|82|15|1N|N|9|C6
3|6|24|14|9|47|4SX|N|9|CA
3|6|29|18|7|22|5H|E|9|SQ
3|6|44|58|78|13|5DX|N|10|HA
3|6|51|4|68|3|4H|W|9|DK
3|6|54|52|38|30|4HX|W|10|DA
3|6|55|37|71|50|4S|S|10|HK
3|6|59|63|76|48|5D|N|10|HA
3|6|6|36|39|31|3H|W|9|DA
3|6|64|5|35|1|5D|N|10|HA
3|6|66|11|75|8|5D|N|11|CK
3|6|72|16|23|70|4H|W|10|DA
3|6|73|20|27|45|4H|W|10|DK
3|6|79|62|60|21|4H|W|8|DA
3|6|81|28|82|15|4H|W|8|DA
3|7|24|14|9|47|1H|W|9|DA
3|7|29|18|7|22|1H|E|6|DK
3|7|44|58|78|13|1H|W|7|DA
3|7|51|4|68|3|1H|E|6|DA
3|7|54|52|38|30|1N|E|7|S5
3|7|55|37|71|50|1H|W|7|DA
3|7|59|63|76|48|2N|E|7|DK
3|7|6|36|39|31|2H|W|7|DA
3|7|64|5|35|1|2H|W|6|H8
3|7|66|11|75|8|1H|W|8|DA
3|7|72|16|23|70|1H|W|8|DA
3|7|73|20|27|45|3C|E|8|S3
3|7|79|62|60|21|1H|W|7|DA
3|7|81|28|82|15|3NX|W|5|DA
3|8|24|14|9|47|3S|W|9|C2
3|8|29|18|7|22|4C|N|10|H3
3|8|44|58|78|13|4SX|W|8|S2
3|8|51|4|68|3|4C|N|10|S4
3|8|54|52|38|30|3C|S|10|H8
3|8|55|37|71|50|3S|W|8|HK
3|8|59|63|76|48|5C|N|10|S5
3|8|6|36|39|31|5C|N|10|S6
3|8|64|5|35|1|3C|S|10|H9
3|8|66|11|75|8|3S|W|8|HK
3|8|72|16|23|70|3S|W|8|HK
3|8|73|20|27|45|2S|W|9|HK
3|8|79|62|60|21|4C|S|10|SA
3|8|81|28|82|15|3N|N|9|H4
3|9|24|14|9|47|2D|N|11|D8
3|9|29|18|7|22|3N|N|8|S3
3|9|44|58|78|13|5D|S|11|S2
3|9|51|4|68|3|3D|N|11|S4
3|9|54|52|38|30|3N|N|8|S2
3|9|55|37|71|50|1N|S|8|SA
3|9|59|63|76|48|3N|N|8|S3
3|9|6|36|39|31|3D|N|11|S2
3|9|64|5|35|1|3D|S|10|SA
3|9|66|11|75|8|4D|N|11|S2
3|9|72|16|23|70|2D|N|11|S2
3|9|73|20|27|45|1N|S|10|C5
3|9|79|62|60|21|2D|N|9|C4
3|9|81|28|82|15|3N|N|8|S3
4|17|10|27|2|21|4S|E|10|C7
4|17|26|48|33|7|1N|W|7|CA
4|17|29|51|41|68|2S|W|10|CK
4|17|39|37|43|50|4S|W|10|CA
4|17|42|53|32|56|2H|N|8|H2
4|17|49|52|46|30|2C|S|7|DA
4|17|59|44|76|78|3S|E|10|C7
4|17|66|71|75|55|2C|S|7|C9
4|17|67|19|65|69|4S|E|10|C7
4|17|72|36|23|31|4S|W|10|CA
4|17|73|4|25|3|1N|W|10|C8
4|17|79|54|60|38|2S|W|11|CA
4|17|8|45|11|20|1N|E|7|CA
4|17|82|5|80|1|4S|E|9|C7
4|18|10|27|2|21|3C|E|8|D7
4|18|26|48|33|7|3N|E|7|HT
4|18|29|51|41|68|2D|S|5|H7
4|18|39|37|43|50|2HX|S|7|H7
4|18|42|53|32|56|3C|E|7|D5
4|18|49|52|46|30|1N|E|7|H5
4|18|59|44|76|78|3C|E|8|S2
4|18|66|71|75|55|1N|E|7|HT
4|18|67|19|65|69|1N|E|8|D5
4|18|72|36|23|31|1N|E|7|H6
4|18|73|4|25|3|2S|W|8|CK
4|18|79|54|60|38|1N|E|7|D6
4|18|8|45|11|20|1N|E|8|HT
4|18|82|5|80|1|2C|E|8|D5
4|19|10|27|2|21|5C|N|10|HQ
4|19|26|48|33|7|4H|W|11|CK
4|19|29|51|41|68|5CX|N|10|DQ
4|19|39|37|43|50|3C|N|10|DQ
4|19|42|53|32|56|4H|W|11|CA
4|19|49|52|46|30|4C|N|10|HQ
4|19|59|44|76|78|3H|E|10|CA
4|19|66|71|75|55|5H|W|11|CA
4|19|67|19|65|69|5CX|N|10|HQ
4|19|72|36|23|31|5C|N|10|HQ
4|19|73|4|25|3|4S|S|8|HK
4|19|79|54|60|38|4N|S|10|HA
4|19|8|45|11|20|5C|N|10|HQ
4|19|82|5|80|1|5C|N|10|HQ
4|20|10|27|2|21|4H|W|11|SK
4|20|26|48|33|7|4H|W|11|SK
4|20|29|51|41|68|4H|W|11|SK
4|20|39|37|43|50|4H|W|11|SK
4|20|42|53|32|56|4H|E|11|DQ
4|20|49|52|46|30|4H|W|11|SK
4|20|59|44|76|78|4H|E|11|SK
4|20|66|71|75|55|4H|W|11|SK
4|20|67|19|65|69|4H|W|11|SK
4|20|72|36|23|31|4H|W|11|SK
4|20|73|4|25|3|4H|E|11|DQ
4|20|79|54|60|38|4H|W|11|SK
4|20|8|45|11|20|4H|W|11|SK
4|20|82|5|80|1|4H|W|11|SK
4|21|10|27|2|21|3S|E|9|HT
4|21|26|48|33|7|4S|E|9|HT
4|21|29|51|41|68|3S|E|9|HT
4|21|39|37|43|50|3S|E|10|HT
4|21|42|53|32|56|4S|E|8|HT
4|21|49|52|46|30|4S|E|8|H9
4|21|59|44|76|78|3S|E|9|HT
4|21|66|71|75|55|4S|E|9|HT
4|21|67|19|65|69|4S|E|7|H5
4|21|72|36|23|31|3S|E|9|H9
4|21|73|4|25|3|3S|E|8|HT
4|21|79|54|60|38|3S|E|9|HT
4|21|8|45|11|20|4S|E|8|S8
4|21|82|5|80|1|3S|E|9|HT
4|22|10|27|2|21|2H|W|7|DA
4|22|26|48|33|7|1N|N|7|S4
4|22|29|51|41|68|3N|S|7|SK
4|22|39|37|43|50|2C|S|5|SK
4|22|42|53|32|56|2S|E|7|DJ
4|22|49|52|46|30|2S|E|8|DJ
4|22|59|44|76|78|1N|N|8|S3
4|22|66|71|75|55|2N|N|7|S4
4|22|67|19|65|69|1N|N|7|S4
4|22|72|36|23|31|3D|N|6|C5
4|22|73|4|25|3|1N|N|8|S4
4|22|79|54|60|38|1N|N|7|S4
4|22|8|45|11|20|3C|S|6|SK
4|22|82|5|80|1|1N|N|7|S4
4|23|10|27|2|21|4H|W|10|S6
4|23|26|48|33|7|4H|W|10|S6
4|23|29|51|41|68|3N|E|11|C6
4|23|39|37|43|50|3N|E|10|D5
4|23|42|53|32|56|4H|W|10|C2
4|23|49|52|46|30|4H|E|10|D5
4|23|59|44|76|78|4H|E|10|D2
4|23|66|71|75|55|4H|W|10|C8
4|23|67|19|65|69|4H|W|10|C2
4|23|72|36|23|31|4H|W|10|C2
4|23|73|4|25|3|4H|W|10|C4
4|23|79|54|60|38|4H|W|11|S7
4|23|8|45|11|20|4H|W|10|C2
4|23|82|5|80|1|4H|W|10|C2
4|24|10|27|2|21|2D|E|11|S8
4|24|26|48|33|7|3N|W|8|C6
4|24|29|51|41|68|3D|E|10|H7
4|24|39|37|43|50|3N|E|8|CJ
4|24|42|53|32|56|2D|E|10|H4
4|24|49|52|46|30|3N|W|11|ST
4|24|59|44|76|78|2D|E|10|C3
4|24|66|71|75|55|2D|E|10|S4
4|24|67|19|65|69|5DX|E|10|S8
4|24|72|36|23|31|2D|E|10|H4
4|24|73|4|25|3|2D|E|10|S8
4|24|79|54|60|38|3N|E|8|CJ
4|24|8|45|11|20|2D|E|10|H4
4|24|82|5|80|1|3D|E|10|H4
4|25|10|27|2|21|3N|N|8|C7
4|25|26|48|33|7|4H|S|11|S7
4|25|29|51|41|68|5H|S|11|S7
4|25|39|37|43|50|6D|N|9|S4
4|25|42|53|32|56|5H|S|11|S7
4|25|49|52|46|30|4H|S|11|C2
4|25|59|44|76|78|4H|N|11|C2
4|25|66|71|75|55|4H|S|11|S8
4|25|67|19|65|69|4H|S|12|H2
4|25|72|36|23|31|6N|N|10|C5
4|25|73|4|25|3|5H|S|12|S7
4|25|79|54|60|38|5H|S|12|C2
4|25|8|45|11|20|6H|S|11|S7
4|25|82|5|80|1|4H|N|11|CT
4|26|10|27|2|21|2D|N|11|HJ
4|26|26|48|33|7|3N|S|9|H4
4|26|29|51|41|68|2D|N|10|CA
4|26|39|37|43|50|3N|S|8|H6
4|26|42|53|32|56|2D|S|10|C2
4|26|49|52|46|30|3D|N|11|CA
4|26|59|44|76|78|2D|N|11|D3
4|26|66|71|75|55|2D|N|10|CA
4|26|67|19|65|69|2D|N|10|CA
4|26|72|36|23|31|1N|S|9|H3
4|26|73|4|25|3|3N|S|10|D5
4|26|79|54|60|38|2D|S|11|H3
4|26|8|45|11|20|3N|S|9|H4
4|26|82|5|80|1|2D|N|10|CA
4|27|10|27|2|21|1S|W|7|H6
4|27|26|48|33|7|1S|W|6|C4
4|27|29|51|41|68|3C|S|10|D2
4|27|39|37|43|50|3C|S|10|D2
4|27|42|53|32|56|3C|S|9|D2
4|27|49|52|46|30|3D|E|8|CQ
4|27|59|44|76|78|4HX|E|8|CQ
4|27|66|71|75|55|3C|S|10|D5
4|27|67|19|65|69|3N|S|10|S4
4|27|72|36|23|31|2N|N|9|SJ
4|27|73|4|25|3|3C|S|10|SA
4|27|79|54|60|38|3N|S|10|D5
4|27|8|45|11|20|3C|S|9|D2
4|27|82|5|80|1|3C|N|10|HQ
4|28|10|27|2|21|4S|W|9|C2
4|28|26|48|33|7|4S|W|9|SJ
4|28|29|51|41|68|2S|E|11|C4
4|28|39|37|43|50|1S|W|11|C2
4|28|42|53|32|56|2S|W|8|SJ
4|28|49|52|46|30|1N|E|7|H5
4|28|59|44|76|78|1S|E|9|SJ
4|28|66|71|75|55|2H|S|6|D7
4|28|67|19|65|69|1S|W|9|SJ
4|28|72|36|23|31|2D|E|9|H6
4|28|73|4|25|3|2D|E|8|C3
4|28|79|54|60|38|1S|W|9|SJ
4|28|8|45|11|20|2S|W|9|C5
4|28|82|5|80|1|2S|W|9|SJ
4|29|10|27|2|21|2S|E|9|D8
4|29|26|48|33|7|2S|E|9|D6
4|29|29|51|41|68|2S|E|8|D7
4|29|39|37|43|50|2N|S|7|SJ
4|29|42|53|32|56|3N|S|6|SJ
4|29|49|52|46|30|2S|E|8|D7
4|29|59|44|76|78|3S|E|7|D6
4|29|66|71|75|55|2S|E|9|D6
4|29|67|19|65|69|3S|E|8|D7
4|29|72|36|23|31|2S|E|8|D7
4|29|73|4|25|3|2S|E|8|S2
4|29|79|54|60|38|2S|E|7|D7
4|29|8|45|11|20|2S|E|8|D7
4|29|82|5|80|1|3N|N|8|SJ
4|30|10|27|2|21|3N|N|11|S4
4|30|26|48|33|7|5D|S|9|SA
4|30|29|51|41|68|3N|S|10|HJ
4|30|39|37|43|50|5D|S|9|H5
4|30|42|53|32|56|5D|S|10|HJ
4|30|49|52|46|30|3N|N|11|S5
4|30|59|44|76|78|3N|N|10|HJ
4|30|66|71|75|55|6N|S|10|HJ
4|30|67|19|65|69|6D|S|12|SJ
4|30|72|36|23|31|5D|N|9|DT
4|30|73|4|25|3|3N|N|11|S4
4|30|79|54|60|38|6D|S|10|HJ
4|30|8|45|11|20|3N|N|10|S4
4|30|82|5|80|1|3N|S|9|HJ
4|31|10|27|2|21|1N|N|7|S3
4|31|26|48|33|7|1N|W|6|H7
4|31|29|51|41|68|1N|N|8|S6
4|31|39|37|43|50|1N|W|8|H7
4|31|42|53|32|56|1N|W|7|H7
4|31|49|52|46|30|1N|W|6|H7
4|31|59|44|76|78|2D|E|7|D2
4|31|66|71|75|55|1N|N|10|S3
4|31|67|19|65|69|2C|W|6|H7
4|31|72|36|23|31|3C|W|6|H7
4|31|73|4|25|3|1H|S|8|SK
4|31|79|54|60|38|1N|W|5|SQ
4|31|8|45|11|20|1N|W|7|C7
4|31|82|5|80|1|1H|S|6|DQ
4|32|10|27|2|21|1N|N|7|D3
4|32|26|48|33|7|1N|N|7|D7
4|32|29|51|41|68|3S|W|9|HA
4|32|39|37|43|50|3S|W|9|HA
4|32|42|53|32|56|2H|N|9|CA
4|32|49|52|46|30|3S|W|9|HA
4|32|59|44|76|78|2S|E|8|HA
4|32|66|71|75|55|2H|N|9|CA
4|32|67|19|65|69|4HX|N|9|CA
4|32|72|36|23|31|3H|N|8|H8
4|32|73|4|25|3|4H|N|9|CK
4|32|79|54|60|38|1N|N|7|D3
4|32|8|45|11|20|3H|N|8|CA
4|32|82|5|80|1|1N|N|7|D3
5|1|1|9|43|24|4S|E|10|DK
5|1|10|39|2|6|4S|E|10|C9
5|1|16|37|70|50|3N|E|10|DQ
5|1|40|27|74|62|3S|E|10|DK
5|1|47|28|14|15|3N|E|10|DK
5|1|49|26|46|33|4S|E|10|DK
5|1|52|18|30|22|3N|E|10|DK
5|1|53|57|56|34|4S|E|10|DK
5|1|60|58|79|13|4S|E|10|DK
5|1|64|29|35|17|4S|E|9|DK
5|1|7|36|41|31|4S|E|10|DK
5|1|72|12|23|61|4S|E|10|DK
5|1|73|8|25|11|4S|E|10|DK
5|1|83|42|81|32|4S|E|10|DK
5|10|1|9|43|24|3N|E|11|S2
5|10|10|39|2|6|3N|W|9|S6
5|10|16|37|70|50|3N|W|11|D2
5|10|40|27|74|62|3N|W|9|D3
5|10|47|28|14|15|3N|W|10|D3
5|10|49|26|46|33|3N|W|9|D3
5|10|52|18|30|22|3N|W|11|D3
5|10|53|57|56|34|3N|W|9|D3
5|10|60|58|79|13|3N|W|9|D3
5|10|64|29|35|17|3N|W|9|D2
5|10|7|36|41|31|3N|W|10|D3
5|10|72|12|23|61|3N|W|9|D3
5|10|73|8|25|11|3N|W|10|H3
5|10|83|42|81|32|2H|W|10|D2
5|11|1|9|43|24|3N|E|9|DK
5|11|10|39|2|6|4S|E|11|S2
5|11|16|37|70|50|4S|W|12|HJ
5|11|40|27|74|62|4S|E|11|CT
5|11|47|28|14|15|3N|W|9|HJ
5|11|49|26|46|33|4S|E|10|D7
5|11|52|18|30|22|3N|W|9|D2
5|11|53|57|56|34|4S|W|11|DK
5|11|60|58|79|13|4S|E|10|CT
5|11|64|29|35|17|4S|E|11|D7
5|11|7|36|41|31|4S|E|10|D7
5|11|72|12|23|61|4S|E|10|CT
5|11|73|8|25|11|4S|E|10|D2
5|11|83|42|81|32|4S|E|10|D7
5|12|1|9|43|24|3N|E|13|H2
5|12|10|39|2|6|3N|E|11|H4
5|12|16|37|70|50|3N|E|11|H2
5|12|40|27|74|62|3N|E|11|H5
5|12|47|28|14|15|3N|E|11|H4
5|12|49|26|46|33|3N|E|11|H4
5|12|52|18|30|22|3N|E|11|H2
5|12|53|57|56|34|3N|E|11|H4
5|12|60|58|79|13|3N|E|11|H5
5|12|64|29|35|17|3N|E|11|H2
5|12|7|36|41|31|3N|E|11|H4
5|12|72|12|23|61|3N|E|11|H4
5|12|73|8|25|11|3N|E|13|H4
5|12|83|42|81|32|3N|E|10|C2
5|13|1|9|43|24|2S|N|9|D2
5|13|10|39|2|6|2S|S|9|ST
5|13|16|37|70|50|2S|N|9|D2
5|13|40|27|74|62|2S|S|9|DQ
5|13|47|28|14|15|2S|S|10|D7
5|13|49|26|46|33|4S|S|9|DQ
5|13|52|18|30|22|2S|S|9|S2
5|13|53|57|56|34|1N|N|8|D5
5|13|60|58|79|13|2S|S|9|DQ
5|13|64|29|35|17|2S|N|9|D2
5|13|7|36|41|31|2S|S|9|DQ
5|13|72|12|23|61|2S|S|8|DQ
5|13|73|8|25|11|2S|S|8|ST
5|13|83|42|81|32|4S|S|8|DQ
5|14|1|9|43|24|3N|N|9|S4
5|14|10|39|2|6|3N|S|9|S3
5|14|16|37|70|50|3N|S|10
5|14|40|27|74|62|3N|S|9|S3
5|14|47|28|14|15|3N|N|9|S9
5|14|49|26|46|33|3N|S|9|S3
5|14|52|18|30|22|3N|S|9|S3
5|14|53|57|56|34|4H|S|9|H4
5|14|60|58|79|13|3N|S|9|S3
5|14|64|29|35|17|3N|S|9|S3
5|14|7|36|41|31|4H|S|9|SJ
5|14|72|12|23|61|3C|S|7|SJ
5|14|73|8|25|11|3N|S|9|S3
5|14|83|42|81|32|2SX|E|7|HA
5|15|1|9|43|24|4S|E|11|CA
5|15|10|39|2|6|4S|W|10|CA
5|15|16|37|70|50|1H|W|9
5|15|40|27|74|62|3S|W|11|CA
5|15|47|28|14|15|4S|E|11|C2
5|15|49|26|46|33|4S|W|10|CA
5|15|52|18|30|22|4S|W|11|CA
5|15|53|57|56|34|4S|W|11|CA
5|15|60|58|79|13|3S|W|11|CA
5|15|64|29|35|17|4S|W|10|CA
5|15|7|36|41|31|2S|E|11|C5
5|15|72|12|23|61|4S|W|11|CA
5|15|73|8|25|11|4H|W|11|CK
5|15|83|42|81|32|4S|W|11|CK
5|16|1|9|43|24|2H|E|9|CA
5|16|10|39|2|6|2H|W|9|CA
5|16|16|37|70|50|1N|W|7
5|16|40|27|74|62|4C|N|7|C5
5|16|47|28|14|15|3H|W|8|CA
5|16|49|26|46|33|2H|W|9|CA
5|16|52|18|30|22|3C|N|8|S7
5|16|53|57|56|34|3C|N|8|S7
5|16|60|58|79|13|4H|W|8|CK
5|16|64|29|35|17|3H|W|8|CA
5|16|7|36|41|31|3C|N|8|S7
5|16|72|12|23|61|3H|W|8|CA
5|16|73|8|25|11|4H|W|9|CK
5|16|83|42|81|32|1N|W|7|CQ
5|2|1|9|43|24|2N|N|8|S2
5|2|10|39|2|6|3N|S|7|H2
5|2|16|37|70|50|3C|S|8|DA
5|2|40|27|74|62|1N|N|8|DK
5|2|47|28|14|15|3C|S|8|DA
5|2|49|26|46|33|2N|S|7|S3
5|2|52|18|30|22|3C|N|8|HQ
5|2|53|57|56|34|3C|S|8|C2
5|2|60|58|79|13|3H|E|9|C6
5|2|64|29|35|17|2D|E|9|C6
5|2|7|36|41|31|3C|S|8|DA
5|2|72|12|23|61|3C|S|8|DA
5|2|73|8|25|11|3N|S|7|H2
5|2|83|42|81|32|3C|N|8|HQ
5|3|1|9|43|24|3S|E|8|C8
5|3|10|39|2|6|5C|S|10|S7
5|3|16|37|70|50|2C|S|8|S5
5|3|40|27|74|62|2H|N|7|D3
5|3|47|28|14|15|3H|N|7|SA
5|3|49|26|46|33|3S|W|8|CT
5|3|52|18|30|22|3C|S|9|S7
5|3|53|57|56|34|5C|S|10|S5
5|3|60|58|79|13|4H|N|8|SA
5|3|64|29|35|17|2H|N|7|D3
5|3|7|36|41|31|4H|N|6|SA
5|3|72|12|23|61|4HX|N|7|SA
5|3|73|8|25|11|4C|S|8|S5
5|3|83|42|81|32|2H|N|6|D2
5|4|1|9|43|24|4S|N|11|D8
5|4|10|39|2|6|4S|N|11|DA
5|4|16|37|70|50|4S|S|12|C6
5|4|40|27|74|62|4S|N|11|DA
5|4|47|28|14|15|4S|S|11|D3
5|4|49|26|46|33|4S|S|12|C2
5|4|52|18|30|22|4S|N|11|DA
5|4|53|57|56|34|4S|N|11|DK
5|4|60|58|79|13|4S|N|10|DA
5|4|64|29|35|17|4S|S|12|C6
5|4|7|36|41|31|4S|S|11|D6
5|4|72|12|23|61|4S|N|11|DA
5|4|73|8|25|11|4S|N|10|DA
5|4|83|42|81|32|4S|S|11|D3
5|5|1|9|43|24|4H|N|10|D8
5|5|10|39|2|6|4H|S|10|S5
5|5|16|37|70|50|4H|S|10|S5
5|5|40|27|74|62|4H|S|10|D4
5|5|47|28|14|15|4H|S|10|S5
5|5|49|26|46|33|4H|S|10|S2
5|5|52|18|30|22|4H|S|10|S2
5|5|53|57|56|34|4H|S|11|D4
5|5|60|58|79|13|4H|S|10|C5
5|5|64|29|35|17|4H|S|11|S5
5|5|7|36|41|31|4H|S|10|D7
5|5|72|12|23|61|4H|S|9|C5
5|5|73|8|25|11|4H|S|10|S5
5|5|83|42|81|32|3N|S|8|D4
5|6|1|9|43|24|4H|N|9|SA
5|6|10|39|2|6|3H|N|8|C2
5|6|16|37|70|50|3H|N|7|H5
5|6|40|27|74|62|2H|N|8|C4
5|6|47|28|14|15|2H|N|9|C4
5|6|49|26|46|33|4HX|N|8|H5
5|6|52|18|30|22|3H|N|7|D3
5|6|53|57|56|34|2H|N|7|C2
5|6|60|58|79|13|3H|S|9|D5
5|6|64|29|35|17|3H|N|9|D5
5|6|7|36|41|31|2H|N|9|H7
5|6|72|12|23|61|3H|N|9|H5
5|6|73|8|25|11|3H|N|8|H5
5|6|83|42|81|32|3H|N|9|H5
5|7|1|9|43|24|3N|N|10|S5
5|7|10|39|2|6|3N|S|9|S4
5|7|16|37|70|50|3N|S|9|S4
5|7|40|27|74|62|3N|S|10|DT
5|7|47|28|14|15|3N|S|9|S4
5|7|49|26|46|33|3N|S|9|ST
5|7|52|18|30|22|5C|N|10|D2
5|7|53|57|56|34|3N|S|9|ST
5|7|60|58|79|13|3N|S|10|ST
5|7|64|29|35|17|3N|S|9|S4
5|7|7|36|41|31|3N|S|9|D6
5|7|72|12|23|61|3N|S|9|DT
5|7|73|8|25|11|3N|S|9|ST
5|7|83|42|81|32|3N|S|10|DT
5|8|1|9|43|24|4H|N|11|H2
5|8|10|39|2|6|4H|N|10|H2
5|8|16|37|70|50|4H|N|11|H2
5|8|40|27|74|62|4H|N|11|C9
5|8|47|28|14|15|4H|N|11|H2
5|8|49|26|46|33|4H|N|11|H3
5|8|52|18|30|22|4H|N|10|C9
5|8|53|57|56|34|4H|N|11|H2
5|8|60|58|79|13|5H|S|11|DA
5|8|64|29|35|17|4H|N|11|C9
5|8|7|36|41|31|4H|S|11|C9
5|8|72|12|23|61|4H|N|11|H3
5|8|73|8|25|11|4H|N|11|H2
5|8|83|42|81|32|4H|N|11|C9
5|9|1|9|43|24|2S|N|10|D5
5|9|10|39|2|6|4SX|N|8|HK
5|9|16|37|70|50|3C|N|8|CJ
5|9|40|27|74|62|3S|N|8|HK
5|9|47|28|14|15|4SX|N|8|CJ
5|9|49|26|46|33|3N|N|8|D2
5|9|52|18|30|22|3N|N|8|D2
5|9|53|57|56|34|4SX|N|7|HK
5|9|60|58|79|13|4S|S|9|D5
5|9|64|29|35|17|3N|S|7|HJ
5|9|7|36|41|31|3SX|S|9|HK
5|9|72|12|23|61|3N|S|7|HJ
5|9|73|8|25|11|4SX|N|8|HK
5|9|83|42|81|32|4S|N|9|CJ
6|17|19|41|69|29|3D|E|9|H5
6|17|24|18|9|22|3D|E|9|S8
6|17|44|43|78|6|2S|S|7|C9
6|17|45|26|20|33|2H|N|8|S4
6|17|48|58|63|13|3D|E|9|S6
6|17|5|16|1|70|3D|E|10|CA
6|17|51|61|68|12|3C|E|9|S6
6|17|55|54|71|38|4H|N|9|S5
6|17|59|4|76|3|3D|E|9|H5
6|17|66|62|75|21|2S|S|6|C9
6|17|67|81|65|83|2S|S|6|C9
6|17|73|57|27|34|2D|E|9|S7
6|17|74|28|40|15|3D|E|9|S8
6|17|82|64|80|35|2D|E|9|S6
6|18|19|41|69|29|3N|W|8|S5
6|18|24|18|9|22|3N|W|9|DT
6|18|44|43|78|6|6CX|W|9|H2
6|18|45|26|20|33|3N|W|9|D5
6|18|48|58|63|13|3N|E|9|CT
6|18|5|16|1|70|1N|E|7|D2
6|18|51|61|68|12|3N|W|8|D3
6|18|55|54|71|38|3N|E|8|ST
6|18|59|4|76|3|3N|E|8|S5
6|18|66|62|75|21|3N|E|8|C4
6|18|67|81|65|83|3N|E|9|C2
6|18|73|57|27|34|3N|E|9|ST
6|18|74|28|40|15|3N|E|7|ST
6|19|19|41|69|29|2H|W|6|S2
6|19|24|18|9|22|3N|E|9|C3
6|19|44|43|78|6|2N|E|7|S3
6|19|45|26|20|33|2N|E|8|SA
6|19|48|58|63|13|3NX|E|8|H7
6|19|5|16|1|70|2D|E|6|C2
6|19|51|61|68|12|1N|S|5|HQ
6|19|55|54|71|38|2H|E|6|S2
6|19|59|4|76|3|1N|N|8|D7
6|19|66|62|75|21|1N|N|6|D7
6|19|67|81|65|83|1N|S|8|HQ
6|19|73|57|27|34|1N|W|7|C6
6|19|74|28|40|15|2H|W|6|S2
6|19|82|64|80|35|1N|N|8|D5
6|20|19|41|69|29|6H|W|12|HT
6|20|24|18|9|22|4H|W|12|D2
6|20|44|43|78|6|3N|E|11|C9
6|20|45|26|20|33|4H|W|12|HT
6|20|48|58|63|13|4H|E|11|HT
6|20|5|16|1|70|6H|E|11|H6
6|20|51|61|68|12|6H|W|12|D2
6|20|55|54|71|38|6H|E|11|HT
6|20|59|4|76|3|4H|E|12|HT
6|20|66|62|75|21|6H|W|12|HT
6|20|67|81|65|83|4H|W|11|H7
6|20|73|57|27|34|6H|W|10|H7
6|20|74|28|40|15|6H|W|12|D2
6|20|82|64|80|35|5H|W|11|D2
6|21|19|41|69|29|3H|N|10|DA
6|21|24|18|9|22|4H|N|10|DA
6|21|44|43|78|6|4S|N|9|H9
6|21|45|26|20|33|4H|N|10|DK
6|21|48|58|63|13|4S|N|9|D2
6|21|5|16|1|70|4H|N|10|DA
6|21|51|61|68|12|4S|S|9|D5
6|21|55|54|71|38|4S|N|9|C2
6|21|59|4|76|3|4H|N|10|DA
6|21|66|62|75|21|3N|S|10|C5
6|21|67|81|65|83|3N|S|10|C5
6|21|73|57|27|34|3N|S|10|C5
6|21|74|28|40|15|4S|S|8|C5
6|21|82|64|80|35|4S|S|8|D5
6|22|19|41|69|29|3S|W|10|H3
6|22|24|18|9|22|4S|W|10|H2
6|22|44|43|78|6|3S|W|10|H3
6|22|45|26|20|33|4S|W|10|H3
6|22|48|58|63|13|4S|E|10|HQ
6|22|5|16|1|70|3S|E|10|H2
6|22|51|61|68|12|4S|W|9|H3
6|22|55|54|71|38|3S|W|10|HQ
6|22|59|4|76|3|2S|E|8|H2
6|22|66|62|75|21|4S|W|10|H8
6|22|67|81|65|83|4S|W|10|H3
6|22|73|57|27|34|4S|W|10|HQ
6|22|74|28|40|15|2S|W|10|H7
6|22|82|64|80|35|4S|W|10|H3
6|23|19|41|69|29|2S|N|8|DA
6|23|24|18|9|22|5SX|N|9|DA
6|23|44|43|78|6|3S|N|9|HA
6|23|45|26|20|33|3S|N|9|DK
6|23|48|58|63|13|4C|E|10|H8
6|23|5|16|1|70|3C|E|10|H5
6|23|51|61|68|12|2S|N|10|DA
6|23|55|54|71|38|3S|N|9|DA
6|23|59|4|76|3|2S|N|9|DT
6|23|66|62|75|21|3S|N|9|DA
6|23|67|81|65|83|2S|N|9|DA
6|23|73|57|27|34|3C|W|10|H8
6|23|74|28|40|15|4D|W|10|H8
6|23|82|64|80|35|4C|E|10|HK
6|24|19|41|69|29|5H|N|6|SA
6|24|24|18|9|22|5C|N|6|HQ
6|24|44|43|78|6|3D|S|7|S6
6|24|45|26|20|33|4SX|E|9|CA
6|24|48|58|63|13|3C|N|5|S5
6|24|5|16|1|70|4SX|E|9|HA
6|24|51|61|68|12|3S|E|10|CA
6|24|55|54|71|38|3S|E|9|CA
6|24|59|4|76|3|4SX|E|9|HA
6|24|66|62|75|21|2S|E|8|HA
6|24|67|81|65|83|4SX|E|9|CA
6|24|73|57|27|34|4SX|E|9|HA
6|24|74|28|40|15|3N|N|5|HJ
6|24|82|64|80|35|2S|E|9|CA
6|25|19|41|69|29|3N|E|9|D3
6|25|24|18|9|22|3N|E|9|D3
6|25|44|43|78|6|3N|E|9|D3
6|25|45|26|20|33|3N|W|9|H7
6|25|48|58|63|13|3N|E|9|D4
6|25|5|16|1|70|3N|E|9|D2
6|25|51|61|68|12|3N|W|9|H6
6|25|55|54|71|38|3N|W|10|H7
6|25|59|4|76|3|3N|E|9|D4
6|25|66|62|75|21|3N|E|9|D3
6|25|67|81|65|83|3N|E|9|D6
6|25|73|57|27|34|3N|E|9|D3
6|25|74|28|40|15|3N|W|10|S2
6|25|82|64|80|35|3N|W|10|D7
6|26|19|41|69|29|4S|S|8|DA
6|26|24|18|9|22|5H|E|10|SJ
6|26|44|43|78|6|4S|S|8|DA
6|26|45|26|20|33|4S|S|9|DK
6|26|48|58|63|13|4H|E|9|SJ
6|26|5|16|1|70|4H|E|10|D5
6|26|51|61|68|12|4H|E|9|S6
6|26|55|54|71|38|4S|S|9|DK
6|26|59|4|76|3|4S|N|9|DA
6|26|66|62|75|21|4S|S|8|DA
6|26|67|81|65|83|5H|E|11|ST
6|26|73|57|27|34|4SX|S|8|DA
6|26|74|28|40|15|2S|N|9|DA
6|26|82|64|80|35|3H|W|9|S9
6|27|19|41|69|29|4S|E|9|DK
6|27|24|18|9|22|4S|E|8|H3
6|27|44|43|78|6|4S|E|8|DK
6|27|45|26|20|33|4S|E|8|DK
6|27|48|58|63|13|4S|E|9|DK
6|27|5|16|1|70|4S|E|9|DK
6|27|51|61|68|12|5HX|N|9|SK
6|27|55|54|71|38|4S|E|8|DK
6|27|59|4|76|3|5HX|N|8|SA
6|27|66|62|75|21|4S|E|9|DK
6|27|67|81|65|83|3S|W|9|DJ
6|27|73|57|27|34|4S|E|8|DK
6|27|74|28|40|15|4S|E|9|DK
6|27|82|64|80|35|4S|W|8|DJ
6|28|19|41|69|29|3N|W|9|S4
6|28|24|18|9|22|3N|W|9|S4
6|28|44|43|78|6|2H|N|8|DK
6|28|45|26|20|33|1N|W|8|S4
6|28|48|58|63|13|3N|E|9|S4
6|28|5|16|1|70|3N|E|8|S3
6|28|51|61|68|12|3N|W|8|S3
6|28|55|54|71|38|3D|W|10|DJ
6|28|59|4|76|3|3N|E|8|S5
6|28|66|62|75|21|3N|W|7|H9
6|28|67|81|65|83|3N|W|9|S5
6|28|73|57|27|34|3D|W|10|S4
6|28|74|28|40|15|3D|W|10|H5
6|28|82|64|80|35|3D|W|9|S3
6|29|19|41|69|29|2N|S|9|C8
6|29|24|18|9|22|3N|N|9|H2
6|29|44|43|78|6|1N|S|9|D6
6|29|45|26|20|33|2N|S|8|C3
6|29|48|58|63|13|3N|N|9|C3
6|29|5|16|1|70|2N|N|9|C5
6|29|51|61|68|12|3N|N|8|H2
6|29|55|54|71|38|2N|S|8|C2
6|29|59|4|76|3|3N|N|10|C3
6|29|66|62|75|21|3N|N|9|H2
6|29|67|81|65|83|1N|S|10|C9
6|29|73|57|27|34|2N|S|9|C4
6|29|74|28|40|15|2N|S|10|C8
6|29|82|64|80|35|3N|N|10|S3
6|30|19|41|69|29|3N|E|6|D3
6|30|24|18|9|22|1N|E|6|D3
6|30|44|43|78|6|3C|E|9|D2
6|30|45|26|20|33|2N|E|6|D3
6|30|48|58|63|13|3N|E|6|S2
6|30|5|16|1|70|1N|E|6|D2
6|30|51|61|68|12|1N|E|6|D3
6|30|55|54|71|38|3N|E|6|D3
6|30|59|4|76|3|3D|N|9|CA
6|30|66|62|75|21|3N|W|8|S7
6|30|67|81|65|83|1N|E|6|D2
6|30|73|57|27|34|1N|E|8|D5
6|30|74|28|40|15|1N|E|6|D3
6|30|82|64|80|35|1N|E|6|D3
6|31|19|41|69|29|3N|W|7|C5
6|31|24|18|9|22|3N|W|9|C5
6|31|44|43|78|6|3H|S|8|D2
6|31|45|26|20|33|3N|W|7|C5
6|31|48|58|63|13|3D|E|10|S7
6|31|5|16|1|70|4H|E|10|CA
6|31|51|61|68|12|3N|W|7|C4
6|31|55|54|71|38|3D|E|9|H6
6|31|59|4|76|3|4S|E|9|DA
6|31|66|62|75|21|2D|W|9|H7
6|31|67|81|65|83|3N|W|7|C7
6|31|73|57|27|34|3N|W|7|C5
6|31|74|28|40|15|2D|W|10|H5
6|31|82|64|80|35|3N|W|7|C5
6|32|19|41|69|29|3N|W|10|S7
6|32|24|18|9|22|3N|W|10|S5
6|32|44|43|78|6|3N|E|10|C6
6|32|45|26|20|33|3N|W|10|H8
6|32|48|58|63|13|4HX|N|5|CA
6|32|5|16|1|70|3N|E|9|S2
6|32|51|61|68|12|3N|W|9|H7
6|32|55|54|71|38|3N|E|11|DQ
6|32|59|4|76|3|3C|E|10|S9
6|32|66|62|75|21|4H|E|10|S9
6|32|67|81|65|83|3N|W|10|S8
6|32|73|57|27|34|3N|W|11|S4
6|32|74|28|40|15|3N|W|10|S7
6|32|82|64|80|35|3N|W|11|DA
7|1|10|71|2|55|4H|N|11|D7
7|1|19|37|69|50|4H|S|11|S4
7|1|28|4|15|3|4H|N|12|D7
7|1|39|18|43|22|4H|N|12|D3
7|1|44|62|78|21|4H|N|11|D3
7|1|47|36|14|31|4H|N|11|D5
7|1|52|45|30|20|4H|N|9|C2
7|1|59|5|76|1|4H|N|12|H3
7|1|60|57|79|34|4H|S|10|S4
7|1|63|54|48|38|4H|N|10|D4
7|1|64|26|35|33|4H|N|12|D7
7|1|73|16|27|70|4H|N|11|H6
7|1|74|41|40|29|4H|S|10|S4
7|1|81|23|83|72|4H|S|10|S4
7|10|10|71|2|55|4S|S|9|C7
7|10|19|37|69|50|4S|S|10|C4
7|10|28|4|15|3|4S|S|11|C6
7|10|39|18|43|22|4S|S|10|D5
7|10|44|62|78|21|4S|S|11|D4
7|10|47|36|14|31|4S|S|8|H2
7|10|52|45|30|20|4S|S|11|C2
7|10|59|5|76|1|4S|N|10|C3
7|10|60|57|79|34|3N|N|11|S3
7|10|63|54|48|38|4S|N|10|C7
7|10|64|26|35|33|4S|S|10|C5
7|10|73|16|27|70|4SX|S|10|C4
7|10|74|41|40|29|4S|S|11|C5
7|10|81|23|83|72|3N|N|11|D2
7|11|10|71|2|55|3N|S|10|H2
7|11|19|37|69|50|3N|N|9|H9
7|11|28|4|15|3|2H|E|6|DT
7|11|39|18|43|22|3N|N|9|S4
7|11|44|62|78|21|3N|N|9|H4
7|11|47|36|14|31|3N|N|9|H4
7|11|52|45|30|20|3N|N|11|D4
7|11|59|5|76|1|3N|N|10|H8
7|11|60|57|79|34|3N|N|10|S3
7|11|63|54|48|38|3N|N|9|D4
7|11|64|26|35|33|3N|S|10|SJ
7|11|73|16|27|70|3N|S|11|SJ
7|11|74|41|40|29|3N|N|9|D4
7|11|81|23|83|72|3N|S|11|H2
7|12|10|71|2|55|4S|S|11|HQ
7|12|19|37|69|50|4S|S|9|HQ
7|12|28|4|15|3|4S|S|11|DK
7|12|39|18|43|22|2S|S|9|H2
7|12|44|62|78|21|4S|S|11|DK
7|12|47|36|14|31|4S|S|9|HQ
7|12|52|45|30|20|3H|W|7|S6
7|12|59|5|76|1|3N|N|10|H4
7|12|60|57|79|34|3N|N|10|H6
7|12|63|54|48|38|4S|N|9|H4
7|12|64|26|35|33|3N|N|9|H7
7|12|73|16|27|70|3N|N|9|H6
7|12|74|41|40|29|3N|N|10|H6
7|12|81|23|83|72|3N|N|11|H6
7|13|10|71|2|55|2S|N|7|D5
7|13|19|37|69|50|2D|E|10|C5
7|13|28|4|15|3|1S|S|7|H3
7|13|39|18|43|22|1H|E|8|DQ
7|13|44|62|78|21|2S|N|7|H2
7|13|47|36|14|31|2S|N|7|H5
7|13|52|45|30|20|1H|E|7|DQ
7|13|59|5|76|1|2S|N|6|D5
7|13|60|57|79|34|2S|S|8|S3
7|13|63|54|48|38|2S|N|7|D2
7|13|64|26|35|33|3D|W|8|ST
7|13|73|16|27|70|2SX|N|7|S4
7|13|74|41|40|29|2S|N|7|D5
7|13|81|23|83|72|3N|W|6|ST
7|14|10|71|2|55|4H|S|9|S5
7|14|19|37|69|50|4H|S|9|S3
7|14|28|4|15|3|4H|N|9|S2
7|14|39|18|43|22|4H|S|9|S5
7|14|44|62|78|21|4H|S|9|S3
7|14|47|36|14|31|4H|N|9|S7
7|14|52|45|30|20|4H|N|9|S7
7|14|59|5|76|1|4H|N|9|S2
7|14|60|57|79|34|3N|N|10|D4
7|14|63|54|48|38|4H|N|9|S2
7|14|64|26|35|33|4H|S|10|H6
7|14|73|16|27|70|4H|N|9|S7
7|14|74|41|40|29|4H|N|9|S7
7|14|81|23|83|72|3N|S|10|C2
7|15|10|71|2|55|4C|E|10|DT
7|15|19|37|69|50|1N|E|6|H7
7|15|28|4|15|3|4H|S|8|C3
7|15|39|18|43|22|3N|E|9|H8
7|15|44|62|78|21|2D|N|8|CA
7|15|47|36|14|31|3C|E|10|S6
7|15|52|45|30|20|4HX|S|9|SA
7|15|59|5|76|1|4H|N|9|C2
7|15|60|57|79|34|3C|E|9|DT
7|15|63|54|48|38|3H|N|9|DT
7|15|64|26|35|33|3C|E|10|DT
7|15|73|16|27|70|3H|S|9|C3
7|15|74|41|40|29|3H|S|9|C3
7|15|81|23|83|72|4H|S|9|C2
7|16|10|71|2|55|4HX|N|7|DQ
7|16|19|37|69|50|4S|W|12|C8
7|16|28|4|15|3|5C|W|12|SQ
7|16|39|18|43|22|3N|E|11|DA
7|16|44|62|78|21|4S|W|11|C8
7|16|47|36|14|31|4H|N|8|CQ
7|16|52|45|30|20|4S|W|11|HK
7|16|59|5|76|1|4H|N|8|C7
7|16|60|57|79|34|4S|W|12|DJ
7|16|63|54|48|38|4S|E|12|C3
7|16|64|26|35|33|4S|W|10|C8
7|16|73|16|27|70|4S|W|10|HJ
7|16|74|41|40|29|4S|W|10|HJ
7|16|81|23|83|72|3H|N|7|CQ
7|2|10|71|2|55|3N|S|11|S7
7|2|19|37|69|50|6C|N|10|C2
7|2|28|4|15|3|3N|S|11|S9
7|2|39|18|43|22|3N|N|11|H6
7|2|44|62|78|21|3N|S|11|S7
7|2|47|36|14|31|3N|S|10|S5
7|2|52|45|30|20|3N|S|11|DT
7|2|59|5|76|1|5C|N|11|H2
7|2|60|57|79|34|3N|S|11|S9
7|2|63|54|48|38|3N|N|11|D2
7|2|64|26|35|33|5C|S|11|S7
7|2|73|16|27|70|6C|N|11|S6
7|2|74|41|40|29|3N|S|11|H7
7|2|81|23|83|72|3N|S|11|S7
7|3|10|71|2|55|3S|S|9|HA
7|3|19|37|69|50|5D|E|10|S2
7|3|28|4|15|3|3C|E|11|S4
7|3|39|18|43|22|2H|W|9|S5
7|3|44|62|78|21|5C|E|11|C9
7|3|47|36|14|31|3C|E|11|S2
7|3|52|45|30|20|4H|W|9|S3
7|3|59|5|76|1|5C|E|11|S4
7|3|60|57|79|34|5C|E|11|C9
7|3|63|54|48|38|3H|E|10|DK
7|3|64|26|35|33|4SX|N|8|CA
7|3|73|16|27|70|5C|E|11|S4
7|3|74|41|40|29|5C|W|11|S3
7|3|81|23|83|72|5C|E|11|S2
7|4|10|71|2|55|4S|W|10|HQ
7|4|19|37|69|50|4HX|N|9|SA
7|4|28|4|15|3|4C|E|10|HA
7|4|39|18|43|22|4S|W|11|HQ
7|4|44|62|78|21|4S|W|10|HQ
7|4|47|36|14|31|2S|W|10|HQ
7|4|52|45|30|20|4S|W|10|HQ
7|4|59|5|76|1|4S|E|10|HQ
7|4|60|57|79|34|4S|W|10|SQ
7|4|63|54|48|38|5S|E|10|HA
7|4|64|26|35|33|4S|W|10|HQ
7|4|73|16|27|70|4S|W|10|HQ
7|4|74|41|40|29|4S|W|10|HQ
7|4|81|23|83|72|4S|W|10|HQ
7|5|10|71|2|55|3N|N|10|DQ
7|5|19|37|69|50|3N|N|9|DQ
7|5|28|4|15|3|3D|N|7|C5
7|5|39|18|43|22|3S|W|8|CT
7|5|44|62|78|21|2C|S|10|D5
7|5|47|36|14|31|3N|S|7|S2
7|5|52|45|30|20|3N|S|7|S3
7|5|59|5|76|1|3N|N|10|DQ
7|5|60|57|79|34|3N|S|7|S6
7|5|63|54|48|38|3N|N|7|S4
7|5|64|26|35|33|3N|N|10|DQ
7|5|73|16|27|70|3N|N|8|DQ
7|5|74|41|40|29|3N|N|10|DQ
7|5|81|23|83|72|3N|N|10|H3
7|6|10|71|2|55|2S|E|9|HA
7|6|19|37|69|50|2S|E|9|HA
7|6|28|4|15|3|2S|E|9|HA
7|6|39|18|43|22|2S|E|8|HA
7|6|44|62|78|21|1N|W|8|CK
7|6|47|36|14|31|1N|W|9|CK
7|6|52|45|30|20|1N|W|9|H8
7|6|59|5|76|1|2S|E|7|HA
7|6|60|57|79|34|2S|E|8|H2
7|6|63|54|48|38|2D|N|7|S9
7|6|64|26|35|33|1N|W|7|CK
7|6|73|16|27|70|2S|E|7|HA
7|6|74|41|40|29|2S|E|7|HA
7|6|81|23|83|72|1N|W|6|H8
7|7|10|71|2|55|4H|W|11|C6
7|7|19|37|69|50|4H|W|11|C7
7|7|28|4|15|3|4H|W|11|C7
7|7|39|18|43|22|4H|W|11|DA
7|7|44|62|78|21|4H|W|11|DA
7|7|47|36|14|31|4H|W|11|DA
7|7|52|45|30|20|4H|W|11|C6
7|7|59|5|76|1|4H|E|11|DA
7|7|60|57|79|34|4H|W|11|DA
7|7|63|54|48|38|5H|E|11|DA
7|7|64|26|35|33|4H|W|11|H5
7|7|73|16|27|70|4SX|N|8|C8
7|7|74|41|40|29|5H|W|11|DA
7|7|81|23|83|72|4H|W|11|DA
7|8|10|71|2|55|6H|W|12|C5
7|8|19|37|69|50|6H|W|13|S8
7|8|28|4|15|3|4H|E|13|DT
7|8|39|18|43|22|6H|W|13|H3
7|8|44|62|78|21|4H|W|12|S8
7|8|47|36|14|31|6H|E|12|CJ
7|8|52|45|30|20|6H|W|12|C5
7|8|59|5|76|1|6H|E|12|S8
7|8|60|57|79|34|6H|W|12|S8
7|8|63|54|48|38|6H|E|12|S8
7|8|64|26|35|33|4H|W|12|C4
7|8|73|16|27|70|6H|E|12|C2
7|8|74|41|40|29|6H|E|13|CJ
7|8|81|23|83|72|6N|W|11|C5
7|9|10|71|2|55|5C|N|7|DT
7|9|19|37|69|50|3S|W|8|SA
7|9|28|4|15|3|1H|N|9|DT
7|9|39|18|43|22|4SX|E|9|H4
7|9|44|62|78|21|5H|N|9|S2
7|9|47|36|14|31|5C|N|7|S2
7|9|52|45|30|20|3H|N|9|C3
7|9|59|5|76|1|4H|N|9|C2
7|9|60|57|79|34|4H|N|8|C2
7|9|63|54|48|38|4H|N|9|C2
7|9|64|26|35|33|3D|S|10|S6
7|9|73|16|27|70|5CX|N|10|S2
7|9|74|41|40|29|6C|N|7|DT
7|9|81|23|83|72|4H|N|9|C3
8|17|1|52|5|30|2H|N|9|SJ
8|17|10|44|2|78|2H|S|8|SJ
8|17|17|83|29|81|2H|S|9|SJ
8|17|19|55|69|71|2H|S|9|SJ
8|17|27|51|25|68|2H|S|9|SJ
8|17|42|9|32|24|2H|S|10|S5
8|17|46|58|49|13|2H|S|10|S5
8|17|47|62|14|21|2H|S|9|SJ
8|17|59|11|76|8|2H|N|9|SJ
8|17|61|67|12|65|2H|S|9|SJ
8|17|64|60|35|79|2H|S|9|SJ
8|17|66|43|75|6|2H|N|9|C7
8|17|74|53|40|56|2H|S|8|SJ
8|17|82|48|80|7|2S|W|8|C5
8|18|1|52|5|30|4SX|E|9|H8
8|18|10|44|2|78|5SX|W|9|H8
8|18|17|83|29|81|4SX|E|9|HA
8|18|19|55|69|71|4H|S|10|CA
8|18|27|51|25|68|4S|W|9|HA
8|18|42|9|32|24|4H|S|10|CA
8|18|46|58|49|13|5SX|E|9|DA
8|18|47|62|14|21|4H|S|10|CA
8|18|59|11|76|8|4H|N|10|CA
8|18|61|67|12|65|3S|W|9|H8
8|18|64|60|35|79|4S|E|9|HA
8|18|66|43|75|6|5D|N|10|H3
8|18|74|53|40|56|5H|S|10|CA
8|18|82|48|80|7|5CX|E|9|C2
8|19|1|52|5|30|2N|N|8|H8
8|19|10|44|2|78|2N|N|9|S3
8|19|17|83|29|81|3D|S|8|S2
8|19|19|55|69|71|2N|N|8|HQ
8|19|27|51|25|68|2N|N|8|HQ
8|19|42|9|32|24|2N|N|8|HQ
8|19|46|58|49|13|2N|N|9|HQ
8|19|47|62|14|21|2N|N|8|HQ
8|19|59|11|76|8|2N|N|8|HQ
8|19|61|67|12|65|3N|N|7|HQ
8|19|64|60|35|79|3N|N|8|HQ
8|19|66|43|75|6|3N|N|8|HQ
8|19|74|53|40|56|3N|N|8|HQ
8|19|82|48|80|7|3N|N|7|HQ
8|20|1|52|5|30|1N|N|7|C5
8|20|10|44|2|78|1N|N|7|H9
8|20|17|83|29|81|1N|N|7|CK
8|20|19|55|69|71|1N|N|7|H9
8|20|27|51|25|68|1N|N|7|C5
8|20|42|9|32|24|1N|N|10|C4
8|20|46|58|49|13|1N|N|8|H9
8|20|47|62|14|21|1N|N|7|C4
8|20|59|11|76|8|1N|N|7|C3
8|20|61|67|12|65|1N|N|7|H2
8|20|64|60|35|79|1N|N|7|H9
8|20|66|43|75|6|1N|N|8|H8
8|20|74|53|40|56|1N|N|7|CK
8|20|82|48|80|7|1N|N|9|H9
8|21|1|52|5|30|1N|N|6|S6
8|21|10|44|2|78|1N|S|6|D5
8|21|17|83|29|81|2N|S|6|ST
8|21|19|55|69|71|1N|W|7|CT
8|21|27|51|25|68|2D|W|5|H3
8|21|42|9|32|24|2S|W|5|DK
8|21|46|58|49|13|1N|S|6|ST
8|21|47|62|14|21|1N|S|8|ST
8|21|59|11|76|8|1N|N|6|ST
8|21|61|67|12|65|1N|S|7|ST
8|21|64|60|35|79|1N|S|6|D6
8|21|66|43|75|6|1N|S|6|ST
8|21|74|53|40|56|1N|S|6|ST
8|21|82|48|80|7|1N|S|7|ST
8|22|1|52|5|30|4S|N|9|H9
8|22|10|44|2|78|2N|N|8|C3
8|22|17|83|29|81|4S|N|9|HQ
8|22|19|55|69|71|4S|S|10|HA
8|22|27|51|25|68|4S|N|10|HQ
8|22|42|9|32|24|4S|N|10|CA
8|22|46|58|49|13|2N|N|8|C7
8|22|47|62|14|21|4S|N|10|HQ
8|22|59|11|76|8|4S|N|9|HQ
8|22|61|67|12|65|4S|N|9|HQ
8|22|64|60|35|79|4S|S|9|C6
8|22|66|43|75|6|4S|N|10|HQ
8|22|74|53|40|56|4S|N|10|HQ
8|22|82|48|80|7|2N|N|8|C7
8|23|1|52|5|30|2S|N|11|D5
8|23|10|44|2|78|2S|S|9|CJ
8|23|17|83|29|81|2S|S|12|H8
8|23|19|55|69|71|4S|S|9|D2
8|23|27|51|25|68|3C|E|9|HA
8|23|42|9|32|24|4S|S|10|D6
8|23|46|58|49|13|2S|S|9|D2
8|23|47|62|14|21|2S|S|10|D2
8|23|59|11|76|8|2S|N|9|D2
8|23|61|67|12|65|4H|N|9|DA
8|23|64|60|35|79|4H|N|9|DA
8|23|66|43|75|6|3S|S|10|D6
8|23|74|53|40|56|4S|S|9|CJ
8|23|82|48|80|7|2S|S|9|D2
8|24|1|52|5|30|3N|E|9|HJ
8|24|10|44|2|78|3N|W|8|HJ
8|24|17|83|29|81|3N|E|9|S6
8|24|19|55|69|71|3N|W|9|HJ
8|24|27|51|25|68|3N|E|9|S6
8|24|42|9|32|24|3N|W|8|HJ
8|24|46|58|49|13|3N|E|9|S6
8|24|47|62|14|21|3C|E|10|S6
8|24|59|11|76|8|3N|E|7|HJ
8|24|61|67|12|65|3N|W|8|HJ
8|24|64|60|35|79|3N|W|7|HJ
8|24|66|43|75|6|3N|W|7|HJ
8|24|74|53|40|56|3N|E|9|D6
8|24|82|48|80|7|3N|W|9|HJ
8|25|1|52|5|30|5C|E|8|C2
8|25|10|44|2|78|6H|W|10|DA
8|25|17|83|29|81|4H|W|11|CT
8|25|19|55|69|71|4S|E|7|D2
8|25|27|51|25|68|4H|W|10|HJ
8|25|42|9|32|24|4C|E|10|D2
8|25|46|58|49|13|6H|W|9|H6
8|25|47|62|14|21|6H|W|10|H6
8|25|59|11|76|8|4H|E|10|HJ
8|25|61|67|12|65|6H|W|10|H6
8|25|64|60|35|79|4H|W|10|HJ
8|25|66|43|75|6|5H|W|10|HJ
8|25|74|53|40|56|6H|W|11|DA
8|25|82|48|80|7|5H|W|10
8|26|1|52|5|30|2C|N|6|S5
8|26|10|44|2|78|1N|E|9|CJ
8|26|17|83|29|81|1N|E|9|CJ
8|26|19|55|69|71|2H|E|7|CJ
8|26|27|51|25|68|2S|S|7|S2
8|26|42|9|32|24|1N|E|7|CJ
8|26|46|58|49|13|1N|E|8|CJ
8|26|47|62|14|21|1N|E|8|CJ
8|26|59|11|76|8|2H|N|6|DA
8|26|61|67|12|65|1N|E|9|CJ
8|26|64|60|35|79|1N|E|8|C2
8|26|66|43|75|6|1N|E|7|CJ
8|26|74|53|40|56|1N|E|9|CJ
8|26|82|48|80|7|2N|E|9|C6
8|27|1|52|5|30|4H|E|11|CJ
8|27|10|44|2|78|3N|W|9|H8
8|27|17|83|29|81|4H|E|11|S7
8|27|19|55|69|71|4H|E|11|S7
8|27|27|51|25|68|3N|E|10|S3
8|27|42|9|32|24|3N|E|10|HJ
8|27|46|58|49|13|4H|E|10|S2
8|27|47|62|14|21|4H|E|10|S7
8|27|59|11|76|8|4H|E|11|CJ
8|27|61|67|12|65|3N|E|9|S6
8|27|64|60|35|79|4H|E|11|CJ
8|27|66|43|75|6|4H|E|10|S7
8|27|74|53|40|56|4H|E|11|S2
8|27|82|48|80|7|4H|E|10|CJ
8|28|1|52|5|30|6D|N|13|H8
8|28|10|44|2|78|3N|S|13|S3
8|28|17|83|29|81|3N|S|13|H5
8|28|19|55|69|71|7D|N|13|D4
8|28|27|51|25|68|6N|N|13|D7
8|28|42|9|32|24|7D|N|13|H3
8|28|46|58|49|13|6D|N|13|S2
8|28|47|62|14|21|6D|N|13|D4
8|28|59|11|76|8|7D|N|13|C3
8|28|61|67|12|65|7D|N|13|H2
8|28|64|60|35|79|7D|N|13|H2
8|28|66|43|75|6|6D|S|13|C8
8|28|74|53|40|56|6D|N|13|H9
8|28|82|48|80|7|7D|N|13|H8
8|29|1|52|5|30|2S|N|9|D6
8|29|10|44|2|78|2S|S|9|D2
8|29|17|83|29|81|2S|S|9|D2
8|29|19|55|69|71|2S|S|9|S3
8|29|27|51|25|68|2S|S|9|D2
8|29|42|9|32|24|2S|S|9|HA
8|29|46|58|49|13|2S|S|9|S3
8|29|47|62|14|21|2S|S|9|HA
8|29|59|11|76|8|2S|N|9|D3
8|29|61|67|12|65|2S|S|10|HA
8|29|64|60|35|79|2S|S|8|D2
8|29|66|43|75|6|2S|S|8|D2
8|29|74|53|40|56|2S|S|9|D2
8|29|82|48|80|7|2S|S|10|HA
8|30|1|52|5|30|3N|N|9|S8
8|30|10|44|2|78|4H|N|10|SJ
8|30|17|83|29|81|4H|S|10|DT
8|30|19|55|69|71|3N|N|7|SJ
8|30|27|51|25|68|4SX|E|8|H4
8|30|42|9|32|24|4H|S|10|DT
8|30|46|58|49|13|6NX|N|7|SJ
8|30|47|62|14|21|5H|S|10|S3
8|30|59|11|76|8|3N|N|7|SJ
8|30|61|67|12|65|4S|E|8|D2
8|30|64|60|35|79|4H|N|10|SJ
8|30|66|43|75|6|4H|S|9|DT
8|30|74|53|40|56|4H|S|10|S6
8|30|82|48|80|7|3N|N|7|SJ
8|31|1|52|5|30|4S|N|10|C6
8|31|10|44|2|78|5CX|W|7|HQ
8|31|17|83|29|81|4S|N|9|D2
8|31|19|55|69|71|4S|N|10|D3
8|31|27|51|25|68|4S|N|11|CJ
8|31|42|9|32|24|4S|N|10|D2
8|31|46|58|49|13|4S|S|10|CA
8|31|47|62|14|21|4S|N|11|CJ
8|31|59|11|76|8|4S|N|10|CA
8|31|61|67|12|65|4S|N|10|D2
8|31|64|60|35|79|4S|N|10|CJ
8|31|66|43|75|6|4S|N|11|C3
8|31|74|53|40|56|4S|N|10|CJ
8|31|82|48|80|7|4S|N|10|CJ
8|32|1|52|5|30|3N|E|9|S8
8|32|10|44|2|78|4H|E|9|C5
8|32|17|83|29|81|2N|W|9|S7
8|32|19|55|69|71|3N|W|9|ST
8|32|27|51|25|68|3N|W|9|ST
8|32|42|9|32|24|3C|W|10|S7
8|32|46|58|49|13|3N|W|9|ST
8|32|47|62|14|21|3N|W|9|ST
8|32|59|11|76|8|3N|E|9|ST
8|32|61|67|12|65|3SX|S|4|HQ
8|32|64|60|35|79|4H|E|10|SA
8|32|66|43|75|6|3D|E|6|C5
8|32|74|53|40|56|3N|E|9|S7
8|32|82|48|80|7|3N|W|9|ST
9|1|10|11|2|8|3N|W|11|HJ
9|1|42|26|32|33|3N|W|7|HJ
9|1|45|28|20|15|4S|E|9|D2
9|1|49|61|46|12|3N|W|9|ST
9|1|5|58|1|13|3N|E|8|C2
9|1|51|16|68|70|2N|W|7|HJ
9|1|53|36|56|31|3N|W|7|HJ
9|1|54|4|38|3|3N|W|6|HJ
9|1|57|37|34|50|3N|W|7|HJ
9|1|67|18|65|22|2HX|N|9|H7
9|1|7|27|48|21|4C|E|10|H2
9|1|72|43|23|6|3H|N|7|D4
9|1|73|41|25|29|3N|W|6|H6
9|1|82|75|80|66|3N|W|7|HT
9|10|10|11|2|8|2C|W|8|H9
9|10|42|26|32|33|2D|N|8|CQ
9|10|45|28|20|15|1N|W|6|SJ
9|10|49|61|46|12|2D|N|8|C3
9|10|5|58|1|13|2D|N|8|C3
9|10|51|16|68|70|1N|N|7|C3
9|10|53|36|56|31|1N|W|8|SJ
9|10|54|4|38|3|3C|W|7|SJ
9|10|57|37|34|50|1N|W|5|D3
9|10|67|18|65|22|3C|W|7|H9
9|10|7|27|48|21|3D|N|7|S9
9|10|72|43|23|6|3D|N|8|C3
9|10|73|41|25|29|1N|W|6|SJ
9|10|82|75|80|66|2C|W|7|H9
9|11|10|11|2|8|2HX|N|8|C2
9|11|42|26|32|33|6C|W|12|S7
9|11|45|28|20|15|3N|W|7|H7
9|11|49|61|46|12|5C|W|11|S7
9|11|5|58|1|13|3N|E|10|H6
9|11|51|16|68|70|4S|W|9|H3
9|11|53|36|56|31|5C|E|11|S5
9|11|54|4|38|3|3C|W|12|S7
9|11|57|37|34|50|5C|W|12|S5
9|11|67|18|65|22|3N|W|9|H8
9|11|7|27|48|21|6S|E|9|D2
9|11|72|43|23|6|3N|E|9|H8
9|11|73|41|25|29|2HX|N|8|C2
9|11|82|75|80|66|5C|W|11|S7
9|12|10|11|2|8|1NX|E|6|SQ
9|12|42|26|32|33|1C|S|5|D3
9|12|45|28|20|15|3C|W|7|DT
9|12|49|61|46|12|1D|S|6|C3
9|12|5|58|1|13|1C|N|7|C3
9|12|51|16|68|70|1H|S|7|C3
9|12|53|36|56|31|1D|S|8|C3
9|12|54|4|38|3|1D|S|6|S2
9|12|57|37|34|50|1C|S|6|D3
9|12|67|18|65|22|1N|S|7|C4
9|12|7|27|48|21|1C|N|7|HQ
9|12|72|43|23|6|1N|W|7|H4
9|12|73|41|25|29|1D|S|7|C4
9|12|82|75|80|66|1N|S|6|C3
9|13|10|11|2|8|2H|W|8|D4
9|13|42|26|32|33|1N|W|7|D6
9|13|45|28|20|15|1N|W|6|D6
9|13|49|61|46|12|1N|W|6|D4
9|13|5|58|1|13|3N|E|8|C2
9|13|51|16|68|70|1N|W|7|D5
9|13|53|36|56|31|4S|W|9|HQ
9|13|54|4|38|3|1N|W|6|D6
9|13|57|37|34|50|3N|E|7|H9
9|13|67|18|65|22|1N|W|6|D5
9|13|7|27|48|21|1N|E|8|D4
9|13|72|43|23|6|4H|W|8|SK
9|13|73|41|25|29|2H|W|9|D4
9|13|82|75|80|66|2H|W|8|SK
9|14|10|11|2|8|4S|N|10|C3
9|14|42|26|32|33|3N|S|11|H7
9|14|45|28|20|15|4S|N|10|C4
9|14|49|61|46|12|4S|N|10|C3
9|14|5|58|1|13|4S|N|9|CK
9|14|51|16|68|70|4S|N|10|H5
9|14|53|36|56|31|4S|N|10|C3
9|14|54|4|38|3|4S|N|11|H5
9|14|57|37|34|50|4S|N|10|C3
9|14|67|18|65|22|3N|S|11|DT
9|14|7|27|48|21|4S|N|9|C3
9|14|72|43|23|6|4S|N|10|H5
9|14|73|41|25|29|4S|N|10|C3
9|14|82|75|80|66|4S|S|10|DT
9|15|10|11|2|8|3N|W|8|CK
9|15|42|26|32|33|3N|W|9|CK
9|15|45|28|20|15|3N|W|9|CK
9|15|49|61|46|12|3N|W|10|CK
9|15|5|58|1|13|3N|E|9|H5
9|15|51|16|68|70|3N|W|9|CQ
9|15|53|36|56|31|3N|W|9|CK
9|15|54|4|38|3|3N|W|8|CK
9|15|57|37|34|50|3N|W|7|CK
9|15|67|18|65|22|3N|W|7|CK
9|15|7|27|48|21|3N|E|9|CQ
9|15|72|43|23|6|3N|W|7|CK
9|15|73|41|25|29|3N|W|7|CQ
9|15|82|75|80|66|3N|W|8|CQ
9|16|10|11|2|8|4S|S|8|C6
9|16|42|26|32|33|4S|S|8|SA
9|16|45|28|20|15|4HX|W|8|DK
9|16|49|61|46|12|3DX|N|8|HA
9|16|5|58|1|13|3S|N|6|C3
9|16|51|16|68|70|3D|N|7|HA
9|16|53|36|56|31|3DX|N|7|HQ
9|16|54|4|38|3|6SX|S|8|D2
9|16|57|37|34|50|3DX|N|8|HA
9|16|67|18|65|22|3SX|N|9|HA
9|16|7|27|48|21|3SX|N|10|D2
9|16|72|43|23|6|3H|E|7|CK
9|16|73|41|25|29|3D|N|8|HA
9|16|82|75|80|66|4S|S|7|C6
9|2|10|11|2|8|3N|E|10|H2
9|2|42|26|32|33|4H|E|10|SQ
9|2|45|28|20|15|3N|E|9|D2
9|2|49|61|46|12|4H|W|9|S9
9|2|5|58|1|13|3N|E|9|D2
9|2|51|16|68|70|4H|E|10|H2
9|2|53|36|56|31|3N|E|8|D2
9|2|54|4|38|3|3N|E|9|D2
9|2|57|37|34|50|4H|W|10|H5
9|2|67|18|65|22|5C|W|11|H8
9|2|7|27|48|21|5C|E|11|SQ
9|2|72|43|23|6|3N|E|7|D2
9|2|73|41|25|29|3N|E|10|D2
9|2|82|75|80|66|4H|E|11|SQ
9|3|10|11|2|8|4H|W|9|S9
9|3|42|26|32|33|2D|N|7|CK
9|3|45|28|20|15|3N|W|10|DT
9|3|49|61|46|12|4H|W|9|C2
9|3|5|58|1|13|4H|E|10|D2
9|3|51|16|68|70|4H|W|10|S9
9|3|53|36|56|31|4H|W|10|DA
9|3|54|4|38|3|4H|W|10|C2
9|3|57|37|34|50|4H|W|10|S9
9|3|67|18|65|22|3N|W|10|D9
9|3|7|27|48|21|4H|E|10|S9
9|3|72|43|23|6|4H|W|10|DA
9|3|73|41|25|29|4H|W|10|H2
9|3|82|75|80|66|4H|W|9|S9
9|4|10|11|2|8|1N|S|10|H6
9|4|42|26|32|33|2SX|W|5|HT
9|4|45|28|20|15|2S|W|4|CA
9|4|49|61|46|12|1N|S|8|H6
9|4|5|58|1|13|2H|E|7|C6
9|4|51|16|68|70|2S|W|6|CA
9|4|53|36|56|31|3C|W|8|SA
9|4|54|4|38|3|1N|S|10|H6
9|4|57|37|34|50|1N|S|10|H6
9|4|67|18|65|22|1N|N|8|H7
9|4|7|27|48|21|1N|N|10|H6
9|4|72|43|23|6|2H|E|6|SJ
9|4|73|41|25|29|1N|S|10|H6
9|4|82|75|80|66|1N|S|7|H6
9|5|10|11|2|8|4S|N|10|CK
9|5|42|26|32|33|4S|N|11|CK
9|5|45|28|20|15|4S|N|10|CA
9|5|49|61|46|12|4S|N|11|CA
9|5|5|58|1|13|4S|N|10|CA
9|5|51|16|68|70|4S|S|9|C6
9|5|53|36|56|31|4S|N|11|H4
9|5|54|4|38|3|4S|S|11|H9
9|5|57|37|34|50|4S|N|10|CA
9|5|67|18|65|22|4S|N|11|CA
9|5|7|27|48|21|4S|N|10|CA
9|5|72|43|23|6|4S|N|10|CA
9|5|73|41|25|29|4S|N|10|CK
9|5|82|75|80|66|4S|N|10|CA
9|6|10|11|2|8|3N|S|10|D5
9|6|42|26|32|33|3N|S|9|HK
9|6|45|28|20|15|3N|S|9|H4
9|6|49|61|46|12|3N|S|9|H4
9|6|5|58|1|13|3N|N|10|C2
9|6|51|16|68|70|3N|S|10|C7
9|6|53|36|56|31|3N|S|10|C7
9|6|54|4|38|3|3N|S|10|C7
9|6|57|37|34|50|3N|S|10|C7
9|6|67|18|65|22|3N|S|10|C7
9|6|7|27|48|21|3N|N|10|C7
9|6|72|43|23|6|3N|S|11|S2
9|6|73|41|25|29|5D|S|11|C7
9|6|82|75|80|66|3N|S|9|H4
9|7|10|11|2|8|2S|W|9|DA
9|7|42|26|32|33|4S|W|8|H2
9|7|45|28|20|15|2S|E|8|D8
9|7|49|61|46|12|2S|W|9|DK
9|7|5|58|1|13|2S|E|8|DA
9|7|51|16|68|70|2S|W|9|DA
9|7|53|36|56|31|2C|W|9|DK
9|7|54|4|38|3|2S|W|9|DK
9|7|57|37|34|50|2H|W|6|DK
9|7|67|18|65|22|4S|E|8|D8
9|7|7|27|48|21|3C|E|9|DA
9|7|72|43|23|6|2S|W|7|DA
9|7|73|41|25|29|2S|E|8|HT
9|7|82|75|80|66|2S|W|9|DA
9|8|10|11|2|8|3D|N|8|HA
9|8|42|26|32|33|1N|N|8|S4
9|8|45|28|20|15|1N|S|7|HT
9|8|49|61|46|12|2D|N|8|HA
9|8|5|58|1|13|1N|N|8|S3
9|8|51|16|68|70|1N|N|8|S5
9|8|53|36|56|31|2H|W|8|DK
9|8|54|4|38|3|2D|N|7|HK
9|8|57|37|34|50|2D|N|8|HA
9|8|67|18|65|22|2C|W|9|DK
9|8|7|27|48|21|1N|N|7|HT
9|8|72|43|23|6|2D|N|9|HA
9|8|73|41|25|29|2D|N|8|HA
9|8|82|75|80|66|1N|N|7|S4
9|9|10|11|2|8|3N|W|12|CQ
9|9|42|26|32|33|5D|E|12|S9
9|9|45|28|20|15|4S|W|8|HJ
9|9|49|61|46|12|3N|E|12|C3
9|9|5|58|1|13|6D|E|12|C3
9|9|51|16|68|70|3N|W|12|CQ
9|9|53|36|56|31|3N|W|12|CQ
9|9|54|4|38|3|6D|E|12|D3
9|9|57|37|34|50|5D|E|11|HJ
9|9|67|18|65|22|3N|E|12|H3
9|9|7|27|48|21|6D|E|10|C3
9|9|72|43|23|6|6D|W|12|C5
9|9|73|41|25|29|3N|E|12|CQ
9|9|82|75|80|66|3N|W|12|CQ
10|17|1|51|5|68|4H|N|11|C7
10|17|10|75|2|66|3N|S|11|CQ
10|17|19|18|69|22|4H|S|10|CQ
10|17|42|54|32|38|4H|N|11|D5
10|17|45|37|20|50|4H|S|10|CQ
10|17|47|43|14|39|4H|S|12|CQ
10|17|48|55|63|71|4H|N|11|CQ
10|17|49|41|46|7|4H|S|11|CQ
10|17|52|4|30|3|4H|S|11|CQ
10|17|59|23|76|72|4H|N|11|CQ
10|17|64|27|35|21|4H|S|11|CQ
10|17|73|36|25|31|4H|S|10|CQ
10|17|8|16|11|70|4H|S|10|CQ
10|17|81|61|83|12|3N|S|10|CQ
10|18|1|51|5|68|3N|N|9|D4
10|18|10|75|2|66|2S|S|9|HJ
10|18|19|18|69|22|3H|E|9|S3
10|18|42|54|32|38|4S|N|9|C8
10|18|45|37|20|50|3N|S|10|HJ
10|18|47|43|14|39|3C|N|9|SA
10|18|48|55|63|71|3H|E|7|CA
10|18|49|41|46|7|3S|S|9|HJ
10|18|52|4|30|3|3N|S|9|HJ
10|18|59|23|76|72|3N|N|10|HJ
10|18|64|27|35|21|3N|S|9|DT
10|18|73|36|25|31|3N|S|10|HJ
10|18|8|16|11|70|4S|S|9|HJ
10|18|81|61|83|12|3S|S|10|HJ
10|19|1|51|5|68|4S|N|9|D5
10|19|10|75|2|66|4H|W|10|SQ
10|19|19|18|69|22|4S|N|10|HJ
10|19|42|54|32|38|4S|N|10|HJ
10|19|45|37|20|50|5HX|W|10|SQ
10|19|47|43|14|39|4SX|N|10|CT
10|19|48|55|63|71|4SX|N|10|HA
10|19|49|41|46|7|4S|S|10|CT
10|19|52|4|30|3|4S|S|10|CT
10|19|59|23|76|72|4S|N|10|HJ
10|19|64|27|35|21|4S|N|10|HJ
10|19|73|36|25|31|4S|S|10|HA
10|19|8|16|11|70|4S|S|10|HA
10|19|81|61|83|12|4SX|S|9|CT
10|20|1|51|5|68|3D|E|8|H6
10|20|10|75|2|66|4HX|S|10|DA
10|20|19|18|69|22|3H|S|10|DA
10|20|42|54|32|38|4H|S|10|DA
10|20|45|37|20|50|3H|S|10|DA
10|20|47|43|14|39|4H|S|10|DA
10|20|48|55|63|71|4H|N|10|DA
10|20|49|41|46|7|4H|S|10|DA
10|20|52|4|30|3|4H|S|10|DK
10|20|59|23|76|72|4H|N|10|DA
10|20|64|27|35|21|3H|S|11|DA
10|20|73|36|25|31|4H|S|10|DA
10|20|8|16|11|70|5DX|W|9|HQ
10|20|81|61|83|12|4H|S|10|DA
10|21|1|51|5|68|3N|E|10|SJ
10|21|10|75|2|66|3N|W|10|SJ
10|21|19|18|69|22|3N|E|11|SJ
10|21|42|54|32|38|3N|E|10|SJ
10|21|45|37|20|50|3N|E|10|SJ
10|21|47|43|14|39|3N|E|10|SJ
10|21|48|55|63|71|3N|E|11|D2
10|21|49|41|46|7|3N|E|10|SJ
10|21|52|4|30|3|3N|E|10|SJ
10|21|59|23|76|72|3N|E|9|H3
10|21|64|27|35|21|3N|E|10|SJ
10|21|73|36|25|31|3N|E|10|SJ
10|21|8|16|11|70|3N|E|10|SJ
10|21|81|61|83|12|4H|E|10|SJ
10|22|1|51|5|68|3N|E|9|C6
10|22|10|75|2|66|3CX|N|7|SK
10|22|19|18|69|22|5D|E|10|H5
10|22|42|54|32|38|6S|W|8|CQ
10|22|45|37|20|50|4D|E|11|H5
10|22|47|43|14|39|3S|W|11|CK
10|22|48|55|63|71|4CX|S|5|SA
10|22|49|41|46|7|3CX|S|6|DQ
10|22|52|4|30|3|6D|E|8|H5
10|22|59|23|76|72|4S|E|9|CQ
10|22|64|27|35|21|6DX|E|10|C7
10|22|73|36|25|31|5D|E|10|H5
10|22|8|16|11|70|3CX|S|7|DQ
10|22|81|61|83|12|3CX|S|8|DQ
10|23|1|51|5|68|2S|N|10|H2
10|23|10|75|2|66|3S|S|9|HK
10|23|19|18|69|22|3S|S|10|HK
10|23|42|54|32|38|3S|N|10|HK
10|23|45|37|20|50|4H|W|8|D4
10|23|47|43|14|39|3S|N|11|HA
10|23|48|55|63|71|3S|N|10|HA
10|23|49|41|46|7|3H|W|8|D4
10|23|52|4|30|3|3S|N|9|HA
10|23|59|23|76|72|4S|N|10|HK
10|23|64|27|35|21|3S|S|9|HK
10|23|73|36|25|31|4S|S|10|HK
10|23|8|16|11|70|3S|N|9|HA
10|23|81|61|83|12|4S|N|10|S4
10|24|1|51|5|68|3C|E|8|H6
10|24|10|75|2|66|4H|N|10|S4
10|24|19|18|69|22|3N|S|11|ST
10|24|42|54|32|38|3N|S|11|ST
10|24|45|37|20|50|3N|S|10|S9
10|24|47|43|14|39|4CX|W|7|D6
10|24|48|55|63|71|4H|N|10|S7
10|24|49|41|46|7|1N|S|10|ST
10|24|52|4|30|3|4H|N|11|S7
10|24|59|23|76|72|4H|N|10|S7
10|24|64|27|35|21|4H|N|11|S7
10|24|73|36|25|31|4H|N|11|S7
10|24|8|16|11|70|4H|S|10|S6
10|24|81|61|83|12|3N|S|11|SQ
10|25|1|51|5|68|6S|N|12|D3
10|25|10|75|2|66|7S|N|12|DA
10|25|19|18|69|22|6H|N|12|DA
10|25|42|54|32|38|6S|N|12|DA
10|25|45|37|20|50|6S|N|12|DA
10|25|47|43|14|39|6S|N|12|DA
10|25|48|55|63|71|4S|N|13|ST
10|25|49|41|46|7|6S|N|13|ST
10|25|52|4|30|3|6S|N|12|DA
10|25|59|23|76|72|6S|N|13|S7
10|25|64|27|35|21|6S|N|12|DA
10|25|73|36|25|31|6S|N|13|C2
10|25|8|16|11|70|4S|N|13|ST
10|25|81|61|83|12|6S|N|12|DA
10|26|1|51|5|68|5C|N|10|S3
10|26|10|75|2|66|3N|N|8|HJ
10|26|19|18|69|22|4H|S|9|D7
10|26|42|54|32|38|3N|N|9|D6
10|26|45|37|20|50|5CX|S|10|SA
10|26|47|43|14|39|3N|N|10|D6
10|26|48|55|63|71|5C|S|10|H2
10|26|49|41|46|7|3N|N|8|D6
10|26|52|4|30|3|3N|N|10|ST
10|26|59|23|76|72|3N|N|9|D4
10|26|64|27|35|21|3N|N|9|D6
10|26|73|36|25|31|3N|N|8|ST
10|26|8|16|11|70|3N|N|8|ST
10|26|81|61|83|12|3N|N|9|D6
10|27|1|51|5|68|1D|N|6|C3
10|27|10|75|2|66|1N|N|5|C5
10|27|19|18|69|22|1N|N|6|H2
10|27|42|54|32|38|1N|E|10|D2
10|27|45|37|20|50|1N|N|5|C2
10|27|47|43|14|39|1N|N|7|H2
10|27|48|55|63|71|1N|S|6|D2
10|27|49|41|46|7|2H|S|5|H3
10|27|52|4|30|3|1N|N|7|D2
10|27|59|23|76|72|1N|N|7|D3
10|27|64|27|35|21|1N|S|4|C6
10|27|73|36|25|31|3N|E|10|D2
10|27|8|16|11|70|2C|W|10|H6
10|27|81|61|83|12|1D|N|5|C2
10|28|1|51|5|68|2S|E|7|C5
10|28|10|75|2|66|4H|W|10|SJ
10|28|19|18|69|22|3H|W|8|D6
10|28|42|54|32|38|4H|W|9|S5
10|28|45|37|20|50|2H|W|9|S5
10|28|47|43|14|39|4H|W|9|SJ
10|28|48|55|63|71|4H|E|8|S2
10|28|49|41|46|7|4H|W|10|S3
10|28|52|4|30|3|1S|E|7|DQ
10|28|59|23|76|72|4S|E|9|SJ
10|28|64|27|35|21|4H|W|9|S5
10|28|73|36|25|31|3H|W|10|SJ
10|28|8|16|11|70|2H|W|8|D6
10|28|81|61|83|12|4H|W|8|D6
10|29|1|51|5|68|4S|E|10|DA
10|29|10|75|2|66|4S|E|9|DA
10|29|19|18|69|22|4S|E|10|DA
10|29|42|54|32|38|4S|E|9|DA
10|29|45|37|20|50|4S|E|9|DA
10|29|47|43|14|39|4S|W|10|DA
10|29|48|55|63|71|4S|E|10|DA
10|29|49|41|46|7|3S|E|10|DA
10|29|52|4|30|3|2S|E|9|DA
10|29|59|23|76|72|2S|E|10|DA
10|29|64|27|35|21|4S|E|9|DA
10|29|73|36|25|31|4S|E|10|DK
10|29|8|16|11|70|4S|E|9|DK
10|29|81|61|83|12|4S|E|10|DK
10|30|1|51|5|68|2S|E|9|D6
10|30|10|75|2|66|2H|W|9|D5
10|30|19|18|69|22|3N|E|10|S4
10|30|42|54|32|38|3N|W|10|S4
10|30|45|37|20|50|2H|W|10|S5
10|30|47|43|14|39|4H|W|8|D4
10|30|48|55|63|71|3N|E|10|S2
10|30|49|41|46|7|2H|W|10|S3
10|30|52|4|30|3|2N|W|10|S2
10|30|59|23|76|72|2H|E|8|D2
10|30|64|27|35|21|4H|W|8|D4
10|30|73|36|25|31|2H|W|9|H7
10|30|8|16|11|70|2H|W|8|D4
10|30|81|61|83|12|2N|W|8|D8
10|31|1|51|5|68|7H|N|13|S3
10|31|10|75|2|66|6H|N|12|D8
10|31|19|18|69|22|6H|N|13|D8
10|31|42|54|32|38|6H|N|13|D8
10|31|45|37|20|50|6H|N|13|D8
10|31|47|43|14|39|6H|N|12|D8
10|31|48|55|63|71|6H|N|13|SJ
10|31|49|41|46|7|6H|N|13|D8
10|31|52|4|30|3|6H|N|13|D8
10|31|59|23|76|72|7H|N|13|SJ
10|31|64|27|35|21|6H|S|13|D4
10|31|73|36|25|31|6H|N|13|D8
10|31|8|16|11|70|6H|N|12|SJ
10|31|81|61|83|12|6H|N|13|D8
10|32|1|51|5|68|4H|N|9|C5
10|32|10|75|2|66|4H|N|9|C8
10|32|19|18|69|22|4H|N|9|C4
10|32|42|54|32|38|3N|W|8|H2
10|32|45|37|20|50|2H|S|10|D9
10|32|47|43|14|39|3H|S|10|CA
10|32|48|55|63|71|4H|S|10|CA
10|32|49|41|46|7|4H|N|9|C2
10|32|52|4|30|3|3H|S|10|CA
10|32|59|23|76|72|4H|N|9|C3
10|32|64|27|35|21|3H|S|10|D9
10|32|73|36|25|31|4H|S|11|D8
10|32|8|16|11|70|3H|S|9|CA
10|32|81|61|83|12|3D|S|10|D7
11|1|1|28|5|15|5C|N|11|H3
11|1|10|41|2|29|5CX|N|11|HA
11|1|17|4|48|3|3H|W|8|CA
11|1|42|61|32|12|5C|N|11|HA
11|1|51|80|68|82|5C|N|12|HA
11|1|52|67|30|65|5CX|N|11|HK
11|1|53|62|56|21|5C|N|11|HA
11|1|55|43|71|6|5HX|E|8|DA
11|1|64|57|35|34|5C|N|11|HK
11|1|72|11|23|8|5C|N|11|HA
11|1|73|18|25|22|5C|N|11|HA
11|1|74|58|40|13|5CX|N|11|HA
11|1|79|44|60|78|6C|N|11|HA
11|1|83|26|81|33|5C|N|11|HK
11|10|1|28|5|15|2H|E|7|C5
11|10|10|41|2|29|3D|N|8|S3
11|10|17|4|48|3|3D|N|8|C8
11|10|42|61|32|12|3D|N|8|S3
11|10|51|80|68|82|3D|N|8|S3
11|10|52|67|30|65|3H|W|8|CT
11|10|53|62|56|21|2S|W|8|D2
11|10|55|43|71|6|2D|N|8|S5
11|10|64|57|35|34|3D|N|8|H7
11|10|72|11|23|8|2S|W|8|CT
11|10|73|18|25|22|2S|E|7|CK
11|10|74|58|40|13|4D|S|8|SA
11|10|79|44|60|78|2S|W|8|CT
11|10|83|26|81|33|2S|W|8|CT
11|11|1|28|5|15|4S|E|10|CA
11|11|10|41|2|29|4S|E|10|CA
11|11|17|4|48|3|4S|E|9|DJ
11|11|42|61|32|12|2S|E|8|H6
11|11|51|80|68|82|4S|E|10|S8
11|11|52|67|30|65|2S|E|9|C2
11|11|53|62|56|21|3S|E|9|D5
11|11|55|43|71|6|3S|E|8|HT
11|11|64|57|35|34|4S|E|9|HT
11|11|72|11|23|8|2S|E|10|CA
11|11|73|18|25|22|4S|E|10|D4
11|11|74|58|40|13|4HX|S|8|S3
11|11|79|44|60|78|4S|E|10|DJ
11|11|83|26|81|33|3N|W|6|H6
11|12|1|28|5|15|2N|E|7|S3
11|12|10|41|2|29|3H|E|9|HK
11|12|17|4|48|3|4S|S|7|HA
11|12|42|61|32|12|4H|E|9|SK
11|12|51|80|68|82|3H|E|9|SK
11|12|52|67|30|65|2NX|S|6|H8
11|12|53|62|56|21|2H|E|9|HK
11|12|55|43|71|6|3H|W|9|S2
11|12|64|57|35|34|1NX|S|6|DQ
11|12|72|11|23|8|4H|E|9|SK
11|12|73|18|25|22|4H|E|9|SK
11|12|74|58|40|13|3H|W|9|S7
11|12|79|44|60|78|2H|E|9|HK
11|12|83|26|81|33|4H|E|9|SK
11|13|1|28|5|15|4S|E|10|H6
11|13|10|41|2|29|4S|W|10|H9
11|13|17|4|48|3|4S|W|11|H3
11|13|42|61|32|12|5HX|S|8|CQ
11|13|51|80|68|82|4S|E|11|D4
11|13|52|67|30|65|4S|E|10|C6
11|13|53|62|56|21|4SX|W|10|DT
11|13|55|43|71|6|5HX|N|9|CA
11|13|64|57|35|34|4S|E|10|C6
11|13|72|11|23|8|4S|W|10|H3
11|13|73|18|25|22|4S|W|10|H2
11|13|74|58|40|13|4S|E|11|HK
11|13|79|44|60|78|4S|E|11|H7
11|13|83|26|81|33|4S|W|10|S3
11|14|1|28|5|15|3N|N|8|S3
11|14|10|41|2|29|3N|N|8|S4
11|14|17|4|48|3|3N|S|8|HQ
11|14|42|61|32|12|3N|S|8|HT
11|14|51|80|68|82|2N|S|7|HT
11|14|52|67|30|65|2S|E|4|CA
11|14|53|62|56|21|3N|N|10|S4
11|14|55|43|71|6|3C|S|9|HT
11|14|64|57|35|34|3N|N|8|HQ
11|14|72|11|23|8|3N|N|8|S4
11|14|73|18|25|22|2N|S|7|S2
11|14|74|58|40|13|3N|S|7|D4
11|14|79|44|60|78|3N|N|8|S4
11|14|83|26|81|33|3N|N|9|S4
11|15|1|28|5|15|4H|N|10|C3
11|15|10|41|2|29|4H|S|10|DK
11|15|17|4|48|3|1N|W|6|H5
11|15|42|61|32|12|1N|W|7|H5
11|15|51|80|68|82|3N|W|5|H4
11|15|52|67|30|65|4C|W|9|HA
11|15|53|62|56|21|4H|N|10|C5
11|15|55|43|71|6|3H|N|9|D7
11|15|64|57|35|34|1N|W|6|H4
11|15|72|11|23|8|1N|W|5|H5
11|15|73|18|25|22|2H|S|9|HJ
11|15|74|58|40|13|2H|S|9|CA
11|15|79|44|60|78|4H|N|9|C6
11|15|83|26|81|33|3H|N|9
11|16|1|28|5|15|3N|N|9|C2
11|16|10|41|2|29|3N|S|7|D5
11|16|17|4|48|3|3N|S|10|D5
11|16|42|61|32|12|3N|N|9|H4
11|16|51|80|68|82|3N|S|7|C4
11|16|52|67|30|65|1S|N|8|CT
11|16|53|62|56|21|1D|E|5|H7
11|16|55|43|71|6|1N|S|7|C4
11|16|64|57|35|34|3N|S|8|C3
11|16|72|11|23|8|3N|S|8|C4
11|16|73|18|25|22|2N|S|9|D6
11|16|74|58|40|13|3N|S|7|D5
11|16|79|44|60|78|1DX|E|6|SA
11|16|83|26|81|33|2S|N|9
11|2|1|28|5|15|4HX|E|10|D3
11|2|10|41|2|29|5S|S|9|CK
11|2|17|4|48|3|4S|S|9|CK
11|2|42|61|32|12|4SX|S|8|CK
11|2|51|80|68|82|5HX|E|10|HA
11|2|52|67|30|65|4H|E|10|D5
11|2|53|62|56|21|5HX|E|10|D7
11|2|55|43|71|6|4H|E|10|D5
11|2|64|57|35|34|4H|E|10|HA
11|2|72|11|23|8|5HX|E|10|CA
11|2|73|18|25|22|5H|E|10|HA
11|2|74|58|40|13|4S|N|9|DA
11|2|79|44|60|78|5HX|E|10|HA
11|2|83|26|81|33|4H|E|10|CA
11|3|1|28|5|15|3N|N|8|H3
11|3|10|41|2|29|3N|N|8|ST
11|3|17|4|48|3|3N|N|8|S2
11|3|42|61|32|12|3N|S|7|H6
11|3|51|80|68|82|3N|S|8|S5
11|3|52|67|30|65|3N|N|6|S2
11|3|53|62|56|21|3N|N|8|ST
11|3|55|43|71|6|3N|N|10|D2
11|3|64|57|35|34|3N|N|8|S9
11|3|72|11|23|8|3N|N|8|ST
11|3|73|18|25|22|3N|N|8|ST
11|3|74|58|40|13|3N|N|8|ST
11|3|79|44|60|78|3N|N|8|S2
11|3|83|26|81|33|3N|S|8|ST
11|4|1|28|5|15|4H|N|11|S5
11|4|10|41|2|29|4H|S|11|S8
11|4|17|4|48|3|4H|S|10|CJ
11|4|42|61|32|12|4H|N|9|C2
11|4|51|80|68|82|3N|N|9|S6
11|4|52|67|30|65|3N|S|9|C3
11|4|53|62|56|21|2H|S|10|S8
11|4|55|43|71|6|4H|S|10|S6
11|4|64|57|35|34|4H|S|10|CJ
11|4|72|11|23|8|4H|S|10|S8
11|4|73|18|25|22|4H|N|9|C2
11|4|74|58|40|13|4H|S|10|S8
11|4|79|44|60|78|4H|S|10|CJ
11|4|83|26|81|33|4H|N|9|C4
11|5|1|28|5|15|4H|E|10|D2
11|5|10|41|2|29|4H|E|10|DA
11|5|17|4|48|3|4H|E|11|DA
11|5|42|61|32|12|4H|E|10|DA
11|5|51|80|68|82|4H|E|10|DA
11|5|52|67|30|65|4H|W|10|SK
11|5|53|62|56|21|2H|E|9|DA
11|5|55|43|71|6|4H|E|10|DA
11|5|64|57|35|34|3H|E|10|DA
11|5|72|11|23|8|3H|E|10|DA
11|5|73|18|25|22|3H|E|10|DA
11|5|74|58|40|13|4H|E|10|DA
11|5|79|44|60|78|4H|W|10|D3
11|5|83|26|81|33|4H|E|9|DA
11|6|1|28|5|15|4C|N|9|D6
11|6|10|41|2|29|5C|S|11|C8
11|6|17|4|48|3|5C|S|11|C8
11|6|42|61|32|12|3N|N|6|H4
11|6|51|80|68|82|4HX|E|9|HJ
11|6|52|67|30|65|3D|S|9|C8
11|6|53|62|56|21|4C|S|11|SJ
11|6|55|43|71|6|4C|N|9|D7
11|6|64|57|35|34|2D|S|6|SJ
11|6|72|11|23|8|5C|N|9|D7
11|6|73|18|25|22|5C|N|9|D8
11|6|74|58|40|13|4HX|E|9|D9
11|6|79|44|60|78|5C|S|11|C8
11|6|83|26|81|33|5C|N|11|CQ
11|7|1|28|5|15|4H|N|11|D5
11|7|10|41|2|29|4H|S|12|C4
11|7|17|4|48|3|4H|S|12|S4
11|7|42|61|32|12|4H|S|12|C3
11|7|51|80|68|82|4H|S|11|D6
11|7|52|67|30|65|4H|S|12|C3
11|7|53|62|56|21|4H|S|12|C3
11|7|55|43|71|6|4S|N|10|S6
11|7|64|57|35|34|4H|S|11|D3
11|7|72|11|23|8|4S|N|10|DA
11|7|73|18|25|22|4H|S|11|HT
11|7|74|58|40|13|4H|S|12|C3
11|7|79|44|60|78|4S|N|13|C2
11|7|83|26|81|33|4H|S|11|D3
11|8|1|28|5|15|1N|E|7|C2
11|8|10|41|2|29|2S|W|7|D6
11|8|17|4|48|3|3C|W|6|H6
11|8|42|61|32|12|1N|E|8|DQ
11|8|51|80|68|82|1N|W|9|H6
11|8|52|67|30|65|1N|E|8|C3
11|8|53|62|56|21|1N|E|7|C3
11|8|55|43|71|6|2C|W|7|D6
11|8|64|57|35|34|1N|E|9|DQ
11|8|72|11|23|8|1N|E|7|C6
11|8|73|18|25|22|1N|E|8|DQ
11|8|74|58|40|13|2S|W|9|H6
11|8|79|44|60|78|1N|E|8|DQ
11|8|83|26|81|33|2S|W|8|CK
11|9|1|28|5|15|4S|N|10|C3
11|9|10|41|2|29|4S|S|11|CQ
11|9|17|4|48|3|4S|S|12|S3
11|9|42|61|32|12|4S|S|11|CQ
11|9|51|80|68|82|4S|S|11|C4
11|9|52|67|30|65|4S|S|12|S3
11|9|53|62|56|21|4S|S|12|CQ
11|9|55|43|71|6|4S|S|12|CQ
11|9|64|57|35|34|4S|S|11|CQ
11|9|72|11|23|8|6S|S|13|HJ
11|9|73|18|25|22|4S|S|11|C4
11|9|74|58|40|13|4S|S|11|CJ
11|9|79|44|60|78|4S|S|12|CQ
11|9|83|26|81|33|4S|N|11|C9
12|17|10|37|2|50|4S|N|10|D9
12|17|16|57|70|34|4S|N|10|CQ
12|17|19|62|69|21|4S|N|9|CQ
12|17|29|20|41|45|4S|N|10|DT
12|17|47|53|14|56|4S|N|10|CQ
12|17|49|36|46|31|4S|N|9|CQ
12|17|59|26|76|33|4S|N|10|D7
12|17|6|54|39|38|3S|N|10|CQ
12|17|61|48|12|7|4SX|N|10|DT
12|17|66|42|75|32|4S|N|10|DT
12|17|67|28|65|15|5S|N|10|D3
12|17|73|58|27|13|4S|N|11|D6
12|17|74|5|40|1|4S|N|10|D7
12|17|82|4|80|3|4S|N|10|CQ
12|18|10|37|2|50|5H|S|10|DA
12|18|16|57|70|34|5SX|W|9|HK
12|18|19|62|69|21|4H|N|11|C6
12|18|29|20|41|45|5H|N|10|SA
12|18|47|53|14|56|5H|N|10|SA
12|18|49|36|46|31|5H|N|10|SA
12|18|59|26|76|33|5H|N|10|SA
12|18|6|54|39|38|4H|S|11|CT
12|18|61|48|12|7|5H|N|10|SA
12|18|66|42|75|32|4SX|W|9|HK
12|18|67|28|65|15|5H|S|10|DA
12|18|73|58|27|13|5H|N|10|SA
12|18|74|5|40|1|5SX|W|10|DQ
12|18|82|4|80|3|4H|S|10|DK
12|19|10|37|2|50|3H|W|10|C2
12|19|16|57|70|34|2H|E|10|S9
12|19|19|62|69|21|2H|E|10|S9
12|19|29|20|41|45|3H|E|9|S9
12|19|47|53|14|56|3N|W|10|S4
12|19|49|36|46|31|3H|W|10|C3
12|19|59|26|76|33|2H|E|10|S9
12|19|6|54|39|38|2H|E|8|S9
12|19|61|48|12|7|4H|E|9|S9
12|19|66|42|75|32|3N|W|10|D8
12|19|67|28|65|15|4H|E|10|S9
12|19|73|58|27|13|3H|E|9|S9
12|19|74|5|40|1|4H|W|10|C7
12|19|82|4|80|3|1N|S|3|HK
12|20|10|37|2|50|2N|W|9|HQ
12|20|16|57|70|34|4DX|W|10|HQ
12|20|19|62|69|21|3D|W|10|C3
12|20|29|20|41|45|3N|W|9|HQ
12|20|47|53|14|56|3N|E|9|C5
12|20|49|36|46|31|3D|W|10|HQ
12|20|59|26|76|33|2D|E|10|HQ
12|20|6|54|39|38|2S|E|9|HA
12|20|61|48|12|7|3N|E|9|C5
12|20|66|42|75|32|3N|W|9|HQ
12|20|67|28|65|15|2D|W|9|HQ
12|20|73|58|27|13|2D|W|10|HQ
12|20|74|5|40|1|4D|W|10|HQ
12|20|82|4|80|3|2D|W|9|HQ
12|21|10|37|2|50|3D|N|8|S5
12|21|16|57|70|34|1N|N|5|S9
12|21|19|62|69|21|3D|N|9|S6
12|21|29|20|41|45|2N|N|6|S6
12|21|47|53|14|56|3D|N|8|S5
12|21|49|36|46|31|3S|E|8|DQ
12|21|59|26|76|33|2N|N|5|S7
12|21|6|54|39|38|3D|S|9|D8
12|21|61|48|12|7|2N|S|7|SA
12|21|66|42|75|32|3D|N|9|S5
12|21|67|28|65|15|1N|N|6|S6
12|21|73|58|27|13|3D|N|9|S5
12|21|74|5|40|1|4D|N|8|S6
12|21|82|4|80|3|3C|N|7|S6
12|22|10|37|2|50|4S|N|12|S3
12|22|16|57|70|34|4H|N|12|C6
12|22|19|62|69|21|4S|N|12|ST
12|22|29|20|41|45|4S|N|12|C7
12|22|47|53|14|56|4S|N|12|C7
12|22|49|36|46|31|6S|N|12|C7
12|22|59|26|76|33|4S|N|12|S3
12|22|6|54|39|38|4S|N|12|C6
12|22|61|48|12|7|4S|N|12|C8
12|22|66|42|75|32|4S|N|12|HK
12|22|67|28|65|15|4H|S|12|S3
12|22|73|58|27|13|5S|N|12|C7
12|22|74|5|40|1|4S|N|12|C8
12|22|82|4|80|3|4S|N|12|ST
12|23|10|37|2|50|2H|S|10|H5
12|23|16|57|70|34|4H|S|10|H5
12|23|19|62|69|21|4H|S|10|C3
12|23|29|20|41|45|4H|S|10|H5
12|23|47|53|14|56|4H|S|10|H5
12|23|49|36|46|31|2H|S|10|C3
12|23|59|26|76|33|4H|N|10|C4
12|23|6|54|39|38|2H|S|10|H5
12|23|61|48|12|7|4SX|E|7|CA
12|23|66|42|75|32|4H|S|10|DJ
12|23|67|28|65|15|4H|S|10|C8
12|23|73|58|27|13|4H|S|10|H5
12|23|74|5|40|1|2H|S|10|C8
12|23|82|4|80|3|3H|S|9|H5
12|24|10|37|2|50|6D|N|11|CQ
12|24|16|57|70|34|3N|S|12|S4
12|24|19|62|69|21|3N|S|12|S4
12|24|29|20|41|45|3N|S|12|S4
12|24|47|53|14|56|6N|S|11|H4
12|24|49|36|46|31|6D|N|11|CQ
12|24|59|26|76|33|3N|N|12|S2
12|24|6|54|39|38|3N|S|11|C8
12|24|61|48|12|7|3N|S|13|S4
12|24|66|42|75|32|3N|S|12|S4
12|24|67|28|65|15|3N|N|11|CQ
12|24|73|58|27|13|3N|S|11|C5
12|24|74|5|40|1|3N|N|11|CQ
12|24|82|4|80|3|3N|S|12|S4
12|25|10|37|2|50|4H|N|10|S9
12|25|16|57|70|34|4H|N|11|C6
12|25|19|62|69|21|4H|N|10|D2
12|25|29|20|41|45|4H|N|11|C6
12|25|47|53|14|56|4H|N|11|C6
12|25|49|36|46|31|5H|N|11|S9
12|25|59|26|76|33|5HX|N|11|C3
12|25|6|54|39|38|5H|N|10|C2
12|25|61|48|12|7|4HX|N|12|S9
12|25|66|42|75|32|5H|N|12|S9
12|25|67|28|65|15|5CX|W|9|C7
12|25|73|58|27|13|5HX|N|11|C6
12|25|74|5|40|1|4H|N|9|C2
12|25|82|4|80|3|4H|N|11|C2
12|26|10|37|2|50|4S|W|11|S3
12|26|16|57|70|34|4S|W|11|C2
12|26|19|62|69|21|4S|W|11|H7
12|26|29|20|41|45|6S|W|11|H7
12|26|47|53|14|56|3N|E|10|H2
12|26|49|36|46|31|5S|W|11|S3
12|26|59|26|76|33|4S|E|11|H7
12|26|6|54|39|38|4S|W|12|H7
12|26|61|48|12|7|4S|W|11|H7
12|26|66|42|75|32|4S|W|11|D2
12|26|67|28|65|15|6S|W|11|S3
12|26|73|58|27|13|4S|W|11|ST
12|26|74|5|40|1|4S|W|11|ST
12|26|82|4|80|3|5S|W|11|H7
12|27|10|37|2|50|4S|N|11|H2
12|27|16|57|70|34|4S|N|11|S4
12|27|19|62|69|21|3N|N|10|H6
12|27|29|20|41|45|4S|N|11|H2
12|27|47|53|14|56|4S|N|11|H2
12|27|49|36|46|31|4S|N|11|H2
12|27|59|26|76|33|4S|N|11|H3
12|27|6|54|39|38|3N|N|8|H5
12|27|61|48|12|7|4S|N|12|C5
12|27|66|42|75|32|4S|N|11|H2
12|27|67|28|65|15|4S|N|11|H5
12|27|73|58|27|13|4S|N|11|H2
12|27|74|5|40|1|4S|N|10|D6
12|27|82|4|80|3|4S|N|11|H5
12|28|10|37|2|50|3H|W|11|C7
12|28|16|57|70|34|3H|E|9|DA
12|28|19|62|69|21|3D|N|9|CA
12|28|29|20|41|45|3H|W|9|D5
12|28|47|53|14|56|3D|N|10|CA
12|28|49|36|46|31|3H|W|10|S8
12|28|59|26|76|33|3D|N|9|H5
12|28|6|54|39|38|3H|W|9|D3
12|28|61|48|12|7|4H|W|9|D5
12|28|66|42|75|32|1N|N|7|C5
12|28|67|28|65|15|3D|N|9|CA
12|28|73|58|27|13|3D|N|9|CA
12|28|74|5|40|1|4H|E|9|DA
12|28|82|4|80|3|4H|W|9|D5
12|29|10|37|2|50|5HX|W|6|SA
12|29|16|57|70|34|3S|N|11|H4
12|29|19|62|69|21|4S|N|11|H4
12|29|29|20|41|45|4S|N|10|H4
12|29|47|53|14|56|6S|N|12|C5
12|29|49|36|46|31|4S|N|10|H4
12|29|59|26|76|33|4S|N|9|H3
12|29|6|54|39|38|3N|S|8|HA
12|29|61|48|12|7|3S|N|11|H4
12|29|66|42|75|32|4S|S|11|HA
12|29|67|28|65|15|4S|N|11|H4
12|29|73|58|27|13|4S|N|11|H4
12|29|74|5|40|1|4S|N|11|H4
12|29|82|4|80|3|4S|N|11|H4
12|30|10|37|2|50|3N|W|10|D5
12|30|16|57|70|34|3N|W|10|CT
12|30|19|62|69|21|6C|W|10|DA
12|30|29|20|41|45|3N|W|11|CT
12|30|47|53|14|56|3N|W|10|C9
12|30|49|36|46|31|3N|E|11|S7
12|30|59|26|76|33|5C|E|10|S3
12|30|6|54|39|38|3N|E|10|S6
12|30|61|48|12|7|3N|W|9|CT
12|30|66|42|75|32|3N|E|9|H8
12|30|67|28|65|15|6C|W|10|DA
12|30|73|58|27|13|3N|W|7|S9
12|30|74|5|40|1|3N|W|10|S9
12|30|82|4|80|3|3N|W|11|S9
12|31|10|37|2|50|2N|N|9|CJ
12|31|16|57|70|34|2S|W|8|SA
12|31|19|62|69|21|2H|S|11|DJ
12|31|29|20|41|45|2S|E|8|C4
12|31|47|53|14|56|3S|E|9|H5
12|31|49|36|46|31|3H|S|10|CK
12|31|59|26|76|33|4H|N|10|DJ
12|31|6|54|39|38|2S|E|7|C4
12|31|61|48|12|7|4D|N|10|CJ
12|31|66|42|75|32|3S|E|8|S2
12|31|67|28|65|15|4SX|W|6|H5
12|31|73|58|27|13|4S|E|8|CA
12|31|74|5|40|1|2S|E|8|C4
12|31|82|4|80|3|2S|E|7|H2
12|32|10|37|2|50|3S|E|10|CK
12|32|16|57|70|34|4S|E|11|CK
12|32|19|62|69|21|1N|S|8|H4
12|32|29|20|41|45|4S|E|10|CK
12|32|47|53|14|56|4S|E|10|CK
12|32|49|36|46|31|3S|E|11|CK
12|32|59|26|76|33|4S|E|10|CK
12|32|6|54|39|38|4S|E|11|CK
12|32|61|48|12|7|4S|E|11|CK
12|32|66|42|75|32|4S|E|11|CK
12|32|67|28|65|15|4S|E|11|CK
12|32|73|58|27|13|3S|E|10|CK
12|32|74|5|40|1|3S|E|11|CK
12|32|82|4|80|3|4S|E|11|CK
13|1|1|20|5|45|3D|E|10|S5
13|1|10|36|2|31|3N|W|6|H6
13|1|26|54|33|38|2N|W|7|H6
13|1|41|44|29|78|3D|E|10|C6
13|1|42|48|32|7|2S|N|6|CA
13|1|52|58|30|13|4H|N|8|CA
13|1|55|18|71|22|3S|N|6|CA
13|1|59|49|76|46|4H|N|9|CA
13|1|60|39|79|43|3N|W|7|H6
13|1|67|4|65|3|3N|W|7|H4
13|1|72|57|23|34|3N|W|8|H6
13|1|73|83|25|81|3N|W|6|H6
13|1|74|51|40|68|3H|N|7|CA
13|1|82|27|80|21|3N|W|7|H6
13|10|1|20|5|45|2H|E|9|D6
13|10|10|36|2|31|2H|W|9|DA
13|10|26|54|33|38|2H|W|9|DK
13|10|41|44|29|78|2H|W|9|DA
13|10|42|48|32|7|2H|W|9|DA
13|10|52|58|30|13|2H|W|9|DA
13|10|55|18|71|22|3H|W|9|DA
13|10|59|49|76|46|3S|N|7|HK
13|10|60|39|79|43|2H|W|9|DA
13|10|67|4|65|3|1N|N|5|H3
13|10|72|57|23|34|3H|W|9|DA
13|10|73|83|25|81|2H|W|9|DA
13|10|74|51|40|68|3C|N|8|D6
13|10|82|27|80|21|2S|S|7|HK
13|11|1|20|5|45|2H|E|8|S5
13|11|10|36|2|31|1N|S|5|H2
13|11|26|54|33|38|2H|E|9|DK
13|11|41|44|29|78|3H|W|8|C6
13|11|42|48|32|7|2H|W|8|C6
13|11|52|58|30|13|3H|W|7|C6
13|11|55|18|71|22|3C|S|9|S5
13|11|59|49|76|46|1N|N|6|H6
13|11|60|39|79|43|1N|S|7|S5
13|11|67|4|65|3|3C|S|9|S5
13|11|72|57|23|34|1N|S|6|HQ
13|11|73|83|25|81|4H|W|8|H3
13|11|74|51|40|68|1N|S|5|HQ
13|11|82|27|80|21|3C|S|9|S5
13|12|1|20|5|45|2S|E|6|C5
13|12|10|36|2|31|1S|E|5|C4
13|12|26|54|33|38|1S|E|5|C4
13|12|41|44|29|78|3HX|E|5|C3
13|12|42|48|32|7|2C|N|8|SA
13|12|52|58|30|13|2S|E|5|C4
13|12|55|18|71|22|2H|S|7|S7
13|12|59|49|76|46|3N|E|7|DK
13|12|60|39|79|43|2S|E|5|C3
13|12|67|4|65|3|2S|E|5|C4
13|12|72|57|23|34|2C|N|7|SK
13|12|73|83|25|81|2C|N|7|SQ
13|12|74|51|40|68|2H|S|8|S7
13|12|82|27|80|21|2S|E|5|C4
13|13|1|20|5|45|2S|E|9|C3
13|13|10|36|2|31|3N|E|10|H2
13|13|26|54|33|38|2S|E|9|C3
13|13|41|44|29|78|3N|E|10|H2
13|13|42|48|32|7|3CX|E|9|DQ
13|13|52|58|30|13|2S|N|4|C2
13|13|55|18|71|22|2S|E|9|C3
13|13|59|49|76|46|2C|E|9|DJ
13|13|60|39|79|43|1S|N|5|D5
13|13|67|4|65|3|2S|N|6|D5
13|13|72|57|23|34|1N|W|9|C7
13|13|73|83|25|81|3C|E|8|H2
13|13|74|51|40|68|1N|N|6|SQ
13|13|82|27|80|21|2S|E|7|C3
13|14|1|20|5|45|6D|E|13|C5
13|14|10|36|2|31|6N|E|12|D4
13|14|26|54|33|38|6D|W|13|S3
13|14|41|44|29|78|6D|W|13|SJ
13|14|42|48|32|7|7D|E|13|S2
13|14|52|58|30|13|6N|E|13|S7
13|14|55|18|71|22|6D|E|13|C9
13|14|59|49|76|46|6D|E|13|S2
13|14|60|39|79|43|7D|E|13|D4
13|14|67|4|65|3|3N|E|12|S2
13|14|72|57|23|34|6D|E|13|H9
13|14|73|83|25|81|6N|E|13|S5
13|14|74|51|40|68|6D|E|13|DT
13|14|82|27|80|21|6D|E|13|S2
13|15|1|20|5|45|4S|E|9|D5
13|15|10|36|2|31|4SX|E|9|DQ
13|15|26|54|33|38|4S|E|9|DQ
13|15|41|44|29|78|5H|S|9|SA
13|15|42|48|32|7|4SX|W|9|HA
13|15|52|58|30|13|3S|W|9|C7
13|15|55|18|71|22|4S|E|9|S3
13|15|59|49|76|46|4S|E|9|HJ
13|15|60|39|79|43|4S|W|9|D4
13|15|67|4|65|3|4SX|E|9|HA
13|15|72|57|23|34|5S|E|9|H2
13|15|73|83|25|81|4S|E|9|HJ
13|15|74|51|40|68|4S|E|9|CA
13|15|82|27|80|21|3S|E|9|DQ
13|16|1|20|5|45|3N|E|11|S2
13|16|10|36|2|31|3N|E|12|D7
13|16|26|54|33|38|3N|W|9|HA
13|16|41|44|29|78|3N|E|8|DQ
13|16|42|48|32|7|3N|W|10|C2
13|16|52|58|30|13|3N|E|10|DJ
13|16|55|18|71|22|3N|E|10|S5
13|16|59|49|76|46|3N|E|10|H2
13|16|60|39|79|43|3N|W|10|S5
13|16|67|4|65|3|3N|W|11|CJ
13|16|72|57|23|34|3N|W|10|S5
13|16|73|83|25|81|3N|W|10|C2
13|16|74|51|40|68|3N|W|10|S5
13|16|82|27|80|21|3N|W|9|D9
13|2|1|20|5|45|4S|N|12|S4
13|2|10|36|2|31|4S|S|12|S2
13|2|26|54|33|38|4S|S|12|S2
13|2|41|44|29|78|4S|S|12|S2
13|2|42|48|32|7|4S|S|12|H6
13|2|52|58|30|13|4S|S|11|D3
13|2|55|18|71|22|4S|S|12|S2
13|2|59|49|76|46|4S|N|12|DK
13|2|60|39|79|43|4S|S|12|S2
13|2|67|4|65|3|4S|S|12|S2
13|2|72|57|23|34|4S|S|12|S2
13|2|73|83|25|81|4S|S|10|DK
13|2|74|51|40|68|4S|S|12|H6
13|2|82|27|80|21|4S|S|12|H6
13|3|1|20|5|45|3H|N|9|SA
13|3|10|36|2|31|4H|N|8|C5
13|3|26|54|33|38|4H|N|8|SA
13|3|41|44|29|78|3H|N|9|SA
13|3|42|48|32|7|2H|N|8|S3
13|3|52|58|30|13|2H|N|9|SA
13|3|55|18|71|22|2H|N|7|S3
13|3|59|49|76|46|4H|N|9|SA
13|3|60|39|79|43|1S|E|6|H6
13|3|67|4|65|3|4H|N|7|SA
13|3|72|57|23|34|1N|N|5|S3
13|3|73|83|25|81|3H|N|8|SA
13|3|74|51|40|68|3H|N|8|C5
13|3|82|27|80|21|2H|N|9|D2
13|4|1|20|5|45|3N|E|8|H8
13|4|10|36|2|31|3N|E|10|S4
13|4|26|54|33|38|3C|E|11|H9
13|4|41|44|29|78|3N|W|10|D3
13|4|42|48|32|7|3N|E|10|S2
13|4|52|58|30|13|3N|E|9|HT
13|4|55|18|71|22|3N|E|10|HT
13|4|59|49|76|46|3N|E|7|HK
13|4|60|39|79|43|2N|W|8|D3
13|4|67|4|65|3|5C|E|10|HT
13|4|72|57|23|34|3N|E|9|HT
13|4|73|83|25|81|3N|E|11|S4
13|4|74|51|40|68|3N|E|11|S4
13|4|82|27|80|21|3N|W|10|D3
13|5|1|20|5|45|4S|N|11|C3
13|5|10|36|2|31|4S|N|11|C8
13|5|26|54|33|38|4S|N|10|S4
13|5|41|44|29|78|4S|N|10|S4
13|5|42|48|32|7|3N|S|10|DT
13|5|52|58|30|13|4S|N|10|D6
13|5|55|18|71|22|4S|N|11|D4
13|5|59|49|76|46|4S|N|11|S6
13|5|60|39|79|43|4S|S|11|C9
13|5|67|4|65|3|3N|S|9|DQ
13|5|72|57|23|34|4S|S|11|D4
13|5|73|83|25|81|4S|S|11|DQ
13|5|74|51|40|68|4S|S|10|DQ
13|5|82|27|80|21|4S|N|11|H4
13|6|1|20|5|45|3N|N|9|D4
13|6|10|36|2|31|4D|N|10|HK
13|6|26|54|33|38|3N|S|9|DT
13|6|41|44|29|78|3N|S|7|DT
13|6|52|58|30|13|3N|S|11|D2
13|6|55|18|71|22|3N|S|10|SA
13|6|59|49|76|46|2S|E|8|HJ
13|6|60|39|79|43|3N|N|10|HK
13|6|67|4|65|3|3N|N|7|HK
13|6|72|57|23|34|3N|S|9|DT
13|6|73|83|25|81|3H|E|9|DK
13|6|74|51|40|68|3N|S|10|DT
13|6|82|27|80|21|3N|S|9|DT
13|7|1|20|5|45|4HX|E|11|D2
13|7|10|36|2|31|4HX|E|11|D4
13|7|26|54|33|38|4H|E|11|D4
13|7|41|44|29|78|5DX|N|9|HA
13|7|42|48|32|7|5D|N|10|HA
13|7|52|58|30|13|4H|E|11|D2
13|7|55|18|71|22|4H|E|11|D4
13|7|59|49|76|46|4H|E|11|D2
13|7|60|39|79|43|4H|E|11|D3
13|7|67|4|65|3|4HX|E|11|D3
13|7|72|57|23|34|4H|E|11|D6
13|7|73|83|25|81|4H|E|11|D2
13|7|74|51|40|68|5CX|N|8|SQ
13|7|82|27|80|21|4H|E|11|D2
13|8|1|20|5|45|1N|N|6|D2
13|8|10|36|2|31|1N|N|8|C4
13|8|26|54|33|38|2H|N|9|HT
13|8|41|44|29|78|1S|N|8|HT
13|8|42|48|32|7|3D|W|8|SQ
13|8|52|58|30|13|3C|E|8|SK
13|8|55|18|71|22|2H|N|8|D3
13|8|59|49|76|46|2H|N|7|D2
13|8|60|39|79|43|1N|N|8|C6
13|8|67|4|65|3|2D|W|8|SQ
13|8|72|57|23|34|2H|N|9|HT
13|8|73|83|25|81|3D|W|8|SQ
13|8|74|51|40|68|2S|N|8|S2
13|8|82|27|80|21|2H|N|9|D3
13|9|1|20|5|45|P|S|0
13|9|10|36|2|31|2N|N|9|DQ
13|9|26|54|33|38|2N|N|8|H4
13|9|41|44|29|78|P|S|0
13|9|42|48|32|7|1N|N|9|H4
13|9|52|58|30|13|P|S|0
13|9|55|18|71|22|P|S|0
13|9|59|49|76|46|1N|N|9|H4
13|9|60|39|79|43|2N|N|8|DQ
13|9|67|4|65|3|1N|N|8|H4
13|9|72|57|23|34|P|S|0
13|9|73|83|25|81|5C|N|9|DQ
13|9|74|51|40|68|P|S|0
13|9|82|27|80|21|2N|N|8|H4
