1|1|1|64|2|63|3N|S|10|SJ
1|1|18|17|49|31|5C|N|11|SA
1|1|19|61|22|45|5C|N|10|H6
1|1|21|52|72|58|5C|N|11|H6
1|1|24|46|80|48|5CX|N|11|SA
1|1|29|37|69|47|3N|S|8|SJ
1|1|34|3|42|30|3N|N|9|H6
1|1|36|16|57|44|3N|N|10|H3
1|1|4|25|73|62|3N|S|10
1|1|41|81|7|74|3N|S|9|SJ
1|1|5|53|6|78|3N|N|10|H6
1|1|50|40|13|26|3C|N|11|SA
1|1|65|59|68|60|4C|N|11|H3
1|1|83|10|27|28|3SX|E|7|DA
1|10|1|64|2|63|3D|S|10|CA
1|10|18|17|49|31|3H|E|6|C3
1|10|19|61|22|45|2S|S|5|CA
1|10|21|52|72|58|4H|E|8|SA
1|10|24|46|80|48|4H|E|8|C3
1|10|29|37|69|47|3H|E|8|C3
1|10|34|3|42|30|3H|W|8|S8
1|10|36|16|57|44|4H|E|8|SA
1|10|4|25|73|62|2D|S|8|CK
1|10|41|81|7|74|3H|E|7|SA
1|10|5|53|6|78|3H|E|8|C3
1|10|50|40|13|26|3H|E|8|SA
1|10|65|59|68|60|3H|E|8|C3
1|10|83|10|27|28|4H|E|8|SA
1|11|1|64|2|63|2N|E|8|H7
1|11|18|17|49|31|2N|E|7|H7
1|11|19|61|22|45|2N|E|8|C4
1|11|21|52|72|58|1N|E|7|H7
1|11|24|46|80|48|1N|E|9|H7
1|11|29|37|69|47|2N|W|10|H7
1|11|34|3|42|30|3N|E|10|H7
1|11|36|16|57|44|3N|E|8|H7
1|11|4|25|73|62|2N|E|8|H7
1|11|41|81|7|74|2N|E|8|H7
1|11|5|53|6|78|5DX|W|9|HA
1|11|50|40|13|26|2H|N|6|D4
1|11|65|59|68|60|2N|E|10|C4
1|11|83|10|27|28|2N|E|8|H3
1|12|1|64|2|63|4S|W|11|S6
1|12|18|17|49|31|4S|W|11|H6
1|12|19|61|22|45|4S|W|11|H4
1|12|21|52|72|58|4S|W|11|H6
1|12|24|46|80|48|4S|W|11|DK
1|12|29|37|69|47|4S|W|10|S4
1|12|34|3|42|30|4S|W|10|DK
1|12|36|16|57|44|4S|E|11|CA
1|12|4|25|73|62|4S|W|11|S6
1|12|41|81|7|74|4S|W|11|DK
1|12|5|53|6|78|4S|W|11|DK
1|12|50|40|13|26|4S|E|11|H6
1|12|65|59|68|60|4S|E|11|DK
1|12|83|10|27|28|4S|W|9|H5
1|13|1|64|2|63|4H|E|8|S4
1|13|18|17|49|31|4S|N|7|CK
1|13|19|61|22|45|4H|W|10|SA
1|13|21|52|72|58|4SX|N|8|CK
1|13|24|46|80|48|3N|W|8|SK
1|13|29|37|69|47|4S|S|7|CK
1|13|34|3|42|30|4S|N|8|CA
1|13|36|16|57|44|4SX|N|7|CA
1|13|4|25|73|62|4S|N|8|CK
1|13|41|81|7|74|2S|N|8|CA
1|13|5|53|6|78|4SX|N|8|CA
1|13|50|40|13|26|4SX|N|8|CA
1|13|65|59|68|60|5HX|E|10|SA
1|13|83|10|27|28|4SX|N|8|CA
1|14|1|64|2|63|1N|W|6|S3
1|14|18|17|49|31|1N|W|6|C4
1|14|19|61|22|45|1N|W|5|CA
1|14|21|52|72|58|1N|E|6|H4
1|14|24|46|80|48|2D|E|6|HQ
1|14|29|37|69|47|1N|W|5|H8
1|14|34|3|42|30|1N|W|4|H7
1|14|36|16|57|44|3D|E|5|HJ
1|14|4|25|73|62|1N|W|6|D3
1|14|41|81|7|74|1N|W|5|H7
1|14|5|53|6|78|2S|S|9|H8
1|14|50|40|13|26|3C|N|9|DQ
1|14|65|59|68|60|1N|E|5|S4
1|14|83|10|27|28|1N|W|5|S8
1|15|1|64|2|63|3H|N|7|CQ
1|15|18|17|49|31|1N|N|3|D8
1|15|19|61|22|45|3H|N|8|D8
1|15|21|52|72|58|4H|N|8|D7
1|15|24|46|80|48|3H|N|8|D7
1|15|29|37|69|47|3N|S|3|S7
1|15|34|3|42|30|2S|E|6|HK
1|15|36|16|57|44|4H|N|10|D9
1|15|4|25|73|62|3H|N|8|D7
1|15|41|81|7|74|4H|N|9|D9
1|15|5|53|6|78|4H|N|9|CQ
1|15|50|40|13|26|2S|E|7|CT
1|15|65|59|68|60|2H|N|9|D7
1|15|83|10|27|28|4H|N|10|H7
1|16|1|64|2|63|3D|N|8|H9
1|16|18|17|49|31|3D|N|8|H9
1|16|19|61|22|45|3S|E|10|D2
1|16|21|52|72|58|3D|N|7|H9
1|16|24|46|80|48|3D|N|8|H9
1|16|29|37|69|47|3N|N|6|S9
1|16|34|3|42|30|4S|E|10|CA
1|16|36|16|57|44|3S|E|9|CA
1|16|4|25|73|62|4D|N|8|H9
1|16|41|81|7|74|2S|E|10|CA
1|16|5|53|6|78|3D|N|8|H9
1|16|50|40|13|26|3S|E|10|CA
1|16|65|59|68|60|3D|N|8|H9
1|16|83|10|27|28|3D|N|8|H9
1|2|1|64|2|63|P|S|0
1|2|18|17|49|31|2N|N|8|C4
1|2|19|61|22|45|2N|S|9|HJ
1|2|21|52|72|58|2D|S|8
1|2|24|46|80|48|P|S|0
1|2|29|37|69|47|P|S|0
1|2|34|3|42|30|2D|S|8|C8
1|2|36|16|57|44|2N|N|8|C4
1|2|4|25|73|62|2N|S|8
1|2|41|81|7|74|P|S|0
1|2|5|53|6|78|2N|S|8|S3
1|2|50|40|13|26|3N|N|5|C4
1|2|65|59|68|60|2N|N|9|H9
1|2|83|10|27|28|2N|S|10|HJ
1|3|1|64|2|63|6C|S|12|D7
1|3|18|17|49|31|6C|S|13|C5
1|3|19|61|22|45|5D|S|13|H2
1|3|21|52|72|58|5C|S|12|D8
1|3|24|46|80|48|3N|S|12|D7
1|3|29|37|69|47|6D|N|12|S7
1|3|34|3|42|30|3N|S|12|D8
1|3|36|16|57|44|3N|S|12|S7
1|3|4|25|73|62|3N|S|12
1|3|41|81|7|74|6C|S|13|S7
1|3|5|53|6|78|6C|S|12|H3
1|3|50|40|13|26|4C|S|12|D3
1|3|65|59|68|60|6C|S|12|D7
1|3|83|10|27|28|5C|S|12|S7
1|4|1|64|2|63|5CX|W|10|S7
1|4|18|17|49|31|5C|E|8|SA
1|4|19|61|22|45|3D|E|9|SA
1|4|21|52|72|58|3S|S|6|HK
1|4|24|46|80|48|3SX|S|6|HQ
1|4|29|37|69|47|2C|W|8|S7
1|4|34|3|42|30|5D|W|9|D4
1|4|36|16|57|44|3CX|E|8|SA
1|4|4|25|73|62|2D|E|10|H7
1|4|41|81|7|74|3N|W|8|C4
1|4|5|53|6|78|3C|E|8|H3
1|4|50|40|13|26|3S|S|5|HK
1|4|65|59|68|60|5C|W|8|D6
1|4|83|10|27|28|3S|S|8|DK
1|5|1|64|2|63|3N|S|9|S7
1|5|18|17|49|31|3N|N|10|HT
1|5|19|61|22|45|3D|S|10|S9
1|5|21|52|72|58|3N|S|9|H6
1|5|24|46|80|48|3N|S|9|S8
1|5|29|37|69|47|3D|N|10|S7
1|5|34|3|42|30|3H|E|9|C8
1|5|36|16|57|44|3N|S|9|S7
1|5|4|25|73|62|3N|S|9|H6
1|5|41|81|7|74|3N|S|9|S7
1|5|5|53|6|78|4SX|E|6|HA
1|5|50|40|13|26|3H|E|11|C2
1|5|65|59|68|60|2N|S|9|S7
1|5|83|10|27|28|3N|S|9|S7
1|6|1|64|2|63|5D|N|11|SJ
1|6|18|17|49|31|5D|N|11|S9
1|6|19|61|22|45|3D|S|11|S9
1|6|21|52|72|58|5DX|N|11|H6
1|6|24|46|80|48|5DX|S|11|H6
1|6|29|37|69|47|2H|N|7|SK
1|6|34|3|42|30|3S|W|9|DA
1|6|36|16|57|44|5D|N|11|C3
1|6|4|25|73|62|3D|N|11|ST
1|6|41|81|7|74|3D|S|11|SA
1|6|5|53|6|78|5D|S|11|HA
1|6|50|40|13|26|5D|S|11|SA
1|6|65|59|68|60|5D|N|11|S5
1|6|83|10|27|28|5D|N|11|S6
1|7|1|64|2|63|4H|E|11|S4
1|7|18|17|49|31|4H|W|11|H6
1|7|19|61|22|45|5HX|W|11|SK
1|7|21|52|72|58|4H|W|12|DT
1|7|24|46|80|48|3H|E|11|D5
1|7|29|37|69|47|4H|W|12|DT
1|7|34|3|42|30|5H|W|11|SK
1|7|36|16|57|44|3S|N|9|CA
1|7|4|25|73|62|4S|N|10|CK
1|7|41|81|7|74|4H|W|11|SK
1|7|5|53|6|78|4S|S|9|S9
1|7|50|40|13|26|4H|W|11|SK
1|7|65|59|68|60|5SX|N|9|CK
1|7|83|10|27|28|4S|S|9|HK
1|8|1|64|2|63|3N|W|10|D4
1|8|18|17|49|31|3N|W|10|S3
1|8|19|61|22|45|3N|W|10|D4
1|8|21|52|72|58|3N|W|10|H4
1|8|24|46|80|48|3N|W|10|D4
1|8|29|37|69|47|3N|W|10|S6
1|8|34|3|42|30|3N|W|10|S6
1|8|36|16|57|44|1S|E|10|H9
1|8|4|25|73|62|3N|W|10|S3
1|8|41|81|7|74|3N|W|10|SJ
1|8|5|53|6|78|3N|W|10|D4
1|8|50|40|13|26|3N|W|10|D3
1|8|65|59|68|60|3N|W|10|D4
1|8|83|10|27|28|3N|W|10|S6
1|9|1|64|2|63|3N|W|12|HJ
1|9|18|17|49|31|3N|E|12|D4
1|9|19|61|22|45|3N|E|12|D4
1|9|21|52|72|58|3N|E|12|D4
1|9|24|46|80|48|3N|W|12|D6
1|9|29|37|69|47|3N|W|12|SJ
1|9|34|3|42|30|3N|W|12|D6
1|9|36|16|57|44|3N|E|12|D4
1|9|4|25|73|62|3N|W|12|D6
1|9|41|81|7|74|3N|E|12|SQ
1|9|5|53|6|78|3N|E|12|D4
1|9|50|40|13|26|3N|E|12|D4
1|9|65|59|68|60|3N|W|12|D9
1|9|83|10|27|28|3N|E|12|D5
2|17|11|31|12|17|4H|E|9|S8
2|17|21|15|72|75|5H|E|10|S3
2|17|22|20|19|70|4H|E|10|DQ
2|17|24|23|80|79|4H|W|10|CJ
2|17|3|51|30|35|4H|W|10|CJ
2|17|34|43|42|32|4S|S|7|DK
2|17|36|54|57|14|3SX|S|8|DA
2|17|39|1|9|38|4H|E|9|C8
2|17|44|77|16|71|5CX|E|10|S2
2|17|52|6|58|5|3S|S|8|DA
2|17|59|46|60|48|3S|N|7|DK
2|17|66|40|67|26|4H|E|10|S3
2|17|76|68|33|65|4H|E|10|ST
2|17|8|61|56|45|4H|W|10|S9
2|18|11|31|12|17|3H|W|9|D7
2|18|21|15|72|75|3H|W|9|D4
2|18|22|20|19|70|3C|E|10|S6
2|18|24|23|80|79|3H|W|8|D5
2|18|3|51|30|35|2N|W|7|D7
2|18|34|43|42|32|3N|W|7|D7
2|18|36|54|57|14|2N|W|5|D7
2|18|39|1|9|38|4H|W|9|SA
2|18|44|77|16|71|3H|W|9|D5
2|18|52|6|58|5|3C|E|9|H7
2|18|59|46|60|48|4H|W|10|SA
2|18|66|40|67|26|3H|W|9|D7
2|18|76|68|33|65|4H|W|8|D4
2|18|8|61|56|45|3C|E|10|D4
2|19|11|31|12|17|3N|E|10|H7
2|19|21|15|72|75|3N|W|10|C4
2|19|22|20|19|70|5D|W|10|HA
2|19|24|23|80|79|3N|E|11|H6
2|19|3|51|30|35|3N|E|11|H6
2|19|34|43|42|32|3N|W|10|C5
2|19|36|54|57|14|3N|E|11|H6
2|19|39|1|9|38|3N|W|10|S7
2|19|44|77|16|71|3N|E|11|H3
2|19|52|6|58|5|3N|W|11|C5
2|19|59|46|60|48|5D|W|11|HA
2|19|66|40|67|26|3N|E|11|H6
2|19|76|68|33|65|3N|E|11|H6
2|19|8|61|56|45|5D|W|11|HA
2|20|11|31|12|17|2S|E|8|D7
2|20|21|15|72|75|2N|W|6|H3
2|20|22|20|19|70|1N|W|6|H3
2|20|24|23|80|79|1S|E|8|C5
2|20|3|51|30|35|3C|E|10|C5
2|20|34|43|42|32|2S|E|7|D4
2|20|36|54|57|14|2H|S|9|SA
2|20|39|1|9|38|2S|E|9|C5
2|20|44|77|16|71|2S|E|8|D2
2|20|52|6|58|5|2S|E|7|H8
2|20|59|46|60|48|2S|E|8|D2
2|20|66|40|67|26|2H|N|8|DA
2|20|76|68|33|65|2C|E|9|C2
2|20|8|61|56|45|2C|E|8|H8
2|21|11|31|12|17|P|S|0
2|21|21|15|72|75|3D|W|8|H7
2|21|22|20|19|70|3D|W|8|H8
2|21|24|23|80|79|3D|E|8|D9
2|21|3|51|30|35|3D|W|8|H3
2|21|34|43|42|32|5D|W|9|CA
2|21|36|54|57|14|3D|E|8|CJ
2|21|39|1|9|38|4S|E|4|CJ
2|21|44|77|16|71|3D|E|10|D4
2|21|52|6|58|5|1N|W|3|C6
2|21|59|46|60|48|3D|E|8|D9
2|21|66|40|67|26|3D|W|8|D3
2|21|76|68|33|65|3N|E|7|H5
2|21|8|61|56|45|3D|E|8|CJ
2|22|11|31|12|17|3S|W|6|DA
2|22|21|15|72|75|2HX|E|8|DK
2|22|22|20|19|70|3H|E|9|DK
2|22|24|23|80|79|3H|E|8|DK
2|22|3|51|30|35|3D|S|10|H6
2|22|34|43|42|32|5DX|S|10|H6
2|22|36|54|57|14|4H|E|8|DK
2|22|39|1|9|38|4H|E|9|DK
2|22|44|77|16|71|4H|E|7|C4
2|22|52|6|58|5|3H|E|10|DK
2|22|59|46|60|48|3H|E|7|S3
2|22|66|40|67|26|3S|W|8|CK
2|22|76|68|33|65|2H|E|9|DK
2|22|8|61|56|45|2H|E|7|C7
2|23|11|31|12|17|4S|N|13|H6
2|23|21|15|72|75|4S|N|12|H3
2|23|22|20|19|70|4S|N|12|H5
2|23|24|23|80|79|4S|N|12|H6
2|23|3|51|30|35|4S|N|12|H4
2|23|34|43|42|32|4S|N|13|H4
2|23|36|54|57|14|6S|S|12|HK
2|23|39|1|9|38|4S|N|12|H4
2|23|44|77|16|71|4S|N|12|H3
2|23|52|6|58|5|4S|S|12|HK
2|23|59|46|60|48|4S|S|11|HQ
2|23|66|40|67|26|4S|N|12|H6
2|23|76|68|33|65|4S|N|12|H6
2|23|8|61|56|45|4S|N|12|H6
2|24|11|31|12|17|2S|N|8|D5
2|24|21|15|72|75|4HX|E|8|SK
2|24|22|20|19|70|2H|E|8|SK
2|24|24|23|80|79|2H|E|8|SK
2|24|3|51|30|35|3H|W|8|D2
2|24|34|43|42|32|4S|N|9|HA
2|24|36|54|57|14|3HX|E|8|SK
2|24|39|1|9|38|4S|N|8|S4
2|24|44|77|16|71|4S|N|8|HA
2|24|52|6|58|5|2S|N|10|HA
2|24|59|46|60|48|2H|E|8|SK
2|24|66|40|67|26|2S|N|8|HA
2|24|8|61|56|45|2H|E|8|SK
2|25|11|31|12|17|1N|W|6|CK
2|25|21|15|72|75|5C|N|11|DT
2|25|22|20|19|70|2S|S|8|C9
2|25|24|23|80|79|2C|N|8|DT
2|25|3|51|30|35|2S|S|9|C9
2|25|34|43|42|32|3C|N|10|S3
2|25|36|54|57|14|1N|W|8|CK
2|25|39|1|9|38|4HX|E|8|C4
2|25|44|77|16|71|2D|E|7|C4
2|25|52|6|58|5|3N|W|8|CA
2|25|59|46|60|48|3N|W|8|CK
2|25|66|40|67|26|2C|N|11|CJ
2|25|76|68|33|65|2S|S|10|C9
2|25|8|61|56|45|4CX|S|10|C3
2|26|11|31|12|17|2S|E|7|HQ
2|26|21|15|72|75|1N|N|9|S7
2|26|22|20|19|70|3N|S|7|DT
2|26|24|23|80|79|2N|N|8|D5
2|26|3|51|30|35|2N|N|8|S6
2|26|34|43|42|32|3C|N|11|D5
2|26|36|54|57|14|2S|E|8|HQ
2|26|39|1|9|38|2S|E|7|D2
2|26|44|77|16|71|3N|N|6|H3
2|26|52|6|58|5|2DX|W|9|C6
2|26|59|46|60|48|2S|E|7|H6
2|26|66|40|67|26|2S|E|7|D2
2|26|76|68|33|65|2S|E|7|HQ
2|26|8|61|56|45|3N|N|8|H3
2|27|11|31|12|17|3N|N|6|S7
2|27|21|15|72|75|3N|N|12|S5
2|27|22|20|19|70|5C|N|11|H2
2|27|24|23|80|79|4H|S|8|SK
2|27|3|51|30|35|3N|N|12|DA
2|27|34|43|42|32|4H|S|8|SK
2|27|36|54|57|14|3N|N|11|CQ
2|27|39|1|9|38|3N|N|12|S5
2|27|44|77|16|71|4H|S|6|SK
2|27|52|6|58|5|3N|N|11|S6
2|27|59|46|60|48|4H|S|7|D3
2|27|66|40|67|26|5C|N|11|S5
2|27|76|68|33|65|3N|N|11|S5
2|27|8|61|56|45|4H|S|8|S3
2|28|11|31|12|17|4H|W|12|S8
2|28|21|15|72|75|4H|W|11|S8
2|28|22|20|19|70|4H|W|12|S3
2|28|24|23|80|79|4H|W|11|S9
2|28|3|51|30|35|4H|W|11|S3
2|28|34|43|42|32|6H|W|11|S9
2|28|36|54|57|14|4H|W|11|S8
2|28|39|1|9|38|6H|W|11|S8
2|28|44|77|16|71|4H|W|12|S3
2|28|52|6|58|5|6H|W|12|S9
2|28|59|46|60|48|6H|W|11|S3
2|28|66|40|67|26|4H|W|11|S4
2|28|76|68|33|65|4H|W|12|C8
2|28|8|61|56|45|4H|W|12|S5
2|29|11|31|12|17|3C|E|9|H6
2|29|21|15|72|75|3CX|E|8|H6
2|29|22|20|19|70|3C|E|9|DA
2|29|24|23|80|79|3C|E|8|H2
2|29|3|51|30|35|4H|S|10|C6
2|29|34|43|42|32|3N|N|9|CA
2|29|36|54|57|14|2H|S|9|C5
2|29|39|1|9|38|4HX|S|10|C3
2|29|44|77|16|71|4H|S|10|C2
2|29|52|6|58|5|4HX|N|10|CA
2|29|59|46|60|48|3H|S|10|C3
2|29|66|40|67|26|3N|N|9|CA
2|29|76|68|33|65|2D|N|10|CA
2|29|8|61|56|45|4HX|N|10|CA
2|30|11|31|12|17|3D|S|10|SA
2|30|21|15|72|75|3SX|E|8|DK
2|30|22|20|19|70|3D|S|10|H9
2|30|24|23|80|79|5D|S|10|SA
2|30|3|51|30|35|3N|N|8|S2
2|30|34|43|42|32|4SX|E|6|DA
2|30|36|54|57|14|3N|N|7|C2
2|30|39|1|9|38|3D|S|10|SA
2|30|44|77|16|71|3N|N|8|S6
2|30|52|6|58|5|3D|S|10|D3
2|30|59|46|60|48|5DX|S|10|SA
2|30|66|40|67|26|3D|S|9|SA
2|30|76|68|33|65|3S|E|6|DA
2|30|8|61|56|45|3N|N|8|S2
2|31|11|31|12|17|1HX|N|5|CJ
2|31|21|15|72|75|1H|N|6|CJ
2|31|22|20|19|70|1HX|N|5|CJ
2|31|24|23|80|79|2SX|S|4|HA
2|31|3|51|30|35|3N|E|7|H7
2|31|34|43|42|32|1N|E|8|H7
2|31|36|54|57|14|1HX|N|6|CJ
2|31|39|1|9|38|2H|N|5|CJ
2|31|44|77|16|71|1N|W|9|SK
2|31|52|6|58|5|1N|E|8|H7
2|31|59|46|60|48|1N|E|7|H7
2|31|66|40|67|26|1HX|N|5|CJ
2|31|76|68|33|65|2C|W|6|SA
2|31|8|61|56|45|2H|E|8|S8
2|32|11|31|12|17|4H|W|10|CQ
2|32|21|15|72|75|5C|N|11|D3
2|32|22|20|19|70|4H|W|10|CQ
2|32|24|23|80|79|4H|W|10|D2
2|32|3|51|30|35|5CX|N|11|D3
2|32|34|43|42|32|4H|W|10|D4
2|32|36|54|57|14|5CX|N|11|D3
2|32|39|1|9|38|4H|W|10|D4
2|32|44|77|16|71|5HX|W|10|D2
2|32|52|6|58|5|5DX|S|11|HK
2|32|59|46|60|48|5H|W|10|CK
2|32|66|40|67|26|5DX|S|11|HA
2|32|76|68|33|65|4H|W|10|CQ
2|32|8|61|56|45|4HX|W|10|D3
3|1|1|12|38|11|1N|N|8|H6
3|1|13|43|50|32|1N|N|9|H2
3|1|20|49|70|18|1N|S|8|ST
3|1|29|56|69|8|1N|S|8|ST
3|1|3|64|30|63|1N|N|8|C6
3|1|34|79|42|23|1N|N|9|H6
3|1|37|77|47|71|3C|S|8|ST
3|1|41|73|7|4|1N|N|9|H6
3|1|52|9|58|39|1N|N|8|H7
3|1|54|28|14|10|1N|N|10|H7
3|1|66|55|67|82|1N|N|8|H6
3|1|75|81|15|74|2H|E|9|DJ
3|1|76|25|33|62|1N|N|10|H6
3|1|83|59|27|60|2H|E|9|DJ
3|10|1|12|38|11|2H|E|9|D8
3|10|13|43|50|32|3N|E|8|C6
3|10|20|49|70|18|1N|W|8|H7
3|10|29|56|69|8|2S|E|8|DK
3|10|3|64|30|63|4SX|W|9|S4
3|10|34|79|42|23|2C|E|9|D8
3|10|37|77|47|71|2C|E|8|D8
3|10|41|73|7|4|2S|W|9|DK
3|10|52|9|58|39|2CX|S|5|DA
3|10|54|28|14|10|2D|W|6|CJ
3|10|66|55|67|82|2D|W|8|C2
3|10|75|81|15|74|2D|W|8|S5
3|10|76|25|33|62|4S|W|7|D2
3|10|83|59|27|60|2CX|S|6|H3
3|11|1|12|38|11|3S|S|9|CJ
3|11|13|43|50|32|4S|S|8|H5
3|11|20|49|70|18|3S|S|8|D3
3|11|29|56|69|8|4DX|W|8|HQ
3|11|3|64|30|63|4D|E|8|HQ
3|11|34|79|42|23|4SX|S|8|D6
3|11|37|77|47|71|3D|W|9|DA
3|11|41|73|7|4|3S|S|8|H5
3|11|52|9|58|39|3S|S|8|D6
3|11|54|28|14|10|3S|S|8|CJ
3|11|66|55|67|82|4D|E|8|CA
3|11|75|81|15|74|4D|W|8|S2
3|11|76|25|33|62|4D|W|8|HQ
3|11|83|59|27|60|3S|S|9|H5
3|12|1|12|38|11|2SX|W|5|CK
3|12|13|43|50|32|3N|S|11|S2
3|12|20|49|70|18|3C|S|10|C3
3|12|29|56|69|8|4H|N|11|S8
3|12|3|64|30|63|3N|S|11|S5
3|12|34|79|42|23|4H|S|11|C9
3|12|37|77|47|71|3N|N|11|C4
3|12|41|73|7|4|3N|S|11|H6
3|12|52|9|58|39|4H|S|11|DA
3|12|54|28|14|10|3N|N|12|C6
3|12|66|55|67|82|4H|S|11|S3
3|12|75|81|15|74|4H|S|12|S8
3|12|76|25|33|62|3N|N|11|S8
3|12|83|59|27|60|4H|S|11|S2
3|13|1|12|38|11|2H|E|9|DJ
3|13|13|43|50|32|4H|E|8|DJ
3|13|20|49|70|18|4H|E|8|DJ
3|13|29|56|69|8|4H|E|7|S7
3|13|3|64|30|63|2H|E|8|DJ
3|13|34|79|42|23|4H|E|8|DJ
3|13|37|77|47|71|3H|E|7|S7
3|13|41|73|7|4|4H|E|8|DJ
3|13|52|9|58|39|4H|E|8|DJ
3|13|54|28|14|10|4H|E|8|DJ
3|13|66|55|67|82|4H|E|8|DJ
3|13|75|81|15|74|4H|W|8|D4
3|13|76|25|33|62|3C|W|7|D4
3|13|83|59|27|60|4H|E|7|CA
3|14|1|12|38|11|5H|E|12|DT
3|14|13|43|50|32|4H|E|12|CT
3|14|20|49|70|18|4H|E|13|S4
3|14|29|56|69|8|7H|E|13|DT
3|14|3|64|30|63|6H|E|12|CT
3|14|34|79|42|23|6H|E|12|CT
3|14|37|77|47|71|5DX|S|9|CK
3|14|41|73|7|4|4H|E|12|CT
3|14|52|9|58|39|5H|E|13|S4
3|14|54|28|14|10|4H|E|12|S4
3|14|66|55|67|82|6H|E|13|D8
3|14|75|81|15|74|5H|E|12|DT
3|14|76|25|33|62|4H|E|13|DT
3|14|83|59|27|60|4H|E|12|DT
3|15|1|12|38|11|4H|W|10|SA
3|15|13|43|50|32|4H|W|9|SA
3|15|20|49|70|18|3D|E|10|CQ
3|15|29|56|69|8|4H|W|10|CJ
3|15|3|64|30|63|3H|W|10|SA
3|15|34|79|42|23|3S|S|8|HK
3|15|37|77|47|71|3N|W|5|SA
3|15|41|73|7|4|2D|E|10|SK
3|15|52|9|58|39|4H|W|9|SA
3|15|54|28|14|10|3H|E|9|SA
3|15|66|55|67|82|4H|E|9|SK
3|15|75|81|15|74|4H|W|10|SA
3|15|76|25|33|62|3N|W|5|SA
3|15|83|59|27|60|4H|W|9|SA
3|16|1|12|38|11|2D|S|8|SA
3|16|13|43|50|32|2DX|S|8|SA
3|16|20|49|70|18|3S|E|6|DK
3|16|29|56|69|8|3D|S|8|SA
3|16|3|64|30|63|3N|E|8|DK
3|16|34|79|42|23|3H|N|7|CA
3|16|37|77|47|71|2S|E|6|DK
3|16|41|73|7|4|2N|E|8|DK
3|16|52|9|58|39|2S|E|6|DK
3|16|54|28|14|10|2H|N|6|S2
3|16|66|55|67|82|3D|S|8|SA
3|16|75|81|15|74|2S|E|6|DA
3|16|76|25|33|62|3S|E|6|DJ
3|16|83|59|27|60|3S|E|7|DA
3|2|1|12|38|11|4H|N|8|CA
3|2|13|43|50|32|4H|N|8|CK
3|2|20|49|70|18|4H|N|8|CA
3|2|29|56|69|8|3H|N|7|CA
3|2|3|64|30|63|4H|N|8|CA
3|2|34|79|42|23|3N|S|9|C9
3|2|37|77|47|71|3N|N|7|CK
3|2|41|73|7|4|4S|S|6|HJ
3|2|52|9|58|39|3N|S|9|D6
3|2|54|28|14|10|4H|N|8|D3
3|2|66|55|67|82|4H|N|8|CA
3|2|75|81|15|74|3H|N|8|CA
3|2|76|25|33|62|2H|N|8|CK
3|2|83|59|27|60|4H|N|8|CK
3|3|1|12|38|11|3N|W|7|HQ
3|3|13|43|50|32|3C|E|10|S5
3|3|20|49|70|18|5C|W|10|HQ
3|3|29|56|69|8|3N|W|7|HQ
3|3|3|64|30|63|5C|E|10|HA
3|3|34|79|42|23|5C|W|10|HQ
3|3|37|77|47|71|3N|W|7|HJ
3|3|41|73|7|4|3N|W|7|HQ
3|3|52|9|58|39|3N|W|7|HQ
3|3|54|28|14|10|5C|E|10|S4
3|3|66|55|67|82|4H|N|7|S3
3|3|75|81|15|74|3C|E|10|H3
3|3|76|25|33|62|3H|N|7|S3
3|3|83|59|27|60|5CX|E|10|S4
3|4|1|12|38|11|3D|N|10|DA
3|4|13|43|50|32|3D|N|11|S5
3|4|20|49|70|18|3D|N|10|DA
3|4|29|56|69|8|3D|N|11|S3
3|4|3|64|30|63|4H|N|10|CA
3|4|34|79|42|23|4H|N|9|S6
3|4|37|77|47|71|3D|N|9|S6
3|4|41|73|7|4|5D|N|9|S6
3|4|52|9|58|39|3S|E|8|H9
3|4|54|28|14|10|4D|N|12|DA
3|4|66|55|67|82|3H|N|8|S5
3|4|75|81|15|74|3H|N|9|S6
3|4|76|25|33|62|4H|N|10|S6
3|4|83|59|27|60|3D|N|12|S5
3|5|1|12|38|11|1N|N|8|C8
3|5|13|43|50|32|2N|N|8|C4
3|5|20|49|70|18|1N|N|7|C8
3|5|29|56|69|8|1N|N|9|C2
3|5|3|64|30|63|3N|N|8|C6
3|5|34|79|42|23|1N|N|8|C8
3|5|37|77|47|71|1N|N|8|C8
3|5|41|73|7|4|1N|N|8|C6
3|5|52|9|58|39|1N|N|8|C6
3|5|54|28|14|10|1N|N|11|C6
3|5|66|55|67|82|1N|N|9|C6
3|5|75|81|15|74|1N|N|7|C6
3|5|76|25|33|62|1N|N|9|C6
3|5|83|59|27|60|1N|N|8|CT
3|6|1|12|38|11|4S|N|9|CA
3|6|13|43|50|32|3H|W|10|DA
3|6|20|49|70|18|4D|N|11|CA
3|6|29|56|69|8|4H|E|10|DT
3|6|3|64|30|63|4H|E|10|DA
3|6|34|79|42|23|5H|W|10|DA
3|6|37|77|47|71|4SX|N|10|CA
3|6|41|73|7|4|4H|E|10|DJ
3|6|52|9|58|39|4H|W|10|DK
3|6|54|28|14|10|6SX|N|9|CA
3|6|66|55|67|82|5H|W|8|DA
3|6|75|81|15|74|3H|W|9|DA
3|6|76|25|33|62|4H|W|10|DK
3|6|83|59|27|60|4H|W|10|DA
3|7|1|12|38|11|2H|W|7|DK
3|7|13|43|50|32|1S|S|6|SA
3|7|20|49|70|18|1H|W|7|DA
3|7|29|56|69|8|1H|E|6|DK
3|7|3|64|30|63|2H|W|6|DA
3|7|34|79|42|23|2H|W|8|DA
3|7|37|77|47|71|2H|W|6|DK
3|7|41|73|7|4|1S|S|4|HK
3|7|52|9|58|39|1H|W|8|DK
3|7|54|28|14|10|1H|W|8|DA
3|7|66|55|67|82|2H|W|8|DA
3|7|75|81|15|74|1S|S|5|HA
3|7|76|25|33|62|2C|E|8|D6
3|7|83|59|27|60|1H|W|6|DA
3|8|1|12|38|11|3S|E|8|HK
3|8|13|43|50|32|5SX|W|9|HK
3|8|20|49|70|18|3C|N|10|CJ
3|8|29|56|69|8|5DX|N|8|D3
3|8|3|64|30|63|3S|W|8|C7
3|8|34|79|42|23|3N|N|6|S4
3|8|37|77|47|71|3S|W|9|HK
3|8|41|73|7|4|5C|S|10|SA
3|8|52|9|58|39|5C|N|10|S4
3|8|54|28|14|10|3S|W|8|HK
3|8|66|55|67|82|4C|S|10|SA
3|8|75|81|15|74|5C|S|10|SA
3|8|76|25|33|62|4S|W|8|HK
3|8|83|59|27|60|3N|N|6|S4
3|9|1|12|38|11|3D|N|11|S3
3|9|13|43|50|32|1N|S|10|C5
3|9|20|49|70|18|3N|N|8|S3
3|9|29|56|69|8|1N|N|10|S3
3|9|3|64|30|63|3D|N|11|C4
3|9|34|79|42|23|3N|N|8|S3
3|9|37|77|47|71|1N|S|10|C6
3|9|41|73|7|4|3D|N|11|S3
3|9|52|9|58|39|1N|N|8|S3
3|9|54|28|14|10|3D|N|11|C4
3|9|66|55|67|82|1N|S|8|SA
3|9|75|81|15|74|1N|S|8|SA
3|9|76|25|33|62|4D|N|11|S2
3|9|83|59|27|60|1N|S|10|C6
4|17|1|25|59|62|1N|W|7|CA
4|17|11|43|12|32|4S|E|10|C7
4|17|17|51|31|35|3S|W|10|CA
4|17|20|38|70|2|4S|E|10|C7
4|17|22|6|19|5|3C|S|7|S6
4|17|24|40|80|26|4S|W|9|CA
4|17|34|66|42|67|4S|E|9|C7
4|17|36|9|57|39|1N|E|7|CK
4|17|4|56|73|8|3S|E|10|C7
4|17|41|79|7|23|3C|N|6|SJ
4|17|44|61|16|45|1N|W|7|CA
4|17|65|78|68|53|4S|W|10|CA
4|17|76|81|33|74|1N|W|6|CK
4|17|82|15|55|75|1N|W|7|CK
4|18|1|25|59|62|1N|E|7|H5
4|18|11|43|12|32|2N|E|7|C5
4|18|17|51|31|35|2D|S|6|H7
4|18|20|38|70|2|1N|E|5|D7
4|18|22|6|19|5|3C|E|8|D8
4|18|24|40|80|26|5CX|W|9|HA
4|18|34|66|42|67|2N|E|7|H9
4|18|36|9|57|39|1N|E|7|D5
4|18|4|56|73|8|1N|E|7|HT
4|18|41|79|7|23|1N|E|6|H9
4|18|44|61|16|45|1NX|E|7|HT
4|18|65|78|68|53|1N|E|7|H5
4|18|76|81|33|74|3C|E|8|D7
4|18|82|15|55|75|3D|E|8|C5
4|19|1|25|59|62|4H|W|11|CK
4|19|11|43|12|32|4H|W|11|CK
4|19|17|51|31|35|4H|W|10|CK
4|19|20|38|70|2|5C|S|10|HA
4|19|22|6|19|5|4C|N|10|DQ
4|19|24|40|80|26|3C|N|10|DQ
4|19|34|66|42|67|3H|W|11|CA
4|19|36|9|57|39|4C|S|10|HA
4|19|4|56|73|8|5CX|N|10|HQ
4|19|41|79|7|23|5H|W|11|CA
4|19|44|61|16|45|5C|N|10|HQ
4|19|65|78|68|53|5CX|N|10|HQ
4|19|76|81|33|74|5C|N|10|HQ
4|19|82|15|55|75|5C|N|10|HQ
4|20|1|25|59|62|4H|W|11|SK
4|20|11|43|12|32|4H|E|11|DQ
4|20|17|51|31|35|4H|W|11|SQ
4|20|20|38|70|2|4H|W|11|SK
4|20|22|6|19|5|4H|W|11|SK
4|20|24|40|80|26|4H|E|11|DQ
4|20|34|66|42|67|4H|E|11|C7
4|20|36|9|57|39|4H|E|11|SK
4|20|4|56|73|8|4H|W|11|SK
4|20|41|79|7|23|4H|E|11|DQ
4|20|44|61|16|45|4H|W|11|SK
4|20|65|78|68|53|4H|W|11|SK
4|20|76|81|33|74|4H|W|11|SK
4|20|82|15|55|75|4H|W|11|SK
4|21|1|25|59|62|3S|E|8|H9
4|21|11|43|12|32|3S|E|9|HT
4|21|17|51|31|35|4S|E|8|S2
4|21|20|38|70|2|3S|E|8|HT
4|21|22|6|19|5|4S|E|9|S3
4|21|24|40|80|26|3S|E|8|HT
4|21|34|66|42|67|4S|E|10|HT
4|21|36|9|57|39|3S|E|8|HT
4|21|4|56|73|8|3S|E|8|HT
4|21|41|79|7|23|3S|E|9|H9
4|21|44|61|16|45|4S|E|10|S3
4|21|65|78|68|53|4S|E|9|H8
4|21|76|81|33|74|3S|E|9|HT
4|21|82|15|55|75|4S|E|7|HT
4|22|1|25|59|62|2H|W|7|DA
4|22|17|51|31|35|1N|N|7|S4
4|22|20|38|70|2|2H|W|7|DK
4|22|22|6|19|5|2H|W|8|H3
4|22|24|40|80|26|1NX|N|6|S4
4|22|34|66|42|67|1N|N|7|S4
4|22|36|9|57|39|1N|N|8|S4
4|22|4|56|73|8|2H|W|8|DK
4|22|41|79|7|23|2H|W|7|DA
4|22|44|61|16|45|2HX|W|7|DA
4|22|65|78|68|53|3D|N|6|HA
4|22|76|81|33|74|2H|W|8|DK
4|22|82|15|55|75|2N|N|7|D7
4|23|1|25|59|62|4H|W|10|C2
4|23|11|43|12|32|4H|W|10|C4
4|23|17|51|31|35|4H|W|10|C2
4|23|20|38|70|2|4H|W|9|S6
4|23|22|6|19|5|4H|W|11|C6
4|23|24|40|80|26|4H|W|10|S7
4|23|34|66|42|67|4H|W|10|C4
4|23|36|9|57|39|4H|W|10|C4
4|23|4|56|73|8|4H|W|10|C4
4|23|41|79|7|23|3N|E|10|C6
4|23|44|61|16|45|4H|W|10|C2
4|23|65|78|68|53|4H|W|10|C4
4|23|76|81|33|74|4H|W|10|S6
4|23|82|15|55|75|4H|W|10|C2
4|24|1|25|59|62|2D|E|11|H4
4|24|11|43|12|32|4D|E|10|CJ
4|24|17|51|31|35|3N|W|8|C6
4|24|20|38|70|2|3D|E|10|S8
4|24|22|6|19|5|3N|W|9|C6
4|24|24|40|80|26|2D|E|10|S8
4|24|34|66|42|67|2D|E|10|H7
4|24|36|9|57|39|2D|E|10|H7
4|24|4|56|73|8|3N|E|8|CT
4|24|41|79|7|23|4C|N|9|DK
4|24|44|61|16|45|3D|E|10|C2
4|24|65|78|68|53|2D|E|10|H7
4|24|76|81|33|74|2D|E|10|H7
4|24|82|15|55|75|3D|E|10|S8
4|25|1|25|59|62|4H|S|11|S8
4|25|11|43|12|32|6H|S|11|S7
4|25|17|51|31|35|4H|S|12|C3
4|25|20|38|70|2|4H|S|11|S7
4|25|22|6|19|5|6H|S|10|C2
4|25|24|40|80|26|6H|S|11|C3
4|25|34|66|42|67|4H|S|11|S7
4|25|36|9|57|39|5H|S|11|S8
4|25|4|56|73|8|4H|S|11|S7
4|25|41|79|7|23|6H|S|11|S8
4|25|44|61|16|45|4H|S|11|C3
4|25|65|78|68|53|5H|S|11|S8
4|25|76|81|33|74|4H|S|12|C3
4|25|82|15|55|75|6H|S|11|H2
4|26|1|25|59|62|1N|S|6|C2
4|26|11|43|12|32|2D|N|11|CK
4|26|17|51|31|35|2D|N|11|CA
4|26|20|38|70|2|3N|N|10|HJ
4|26|22|6|19|5|2D|N|10|HJ
4|26|24|40|80|26|2D|N|11|CA
4|26|34|66|42|67|2D|N|10|CA
4|26|36|9|57|39|2D|N|10|CA
4|26|4|56|73|8|2D|N|10|CA
4|26|41|79|7|23|5D|N|9|CA
4|26|44|61|16|45|3N|S|9|D3
4|26|65|78|68|53|1S|N|10|HJ
4|26|76|81|33|74|2D|N|11|CA
4|26|82|15|55|75|3N|S|9|H2
4|27|1|25|59|62|4H|E|8|CQ
4|27|11|43|12|32|3S|W|6|C3
4|27|17|51|31|35|1S|W|6|C8
4|27|20|38|70|2|2D|S|8|CA
4|27|22|6|19|5|3H|E|7|C5
4|27|24|40|80|26|3C|S|10|CA
4|27|34|66|42|67|2N|N|9|SJ
4|27|36|9|57|39|4C|N|10|D4
4|27|4|56|73|8|3S|W|5|C4
4|27|41|79|7|23|1S|W|4|H6
4|27|44|61|16|45|3C|S|10|SA
4|27|65|78|68|53|2N|S|9|HQ
4|27|76|81|33|74|3C|S|10|SA
4|27|82|15|55|75|2S|W|5|H6
4|28|1|25|59|62|3S|W|9|HA
4|28|11|43|12|32|2S|E|9|D2
4|28|17|51|31|35|3H|S|7|D7
4|28|20|38|70|2|1S|W|8|SJ
4|28|22|6|19|5|2S|W|9|C4
4|28|24|40|80|26|1S|E|9|C4
4|28|34|66|42|67|2N|W|7|C2
4|28|36|9|57|39|2N|E|9|C2
4|28|4|56|73|8|2S|W|9|SJ
4|28|41|79|7|23|3S|W|9|HA
4|28|44|61|16|45|3S|E|9|H3
4|28|65|78|68|53|3D|E|8|H5
4|28|76|81|33|74|4S|W|9|SJ
4|28|82|15|55|75|2D|E|8|S2
4|29|1|25|59|62|2S|E|9|D7
4|29|11|43|12|32|3D|N|10|SK
4|29|17|51|31|35|2S|E|8|D7
4|29|20|38|70|2|2S|E|8|D6
4|29|22|6|19|5|2S|E|9|D6
4|29|24|40|80|26|2S|E|8|D7
4|29|34|66|42|67|2S|E|8|D6
4|29|36|9|57|39|2S|E|8|D6
4|29|4|56|73|8|2S|E|9|D6
4|29|41|79|7|23|2S|E|9|D7
4|29|44|61|16|45|2S|E|8|D7
4|29|65|78|68|53|4D|N|9|SA
4|29|76|81|33|74|2S|W|8|S2
4|29|82|15|55|75|3D|S|10|SJ
4|30|1|25|59|62|6D|S|11|HJ
4|30|11|43|12|32|3N|S|10|HJ
4|30|17|51|31|35|3N|N|11|S4
4|30|20|38|70|2|6D|N|10|DT
4|30|22|6|19|5|3N|S|9|HJ
4|30|24|40|80|26|3N|S|9|CT
4|30|34|66|42|67|6D|S|10|HJ
4|30|36|9|57|39|5D|N|10|HJ
4|30|4|56|73|8|3N|N|11|S4
4|30|41|79|7|23|5D|N|11|HK
4|30|44|61|16|45|5D|S|10|HJ
4|30|65|78|68|53|5N|N|9|S4
4|30|76|81|33|74|3N|N|11|S4
4|30|82|15|55|75|3N|N|10|S2
4|31|1|25|59|62|1N|N|6|S3
4|31|11|43|12|32|1N|N|7|S3
4|31|17|51|31|35|1N|W|6|H3
4|31|20|38|70|2|3D|W|6|D3
4|31|22|6|19|5|2D|E|8|H5
4|31|24|40|80|26|2C|W|7|SQ
4|31|34|66|42|67|1H|S|7|DQ
4|31|36|9|57|39|1N|N|8|S3
4|31|4|56|73|8|1N|W|6|H7
4|31|41|79|7|23|2H|S|7|SK
4|31|44|61|16|45|1CX|N|6|HQ
4|31|65|78|68|53|1N|W|6|H7
4|31|76|81|33|74|1H|S|6|SK
4|31|82|15|55|75|1HX|S|7|DQ
4|32|1|25|59|62|3H|N|8|SQ
4|32|11|43|12|32|1N|N|7|D2
4|32|17|51|31|35|1N|N|7|D3
4|32|20|38|70|2|4S|W|9|HK
4|32|22|6|19|5|4S|W|9|HA
4|32|24|40|80|26|1N|N|7|D3
4|32|34|66|42|67|1N|W|7|H3
4|32|36|9|57|39|3S|E|9|HK
4|32|4|56|73|8|1N|N|7|D3
4|32|41|79|7|23|3H|N|8|CA
4|32|44|61|16|45|4H|N|9|CA
4|32|65|78|68|53|2S|E|9|H3
4|32|76|81|33|74|2S|E|10|C2
4|32|82|15|55|75|3H|N|9|CA
5|1|1|77|38|71|4S|E|10|DK
5|1|17|21|31|72|4S|E|10|DQ
5|1|18|37|49|47|4S|E|10|DK
5|1|34|59|42|60|4S|E|10|DK
5|1|35|81|51|74|3N|E|10|DK
5|1|36|40|57|26|3N|E|9|DK
5|1|41|12|7|11|4S|W|10|CK
5|1|44|3|16|30|4S|E|10|DK
5|1|5|43|6|32|4S|E|10|DK
5|1|54|52|14|58|4S|E|10|DK
5|1|62|56|25|8|3N|E|10|DQ
5|1|66|10|67|28|4S|E|10|DK
5|1|75|63|15|64|4S|E|10|DK
5|1|83|46|27|48|3N|E|10|DK
5|10|1|77|38|71|3N|W|9|D3
5|10|17|21|31|72|3N|W|10|D3
5|10|18|37|49|47|3N|W|11|D3
5|10|34|59|42|60|3N|W|11|D3
5|10|35|81|51|74|3N|W|9|D5
5|10|36|40|57|26|3N|W|11|D3
5|10|41|12|7|11|3N|W|10|S6
5|10|44|3|16|30|3N|W|9|D2
5|10|5|43|6|32|3N|W|9|D3
5|10|54|52|14|58|3N|W|9|D3
5|10|62|56|25|8|3N|W|10|D2
5|10|66|10|67|28|3N|W|9|D3
5|10|75|63|15|64|3N|W|10|D3
5|10|83|46|27|48|3N|W|9|D3
5|11|1|77|38|71|3N|E|10|H5
5|11|17|21|31|72|4S|E|11|D7
5|11|18|37|49|47|4S|W|10|DK
5|11|34|59|42|60|3N|W|10|D3
5|11|35|81|51|74|4S|E|10|C9
5|11|36|40|57|26|3N|W|9|HT
5|11|41|12|7|11|4S|W|10|DK
5|11|44|3|16|30|4S|W|11|HJ
5|11|5|43|6|32|4S|W|10|DK
5|11|54|52|14|58|3N|W|9|DK
5|11|62|56|25|8|4S|E|10|CT
5|11|66|10|67|28|6C|E|9|D2
5|11|75|63|15|64|4S|W|12|DK
5|11|83|46|27|48|4S|E|10|C9
5|12|1|77|38|71|4D|E|10|HQ
5|12|17|21|31|72|3N|E|11|H4
5|12|18|37|49|47|3N|E|11|H4
5|12|34|59|42|60|3N|E|11|H5
5|12|35|81|51|74|3N|E|11|SA
5|12|36|40|57|26|3N|E|11|H3
5|12|41|12|7|11|3N|E|13|H4
5|12|44|3|16|30|3N|E|10|H2
5|12|5|43|6|32|3N|E|11|C2
5|12|54|52|14|58|3N|E|11|H4
5|12|62|56|25|8|3N|E|13|H2
5|12|66|10|67|28|3N|E|11|H4
5|12|75|63|15|64|3N|E|12|HA
5|12|83|46|27|48|3N|E|11|H4
5|13|1|77|38|71|2S|S|9|DQ
5|13|17|21|31|72|2S|S|8|DQ
5|13|18|37|49|47|1N|N|8|D5
5|13|34|59|42|60|3S|N|8|D2
5|13|35|81|51|74|1N|N|8|H2
5|13|36|40|57|26|2S|S|8|DQ
5|13|41|12|7|11|2S|S|9|DQ
5|13|44|3|16|30|1N|N|7|H3
5|13|5|43|6|32|4S|N|9|D2
5|13|54|52|14|58|2S|S|9|DQ
5|13|62|56|25|8|4S|S|9|DQ
5|13|66|10|67|28|2S|S|9|D4
5|13|75|63|15|64|2S|S|10|D7
5|13|83|46|27|48|2S|S|9|DJ
5|14|1|77|38|71|4H|S|9|S5
5|14|17|21|31|72|3N|S|9|H6
5|14|18|37|49|47|4H|S|9|ST
5|14|34|59|42|60|3N|N|9|C2
5|14|35|81|51|74|3N|S|9|S3
5|14|36|40|57|26|3N|S|9|S2
5|14|41|12|7|11|3N|S|9|SJ
5|14|44|3|16|30|4H|S|9|SJ
5|14|5|43|6|32|3N|N|9|C2
5|14|54|52|14|58|4H|S|9|SJ
5|14|62|56|25|8|3N|S|9|S2
5|14|66|10|67|28|2H|S|9|H4
5|14|75|63|15|64|4H|S|9|S3
5|14|83|46|27|48|3N|S|9|SJ
5|15|1|77|38|71|4H|W|10|CA
5|15|17|21|31|72|4S|W|11|CA
5|15|18|37|49|47|4S|E|11|DQ
5|15|34|59|42|60|4S|W|11|CA
5|15|35|81|51|74|5S|W|11|CK
5|15|36|40|57|26|4S|W|11|CK
5|15|41|12|7|11|4S|W|11|CA
5|15|44|3|16|30|4S|W|11|CA
5|15|5|43|6|32|4S|W|11|CA
5|15|54|52|14|58|4S|E|11|C2
5|15|62|56|25|8|4S|W|11|CK
5|15|66|10|67|28|3S|W|9|CA
5|15|75|63|15|64|4H|W|11|CA
5|15|83|46|27|48|4S|W|11|CA
5|16|1|77|38|71|1N|W|7|CK
5|16|17|21|31|72|2H|W|9|CA
5|16|18|37|49|47|3D|E|8|C9
5|16|34|59|42|60|3H|W|9|CA
5|16|35|81|51|74|1N|W|7|CK
5|16|36|40|57|26|1N|E|7|CA
5|16|41|12|7|11|1N|W|7|CA
5|16|44|3|16|30|4H|W|8|CA
5|16|5|43|6|32|3H|W|9|CK
5|16|54|52|14|58|4C|N|8|HA
5|16|62|56|25|8|1N|W|7|CA
5|16|66|10|67|28|3H|W|8|CA
5|16|75|63|15|64|3CX|N|10|S7
5|16|83|46|27|48|3C|N|8|S7
5|2|1|77|38|71|3N|S|9|S3
5|2|17|21|31|72|3C|S|8|DA
5|2|18|37|49|47|3N|S|7|S3
5|2|34|59|42|60|1N|N|8|DK
5|2|35|81|51|74|2N|S|7|H2
5|2|36|40|57|26|1N|N|8|DQ
5|2|41|12|7|11|3C|S|8|DA
5|2|44|3|16|30|3C|S|8|DA
5|2|5|43|6|32|3D|E|9|C6
5|2|54|52|14|58|3H|E|9|CT
5|2|62|56|25|8|2N|N|8|DQ
5|2|66|10|67|28|3N|S|7|H2
5|2|75|63|15|64|1N|N|8|HQ
5|2|83|46|27|48|3C|S|9|DA
5|3|1|77|38|71|4H|N|7|SA
5|3|17|21|31|72|3S|W|8|CT
5|3|18|37|49|47|3S|W|8|CT
5|3|34|59|42|60|3C|S|9|D8
5|3|35|81|51|74|2S|W|9|CT
5|3|36|40|57|26|4C|S|9|S7
5|3|41|12|7|11|5C|S|8|S7
5|3|44|3|16|30|2H|N|7|D2
5|3|5|43|6|32|2H|S|8|D8
5|3|54|52|14|58|5CX|S|8|S7
5|3|62|56|25|8|2S|W|8|CT
5|3|66|10|67|28|3S|E|8|D4
5|3|75|63|15|64|4C|S|9|S7
5|3|83|46|27|48|3S|W|8|CT
5|4|1|77|38|71|4S|N|11|DA
5|4|17|21|31|72|4S|N|11|DK
5|4|18|37|49|47|4S|N|11|DK
5|4|34|59|42|60|4S|N|11|DK
5|4|35|81|51|74|4S|N|10|DA
5|4|36|40|57|26|4S|N|11|DA
5|4|41|12|7|11|4C|S|10|H7
5|4|44|3|16|30|4S|N|11|DA
5|4|5|43|6|32|4S|N|10|DK
5|4|54|52|14|58|4S|N|11|DK
5|4|62|56|25|8|4S|N|10|DA
5|4|66|10|67|28|4S|N|11|DA
5|4|75|63|15|64|4S|N|11|DK
5|4|83|46|27|48|4S|S|10|D3
5|5|1|77|38|71|4H|S|10|C2
5|5|17|21|31|72|4H|S|10|D2
5|5|18|37|49|47|4H|S|11|D4
5|5|34|59|42|60|4H|S|10|S5
5|5|35|81|51|74|3N|N|10|S3
5|5|36|40|57|26|4H|S|10|D2
5|5|41|12|7|11|4H|S|10|D4
5|5|44|3|16|30|4H|S|11|D7
5|5|5|43|6|32|4H|S|11|S5
5|5|54|52|14|58|4H|S|10|D4
5|5|62|56|25|8|4H|S|10|D7
5|5|66|10|67|28|4H|S|11|S5
5|5|75|63|15|64|4H|S|11|C2
5|5|83|46|27|48|4H|S|10|D7
5|6|1|77|38|71|3H|N|7|D5
5|6|17|21|31|72|3H|N|7|H7
5|6|18|37|49|47|3H|N|8|C4
5|6|34|59|42|60|4H|N|9|H5
5|6|35|81|51|74|3H|N|9|D5
5|6|36|40|57|26|4H|N|7|C2
5|6|41|12|7|11|4H|N|7|DT
5|6|44|3|16|30|4C|W|10|HQ
5|6|5|43|6|32|4H|N|8|C2
5|6|54|52|14|58|3H|N|8|C2
5|6|62|56|25|8|4C|E|9|HT
5|6|66|10|67|28|2H|N|8|H7
5|6|75|63|15|64|3H|N|7|D5
5|6|83|46|27|48|4H|N|8|C2
5|7|1|77|38|71|3N|S|9|S9
5|7|17|21|31|72|3N|S|9|DT
5|7|18|37|49|47|3N|S|9|S9
5|7|34|59|42|60|3N|S|9|S4
5|7|35|81|51|74|3N|S|9|ST
5|7|36|40|57|26|3N|S|9|S3
5|7|41|12|7|11|3N|S|9|ST
5|7|44|3|16|30|3N|S|9|S9
5|7|5|43|6|32|3N|S|10|ST
5|7|54|52|14|58|3N|S|10|DT
5|7|62|56|25|8|3N|S|9|S4
5|7|66|10|67|28|3N|S|9|S4
5|7|75|63|15|64|3N|S|9|D6
5|7|83|46|27|48|3N|S|9|S9
5|8|1|77|38|71|4H|N|11|C9
5|8|17|21|31|72|2H|N|11|H3
5|8|18|37|49|47|4H|N|11|C9
5|8|34|59|42|60|6H|S|11|DK
5|8|35|81|51|74|4H|N|10|H2
5|8|36|40|57|26|4H|N|11|H3
5|8|41|12|7|11|4H|N|11|H7
5|8|44|3|16|30|6H|N|11|DA
5|8|5|43|6|32|4H|N|11|C9
5|8|54|52|14|58|4H|N|11|DA
5|8|62|56|25|8|4H|N|11|S2
5|8|66|10|67|28|4H|N|11|H2
5|8|75|63|15|64|4H|N|10|DA
5|8|83|46|27|48|1H|N|11|S2
5|9|1|77|38|71|4S|N|9|D2
5|9|17|21|31|72|4SX|N|7|HK
5|9|18|37|49|47|3N|S|7|C4
5|9|34|59|42|60|2S|N|8|D6
5|9|35|81|51|74|4S|N|8|D2
5|9|36|40|57|26|4S|N|8|D2
5|9|41|12|7|11|5C|N|7|D2
5|9|44|3|16|30|3N|N|9|HK
5|9|5|43|6|32|4S|N|10|HK
5|9|54|52|14|58|4C|N|9|HK
5|9|62|56|25|8|3N|N|5|HK
5|9|66|10|67|28|2S|N|9|D6
5|9|75|63|15|64|3N|S|7|HJ
5|9|83|46|27|48|4S|N|10|HK
6|17|1|17|2|31|3D|E|10|H5
6|17|13|59|50|60|3D|E|10|H5
6|17|18|10|49|28|5DX|W|7|D3
6|17|22|76|19|33|2S|S|8|D5
6|17|24|63|80|64|2D|E|9|S6
6|17|29|46|69|48|2SX|S|6|C9
6|17|3|79|30|23|3C|E|8|DK
6|17|34|52|42|58|4D|W|9|H7
6|17|37|55|47|82|2H|N|8|S5
6|17|39|44|9|16|3C|E|8|CA
6|17|4|78|73|53|4D|E|9|H5
6|17|62|61|25|45|2S|S|5|C8
6|17|65|54|68|14|3SX|S|5|C9
6|17|83|21|27|72|3D|E|9|S7
6|18|1|17|2|31|3N|E|7|C4
6|18|13|59|50|60|3N|E|9|ST
6|18|18|10|49|28|3N|W|6|D5
6|18|22|76|19|33|3N|E|9|C9
6|18|24|63|80|64|3N|W|8|S5
6|18|29|46|69|48|3N|E|9|ST
6|18|3|79|30|23|3N|E|8|C9
6|18|34|52|42|58|3N|E|9|HK
6|18|37|55|47|82|3N|W|8|D9
6|18|39|44|9|16|3N|W|7|D5
6|18|4|78|73|53|3N|W|8|S5
6|18|62|61|25|45|3N|W|8|DT
6|18|65|54|68|14|3N|E|9|C4
6|18|83|21|27|72|3N|E|9|CT
6|19|1|17|2|31|3N|E|8|S5
6|19|13|59|50|60|2D|S|6|D6
6|19|18|10|49|28|3C|N|8|H8
6|19|22|76|19|33|1N|N|8|D7
6|19|24|63|80|64|2N|E|8|S5
6|19|29|46|69|48|3C|S|6|D9
6|19|3|79|30|23|2H|W|6|S2
6|19|34|52|42|58|2D|S|7|CQ
6|19|37|55|47|82|2C|S|6|D9
6|19|39|44|9|16|2C|S|6|D9
6|19|4|78|73|53|1N|N|6|D7
6|19|62|61|25|45|1N|N|6|D2
6|19|65|54|68|14|3N|E|8|C3
6|19|83|21|27|72|2H|W|5|S2
6|20|1|17|2|31|4H|W|11|HT
6|20|13|59|50|60|4H|W|11|C3
6|20|18|10|49|28|6H|W|11|D2
6|20|22|76|19|33|4H|W|11|H7
6|20|24|63|80|64|6H|W|11|HT
6|20|29|46|69|48|4H|W|12|H2
6|20|3|79|30|23|5H|E|11|DT
6|20|34|52|42|58|4H|W|12|D2
6|20|37|55|47|82|4H|W|11|C2
6|20|39|44|9|16|4H|W|11|HT
6|20|4|78|73|53|6H|E|10|SA
6|20|62|61|25|45|5H|E|11|SA
6|20|65|54|68|14|4H|W|11|HT
6|20|83|21|27|72|6H|E|10|C8
6|21|1|17|2|31|3N|S|10|C5
6|21|13|59|50|60|4S|S|9|D5
6|21|18|10|49|28|4S|S|9|S5
6|21|22|76|19|33|4S|S|9|C5
6|21|24|63|80|64|2DX|E|6|CK
6|21|29|46|69|48|3H|S|10|DK
6|21|3|79|30|23|4S|S|8|D7
6|21|34|52|42|58|4S|S|9|H9
6|21|37|55|47|82|3C|W|7|C7
6|21|39|44|9|16|4S|S|9|D5
6|21|4|78|73|53|4S|S|8|D5
6|21|62|61|25|45|3N|S|10|C2
6|21|65|54|68|14|4H|N|10|DA
6|21|83|21|27|72|4S|S|8|D7
6|22|1|17|2|31|4S|W|9|H3
6|22|13|59|50|60|4S|W|10|H3
6|22|18|10|49|28|5S|W|10|H3
6|22|22|76|19|33|2S|W|10|H3
6|22|24|63|80|64|4S|W|11|H3
6|22|29|46|69|48|4S|W|10|HQ
6|22|3|79|30|23|3S|W|10|H3
6|22|34|52|42|58|3S|W|10|H3
6|22|37|55|47|82|4S|W|10|D8
6|22|39|44|9|16|4S|W|10|H3
6|22|4|78|73|53|4S|W|10|C7
6|22|62|61|25|45|4S|W|10|H3
6|22|65|54|68|14|3S|W|9|H3
6|22|83|21|27|72|4S|W|10|D7
6|23|1|17|2|31|3C|W|10|H8
6|23|13|59|50|60|2S|N|9|DK
6|23|18|10|49|28|3S|N|8|DA
6|23|22|76|19|33|2D|W|10|H8
6|23|24|63|80|64|2S|N|9|DA
6|23|29|46|69|48|2S|S|8|D9
6|23|3|79|30|23|2S|N|8|DA
6|23|34|52|42|58|2S|N|9|DK
6|23|37|55|47|82|4C|W|10|H8
6|23|39|44|9|16|2S|N|8|DA
6|23|4|78|73|53|3S|N|9|DK
6|23|62|61|25|45|5D|W|10|H8
6|23|65|54|68|14|3S|N|9|DK
6|23|83|21|27|72|5D|W|10|H4
6|24|1|17|2|31|3DX|S|8|S6
6|24|13|59|50|60|3S|E|8|DA
6|24|18|10|49|28|3S|E|9|HA
6|24|22|76|19|33|4S|E|9|HA
6|24|24|63|80|64|3S|E|10|HA
6|24|29|46|69|48|2S|E|9|HA
6|24|3|79|30|23|5C|N|6|SA
6|24|34|52|42|58|3C|N|6|HQ
6|24|37|55|47|82|2S|E|9|CA
6|24|39|44|9|16|4DX|S|5|S6
6|24|4|78|73|53|3S|E|8|HA
6|24|62|61|25|45|2S|E|8|HA
6|24|65|54|68|14|5H|N|6|SA
6|24|83|21|27|72|4SX|E|9|HA
6|25|1|17|2|31|3N|E|10|D3
6|25|13|59|50|60|3N|W|10|H6
6|25|18|10|49|28|3N|W|9|H7
6|25|22|76|19|33|1N|E|9|D3
6|25|24|63|80|64|3N|E|9|D3
6|25|29|46|69|48|3N|E|10|CT
6|25|3|79|30|23|3N|E|7|S5
6|25|34|52|42|58|3N|E|9|D3
6|25|37|55|47|82|3C|E|9|C3
6|25|39|44|9|16|3N|E|10|D3
6|25|4|78|73|53|3N|W|10|S2
6|25|62|61|25|45|3N|E|9|S2
6|25|65|54|68|14|3N|E|9|D3
6|25|83|21|27|72|3N|E|9|D3
6|26|1|17|2|31|4H|E|11|SJ
6|26|13|59|50|60|4S|S|9|DA
6|26|18|10|49|28|5HX|E|9|D9
6|26|22|76|19|33|3S|S|8|DK
6|26|24|63|80|64|2SX|S|8|DA
6|26|29|46|69|48|4H|E|11|D9
6|26|3|79|30|23|4HX|E|9|D9
6|26|34|52|42|58|4SX|S|9|D2
6|26|37|55|47|82|5H|E|10|S9
6|26|39|44|9|16|3S|S|8|DA
6|26|4|78|73|53|4SX|S|10|DA
6|26|62|61|25|45|4HX|E|10|D9
6|26|65|54|68|14|4H|E|10|D9
6|26|83|21|27|72|5H|E|8|SJ
6|27|1|17|2|31|4S|W|9|S6
6|27|13|59|50|60|4S|E|8|DK
6|27|18|10|49|28|4S|E|8|C9
6|27|22|76|19|33|4S|W|9|DJ
6|27|24|63|80|64|4HX|N|8|SK
6|27|29|46|69|48|3S|E|9|DK
6|27|3|79|30|23|4S|E|9|DK
6|27|34|52|42|58|4S|E|9|DK
6|27|37|55|47|82|4S|E|8|C9
6|27|39|44|9|16|3S|E|8|C9
6|27|4|78|73|53|4S|E|9|DK
6|27|62|61|25|45|4H|N|9|SK
6|27|65|54|68|14|4S|E|8|DK
6|27|83|21|27|72|4S|W|9|HA
6|28|1|17|2|31|3D|W|10|H8
6|28|13|59|50|60|3D|E|10|CA
6|28|18|10|49|28|1N|W|7|S4
6|28|22|76|19|33|3N|W|9|S4
6|28|24|63|80|64|3D|W|10|CA
6|28|29|46|69|48|1N|E|7|DJ
6|28|3|79|30|23|3D|E|10|CA
6|28|34|52|42|58|2D|E|10|S9
6|28|37|55|47|82|3SX|N|9|C6
6|28|39|44|9|16|3N|W|8|S4
6|28|4|78|73|53|3N|W|9|S4
6|28|62|61|25|45|3D|W|10|H8
6|28|65|54|68|14|3D|W|10|S4
6|28|83|21|27|72|3D|E|10|CA
6|29|1|17|2|31|3N|N|9|H2
6|29|13|59|50|60|2N|S|8|C2
6|29|18|10|49|28|3N|S|9|H7
6|29|22|76|19|33|3N|S|10|C8
6|29|24|63|80|64|3N|S|9|C3
6|29|29|46|69|48|3N|N|9|DT
6|29|3|79|30|23|1N|S|9|C8
6|29|34|52|42|58|2S|N|9|H2
6|29|37|55|47|82|2N|S|9|C8
6|29|39|44|9|16|2N|S|8|C2
6|29|4|78|73|53|1N|S|9|C9
6|29|62|61|25|45|3N|N|10|S2
6|29|65|54|68|14|3N|N|9|H2
6|29|83|21|27|72|2N|S|9|C8
6|30|1|17|2|31|4C|E|9|S8
6|30|13|59|50|60|1N|E|6|D3
6|30|18|10|49|28|3N|E|6|S9
6|30|22|76|19|33|1N|E|6|D3
6|30|24|63|80|64|3C|E|9|D2
6|30|29|46|69|48|1N|E|6|D2
6|30|3|79|30|23|3C|E|9|S8
6|30|34|52|42|58|5C|E|9|D3
6|30|37|55|47|82|3N|E|8|S2
6|30|39|44|9|16|1N|E|6|D3
6|30|4|78|73|53|3N|E|7|D3
6|30|62|61|25|45|4C|E|9|D3
6|30|65|54|68|14|2H|W|6|DA
6|30|83|21|27|72|1N|E|5|D3
6|31|1|17|2|31|3N|W|7|C5
6|31|13|59|50|60|3N|W|7|C5
6|31|18|10|49|28|2D|W|9|H6
6|31|22|76|19|33|2D|W|9|H5
6|31|24|63|80|64|3N|W|7|C5
6|31|29|46|69|48|3N|W|7|C2
6|31|3|79|30|23|3N|W|7|C2
6|31|34|52|42|58|3N|W|7|H9
6|31|37|55|47|82|3N|W|7|C7
6|31|39|44|9|16|3N|W|7|C5
6|31|4|78|73|53|3N|W|7|C5
6|31|62|61|25|45|3D|E|10|C2
6|31|65|54|68|14|3D|W|10|S5
6|31|83|21|27|72|1N|W|7|C5
6|32|1|17|2|31|3N|E|10|S9
6|32|13|59|50|60|3N|E|10|DQ
6|32|18|10|49|28|4C|E|9|S9
6|32|22|76|19|33|3N|E|9|S9
6|32|24|63|80|64|3N|W|11|S7
6|32|29|46|69|48|3N|E|11|S3
6|32|3|79|30|23|3N|W|11|S7
6|32|34|52|42|58|3N|W|9|S7
6|32|37|55|47|82|3N|E|9|S9
6|32|39|44|9|16|3N|W|10|S5
6|32|4|78|73|53|3N|W|10|S7
6|32|62|61|25|45|3N|W|9|S7
6|32|65|54|68|14|3N|W|9|S7
6|32|83|21|27|72|3N|W|9|S5
7|1|1|73|2|4|4H|N|9|D7
7|1|13|63|50|64|4H|N|12|D7
7|1|18|42|49|34|4H|S|10|S3
7|1|20|43|70|32|4H|N|11|D5
7|1|24|6|80|5|4H|S|10|S4
7|1|29|21|69|72|4H|S|11|C3
7|1|3|81|30|74|4H|S|11|C4
7|1|35|59|51|60|4H|S|10|S4
7|1|36|12|57|11|4H|S|11|S2
7|1|39|28|9|10|4H|N|11|SA
7|1|53|40|78|26|4H|S|9|H4
7|1|66|56|67|8|4H|N|11|D5
7|1|75|46|15|48|4H|N|10|D7
7|1|83|37|27|47|4H|N|12|C5
7|10|1|73|2|4|3S|S|10|D5
7|10|13|63|50|64|4S|S|10|C5
7|10|18|42|49|34|3N|S|10|C7
7|10|20|43|70|32|3N|N|12|HK
7|10|24|6|80|5|4S|S|10|D4
7|10|29|21|69|72|4S|S|9|C7
7|10|3|81|30|74|4S|S|11|D4
7|10|35|59|51|60|4S|S|9|C4
7|10|36|12|57|11|4S|N|10|C7
7|10|39|28|9|10|3N|N|11|D2
7|10|53|40|78|26|4S|S|8|C7
7|10|66|56|67|8|4S|S|11|D4
7|10|75|46|15|48|3N|N|11|D5
7|10|83|37|27|47|4S|S|10|D4
7|11|1|73|2|4|3N|S|10|ST
7|11|13|63|50|64|3N|N|10|H9
7|11|18|42|49|34|3N|S|10|HQ
7|11|20|43|70|32|3N|S|10|H3
7|11|24|6|80|5|3N|N|9|S4
7|11|29|21|69|72|3N|S|10|SJ
7|11|3|81|30|74|3N|N|10|D4
7|11|35|59|51|60|3N|S|10|SJ
7|11|36|12|57|11|3N|S|10|HQ
7|11|39|28|9|10|3N|N|9|H9
7|11|53|40|78|26|3N|S|10|ST
7|11|66|56|67|8|3N|N|9|C8
7|11|75|46|15|48|3N|N|9|C7
7|11|83|37|27|47|3N|S|10|HJ
7|12|1|73|2|4|4S|S|10|DK
7|12|13|63|50|64|3N|N|10|HT
7|12|18|42|49|34|4S|S|11|DK
7|12|20|43|70|32|4S|N|11|DK
7|12|24|6|80|5|4S|S|10|DK
7|12|29|21|69|72|2S|S|10|DK
7|12|3|81|30|74|3N|N|10|H6
7|12|35|59|51|60|3N|N|11|H5
7|12|36|12|57|11|3HX|W|7|S6
7|12|39|28|9|10|4S|S|10|DK
7|12|53|40|78|26|3N|N|9|H6
7|12|66|56|67|8|1N|N|9|S6
7|12|75|46|15|48|4S|S|10|DQ
7|12|83|37|27|47|4S|S|10|HJ
7|13|1|73|2|4|1S|N|7|H2
7|13|13|63|50|64|2N|W|7|C2
7|13|18|42|49|34|2S|N|7|S4
7|13|20|43|70|32|2S|S|7|H6
7|13|24|6|80|5|1H|E|7|DQ
7|13|29|21|69|72|1N|S|6|S3
7|13|3|81|30|74|2S|N|7|H2
7|13|35|59|51|60|1N|S|7|S3
7|13|36|12|57|11|1S|S|7|H5
7|13|39|28|9|10|2S|N|7|H5
7|13|53|40|78|26|2S|S|8|H3
7|13|66|56|67|8|2S|N|6|D3
7|13|75|46|15|48|3H|E|8|C5
7|13|83|37|27|47|3C|E|8|C5
7|14|1|73|2|4|4H|S|9|S4
7|14|13|63|50|64|4H|S|9|C2
7|14|18|42|49|34|4H|S|9|C2
7|14|20|43|70|32|4H|S|9|S6
7|14|24|6|80|5|3N|N|9|D4
7|14|29|21|69|72|2N|S|9|S5
7|14|3|81|30|74|4H|S|9|C2
7|14|35|59|51|60|4H|S|10|S3
7|14|36|12|57|11|4H|N|9|S3
7|14|39|28|9|10|4H|N|10|S7
7|14|53|40|78|26|4H|N|10|C4
7|14|66|56|67|8|4H|N|9|S7
7|14|75|46|15|48|4H|N|10|S7
7|14|83|37|27|47|4H|N|9|D5
7|15|1|73|2|4|3H|S|9|C6
7|15|13|63|50|64|3H|S|9|C3
7|15|18|42|49|34|3H|S|9|C3
7|15|20|43|70|32|3H|S|9|D9
7|15|24|6|80|5|3N|W|6|H4
7|15|29|21|69|72|3H|S|9|HJ
7|15|3|81|30|74|3N|E|6|H7
7|15|35|59|51|60|3H|S|9|C3
7|15|36|12|57|11|4H|S|8|C9
7|15|39|28|9|10|4C|E|10|DT
7|15|53|40|78|26|4H|S|8|C3
7|15|66|56|67|8|3H|S|9|C3
7|15|75|46|15|48|2H|S|9|C3
7|15|83|37|27|47|4H|S|8|HJ
7|16|1|73|2|4|4HX|N|7|DQ
7|16|13|63|50|64|4HX|N|7|CQ
7|16|18|42|49|34|4SX|W|11|C8
7|16|20|43|70|32|4HX|N|8|DQ
7|16|24|6|80|5|5C|W|12|SQ
7|16|29|21|69|72|4HX|N|7|CQ
7|16|3|81|30|74|6C|W|12|SQ
7|16|35|59|51|60|4S|W|11|HJ
7|16|36|12|57|11|4HX|N|7|CQ
7|16|39|28|9|10|4H|N|8|CQ
7|16|53|40|78|26|4HX|N|8|DQ
7|16|66|56|67|8|4S|W|12|DJ
7|16|75|46|15|48|4S|W|12|HT
7|16|83|37|27|47|4S|W|12|C3
7|2|1|73|2|4|3N|S|11|S7
7|2|13|63|50|64|3N|S|11|DT
7|2|18|42|49|34|5C|S|11|DT
7|2|20|43|70|32|3N|S|11|DT
7|2|24|6|80|5|3N|S|11|S7
7|2|29|21|69|72|3N|S|11|S7
7|2|3|81|30|74|3N|S|11|S7
7|2|35|59|51|60|3N|S|11|S7
7|2|36|12|57|11|3N|S|10|S9
7|2|39|28|9|10|3N|N|10|H3
7|2|53|40|78|26|3N|S|11|D9
7|2|66|56|67|8|3N|S|11|S7
7|2|75|46|15|48|3N|S|11|DT
7|2|83|37|27|47|3N|N|11|SK
7|3|1|73|2|4|2H|W|10|DK
7|3|13|63|50|64|5D|E|10|S2
7|3|18|42|49|34|2S|S|9|DJ
7|3|20|43|70|32|5C|E|11|S2
7|3|24|6|80|5|5C|E|11|S2
7|3|29|21|69|72|3C|E|11|DA
7|3|3|81|30|74|5C|E|11|S2
7|3|35|59|51|60|5H|W|9|S3
7|3|36|12|57|11|4C|E|11|S5
7|3|39|28|9|10|3S|N|8|CA
7|3|53|40|78|26|4H|W|9|S5
7|3|66|56|67|8|5C|E|11|S4
7|3|75|46|15|48|3C|E|11|DA
7|3|83|37|27|47|5C|E|11|S4
7|4|1|73|2|4|4S|W|10|HQ
7|4|13|63|50|64|4S|W|10|HQ
7|4|18|42|49|34|4S|W|10|HQ
7|4|20|43|70|32|4C|E|10|HA
7|4|24|6|80|5|4S|E|10|C9
7|4|29|21|69|72|4S|E|10|HA
7|4|3|81|30|74|5HX|N|9|SA
7|4|35|59|51|60|4S|W|10|HQ
7|4|36|12|57|11|4S|E|10|C9
7|4|39|28|9|10|4S|E|10|HA
7|4|53|40|78|26|4S|W|10|HQ
7|4|66|56|67|8|4S|W|10|HQ
7|4|75|46|15|48|4S|W|10|HQ
7|4|83|37|27|47|4S|W|10|HQ
7|5|1|73|2|4|3N|S|7|S6
7|5|13|63|50|64|2C|S|9|D5
7|5|18|42|49|34|3N|N|9|DQ
7|5|20|43|70|32|3N|N|10|DQ
7|5|24|6|80|5|3N|N|10|DQ
7|5|29|21|69|72|3N|S|7|S3
7|5|3|81|30|74|3S|W|8|HK
7|5|35|59|51|60|3N|S|9|D3
7|5|36|12|57|11|3C|S|9|S6
7|5|39|28|9|10|3N|N|9|DQ
7|5|53|40|78|26|3N|N|10|DQ
7|5|66|56|67|8|3D|N|7|H3
7|5|75|46|15|48|3N|S|7|S2
7|5|83|37|27|47|3N|S|7|S6
7|6|1|73|2|4|2S|E|8|HA
7|6|13|63|50|64|2S|E|7|HA
7|6|18|42|49|34|1N|N|5|ST
7|6|20|43|70|32|2S|E|7|HA
7|6|24|6|80|5|2S|E|8|HA
7|6|29|21|69|72|1NX|N|4|D2
7|6|3|81|30|74|2S|E|8|HA
7|6|35|59|51|60|1N|N|7|SJ
7|6|36|12|57|11|2S|E|7|HK
7|6|39|28|9|10|2S|E|7|HA
7|6|53|40|78|26|2S|E|9|HA
7|6|66|56|67|8|2S|E|8|HA
7|6|75|46|15|48|2S|E|8|HA
7|6|83|37|27|47|2S|E|9|HA
7|7|1|73|2|4|4H|W|11|C7
7|7|13|63|50|64|4H|W|11|C5
7|7|18|42|49|34|4H|W|11|DA
7|7|20|43|70|32|4H|W|11|DA
7|7|24|6|80|5|4H|W|11|DA
7|7|29|21|69|72|4H|W|11|C7
7|7|3|81|30|74|4H|W|10|DA
7|7|35|59|51|60|4H|W|11|C6
7|7|36|12|57|11|5H|E|11|H5
7|7|39|28|9|10|5H|W|11|C6
7|7|53|40|78|26|4H|W|11|DA
7|7|66|56|67|8|4H|W|11|DA
7|7|75|46|15|48|4H|E|11|S8
7|7|83|37|27|47|4H|W|11|C6
7|8|1|73|2|4|6H|W|12|C8
7|8|13|63|50|64|5N|W|11|S8
7|8|18|42|49|34|4H|W|13|S8
7|8|20|43|70|32|3N|W|11|H2
7|8|24|6|80|5|6H|W|12|C5
7|8|29|21|69|72|6H|W|12|H2
7|8|3|81|30|74|6H|W|12|H2
7|8|35|59|51|60|4H|E|12|DT
7|8|36|12|57|11|5H|E|12|DT
7|8|39|28|9|10|4H|W|12|S8
7|8|53|40|78|26|4H|W|12|S8
7|8|66|56|67|8|6H|W|13|S8
7|8|75|46|15|48|4H|W|12|S8
7|8|83|37|27|47|6H|E|13|ST
7|9|1|73|2|4|1H|N|8|DT
7|9|13|63|50|64|3N|N|6|S3
7|9|18|42|49|34|5C|N|9|S3
7|9|20|43|70|32|4H|N|8|DT
7|9|24|6|80|5|4H|N|8|HQ
7|9|29|21|69|72|4SX|E|9|H3
7|9|3|81|30|74|5H|N|9|C2
7|9|35|59|51|60|3S|E|8|H3
7|9|36|12|57|11|5HX|N|9|S3
7|9|39|28|9|10|4H|N|9|C4
7|9|53|40|78|26|4H|N|9|S3
7|9|66|56|67|8|2H|N|8|HQ
7|9|75|46|15|48|5C|S|10|S2
7|9|83|37|27|47|4H|N|8|DT
8|17|1|54|38|14|2H|S|8|SJ
8|17|11|3|12|30|2H|S|9|SJ
8|17|13|42|50|34|2H|S|9|SJ
8|17|20|9|70|39|2H|N|9|DQ
8|17|22|51|19|35|2H|S|8|SJ
8|17|24|59|80|60|2H|S|10|S7
8|17|36|63|57|64|2H|S|9|S3
8|17|44|40|16|26|3D|N|7|DQ
8|17|48|25|41|62|2H|S|8|SJ
8|17|52|28|58|10|2H|N|9|DQ
8|17|53|31|78|17|2H|S|9|S7
8|17|65|79|68|23|1C|N|7|DQ
8|17|76|43|33|32|2S|E|8|H7
8|17|82|61|55|45|2H|S|9|SJ
8|18|1|54|38|14|4SX|E|9|HA
8|18|11|3|12|30|4SX|E|9|DA
8|18|13|42|50|34|3S|W|9|DK
8|18|20|9|70|39|3S|W|9|DK
8|18|22|51|19|35|4SX|E|9|HA
8|18|24|59|80|60|5H|S|10|CA
8|18|36|63|57|64|4H|S|10|CA
8|18|44|40|16|26|4SX|E|9|HA
8|18|52|28|58|10|5D|N|10|S4
8|18|53|31|78|17|4H|S|9|CA
8|18|65|79|68|23|3S|W|9|DK
8|18|76|43|33|32|4SX|E|9|DA
8|18|82|61|55|45|5SX|E|9|HA
8|19|1|54|38|14|3N|N|8|S7
8|19|11|3|12|30|1N|N|10|S7
8|19|13|42|50|34|3N|N|9|HQ
8|19|20|9|70|39|2N|N|8|S7
8|19|22|51|19|35|2N|N|7|HQ
8|19|24|59|80|60|2N|N|10|S9
8|19|36|63|57|64|2N|S|9|H4
8|19|44|40|16|26|3N|N|8|HQ
8|19|48|25|41|62|2H|W|5|DT
8|19|52|28|58|10|3N|S|7|H4
8|19|65|79|68|23|2N|N|8|HQ
8|19|76|43|33|32|1N|N|8|HQ
8|19|82|61|55|45|3N|N|9|S9
8|20|1|54|38|14|1N|N|8|H9
8|20|11|3|12|30|1N|N|8|C4
8|20|13|42|50|34|1N|N|7|H9
8|20|20|9|70|39|1N|N|7|C4
8|20|22|51|19|35|1N|N|7|H8
8|20|24|59|80|60|1N|N|8|H9
8|20|36|63|57|64|1N|N|7|H9
8|20|44|40|16|26|2N|N|8|C4
8|20|48|25|41|62|1N|N|7|H8
8|20|52|28|58|10|2N|S|9|HA
8|20|53|31|78|17|1N|N|7|C4
8|20|65|79|68|23|1N|N|7|H8
8|20|76|43|33|32|1N|N|7|C4
8|20|82|61|55|45|1N|N|7|C4
8|21|1|54|38|14|1N|S|6|ST
8|21|11|3|12|30|1N|S|4|ST
8|21|13|42|50|34|1N|S|7|S6
8|21|20|9|70|39|1N|S|6|ST
8|21|22|51|19|35|1N|S|7|ST
8|21|24|59|80|60|2D|S|6|ST
8|21|36|63|57|64|1N|S|7|ST
8|21|44|40|16|26|2DX|S|7|ST
8|21|48|25|41|62|2D|W|8|C2
8|21|52|28|58|10|1N|S|7|ST
8|21|53|31|78|17|1N|S|7|D6
8|21|65|79|68|23|1N|S|6|ST
8|21|76|43|33|32|1N|S|6|D5
8|21|82|61|55|45|1N|S|7|ST
8|22|1|54|38|14|4S|N|10|HQ
8|22|11|3|12|30|4S|N|9|HQ
8|22|13|42|50|34|4S|N|9|DJ
8|22|20|9|70|39|4S|S|10|DQ
8|22|22|51|19|35|4S|N|9|HQ
8|22|24|59|80|60|4S|N|10|DJ
8|22|36|63|57|64|4S|N|10|HQ
8|22|44|40|16|26|4S|N|10|HQ
8|22|48|25|41|62|4S|N|9|HQ
8|22|52|28|58|10|4S|N|10|S7
8|22|53|31|78|17|4S|N|9|D6
8|22|65|79|68|23|4S|N|9|HQ
8|22|76|43|33|32|4S|N|9|HQ
8|22|82|61|55|45|3N|N|8|C7
8|23|1|54|38|14|4S|S|9|CJ
8|23|11|3|12|30|2S|S|9|D2
8|23|13|42|50|34|4S|S|9|D6
8|23|20|9|70|39|2S|S|10|D6
8|23|22|51|19|35|3S|S|9|D2
8|23|24|59|80|60|2S|S|9|CJ
8|23|36|63|57|64|2S|S|8|D6
8|23|44|40|16|26|2S|S|10|D6
8|23|48|25|41|62|4H|N|9|DK
8|23|52|28|58|10|3S|S|9|D2
8|23|53|31|78|17|3S|S|9|CT
8|23|65|79|68|23|3S|S|12|H8
8|23|76|43|33|32|2S|S|8|D2
8|23|82|61|55|45|3S|S|9|CJ
8|24|1|54|38|14|3N|W|9|HJ
8|24|11|3|12|30|3N|W|9|HJ
8|24|13|42|50|34|3N|W|8|HJ
8|24|20|9|70|39|3N|E|8|S6
8|24|22|51|19|35|3N|E|10|C2
8|24|24|59|80|60|3N|W|9|HJ
8|24|36|63|57|64|3N|W|8|HT
8|24|44|40|16|26|3N|W|8|HJ
8|24|48|25|41|62|3N|E|9|HJ
8|24|52|28|58|10|3N|W|8|HJ
8|24|53|31|78|17|3N|W|9|HJ
8|24|65|79|68|23|3N|W|9|HJ
8|24|76|43|33|32|3N|W|8|HJ
8|24|82|61|55|45|3N|W|10|HJ
8|25|1|54|38|14|4H|W|10|H6
8|25|11|3|12|30|4H|W|11|H6
8|25|13|42|50|34|4H|W|10|HJ
8|25|20|9|70|39|5H|W|9|SJ
8|25|22|51|19|35|5C|E|9|C2
8|25|24|59|80|60|4H|W|10|HJ
8|25|36|63|57|64|4H|W|11|CT
8|25|44|40|16|26|4H|W|11|HJ
8|25|48|25|41|62|4H|W|10|CT
8|25|52|28|58|10|6H|W|9|H6
8|25|53|31|78|17|6H|W|10|DA
8|25|65|79|68|23|6H|W|10|DA
8|25|76|43|33|32|5C|E|12|HK
8|25|82|61|55|45|4H|W|10|HJ
8|26|1|54|38|14|1N|E|9|C6
8|26|11|3|12|30|1N|E|9|C6
8|26|13|42|50|34|2S|S|4|S2
8|26|20|9|70|39|1N|E|8|CJ
8|26|22|51|19|35|1N|E|9|CJ
8|26|24|59|80|60|1N|E|8|CJ
8|26|36|63|57|64|1N|E|8|CT
8|26|44|40|16|26|2N|E|8|CJ
8|26|48|25|41|62|1N|E|8|CJ
8|26|52|28|58|10|1N|E|8|CJ
8|26|53|31|78|17|1N|E|9|CJ
8|26|65|79|68|23|1N|E|9|CJ
8|26|76|43|33|32|1N|E|9|C6
8|26|82|61|55|45|1N|E|9|C6
8|27|1|54|38|14|4H|E|10|CJ
8|27|11|3|12|30|4H|E|10|CJ
8|27|13|42|50|34|4H|E|12|S2
8|27|20|9|70|39|3N|W|11|C2
8|27|22|51|19|35|3N|E|8|S6
8|27|24|59|80|60|4H|E|12|HJ
8|27|36|63|57|64|4H|E|10|CJ
8|27|44|40|16|26|4H|E|12|HJ
8|27|48|25|41|62|4H|E|9|S2
8|27|52|28|58|10|4H|E|10|CJ
8|27|53|31|78|17|4H|E|11|CJ
8|27|65|79|68|23|4H|E|11|C7
8|27|76|43|33|32|4H|E|12|S6
8|27|82|61|55|45|4H|E|10|CJ
8|28|1|54|38|14|6D|S|13|H5
8|28|11|3|12|30|7D|S|13|D3
8|28|13|42|50|34|7D|S|13|D3
8|28|20|9|70|39|7D|N|13|H9
8|28|22|51|19|35|3N|S|13|H5
8|28|24|59|80|60|7D|N|13|H2
8|28|36|63|57|64|7D|S|13|H5
8|28|44|40|16|26|7D|S|13|H5
8|28|48|25|41|62|7D|N|13|H8
8|28|52|28|58|10|6D|N|13|H2
8|28|53|31|78|17|7D|N|13|D3
8|28|65|79|68|23|6N|S|13|ST
8|28|76|43|33|32|7D|N|13|H2
8|28|82|61|55|45|6C|S|13|H7
8|29|1|54|38|14|2S|S|9|D5
8|29|11|3|12|30|2S|S|9|D2
8|29|13|42|50|34|2S|S|9|D6
8|29|20|9|70|39|2S|N|9|H2
8|29|22|51|19|35|2S|S|9|D5
8|29|24|59|80|60|4S|S|9|D2
8|29|36|63|57|64|2S|S|10|D3
8|29|44|40|16|26|2S|S|9|HA
8|29|48|25|41|62|2S|S|10|HA
8|29|52|28|58|10|2S|N|9|C5
8|29|53|31|78|17|2S|S|9|C3
8|29|65|79|68|23|2S|S|7|HA
8|29|76|43|33|32|2S|S|10|HA
8|29|82|61|55|45|2S|S|9|D5
8|30|1|54|38|14|4H|S|10|S3
8|30|11|3|12|30|3N|N|8|SJ
8|30|13|42|50|34|4H|N|8|S3
8|30|20|9|70|39|4H|N|10|SJ
8|30|22|51|19|35|4H|S|10|S3
8|30|24|59|80|60|3N|N|10|H7
8|30|36|63|57|64|3N|N|8|SJ
8|30|44|40|16|26|4N|N|8|SJ
8|30|48|25|41|62|5H|S|9|S6
8|30|52|28|58|10|4H|N|10|C9
8|30|53|31|78|17|3N|N|7|ST
8|30|65|79|68|23|4H|N|9|SJ
8|30|76|43|33|32|4SX|E|8|H4
8|30|82|61|55|45|4SX|E|8|H3
8|31|1|54|38|14|4S|N|10|D3
8|31|11|3|12|30|4S|N|11|CJ
8|31|13|42|50|34|4S|N|10|CJ
8|31|20|9|70|39|4S|N|10|CJ
8|31|22|51|19|35|4S|N|9|D3
8|31|24|59|80|60|4S|N|10|CJ
8|31|36|63|57|64|4S|N|10|CJ
8|31|44|40|16|26|4S|N|9|D3
8|31|48|25|41|62|4S|N|10|CJ
8|31|52|28|58|10|4S|N|10|D2
8|31|53|31|78|17|4S|N|10|D2
8|31|65|79|68|23|4S|N|10|CJ
8|31|76|43|33|32|4S|N|10|CJ
8|31|82|61|55|45|4S|N|10|CJ
8|32|1|54|38|14|3N|W|9|ST
8|32|11|3|12|30|3N|W|10|S9
8|32|13|42|50|34|4C|W|11|ST
8|32|20|9|70|39|4H|E|9|C5
8|32|22|51|19|35|3N|W|8|S7
8|32|24|59|80|60|5H|E|10|H5
8|32|36|63|57|64|2N|W|9|ST
8|32|44|40|16|26|3N|W|9|H4
8|32|48|25|41|62|3N|W|9|ST
8|32|52|28|58|10|3N|W|8|ST
8|32|53|31|78|17|4SX|S|6|CK
8|32|65|79|68|23|3N|W|9|ST
8|32|76|43|33|32|3N|W|9|ST
8|32|82|61|55|45|4H|E|11|C5
9|1|1|29|59|69|3N|W|7|HJ
9|1|18|55|49|82|3HX|N|9|H7
9|1|21|81|72|74|4C|E|10|C6
9|1|22|42|19|34|3N|W|7|HT
9|1|24|25|80|62|3N|W|7|HJ
9|1|3|76|30|33|5C|W|10|HT
9|1|37|31|47|17|3N|W|6|HT
9|1|4|61|73|45|5C|W|10|ST
9|1|41|66|7|67|5C|W|10|HT
9|1|44|2|16|38|3N|W|7|H3
9|1|65|46|68|48|3N|W|8|HJ
9|1|77|15|71|75|3N|W|6|HT
9|1|8|79|56|23|3N|W|6|H6
9|1|83|52|27|58|3N|W|7|HJ
9|10|1|29|59|69|2H|S|7|SA
9|10|18|55|49|82|1N|W|6|D6
9|10|21|81|72|74|1N|W|5|D6
9|10|22|42|19|34|1S|W|6|CA
9|10|24|25|80|62|1N|W|5|SJ
9|10|3|76|30|33|2D|N|8|S9
9|10|37|31|47|17|1N|N|9|C3
9|10|4|61|73|45|1N|N|7|C5
9|10|41|66|7|67|3D|N|8|C5
9|10|44|2|16|38|1D|N|8|S9
9|10|65|46|68|48|2D|N|7|C3
9|10|77|15|71|75|2H|E|6|D2
9|10|8|79|56|23|1N|N|8|C5
9|10|83|52|27|58|1N|W|6|D5
9|11|1|29|59|69|5C|W|12|S5
9|11|18|55|49|82|3N|W|10|H7
9|11|21|81|72|74|3N|W|9|H7
9|11|22|42|19|34|3N|W|9|D9
9|11|24|25|80|62|4S|E|9|D4
9|11|3|76|30|33|3H|N|7|C6
9|11|37|31|47|17|3HX|N|7|C2
9|11|4|61|73|45|6C|W|12|S7
9|11|41|66|7|67|4SX|E|7|H5
9|11|44|2|16|38|3C|W|11|S7
9|11|65|46|68|48|3HX|N|6|C2
9|11|77|15|71|75|3HX|N|6|C2
9|11|8|79|56|23|3N|W|9|H7
9|11|83|52|27|58|3N|W|9|H7
9|12|1|29|59|69|1C|S|7|HQ
9|12|18|55|49|82|1H|S|7|D3
9|12|21|81|72|74|2N|S|5|C4
9|12|22|42|19|34|2N|S|7|C4
9|12|24|25|80|62|1D|S|8|C4
9|12|3|76|30|33|1D|S|8|C6
9|12|37|31|47|17|1N|S|6|C3
9|12|4|61|73|45|2C|W|7|S5
9|12|41|66|7|67|1C|S|6|D3
9|12|44|2|16|38|1N|S|6|S4
9|12|65|46|68|48|2N|S|7|HQ
9|12|77|15|71|75|1N|S|7|C4
9|12|8|79|56|23|1D|S|7|C4
9|12|83|52|27|58|1N|S|7|C4
9|13|1|29|59|69|2H|E|8|S6
9|13|18|55|49|82|1S|E|8|S6
9|13|21|81|72|74|1N|N|7|CT
9|13|22|42|19|34|2N|E|9|H6
9|13|24|25|80|62|1N|W|8|D4
9|13|3|76|30|33|2D|S|4|C4
9|13|37|31|47|17|2N|E|6|D3
9|13|4|61|73|45|2H|W|8|SK
9|13|41|66|7|67|2H|W|9|SK
9|13|44|2|16|38|2H|W|8|D6
9|13|65|46|68|48|3N|E|8|H6
9|13|77|15|71|75|1NX|N|7|CT
9|13|8|79|56|23|2S|E|9|S8
9|13|83|52|27|58|2H|E|9|C5
9|14|1|29|59|69|4S|N|10|C3
9|14|18|55|49|82|4S|N|10|C3
9|14|21|81|72|74|4S|S|10|DT
9|14|22|42|19|34|4S|N|9|C8
9|14|24|25|80|62|4S|N|10|C4
9|14|3|76|30|33|4S|N|10|C2
9|14|37|31|47|17|3N|S|10|H8
9|14|4|61|73|45|4S|N|10|C8
9|14|41|66|7|67|4S|N|10|S8
9|14|44|2|16|38|4S|N|10|C3
9|14|65|46|68|48|4S|N|9|H5
9|14|77|15|71|75|4S|S|10|H7
9|14|8|79|56|23|4S|N|9|C8
9|14|83|52|27|58|4S|N|10|C8
9|15|1|29|59|69|3N|W|8|CK
9|15|18|55|49|82|3N|W|9|CQ
9|15|21|81|72|74|3N|W|9|CK
9|15|22|42|19|34|3N|W|9|CK
9|15|24|25|80|62|3N|W|9|CK
9|15|3|76|30|33|3N|W|9|CK
9|15|37|31|47|17|3N|W|7|CQ
9|15|4|61|73|45|3N|W|7|CK
9|15|41|66|7|67|3N|W|9|CK
9|15|44|2|16|38|3N|W|9|SJ
9|15|65|46|68|48|3N|W|10|CK
9|15|77|15|71|75|3N|W|8|CK
9|15|8|79|56|23|3N|W|7|CK
9|15|83|52|27|58|3N|W|8|HT
9|16|1|29|59|69|2CX|S|4|D7
9|16|18|55|49|82|1S|N|10|S9
9|16|21|81|72|74|4S|S|7|D2
9|16|22|42|19|34|4SX|S|8|D2
9|16|24|25|80|62|2S|N|7|HA
9|16|3|76|30|33|3DX|S|7|HA
9|16|37|31|47|17|4S|S|7|D2
9|16|4|61|73|45|4S|S|8|D2
9|16|41|66|7|67|3D|N|8|HA
9|16|44|2|16|38|4SX|N|8|HA
9|16|65|46|68|48|4DX|N|8|HK
9|16|77|15|71|75|4S|S|8|D2
9|16|8|79|56|23|4SX|N|8|HA
9|16|83|52|27|58|2D|N|7|HK
9|2|1|29|59|69|3N|E|9|D2
9|2|18|55|49|82|3N|E|10|H2
9|2|21|81|72|74|3N|E|11|D2
9|2|22|42|19|34|5C|W|12|H8
9|2|24|25|80|62|3N|E|10|D2
9|2|3|76|30|33|4H|E|10|SQ
9|2|37|31|47|17|5C|W|11|H8
9|2|4|61|73|45|3N|E|10|H2
9|2|41|66|7|67|3N|E|10|H2
9|2|44|2|16|38|3N|W|11|D2
9|2|65|46|68|48|5C|W|10|H8
9|2|77|15|71|75|3N|E|10|H2
9|2|8|79|56|23|3N|E|9|H3
9|2|83|52|27|58|3N|E|9|D2
9|3|1|29|59|69|4H|E|10|CQ
9|3|18|55|49|82|4H|W|10|S9
9|3|21|81|72|74|4H|E|10|D5
9|3|22|42|19|34|4H|W|10|C2
9|3|24|25|80|62|4H|W|9|S9
9|3|3|76|30|33|4H|W|10|S9
9|3|37|31|47|17|3DX|N|7|CA
9|3|4|61|73|45|4H|W|10|C6
9|3|41|66|7|67|4H|W|10|S9
9|3|44|2|16|38|4S|E|9|HA
9|3|65|46|68|48|3N|W|10|DT
9|3|77|15|71|75|4H|W|10|S9
9|3|8|79|56|23|4H|W|10|S9
9|3|83|52|27|58|4H|W|10|S4
9|4|1|29|59|69|2H|W|6|CK
9|4|18|55|49|82|2H|E|6|SJ
9|4|21|81|72|74|3CX|W|5|CK
9|4|22|42|19|34|1N|S|10|H6
9|4|24|25|80|62|2SX|W|5|HT
9|4|3|76|30|33|2SX|E|4|CA
9|4|37|31|47|17|2SX|W|5|CK
9|4|4|61|73|45|1N|S|8|H2
9|4|41|66|7|67|2H|E|5|C5
9|4|44|2|16|38|2H|E|7|C5
9|4|65|46|68|48|3D|S|10|CT
9|4|77|15|71|75|2H|E|6|DJ
9|4|8|79|56|23|1N|S|10|S6
9|4|83|52|27|58|1N|S|10|H6
9|5|1|29|59|69|4S|N|10|CK
9|5|18|55|49|82|4S|S|9|C6
9|5|21|81|72|74|4S|S|10|D3
9|5|22|42|19|34|4S|N|9|CA
9|5|24|25|80|62|4S|N|10|CK
9|5|3|76|30|33|4S|N|11|CA
9|5|37|31|47|17|4S|N|10|CK
9|5|4|61|73|45|4S|N|11|CA
9|5|41|66|7|67|4S|N|10|CA
9|5|44|2|16|38|4S|N|11|CA
9|5|65|46|68|48|4S|N|11|CK
9|5|77|15|71|75|4S|N|11|CA
9|5|8|79|56|23|4S|N|11|CA
9|5|83|52|27|58|4S|N|11|CK
9|6|1|29|59|69|3N|S|10|C7
9|6|18|55|49|82|3N|S|9|H4
9|6|21|81|72|74|3N|S|10|C7
9|6|22|42|19|34|3N|S|10|C7
9|6|24|25|80|62|3N|S|10|C7
9|6|3|76|30|33|3N|S|10|C7
9|6|37|31|47|17|3N|S|10|C7
9|6|4|61|73|45|3N|S|10|C5
9|6|41|66|7|67|3N|S|8|H4
9|6|44|2|16|38|3N|S|10|C7
9|6|65|46|68|48|3N|S|10|C7
9|6|77|15|71|75|3N|S|10|C7
9|6|8|79|56|23|3N|S|10|C7
9|6|83|52|27|58|3N|S|9|H4
9|7|1|29|59|69|2S|E|9|D8
9|7|18|55|49|82|2S|W|9|S4
9|7|21|81|72|74|2S|W|8|S8
9|7|22|42|19|34|1S|E|9|C6
9|7|24|25|80|62|2S|W|9|DA
9|7|3|76|30|33|2S|E|8|H9
9|7|37|31|47|17|2S|E|8|H9
9|7|4|61|73|45|2S|E|8|HT
9|7|41|66|7|67|2C|W|9|DK
9|7|44|2|16|38|2S|W|8|DA
9|7|65|46|68|48|3S|E|8|D8
9|7|77|15|71|75|2S|W|7|DA
9|7|8|79|56|23|2C|E|8|DA
9|7|83|52|27|58|2D|N|8|CT
9|8|1|29|59|69|2D|N|6|D2
9|8|18|55|49|82|2C|W|8|DK
9|8|21|81|72|74|2H|W|7|D7
9|8|22|42|19|34|2D|N|8|HA
9|8|24|25|80|62|2D|N|7|HK
9|8|3|76|30|33|1N|S|8|C4
9|8|37|31|47|17|1N|S|7|HT
9|8|4|61|73|45|2D|N|6|HA
9|8|41|66|7|67|2D|N|8|HA
9|8|44|2|16|38|2H|W|7|DK
9|8|65|46|68|48|1N|S|6|HT
9|8|77|15|71|75|1N|N|7|H3
9|8|8|79|56|23|2N|N|8|HA
9|8|83|52|27|58|2C|W|7|DK
9|9|1|29|59|69|3N|W|12|CQ
9|9|18|55|49|82|3N|W|12|CQ
9|9|21|81|72|74|3N|W|8|HJ
9|9|22|42|19|34|6D|E|12|D3
9|9|24|25|80|62|3N|W|12|CQ
9|9|3|76|30|33|3N|E|11|CQ
9|9|37|31|47|17|5D|E|11|C4
9|9|4|61|73|45|3N|W|12|CQ
9|9|41|66|7|67|5D|E|11|C5
9|9|44|2|16|38|3N|W|12|CQ
9|9|65|46|68|48|3N|W|12|CQ
9|9|77|15|71|75|3N|W|12|CQ
9|9|8|79|56|23|5D|E|12|S9
9|9|83|52|27|58|6D|E|12|S5
10|17|1|79|38|23|3N|S|10|CQ
10|17|11|63|12|64|4H|S|11|CQ
10|17|13|28|50|10|4H|S|10|CQ
10|17|20|55|70|82|4H|N|11|C6
10|17|3|21|30|72|4H|S|11|CQ
10|17|35|44|51|16|4H|S|11|CQ
10|17|36|59|57|60|4H|S|11|CQ
10|17|39|49|9|18|4H|S|10|CQ
10|17|43|73|32|4|4H|N|11|CQ
10|17|54|42|14|34|4H|S|11|CQ
10|17|65|61|68|45|4H|S|10|CQ
10|17|75|56|15|8|4H|S|11|CQ
10|17|76|7|33|41|3N|N|10|S3
10|17|77|81|71|74|4H|S|11|CQ
10|18|1|79|38|23|4S|S|9|HJ
10|18|11|63|12|64|2S|S|10|HJ
10|18|13|28|50|10|3N|S|11|HJ
10|18|20|55|70|82|3S|S|10|HJ
10|18|3|21|30|72|3N|S|10|HJ
10|18|35|44|51|16|3H|E|8|S2
10|18|36|59|57|60|3D|E|7|CA
10|18|39|49|9|18|4S|S|9|HJ
10|18|43|73|32|4|3N|N|9|HJ
10|18|54|42|14|34|3C|N|10|H6
10|18|65|61|68|45|3N|S|10|HJ
10|18|75|56|15|8|3N|S|9|HJ
10|18|76|7|33|41|3N|S|10|HJ
10|18|77|81|71|74|3D|W|8|CA
10|19|1|79|38|23|4S|S|10|CT
10|19|11|63|12|64|4SX|S|10|CT
10|19|13|28|50|10|4S|S|10|CT
10|19|20|55|70|82|4SX|N|10|HJ
10|19|3|21|30|72|4SX|N|10|HJ
10|19|35|44|51|16|5HX|W|10|DA
10|19|36|59|57|60|4S|S|10|CT
10|19|39|49|9|18|4SX|S|10|HA
10|19|43|73|32|4|4S|N|10|HJ
10|19|54|42|14|34|4S|N|10|HJ
10|19|65|61|68|45|5SX|N|10|HJ
10|19|75|56|15|8|4SX|S|10|CT
10|19|76|7|33|41|4H|W|11|S4
10|19|77|81|71|74|4SX|S|10|CT
10|20|1|79|38|23|4C|W|8|HK
10|20|11|63|12|64|4H|S|10|DA
10|20|13|28|50|10|4H|S|10|DA
10|20|20|55|70|82|4H|S|10|DA
10|20|3|21|30|72|3H|N|10|HT
10|20|35|44|51|16|4H|S|10|DA
10|20|36|59|57|60|4H|S|11|DA
10|20|39|49|9|18|3C|E|9|D4
10|20|43|73|32|4|3H|N|10|DK
10|20|54|42|14|34|4H|N|10|D5
10|20|65|61|68|45|4C|W|9|HK
10|20|75|56|15|8|3H|S|10|DA
10|20|76|7|33|41|3H|S|10|DA
10|20|77|81|71|74|4H|S|10|DA
10|21|1|79|38|23|3N|W|10|H3
10|21|11|63|12|64|3N|E|10|SJ
10|21|13|28|50|10|3N|E|10|SJ
10|21|20|55|70|82|3N|E|10|SJ
10|21|3|21|30|72|3N|E|11|SJ
10|21|35|44|51|16|3N|E|9|H9
10|21|36|59|57|60|3N|E|9|H9
10|21|39|49|9|18|3N|E|9|SJ
10|21|43|73|32|4|3N|E|10|SJ
10|21|54|42|14|34|3N|E|10|SJ
10|21|65|61|68|45|3N|W|11|D3
10|21|75|56|15|8|3N|E|10|SJ
10|21|76|7|33|41|3N|E|10|SJ
10|21|77|81|71|74|3N|W|10|HK
10|22|1|79|38|23|3N|W|9|CK
10|22|11|63|12|64|6D|E|9|H3
10|22|13|28|50|10|5CX|S|7|HA
10|22|20|55|70|82|3N|E|8|C7
10|22|3|21|30|72|4CX|S|5|DQ
10|22|35|44|51|16|4HX|N|4|SQ
10|22|36|59|57|60|3CX|S|8|DQ
10|22|39|49|9|18|3N|W|9|CK
10|22|43|73|32|4|5DX|E|8|C7
10|22|54|42|14|34|3CX|S|7|DQ
10|22|65|61|68|45|3N|E|9|H5
10|22|75|56|15|8|3N|W|10|HT
10|22|76|7|33|41|3N|E|9|C7
10|22|77|81|71|74|5S|W|9|CK
10|23|1|79|38|23|4S|S|9|HK
10|23|11|63|12|64|3H|W|8|D5
10|23|13|28|50|10|3H|W|8|D2
10|23|20|55|70|82|4S|N|11|S3
10|23|3|21|30|72|4S|S|10|HK
10|23|35|44|51|16|4S|N|10|S2
10|23|36|59|57|60|4H|W|8|H5
10|23|39|49|9|18|3S|S|10|HK
10|23|43|73|32|4|3S|N|10|HK
10|23|54|42|14|34|3S|S|9|HQ
10|23|65|61|68|45|3S|N|10|HA
10|23|75|56|15|8|3S|N|9|HA
10|23|76|7|33|41|3S|S|9|HK
10|23|77|81|71|74|2S|N|9|HA
10|24|1|79|38|23|4H|N|10|S7
10|24|11|63|12|64|3N|S|11|S8
10|24|13|28|50|10|4H|N|10|S7
10|24|20|55|70|82|4H|N|10|S7
10|24|3|21|30|72|4H|S|11|ST
10|24|35|44|51|16|4H|N|10|S3
10|24|36|59|57|60|4H|N|10|S7
10|24|39|49|9|18|4H|N|10|S7
10|24|43|73|32|4|3N|N|11|ST
10|24|54|42|14|34|4H|N|11|S7
10|24|65|61|68|45|4H|N|10|S4
10|24|75|56|15|8|3N|S|11|S8
10|24|76|7|33|41|4H|N|11|S7
10|24|77|81|71|74|3N|S|10|ST
10|25|1|79|38|23|6S|N|12|DA
10|25|11|63|12|64|6S|S|12|DA
10|25|13|28|50|10|4S|N|13|C2
10|25|20|55|70|82|6S|N|13|ST
10|25|3|21|30|72|6S|N|12|DA
10|25|35|44|51|16|6S|N|13|C3
10|25|36|59|57|60|6S|S|13|S2
10|25|39|49|9|18|6S|N|12|DA
10|25|43|73|32|4|6S|N|13|C7
10|25|54|42|14|34|4S|N|13|C7
10|25|65|61|68|45|6S|N|13|C7
10|25|75|56|15|8|6S|N|12|DA
10|25|76|7|33|41|6S|N|12|DA
10|25|77|81|71|74|5S|N|12|DA
10|26|1|79|38|23|3N|N|8|S9
10|26|11|63|12|64|3N|N|10|D6
10|26|13|28|50|10|3N|N|8|H2
10|26|20|55|70|82|3N|S|9|D6
10|26|3|21|30|72|3N|N|9|D6
10|26|35|44|51|16|3N|N|8|ST
10|26|36|59|57|60|5C|S|10|SA
10|26|39|49|9|18|3N|N|9|ST
10|26|43|73|32|4|3N|N|10|D6
10|26|54|42|14|34|3N|N|9|D6
10|26|65|61|68|45|3H|S|7|D8
10|26|75|56|15|8|3N|N|8|ST
10|26|76|7|33|41|2DX|E|6|H3
10|26|77|81|71|74|3N|N|9|HJ
10|27|1|79|38|23|1D|N|6|C2
10|27|11|63|12|64|1N|N|8|D2
10|27|13|28|50|10|3N|E|6|D2
10|27|20|55|70|82|1H|W|7|H5
10|27|3|21|30|72|1N|N|6|C2
10|27|35|44|51|16|1N|N|7|D2
10|27|36|59|57|60|2H|N|6|H5
10|27|39|49|9|18|1D|N|7|C2
10|27|43|73|32|4|1N|N|5|D3
10|27|54|42|14|34|2C|W|10|CA
10|27|65|61|68|45|1N|E|10|CJ
10|27|75|56|15|8|1N|N|6|H2
10|27|76|7|33|41|1D|N|6|CJ
10|27|77|81|71|74|1N|N|8|D3
10|28|1|79|38|23|2H|W|8|D6
10|28|11|63|12|64|4H|W|9|S2
10|28|13|28|50|10|4H|W|9|SJ
10|28|20|55|70|82|1S|E|7|DQ
10|28|3|21|30|72|3N|W|9|CQ
10|28|35|44|51|16|4H|W|10|SJ
10|28|36|59|57|60|2S|E|7|DJ
10|28|39|49|9|18|3H|W|9|SJ
10|28|43|73|32|4|4H|E|11|SJ
10|28|54|42|14|34|3H|W|8|S3
10|28|65|61|68|45|1SX|N|5|HT
10|28|75|56|15|8|4H|W|11|SJ
10|28|76|7|33|41|4H|W|9|S3
10|28|77|81|71|74|3H|W|10|SJ
10|29|1|79|38|23|2S|E|10|DA
10|29|11|63|12|64|4S|E|10|DA
10|29|13|28|50|10|3S|E|10|DA
10|29|20|55|70|82|4S|E|9|DK
10|29|3|21|30|72|4S|E|9|DA
10|29|35|44|51|16|4S|E|9|DA
10|29|36|59|57|60|4S|E|9|DK
10|29|39|49|9|18|4S|E|10|DA
10|29|43|73|32|4|4S|E|8|C5
10|29|54|42|14|34|4S|E|8|DA
10|29|65|61|68|45|4S|E|9|DA
10|29|75|56|15|8|4S|E|9|DA
10|29|76|7|33|41|4S|E|9|DK
10|29|77|81|71|74|4S|E|9|DA
10|30|1|79|38|23|3N|W|11|S4
10|30|11|63|12|64|3H|W|8|D5
10|30|13|28|50|10|3N|W|10|S2
10|30|20|55|70|82|3N|E|10|S2
10|30|3|21|30|72|1N|W|10|S4
10|30|35|44|51|16|2H|W|10|S2
10|30|36|59|57|60|2H|E|8|SJ
10|30|39|49|9|18|2H|E|9|SJ
10|30|43|73|32|4|3N|E|10|S4
10|30|54|42|14|34|3H|E|9|D2
10|30|65|61|68|45|2H|W|9|C9
10|30|75|56|15|8|3N|W|11|S4
10|30|76|7|33|41|3H|W|10|D5
10|30|77|81|71|74|4H|W|10|S4
10|31|1|79|38|23|6H|N|13|SJ
10|31|11|63|12|64|6H|N|12|SJ
10|31|13|28|50|10|6H|N|12|D8
10|31|20|55|70|82|6H|S|13|S3
10|31|3|21|30|72|7H|N|13|S2
10|31|35|44|51|16|6H|S|13|D3
10|31|36|59|57|60|6H|N|12|D8
10|31|39|49|9|18|6H|N|13|D8
10|31|43|73|32|4|6H|N|13|SJ
10|31|54|42|14|34|7H|N|12|D8
10|31|65|61|68|45|6H|N|13|D8
10|31|75|56|15|8|5H|N|12|D8
10|31|76|7|33|41|6H|N|13|CJ
10|31|77|81|71|74|6H|N|13|SJ
10|32|1|79|38|23|1H|N|9|C6
10|32|11|63|12|64|4H|N|9|C3
10|32|13|28|50|10|4C|W|7|HA
10|32|20|55|70|82|4H|N|9|CA
10|32|3|21|30|72|4H|S|11|HK
10|32|35|44|51|16|2D|S|9|D3
10|32|36|59|57|60|4H|S|10|D9
10|32|39|49|9|18|4H|S|10|D9
10|32|43|73|32|4|4H|N|9|C6
10|32|54|42|14|34|4H|N|10|C6
10|32|65|61|68|45|3H|S|9|D7
10|32|75|56|15|8|4H|S|10|CA
10|32|76|7|33|41|4H|N|9|C4
10|32|77|81|71|74|3C|W|10|HA
11|1|1|40|2|26|5C|N|11|HA
11|1|20|79|70|23|5C|N|11|HA
11|1|22|29|19|69|5C|N|11|HA
11|1|24|12|80|11|5C|N|11|HA
11|1|35|65|51|68|5C|N|11|H3
11|1|37|25|47|62|5C|N|11|HK
11|1|41|42|7|34|5C|N|11|HA
11|1|43|15|32|75|5C|N|11|HA
11|1|5|31|6|17|5C|N|11|HK
11|1|66|52|67|58|6CX|N|11|HK
11|1|76|59|33|60|5H|W|8|CA
11|1|77|46|71|48|5C|N|11|HK
11|1|8|55|56|82|4HX|E|8|DA
11|1|83|81|27|74|6C|N|12|HA
11|10|1|40|2|26|2S|E|7|CA
11|10|20|79|70|23|3D|N|8|S5
11|10|22|29|19|69|2S|W|8|CT
11|10|24|12|80|11|2H|W|7|D8
11|10|35|65|51|68|2S|E|7|DK
11|10|37|25|47|62|4HXX|W|9|CT
11|10|41|42|7|34|2D|N|9|S5
11|10|43|15|32|75|3D|N|8|S3
11|10|5|31|6|17|3D|N|9|S3
11|10|66|52|67|58|3D|N|8|C8
11|10|76|59|33|60|3D|N|9|H2
11|10|77|46|71|48|2N|W|8|CT
11|10|8|55|56|82|2S|W|8|CT
11|10|83|81|27|74|4H|W|8|CT
11|11|1|40|2|26|4S|E|10|H3
11|11|20|79|70|23|4S|E|9|HJ
11|11|22|29|19|69|3S|E|10|DJ
11|11|24|12|80|11|3N|W|7|H9
11|11|35|65|51|68|2H|S|7|C8
11|11|37|25|47|62|4S|E|9|HT
11|11|41|42|7|34|4S|E|10|HT
11|11|43|15|32|75|4S|E|10|CA
11|11|5|31|6|17|3S|E|10|DJ
11|11|66|52|67|58|3S|W|8|C3
11|11|76|59|33|60|4S|E|9|CA
11|11|77|46|71|48|3S|E|9|HJ
11|11|8|55|56|82|4HX|S|7|S3
11|11|83|81|27|74|4S|E|10|D4
11|12|1|40|2|26|2H|E|9|D8
11|12|20|79|70|23|3H|E|9|HK
11|12|22|29|19|69|3H|W|9|D4
11|12|24|12|80|11|4H|E|9|SK
11|12|35|65|51|68|4H|E|9|HK
11|12|37|25|47|62|3H|E|9|HK
11|12|41|42|7|34|3H|E|9|HK
11|12|43|15|32|75|4H|E|9|SK
11|12|5|31|6|17|4H|E|9|SK
11|12|66|52|67|58|3H|W|9|H9
11|12|76|59|33|60|1NX|W|10|CT
11|12|77|46|71|48|1N|E|8|HK
11|12|8|55|56|82|3N|W|7|S2
11|12|83|81|27|74|4H|E|9|SK
11|13|1|40|2|26|4S|E|10|HK
11|13|20|79|70|23|5CX|E|10|HK
11|13|22|29|19|69|4S|E|10|HK
11|13|24|12|80|11|4S|W|11|H3
11|13|35|65|51|68|4S|W|10|H9
11|13|37|25|47|62|4S|W|11|DT
11|13|41|42|7|34|4S|E|11|HK
11|13|43|15|32|75|4S|E|10|H7
11|13|5|31|6|17|4S|E|11|HK
11|13|66|52|67|58|4S|E|11|HK
11|13|76|59|33|60|4S|W|10|H7
11|13|77|46|71|48|4S|W|10|H3
11|13|8|55|56|82|5S|W|11|DT
11|13|83|81|27|74|4S|W|10|D9
11|14|1|40|2|26|2D|N|9|D7
11|14|20|79|70|23|3N|N|9|S5
11|14|22|29|19|69|3N|N|9|S3
11|14|24|12|80|11|3N|N|9|S4
11|14|35|65|51|68|3N|N|10|S3
11|14|37|25|47|62|2H|N|8|SA
11|14|41|42|7|34|3N|N|11|S4
11|14|43|15|32|75|3D|N|9|D5
11|14|5|31|6|17|3N|N|9|S4
11|14|66|52|67|58|3N|N|9|S4
11|14|76|59|33|60|3C|S|10|S5
11|14|77|46|71|48|3N|S|7|D6
11|14|8|55|56|82|3C|S|9|S3
11|14|83|81|27|74|3N|N|8|S4
11|15|1|40|2|26|4HX|N|8|C5
11|15|20|79|70|23|1N|W|6|H5
11|15|22|29|19|69|3H|S|10|DK
11|15|24|12|80|11|1N|W|6|H5
11|15|35|65|51|68|4H|N|9|C3
11|15|37|25|47|62|1N|W|6|H5
11|15|41|42|7|34|2H|S|9|DK
11|15|43|15|32|75|4C|E|9|HA
11|15|5|31|6|17|3H|N|9|D4
11|15|66|52|67|58|3H|N|9|C8
11|15|76|59|33|60|4H|N|9|C6
11|15|77|46|71|48|1N|W|6|H5
11|15|8|55|56|82|1N|W|6|H5
11|15|83|81|27|74|1N|W|5|H5
11|16|1|40|2|26|1N|S|9|S3
11|16|20|79|70|23|1N|N|8|CT
11|16|22|29|19|69|1N|E|5|H8
11|16|24|12|80|11|2S|N|8|CT
11|16|35|65|51|68|3N|S|9|DT
11|16|37|25|47|62|1S|N|9|CT
11|16|41|42|7|34|1N|E|5|H5
11|16|43|15|32|75|2N|N|9|DT
11|16|5|31|6|17|3N|S|10|D5
11|16|66|52|67|58|1N|E|5|H5
11|16|76|59|33|60|1N|W|4|H5
11|16|77|46|71|48|3N|S|9|D5
11|16|8|55|56|82|1DX|E|5|SA
11|16|83|81|27|74|1S|N|10|CT
11|2|1|40|2|26|5HX|E|10|CA
11|2|20|79|70|23|4H|E|10|SA
11|2|22|29|19|69|5HX|E|10|SA
11|2|24|12|80|11|4H|E|10|D7
11|2|35|65|51|68|4H|E|10|HA
11|2|37|25|47|62|4H|E|10|HA
11|2|41|42|7|34|5HX|E|10|HA
11|2|43|15|32|75|4H|E|10|D8
11|2|5|31|6|17|4H|E|10|D7
11|2|66|52|67|58|4H|E|10|D5
11|2|76|59|33|60|5HX|E|10|SA
11|2|77|46|71|48|5HX|E|10|SA
11|2|8|55|56|82|4H|E|10|D7
11|2|83|81|27|74|5HX|E|10|SA
11|3|1|40|2|26|3N|N|8|S2
11|3|20|79|70|23|3N|N|8|ST
11|3|22|29|19|69|3N|N|10|HQ
11|3|24|12|80|11|3N|N|8|ST
11|3|35|65|51|68|3N|N|9|S2
11|3|37|25|47|62|3N|N|8|ST
11|3|41|42|7|34|3N|N|8|S9
11|3|43|15|32|75|3N|N|7|H6
11|3|5|31|6|17|3N|N|8|ST
11|3|66|52|67|58|3N|N|8|ST
11|3|76|59|33|60|3N|N|8|ST
11|3|77|46|71|48|3N|N|8|S9
11|3|8|55|56|82|3N|N|8|S2
11|3|83|81|27|74|3N|N|8|ST
11|4|1|40|2|26|4H|S|10|CJ
11|4|20|79|70|23|4H|N|10|C3
11|4|22|29|19|69|2H|S|10|S8
11|4|24|12|80|11|4H|S|10|HK
11|4|35|65|51|68|4H|S|10|S2
11|4|37|25|47|62|4H|S|10|S8
11|4|41|42|7|34|2H|S|10|S8
11|4|43|15|32|75|4H|N|10|S8
11|4|5|31|6|17|4H|N|9|C2
11|4|66|52|67|58|3N|N|10|S6
11|4|76|59|33|60|4H|N|10|H4
11|4|77|46|71|48|4H|N|10|C2
11|4|8|55|56|82|4H|S|10|S8
11|4|83|81|27|74|4H|N|10|D9
11|5|1|40|2|26|3H|E|10|DA
11|5|20|79|70|23|3H|W|9|H7
11|5|22|29|19|69|4H|E|10|DA
11|5|24|12|80|11|3H|E|10|DA
11|5|35|65|51|68|2H|W|10|D9
11|5|37|25|47|62|4H|E|10|HK
11|5|41|42|7|34|4H|W|10|D3
11|5|43|15|32|75|3H|E|10|DK
11|5|5|31|6|17|2H|E|9|DA
11|5|66|52|67|58|3H|E|10|DA
11|5|76|59|33|60|4CX|N|10|ST
11|5|77|46|71|48|4HX|W|10|D3
11|5|8|55|56|82|4H|E|10|DA
11|5|83|81|27|74|4H|W|10|D5
11|6|1|40|2|26|3H|E|9|C9
11|6|20|79|70|23|4H|E|9|CA
11|6|22|29|19|69|4C|S|11|C8
11|6|24|12|80|11|4H|W|9|HT
11|6|35|65|51|68|1N|N|8|H3
11|6|37|25|47|62|5C|N|9|D7
11|6|41|42|7|34|5CX|N|12|HK
11|6|43|15|32|75|4C|N|9|D7
11|6|5|31|6|17|1N|N|7|H4
11|6|66|52|67|58|5C|N|10|D7
11|6|76|59|33|60|4C|N|9|D7
11|6|77|46|71|48|3H|E|9|HJ
11|6|8|55|56|82|5C|N|9|D7
11|6|83|81|27|74|1N|N|6|H4
11|7|1|40|2|26|4H|S|11|D3
11|7|20|79|70|23|4H|S|11|H3
11|7|22|29|19|69|3N|S|9|D3
11|7|24|12|80|11|4H|S|11|D3
11|7|35|65|51|68|4H|S|11|H3
11|7|37|25|47|62|4H|S|12|C4
11|7|41|42|7|34|4S|N|10|C5
11|7|43|15|32|75|4H|N|11|DT
11|7|5|31|6|17|4H|S|12|C6
11|7|66|52|67|58|4H|S|11|D3
11|7|76|59|33|60|4H|S|11|C3
11|7|77|46|71|48|4H|S|11|D6
11|7|8|55|56|82|4H|S|12|C3
11|7|83|81|27|74|4H|S|11|D3
11|8|1|40|2|26|1N|E|8|DQ
11|8|20|79|70|23|2S|W|8|D9
11|8|22|29|19|69|1N|W|8|D8
11|8|24|12|80|11|1N|E|7|C3
11|8|35|65|51|68|1N|E|7|C2
11|8|37|25|47|62|1N|W|9|D6
11|8|41|42|7|34|2S|W|9|CK
11|8|43|15|32|75|1N|E|8|DQ
11|8|5|31|6|17|2S|W|9|CK
11|8|66|52|67|58|1N|W|8|D8
11|8|76|59|33|60|1N|W|9|D6
11|8|77|46|71|48|2S|W|8|D6
11|8|8|55|56|82|2S|W|7|D4
11|8|83|81|27|74|2S|W|9|CK
11|9|1|40|2|26|5C|W|8|SJ
11|9|20|79|70|23|4S|S|12|CQ
11|9|22|29|19|69|4S|N|11|CQ
11|9|24|12|80|11|4S|S|12|CQ
11|9|35|65|51|68|4S|S|11|CQ
11|9|37|25|47|62|4S|N|12|C6
11|9|41|42|7|34|4S|S|11|CQ
11|9|43|15|32|75|5S|N|11|C8
11|9|5|31|6|17|4S|S|11|CJ
11|9|66|52|67|58|4S|S|11|CQ
11|9|76|59|33|60|4S|S|11|C4
11|9|77|46|71|48|4S|S|11|CJ
11|9|8|55|56|82|6H|S|11|C3
11|9|83|81|27|74|4S|S|11|CQ
12|17|1|28|60|10|4S|N|9|CQ
12|17|13|54|50|14|4S|N|10|CQ
12|17|18|61|49|45|4S|N|9|CQ
12|17|22|2|19|38|4S|N|9|CQ
12|17|24|31|80|17|4S|N|10|DT
12|17|36|73|57|4|4S|N|10|CQ
12|17|39|6|9|5|4S|N|10|CQ
12|17|43|63|32|64|4S|N|10|D2
12|17|52|37|58|47|4S|N|9|CQ
12|17|62|78|25|53|4S|N|10|D2
12|17|66|44|67|16|4S|N|9|CQ
12|17|77|21|71|72|5CX|W|7|S7
12|17|82|46|55|48|4S|N|10|CQ
12|17|83|40|27|26|4S|N|10|CQ
12|18|1|28|60|10|5H|N|10|SA
12|18|13|54|50|14|5H|N|10|SA
12|18|18|61|49|45|4H|N|11|C9
12|18|22|2|19|38|4H|S|11|CT
12|18|24|31|80|17|5H|N|10|SA
12|18|36|73|57|4|4H|N|11|C9
12|18|39|6|9|5|4SX|W|9|HK
12|18|43|63|32|64|4H|N|11|CT
12|18|52|37|58|47|4SX|W|9|DQ
12|18|62|78|25|53|4SX|E|9|CA
12|18|66|44|67|16|4S|E|10|HK
12|18|77|21|71|72|5SX|E|8|CK
12|18|82|46|55|48|4SX|W|10|HK
12|18|83|40|27|26|5H|N|10|SA
12|19|1|28|60|10|2H|E|9|S9
12|19|13|54|50|14|4H|E|10|S9
12|19|18|61|49|45|3H|E|10|S9
12|19|22|2|19|38|4H|E|9|S9
12|19|24|31|80|17|1N|S|3|HQ
12|19|36|73|57|4|3H|E|10|S7
12|19|39|6|9|5|4H|E|10|S9
12|19|43|63|32|64|1N|N|3|S5
12|19|52|37|58|47|3H|E|10|S9
12|19|62|78|25|53|2H|W|10|C2
12|19|66|44|67|16|3N|W|9|H9
12|19|77|21|71|72|4H|W|10|H9
12|19|82|46|55|48|2H|E|9|S7
12|19|83|40|27|26|1N|S|3|HK
12|20|1|28|60|10|2D|W|10|HQ
12|20|13|54|50|14|2D|W|9|HQ
12|20|18|61|49|45|2D|W|10|H7
12|20|22|2|19|38|2D|E|9|HQ
12|20|24|31|80|17|3D|W|10|HQ
12|20|36|73|57|4|3N|W|9|HQ
12|20|39|6|9|5|3N|W|10|HQ
12|20|43|63|32|64|2D|E|10|HQ
12|20|52|37|58|47|3N|E|9|C5
12|20|62|78|25|53|3N|W|9|H7
12|20|66|44|67|16|2D|W|11|HQ
12|20|77|21|71|72|1N|W|10|HQ
12|20|82|46|55|48|2D|W|10|HQ
12|20|83|40|27|26|2D|W|10|HQ
12|21|1|28|60|10|3D|N|9|S5
12|21|13|54|50|14|2N|N|6|S6
12|21|18|61|49|45|2N|N|6|S9
12|21|22|2|19|38|2N|S|6|S6
12|21|24|31|80|17|2N|N|6|S6
12|21|36|73|57|4|3D|S|10|SA
12|21|39|6|9|5|2N|N|5|S6
12|21|43|63|32|64|3D|N|9|S5
12|21|52|37|58|47|2N|N|6|S6
12|21|62|78|25|53|2N|N|6|S2
12|21|66|44|67|16|2N|N|6|S9
12|21|77|21|71|72|2S|E|9|DQ
12|21|82|46|55|48|2N|N|6|S5
12|21|83|40|27|26|2N|N|6|S6
12|22|1|28|60|10|4S|N|12|S3
12|22|13|54|50|14|4S|N|12|S3
12|22|18|61|49|45|4S|N|12|C8
12|22|22|2|19|38|4HX|N|12|S8
12|22|24|31|80|17|6H|S|12|S8
12|22|36|73|57|4|4S|N|12|C8
12|22|39|6|9|5|4S|N|12|ST
12|22|43|63|32|64|4H|N|12|D6
12|22|52|37|58|47|4H|N|12|S3
12|22|62|78|25|53|4S|N|12|C2
12|22|66|44|67|16|4S|N|12|C7
12|22|77|21|71|72|4H|N|12|DA
12|22|82|46|55|48|6S|N|12|DA
12|22|83|40|27|26|4S|N|12|C5
12|23|1|28|60|10|3S|E|9|CK
12|23|13|54|50|14|4H|S|10|H3
12|23|18|61|49|45|2H|S|9|C4
12|23|22|2|19|38|4H|N|10|H5
12|23|24|31|80|17|4H|S|9|H5
12|23|36|73|57|4|3H|S|9|S4
12|23|39|6|9|5|2H|S|9|C3
12|23|43|63|32|64|4H|N|10|C4
12|23|52|37|58|47|4H|S|11|DT
12|23|62|78|25|53|2H|S|9|C4
12|23|66|44|67|16|2H|S|9|C3
12|23|77|21|71|72|4H|S|10|C4
12|23|82|46|55|48|4H|S|9|S3
12|23|83|40|27|26|2H|S|9|H5
12|24|1|28|60|10|3N|S|12|S4
12|24|13|54|50|14|6D|S|12|S4
12|24|18|61|49|45|6D|N|11|CJ
12|24|22|2|19|38|4N|N|12|S4
12|24|24|31|80|17|6D|N|11|CJ
12|24|36|73|57|4|5D|S|11|S9
12|24|39|6|9|5|3N|S|13|S4
12|24|43|63|32|64|6N|N|11|HT
12|24|52|37|58|47|3N|S|12|S4
12|24|62|78|25|53|6D|N|11|C2
12|24|66|44|67|16|6D|S|11|H3
12|24|77|21|71|72|5D|N|11|CQ
12|24|82|46|55|48|3N|S|11|C6
12|24|83|40|27|26|3N|S|12|S5
12|25|1|28|60|10|5H|N|10|CA
12|25|13|54|50|14|5CX|W|9|H2
12|25|18|61|49|45|4HX|N|11|S7
12|25|22|2|19|38|4H|S|11|D4
12|25|24|31|80|17|5CX|W|9|D6
12|25|36|73|57|4|4H|N|12|H4
12|25|39|6|9|5|4H|N|10|C6
12|25|43|63|32|64|4H|N|10|C2
12|25|52|37|58|47|4H|N|10|C2
12|25|62|78|25|53|5H|N|11|C2
12|25|66|44|67|16|4H|N|11|C6
12|25|77|21|71|72|4H|N|11|S9
12|25|82|46|55|48|4H|N|11|C6
12|25|83|40|27|26|4H|N|12|S9
12|26|1|28|60|10|5S|W|11|H7
12|26|13|54|50|14|4S|W|11|D7
12|26|18|61|49|45|4S|E|11|DJ
12|26|22|2|19|38|4S|E|11|S3
12|26|24|31|80|17|4S|W|11|H7
12|26|36|73|57|4|4S|W|11|D2
12|26|39|6|9|5|4S|W|11|S3
12|26|43|63|32|64|4S|E|10|H7
12|26|52|37|58|47|4S|W|11|C3
12|26|62|78|25|53|6S|W|11|S2
12|26|66|44|67|16|4S|W|11|ST
12|26|77|21|71|72|5S|W|12|H7
12|26|82|46|55|48|6S|W|11|ST
12|26|83|40|27|26|4S|W|11|H3
12|27|1|28|60|10|4S|N|11|S4
12|27|13|54|50|14|4S|N|11|H5
12|27|18|61|49|45|4S|N|11|H5
12|27|22|2|19|38|4S|S|11|H2
12|27|24|31|80|17|4S|N|11|H2
12|27|36|73|57|4|3N|N|11|HQ
12|27|39|6|9|5|3N|N|8|H5
12|27|43|63|32|64|4S|N|11|C5
12|27|52|37|58|47|5S|N|12|C5
12|27|62|78|25|53|3N|N|10|S2
12|27|66|44|67|16|3N|N|8|H2
12|27|77|21|71|72|4S|N|12|C5
12|27|82|46|55|48|3N|N|8|H2
12|27|83|40|27|26|3N|N|9|H5
12|28|1|28|60|10|3D|S|9|H2
12|28|13|54|50|14|3N|N|7|C5
12|28|18|61|49|45|2C|E|9|DA
12|28|22|2|19|38|4D|N|9|H9
12|28|24|31|80|17|3D|N|10|CK
12|28|36|73|57|4|3D|S|9|C3
12|28|39|6|9|5|4H|W|9|D2
12|28|43|63|32|64|3D|N|10|CA
12|28|52|37|58|47|4HX|E|9|DK
12|28|62|78|25|53|1N|N|9|CA
12|28|66|44|67|16|5D|N|10|CK
12|28|77|21|71|72|2N|N|7|C2
12|28|82|46|55|48|3H|W|10|D5
12|28|83|40|27|26|2D|N|10|DJ
12|29|1|28|60|10|3S|N|11|H6
12|29|13|54|50|14|4S|N|11|H4
12|29|18|61|49|45|4S|N|11|H4
12|29|22|2|19|38|3S|S|9|H4
12|29|24|31|80|17|4SX|N|11|H4
12|29|36|73|57|4|4S|N|11|H4
12|29|39|6|9|5|3N|S|9|HA
12|29|43|63|32|64|4S|N|10|H4
12|29|52|37|58|47|4S|N|10|H4
12|29|62|78|25|53|4S|N|11|H2
12|29|66|44|67|16|3S|N|11|H4
12|29|77|21|71|72|4S|N|10|H4
12|29|82|46|55|48|4S|N|10|H2
12|29|83|40|27|26|4S|N|11|H4
12|30|1|28|60|10|3N|W|10|CT
12|30|13|54|50|14|5D|W|10|S3
12|30|18|61|49|45|6C|W|10|DA
12|30|22|2|19|38|3N|W|10|H8
12|30|24|31|80|17|3N|E|10|H6
12|30|36|73|57|4|3N|E|10|S6
12|30|39|6|9|5|3N|E|9|H6
12|30|43|63|32|64|3N|E|11|S9
12|30|52|37|58|47|3N|W|11|S9
12|30|62|78|25|53|3N|W|11|CT
12|30|66|44|67|16|3N|W|10|C8
12|30|77|21|71|72|5C|W|10|DA
12|30|82|46|55|48|3SX|N|3|D2
12|30|83|40|27|26|4N|E|12|C6
12|31|1|28|60|10|3S|E|9|C4
12|31|13|54|50|14|3D|N|9|CJ
12|31|18|61|49|45|2D|N|10|CJ
12|31|22|2|19|38|3S|E|6|H3
12|31|24|31|80|17|4S|E|8|C4
12|31|36|73|57|4|3D|S|10|DJ
12|31|39|6|9|5|4S|E|8|C4
12|31|43|63|32|64|4H|N|9|CK
12|31|52|37|58|47|2D|N|11|D2
12|31|62|78|25|53|2D|N|10|CJ
12|31|66|44|67|16|1S|W|8|D5
12|31|77|21|71|72|3H|S|10|DJ
12|31|82|46|55|48|2H|S|9|DJ
12|31|83|40|27|26|3S|E|7|C4
12|32|1|28|60|10|3S|E|9|CK
12|32|13|54|50|14|3S|E|11|CK
12|32|18|61|49|45|4S|E|10|CK
12|32|22|2|19|38|4S|W|10|CK
12|32|24|31|80|17|5CX|S|8|D8
12|32|36|73|57|4|3S|E|10|CK
12|32|39|6|9|5|4S|E|10|CK
12|32|43|63|32|64|4D|E|9|CK
12|32|52|37|58|47|5CX|S|8|C4
12|32|62|78|25|53|2S|E|10|CK
12|32|66|44|67|16|4C|S|8|S8
12|32|77|21|71|72|4S|E|11|CK
12|32|82|46|55|48|2S|E|11|CK
12|32|83|40|27|26|2S|E|11|CK
13|1|1|3|2|30|3H|N|8|CA
13|1|13|46|50|48|3N|W|7|H6
13|1|18|52|49|58|3N|W|9|H6
13|1|20|63|70|64|3N|W|7|H6
13|1|22|79|19|23|4D|E|10|HA
13|1|24|44|80|16|3C|W|8|H4
13|1|29|81|69|74|4D|E|10|HA
13|1|37|15|47|75|4H|N|8|CK
13|1|39|56|9|8|3D|E|10|SJ
13|1|4|40|73|26|3N|W|7|H6
13|1|66|62|67|25|3N|W|7|H6
13|1|77|61|71|45|3N|W|7|H6
13|1|82|59|55|60|2S|N|7|CK
13|1|83|78|27|53|3N|W|6|H6
13|10|1|3|2|30|3S|S|6|HK
13|10|13|46|50|48|2H|W|10|DA
13|10|18|52|49|58|2H|W|9|DA
13|10|20|63|70|64|4HX|W|8|DA
13|10|22|79|19|23|3H|W|9|DA
13|10|24|44|80|16|3H|E|9|DA
13|10|29|81|69|74|2N|N|6|H3
13|10|37|15|47|75|3C|N|8|H7
13|10|39|56|9|8|2H|W|10|DA
13|10|4|40|73|26|2H|W|9|DA
13|10|66|62|67|25|3H|W|9|DA
13|10|77|61|71|45|3H|W|9|DA
13|10|82|59|55|60|2S|S|7|C8
13|10|83|78|27|53|2H|W|9|DA
13|11|1|3|2|30|2H|W|8|C6
13|11|13|46|50|48|4C|S|9|S2
13|11|18|52|49|58|3H|W|9|C6
13|11|20|63|70|64|1N|S|5|H6
13|11|22|79|19|23|1N|S|7|HQ
13|11|24|44|80|16|1N|S|5|HQ
13|11|29|81|69|74|3H|W|8|C6
13|11|37|15|47|75|2H|W|8|H3
13|11|39|56|9|8|1N|S|6|HQ
13|11|4|40|73|26|1N|S|9|HQ
13|11|66|62|67|25|3D|S|7|S5
13|11|77|61|71|45|3C|S|9|S4
13|11|82|59|55|60|1N|S|6|H5
13|11|83|78|27|53|2H|W|8|S2
13|12|1|3|2|30|2S|E|6|C4
13|12|13|46|50|48|1S|E|5|C4
13|12|18|52|49|58|2H|W|7|CA
13|12|20|63|70|64|1S|N|8|D9
13|12|22|79|19|23|2S|E|7|C4
13|12|24|44|80|16|1S|E|6|C4
13|12|29|81|69|74|1S|E|5|C4
13|12|37|15|47|75|2S|E|5|C4
13|12|39|56|9|8|1S|E|5|C4
13|12|4|40|73|26|1S|E|5|C4
13|12|66|62|67|25|2H|S|8|S7
13|12|77|61|71|45|3D|N|9|SA
13|12|82|59|55|60|1S|E|6|C4
13|12|83|78|27|53|3C|N|8|SA
13|13|1|3|2|30|3C|E|8|DQ
13|13|13|46|50|48|2S|E|7|C3
13|13|18|52|49|58|3C|N|4|D7
13|13|20|63|70|64|2S|N|6|D7
13|13|22|79|19|23|1N|N|4|SK
13|13|24|44|80|16|2S|N|5|D7
13|13|29|81|69|74|3N|E|10|C3
13|13|37|15|47|75|2S|N|5|D7
13|13|39|56|9|8|2S|E|9|C3
13|13|4|40|73|26|2S|E|7|C3
13|13|66|62|67|25|2D|W|7|CA
13|13|77|61|71|45|3C|E|6|DT
13|13|82|59|55|60|2S|E|9|C4
13|13|83|78|27|53|3N|E|10|C3
13|14|1|3|2|30|6D|E|13|C9
13|14|13|46|50|48|6D|E|13|S2
13|14|18|52|49|58|6D|E|12|C9
13|14|20|63|70|64|6N|E|12|D6
13|14|22|79|19|23|6D|E|13|S2
13|14|24|44|80|16|6D|E|13|C9
13|14|29|81|69|74|6D|E|13|S6
13|14|37|15|47|75|6N|E|12|S2
13|14|39|56|9|8|6D|W|13|S5
13|14|4|40|73|26|6D|E|13|S6
13|14|66|62|67|25|6D|W|13|SJ
13|14|77|61|71|45|6D|E|13|S5
13|14|82|59|55|60|6D|E|13|C9
13|14|83|78|27|53|6D|E|13|H7
13|15|1|3|2|30|4S|E|9|H2
13|15|13|46|50|48|4SX|E|9|DQ
13|15|18|52|49|58|5SX|E|9|DQ
13|15|20|63|70|64|3H|S|9|SA
13|15|22|79|19|23|4S|W|9|HA
13|15|24|44|80|16|4S|E|9|HJ
13|15|29|81|69|74|2H|W|2|HA
13|15|37|15|47|75|5SX|E|9|DJ
13|15|39|56|9|8|4SX|E|9|DQ
13|15|4|40|73|26|4SX|E|9|DQ
13|15|66|62|67|25|4S|W|9|D7
13|15|77|61|71|45|4S|E|9|HJ
13|15|82|59|55|60|4S|W|9|D2
13|15|83|78|27|53|4SX|E|9|DQ
13|16|1|3|2|30|3N|W|11|C2
13|16|13|46|50|48|3N|W|10|D9
13|16|18|52|49|58|3N|W|10|C2
13|16|20|63|70|64|3N|W|10|C2
13|16|22|79|19|23|3N|W|10|C4
13|16|24|44|80|16|3N|E|11|D7
13|16|29|81|69|74|3N|E|9|DQ
13|16|37|15|47|75|3N|W|9|C2
13|16|39|56|9|8|3N|W|9|D9
13|16|4|40|73|26|3N|W|9|H2
13|16|66|62|67|25|3N|W|11|S8
13|16|77|61|71|45|3N|W|10|C2
13|16|82|59|55|60|3N|E|9|D5
13|16|83|78|27|53|3N|E|8|DQ
13|2|1|3|2|30|4S|S|12|S2
13|2|13|46|50|48|4S|S|11|DQ
13|2|18|52|49|58|4S|S|10|DK
13|2|20|63|70|64|4S|S|12|S3
13|2|22|79|19|23|4S|S|12|S2
13|2|24|44|80|16|4S|S|11|DK
13|2|29|81|69|74|4S|S|12|S2
13|2|37|15|47|75|4S|S|12|D2
13|2|39|56|9|8|4S|S|11|S2
13|2|4|40|73|26|4S|S|12|H6
13|2|66|62|67|25|4S|S|11|DQ
13|2|77|61|71|45|4S|S|12|S4
13|2|82|59|55|60|3N|S|12|S2
13|2|83|78|27|53|4S|N|11|DT
13|3|1|3|2|30|1S|E|8|H6
13|3|13|46|50|48|4H|N|7|C6
13|3|18|52|49|58|3H|N|7|S4
13|3|20|63|70|64|2H|N|8|SA
13|3|22|79|19|23|3H|N|8|SA
13|3|24|44|80|16|4H|N|8|SA
13|3|29|81|69|74|2H|N|8|SA
13|3|37|15|47|75|4H|N|9|C5
13|3|39|56|9|8|1S|E|6|H7
13|3|4|40|73|26|3H|N|9|C3
13|3|66|62|67|25|4H|N|9|SA
13|3|77|61|71|45|2H|N|9|C3
13|3|82|59|55|60|3H|N|9|C6
13|3|83|78|27|53|4H|N|9|SA
13|4|1|3|2|30|3N|W|11|D3
13|4|13|46|50|48|3N|W|11|D3
13|4|18|52|49|58|3N|E|9|HT
13|4|20|63|70|64|3C|E|11|S6
13|4|22|79|19|23|3N|E|9|HT
13|4|24|44|80|16|3N|E|9|HT
13|4|29|81|69|74|3N|W|7|HK
13|4|37|15|47|75|4C|E|9|H9
13|4|39|56|9|8|3N|W|11|D3
13|4|4|40|73|26|3N|W|7|HQ
13|4|66|62|67|25|5C|W|11|C9
13|4|77|61|71|45|3N|W|7|HK
13|4|82|59|55|60|3N|W|9|HK
13|4|83|78|27|53|5C|E|9|H9
13|5|1|3|2|30|4S|S|11|C9
13|5|13|46|50|48|4S|S|10|DJ
13|5|18|52|49|58|4S|N|10|H4
13|5|20|63|70|64|4S|N|11|H4
13|5|22|79|19|23|4H|S|8|DQ
13|5|24|44|80|16|4S|S|11|C9
13|5|29|81|69|74|3N|S|9|DQ
13|5|37|15|47|75|3N|S|9|DQ
13|5|39|56|9|8|4S|S|10|DQ
13|5|4|40|73|26|4S|S|10|DQ
13|5|66|62|67|25|4S|S|11|C9
13|5|77|61|71|45|4S|N|11|C4
13|5|82|59|55|60|3N|S|8|DQ
13|5|83|78|27|53|5DX|W|7|C5
13|6|1|3|2|30|3N|N|7|H6
13|6|13|46|50|48|3N|S|7|DT
13|6|18|52|49|58|3N|S|6|C2
13|6|20|63|70|64|3N|S|9|DT
13|6|22|79|19|23|3N|S|8|D9
13|6|24|44|80|16|3N|S|9|DT
13|6|29|81|69|74|3N|S|9|C9
13|6|37|15|47|75|3N|S|9|D4
13|6|39|56|9|8|3N|S|8|DT
13|6|4|40|73|26|3N|S|7|D9
13|6|66|62|67|25|3N|S|9|DT
13|6|77|61|71|45|3N|S|6|D9
13|6|82|59|55|60|3CX|W|4|H9
13|6|83|78|27|53|4D|N|8|H5
13|7|1|3|2|30|4H|E|11|D2
13|7|13|46|50|48|4H|E|11|D2
13|7|18|52|49|58|4H|E|11|D2
13|7|20|63|70|64|4H|E|11|D2
13|7|22|79|19|23|5DX|N|10|HA
13|7|24|44|80|16|4HX|E|11|D2
13|7|29|81|69|74|5D|N|9|HA
13|7|37|15|47|75|4H|E|11|D6
13|7|39|56|9|8|4H|E|11|S6
13|7|4|40|73|26|4H|E|11|D2
13|7|66|62|67|25|4H|E|11|D4
13|7|77|61|71|45|4H|E|11|S6
13|7|82|59|55|60|4HX|E|11|D2
13|7|83|78|27|53|6H|E|12|CA
13|8|1|3|2|30|2H|N|8|D3
13|8|13|46|50|48|3D|W|8|SQ
13|8|18|52|49|58|3D|W|8|SQ
13|8|20|63|70|64|2D|W|8|SQ
13|8|22|79|19|23|3H|S|8|D4
13|8|24|44|80|16|2H|N|8|D3
13|8|29|81|69|74|3D|W|8|SQ
13|8|37|15|47|75|1N|N|7|C6
13|8|39|56|9|8|3D|W|9|SQ
13|8|4|40|73|26|1N|E|6|SK
13|8|66|62|67|25|2D|W|9|SQ
13|8|77|61|71|45|3H|N|7|D9
13|8|82|59|55|60|3H|S|9|D2
13|8|83|78|27|53|1N|E|6|SK
13|9|1|3|2|30|P|S|0
13|9|13|46|50|48|P|S|0
13|9|18|52|49|58|1N|N|10|H4
13|9|20|63|70|64|3C|S|10|DA
13|9|22|79|19|23|P|S|0
13|9|24|44|80|16|2N|N|9|DQ
13|9|29|81|69|74|P|S|0
13|9|37|15|47|75|P|S|0
13|9|39|56|9|8|P|S|0
13|9|4|40|73|26|2D|W|6|C5
13|9|66|62|67|25|P|S|0
13|9|77|61|71|45|1N|N|10|H4
13|9|82|59|55|60|2H|N|9|DQ
13|9|83|78|27|53|3N|N|11|H4
