1|1|123|169|10|96|3N|N|10|S3
1|1|17|3|267|233|3N|N|11|D2
1|1|292|198|25|111|3N|N|9|S5
1|1|129|89|239|280|3N|N|9|S3
1|1|207|153|76|101|3N|N|9|S3
1|1|295|65|208|61|3N|N|10|S3
1|1|215|28|224|105|3N|N|9|S3
1|1|192|142|271|87|3N|N|9|S3
1|1|12|114|50|149|3N|N|9|S3
1|1|75|287|126|211|3N|N|9|S3
1|10|123|169|10|96|3N|S|11|D5
1|10|17|3|267|233|3N|S|12|D2
1|10|292|198|25|111|3N|S|10|S8
1|10|129|89|239|280|3N|S|11|D3
1|10|295|65|208|61|3N|S|11|D5
1|10|207|153|76|101|3N|S|11|D5
1|10|215|28|224|105|3N|N|11|S9
1|10|192|142|271|87|3N|S|11|CQ
1|10|12|114|50|149|4H|S|11|CQ
1|10|75|287|126|211|3N|S|11|D5
1|11|123|169|10|96|4D|E|12|C5
1|11|17|3|267|233|4HX|W|8|SK
1|11|129|89|239|280|5C|W|11|SK
1|11|292|198|25|111|6H|W|9|SK
1|11|295|65|208|61|5S|N|8|DA
1|11|207|153|76|101|5C|W|11|SK
1|11|215|28|224|105|4H|W|7|SK
1|11|192|142|271|87|6SX|N|9|DA
1|11|12|114|50|149|5C|W|11|SK
1|11|75|287|126|211|5H|W|9|SK
1|12|17|3|267|233|3S|S|9|C2
1|12|123|169|10|96|4S|S|9|C5
1|12|129|89|239|280|3S|S|8|C4
1|12|292|198|25|111|4S|S|8|C8
1|12|295|65|208|61|4C|E|7|DT
1|12|207|153|76|101|1C|N|5|S2
1|12|215|28|224|105|2S|S|8|C4
1|12|192|142|271|87|3S|S|9|C8
1|12|12|114|50|149|3C|E|7|DT
1|12|75|287|126|211|3N|E|8|S6
1|13|17|3|267|233|2H|S|7|S9
1|13|123|169|10|96|3N|N|8|H7
1|13|129|89|239|280|2C|S|11|S2
1|13|292|198|25|111|2N|N|8|C4
1|13|295|65|208|61|3N|N|10|SQ
1|13|207|153|76|101|3N|S|7|H2
1|13|215|28|224|105|2H|S|8|S2
1|13|192|142|271|87|3N|N|8|SQ
1|13|12|114|50|149|3N|N|4|S8
1|13|75|287|126|211|2C|N|9|DQ
1|14|17|3|267|233|2H|N|9|C6
1|14|123|169|10|96|4H|N|9|C6
1|14|129|89|239|280|2H|N|9|C6
1|14|292|198|25|111|4H|N|8|S7
1|14|295|65|208|61|4H|N|8|C6
1|14|207|153|76|101|4H|N|9|SK
1|14|192|142|271|87|3S|E|8|HK
1|14|215|28|224|105|3H|N|9|C6
1|14|75|287|126|211|2S|E|7|S5
1|14|12|114|50|149|2H|N|8|C8
1|15|17|3|267|233|3N|E|8|D2
1|15|123|169|10|96|3N|E|11|CQ
1|15|129|89|239|280|3N|E|12|S2
1|15|292|198|25|111|3N|E|11|D2
1|15|207|153|76|101|3N|E|10|D2
1|15|295|65|208|61|3N|E|10|D4
1|15|192|142|271|87|3N|E|8|D2
1|15|215|28|224|105|3N|E|10|D2
1|15|75|287|126|211|3N|E|9|D2
1|15|12|114|50|149|3N|E|11|D2
1|16|17|3|267|233|2S|E|10|DJ
1|16|123|169|10|96|3H|N|8|SA
1|16|129|89|239|280|3D|N|6|SA
1|16|292|198|25|111|2S|E|10|HA
1|16|207|153|76|101|3D|N|8|S2
1|16|295|65|208|61|3S|E|10|HA
1|16|192|142|271|87|3H|N|8|SA
1|16|215|28|224|105|2S|E|10|HA
1|16|75|287|126|211|2S|E|10|HA
1|16|12|114|50|149|3H|N|8|H7
1|17|169|185|96|3|4S|W|10|CJ
1|17|123|155|10|47|5CX|N|8|S3
1|17|129|89|239|280|5CX|S|8|SK
1|17|292|261|25|94|5CX|N|8|S4
1|17|207|153|76|101|5CX|N|8|S4
1|17|295|73|208|34|4S|W|11|H5
1|17|192|93|271|87|5CX|N|8|S9
1|17|142|28|224|105|3S|W|10|CJ
1|17|75|12|126|50|5CX|N|9|HT
1|17|287|243|211|270|4S|E|10|CJ
1|18|169|185|96|3|5D|W|7|HK
1|18|123|155|10|47|4SX|W|8|HA
1|18|129|89|239|280|3D|W|7|HA
1|18|292|261|25|94|1N|W|6|HK
1|18|207|153|76|101|2S|W|9|HA
1|18|295|73|208|34|1NX|W|6|HK
1|18|192|93|271|87|2D|W|7|HJ
1|18|142|28|224|105|1N|W|6|HA
1|18|75|12|126|50|2HX|N|8|S2
1|18|287|243|211|270|3S|E|8|HA
1|19|169|185|96|3|5D|S|12|S3
1|19|123|155|10|47|3N|S|12|H3
1|19|129|89|239|280|5D|S|12|S2
1|19|292|261|25|94|3N|S|12|H8
1|19|295|73|208|34|5D|S|12|S7
1|19|207|153|76|101|6D|S|12|S6
1|19|192|93|271|87|3N|S|12|H3
1|19|142|28|224|105|3N|S|12|DQ
1|19|75|12|126|50|3N|S|12|H3
1|19|287|243|211|270|5D|N|12|S5
1|2|123|169|10|96|4H|S|8|D4
1|2|17|3|267|233|4H|S|10|CT
1|2|129|89|239|280|4H|S|11|CT
1|2|292|198|25|111|4H|S|10|D5
1|2|295|65|208|61|5H|S|10|CT
1|2|207|153|76|101|2DX|W|7|D2
1|2|215|28|224|105|4H|S|9|H3
1|2|192|142|271|87|4H|S|11|D2
1|2|75|287|126|211|4H|S|10|D4
1|2|12|114|50|149|4H|S|10|CT
1|20|169|185|96|3|1N|E|7|D7
1|20|123|155|10|47|1NX|E|8|S7
1|20|129|89|239|280|4H|E|9|S7
1|20|292|261|25|94|4H|E|9|S7
1|20|207|153|76|101|3N|E|9|H2
1|20|295|73|208|34|1N|E|6|D2
1|20|192|93|271|87|1N|E|7|D7
1|20|142|28|224|105|1N|E|6|D7
1|20|75|12|126|50|3H|E|9|S7
1|20|287|243|211|270|1N|E|7|D5
1|21|169|185|96|3|2H|S|10|CT
1|21|123|155|10|47|4S|N|10|DK
1|21|292|261|25|94|4H|S|10|CT
1|21|129|89|239|280|2H|S|10|C3
1|21|207|153|76|101|2H|S|10|D3
1|21|295|73|208|34|3N|S|6|CT
1|21|192|93|271|87|2H|S|10|D9
1|21|142|28|224|105|4H|S|10|C9
1|21|75|12|126|50|3N|S|8|CT
1|21|287|243|211|270|2C|E|6|H9
1|22|123|155|10|47|4S|S|9|D4
1|22|169|185|96|3|5S|N|11|C5
1|22|292|261|25|94|4S|S|10|D4
1|22|129|89|239|280|4S|N|11|C3
1|22|207|153|76|101|4S|S|10|D4
1|22|295|73|208|34|4S|N|11|C5
1|22|192|93|271|87|5S|N|10|DA
1|22|142|28|224|105|4S|S|11|D9
1|22|75|12|126|50|4S|S|12|H3
1|22|287|243|211|270|5C|N|11|DK
1|23|123|155|10|47|3N|N|9|H3
1|23|169|185|96|3|3N|S|9|C4
1|23|292|261|25|94|5D|N|8|CJ
1|23|129|89|239|280|3S|S|11|H3
1|23|207|153|76|101|3N|S|9|C4
1|23|295|73|208|34|3N|S|9|C4
1|23|192|93|271|87|3N|S|9|C2
1|23|142|28|224|105|4S|S|11|HT
1|23|75|12|126|50|4H|N|8|D4
1|23|287|243|211|270|3N|N|12|C4
1|24|123|155|10|47|6H|W|12|SQ
1|24|169|185|96|3|5H|W|12|C7
1|24|292|261|25|94|5C|S|8|HA
1|24|129|89|239|280|5H|W|12|C4
1|24|207|153|76|101|6H|W|12|C4
1|24|295|73|208|34|5H|W|12|C4
1|24|192|93|271|87|5H|W|13|SQ
1|24|142|28|224|105|5H|W|12|C8
1|24|75|12|126|50|5H|W|12|C7
1|24|287|243|211|270|5H|E|12|C7
1|25|123|155|10|47|4C|N|10|SA
1|25|169|185|96|3|1N|E|7|D4
1|25|292|261|25|94|2CX|N|8|SA
1|25|129|89|239|280|3D|W|7|CA
1|25|207|153|76|101|2S|W|7|CA
1|25|295|73|208|34|2D|S|5|H9
1|25|192|93|271|87|2D|S|8|H2
1|25|142|28|224|105|2D|S|7|C9
1|25|75|12|126|50|3S|W|6|CA
1|25|287|243|211|270|2D|N|5|H3
1|26|123|155|10|47|4SX|W|11|D2
1|26|169|185|96|3|4S|W|9|D2
1|26|292|261|25|94|4S|W|9|HK
1|26|129|89|239|280|4S|W|9|D2
1|26|207|153|76|101|4SX|W|9|D2
1|26|295|73|208|34|5H|S|10|SA
1|26|192|93|271|87|5H|N|10|S7
1|26|142|28|224|105|4SX|W|8|HK
1|26|75|12|126|50|5SX|W|9|D2
1|26|287|243|211|270|5H|N|10|S5
1|27|123|155|10|47|1CX|W|5|DA
1|27|169|185|96|3|3C|N|9|S4
1|27|292|261|25|94|3N|S|8|S7
1|27|129|89|239|280|1N|N|8|S3
1|27|207|153|76|101|2S|E|7|DJ
1|27|295|73|208|34|1NX|W|5|DK
1|27|192|93|271|87|4H|N|9|S4
1|27|142|28|224|105|2S|W|6|DJ
1|27|287|243|211|270|3D|N|9|D3
1|27|75|12|126|50|2H|S|9|C3
1|28|123|155|10|47|4H|N|11|C3
1|28|169|185|96|3|4H|S|11|H7
1|28|292|261|25|94|4H|S|11|SJ
1|28|129|89|239|280|5H|S|11|SJ
1|28|207|153|76|101|5CX|W|6|H5
1|28|295|73|208|34|5H|S|12|C5
1|28|192|93|271|87|4H|S|11|SJ
1|28|142|28|224|105|5CX|W|6|H2
1|28|287|243|211|270|4H|N|11|SJ
1|28|75|12|126|50|5H|N|11|C3
1|29|123|155|10|47|4H|E|11|HJ
1|29|169|185|96|3|4H|E|10|HJ
1|29|292|261|25|94|6H|E|10|D6
1|29|129|89|239|280|4H|E|12|HJ
1|29|207|153|76|101|4H|E|10|HJ
1|29|295|73|208|34|4H|E|9|C2
1|29|192|93|271|87|4H|E|10|CT
1|29|142|28|224|105|4H|E|12|CT
1|29|287|243|211|270|4H|E|11|HJ
1|29|75|12|126|50|4H|W|10|C3
1|3|17|3|267|233|4H|N|10|DK
1|3|123|169|10|96|4H|N|11|DK
1|3|129|89|239|280|6H|N|10|DQ
1|3|292|198|25|111|4H|N|10|C2
1|3|207|153|76|101|4H|N|10|DK
1|3|295|65|208|61|4H|N|10|DK
1|3|192|142|271|87|4H|N|10|DK
1|3|215|28|224|105|4H|N|11|C5
1|3|75|287|126|211|4H|S|10|DJ
1|3|12|114|50|149|4H|N|10|DK
1|30|123|155|10|47|5S|S|9|HA
1|30|169|185|96|3|4S|N|11|D6
1|30|292|261|25|94|4S|N|10|HA
1|30|129|89|239|280|3C|N|11|HK
1|30|207|153|76|101|4S|S|12|HA
1|30|295|73|208|34|4D|W|10|CK
1|30|142|28|224|105|5C|S|11|HA
1|30|192|93|271|87|3C|N|11|HK
1|30|287|243|211|270|4S|N|9|HA
1|30|75|12|126|50|5SX|N|10|HK
1|31|123|155|10|47|4S|N|7|H8
1|31|169|185|96|3|3D|S|8|HQ
1|31|292|261|25|94|4S|N|8|H5
1|31|129|89|239|280|5D|S|9|HQ
1|31|207|153|76|101|4HX|W|8|HA
1|31|295|73|208|34|2H|E|7|DK
1|31|142|28|224|105|5D|S|8|HJ
1|31|192|93|271|87|3N|N|6|H9
1|31|287|243|211|270|3N|N|7|H6
1|31|75|12|126|50|4S|N|9|D9
1|32|123|155|10|47|5S|N|11|CA
1|32|169|185|96|3|4S|S|11|HT
1|32|292|261|25|94|4S|S|11|HT
1|32|129|89|239|280|4S|S|12|C4
1|32|207|153|76|101|4S|S|11|HT
1|32|295|73|208|34|5S|S|11|C4
1|32|142|28|224|105|4S|S|11|H9
1|32|192|93|271|87|3N|N|7|C7
1|32|287|243|211|270|4S|N|11|H9
1|32|75|12|126|50|3N|N|8|C7
1|4|123|169|10|96|4SX|S|7|HA
1|4|17|3|267|233|4H|E|10|S6
1|4|292|198|25|111|4SX|S|9|HA
1|4|129|89|239|280|4H|E|9|DA
1|4|207|153|76|101|4SX|S|9|HA
1|4|295|65|208|61|4H|E|9|C9
1|4|192|142|271|87|4SX|S|7|HA
1|4|215|28|224|105|4H|E|10|DA
1|4|75|287|126|211|4SX|N|8|H4
1|4|12|114|50|149|4HX|S|7|HA
1|5|123|169|10|96|3N|E|12|SJ
1|5|17|3|267|233|3N|E|13|H2
1|5|292|198|25|111|3N|E|13|H2
1|5|129|89|239|280|3N|E|13|S6
1|5|207|153|76|101|6C|W|12|SK
1|5|295|65|208|61|3N|E|13|H6
1|5|215|28|224|105|3N|E|12|S6
1|5|192|142|271|87|3N|E|13|H2
1|5|12|114|50|149|3N|E|12|H2
1|5|75|287|126|211|3N|E|12|S7
1|6|123|169|10|96|6S|E|13|DA
1|6|17|3|267|233|4S|W|13|H2
1|6|129|89|239|280|4S|E|13|DA
1|6|292|198|25|111|4S|E|13|DK
1|6|295|65|208|61|6S|E|13|DK
1|6|207|153|76|101|6S|E|13|DA
1|6|215|28|224|105|5S|E|13|DA
1|6|192|142|271|87|6S|E|13|DA
1|6|75|287|126|211|5C|W|13|S3
1|6|12|114|50|149|4S|E|13|DK
1|7|17|3|267|233|3N|N|10|D2
1|7|123|169|10|96|3N|N|10|C3
1|7|292|198|25|111|2N|N|8|ST
1|7|129|89|239|280|2N|N|8|C3
1|7|207|153|76|101|2H|W|4|HA
1|7|295|65|208|61|3N|N|8|ST
1|7|192|142|271|87|3N|N|9|ST
1|7|215|28|224|105|3N|N|8|C3
1|7|75|287|126|211|2N|N|10|C3
1|7|12|114|50|149|3N|N|9|C3
1|8|17|3|267|233|4S|E|10|S2
1|8|123|169|10|96|4S|E|9|HA
1|8|129|89|239|280|4S|E|10|S3
1|8|292|198|25|111|3S|E|10|CQ
1|8|295|65|208|61|4S|E|10|CQ
1|8|207|153|76|101|3S|E|9|HA
1|8|215|28|224|105|5HX|S|9|HK
1|8|192|142|271|87|4S|E|10|CQ
1|8|12|114|50|149|3S|E|10|CQ
1|8|75|287|126|211|4S|E|10|S2
1|9|123|169|10|96|3N|N|9|CT
1|9|17|3|267|233|1N|N|9|C2
1|9|129|89|239|280|2N|N|9|H7
1|9|292|198|25|111|1N|N|5|D4
1|9|295|65|208|61|2S|N|10|CT
1|9|207|153|76|101|2S|N|8|H5
1|9|215|28|224|105|1N|N|8|H7
1|9|192|142|271|87|1N|N|7|H7
1|9|12|114|50|149|1N|N|6|D6
1|9|75|287|126|211|2S|S|8|C5
2|1|17|292|267|25|5D|W|11|D2
2|1|23|155|255|47|5D|E|12|SA
2|1|198|73|111|34|3SX|S|9|HT
2|1|65|261|61|94|5D|E|11|CQ
2|1|153|192|101|271|5D|E|11|CQ
2|1|28|295|105|208|5DXX|E|11|CQ
2|1|75|93|126|215|4SX|S|9|HT
2|1|142|243|224|270|5DX|W|11|CA
2|1|123|287|10|211|4HX|E|8|CQ
2|1|106|53|48|1|5DX|E|11|D7
2|10|17|292|267|25|1N|S|6|D2
2|10|23|155|255|47|2H|N|8|DQ
2|10|198|73|111|34|1N|S|9|D4
2|10|65|261|61|94|1N|S|6|D2
2|10|153|192|101|271|2H|N|8|DQ
2|10|28|295|105|208|2H|S|8|DA
2|10|75|93|126|215|2H|S|7|DA
2|10|142|243|224|270|1N|S|6|D4
2|10|123|287|10|211|1N|S|7|DA
2|10|106|53|48|1|1N|S|7|S8
2|11|17|292|267|25|2D|S|9|HJ
2|11|23|155|255|47|3N|N|10|H5
2|11|198|73|111|34|3D|S|9|HJ
2|11|65|261|61|94|2D|S|10|HJ
2|11|153|192|101|271|2D|S|9|HJ
2|11|28|295|105|208|3D|S|9|HJ
2|11|75|93|126|215|3D|S|9|HJ
2|11|142|243|224|270|3N|N|11|H5
2|11|123|287|10|211|2S|N|8|HJ
2|11|106|53|48|1|3D|S|9|CK
2|12|23|155|255|47|3N|W|8|S9
2|12|17|292|267|25|3N|E|7|SJ
2|12|65|261|61|94|3N|W|8|DT
2|12|198|73|111|34|3N|W|9|H3
2|12|28|295|105|208|3N|W|8|D3
2|12|153|192|101|271|3N|E|8|SJ
2|12|75|93|126|215|3N|E|7|SJ
2|12|142|243|224|270|3N|E|8|SJ
2|12|123|287|10|211|3N|E|7|SJ
2|12|106|53|48|1|3N|W|9|D3
2|13|17|292|267|25|3N|S|11|HQ
2|13|23|155|255|47|3N|N|9|H8
2|13|65|261|61|94|3N|S|10|HQ
2|13|198|73|111|34|3N|N|11|H5
2|13|28|295|105|208|3N|N|8|D2
2|13|153|192|101|271|3N|N|10|H8
2|13|75|93|126|215|3N|S|11|HQ
2|13|142|243|224|270|3N|S|10|HQ
2|13|123|287|10|211|3N|N|11|H5
2|13|106|53|48|1|3N|N|10|H8
2|14|17|292|267|25|6CX|W|12|ST
2|14|23|155|255|47|6C|W|12|DQ
2|14|65|261|61|94|5C|W|12|DQ
2|14|198|73|111|34|6C|W|12|H5
2|14|28|295|105|208|6C|W|12|DJ
2|14|153|192|101|271|6C|E|12|SK
2|14|75|93|126|215|5C|W|12|D3
2|14|142|243|224|270|6C|W|12|HJ
2|14|123|287|10|211|6C|W|12|HJ
2|14|106|53|48|1|6C|W|12|DQ
2|15|17|292|267|25|1N|S|7|CT
2|15|23|155|255|47|4H|S|8|CT
2|15|65|261|61|94|1N|S|7|C9
2|15|198|73|111|34|1N|S|7|CT
2|15|28|295|105|208|4H|N|8|H2
2|15|153|192|101|271|4H|S|7|DT
2|15|75|93|126|215|4H|N|8|SJ
2|15|142|243|224|270|4H|S|8|C6
2|15|123|287|10|211|4H|S|8|C9
2|15|106|53|48|1|4H|S|8|CT
2|16|23|155|255|47|4S|S|12|DK
2|16|17|292|267|25|4S|S|11|DK
2|16|65|261|61|94|5S|S|12|DK
2|16|198|73|111|34|4S|N|12|D2
2|16|28|295|105|208|4S|S|12|DK
2|16|153|192|101|271|5S|S|12|DK
2|16|75|93|126|215|4S|S|11|DK
2|16|142|243|224|270|5S|S|12|DK
2|16|123|287|10|211|4S|S|12|DK
2|16|106|53|48|1|4S|S|12|DK
2|17|23|155|255|47|4S|N|11|D8
2|17|169|89|96|280|6S|S|11|DQ
2|17|207|198|76|111|4S|S|11|H6
2|17|129|65|239|61|4S|S|11|DQ
2|17|28|295|105|208|4S|S|11|C2
2|17|153|192|101|271|4S|N|11|HQ
2|17|75|93|126|87|4S|S|11|DK
2|17|215|114|224|149|4S|N|11|S4
2|17|10|12|3|50|4S|N|11|HQ
2|17|106|53|48|1|4S|N|11|HQ
2|18|169|89|96|280|3D|W|9|CQ
2|18|23|155|255|47|2D|W|10|H2
2|18|129|65|239|61|3D|W|9|CK
2|18|207|198|76|111|2H|S|8|D5
2|18|28|295|105|208|2D|W|10|CQ
2|18|153|192|101|271|2D|W|9|H4
2|18|75|93|126|87|2D|W|8|H9
2|18|215|114|224|149|2H|S|7|SJ
2|18|10|12|3|50|1N|W|7|CK
2|18|106|53|48|1|2D|W|8|HQ
2|19|169|89|96|280|4H|N|9|S3
2|19|23|155|255|47|3H|S|8|C7
2|19|129|65|239|61|4H|S|8|DT
2|19|207|198|76|111|2H|N|9|S3
2|19|28|295|105|208|2H|N|9|S9
2|19|153|192|101|271|2H|S|9|C5
2|19|75|93|126|87|3H|N|9|S9
2|19|215|114|224|149|4H|S|9|H7
2|19|10|12|3|50|3N|S|8|SQ
2|19|106|53|48|1|3H|N|9|C5
2|2|17|292|267|25|4C|W|10|SK
2|2|23|155|255|47|4S|S|9|D4
2|2|198|73|111|34|2H|N|8|DK
2|2|65|261|61|94|4S|N|9|H8
2|2|153|192|101|271|5C|W|9|SK
2|2|28|295|105|208|4S|S|9|D5
2|2|75|93|126|215|5CX|W|11|C3
2|2|142|243|224|270|4S|S|9|D5
2|2|123|287|10|211|3H|N|8|DK
2|2|106|53|48|1|3S|S|9|D4
2|20|169|89|96|280|4S|S|11|D2
2|20|23|155|255|47|3N|N|8|C7
2|20|129|65|239|61|4S|S|10|HA
2|20|207|198|76|111|4S|S|11|C9
2|20|28|295|105|208|4S|S|10|HA
2|20|153|192|101|271|4S|S|11|C7
2|20|75|93|126|87|4S|S|10|HA
2|20|215|114|224|149|4S|S|10|HA
2|20|10|12|3|50|3N|N|8|HT
2|20|106|53|48|1|4S|S|11|C9
2|21|169|89|96|280|5D|N|11|HT
2|21|23|155|255|47|3N|S|9|CJ
2|21|207|198|76|111|3N|S|10|SK
2|21|129|65|239|61|3N|S|12|SK
2|21|28|295|105|208|5D|N|11|S4
2|21|153|192|101|271|3N|S|10|SK
2|21|75|93|126|87|3N|S|10|SK
2|21|215|114|224|149|3N|S|10|SK
2|21|10|12|3|50|4H|N|9|HT
2|21|106|53|48|1|3N|S|11|SK
2|22|169|89|96|280|4H|W|11|D5
2|22|23|155|255|47|4H|W|11|D3
2|22|207|198|76|111|5DX|N|8|HK
2|22|129|65|239|61|4H|W|11|S9
2|22|28|295|105|208|5C|E|8|DA
2|22|153|192|101|271|4H|W|11|D3
2|22|75|93|126|87|4H|W|11|D4
2|22|215|114|224|149|4H|W|11|D5
2|22|10|12|3|50|5H|W|11|D2
2|22|106|53|48|1|6S|W|11|DK
2|23|169|89|96|280|2N|E|8|S6
2|23|23|155|255|47|1H|E|9|S4
2|23|207|198|76|111|3N|W|7|SJ
2|23|129|65|239|61|3N|E|9|S4
2|23|28|295|105|208|2N|E|9|S6
2|23|153|192|101|271|2N|E|8|S2
2|23|75|93|126|87|2N|W|8|SJ
2|23|215|114|224|149|3N|W|9|SJ
2|23|10|12|3|50|1N|W|8|SJ
2|23|106|53|48|1|3N|W|8|H2
2|24|169|89|96|280|5S|W|9|HA
2|24|23|155|255|47|4S|W|10|C9
2|24|129|65|239|61|5HX|S|10|SK
2|24|207|198|76|111|4S|W|9|HA
2|24|153|192|101|271|3S|W|9|C7
2|24|28|295|105|208|5HX|S|10|CA
2|24|215|114|224|149|5HX|S|9|H7
2|24|75|93|126|87|5HX|S|10|CA
2|24|10|12|3|50|4S|W|9|S5
2|24|106|53|48|1|5S|W|9|HA
2|25|169|89|96|280|3N|E|9|C8
2|25|23|155|255|47|3N|E|9|D3
2|25|129|65|239|61|3N|E|9|D2
2|25|207|198|76|111|3N|W|8|H5
2|25|153|192|101|271|3N|E|10|HJ
2|25|28|295|105|208|3N|E|10|HJ
2|25|75|93|126|87|3N|E|10|C8
2|25|215|114|224|149|3N|E|10|HJ
2|25|10|12|3|50|3N|E|8|D8
2|25|106|53|48|1|3N|E|10|HJ
2|26|169|89|96|280|5H|S|9|S5
2|26|23|155|255|47|3S|W|9|H7
2|26|129|65|239|61|4S|E|9|CA
2|26|207|198|76|111|4SX|W|9|H6
2|26|28|295|105|208|3S|W|9|C7
2|26|153|192|101|271|4SX|W|9|CJ
2|26|75|93|126|87|5H|S|9|S7
2|26|215|114|224|149|4S|W|9|H7
2|26|10|12|3|50|5HX|S|9|SK
2|26|106|53|48|1|5H|S|9|S5
2|27|23|155|255|47|4S|W|12|S8
2|27|169|89|96|280|5HX|N|11|DK
2|27|207|198|76|111|3H|N|11|DK
2|27|129|65|239|61|5S|W|10|CA
2|27|28|295|105|208|5S|W|10|HK
2|27|153|192|101|271|5HX|N|12|DA
2|27|75|93|126|87|6HX|N|11|DA
2|27|215|114|224|149|5H|N|11|DQ
2|27|10|12|3|50|5SX|W|10|HA
2|27|106|53|48|1|6HX|N|11|DA
2|28|23|155|255|47|2H|N|7|SJ
2|28|169|89|96|280|2H|N|7|SJ
2|28|207|198|76|111|1N|N|8|HT
2|28|129|65|239|61|2C|W|8|HA
2|28|28|295|105|208|2S|E|5|H7
2|28|153|192|101|271|1N|N|7|SJ
2|28|75|93|126|87|1N|N|10|SJ
2|28|215|114|224|149|2H|N|8|C8
2|28|10|12|3|50|2H|N|9|SJ
2|28|106|53|48|1|2H|N|7|C5
2|29|23|155|255|47|4S|E|11|DT
2|29|169|89|96|280|4S|E|11|DT
2|29|207|198|76|111|4S|E|9|CA
2|29|129|65|239|61|4S|E|9|S3
2|29|28|295|105|208|5S|E|10|CA
2|29|153|192|101|271|4S|E|11|DT
2|29|75|93|126|87|4S|E|11|DT
2|29|215|114|224|149|4S|W|10|S3
2|29|10|12|3|50|4S|E|9|S3
2|29|106|53|48|1|4S|E|11|DT
2|3|17|292|267|25|4S|S|12|H4
2|3|23|155|255|47|5S|S|11|D4
2|3|198|73|111|34|4S|N|11|S5
2|3|65|261|61|94|4S|N|11|C5
2|3|153|192|101|271|4S|N|11|HT
2|3|28|295|105|208|4S|S|11|D5
2|3|75|93|126|215|4S|S|12|S4
2|3|142|243|224|270|5S|S|11|S3
2|3|123|287|10|211|3N|S|9|S3
2|3|106|53|48|1|4S|S|11|D2
2|30|23|155|255|47|4S|N|10|C8
2|30|169|89|96|280|4S|N|10|C5
2|30|207|198|76|111|4S|N|11|D8
2|30|129|65|239|61|4S|N|11|C6
2|30|28|295|105|208|3N|S|10|SA
2|30|153|192|101|271|4S|N|11|C4
2|30|75|93|126|87|4S|N|11|D5
2|30|215|114|224|149|4S|N|11|H6
2|30|10|12|3|50|4S|N|11|C5
2|30|106|53|48|1|2HX|E|6|H8
2|31|23|155|255|47|1S|W|7|C4
2|31|169|89|96|280|3C|W|8|C4
2|31|207|198|76|111|2C|W|9|C4
2|31|129|65|239|61|3C|W|9|C5
2|31|28|295|105|208|1N|W|5|H2
2|31|153|192|101|271|3C|W|9|C7
2|31|75|93|126|87|1N|W|7|C4
2|31|215|114|224|149|1H|S|9|C9
2|31|10|12|3|50|1N|W|7|C3
2|31|106|53|48|1|1N|W|7|C4
2|32|23|155|255|47|5DX|S|7|HT
2|32|169|89|96|280|4H|W|10|D3
2|32|207|198|76|111|5DX|S|9|CT
2|32|129|65|239|61|1C|E|6|C3
2|32|28|295|105|208|3H|E|11|D3
2|32|153|192|101|271|5DX|S|8|HK
2|32|75|93|126|87|3H|W|9|D4
2|32|215|114|224|149|5DX|S|8|S8
2|32|10|12|3|50|3H|W|10|D3
2|32|106|53|48|1|3H|W|10|D5
2|4|17|292|267|25|3S|E|9|DK
2|4|23|155|255|47|3S|E|9|DK
2|4|198|73|111|34|4S|E|8|DK
2|4|65|261|61|94|2DX|S|7|C9
2|4|28|295|105|208|3S|E|8|DQ
2|4|153|192|101|271|3H|E|6|DK
2|4|75|93|126|215|3S|E|9|DK
2|4|142|243|224|270|3S|E|8|DK
2|4|123|287|10|211|3S|E|8|DK
2|4|106|53|48|1|3S|E|9|DK
2|5|17|292|267|25|2N|E|9|SQ
2|5|23|155|255|47|3D|S|5|HK
2|5|198|73|111|34|2S|S|8|H2
2|5|65|261|61|94|3H|E|6|CT
2|5|28|295|105|208|3H|E|8|CT
2|5|153|192|101|271|2N|E|8|S6
2|5|75|93|126|215|1N|E|8|S6
2|5|142|243|224|270|1N|E|9|S6
2|5|123|287|10|211|2S|N|6|HA
2|5|106|53|48|1|1N|E|7|SQ
2|6|17|292|267|25|3N|E|8|HT
2|6|23|155|255|47|2S|W|9|H9
2|6|65|261|61|94|2S|W|9|DQ
2|6|198|73|111|34|3S|W|9|DQ
2|6|28|295|105|208|4S|W|9|H9
2|6|153|192|101|271|3N|E|8|D6
2|6|75|93|126|215|2S|W|9|H9
2|6|142|243|224|270|2S|W|7|DQ
2|6|123|287|10|211|3N|E|10|D2
2|6|106|53|48|1|2S|W|9|DQ
2|7|17|292|267|25|3N|E|8|D8
2|7|23|155|255|47|3N|E|9|D2
2|7|198|73|111|34|3N|E|9|D9
2|7|65|261|61|94|3N|E|8|D8
2|7|28|295|105|208|3N|E|8|D8
2|7|153|192|101|271|3N|E|7|D3
2|7|75|93|126|215|3N|E|9|S6
2|7|142|243|224|270|3N|E|7|D8
2|7|123|287|10|211|3N|E|8|D3
2|7|106|53|48|1|3N|E|8|D3
2|8|17|292|267|25|3N|E|9|H2
2|8|23|155|255|47|3N|E|9|H2
2|8|65|261|61|94|3N|E|9|H2
2|8|198|73|111|34|3N|E|10|H7
2|8|28|295|105|208|2HX|S|7|SA
2|8|153|192|101|271|3N|E|11|H7
2|8|75|93|126|215|3N|E|11|H2
2|8|142|243|224|270|3N|E|10|H2
2|8|123|287|10|211|4S|W|10|D2
2|8|106|53|48|1|3N|E|10|H7
2|9|17|292|267|25|4S|E|10|HT
2|9|23|155|255|47|5H|S|9|S4
2|9|198|73|111|34|5H|N|10|H8
2|9|65|261|61|94|6CX|N|10|SA
2|9|153|192|101|271|5S|E|11|C3
2|9|28|295|105|208|5CX|N|11|C5
2|9|75|93|126|215|5H|S|10|S4
2|9|142|243|224|270|3H|N|9|D8
2|9|123|287|10|211|4S|E|9|HJ
2|9|106|53|48|1|5CX|N|11|H4
3|1|17|65|267|61|3H|N|7|SQ
3|1|207|155|76|47|4HX|N|9|SA
3|1|198|254|111|163|4SX|E|10|H3
3|1|192|261|271|94|4S|E|10|H3
3|1|295|243|208|270|3S|E|10|H3
3|1|75|153|126|101|3S|E|9|H4
3|1|142|287|87|211|P||0
3|1|106|93|48|215|4SX|E|10|H3
3|1|292|53|25|1|P||0
3|1|123|23|10|255|3H|N|7|SQ
3|10|17|65|267|61|4H|N|10|D2
3|10|207|155|76|47|4H|S|11|S5
3|10|198|254|111|163|5S|N|9|D7
3|10|192|261|271|94|4H|S|11|S4
3|10|295|243|208|270|6H|S|11|CA
3|10|75|153|126|101|4H|S|11|S5
3|10|142|287|87|211|4H|S|12|CA
3|10|106|93|48|215|4H|S|12|S5
3|10|292|53|25|1|4H|S|11|S6
3|10|123|23|10|255|4S|N|11|D5
3|11|17|65|267|61|4H|S|9|S2
3|11|207|155|76|47|4H|S|9|S8
3|11|198|254|111|163|4H|S|9|S3
3|11|192|261|271|94|4C|N|10|SK
3|11|295|243|208|270|4H|S|10|S3
3|11|75|153|126|101|4C|N|10|SK
3|11|142|287|87|211|4H|S|9|S8
3|11|106|93|48|215|4H|S|9|S8
3|11|292|53|25|1|4C|S|10|SK
3|11|123|23|10|255|4H|S|8|S3
3|12|17|65|267|61|2S|W|7|DK
3|12|207|155|76|47|3N|N|6|SK
3|12|198|254|111|163|2S|N|7|H9
3|12|192|261|271|94|2S|N|8|C4
3|12|295|243|208|270|3C|N|7|SK
3|12|75|153|126|101|2S|W|6|HA
3|12|142|287|87|211|3SX|W|6|CK
3|12|106|93|48|215|1S|N|7|H9
3|12|292|53|25|1|4D|S|9|HK
3|12|123|23|10|255|1S|N|8|H3
3|13|17|65|267|61|3C|E|10|H8
3|13|207|155|76|47|3C|W|8|C3
3|13|198|254|111|163|5CX|W|8|H6
3|13|192|261|271|94|4S|N|8|S6
3|13|295|243|208|270|5C|W|8|C9
3|13|75|153|126|101|2S|S|9|HA
3|13|142|287|87|211|4C|W|8|H9
3|13|106|93|48|215|3S|N|9|DT
3|13|292|53|25|1|3S|N|9|DT
3|13|123|23|10|255|3C|E|8|S5
3|14|17|65|267|61|2S|W|9|C2
3|14|207|155|76|47|3S|W|7|CJ
3|14|198|254|111|163|3S|E|9|H6
3|14|192|261|271|94|5CX|S|10|SQ
3|14|295|243|208|270|4S|W|9|CJ
3|14|75|153|126|101|4S|W|9|CJ
3|14|142|287|87|211|3S|W|9|CJ
3|14|106|93|48|215|3S|W|9|CJ
3|14|292|53|25|1|4S|E|9|CA
3|14|123|23|10|255|4S|W|7|CJ
3|15|17|65|267|61|5C|W|10|SK
3|15|207|155|76|47|3N|E|7|S8
3|15|198|254|111|163|2S|N|7|HA
3|15|192|261|271|94|5C|W|9|SK
3|15|295|243|208|270|4H|E|8|SA
3|15|75|153|126|101|3D|W|11|HQ
3|15|142|287|87|211|3D|W|11|SK
3|15|106|93|48|215|4C|W|11|SK
3|15|292|53|25|1|3D|W|11|HQ
3|15|123|23|10|255|3NX|E|7|D4
3|16|17|65|267|61|4S|N|10|D2
3|16|207|155|76|47|4S|N|10|D7
3|16|198|254|111|163|4S|N|10|D5
3|16|192|261|271|94|4S|N|10|D5
3|16|295|243|208|270|4S|N|10|D5
3|16|75|153|126|101|4S|N|10|H5
3|16|142|287|87|211|2S|N|11|H7
3|16|106|93|48|215|4S|N|10|D7
3|16|292|53|25|1|4S|N|9|H7
3|16|123|23|10|255|4S|N|10|D5
3|17|17|73|267|34|2H|S|6|HK
3|17|65|169|61|96|1N|S|6|HK
3|17|129|254|239|163|2C|E|6|CJ
3|17|192|261|271|94|1N|S|5|HK
3|17|295|114|208|149|2H|N|6|D3
3|17|75|153|126|101|2H|N|7|S3
3|17|93|106|87|48|2H|N|7|C2
3|17|12|142|50|224|1N|S|6|D5
3|17|89|185|280|3|2H|S|7|C7
3|17|53|23|1|255|3H|N|7|C3
3|18|17|73|267|34|4SX|E|8|CA
3|18|65|169|61|96|4HX|W|7|CT
3|18|129|254|239|163|4D|N|10|SJ
3|18|192|261|271|94|3S|W|7|S4
3|18|295|114|208|149|5DX|S|10|SA
3|18|75|153|126|101|5D|N|11|H6
3|18|93|106|87|48|5DX|S|10|SA
3|18|12|142|50|224|4S|E|9|CK
3|18|89|185|280|3|5D|N|10|SJ
3|18|53|23|1|255|5D|S|10|SA
3|19|17|73|267|34|4SX|E|11|S6
3|19|65|169|61|96|4S|W|10|HT
3|19|129|254|239|163|4S|W|9|H4
3|19|192|261|271|94|5HX|S|9|SA
3|19|295|114|208|149|4S|W|11|DK
3|19|75|153|126|101|4S|W|10|S5
3|19|93|106|87|48|5HX|S|8|SA
3|19|12|142|50|224|4H|S|8|SA
3|19|89|185|280|3|5HX|S|8|SK
3|19|53|23|1|255|4S|W|11|HT
3|2|17|65|267|61|2S|E|8|D8
3|2|207|155|76|47|3H|S|8|DK
3|2|198|254|111|163|2S|W|9|C6
3|2|192|261|271|94|2S|W|8|D5
3|2|295|243|208|270|2S|E|8|CK
3|2|75|153|126|101|2S|W|8|C4
3|2|142|287|87|211|2S|E|9|D9
3|2|106|93|48|215|2S|W|9|C6
3|2|292|53|25|1|2S|E|9|D8
3|2|123|23|10|255|2S|E|9|D9
3|20|17|73|267|34|3N|N|10|D6
3|20|65|169|61|96|4H|S|9|DQ
3|20|129|254|239|163|2C|S|9|DQ
3|20|192|261|271|94|3S|N|9|S5
3|20|295|114|208|149|2H|S|10|DQ
3|20|75|153|126|101|3C|S|10|DQ
3|20|93|106|87|48|4H|S|9|DQ
3|20|12|142|50|224|2N|N|9|D4
3|20|89|185|280|3|3N|N|10|D5
3|20|53|23|1|255|3N|N|9|D5
3|21|17|73|267|34|3H|S|10|C2
3|21|65|169|61|96|2S|S|10|C3
3|21|129|254|239|163|3S|S|10|C2
3|21|192|261|271|94|3S|S|10|D2
3|21|295|114|208|149|2H|S|10|H8
3|21|75|153|126|101|4S|S|9|CT
3|21|93|106|87|48|4S|S|10|C7
3|21|12|142|50|224|4S|S|10|C2
3|21|89|185|280|3|4S|S|10|C2
3|21|53|23|1|255|3S|S|10|D2
3|22|17|73|267|34|3N|N|9|C7
3|22|65|169|61|96|4S|S|8|HA
3|22|129|254|239|163|4S|S|10|HA
3|22|192|261|271|94|4S|S|10|HA
3|22|295|114|208|149|4S|N|11|D4
3|22|75|153|126|101|3N|N|10|D3
3|22|93|106|87|48|4S|S|9|HA
3|22|12|142|50|224|4S|S|10|HA
3|22|89|185|280|3|4HX|W|8|S7
3|22|53|23|1|255|4S|S|10|HA
3|23|17|73|267|34|2S|E|10|H7
3|23|65|169|61|96|2S|E|10|H7
3|23|129|254|239|163|2S|E|10|H3
3|23|192|261|271|94|2S|E|8|H5
3|23|295|114|208|149|1N|N|7|S8
3|23|75|153|126|101|3S|E|10|H2
3|23|93|106|87|48|2S|E|9|H8
3|23|12|142|50|224|2S|E|8|CJ
3|23|89|185|280|3|2S|E|9|H3
3|23|53|23|1|255|2S|E|10|H8
3|24|17|73|267|34|4H|S|6|D2
3|24|65|169|61|96|4S|W|9|CK
3|24|129|254|239|163|2S|W|9|CA
3|24|192|261|271|94|3H|S|7|D5
3|24|295|114|208|149|4S|W|9|CK
3|24|75|153|126|101|3S|E|8|S6
3|24|93|106|87|48|3HX|S|5|C4
3|24|12|142|50|224|4C|N|7|SK
3|24|89|185|280|3|2S|E|8|S4
3|24|53|23|1|255|2S|E|8|C6
3|25|17|73|267|34|4H|E|10|C7
3|25|65|169|61|96|4H|E|10|D5
3|25|129|254|239|163|5H|E|11|DT
3|25|192|261|271|94|4SX|S|8|CQ
3|25|295|114|208|149|4SX|S|8|H7
3|25|75|153|126|101|3S|S|8|H3
3|25|93|106|87|48|3S|S|8|H4
3|25|12|142|50|224|3S|S|8|H9
3|25|89|185|280|3|4S|S|9|H7
3|25|53|23|1|255|4SX|S|8|H4
3|26|17|73|267|34|5D|E|9|HT
3|26|65|169|61|96|4D|E|9|HT
3|26|129|254|239|163|5D|E|9|H9
3|26|192|261|271|94|3D|E|10|DA
3|26|295|114|208|149|4D|E|10|ST
3|26|75|153|126|101|4D|E|10|H5
3|26|93|106|87|48|5D|E|9|H9
3|26|12|142|50|224|3D|E|9|HT
3|26|89|185|280|3|3H|N|8|SQ
3|26|53|23|1|255|2D|E|9|H4
3|27|17|73|267|34|4H|S|10|DA
3|27|65|169|61|96|5DX|W|9|HQ
3|27|129|254|239|163|4H|S|10|DA
3|27|192|261|271|94|5H|S|10|DA
3|27|75|153|126|101|4S|N|11|DJ
3|27|295|114|208|149|4H|S|10|DA
3|27|12|142|50|224|4H|S|10|DA
3|27|93|106|87|48|5H|S|10|DA
3|27|53|23|1|255|4S|N|10|D3
3|27|89|185|280|3|4H|S|10|DK
3|28|17|73|267|34|2H|W|10|ST
3|28|65|169|61|96|4H|W|10|ST
3|28|129|254|239|163|2H|W|8|D5
3|28|192|261|271|94|2H|W|9|C3
3|28|295|114|208|149|2H|W|9|C3
3|28|75|153|126|101|2H|W|9|C5
3|28|93|106|87|48|2H|W|10|S9
3|28|12|142|50|224|2H|W|9|ST
3|28|89|185|280|3|4H|W|10|ST
3|28|53|23|1|255|2H|W|10|ST
3|29|17|73|267|34|2S|W|9|CK
3|29|65|169|61|96|2S|W|9|H2
3|29|129|254|239|163|1N|E|9|H2
3|29|192|261|271|94|2S|W|10|H9
3|29|295|114|208|149|4S|W|9|D2
3|29|75|153|126|101|3S|W|9|H4
3|29|93|106|87|48|2N|E|10|H3
3|29|12|142|50|224|2S|W|9|H4
3|29|89|185|280|3|3S|W|9|H4
3|29|53|23|1|255|2S|W|9|D5
3|3|17|65|267|61|2H|N|7|S7
3|3|207|155|76|47|4C|E|10|C5
3|3|198|254|111|163|3H|N|6|S7
3|3|192|261|271|94|4C|W|9|D8
3|3|295|243|208|270|3H|N|6|S7
3|3|75|153|126|101|3H|N|7|S7
3|3|142|287|87|211|4C|E|10|H3
3|3|106|93|48|215|2H|N|7|S7
3|3|292|53|25|1|2H|N|7|S7
3|3|123|23|10|255|2H|N|6|S7
3|30|17|73|267|34|6H|S|11|C2
3|30|65|169|61|96|3N|N|10|D2
3|30|129|254|239|163|4H|S|11|S8
3|30|192|261|271|94|2SX|E|5|HA
3|30|295|114|208|149|4H|S|11|S4
3|30|75|153|126|101|4H|S|11|S3
3|30|93|106|87|48|4H|S|11|C6
3|30|12|142|50|224|6H|N|10|SQ
3|30|89|185|280|3|4H|S|11|HJ
3|30|53|23|1|255|4H|S|11|D4
3|31|17|73|267|34|2S|N|7|DQ
3|31|65|169|61|96|3N|N|8|DQ
3|31|129|254|239|163|3HX|E|5|ST
3|31|192|261|271|94|3HX|E|8|C8
3|31|295|114|208|149|3N|N|6|DQ
3|31|75|153|126|101|3NX|N|8|DQ
3|31|93|106|87|48|4S|N|8|DQ
3|31|12|142|50|224|3C|S|9|H4
3|31|89|185|280|3|4S|N|8|DQ
3|31|53|23|1|255|3N|N|9|DQ
3|32|17|73|267|34|4H|W|11|S4
3|32|65|169|61|96|5H|W|11|CT
3|32|129|254|239|163|4H|W|9|D5
3|32|192|261|271|94|5CX|S|6|SK
3|32|295|114|208|149|5H|W|11|CT
3|32|75|153|126|101|4H|E|11|CT
3|32|93|106|87|48|4H|W|9|D5
3|32|12|142|50|224|2H|W|11|C4
3|32|89|185|280|3|5HX|W|11|CT
3|32|53|23|1|255|5CX|S|6|SA
3|4|17|65|267|61|4S|N|10|HK
3|4|207|155|76|47|4S|N|10|HK
3|4|198|254|111|163|2S|S|10|HA
3|4|192|261|271|94|4S|N|10|DA
3|4|295|243|208|270|4S|N|10|HK
3|4|75|153|126|101|4S|N|10|S7
3|4|142|287|87|211|4S|N|10|HK
3|4|106|93|48|215|2S|N|10|HK
3|4|292|53|25|1|4S|N|10|HK
3|4|123|23|10|255|2S|S|10|HA
3|5|17|65|267|61|2S|S|7|HA
3|5|207|155|76|47|2S|S|7|DJ
3|5|198|254|111|163|2D|N|8|HJ
3|5|192|261|271|94|2H|W|6|S6
3|5|295|243|208|270|2D|S|8|DJ
3|5|75|153|126|101|3D|N|8|HJ
3|5|142|287|87|211|2H|W|6|DA
3|5|106|93|48|215|3D|N|9|HJ
3|5|292|53|25|1|3D|N|7|HJ
3|5|123|23|10|255|3D|N|7|HJ
3|6|17|65|267|61|3N|N|9|S2
3|6|207|155|76|47|4H|S|10|H3
3|6|198|254|111|163|4H|S|9|S6
3|6|192|261|271|94|2H|S|9|C2
3|6|295|243|208|270|4H|S|9|C6
3|6|75|153|126|101|1NX|E|5|H6
3|6|142|287|87|211|1N|N|8|S4
3|6|106|93|48|215|3N|S|8|S6
3|6|292|53|25|1|4H|S|9|C3
3|6|123|23|10|255|4H|S|9|C3
3|7|17|65|267|61|2S|S|10|CK
3|7|207|155|76|47|4S|N|10|D4
3|7|198|254|111|163|4S|S|10|H2
3|7|192|261|271|94|4S|S|10|H2
3|7|295|243|208|270|4S|S|10|CA
3|7|75|153|126|101|4S|N|10|S4
3|7|142|287|87|211|2H|E|6|DK
3|7|106|93|48|215|2S|S|10|H2
3|7|292|53|25|1|4S|S|10|H2
3|7|123|23|10|255|4S|S|10|H3
3|8|17|65|267|61|3D|N|9|HK
3|8|207|155|76|47|3D|N|9|HK
3|8|198|254|111|163|3D|N|9|HK
3|8|192|261|271|94|1N|W|6|DT
3|8|295|243|208|270|2N|S|8|H5
3|8|75|153|126|101|1N|W|4|DK
3|8|142|287|87|211|3N|N|8|HK
3|8|106|93|48|215|3N|N|9|C4
3|8|292|53|25|1|3D|N|9|HK
3|8|123|23|10|255|4D|N|9|HK
3|9|17|65|267|61|3D|N|10|C2
3|9|207|155|76|47|3N|S|7|H2
3|9|198|254|111|163|3N|S|9|C8
3|9|192|261|271|94|3D|N|9|H6
3|9|295|243|208|270|3N|S|10|H2
3|9|75|153|126|101|3C|S|9|H3
3|9|142|287|87|211|3N|S|10|D4
3|9|106|93|48|215|3D|N|9|H4
3|9|292|53|25|1|3D|N|8|H2
3|9|123|23|10|255|3D|N|10|H6
4|1|219|17|105|267|3H|W|8|C8
4|1|169|254|96|163|2S|N|10|D9
4|1|114|129|75|239|3S|N|9|H3
4|1|261|126|94|31|2S|N|9|H7
4|1|12|153|50|101|3S|N|7|H3
4|1|295|287|208|211|2S|N|9|H7
4|1|123|142|10|87|3S|N|8|H8
4|1|215|53|224|1|3S|N|9|H8
4|1|23|65|255|61|3S|N|8|H7
4|1|207|292|76|25|3H|W|7|C2
4|10|219|17|105|267|4H|S|10|D4
4|10|169|254|96|163|4H|S|10|C8
4|10|114|129|75|239|3N|S|10|S4
4|10|261|126|94|31|4H|S|10|C9
4|10|12|153|50|101|4H|S|10|C8
4|10|295|287|208|211|4H|S|10|D4
4|10|123|142|10|87|4H|S|10|C9
4|10|215|53|224|1|4H|S|10|H9
4|10|23|65|255|61|4H|S|10|DA
4|10|207|292|76|25|4H|S|10|DA
4|11|219|17|105|267|1N|N|9|S6
4|11|169|254|96|163|1N|N|6|ST
4|11|114|129|75|239|3N|S|10|DQ
4|11|261|126|94|31|3C|S|10|S7
4|11|12|153|50|101|3N|S|10|DQ
4|11|295|287|208|211|1N|N|6|S6
4|11|123|142|10|87|5C|N|10|D6
4|11|215|53|224|1|3N|S|10|DQ
4|11|23|65|255|61|3N|S|10|DA
4|11|207|292|76|25|3N|S|10|DQ
4|12|219|17|105|267|4S|N|12|C3
4|12|169|254|96|163|6S|N|12|HA
4|12|114|129|75|239|4S|N|12|D2
4|12|261|126|94|31|4S|N|12|D6
4|12|12|153|50|101|4S|N|12|D2
4|12|295|287|208|211|4S|N|12|HA
4|12|123|142|10|87|6S|N|12|D2
4|12|215|53|224|1|4S|N|11|C8
4|12|23|65|255|61|6S|N|12|S3
4|12|207|292|76|25|4S|N|12|S9
4|13|219|17|105|267|6C|W|12|S5
4|13|169|254|96|163|5C|W|12|HT
4|13|114|129|75|239|6C|W|12|DA
4|13|261|126|94|31|3N|E|13|C7
4|13|12|153|50|101|6C|W|12|HT
4|13|295|287|208|211|7CX|W|12|DA
4|13|123|142|10|87|6C|W|12|HT
4|13|215|53|224|1|6C|W|12|DA
4|13|23|65|255|61|6C|W|12|HT
4|13|207|292|76|25|6C|W|12|DA
4|14|219|17|105|267|6N|W|12|DT
4|14|169|254|96|163|6H|E|12|SQ
4|14|114|129|75|239|6N|W|12|DT
4|14|261|126|94|31|4H|E|12|HA
4|14|12|153|50|101|6H|E|12|SQ
4|14|295|287|208|211|4H|E|12|SQ
4|14|123|142|10|87|6H|E|12|SQ
4|14|215|53|224|1|6H|E|12|SQ
4|14|23|65|255|61|6H|E|12|SQ
4|14|207|292|76|25|4H|E|12|SQ
4|15|219|17|105|267|4H|S|10|DK
4|15|169|254|96|163|4H|S|12|CJ
4|15|114|129|75|239|4H|S|10|DK
4|15|261|126|94|31|4H|S|12|DK
4|15|12|153|50|101|4H|S|10|DK
4|15|295|287|208|211|4H|S|11|DK
4|15|123|142|10|87|4H|S|10|CJ
4|15|215|53|224|1|4H|S|10|DK
4|15|23|65|255|61|4H|S|10|CJ
4|15|207|292|76|25|4H|S|11|DK
4|16|219|17|105|267|2H|N|7|S6
4|16|169|254|96|163|3N|W|10|D4
4|16|114|129|75|239|2H|S|6|CA
4|16|261|126|94|31|2H|N|6|C8
4|16|12|153|50|101|3C|W|10|HA
4|16|295|287|208|211|2H|N|7|C8
4|16|123|142|10|87|3N|E|10|H3
4|16|215|53|224|1|3N|E|10|HA
4|16|23|65|255|61|3N|E|9|H5
4|16|207|292|76|25|3N|E|10|D7
4|17|219|17|105|267|3N|W|9|CJ
4|17|155|254|47|163|5D|W|11|HK
4|17|126|129|31|239|3N|W|9|HA
4|17|261|114|94|75|3N|W|10|HK
4|17|12|153|50|101|3N|W|9|HA
4|17|295|287|208|211|3N|W|9|HK
4|17|53|93|1|87|3N|W|9|CQ
4|17|142|123|224|10|5D|W|11|HA
4|17|89|73|280|34|3N|W|9|HK
4|17|207|292|76|25|3N|W|9|HA
4|18|219|17|105|267|4D|N|9|HA
4|18|155|254|47|163|3H|E|10|DK
4|18|126|129|31|239|4D|S|6|H8
4|18|261|114|94|75|3S|W|8|C6
4|18|12|153|50|101|3N|S|2|H9
4|18|295|287|208|211|3S|W|9|C6
4|18|53|93|1|87|5D|N|9|S9
4|18|142|123|224|10|4D|N|9|D3
4|18|89|73|280|34|5D|S|10|SA
4|18|207|292|76|25|3S|W|8|C6
4|19|219|17|105|267|3H|N|7|S2
4|19|155|254|47|163|3H|N|9|DJ
4|19|126|129|31|239|2H|N|7|DJ
4|19|261|114|94|75|2H|N|8|DJ
4|19|12|153|50|101|2N|N|7|C7
4|19|295|287|208|211|2H|N|8|S4
4|19|53|93|1|87|2H|N|10|C7
4|19|142|123|224|10|2H|N|7|HJ
4|19|89|73|280|34|2H|N|9|DJ
4|19|207|292|76|25|1N|N|11|C7
4|2|219|17|105|267|2S|W|10|S5
4|2|169|254|96|163|4S|W|10|H8
4|2|114|129|75|239|4SX|E|10|H9
4|2|261|126|94|31|4SX|W|10|SQ
4|2|12|153|50|101|4S|W|11|CK
4|2|295|287|208|211|4SX|W|10|CK
4|2|123|142|10|87|4SX|W|10|SQ
4|2|215|53|224|1|3S|W|10|CK
4|2|23|65|255|61|4SX|W|10|H5
4|2|207|292|76|25|4S|W|10|H5
4|20|219|17|105|267|2S|W|10|CK
4|20|155|254|47|163|4S|E|10|C4
4|20|126|129|31|239|3S|E|9|C4
4|20|261|114|94|75|3S|E|10|S9
4|20|12|153|50|101|4SX|E|9|S7
4|20|295|287|208|211|3C|N|9|SK
4|20|53|93|1|87|4S|E|9|C4
4|20|142|123|224|10|4S|E|9|S7
4|20|89|73|280|34|3C|N|9|HT
4|20|207|292|76|25|3S|E|9|S9
4|21|219|17|105|267|3N|N|9|S6
4|21|155|254|47|163|3N|N|10|HK
4|21|126|129|31|239|3N|N|10|HK
4|21|261|114|94|75|3N|N|9|HK
4|21|12|153|50|101|3N|N|9|D3
4|21|295|287|208|211|3N|N|9|HQ
4|21|53|93|1|87|3N|N|9|HQ
4|21|142|123|224|10|3N|N|9|HK
4|21|89|73|280|34|3N|N|9|C4
4|21|207|292|76|25|3N|N|10|HQ
4|22|219|17|105|267|4H|N|8|C6
4|22|155|254|47|163|4H|S|7|DJ
4|22|126|129|31|239|4H|N|8|S4
4|22|261|114|94|75|3N|S|6|DJ
4|22|12|153|50|101|4H|S|8|DJ
4|22|295|287|208|211|3N|S|7|S2
4|22|53|93|1|87|4H|N|7|S6
4|22|142|123|224|10|4H|S|7|DJ
4|22|89|73|280|34|3N|S|7|DT
4|22|207|292|76|25|4H|N|8|DQ
4|23|219|17|105|267|4HX|S|8|DQ
4|23|155|254|47|163|4HX|S|8|DQ
4|23|126|129|31|239|5DX|N|7|DA
4|23|261|114|94|75|4HX|S|8|DQ
4|23|12|153|50|101|4HX|S|7|S2
4|23|295|287|208|211|3HX|S|8|DQ
4|23|53|93|1|87|4HX|S|8|DQ
4|23|142|123|224|10|4H|S|8|DQ
4|23|89|73|280|34|2H|N|8|S2
4|23|207|292|76|25|4HX|S|8|DQ
4|24|219|17|105|267|3N|W|8|D7
4|24|155|254|47|163|3N|W|9|D7
4|24|126|129|31|239|3N|W|9|D6
4|24|261|114|94|75|3N|E|8|D2
4|24|12|153|50|101|3N|E|10|DQ
4|24|295|287|208|211|3N|W|6|D3
4|24|53|93|1|87|3N|E|11|D4
4|24|142|123|224|10|3N|E|7|DQ
4|24|89|73|280|34|3N|W|10|D6
4|24|207|292|76|25|5C|W|11|S9
4|25|219|17|105|267|5D|S|10|CQ
4|25|155|254|47|163|3D|N|10|SJ
4|25|126|129|31|239|2D|S|10|D6
4|25|261|114|94|75|3N|N|8|S2
4|25|12|153|50|101|3D|S|12|CQ
4|25|295|287|208|211|5D|S|10|CQ
4|25|53|93|1|87|3D|S|12|CQ
4|25|142|123|224|10|2D|S|10|D6
4|25|89|73|280|34|5D|S|10|SA
4|25|207|292|76|25|5DX|S|10|CQ
4|26|219|17|105|267|2S|N|7|C2
4|26|155|254|47|163|3N|E|9|SJ
4|26|126|129|31|239|3N|W|9|S2
4|26|261|114|94|75|3N|W|10|S2
4|26|12|153|50|101|3N|E|9|SJ
4|26|295|287|208|211|3N|W|9|C7
4|26|53|93|1|87|3N|E|10|S4
4|26|142|123|224|10|3N|E|9|SJ
4|26|89|73|280|34|3N|W|10|S2
4|26|207|292|76|25|3N|W|9|S2
4|27|219|17|105|267|5S|E|12|S7
4|27|155|254|47|163|4S|E|10|HJ
4|27|126|129|31|239|4S|E|10|HJ
4|27|261|114|94|75|6N|W|11|CJ
4|27|12|153|50|101|4S|E|10|HJ
4|27|295|287|208|211|6S|W|12|S4
4|27|53|93|1|87|4S|E|10|HJ
4|27|142|123|224|10|3N|W|12|HQ
4|27|89|73|280|34|4S|W|11|CJ
4|27|207|292|76|25|6S|W|12|S4
4|28|219|17|105|267|4H|E|9|CK
4|28|155|254|47|163|3D|E|8|CK
4|28|126|129|31|239|3H|E|9|CA
4|28|261|114|94|75|1H|E|9|CK
4|28|12|153|50|101|1H|E|9|CA
4|28|295|287|208|211|3H|E|9|CK
4|28|53|93|1|87|4HX|E|9|CK
4|28|142|123|224|10|3S|N|8|HA
4|28|89|73|280|34|3S|N|8|HA
4|28|207|292|76|25|2C|E|9|CK
4|29|219|17|105|267|2H|S|8|CT
4|29|155|254|47|163|3C|N|9|SK
4|29|126|129|31|239|4C|N|9|SK
4|29|261|114|94|75|2S|E|7|SA
4|29|12|153|50|101|3N|S|8|S9
4|29|295|287|208|211|3C|N|9|SK
4|29|53|93|1|87|2S|E|8|SA
4|29|142|123|224|10|3C|N|9|SK
4|29|89|73|280|34|2H|S|10|SJ
4|29|207|292|76|25|3C|N|9|SQ
4|3|219|17|105|267|2S|N|10|S6
4|3|169|254|96|163|2S|N|8|S5
4|3|114|129|75|239|2S|N|9|S5
4|3|261|126|94|31|2D|W|6|CK
4|3|12|153|50|101|3H|S|6|DJ
4|3|295|287|208|211|2C|N|9|HK
4|3|123|142|10|87|2S|N|8|S5
4|3|215|53|224|1|5C|N|8|C3
4|3|23|65|255|61|2S|N|9|C3
4|3|207|292|76|25|2S|N|9|C3
4|30|219|17|105|267|4S|E|9|CQ
4|30|155|254|47|163|4S|E|8|D3
4|30|126|129|31|239|3H|N|8|C9
4|30|261|114|94|75|4S|W|9|C6
4|30|12|153|50|101|4S|W|9|C2
4|30|295|287|208|211|3S|E|9|H2
4|30|53|93|1|87|4S|W|9|C2
4|30|142|123|224|10|3N|W|8|HQ
4|30|89|73|280|34|2N|W|8|S9
4|30|207|292|76|25|2HX|N|7|C3
4|31|219|17|105|267|2H|S|10|H3
4|31|155|254|47|163|1N|W|7|HQ
4|31|126|129|31|239|1N|W|4|HQ
4|31|261|114|94|75|1N|W|7|H2
4|31|12|153|50|101|4DX|E|9|HK
4|31|295|287|208|211|3H|N|9|D9
4|31|53|93|1|87|1N|W|7|HQ
4|31|142|123|224|10|3D|E|8|H6
4|31|89|73|280|34|3H|N|10|D5
4|31|207|292|76|25|3H|N|9|D9
4|32|219|17|105|267|5D|S|11|SK
4|32|155|254|47|163|2D|S|12|DJ
4|32|126|129|31|239|4H|N|11|SA
4|32|261|114|94|75|3N|N|7|S2
4|32|12|153|50|101|4D|S|12|H9
4|32|295|287|208|211|4H|N|12|D3
4|32|53|93|1|87|4H|N|12|D5
4|32|142|123|224|10|4D|S|12|SK
4|32|89|73|280|34|3N|N|7|S7
4|32|207|292|76|25|3D|N|12|SK
4|4|219|17|105|267|2S|W|5|C4
4|4|169|254|96|163|2H|N|10|C2
4|4|114|129|75|239|2S|W|7|C4
4|4|261|126|94|31|2H|N|9|S4
4|4|12|153|50|101|2S|E|7|HQ
4|4|295|287|208|211|2S|E|6|C4
4|4|123|142|10|87|2H|N|10|C2
4|4|215|53|224|1|3S|N|9|C9
4|4|23|65|255|61|2S|W|8|C4
4|4|207|292|76|25|2H|N|10|S4
4|5|219|17|105|267|5H|S|11|D8
4|5|169|254|96|163|6H|S|12|H5
4|5|114|129|75|239|4H|N|12|H4
4|5|261|126|94|31|4S|S|11|D8
4|5|12|153|50|101|5H|S|11|D8
4|5|295|287|208|211|4H|N|12|H6
4|5|123|142|10|87|4H|N|12|H7
4|5|215|53|224|1|4H|S|12|C9
4|5|23|65|255|61|4H|S|11|D8
4|5|207|292|76|25|4H|S|11|D8
4|6|219|17|105|267|3D|W|8|S7
4|6|169|254|96|163|5CX|E|9|HQ
4|6|114|129|75|239|3D|W|9|HA
4|6|261|126|94|31|3D|W|4|HA
4|6|12|153|50|101|4HX|N|9|SK
4|6|295|287|208|211|3C|E|10|S8
4|6|123|142|10|87|2N|W|5|HA
4|6|215|53|224|1|3C|W|11|S6
4|6|23|65|255|61|2N|W|10|S4
4|6|207|292|76|25|3N|W|5|S6
4|7|219|17|105|267|3H|N|9|SA
4|7|169|254|96|163|4H|N|9|SA
4|7|114|129|75|239|3H|N|9|SA
4|7|261|126|94|31|4H|N|9|SK
4|7|12|153|50|101|3H|N|7|SK
4|7|295|287|208|211|3H|N|9|SA
4|7|123|142|10|87|3H|N|9|SA
4|7|215|53|224|1|3H|N|9|SA
4|7|23|65|255|61|3H|N|9|SK
4|7|207|292|76|25|3H|N|8|SK
4|8|219|17|105|267|4S|N|9|HK
4|8|169|254|96|163|4S|N|9|HK
4|8|114|129|75|239|4S|N|10|S4
4|8|261|126|94|31|5HX|E|8|DK
4|8|12|153|50|101|4S|S|10|HA
4|8|295|287|208|211|5S|S|10|HA
4|8|123|142|10|87|4S|N|10|HK
4|8|215|53|224|1|4S|N|10|D5
4|8|23|65|255|61|4S|N|10|H2
4|8|207|292|76|25|4S|N|9|HQ
4|9|219|17|105|267|1N|E|8|SJ
4|9|169|254|96|163|3H|N|9|CJ
4|9|114|129|75|239|3H|N|10|S6
4|9|261|126|94|31|4H|N|10|CJ
4|9|12|153|50|101|2H|N|9|CJ
4|9|295|287|208|211|3H|N|10|S2
4|9|123|142|10|87|4HX|N|10|S2
4|9|215|53|224|1|2H|N|10|CJ
4|9|23|65|255|61|2H|N|9|HT
4|9|207|292|76|25|3H|S|10|SA
5|1|169|114|96|75|2D|E|9|SA
5|1|126|155|31|47|3D|E|8|SA
5|1|129|287|239|211|3D|E|9|SA
5|1|106|261|12|94|1N|E|9|C5
5|1|208|93|195|87|2D|E|9|SA
5|1|215|153|224|101|1N|E|8|C5
5|1|192|89|271|280|2S|N|5|H2
5|1|23|219|255|105|3D|E|9|SA
5|1|65|185|61|3|2D|E|8|SA
5|1|53|73|1|34|3D|W|10|CT
5|10|169|114|96|75|P||0
5|10|126|155|31|47|4H|W|10|DA
5|10|129|287|239|211|P||0
5|10|106|261|12|94|4H|W|9|SQ
5|10|208|93|195|87|4H|E|9|DK
5|10|215|153|224|101|4H|W|8|H6
5|10|192|89|271|280|4H|W|8|H6
5|10|23|219|255|105|4H|W|10|CT
5|10|65|185|61|3|3H|W|10|H6
5|10|53|73|1|34|P||0
5|11|169|114|96|75|5C|W|9|DA
5|11|126|155|31|47|5C|W|9|SJ
5|11|106|261|12|94|4H|E|6|DJ
5|11|208|93|195|87|4D|N|9|CQ
5|11|215|153|224|101|2S|W|7|DA
5|11|192|89|271|280|5C|W|9|DA
5|11|23|219|255|105|5C|W|9|SQ
5|11|65|185|61|3|5DX|S|9|CA
5|11|53|73|1|34|4DX|S|9|CA
5|12|169|114|96|75|4H|S|11|DA
5|12|126|155|31|47|4H|S|11|DA
5|12|129|287|239|211|5DX|W|7|H5
5|12|106|261|12|94|6C|N|12|DJ
5|12|208|93|195|87|4H|S|10|S7
5|12|215|153|224|101|4H|S|10|S7
5|12|192|89|271|280|2H|S|10|S6
5|12|23|219|255|105|4H|S|11|DA
5|12|65|185|61|3|5DX|W|7|H2
5|12|53|73|1|34|4C|N|11|DJ
5|13|169|114|96|75|3S|E|7|H2
5|13|126|155|31|47|2S|E|7|H5
5|13|129|287|239|211|3N|W|7|H6
5|13|106|261|12|94|2S|E|7|C8
5|13|208|93|195|87|2N|E|6|H2
5|13|215|153|224|101|2S|E|7|H2
5|13|192|89|271|280|3N|W|6|H8
5|13|23|219|255|105|3N|E|6|H2
5|13|65|185|61|3|2S|E|7|H7
5|13|53|73|1|34|1N|W|8|D2
5|14|169|114|96|75|4H|S|11|D2
5|14|126|155|31|47|5H|S|11|ST
5|14|129|287|239|211|4H|S|11|H4
5|14|106|261|12|94|4H|S|11|D2
5|14|208|93|195|87|6H|S|12|CA
5|14|215|153|224|101|4H|S|11|D2
5|14|192|89|271|280|4H|S|11|D3
5|14|23|219|255|105|6H|S|11|S9
5|14|65|185|61|3|4H|S|10|ST
5|14|53|73|1|34|6H|S|12|CA
5|15|169|114|96|75|3S|E|8|CK
5|15|126|155|31|47|5C|S|7|S3
5|15|129|287|239|211|2D|E|8|CA
5|15|106|261|12|94|2H|W|9|CQ
5|15|208|93|195|87|2S|E|8|CA
5|15|215|153|224|101|3C|N|8|SK
5|15|192|89|271|280|2N|S|8|DQ
5|15|23|219|255|105|2D|E|9|CA
5|15|65|185|61|3|3C|N|8|SK
5|15|53|73|1|34|3N|N|8|DQ
5|16|169|114|96|75|5CX|S|10|HK
5|16|126|155|31|47|4C|S|10|HK
5|16|129|287|239|211|5C|S|10|HK
5|16|106|261|12|94|6DX|N|10|HA
5|16|208|93|195|87|3C|S|10|HQ
5|16|215|153|224|101|5C|S|10|HK
5|16|192|89|271|280|5DX|N|10|HA
5|16|23|219|255|105|4C|S|10|HK
5|16|65|185|61|3|5C|S|10|HK
5|16|53|73|1|34|4C|S|9|HK
5|17|169|114|96|75|2H|S|9|D2
5|17|126|155|31|47|4H|S|9|HT
5|17|129|211|239|106|3D|S|7|CA
5|17|12|261|50|94|4H|S|9|HT
5|17|295|93|195|215|4H|S|9|D2
5|17|142|153|224|101|3H|S|8|D2
5|17|192|292|271|25|3C|W|7|C3
5|17|23|219|255|105|4H|S|10|H9
5|17|65|185|61|3|3N|N|8|C4
5|17|123|207|10|76|2H|S|9|D2
5|18|169|114|96|75|6N|E|11|S5
5|18|126|155|31|47|6H|E|11|HT
5|18|129|211|239|106|6H|E|12|HT
5|18|12|261|50|94|4H|E|12|S5
5|18|295|93|195|215|6H|W|11|DT
5|18|142|153|224|101|7H|E|11|H2
5|18|192|292|271|25|7H|E|11|S5
5|18|23|219|255|105|6H|E|12|HT
5|18|65|185|61|3|6H|W|12|DT
5|18|123|207|10|76|6H|E|11|HT
5|19|169|114|96|75|4H|N|11|CA
5|19|126|155|31|47|4H|N|10|CK
5|19|129|211|239|106|4H|N|11|CA
5|19|12|261|50|94|3N|S|7|SQ
5|19|295|93|195|215|4H|N|10|CA
5|19|142|153|224|101|4H|N|11|CA
5|19|192|292|271|25|4H|N|10|CA
5|19|23|219|255|105|4H|N|12|CA
5|19|65|185|61|3|4H|N|12|CA
5|19|123|207|10|76|4H|N|12|H2
5|2|169|114|96|75|4H|S|12|CA
5|2|126|155|31|47|4H|S|11|CA
5|2|129|287|239|211|5H|N|13|D2
5|2|106|261|12|94|3N|W|6|SA
5|2|208|93|195|87|6H|N|12|C3
5|2|215|153|224|101|6H|S|12|CK
5|2|192|89|271|280|5HX|N|12|S2
5|2|23|219|255|105|4H|S|12|CA
5|2|65|185|61|3|6HXX|S|12|HA
5|2|53|73|1|34|4SX|N|10|H9
5|20|169|114|96|75|3C|W|8|DK
5|20|126|155|31|47|4S|S|9|D4
5|20|129|211|239|106|2S|S|9|C2
5|20|12|261|50|94|4S|S|11|C2
5|20|295|93|195|215|4S|S|10|C3
5|20|142|153|224|101|4C|E|8|SA
5|20|192|292|271|25|4S|S|10|D4
5|20|23|219|255|105|2C|W|7|DK
5|20|65|185|61|3|4S|S|9|C3
5|20|123|207|10|76|3D|N|8|HQ
5|21|169|114|96|75|3N|W|9|SJ
5|21|126|155|31|47|3N|W|9|SJ
5|21|129|211|239|106|3N|W|8|SJ
5|21|12|261|50|94|2H|S|7|C2
5|21|295|93|195|215|3N|E|9|HT
5|21|142|153|224|101|1N|E|9|D4
5|21|192|292|271|25|3N|E|9|SK
5|21|23|219|255|105|1N|E|10|D4
5|21|65|185|61|3|3N|E|8|HT
5|21|123|207|10|76|3N|E|9|D2
5|22|169|114|96|75|4H|E|11|C5
5|22|126|155|31|47|4H|E|10|D8
5|22|129|211|239|106|4H|E|10|D3
5|22|12|261|50|94|4H|W|11|H7
5|22|295|93|195|215|4H|E|10|D2
5|22|142|153|224|101|4H|E|11|SQ
5|22|192|292|271|25|4H|E|11|D2
5|22|23|219|255|105|4H|W|10|H4
5|22|65|185|61|3|4H|W|11|S4
5|22|123|207|10|76|4H|W|10|H4
5|23|169|114|96|75|4H|N|10|C3
5|23|126|155|31|47|4H|N|10|C2
5|23|129|211|239|106|4H|N|10|C9
5|23|12|261|50|94|3H|N|11|SA
5|23|295|93|195|215|3N|N|10|C4
5|23|142|153|224|101|4H|N|10|C5
5|23|192|292|271|25|3N|N|11|C2
5|23|23|219|255|105|3N|N|12|C2
5|23|65|185|61|3|4H|S|12|CJ
5|23|123|207|10|76|3N|N|10|C4
5|24|169|114|96|75|2DX|S|7|S2
5|24|126|155|31|47|2DX|S|7|S2
5|24|129|211|239|106|2DX|S|7|S2
5|24|12|261|50|94|2D|N|7|D6
5|24|295|93|195|215|3C|W|10|DK
5|24|142|153|224|101|2D|S|9|S2
5|24|192|292|271|25|2DX|S|8|C2
5|24|23|219|255|105|2DX|N|7|S2
5|24|65|185|61|3|3N|W|8|DK
5|24|123|207|10|76|2DX|S|8|S2
5|25|169|114|96|75|4S|W|10|HJ
5|25|126|155|31|47|5C|S|10|SA
5|25|129|211|239|106|2H|S|9|D5
5|25|12|261|50|94|4H|N|9|C6
5|25|295|93|195|215|4S|W|9|CK
5|25|142|153|224|101|2S|W|9|HJ
5|25|192|292|271|25|3C|S|10|HK
5|25|23|219|255|105|3H|N|9|DT
5|25|65|185|61|3|4S|W|9|HJ
5|25|123|207|10|76|2H|S|9|C8
5|26|169|114|96|75|4H|S|11|DA
5|26|126|155|31|47|4H|S|11|DK
5|26|129|211|239|106|4H|S|11|DA
5|26|12|261|50|94|4H|S|11|DA
5|26|295|93|195|215|3N|S|8|D4
5|26|142|153|224|101|4H|S|11|DK
5|26|192|292|271|25|4H|S|11|DK
5|26|23|219|255|105|4H|S|11|DK
5|26|65|185|61|3|4H|S|11|DK
5|26|123|207|10|76|4H|S|11|DA
5|27|169|114|96|75|3D|S|11|CQ
5|27|126|155|31|47|5D|S|11|SK
5|27|129|211|239|106|5DX|S|11|ST
5|27|12|261|50|94|5D|S|11|ST
5|27|295|93|195|215|5D|S|11|H7
5|27|142|153|224|101|5D|S|11|H6
5|27|192|292|271|25|5D|S|11|H5
5|27|23|219|255|105|5D|S|11|H5
5|27|65|185|61|3|5D|S|11|ST
5|27|123|207|10|76|5DX|N|11|D7
5|28|169|114|96|75|2H|E|8|D6
5|28|126|155|31|47|1S|E|5|H4
5|28|129|211|239|106|1S|E|4|H2
5|28|12|261|50|94|1S|E|7|H2
5|28|295|93|195|215|1S|E|6|D3
5|28|142|153|224|101|1S|E|7|H2
5|28|192|292|271|25|1S|E|4|H2
5|28|23|219|255|105|1S|E|4|H2
5|28|65|185|61|3|1S|E|4|H2
5|28|123|207|10|76|2H|W|8|DT
5|29|169|114|96|75|4S|W|11|S4
5|29|126|155|31|47|5D|E|11|HA
5|29|129|211|239|106|5D|E|12|C3
5|29|12|261|50|94|3N|E|12|D5
5|29|295|93|195|215|4S|W|11|C7
5|29|142|153|224|101|5D|E|11|HA
5|29|192|292|271|25|3N|E|10|D3
5|29|23|219|255|105|3N|E|10|H2
5|29|65|185|61|3|5D|E|11|H2
5|29|123|207|10|76|4S|W|10|C6
5|3|169|114|96|75|3C|W|7|S8
5|3|126|155|31|47|2D|N|9|S4
5|3|129|287|239|211|2S|S|9|H3
5|3|106|261|12|94|2D|N|9|S7
5|3|208|93|195|87|1N|W|5|D6
5|3|215|153|224|101|2D|N|10|S7
5|3|192|89|271|280|3D|N|8|S4
5|3|23|219|255|105|3D|N|10|S2
5|3|65|185|61|3|3D|N|10|S4
5|3|53|73|1|34|2C|W|6|S8
5|30|169|114|96|75|3CX|E|5|DK
5|30|126|155|31|47|3CX|E|5|DA
5|30|129|211|239|106|3DX|S|8|S5
5|30|12|261|50|94|3D|S|8|SQ
5|30|295|93|195|215|3D|S|8|SQ
5|30|142|153|224|101|3D|S|9|SQ
5|30|192|292|271|25|3D|S|7|HA
5|30|23|219|255|105|3D|S|8|HA
5|30|65|185|61|3|3D|S|8|HA
5|30|123|207|10|76|3N|N|9|CQ
5|31|169|114|96|75|6H|N|12|CQ
5|31|126|155|31|47|6H|N|12|CQ
5|31|129|211|239|106|6H|N|13|CQ
5|31|12|261|50|94|4H|N|12|DQ
5|31|295|93|195|215|4H|N|12|CQ
5|31|142|153|224|101|6H|N|12|S6
5|31|192|292|271|25|6H|N|11|CQ
5|31|23|219|255|105|4H|N|12|CJ
5|31|65|185|61|3|4H|N|12|CQ
5|31|123|207|10|76|4H|N|13|CQ
5|32|169|114|96|75|4H|E|11|SJ
5|32|126|155|31|47|3H|W|10|SK
5|32|129|211|239|106|4H|W|11|SK
5|32|12|261|50|94|4H|W|12|SK
5|32|295|93|195|215|5H|W|11|SK
5|32|142|153|224|101|3H|E|10|SJ
5|32|192|292|271|25|2S|N|7|D7
5|32|23|219|255|105|4H|W|11|SK
5|32|65|185|61|3|4H|E|10|SJ
5|32|123|207|10|76|5H|W|12|SK
5|4|169|114|96|75|3N|E|10|HJ
5|4|126|155|31|47|3C|E|9|HJ
5|4|129|287|239|211|3C|W|10|SA
5|4|106|261|12|94|2C|W|12|C2
5|4|208|93|195|87|3N|E|10|HJ
5|4|215|153|224|101|3C|W|12|CJ
5|4|192|89|271|280|3N|E|10|D3
5|4|23|219|255|105|3N|E|11|D2
5|4|65|185|61|3|3D|W|8|DT
5|4|53|73|1|34|3N|E|9|D3
5|5|169|114|96|75|4H|N|11|CJ
5|5|126|155|31|47|3H|N|11|SK
5|5|129|287|239|211|3H|N|11|H6
5|5|106|261|12|94|4H|S|10|DK
5|5|208|93|195|87|2H|S|11|DK
5|5|215|153|224|101|3H|N|11|H7
5|5|192|89|271|280|3H|N|10|SA
5|5|23|219|255|105|4H|N|11|H6
5|5|65|185|61|3|2H|S|11|DK
5|5|53|73|1|34|3S|W|3|DT
5|6|169|114|96|75|2S|E|5|H6
5|6|126|155|31|47|3DX|E|8|H6
5|6|129|287|239|211|2H|N|7|C3
5|6|106|261|12|94|1N|W|5|DT
5|6|208|93|195|87|2H|N|6|C2
5|6|215|153|224|101|3H|N|6|C2
5|6|192|89|271|280|2H|N|8|C2
5|6|23|219|255|105|2H|N|9|C2
5|6|65|185|61|3|2H|N|8|C2
5|6|53|73|1|34|3D|E|7|H6
5|7|169|114|96|75|3N|E|10|C2
5|7|126|155|31|47|3N|E|10|C2
5|7|129|287|239|211|4S|W|10|H3
5|7|106|261|12|94|4S|W|10|CQ
5|7|208|93|195|87|4S|W|10|CQ
5|7|215|153|224|101|4S|W|10|CQ
5|7|192|89|271|280|3N|E|9|C2
5|7|23|219|255|105|3N|E|10|C2
5|7|65|185|61|3|3N|E|11|DJ
5|7|53|73|1|34|3N|E|10|C2
5|8|169|114|96|75|4H|S|8|S3
5|8|126|155|31|47|1N|N|7|C3
5|8|129|287|239|211|3S|W|8|HK
5|8|106|261|12|94|4H|N|8|SJ
5|8|208|93|195|87|3H|S|8|S4
5|8|215|153|224|101|2H|S|8|CA
5|8|192|89|271|280|3H|N|9|SJ
5|8|23|219|255|105|3H|N|9|C6
5|8|65|185|61|3|2H|N|7|H3
5|8|53|73|1|34|1N|N|7|C2
5|9|169|114|96|75|4H|W|12|CT
5|9|126|155|31|47|5C|N|10|S3
5|9|129|287|239|211|5HX|W|12|C5
5|9|106|261|12|94|5D|N|10|S5
5|9|208|93|195|87|3N|N|3|S3
5|9|215|153|224|101|4D|N|9|S5
5|9|192|89|271|280|5H|W|12|C2
5|9|23|219|255|105|5DX|N|9|H8
5|9|65|185|61|3|5HX|E|12|CA
5|9|53|73|1|34|4HX|W|12|C5
6|1|106|17|12|267|4H|W|11|C4
6|1|155|287|47|211|4H|W|11|C4
6|1|142|261|87|94|4S|E|10|CK
6|1|129|93|239|215|2H|W|10|C3
6|1|123|295|10|195|4H|E|11|CK
6|1|153|185|101|3|2H|W|10|C5
6|1|89|114|280|75|4S|E|11|CQ
6|1|126|292|31|25|1S|E|11|CK
6|1|207|219|76|105|4S|W|11|CK
6|1|192|65|271|61|4S|E|11|D2
6|10|106|17|12|267|6S|E|11|D4
6|10|155|287|47|211|4S|E|11|H7
6|10|142|261|87|94|4S|E|11|D4
6|10|129|93|239|215|5S|E|11|H3
6|10|123|295|10|195|4S|E|12|C9
6|10|153|185|101|3|4S|E|12|C2
6|10|89|114|280|75|6S|E|11|D7
6|10|126|292|31|25|4S|E|12|H5
6|10|207|219|76|105|4S|E|12|C2
6|10|192|65|271|61|4S|E|11|D4
6|11|106|17|12|267|4S|W|10|HK
6|11|155|287|47|211|4S|W|10|ST
6|11|142|261|87|94|3N|W|11|H6
6|11|129|93|239|215|4S|W|10|HK
6|11|123|295|10|195|4S|E|10|HK
6|11|153|185|101|3|4S|W|10|HK
6|11|89|114|280|75|4S|W|11|C7
6|11|126|292|31|25|4S|W|11|HK
6|11|207|219|76|105|4S|W|10|HK
6|11|192|65|271|61|4S|W|10|HK
6|12|106|17|12|267|3D|E|10|H8
6|12|155|287|47|211|2D|E|10|H2
6|12|142|261|87|94|2S|E|8|H2
6|12|129|93|239|215|3D|E|9|CQ
6|12|123|295|10|195|3D|E|10|H2
6|12|153|185|101|3|3D|E|10|DT
6|12|89|114|280|75|2H|N|7|SA
6|12|126|292|31|25|2D|E|10|H2
6|12|207|219|76|105|4D|W|11|HA
6|12|192|65|271|61|3D|E|10|D2
6|13|106|17|12|267|6S|W|11|CT
6|13|155|287|47|211|4S|W|12|H3
6|13|142|261|87|94|6S|W|11|H3
6|13|129|93|239|215|6S|W|11|H5
6|13|123|295|10|195|6S|W|11|H2
6|13|153|185|101|3|7S|E|12|D4
6|13|89|114|280|75|6S|W|11|DT
6|13|126|292|31|25|6S|W|12|CT
6|13|207|219|76|105|4S|W|10|H5
6|13|192|65|271|61|6S|W|11|DT
6|14|106|17|12|267|4SXX|N|11|D3
6|14|155|287|47|211|4S|N|10|H9
6|14|142|261|87|94|3N|N|12|H9
6|14|129|93|239|215|2SX|E|4|CA
6|14|123|295|10|195|3N|N|12|S2
6|14|153|185|101|3|6N|N|12|H9
6|14|89|114|280|75|6C|S|11|S8
6|14|126|292|31|25|3N|N|12|H8
6|14|207|219|76|105|6N|N|12|H4
6|14|192|65|271|61|3N|S|12|H2
6|15|106|17|12|267|5SX|W|9|DJ
6|15|155|287|47|211|3N|E|6|DA
6|15|142|261|87|94|4SX|W|9|DJ
6|15|129|93|239|215|3N|N|9|SK
6|15|123|295|10|195|3N|N|7|C7
6|15|153|185|101|3|4H|N|9|SK
6|15|89|114|280|75|5D|S|8|H4
6|15|126|292|31|25|4H|N|9|SK
6|15|207|219|76|105|3N|S|9|SK
6|15|192|65|271|61|4H|N|7|SK
6|16|106|17|12|267|3N|W|10|HK
6|16|155|287|47|211|3N|W|10|S5
6|16|142|261|87|94|3N|W|10|C2
6|16|129|93|239|215|3N|W|10|C4
6|16|123|295|10|195|3N|W|10|C2
6|16|153|185|101|3|3N|W|10|D3
6|16|89|114|280|75|3N|W|10|C5
6|16|126|292|31|25|3N|W|10|S4
6|16|207|219|76|105|3N|E|11|H5
6|16|192|65|271|61|3N|W|10|C6
6|17|12|17|50|267|2D|S|10|SK
6|17|169|211|96|106|3N|N|10|C6
6|17|93|261|87|94|3N|S|10|S6
6|17|129|142|239|224|3N|S|10|S6
6|17|53|208|1|195|3S|E|6|H3
6|17|153|185|101|3|2H|W|7|DA
6|17|23|126|255|31|4SX|N|9|DK
6|17|114|89|75|280|4S|N|10|C2
6|17|65|219|61|105|4S|W|10|HJ
6|17|192|73|271|34|4S|E|10|D6
6|18|12|17|50|267|3N|S|12|HQ
6|18|169|211|96|106|3N|S|8|S8
6|18|93|261|87|94|2S|S|10|H3
6|18|129|142|239|224|4S|S|10|C9
6|18|53|208|1|195|2C|W|10|SK
6|18|153|185|101|3|2C|W|10|SK
6|18|23|126|255|31|4H|S|10|D6
6|18|114|89|75|280|4H|S|11|D6
6|18|65|219|61|105|3N|S|8|C5
6|18|192|73|271|34|3N|S|8|C6
6|19|12|17|50|267|4SX|N|9|DJ
6|19|169|211|96|106|4SX|N|9|SQ
6|19|93|261|87|94|3N|W|8|HQ
6|19|129|142|239|224|3N|E|6|SQ
6|19|53|208|1|195|2S|E|8|H7
6|19|153|185|101|3|4SX|W|7|H9
6|19|23|126|255|31|3N|E|12|C3
6|19|114|89|75|280|2DX|N|2|CA
6|19|65|219|61|105|3N|E|12|C5
6|19|192|73|271|34|3N|E|12|C5
6|2|106|17|12|267|3N|E|10|C9
6|2|155|287|47|211|3N|E|8|HT
6|2|142|261|87|94|3N|E|11|S6
6|2|129|93|239|215|3N|E|8|H9
6|2|123|295|10|195|3N|E|10|HT
6|2|153|185|101|3|3N|E|10|HT
6|2|89|114|280|75|3N|E|9|HT
6|2|126|292|31|25|3N|E|10|HT
6|2|207|219|76|105|3N|E|10|H4
6|2|192|65|271|61|3N|E|10|HT
6|20|12|17|50|267|4H|S|11|SQ
6|20|169|211|96|106|4H|S|11|H4
6|20|93|261|87|94|4S|E|9|HJ
6|20|129|142|239|224|4S|E|9|D6
6|20|53|208|1|195|3D|N|6|H9
6|20|153|185|101|3|2H|W|8|HA
6|20|23|126|255|31|2D|W|11|S2
6|20|114|89|75|280|2D|W|11|H5
6|20|65|219|61|105|4H|E|10|S8
6|20|192|73|271|34|4H|E|10|S9
6|21|12|17|50|267|2S|W|10|D2
6|21|169|211|96|106|3S|W|8|D7
6|21|93|261|87|94|1N|E|8|HA
6|21|129|142|239|224|1N|W|7|D3
6|21|53|208|1|195|2S|W|8|D5
6|21|153|185|101|3|3C|S|9|SK
6|21|23|126|255|31|2S|N|9|SQ
6|21|114|89|75|280|4S|S|8|CA
6|21|65|219|61|105|2N|S|8|H7
6|21|192|73|271|34|1N|S|7|H7
6|22|12|17|50|267|1C|S|7|DJ
6|22|169|211|96|106|3N|S|8|H4
6|22|93|261|87|94|3S|N|9|C2
6|22|129|142|239|224|2S|W|4|C8
6|22|53|208|1|195|3C|N|8|SA
6|22|153|185|101|3|1N|S|9|H6
6|22|23|126|255|31|4H|E|10|DA
6|22|114|89|75|280|4H|E|10|CA
6|22|65|219|61|105|3N|N|10|D6
6|22|192|73|271|34|4H|N|12|D5
6|23|12|17|50|267|3N|E|9|ST
6|23|169|211|96|106|3N|E|12|S9
6|23|93|261|87|94|3N|S|9|H2
6|23|129|142|239|224|4S|N|11|CT
6|23|53|208|1|195|4H|S|8|D8
6|23|153|185|101|3|4H|S|10|D8
6|23|23|126|255|31|2S|E|10|C5
6|23|114|89|75|280|4S|W|10|D4
6|23|65|219|61|105|5D|S|12|HA
6|23|192|73|271|34|5HX|E|9|DA
6|24|12|17|50|267|3N|E|11
6|24|169|211|96|106|3N|E|11|DT
6|24|93|261|87|94|3N|W|5|D6
6|24|129|142|239|224|2N|W|4|D3
6|24|153|185|101|3|3N|N|9|ST
6|24|53|208|1|195|3N|N|10|ST
6|24|114|89|75|280|4S|W|10|HT
6|24|23|126|255|31|4S|W|9|HT
6|24|192|73|271|34|4S|E|10|HT
6|24|65|219|61|105|3S|E|9|HT
6|25|12|17|50|267|4H|N|8|C6
6|25|169|211|96|106|4H|S|7|S8
6|25|129|142|239|224|1N|S|7|DT
6|25|93|261|87|94|1N|N|6|S6
6|25|153|185|101|3|3N|W|12|C5
6|25|53|208|1|195|3N|E|12|C5
6|25|114|89|75|280|4H|S|9|DJ
6|25|23|126|255|31|3H|S|9|H3
6|25|192|73|271|34|3N|E|10|S2
6|25|65|219|61|105|4N|W|10|S6
6|26|12|17|50|267|3N|S|12|H6
6|26|169|211|96|106|3N|S|8|H4
6|26|93|261|87|94|3S|N|11|HA
6|26|129|142|239|224|2S|N|10|D6
6|26|153|185|101|3|1N|E|6|S4
6|26|53|208|1|195|2D|S|8|HA
6|26|114|89|75|280|6H|E|12|D4
6|26|23|126|255|31|6H|E|12|D2
6|26|192|73|271|34|2D|N|8|H8
6|26|65|219|61|105|2D|N|8|S5
6|27|12|17|50|267|3N|N|7|D5
6|27|169|211|96|106|3C|S|8|DJ
6|27|129|142|239|224|2S|S|9|D5
6|27|93|261|87|94|2H|E|8|S8
6|27|153|185|101|3|3C|W|12|HA
6|27|53|208|1|195|3N|E|9|SJ
6|27|114|89|75|280|5C|S|11|HK
6|27|23|126|255|31|6C|S|11|HK
6|27|192|73|271|34|3N|E|12|C3
6|27|65|219|61|105|2S|N|4|HQ
6|28|12|17|50|267|4H|S|12|C5
6|28|169|211|96|106|4H|S|12|S2
6|28|93|261|87|94|4S|S|11|CA
6|28|129|142|239|224|4S|S|10|CA
6|28|53|208|1|195|1N|N|8|S2
6|28|153|185|101|3|1N|N|7|S2
6|28|114|89|75|280|4D|S|7|SK
6|28|23|126|255|31|2D|S|7|SA
6|28|192|73|271|34|1N|E|8|C3
6|28|65|219|61|105|1N|E|7|C7
6|29|12|17|50|267|6N|N|11|C7
6|29|169|211|96|106|3N|N|10|S2
6|29|93|261|87|94|6C|N|10|DT
6|29|129|142|239|224|6CX|N|12|DT
6|29|53|208|1|195|6SX|E|11|D2
6|29|153|185|101|3|4HX|S|10|SK
6|29|114|89|75|280|4H|S|11|CK
6|29|23|126|255|31|3H|S|11|CA
6|29|192|73|271|34|2S|E|8|D5
6|29|65|219|61|105|3SX|E|8|S4
6|3|106|17|12|267|3N|W|11|CT
6|3|155|287|47|211|5S|W|10|C2
6|3|142|261|87|94|4S|W|10|CT
6|3|129|93|239|215|5CX|N|7|S3
6|3|123|295|10|195|4S|W|10|DA
6|3|153|185|101|3|4S|W|10|CT
6|3|89|114|280|75|5DX|S|7|D6
6|3|126|292|31|25|4S|W|10|CT
6|3|207|219|76|105|4S|W|10|H9
6|3|192|65|271|61|4S|W|11|C6
6|30|12|17|50|267|2H|S|7|C7
6|30|169|211|96|106|2H|N|8|D6
6|30|129|142|239|224|4H|W|11|C9
6|30|93|261|87|94|4SX|S|7|CJ
6|30|153|185|101|3|3N|S|11|C5
6|30|53|208|1|195|3N|N|11|C7
6|30|114|89|75|280|4H|W|9|DQ
6|30|23|126|255|31|6C|E|10|DA
6|30|192|73|271|34|2S|S|8|SK
6|30|65|219|61|105|2S|S|9|SK
6|31|12|17|50|267|4S|N|11|C9
6|31|169|211|96|106|4S|S|11|H4
6|31|93|261|87|94|5C|E|10|S2
6|31|129|142|239|224|3N|W|9|DK
6|31|153|185|101|3|1N|S|7|D5
6|31|53|208|1|195|2H|S|9|DQ
6|31|114|89|75|280|2H|N|6|SA
6|31|23|126|255|31|4S|W|9|HK
6|31|192|73|271|34|3N|W|7|H5
6|31|65|219|61|105|3N|W|7|H5
6|32|12|17|50|267|3S|N|10|HT
6|32|169|211|96|106|3S|N|10|D3
6|32|129|142|239|224|1N|S|7|C5
6|32|93|261|87|94|1N|E|7|DQ
6|32|153|185|101|3|3D|N|10|H7
6|32|53|208|1|195|4D|N|10|H5
6|32|114|89|75|280|3N|W|9|H2
6|32|23|126|255|31|3N|E|9|H6
6|32|192|73|271|34|1N|S|9|H8
6|32|65|219|61|105|2S|N|8|HJ
6|4|106|17|12|267|2D|S|9|S7
6|4|155|287|47|211|2H|N|11|S8
6|4|142|261|87|94|4H|S|10|C4
6|4|129|93|239|215|2H|N|11|S4
6|4|123|295|10|195|4H|N|11|D3
6|4|153|185|101|3|4H|S|11|D6
6|4|89|114|280|75|4H|N|11|D3
6|4|126|292|31|25|3H|S|10|C3
6|4|207|219|76|105|4H|S|10|C4
6|4|192|65|271|61|4H|N|10|CA
6|5|106|17|12|267|4H|E|10|C6
6|5|155|287|47|211|3N|E|7|S5
6|5|142|261|87|94|3N|E|9|S5
6|5|129|93|239|215|3H|E|10|C6
6|5|123|295|10|195|2H|W|10|S2
6|5|153|185|101|3|3H|W|9|S7
6|5|89|114|280|75|4H|E|9|C5
6|5|126|292|31|25|4H|E|9|C4
6|5|207|219|76|105|2H|W|9|S8
6|5|192|65|271|61|3H|E|9|D2
6|6|106|17|12|267|4S|E|10|D3
6|6|155|287|47|211|4S|W|10|D2
6|6|142|261|87|94|4S|W|10|CT
6|6|129|93|239|215|4S|W|10|H4
6|6|123|295|10|195|4S|W|10|C3
6|6|153|185|101|3|4S|W|10|C7
6|6|89|114|280|75|2S|E|9|D4
6|6|126|292|31|25|4S|W|10|DA
6|6|207|219|76|105|2S|E|10|S3
6|6|192|65|271|61|2S|E|9|S3
6|7|106|17|12|267|3N|N|10|SQ
6|7|155|287|47|211|3S|E|8|H2
6|7|142|261|87|94|3D|S|10|S8
6|7|129|93|239|215|3N|N|10|SQ
6|7|123|295|10|195|3N|N|10|SQ
6|7|153|185|101|3|5D|N|11|S6
6|7|89|114|280|75|3N|N|10|SQ
6|7|126|292|31|25|3N|N|10|HQ
6|7|207|219|76|105|4D|S|10|S7
6|7|192|65|271|61|3N|N|10|SQ
6|8|106|17|12|267|3N|W|8|S5
6|8|155|287|47|211|3N|E|9|H3
6|8|142|261|87|94|3N|W|8|S5
6|8|129|93|239|215|3N|W|8|S3
6|8|123|295|10|195|3HX|N|6|CQ
6|8|153|185|101|3|3N|W|8|S5
6|8|89|114|280|75|3N|W|8|S5
6|8|126|292|31|25|3N|W|7|S5
6|8|207|219|76|105|3N|W|8|S5
6|8|192|65|271|61|3N|W|8|S3
6|9|106|17|12|267|P||0
6|9|155|287|47|211|2D|E|6|SJ
6|9|142|261|87|94|P||0
6|9|129|93|239|215|1N|E|8|H3
6|9|123|295|10|195|P||0
6|9|153|185|101|3|P||0
6|9|89|114|280|75|P||0
6|9|126|292|31|25|1N|E|6|H3
6|9|207|219|76|105|P||0
6|9|192|65|271|61|2S|W|6|HQ
7|1|17|142|267|87|1N|N|9|C4
7|1|215|169|224|96|4S|N|9|S2
7|1|295|129|195|239|4S|N|10|H2
7|1|198|153|111|101|4S|N|11|H2
7|1|23|106|255|48|4S|N|10|H2
7|1|12|292|50|25|4S|N|11|CA
7|1|65|114|61|149|4S|N|11|H5
7|1|126|73|31|34|4S|N|10|S2
7|1|123|219|10|105|4S|N|10|D3
7|1|192|53|271|1|5S|N|11|H7
7|10|17|142|267|87|5S|E|9|DA
7|10|215|169|224|96|5S|E|10|DA
7|10|295|129|195|239|4S|E|10|DA
7|10|198|153|111|101|4S|E|10|DA
7|10|23|106|255|48|5S|E|11|H6
7|10|12|292|50|25|4S|E|10|DA
7|10|65|114|61|149|5D|S|11|SK
7|10|126|73|31|34|4S|E|10|H6
7|10|123|219|10|105|5DX|S|11|S2
7|10|192|53|271|1|5S|E|10|DA
7|11|215|169|224|96|3H|W|9|SJ
7|11|17|142|267|87|4S|S|8|DK
7|11|295|129|195|239|2H|W|9|C2
7|11|198|153|111|101|4H|W|10|SJ
7|11|23|106|255|48|4H|W|9|S2
7|11|12|292|50|25|3S|S|8|S6
7|11|65|114|61|149|3H|W|9|SJ
7|11|126|73|31|34|2H|W|7|C4
7|11|123|219|10|105|3S|N|8|H6
7|11|192|53|271|1|3H|W|9|SJ
7|12|215|169|224|96|2N|E|8|HQ
7|12|17|142|267|87|6H|W|9|SJ
7|12|295|129|195|239|2D|W|7|D6
7|12|198|153|111|101|4H|W|10|C5
7|12|23|106|255|48|3H|E|10|C7
7|12|12|292|50|25|2S|N|7|DQ
7|12|65|114|61|149|3H|E|10|D2
7|12|126|73|31|34|4H|E|10|C2
7|12|123|219|10|105|2D|W|8|D8
7|12|192|53|271|1|2D|W|6|D6
7|13|215|169|224|96|3N|E|8|DK
7|13|17|142|267|87|4S|E|8|DK
7|13|295|129|195|239|4S|W|9|D2
7|13|198|153|111|101|4S|E|9|DK
7|13|23|106|255|48|3N|W|9|H4
7|13|12|292|50|25|4S|E|9|DK
7|13|65|114|61|149|3N|W|9|H4
7|13|126|73|31|34|3N|W|9|H4
7|13|123|219|10|105|3S|E|9|DK
7|13|192|53|271|1|3N|E|7|DK
7|14|215|169|224|96|6S|N|13|D2
7|14|17|142|267|87|6C|N|12|D2
7|14|295|129|195|239|6S|N|13|D6
7|14|198|153|111|101|3N|S|13|DJ
7|14|23|106|255|48|7C|S|12|S8
7|14|12|292|50|25|4S|N|13|H5
7|14|65|114|61|149|4S|N|13|DQ
7|14|126|73|31|34|6H|S|12|DA
7|14|123|219|10|105|6S|N|13|D6
7|14|192|53|271|1|6C|N|12|D2
7|15|215|169|224|96|3D|W|9|HJ
7|15|17|142|267|87|P||0
7|15|295|129|195|239|2S|W|6|C4
7|15|198|153|111|101|P||0
7|15|23|106|255|48|2D|W|8|HJ
7|15|12|292|50|25|1S|W|9|HJ
7|15|65|114|61|149|2S|W|9|HJ
7|15|126|73|31|34|1S|W|8|HJ
7|15|123|219|10|105|3D|W|7|C2
7|15|192|53|271|1|2S|W|9|HJ
7|16|215|169|224|96|3C|S|10|DA
7|16|17|142|267|87|4S|N|10|D5
7|16|295|129|195|239|4S|N|11|H9
7|16|198|153|111|101|4S|N|10|D5
7|16|23|106|255|48|4S|N|10|D4
7|16|12|292|50|25|3N|S|8|DK
7|16|65|114|61|149|3N|S|7|DA
7|16|126|73|31|34|3N|S|7|DA
7|16|123|219|10|105|4S|N|10|D8
7|16|192|53|271|1|4S|N|11|HT
7|17|142|169|224|96|4S|N|11|D5
7|17|155|93|47|215|4S|N|11|H6
7|17|208|129|195|239|3S|N|10|D3
7|17|261|153|94|101|2DX|W|7|HQ
7|17|89|211|280|48|3S|N|11|D6
7|17|12|292|50|25|2C|S|8|DQ
7|17|207|114|76|149|2H|W|6|C5
7|17|75|73|270|34|2S|N|10|H6
7|17|123|192|10|271|3N|E|5|S2
7|17|219|185|105|3|4S|S|10|C2
7|18|142|169|224|96|P||0
7|18|155|93|47|215|P||0
7|18|208|129|195|239|P||0
7|18|261|153|94|101|1N|E|8|H2
7|18|89|211|280|48|P||0
7|18|12|292|50|25|3S|E|8|H2
7|18|207|114|76|149|P||0
7|18|75|73|270|34|3H|N|7|S6
7|18|123|192|10|271|4H|N|9|SJ
7|18|219|185|105|3|P||0
7|19|155|93|47|215|6S|W|12|HA
7|19|142|169|224|96|6S|W|12|HA
7|19|208|129|195|239|5S|W|13|C2
7|19|261|153|94|101|7HX|S|9|S3
7|19|89|211|280|48|6S|W|13|C2
7|19|12|292|50|25|5S|W|13|HA
7|19|207|114|76|149|6HX|S|9|SK
7|19|75|73|270|34|7HX|S|9|S3
7|19|123|192|10|271|7HX|S|9|S3
7|19|219|185|105|3|5CX|S|4|S3
7|2|17|142|267|87|2S|W|8|D6
7|2|215|169|224|96|2S|W|8|D5
7|2|198|153|111|101|2S|E|9|DQ
7|2|295|129|195|239|2S|W|10|H2
7|2|23|106|255|48|1N|W|8|H3
7|2|12|292|50|25|1N|W|8|H3
7|2|65|114|61|149|1N|W|8|H6
7|2|126|73|31|34|1N|W|8|H3
7|2|123|219|10|105|2S|W|10|H3
7|2|192|53|271|1|2S|W|9|D6
7|20|155|93|47|215|6S|N|13|H8
7|20|142|169|224|96|6S|N|13|D6
7|20|208|129|195|239|6S|N|13|D6
7|20|261|153|94|101|6S|S|13|H2
7|20|89|211|280|48|6S|S|13|C8
7|20|12|292|50|25|6S|N|13|D6
7|20|207|114|76|149|4S|N|13|D6
7|20|75|73|270|34|6S|S|13|C8
7|20|123|192|10|271|4S|N|13|D6
7|20|219|185|105|3|6S|N|13|D6
7|21|142|169|224|96|4D|W|11|HA
7|21|155|93|47|215|5DX|W|11|CK
7|21|208|129|195|239|5D|W|12|CK
7|21|261|153|94|101|5D|W|11|CK
7|21|89|211|280|48|3N|W|9|H3
7|21|12|292|50|25|5D|W|11|HA
7|21|207|114|76|149|5D|E|11|HK
7|21|75|73|270|34|5D|W|11|HA
7|21|123|192|10|271|3N|W|8|H3
7|21|219|185|105|3|3N|W|9|H5
7|22|142|169|224|96|3N|W|10|C7
7|22|155|93|47|215|3N|W|12|H7
7|22|208|129|195|239|3N|E|10|S3
7|22|261|153|94|101|3N|W|12|H3
7|22|89|211|280|48|3N|W|10|D5
7|22|12|292|50|25|3N|W|12|H7
7|22|207|114|76|149|3N|E|9|H4
7|22|75|73|270|34|3N|W|12|H7
7|22|123|192|10|271|3N|W|12|H7
7|22|219|185|105|3|3N|W|12|H3
7|23|142|169|224|96|4S|E|9|DA
7|23|155|93|47|215|4H|E|8|C4
7|23|208|129|195|239|2H|W|10|H3
7|23|261|153|94|101|4H|E|8|H8
7|23|89|211|280|48|4H|E|9|C4
7|23|12|292|50|25|4H|W|9|DQ
7|23|207|114|76|149|4H|E|9|H8
7|23|75|73|270|34|3H|W|10|DQ
7|23|123|192|10|271|4H|W|10|DQ
7|23|219|185|105|3|4H|W|9|DJ
7|24|142|169|224|96|3N|N|8|HJ
7|24|155|93|47|215|3N|N|8|S9
7|24|208|129|195|239|3N|N|8|HT
7|24|261|153|94|101|2D|S|9|S4
7|24|89|211|280|48|3N|N|8|HJ
7|24|12|292|50|25|1N|N|8|HJ
7|24|207|114|76|149|3N|N|9|S8
7|24|75|73|270|34|3N|N|7|S9
7|24|219|185|105|3|2D|S|9|S5
7|24|123|192|10|271|3D|N|9|D3
7|25|142|169|224|96|6C|E|10|HJ
7|25|155|93|47|215|5C|E|10|D2
7|25|208|129|195|239|6C|E|10|D2
7|25|261|153|94|101|4SX|S|9|C9
7|25|89|211|280|48|5C|E|11|HJ
7|25|12|292|50|25|4SX|S|8|C8
7|25|207|114|76|149|3N|W|11|ST
7|25|75|73|270|34|5C|E|10|HJ
7|25|219|185|105|3|4N|E|9|ST
7|25|123|192|10|271|3N|E|10|S5
7|26|142|169|224|96|4S|N|11|DQ
7|26|155|93|47|215|2C|E|6|H2
7|26|208|129|195|239|4S|S|12|CJ
7|26|261|153|94|101|2D|N|8|C2
7|26|89|211|280|48|4S|N|12|DQ
7|26|12|292|50|25|4S|S|11|CJ
7|26|207|114|76|149|4S|N|12|C3
7|26|75|73|270|34|2C|E|6|DT
7|26|219|185|105|3|4S|N|10|C2
7|26|123|192|10|271|3S|N|11|DQ
7|27|142|169|224|96|4S|W|9|CT
7|27|155|93|47|215|4S|W|9|DJ
7|27|208|129|195|239|4S|W|11|CT
7|27|261|153|94|101|4S|W|10|HA
7|27|89|211|280|48|4S|W|10|HA
7|27|12|292|50|25|3N|E|9|H4
7|27|207|114|76|149|3S|W|10|DJ
7|27|75|73|270|34|4S|W|10|DJ
7|27|219|185|105|3|4S|W|10|DT
7|27|123|192|10|271|4S|W|10|DJ
7|28|142|169|224|96|4S|W|12|D7
7|28|155|93|47|215|4S|W|11|D7
7|28|208|129|195|239|4S|W|10|C6
7|28|261|153|94|101|4S|W|11|C2
7|28|89|211|280|48|4S|W|10|D6
7|28|12|292|50|25|4S|W|10|D6
7|28|75|73|270|34|4S|W|8|C6
7|28|207|114|76|149|4S|W|11|C2
7|28|219|185|105|3|4S|W|9|D7
7|28|123|192|10|271|4S|W|10|D7
7|29|142|169|224|96|5D|W|11|H5
7|29|155|93|47|215|3N|E|7|D3
7|29|208|129|195|239|2D|W|11|DA
7|29|261|153|94|101|5D|W|8|HT
7|29|89|211|280|48|5D|W|11|HT
7|29|12|292|50|25|5D|E|12|C5
7|29|207|114|76|149|2S|W|10|H4
7|29|75|73|270|34|4S|W|11|H9
7|29|219|185|105|3|3D|W|9|C6
7|29|123|192|10|271|3S|W|11|HT
7|3|17|142|267|87|4H|S|10|CA
7|3|215|169|224|96|4H|S|9|CA
7|3|198|153|111|101|2S|N|8|H6
7|3|295|129|195|239|5H|N|9|CK
7|3|23|106|255|48|4H|S|10|CA
7|3|12|292|50|25|4H|S|10|CA
7|3|65|114|61|149|5H|S|9|CA
7|3|126|73|31|34|5D|S|10|D4
7|3|123|219|10|105|3C|N|7|D3
7|3|192|53|271|1|4H|S|9|CA
7|30|142|169|224|96|3SX|E|8|S2
7|30|155|93|47|215|2H|N|7|C7
7|30|208|129|195|239|3D|S|7|CA
7|30|261|153|94|101|3H|E|5|C4
7|30|89|211|280|48|3S|W|5|DJ
7|30|12|292|50|25|3N|S|6|CK
7|30|75|73|270|34|3S|E|7|DA
7|30|207|114|76|149|2C|W|6|SQ
7|30|219|185|105|3|2N|N|7|S8
7|30|123|192|10|271|4S|W|7|C2
7|31|142|169|224|96|6D|W|12|SJ
7|31|155|93|47|215|6D|W|12|SJ
7|31|208|129|195|239|6D|W|11|SJ
7|31|261|153|94|101|3N|E|11|H7
7|31|89|211|280|48|3N|E|11|H5
7|31|12|292|50|25|3N|E|11|S6
7|31|207|114|76|149|3N|E|11|S6
7|31|75|73|270|34|6D|W|11|SJ
7|31|219|185|105|3|3N|E|11|S3
7|31|123|192|10|271|3N|E|11|S5
7|32|142|169|224|96|2N|S|7|H4
7|32|155|93|47|215|3N|S|8|D6
7|32|208|129|195|239|3N|S|8|H5
7|32|261|153|94|101|3N|S|8|H4
7|32|89|211|280|48|2HX|E|7|CK
7|32|12|292|50|25|2N|S|8|H7
7|32|75|73|270|34|3N|S|6|S8
7|32|207|114|76|149|2HX|W|9|DA
7|32|219|185|105|3|2HX|W|7|C9
7|32|123|192|10|271|4S|N|8|H6
7|4|17|142|267|87|3C|N|11|S2
7|4|215|169|224|96|3C|N|11|SJ
7|4|198|153|111|101|3N|N|11|S4
7|4|295|129|195|239|3N|S|11|D5
7|4|23|106|255|48|3N|S|10|D4
7|4|12|292|50|25|3N|S|13|D4
7|4|65|114|61|149|4H|N|10|C9
7|4|126|73|31|34|5DX|W|9|SK
7|4|123|219|10|105|3N|N|10|S2
7|4|192|53|271|1|3N|S|11|D4
7|5|17|142|267|87|2S|E|6|C2
7|5|215|169|224|96|2S|E|6|C4
7|5|295|129|195|239|2SX|E|7|C4
7|5|198|153|111|101|1N|N|7|SQ
7|5|23|106|255|48|1N|N|7|SQ
7|5|12|292|50|25|1N|N|6|SQ
7|5|65|114|61|149|2N|N|7|SQ
7|5|126|73|31|34|2S|E|6|H6
7|5|123|219|10|105|2S|W|6|C2
7|5|192|53|271|1|2N|N|7|S6
7|6|17|142|267|87|5C|E|7|HA
7|6|215|169|224|96|4C|E|9|H2
7|6|295|129|195|239|5S|E|6|HA
7|6|198|153|111|101|3N|W|7|HK
7|6|23|106|255|48|3N|W|6|S4
7|6|12|292|50|25|5C|E|8|D4
7|6|65|114|61|149|3N|W|7|D7
7|6|126|73|31|34|3C|E|9|ST
7|6|123|219|10|105|5DX|W|9|HK
7|6|192|53|271|1|3N|W|8|D7
7|7|17|142|267|87|4S|E|10|H3
7|7|215|169|224|96|4S|E|10|C9
7|7|198|153|111|101|4S|E|10|C2
7|7|295|129|195|239|4S|E|10|H4
7|7|23|106|255|48|4S|E|10|H4
7|7|12|292|50|25|4S|E|10|H3
7|7|65|114|61|149|4S|E|11|C9
7|7|126|73|31|34|4S|E|10|H2
7|7|123|219|10|105|1NX|N|7|S2
7|7|192|53|271|1|4S|E|10|H4
7|8|17|142|267|87|3N|N|12|SK
7|8|215|169|224|96|3N|N|9|H4
7|8|198|153|111|101|3N|S|12|H9
7|8|295|129|195|239|3N|N|12|DA
7|8|23|106|255|48|3NX|S|9|D7
7|8|12|292|50|25|2D|W|6|SQ
7|8|65|114|61|149|3N|S|9|D7
7|8|126|73|31|34|3N|N|11|H5
7|8|123|219|10|105|2C|E|0|CA
7|8|192|53|271|1|3N|N|11|SK
7|9|17|142|267|87|2S|N|9|DA
7|9|215|169|224|96|2S|N|8|DK
7|9|295|129|195|239|2N|S|7|DT
7|9|198|153|111|101|1S|N|8|DA
7|9|23|106|255|48|3H|S|9|DT
7|9|12|292|50|25|3N|S|7|D2
7|9|65|114|61|149|2H|N|8|DA
7|9|126|73|31|34|2N|S|5|D7
7|9|123|219|10|105|1N|S|7|D9
7|9|192|53|271|1|3N|S|7|DT
8|1|169|153|96|101|3D|N|9|H6
8|1|295|17|208|267|3D|N|8|CQ
8|1|261|53|94|1|2D|N|9|CQ
8|1|123|198|10|111|4H|S|9|CT
8|1|93|292|87|25|3C|N|8|S2
8|1|23|215|255|224|4H|S|10|SA
8|1|65|211|61|48|5C|N|9|S2
8|1|106|73|12|34|3D|N|8|CQ
8|1|192|75|271|270|4SX|E|6|H3
8|1|126|219|31|105|5C|N|8|S8
8|10|169|153|96|101|6S|E|10|C8
8|10|295|17|208|267|4S|E|11|DK
8|10|261|53|94|1|4S|E|11|DK
8|10|123|198|10|111|4S|W|8|HQ
8|10|93|292|87|25|6CX|S|10|SA
8|10|23|215|255|224|6SX|W|10|D6
8|10|106|73|12|34|5CX|N|12|HA
8|10|65|211|61|48|5SX|E|10|DK
8|10|126|219|31|105|5S|E|10|DK
8|10|192|75|271|270|7CX|N|10|HA
8|11|169|153|96|101|3N|N|10|S4
8|11|295|17|208|267|3N|N|9|D8
8|11|261|53|94|1|3N|N|10|S4
8|11|123|198|10|111|4H|S|7|SJ
8|11|93|292|87|25|3N|N|11|S4
8|11|23|215|255|224|3H|S|8|SJ
8|11|106|73|12|34|4H|S|7|SJ
8|11|65|211|61|48|4H|N|8|SJ
8|11|126|219|31|105|3N|N|10|S2
8|11|192|75|271|270|4H|S|8|SJ
8|12|169|153|96|101|4H|S|12|SQ
8|12|295|17|208|267|4H|N|11|H7
8|12|261|53|94|1|2H|S|11|C2
8|12|123|198|10|111|4H|N|10|C6
8|12|93|292|87|25|1N|S|10|HQ
8|12|23|215|255|224|3H|N|12|C3
8|12|106|73|12|34|2H|N|11|C6
8|12|65|211|61|48|2H|S|12|C3
8|12|126|219|31|105|2H|S|11|C2
8|12|192|75|271|270|2H|N|11|C6
8|13|169|153|96|101|4H|N|9|DQ
8|13|295|17|208|267|3H|N|9|H2
8|13|261|53|94|1|4S|N|9|DQ
8|13|123|198|10|111|4H|N|9|DQ
8|13|93|292|87|25|4S|S|9|DA
8|13|23|215|255|224|2H|N|9|DQ
8|13|106|73|12|34|4S|S|9|ST
8|13|65|211|61|48|3C|W|10|HT
8|13|126|219|31|105|4H|N|10|DJ
8|13|192|75|271|270|4S|S|9|C4
8|14|169|153|96|101|2H|W|7|DK
8|14|295|17|208|267|1D|E|5|S2
8|14|261|53|94|1|2S|N|8|CA
8|14|123|198|10|111|3C|E|8|S6
8|14|93|292|87|25|3C|W|9|C5
8|14|23|215|255|224|4H|W|7|DK
8|14|106|73|12|34|4CX|W|8|C8
8|14|65|211|61|48|2C|E|8|C7
8|14|126|219|31|105|2S|N|7|CK
8|14|192|75|271|270|2C|E|9|H8
8|15|169|153|96|101|4H|E|10|HJ
8|15|295|17|208|267|4H|W|12|H8
8|15|261|53|94|1|3H|E|11|DA
8|15|123|198|10|111|4H|E|11|HJ
8|15|106|73|12|34|4H|E|9|DA
8|15|65|211|61|48|5H|E|12|DA
8|15|126|219|31|105|4H|E|10|HJ
8|15|192|75|271|270|4H|E|10|DA
8|16|169|153|96|101|4S|W|9|H5
8|16|295|17|208|267|3N|W|9|S7
8|16|261|53|94|1|4S|E|9|HA
8|16|123|198|10|111|4S|W|9|H5
8|16|93|292|87|25|4S|W|9|C8
8|16|23|215|255|224|3N|W|10|S6
8|16|106|73|12|34|4S|W|9|H2
8|16|65|211|61|48|3N|W|9|S6
8|16|126|219|31|105|3N|E|8|H4
8|16|192|75|271|270|4H|W|9|C6
8|17|155|208|47|195|3H|W|7|H5
8|17|153|17|101|267|4SX|W|9|H3
8|17|129|53|239|1|2H|W|8|H5
8|17|185|198|3|111|3S|W|7|H5
8|17|93|89|87|280|3H|W|10|DT
8|17|23|142|255|224|3H|W|9|H5
8|17|12|65|50|61|4HX|W|7|D6
8|17|207|211|76|106|3S|W|9|DJ
8|17|126|219|31|105|3D|N|8|H4
8|17|192|114|271|149|3H|W|7|SA
8|18|155|208|47|195|5HX|W|11|SA
8|18|153|17|101|267|5HX|W|11|SA
8|18|129|53|239|1|4H|W|10|H4
8|18|185|198|3|111|5SX|S|9|C7
8|18|93|89|87|280|3S|S|10|C7
8|18|23|142|255|224|2S|N|9|C7
8|18|12|65|50|61|5C|E|6|SK
8|18|207|211|76|106|5HX|W|11|H8
8|18|126|219|31|105|4H|W|10|SA
8|18|192|114|271|149|5HX|W|11|SA
8|19|155|208|47|195|3N|N|9|S7
8|19|153|17|101|267|6D|N|11|S4
8|19|129|53|239|1|4H|S|10|D9
8|19|185|198|3|111|3N|N|10|CK
8|19|93|89|87|280|3N|N|9|S2
8|19|23|142|255|224|3N|N|10|S2
8|19|12|65|50|61|4H|N|10|H6
8|19|207|211|76|106|3N|N|9|S7
8|19|126|219|31|105|3N|N|9|H6
8|19|192|114|271|149|3N|N|9|S2
8|2|169|153|96|101|4H|N|10|CK
8|2|295|17|208|267|4H|N|10|D2
8|2|261|53|94|1|4H|N|10|D2
8|2|123|198|10|111|4H|N|11|C2
8|2|93|292|87|25|4H|N|11|S4
8|2|23|215|255|224|4H|N|10|C2
8|2|106|73|12|34|4H|N|10|S2
8|2|65|211|61|48|4H|N|11|H2
8|2|192|75|271|270|4H|N|11|S3
8|2|126|219|31|105|4H|N|10|C2
8|20|155|208|47|195|2C|W|7|S8
8|20|153|17|101|267|2DX|W|5|D2
8|20|129|53|239|1|2D|W|5|D2
8|20|185|198|3|111|2D|S|5|HA
8|20|93|89|87|280|2C|W|7|S6
8|20|23|142|255|224|3D|E|6|D6
8|20|12|65|50|61|2DX|S|4|HA
8|20|207|211|76|106|2D|E|7|C2
8|20|126|219|31|105|2N|N|7|C4
8|20|192|114|271|149|3C|W|8|D2
8|21|155|208|47|195|3D|S|7|S2
8|21|153|17|101|267|4SX|E|10|SA
8|21|129|53|239|1|3D|S|8|S2
8|21|185|198|3|111|3S|E|8|DK
8|21|93|89|87|280|3D|S|8|S2
8|21|23|142|255|224|3D|S|9|S2
8|21|12|65|50|61|3D|S|8|S2
8|21|207|211|76|106|4SX|E|9|DA
8|21|126|219|31|105|3D|S|8|S2
8|21|192|114|271|149|3D|S|8|C8
8|22|155|208|47|195|6S|E|11|H4
8|22|153|17|101|267|4S|E|11|H5
8|22|129|53|239|1|3N|W|11|HK
8|22|185|198|3|111|4S|E|11|CQ
8|22|93|89|87|280|4S|E|11|H5
8|22|23|142|255|224|4S|E|11|D5
8|22|12|65|50|61|4S|E|11|CQ
8|22|207|211|76|106|4S|E|11|CQ
8|22|126|219|31|105|3N|E|11|D9
8|22|192|114|271|149|6N|E|11|CQ
8|23|155|208|47|195|1N|E|9|HT
8|23|153|17|101|267|2D|W|9|C7
8|23|129|53|239|1|1N|E|8|SK
8|23|185|198|3|111|1N|W|10|C8
8|23|93|89|87|280|3N|E|8|D8
8|23|23|142|255|224|1N|W|9|C6
8|23|12|65|50|61|3S|N|5|DK
8|23|207|211|76|106|2C|E|9|H6
8|23|126|219|31|105|1N|W|8|D3
8|23|192|114|271|149|3N|E|8|D8
8|24|155|208|47|195|7S|W|13|S4
8|24|153|17|101|267|7S|W|13|S2
8|24|129|53|239|1|6S|W|13|HT
8|24|185|198|3|111|4S|W|13|HJ
8|24|93|89|87|280|7S|W|13|S2
8|24|23|142|255|224|6S|W|13|HJ
8|24|12|65|50|61|7S|W|13|S4
8|24|207|211|76|106|7N|E|13|HK
8|24|126|219|31|105|6S|W|13|H2
8|24|192|114|271|149|7N|E|13|HK
8|25|155|208|47|195|3N|S|13|S3
8|25|153|17|101|267|3N|S|13|S4
8|25|129|53|239|1|3N|N|11|H4
8|25|185|198|3|111|3C|N|12|S5
8|25|93|89|87|280|5D|S|12|H2
8|25|23|142|255|224|5C|N|11|S2
8|25|12|65|50|61|6C|N|10|S8
8|25|207|211|76|106|3N|N|11|H3
8|25|126|219|31|105|5C|N|13|H3
8|25|192|114|271|149|3N|N|10|H4
8|26|155|208|47|195|4S|W|10|HQ
8|26|153|17|101|267|4S|W|10|HT
8|26|129|53|239|1|4S|W|10|HQ
8|26|185|198|3|111|2S|W|9|HQ
8|26|93|89|87|280|4S|W|10|HQ
8|26|23|142|255|224|4S|W|9|HQ
8|26|12|65|50|61|2H|W|10|HQ
8|26|207|211|76|106|4S|W|10|HQ
8|26|126|219|31|105|4S|W|9|ST
8|26|192|114|271|149|4S|W|9|HQ
8|27|155|208|47|195|2S|E|7|H6
8|27|153|17|101|267|2H|N|9|CK
8|27|129|53|239|1|2S|N|7|HA
8|27|185|198|3|111|2H|S|7|HJ
8|27|93|89|87|280|2H|S|8|CQ
8|27|23|142|255|224|1N|W|9|DJ
8|27|12|65|50|61|2H|N|9|H3
8|27|207|211|76|106|3S|E|6|H2
8|27|126|219|31|105|2S|E|6|C9
8|27|192|114|271|149|2HX|S|8|S9
8|28|155|208|47|195|3N|S|9|ST
8|28|153|17|101|267|3N|S|9|ST
8|28|129|53|239|1|3N|S|10|ST
8|28|185|198|3|111|3N|S|9|ST
8|28|93|89|87|280|3N|S|10|CQ
8|28|23|142|255|224|3N|S|10|ST
8|28|12|65|50|61|3N|S|10|ST
8|28|207|211|76|106|3N|S|10|CQ
8|28|126|219|31|105|4SX|W|7|HQ
8|28|192|114|271|149|3N|S|10|CQ
8|29|155|208|47|195|2H|E|8|DT
8|29|153|17|101|267|1N|N|6|C6
8|29|129|53|239|1|2H|W|8|HA
8|29|185|198|3|111|2D|S|7|HQ
8|29|93|89|87|280|1N|N|6|H4
8|29|23|142|255|224|2H|W|9|D4
8|29|12|65|50|61|1N|N|5|H4
8|29|207|211|76|106|2DX|S|7|HQ
8|29|126|219|31|105|1N|N|6|C3
8|29|192|114|271|149|1N|N|5|C5
8|3|169|153|96|101|3N|W|7|CT
8|3|295|17|208|267|2SX|N|6|DT
8|3|261|53|94|1|3D|W|8|H5
8|3|123|198|10|111|2SX|N|6|DT
8|3|93|292|87|25|2D|W|9|SK
8|3|23|215|255|224|1N|W|9|CT
8|3|65|211|61|48|2SX|N|6|DT
8|3|106|73|12|34|3D|E|9|SK
8|3|192|75|271|270|2SX|N|6|DT
8|3|126|219|31|105|2SX|N|6|DT
8|30|155|208|47|195|3N|W|10|C2
8|30|153|17|101|267|4N|W|12|C3
8|30|129|53|239|1|3N|E|10|HK
8|30|185|198|3|111|3N|E|11|HK
8|30|93|89|87|280|3N|W|11|C2
8|30|23|142|255|224|5S|W|12|S2
8|30|12|65|50|61|3N|E|10|HK
8|30|207|211|76|106|3N|E|10|HK
8|30|126|219|31|105|2S|W|8|C2
8|30|192|114|271|149|3N|W|9|C7
8|31|155|208|47|195|3N|E|7|C6
8|31|153|17|101|267|4H|E|12|D8
8|31|129|53|239|1|3N|E|7|C5
8|31|185|198|3|111|3N|W|11|S4
8|31|93|89|87|280|3N|E|8|C6
8|31|23|142|255|224|5D|E|11|C7
8|31|12|65|50|61|3N|E|7|C6
8|31|207|211|76|106|4H|E|12|S2
8|31|126|219|31|105|5D|W|11|CK
8|31|192|114|271|149|4H|E|12|S8
8|32|155|208|47|195|6H|N|12|DK
8|32|153|17|101|267|4H|N|12|DA
8|32|129|53|239|1|4H|S|12|SA
8|32|185|198|3|111|4H|S|12|SA
8|32|93|89|87|280|4H|N|12|DK
8|32|23|142|255|224|4H|N|12|DA
8|32|12|65|50|61|4H|N|12|HT
8|32|207|211|76|106|4H|N|12|DA
8|32|126|219|31|105|4H|S|11|H2
8|32|192|114|271|149|4H|S|12|H3
8|4|169|153|96|101|4S|S|9|D2
8|4|295|17|208|267|4S|S|8|D5
8|4|261|53|94|1|2S|S|8|H9
8|4|123|198|10|111|2S|S|9|H9
8|4|93|292|87|25|1N|E|5|S5
8|4|23|215|255|224|1NX|E|5|S2
8|4|65|211|61|48|1NX|E|5|S4
8|4|106|73|12|34|4S|N|10|S6
8|4|192|75|271|270|2S|N|9|DA
8|4|126|219|31|105|3C|E|8|SA
8|5|169|153|96|101|6CX|W|10|D8
8|5|295|17|208|267|6CX|E|10|S8
8|5|261|53|94|1|6CX|W|10|D4
8|5|123|198|10|111|5SX|S|10|H3
8|5|93|292|87|25|6CX|W|11|D4
8|5|23|215|255|224|5CX|W|10|S8
8|5|106|73|12|34|5CX|E|10|SQ
8|5|65|211|61|48|6CX|W|11|S7
8|5|126|219|31|105|5S|S|11|CK
8|5|192|75|271|270|5S|N|11|C6
8|6|169|153|96|101|4SX|S|7|DK
8|6|295|17|208|267|4C|E|10|S2
8|6|261|53|94|1|3S|S|8|DA
8|6|123|198|10|111|3C|E|11|S9
8|6|93|292|87|25|3S|S|7|DK
8|6|23|215|255|224|3S|N|7|D7
8|6|106|73|12|34|5CX|E|10|S2
8|6|65|211|61|48|5C|E|11|S2
8|6|126|219|31|105|5SX|S|7|DK
8|6|192|75|271|270|4S|N|7|D7
8|7|169|153|96|101|5CX|W|10|SA
8|7|295|17|208|267|4S|N|11|H8
8|7|261|53|94|1|4S|N|11|D3
8|7|123|198|10|111|5CX|W|10|SA
8|7|93|292|87|25|4S|S|11|CK
8|7|23|215|255|224|4S|N|11|C9
8|7|106|73|12|34|4S|S|11|CA
8|7|65|211|61|48|4S|N|11|C5
8|7|126|219|31|105|4S|N|10|D3
8|7|192|75|271|270|4SX|N|12|C3
8|8|169|153|96|101|3N|S|10|H3
8|8|295|17|208|267|3N|N|10|S3
8|8|261|53|94|1|3N|S|10|S6
8|8|123|198|10|111|3N|N|10|S5
8|8|93|292|87|25|3N|N|11|SQ
8|8|23|215|255|224|3N|N|10|S7
8|8|106|73|12|34|3N|N|10|S3
8|8|65|211|61|48|3N|N|10|SQ
8|8|126|219|31|105|3N|N|10|SJ
8|8|192|75|271|270|2N|N|10|S7
8|9|169|153|96|101|4S|S|11|DK
8|9|295|17|208|267|4S|S|11|DA
8|9|261|53|94|1|2DX|W|5|S5
8|9|123|198|10|111|3N|N|9|C7
8|9|93|292|87|25|2S|S|11|DK
8|9|23|215|255|224|4S|S|10|DA
8|9|106|73|12|34|4S|S|11|DA
8|9|65|211|61|48|2DX|W|6|S3
8|9|126|219|31|105|2S|S|11|DK
8|9|192|75|271|270|3HX|E|6|SA
9|1|261|155|94|47|5C|E|9|S5
9|1|17|198|267|111|3N|W|10|CJ
9|1|89|153|280|101|3N|W|9|H3
9|1|295|292|195|25|3N|W|10|D8
9|1|207|93|76|87|3N|W|8|S3
9|1|142|65|224|61|3N|W|9|D5
9|1|192|211|271|48|3N|W|9|ST
9|1|106|219|12|105|4H|W|10|CJ
9|1|53|75|1|270|3N|W|9|S3
9|1|126|185|31|3|3N|E|9|SK
9|10|261|155|94|47|4H|W|10|SA
9|10|17|198|267|111|4SX|S|8|DK
9|10|89|153|280|101|4H|E|11|D3
9|10|295|292|195|25|5H|W|10|SA
9|10|207|93|76|87|4H|E|10|HJ
9|10|142|65|224|61|5H|W|10|SA
9|10|192|211|271|48|6H|W|10|CA
9|10|106|219|12|105|4H|E|10|S2
9|10|53|75|1|270|4H|W|11|H5
9|10|126|185|31|3|4H|E|11|HJ
9|11|261|155|94|47|2D|E|12|CA
9|11|17|198|267|111|3N|E|13|C5
9|11|89|153|280|101|3N|E|11|H2
9|11|295|292|195|25|3D|W|12|H6
9|11|207|93|76|87|4S|W|11|C4
9|11|142|65|224|61|3N|E|10|H2
9|11|192|211|271|48|3N|E|13|C2
9|11|106|219|12|105|2S|E|12|C2
9|11|53|75|1|270|3N|E|13|H2
9|11|126|185|31|3|3N|E|12|C5
9|12|261|155|94|47|4H|W|13|H8
9|12|17|198|267|111|4H|W|11|D5
9|12|89|153|280|101|6HX|E|11|DK
9|12|295|292|195|25|4H|E|11|DA
9|12|207|93|76|87|4H|E|11|DA
9|12|142|65|224|61|4H|E|11|DA
9|12|192|211|271|48|4H|E|11|DA
9|12|106|219|12|105|6HX|E|11|DA
9|12|53|75|1|270|4H|E|11|DA
9|12|126|185|31|3|4H|W|11|ST
9|13|261|155|94|47|1N|N|5|S4
9|13|17|198|267|111|3S|E|10|H8
9|13|89|153|280|101|3H|S|8|CK
9|13|295|292|195|25|2H|S|8|CK
9|13|207|93|76|87|3H|N|6|D9
9|13|142|65|224|61|3C|W|11|H6
9|13|192|211|271|48|1N|N|5|S2
9|13|106|219|12|105|3D|N|8|C7
9|13|53|75|1|270|3C|W|9|H6
9|13|126|185|31|3|2S|E|10|D7
9|14|261|155|94|47|5H|E|10|SA
9|14|17|198|267|111|4SX|S|10|HK
9|14|89|153|280|101|3S|S|10|H7
9|14|295|292|195|25|5SX|S|10|S3
9|14|207|93|76|87|5S|S|10|H6
9|14|142|65|224|61|5SX|S|10|H4
9|14|192|211|271|48|5SX|S|11|H7
9|14|106|219|12|105|5HX|E|10|CT
9|14|53|75|1|270|5H|E|9|CT
9|14|126|185|31|3|4S|S|11|CA
9|15|261|155|94|47|6H|N|12|H5
9|15|17|198|267|111|6H|N|12|H2
9|15|89|153|280|101|3N|S|11|H2
9|15|295|292|195|25|4H|N|12|DQ
9|15|207|93|76|87|4H|N|12|C5
9|15|142|65|224|61|6H|N|12|H5
9|15|192|211|271|48|6H|N|11|C8
9|15|106|219|12|105|7H|N|13|H7
9|15|53|75|1|270|4H|S|11|S5
9|15|126|185|31|3|3N|S|11|S3
9|16|261|155|94|47|3N|N|10|H4
9|16|17|198|267|111|4H|N|9|CQ
9|16|89|153|280|101|4H|N|9|S3
9|16|295|292|195|25|2H|N|9|CQ
9|16|207|93|76|87|3N|N|8|H7
9|16|142|65|224|61|2H|N|10|H4
9|16|192|211|271|48|2H|N|9|C8
9|16|106|219|12|105|4H|N|10|H4
9|16|53|75|1|270|3H|N|10|S3
9|16|126|185|31|3|2H|N|9|CQ
9|17|129|169|239|96|4SX|W|8|HA
9|17|17|261|267|94|3H|N|7|SA
9|17|89|295|280|208|3H|N|8|C2
9|17|153|23|101|255|4HX|N|8|HK
9|17|65|93|61|87|4H|N|7|C8
9|17|142|73|224|34|4HX|N|7|C8
9|17|192|211|271|48|4SX|W|9|CA
9|17|12|219|50|105|4H|N|7|SA
9|17|53|75|1|270|2H|N|7|DQ
9|17|114|185|149|3|4HX|N|8|HK
9|18|129|169|239|96|3N|S|10|S4
9|18|17|261|267|94|1N|W|4|D4
9|18|89|295|280|208|3N|S|10|S3
9|18|153|23|101|255|2SX|W|6|SA
9|18|65|93|61|87|3D|N|9|S3
9|18|142|73|224|34|2S|W|6|DA
9|18|192|211|271|48|3N|S|8|S4
9|18|12|219|50|105|2S|W|7|DA
9|18|53|75|1|270|1N|S|9|S4
9|18|114|185|149|3|2S|W|6|H4
9|19|129|169|239|96|5DX|S|10|CQ
9|19|17|261|267|94|4D|S|11|C2
9|19|89|295|280|208|3H|S|9|C4
9|19|153|23|101|255|5C|E|11|HK
9|19|65|93|61|87|5DX|S|11|C4
9|19|142|73|224|34|4H|N|11|CA
9|19|192|211|271|48|1N|E|9|S8
9|19|12|219|50|105|3H|N|9|CK
9|19|53|75|1|270|5C|E|10|S8
9|19|114|185|149|3|2H|N|10|CK
9|2|261|155|94|47|2H|E|9|DQ
9|2|17|198|267|111|3C|W|11|DQ
9|2|89|153|280|101|2C|E|11|DQ
9|2|295|292|195|25|3N|W|7|DT
9|2|207|93|76|87|4H|E|8|DQ
9|2|142|65|224|61|5C|E|8|DQ
9|2|192|211|271|48|4H|E|9|DQ
9|2|106|219|12|105|2H|E|9|DQ
9|2|53|75|1|270|2H|E|9|CK
9|2|126|185|31|3|3H|E|9|DQ
9|20|129|169|239|96|1N|S|7|H9
9|20|17|261|267|94|1N|N|6|S2
9|20|89|295|280|208|2S|W|5|D6
9|20|153|23|101|255|P||0
9|20|65|93|61|87|1N|S|7|HT
9|20|142|73|224|34|1N|S|9|S4
9|20|192|211|271|48|1N|E|6|SJ
9|20|12|219|50|105|2S|E|5|DK
9|20|53|75|1|270|1N|S|8|S5
9|20|114|185|149|3|1NX|S|8|HT
9|21|129|169|239|96|3H|E|6|SQ
9|21|17|261|267|94|3H|E|6|SQ
9|21|89|295|280|208|3H|E|7|SQ
9|21|153|23|101|255|5C|S|8|H3
9|21|65|93|61|87|5HX|E|7|SQ
9|21|142|73|224|34|4CX|N|8|HA
9|21|192|211|271|48|5C|S|5|H4
9|21|12|219|50|105|3N|N|7|H2
9|21|53|75|1|270|3H|E|6|SQ
9|21|114|185|149|3|2S|N|8|HK
9|22|129|169|239|96|2H|S|9|SA
9|22|17|261|267|94|2DX|W|8|D2
9|22|89|295|280|208|4H|N|8|S2
9|22|153|23|101|255|2D|W|9|CJ
9|22|65|93|61|87|2N|S|5|D2
9|22|142|73|224|34|1N|S|8|DJ
9|22|192|211|271|48|1N|S|6|D3
9|22|12|219|50|105|3CX|W|9|D2
9|22|53|75|1|270|1N|S|5|D4
9|22|114|185|149|3|2H|N|8|C8
9|23|129|169|239|96|4S|W|11|DA
9|23|17|261|267|94|3S|E|10|C2
9|23|89|295|280|208|4S|E|10|C2
9|23|153|23|101|255|3H|N|9|CA
9|23|65|93|61|87|4S|W|9|H8
9|23|142|73|224|34|5S|W|10|HA
9|23|192|211|271|48|5H|N|10|CK
9|23|53|75|1|270|4S|W|9|DA
9|23|114|185|149|3|4H|N|10|CA
9|24|129|169|239|96|3N|E|9|H4
9|24|17|261|267|94|3N|E|9|H5
9|24|89|295|280|208|3N|E|10|H6
9|24|153|23|101|255|3N|E|11|H6
9|24|65|93|61|87|3N|E|10|H6
9|24|142|73|224|34|3N|W|11|C8
9|24|192|211|271|48|3N|W|11|C8
9|24|12|219|50|105|3N|E|10|H6
9|24|53|75|1|270|3N|E|10|H6
9|24|114|185|149|3|3N|E|9|H6
9|25|129|169|239|96|3H|N|9|CK
9|25|17|261|267|94|2H|N|9|CA
9|25|89|295|280|208|3N|E|7|H3
9|25|153|23|101|255|3H|N|9|CA
9|25|65|93|61|87|3H|N|8|CA
9|25|142|73|224|34|2H|N|7|CA
9|25|12|219|50|105|1N|S|9|D7
9|25|192|211|271|48|2S|W|5|C8
9|25|114|185|149|3|3C|E|9|C4
9|25|53|75|1|270|2H|N|7|CA
9|26|129|169|239|96|4S|E|9|CQ
9|26|17|261|267|94|3S|E|9|CQ
9|26|89|295|280|208|P||0
9|26|153|23|101|255|4H|S|9|SA
9|26|65|93|61|87|5HX|N|7|C8
9|26|142|73|224|34|P||0
9|26|12|219|50|105|P||0
9|26|192|211|271|48|3S|E|10|CQ
9|26|114|185|149|3|P||0
9|26|53|75|1|270|2H|S|7|H8
9|27|129|169|239|96|4D|E|9|CA
9|27|17|261|267|94|2H|W|6|C6
9|27|89|295|280|208|5D|E|9|CK
9|27|153|23|101|255|1N|N|8|HA
9|27|65|93|61|87|2N|W|5|C5
9|27|142|73|224|34|2S|E|7|CA
9|27|192|211|271|48|3D|E|9|CA
9|27|12|219|50|105|3H|N|8|DA
9|27|53|75|1|270|3D|E|9|CA
9|27|114|185|149|3|5DX|E|9|CA
9|28|129|169|239|96|1D|E|7|SJ
9|28|17|261|267|94|1N|E|7|C2
9|28|89|295|280|208|3H|W|7|DT
9|28|153|23|101|255|3H|E|7|C4
9|28|65|93|61|87|2H|W|8|H5
9|28|142|73|224|34|1N|E|10|C2
9|28|192|211|271|48|2H|E|7|H3
9|28|12|219|50|105|1D|E|9|S3
9|28|114|185|149|3|3C|N|10|H2
9|28|53|75|1|270|3C|S|9|H7
9|29|129|169|239|96|2S|E|6|HA
9|29|17|261|267|94|2C|N|8|SA
9|29|89|295|280|208|2S|E|6|HK
9|29|153|23|101|255|2S|E|6|C2
9|29|65|93|61|87|3S|E|6|HK
9|29|142|73|224|34|2S|E|6|HA
9|29|192|211|271|48|2S|E|8|HA
9|29|12|219|50|105|2S|E|7|HK
9|29|114|185|149|3|2C|N|9|SK
9|29|53|75|1|270|2S|E|6|HA
9|3|261|155|94|47|2CX|E|9|DA
9|3|17|198|267|111|3D|S|9|C8
9|3|89|153|280|101|3H|W|11|H4
9|3|295|292|195|25|5D|S|9|HA
9|3|207|93|76|87|3H|W|9|DQ
9|3|142|65|224|61|3H|W|10|DQ
9|3|192|211|271|48|4H|W|10|DQ
9|3|106|219|12|105|5DX|S|8|C8
9|3|53|75|1|270|5DX|S|9|C8
9|3|126|185|31|3|3N|N|8|C6
9|30|129|169|239|96|3C|W|9|C4
9|30|17|261|267|94|2N|W|6|SJ
9|30|89|295|280|208|2DXX|S|6|SQ
9|30|153|23|101|255|2H|N|8|S4
9|30|65|93|61|87|2H|S|8|D9
9|30|142|73|224|34|2H|N|8|C5
9|30|192|211|271|48|2H|N|8|HJ
9|30|12|219|50|105|1N|W|6|H5
9|30|114|185|149|3|1N|N|9|D4
9|30|53|75|1|270|1N|W|6|H5
9|31|129|169|239|96|3N|W|8|S4
9|31|17|261|267|94|2S|E|6|H2
9|31|89|295|280|208|4D|E|12|HK
9|31|153|23|101|255|4S|N|9|DA
9|31|65|93|61|87|3D|E|12|HK
9|31|142|73|224|34|3D|E|12|HK
9|31|192|211|271|48|5D|E|12|HK
9|31|12|219|50|105|5DX|W|12|S2
9|31|114|185|149|3|2H|S|10|SJ
9|31|53|75|1|270|3D|E|12|HK
9|32|129|169|239|96|P||0
9|32|17|261|267|94|P||0
9|32|89|295|280|208|P||0
9|32|153|23|101|255|1N|N|6|H4
9|32|65|93|61|87|P||0
9|32|142|73|224|34|P||0
9|32|192|211|271|48|P||0
9|32|12|219|50|105|P||0
9|32|53|75|1|270|P||0
9|32|114|185|149|3|P||0
9|4|261|155|94|47|4S|E|10|HA
9|4|17|198|267|111|4S|E|10|D9
9|4|89|153|280|101|4S|E|10|DT
9|4|295|292|195|25|4S|E|10|HA
9|4|207|93|76|87|4S|E|10|HA
9|4|142|65|224|61|4S|E|10|CT
9|4|192|211|271|48|4S|E|10|HA
9|4|106|219|12|105|4S|E|10|CT
9|4|53|75|1|270|4S|E|10|HA
9|4|126|185|31|3|4S|E|10|DT
9|5|261|155|94|47|3N|W|12|H8
9|5|17|198|267|111|3N|E|10|D5
9|5|89|153|280|101|3N|W|12|ST
9|5|295|292|195|25|3N|W|12|H3
9|5|207|93|76|87|3N|W|12|H5
9|5|142|65|224|61|3N|W|12|ST
9|5|192|211|271|48|3N|W|10|DQ
9|5|106|219|12|105|3N|W|12|ST
9|5|53|75|1|270|3N|W|12|ST
9|5|126|185|31|3|3N|W|12|S9
9|6|261|155|94|47|3N|S|11|H2
9|6|17|198|267|111|3N|S|11|H2
9|6|89|153|280|101|3N|S|12|H4
9|6|295|292|195|25|5D|S|12|H2
9|6|207|93|76|87|5S|N|8|HQ
9|6|142|65|224|61|3HX|E|5|HA
9|6|192|211|271|48|5D|S|12|S6
9|6|106|219|12|105|5D|N|12|HJ
9|6|53|75|1|270|5D|S|12|H4
9|6|126|185|31|3|6D|S|12|C7
9|7|261|155|94|47|1N|E|9|S3
9|7|17|198|267|111|2D|W|11|CA
9|7|89|153|280|101|3D|E|10|S4
9|7|295|292|195|25|3D|E|11|SA
9|7|207|93|76|87|2D|E|9|C5
9|7|142|65|224|61|3N|W|10|CK
9|7|192|211|271|48|3N|W|9|S9
9|7|106|219|12|105|2D|E|9|C6
9|7|53|75|1|270|3D|E|10|DT
9|7|126|185|31|3|4H|W|8|CA
9|8|261|155|94|47|6S|S|12|C5
9|8|17|198|267|111|4S|N|13|HQ
9|8|89|153|280|101|6S|S|12|C3
9|8|295|292|195|25|4S|S|13|D3
9|8|207|93|76|87|4S|S|13|D9
9|8|142|65|224|61|4S|S|13|D2
9|8|192|211|271|48|6S|N|13|H2
9|8|106|219|12|105|6S|N|12|CA
9|8|53|75|1|270|6S|S|13|S7
9|8|126|185|31|3|4S|S|13|HQ
9|9|261|155|94|47|4S|S|10|DT
9|9|17|198|267|111|4S|S|11|D2
9|9|89|153|280|101|4S|S|11|DT
9|9|295|292|195|25|4S|S|11|DT
9|9|207|93|76|87|4S|S|11|DT
9|9|142|65|224|61|4S|N|11|H7
9|9|192|211|271|48|4S|S|10|DT
9|9|106|219|12|105|4S|S|11|DT
9|9|53|75|1|270|4S|S|11|DT
9|9|126|185|31|3|4S|N|10|DT
