1|1|63|151|274|62|3N|N|9|S5
1|1|35|154|171|64|3N|N|9|S3
1|1|117|259|24|57|3N|N|9|S5
1|1|26|131|189|150|3N|N|9|S2
1|1|11|201|82|240|3N|N|10|S3
1|1|8|66|241|79|3N|N|10|S3
1|1|275|136|127|282|3N|N|9|S3
1|1|21|234|173|182|3N|N|9|S3
1|1|202|302|74|291|3N|N|9|S3
1|1|137|273|242|68|3N|N|9|S3
1|10|63|151|274|62|3N|S|11|D7
1|10|35|154|171|64|3N|S|12|D5
1|10|26|131|189|150|3N|S|11|D2
1|10|117|259|24|57|4H|S|11|H3
1|10|8|66|241|79|3N|S|11|D5
1|10|11|201|82|240|3N|S|11|DJ
1|10|21|234|173|182|1N|S|11|D5
1|10|275|136|127|282|4H|S|12|CQ
1|10|202|302|74|291|3N|S|11|CQ
1|10|137|273|242|68|6C|N|11|DA
1|11|35|154|171|64|4SX|N|8|DK
1|11|63|151|274|62|4H|W|9|SK
1|11|26|131|189|150|4S|N|8|DA
1|11|117|259|24|57|4H|W|9|SK
1|11|8|66|241|79|5SX|N|9|DK
1|11|11|201|82|240|5C|W|11|SK
1|11|21|234|173|182|5C|W|11|SK
1|11|275|136|127|282|4SX|N|10|DK
1|11|202|302|74|291|5C|W|11|SK
1|11|137|273|242|68|5C|W|11|SK
1|12|35|154|171|64|2S|S|8|C4
1|12|63|151|274|62|4S|S|8|C8
1|12|26|131|189|150|3C|E|8|S2
1|12|117|259|24|57|4S|S|8|C3
1|12|8|66|241|79|4S|S|9|C4
1|12|11|201|82|240|3C|E|8|DT
1|12|21|234|173|182|3S|N|8|CA
1|12|275|136|127|282|3S|S|8|C3
1|12|202|302|74|291|4C|E|7|DT
1|12|137|273|242|68|3S|S|8|C8
1|13|63|151|274|62|1N|N|7|SQ
1|13|35|154|171|64|3N|N|6|SQ
1|13|117|259|24|57|3C|S|9|S9
1|13|26|131|189|150|3C|S|8|D9
1|13|11|201|82|240|3C|S|10|S2
1|13|8|66|241|79|3N|N|7|H7
1|13|21|234|173|182|3N|N|9|H7
1|13|275|136|127|282|3S|E|6|HK
1|13|137|273|242|68|3N|N|6|SQ
1|13|202|302|74|291|3N|N|7|SJ
1|14|35|154|171|64|3H|N|10|S7
1|14|63|151|274|62|3N|N|7|S7
1|14|26|131|189|150|4H|N|9|S2
1|14|117|259|24|57|4H|N|8|C8
1|14|8|66|241|79|4H|N|9|S2
1|14|11|201|82|240|3H|N|9|C6
1|14|21|234|173|182|3H|S|9|D5
1|14|275|136|127|282|4H|N|9|H2
1|14|137|273|242|68|3H|S|9|C7
1|14|202|302|74|291|3H|N|9|HT
1|15|35|154|171|64|3N|E|11|D3
1|15|63|151|274|62|3N|E|10|D2
1|15|26|131|189|150|3N|E|9|D2
1|15|117|259|24|57|3N|W|12|C4
1|15|8|66|241|79|2DX|S|4|HJ
1|15|11|201|82|240|3N|E|9|D2
1|15|21|234|173|182|3N|E|10|D2
1|15|275|136|127|282|3N|E|12|H6
1|15|202|302|74|291|3N|E|11|D2
1|15|137|273|242|68|3N|E|9|D2
1|16|35|154|171|64|2S|E|10|HA
1|16|63|151|274|62|2S|E|10|HA
1|16|26|131|189|150|2S|W|10|HA
1|16|117|259|24|57|2S|E|10|HA
1|16|8|66|241|79|2S|E|10|HA
1|16|11|201|82|240|3H|N|9|SA
1|16|21|234|173|182|2S|E|10|HA
1|16|275|136|127|282|2S|E|10|HA
1|16|137|273|242|68|3D|N|6|SA
1|16|202|302|74|291|3H|N|8|H7
1|17|35|154|171|64|5CX|N|8|HT
1|17|63|151|274|62|4S|W|9|CJ
1|17|228|131|13|150|4S|W|10|CJ
1|17|117|26|24|189|4S|W|11|CJ
1|17|8|66|241|79|5C|N|9|D5
1|17|11|170|82|33|4S|E|10|C5
1|17|136|234|282|182|5CX|N|9|D5
1|17|275|29|127|140|5C|N|9|D2
1|17|273|137|68|242|3D|E|8|C5
1|17|302|202|291|74|5CX|N|8|S8
1|18|35|154|171|64|2D|W|7|HA
1|18|63|151|274|62|3D|W|8|HA
1|18|228|131|13|150|2N|W|6|HK
1|18|117|26|24|189|2DX|W|6|HK
1|18|8|66|241|79|2H|N|10|HT
1|18|11|170|82|33|2N|W|2|HA
1|18|275|29|127|140|2S|E|8|H7
1|18|136|234|282|182|2D|W|7|HA
1|18|302|202|291|74|2HX|S|8|DA
1|18|273|137|68|242|2S|W|8|HA
1|19|35|154|171|64|5D|S|12|S2
1|19|63|151|274|62|3N|S|7|S6
1|19|228|131|13|150|3N|S|12|H8
1|19|117|26|24|189|3N|S|12|H3
1|19|11|170|82|33|5D|S|12|S6
1|19|8|66|241|79|3N|S|12|H8
1|19|275|29|127|140|5D|S|12|S3
1|19|136|234|282|182|3N|S|12|H3
1|19|302|202|291|74|3N|S|12|H5
1|19|273|137|68|242|4N|N|13|ST
1|2|63|151|274|62|4H|S|11|CT
1|2|35|154|171|64|1C|E|3|HQ
1|2|117|259|24|57|4H|S|11|CT
1|2|26|131|189|150|4H|S|10|D4
1|2|11|201|82|240|4H|S|9|D4
1|2|8|66|241|79|4H|S|10|D4
1|2|275|136|127|282|2H|S|10|D5
1|2|21|234|173|182|4H|S|11|D4
1|2|202|302|74|291|5H|S|10|DQ
1|2|137|273|242|68|4H|S|10|D4
1|20|63|151|274|62|4H|E|9|C5
1|20|35|154|171|64|1N|E|7|D7
1|20|117|26|24|189|1N|E|8|D7
1|20|228|131|13|150|1N|E|7|D7
1|20|11|170|82|33|1N|E|7|D7
1|20|8|66|241|79|4H|W|9|C7
1|20|275|29|127|140|4H|W|8|D2
1|20|136|234|282|182|1N|E|7|D7
1|20|302|202|291|74|3N|W|9|S9
1|20|273|137|68|242|4H|E|9|S7
1|21|35|154|171|64|3N|S|10|HQ
1|21|63|151|274|62|3N|S|8|CT
1|21|117|26|24|189|4H|N|10|DA
1|21|228|131|13|150|1N|S|10|C9
1|21|11|170|82|33|4H|N|11|H6
1|21|8|66|241|79|3N|S|9|CT
1|21|275|29|127|140|4H|S|10|CT
1|21|136|234|282|182|5CX|E|6|D5
1|21|302|202|291|74|2CX|E|6|D5
1|21|273|137|68|242|1N|E|3|H2
1|22|63|151|274|62|3D|E|8|S2
1|22|35|154|171|64|6C|S|10|D4
1|22|117|26|24|189|4S|S|11|H7
1|22|228|131|13|150|4S|N|10|C5
1|22|11|170|82|33|4S|N|11|C5
1|22|8|66|241|79|4S|S|11|D9
1|22|275|29|127|140|5C|S|10|D4
1|22|136|234|282|182|4S|S|11|D4
1|22|273|137|68|242|4S|N|11|C5
1|22|302|202|291|74|4S|S|10|D4
1|23|63|151|274|62|4S|S|11|HT
1|23|35|154|171|64|4S|S|10|HT
1|23|117|26|24|189|3N|S|11|HT
1|23|228|131|13|150|3N|S|9|C4
1|23|11|170|82|33|4S|S|11|HT
1|23|8|66|241|79|4S|S|10|HT
1|23|275|29|127|140|4S|S|11|HT
1|23|136|234|282|182|3N|N|12|H2
1|23|273|137|68|242|4S|N|11|S6
1|23|302|202|291|74|4S|S|11|HT
1|24|63|151|274|62|5HX|W|12|C7
1|24|35|154|171|64|5H|W|12|C7
1|24|117|26|24|189|5H|W|12|C7
1|24|228|131|13|150|5C|E|4|CA
1|24|11|170|82|33|4H|W|12|C7
1|24|8|66|241|79|5C|S|9|SK
1|24|275|29|127|140|5H|W|13|SQ
1|24|136|234|282|182|5H|W|13|SQ
1|24|302|202|291|74|4H|W|13|SQ
1|24|273|137|68|242|5H|W|12|C8
1|25|35|154|171|64|2S|W|6|CA
1|25|63|151|274|62|2S|W|6|CA
1|25|117|26|24|189|2S|W|6|CK
1|25|228|131|13|150|4CX|N|8|C5
1|25|11|170|82|33|4SX|W|7|CA
1|25|8|66|241|79|3C|N|9|SA
1|25|275|29|127|140|2S|W|7|CA
1|25|136|234|282|182|3S|W|6|CA
1|25|273|137|68|242|2D|S|7|H2
1|25|302|202|291|74|2S|W|5|CA
1|26|63|151|274|62|5H|N|10|S7
1|26|35|154|171|64|5H|N|10|C6
1|26|117|26|24|189|6H|N|10|S5
1|26|228|131|13|150|4S|W|8|HK
1|26|11|170|82|33|5HX|S|10|SK
1|26|8|66|241|79|3H|N|10|S5
1|26|275|29|127|140|4SX|W|9|D2
1|26|136|234|282|182|5H|N|10|S7
1|26|302|202|291|74|4SX|W|9|D2
1|26|273|137|68|242|5H|N|10|DQ
1|27|35|154|171|64|3N|N|8|S4
1|27|63|151|274|62|3C|S|7|SA
1|27|117|26|24|189|3C|N|9|S3
1|27|228|131|13|150|3C|N|9|S4
1|27|11|170|82|33|2S|E|6|DJ
1|27|8|66|241|79|3C|S|7|SA
1|27|275|29|127|140|1N|N|8|S4
1|27|136|234|282|182|3N|S|8|S7
1|27|302|202|291|74|1N|W|5|DA
1|27|273|137|68|242|2S|E|6|S2
1|28|63|151|274|62|4H|N|11|C5
1|28|35|154|171|64|5H|S|11|SJ
1|28|117|26|24|189|4H|S|11|SJ
1|28|228|131|13|150|4H|N|11|C7
1|28|11|170|82|33|4H|S|11|SJ
1|28|8|66|241|79|4H|N|11|C7
1|28|275|29|127|140|4H|N|11|C4
1|28|136|234|282|182|4H|N|11|HT
1|28|273|137|68|242|5CX|W|6|H2
1|28|302|202|291|74|5H|N|11|DQ
1|29|63|151|274|62|4H|W|10|C3
1|29|35|154|171|64|4H|E|10|HJ
1|29|117|26|24|189|4H|E|11|CT
1|29|228|131|13|150|4H|E|10|D9
1|29|11|170|82|33|4H|E|10|HJ
1|29|8|66|241|79|4H|E|11|C9
1|29|275|29|127|140|4H|E|11|HJ
1|29|136|234|282|182|4H|E|11|HJ
1|29|273|137|68|242|4H|W|10|C3
1|29|302|202|291|74|4H|E|11|HJ
1|3|63|151|274|62|4H|N|10|DK
1|3|35|154|171|64|4H|S|10|DJ
1|3|117|259|24|57|4H|S|11|HT
1|3|26|131|189|150|4H|N|11|DK
1|3|11|201|82|240|4H|N|10|DK
1|3|8|66|241|79|4H|N|11|C5
1|3|275|136|127|282|4H|S|10|DK
1|3|21|234|173|182|4H|N|10|DK
1|3|137|273|242|68|4H|N|10|DK
1|3|202|302|74|291|4H|N|10|DK
1|30|63|151|274|62|5D|W|11|CA
1|30|35|154|171|64|5SX|N|11|HK
1|30|117|26|24|189|5SX|S|10|HA
1|30|228|131|13|150|3SX|S|10|HA
1|30|11|170|82|33|4S|N|9|HK
1|30|8|66|241|79|4SX|N|10|HK
1|30|275|29|127|140|4S|S|11|HA
1|30|136|234|282|182|2S|N|11|C4
1|30|302|202|291|74|3D|W|10|CA
1|30|273|137|68|242|5SX|N|10|HK
1|31|35|154|171|64|4S|N|7|H5
1|31|63|151|274|62|3S|N|8|D9
1|31|117|26|24|189|3N|N|8|H6
1|31|228|131|13|150|4S|N|7|D9
1|31|11|170|82|33|5HX|E|7|DA
1|31|8|66|241|79|4S|N|7|H8
1|31|275|29|127|140|4S|N|9|H8
1|31|136|234|282|182|5HX|W|8|D3
1|31|302|202|291|74|3N|N|6|H7
1|31|273|137|68|242|4S|S|9|HQ
1|32|63|151|274|62|3N|N|11|H2
1|32|35|154|171|64|4S|S|10|HT
1|32|117|26|24|189|4S|S|11|H9
1|32|228|131|13|150|6NX|N|10|H6
1|32|11|170|82|33|3N|N|7|C6
1|32|8|66|241|79|4S|S|10|C4
1|32|275|29|127|140|3N|N|7|C7
1|32|136|234|282|182|3N|N|11|C7
1|32|273|137|68|242|4S|S|10|C3
1|32|302|202|291|74|4S|S|9|HT
1|4|63|151|274|62|4H|W|10|D3
1|4|35|154|171|64|4H|E|10|SA
1|4|117|259|24|57|3N|W|10|D3
1|4|26|131|189|150|4H|E|9|D2
1|4|11|201|82|240|4H|E|9|DA
1|4|8|66|241|79|4H|W|9|D3
1|4|21|234|173|182|4SX|S|8|HA
1|4|275|136|127|282|4H|E|9|DA
1|4|202|302|74|291|4H|E|9|SA
1|4|137|273|242|68|3N|W|10|C5
1|5|63|151|274|62|3N|E|12|S7
1|5|35|154|171|64|3N|E|11|S6
1|5|117|259|24|57|3N|E|13|H2
1|5|26|131|189|150|3N|W|13|H5
1|5|8|66|241|79|3N|E|12|H6
1|5|11|201|82|240|3N|E|12|S6
1|5|21|234|173|182|3N|E|12|S7
1|5|275|136|127|282|3N|E|12|SJ
1|5|137|273|242|68|3N|E|12|S6
1|5|202|302|74|291|3N|E|13|S8
1|6|63|151|274|62|6S|E|13|DA
1|6|35|154|171|64|7S|E|13|DA
1|6|117|259|24|57|6S|E|13|DK
1|6|26|131|189|150|4S|E|13|DA
1|6|8|66|241|79|5S|W|13|DK
1|6|11|201|82|240|5S|E|13|DA
1|6|21|234|173|182|4S|E|13|DA
1|6|275|136|127|282|4S|E|13|DA
1|6|202|302|74|291|4S|E|13|DK
1|6|137|273|242|68|6DX|N|8|SK
1|7|63|151|274|62|2C|S|8|H5
1|7|35|154|171|64|1N|S|8|S7
1|7|26|131|189|150|2S|W|5|HA
1|7|117|259|24|57|2C|S|10|SA
1|7|8|66|241|79|2N|N|9|CQ
1|7|11|201|82|240|2H|E|5|CA
1|7|21|234|173|182|3N|N|9|CQ
1|7|275|136|127|282|2S|W|4|HA
1|7|202|302|74|291|2N|N|9|ST
1|7|137|273|242|68|1N|S|10|S7
1|8|63|151|274|62|3C|E|10|S6
1|8|35|154|171|64|4S|E|10|CQ
1|8|117|259|24|57|2S|E|10|CQ
1|8|26|131|189|150|3S|W|10|CQ
1|8|8|66|241|79|3S|E|10|CQ
1|8|11|201|82|240|3S|E|9|S2
1|8|21|234|173|182|4S|E|10|CQ
1|8|275|136|127|282|4S|E|10|S5
1|8|202|302|74|291|4S|E|10|HA
1|8|137|273|242|68|4S|E|10|S2
1|9|63|151|274|62|1N|N|8|H5
1|9|35|154|171|64|2S|N|8|CT
1|9|117|259|24|57|2S|S|8|D7
1|9|26|131|189|150|2S|N|8|CT
1|9|8|66|241|79|2S|S|8|C5
1|9|11|201|82|240|2N|W|6|S6
1|9|21|234|173|182|2N|N|8|CT
1|9|275|136|127|282|2S|N|8|H5
1|9|202|302|74|291|1N|N|8|D3
1|9|137|273|242|68|2S|N|9|CT
2|1|35|117|171|24|5D|E|11|CQ
2|1|289|151|178|62|4SX|S|9|HT
2|1|228|66|13|79|5S|S|9|H2
2|1|11|259|82|57|5D|E|11|CQ
2|1|170|182|33|146|5D|W|11|S4
2|1|275|201|127|240|5D|E|11|D9
2|1|21|137|173|242|5D|E|11|D7
2|1|302|29|291|140|5D|E|11|CQ
2|1|202|154|74|64|5D|E|11|CQ
2|1|63|273|274|68|4SX|W|4|CA
2|10|35|117|171|24|2H|S|9|DK
2|10|289|151|178|62|1N|S|8|D2
2|10|228|66|13|79|1N|S|7|D4
2|10|11|259|82|57|2H|S|8|DA
2|10|275|201|127|240|3H|S|7|DA
2|10|170|182|33|146|2H|N|9|S5
2|10|302|29|291|140|1N|S|7|D5
2|10|21|137|173|242|1N|S|7|D4
2|10|63|273|274|68|2H|S|7|DA
2|10|202|154|74|64|1N|S|7|S4
2|11|35|117|171|24|2D|S|8|HJ
2|11|289|151|178|62|1N|N|10|H3
2|11|228|66|13|79|1N|N|8|H5
2|11|11|259|82|57|1N|N|7|H3
2|11|275|201|127|240|2D|S|9|HJ
2|11|170|182|33|146|3D|S|9|HJ
2|11|302|29|291|140|2S|S|10|CK
2|11|21|137|173|242|2S|S|8|HJ
2|11|63|273|274|68|3H|E|7|SA
2|11|202|154|74|64|3D|S|9|CQ
2|12|35|117|171|24|3N|E|6|S7
2|12|289|151|178|62|3N|W|8|H6
2|12|228|66|13|79|3N|W|8|D3
2|12|11|259|82|57|3N|W|8|DT
2|12|170|182|33|146|3N|W|8|S9
2|12|275|201|127|240|3N|E|8|SJ
2|12|302|29|291|140|3N|W|9|D3
2|12|21|137|173|242|3N|W|8|D3
2|12|63|273|274|68|3N|W|8|H6
2|12|202|154|74|64|3N|W|8|D3
2|13|35|117|171|24|3N|N|11|H8
2|13|289|151|178|62|3N|S|8|D4
2|13|228|66|13|79|3N|S|10|HQ
2|13|11|259|82|57|3N|N|8|H2
2|13|275|201|127|240|3N|N|8|DT
2|13|170|182|33|146|3S|S|11|HQ
2|13|302|29|291|140|3N|N|10|H8
2|13|21|137|173|242|1N|N|8|D2
2|13|63|273|274|68|3N|N|11|C4
2|13|202|154|74|64|3N|N|9|H5
2|14|35|117|171|24|5C|W|12|DQ
2|14|289|151|178|62|6C|W|12|D4
2|14|228|66|13|79|4N|W|12|D4
2|14|11|259|82|57|6C|W|12|DQ
2|14|275|201|127|240|6C|W|12|DQ
2|14|170|182|33|146|6DX|N|9|CJ
2|14|302|29|291|140|6C|W|12|CA
2|14|21|137|173|242|5C|E|12|H5
2|14|63|273|274|68|5C|W|13|DQ
2|14|202|154|74|64|4C|W|12|D4
2|15|35|117|171|24|4H|N|8|SJ
2|15|289|151|178|62|4H|S|8|CT
2|15|11|259|82|57|4H|S|8|CT
2|15|228|66|13|79|4H|S|8|C6
2|15|275|201|127|240|3H|S|9|C9
2|15|170|182|33|146|4H|S|9|CT
2|15|302|29|291|140|4H|S|8|CT
2|15|21|137|173|242|4H|N|8|SJ
2|15|63|273|274|68|4H|N|9|SJ
2|15|202|154|74|64|1N|S|7|CT
2|16|35|117|171|24|4S|N|11|H7
2|16|289|151|178|62|4H|N|10|D8
2|16|11|259|82|57|4H|N|11|H3
2|16|228|66|13|79|6S|S|11|DK
2|16|275|201|127|240|4S|S|12|DK
2|16|170|182|33|146|6H|S|12|SJ
2|16|302|29|291|140|4H|N|12|D8
2|16|21|137|173|242|5S|S|12|DK
2|16|63|273|274|68|5S|S|12|DK
2|16|202|154|74|64|5S|S|12|DK
2|17|289|151|178|62|4S|N|11|S2
2|17|35|117|171|24|4S|N|11|HQ
2|17|66|259|79|57|4S|N|11|C5
2|17|26|11|189|82|4S|S|11|DJ
2|17|275|201|127|240|4S|S|11|DK
2|17|8|182|241|146|4S|S|11|DK
2|17|302|136|291|282|4S|N|11|S5
2|17|21|137|173|242|4S|S|11|H6
2|17|63|273|274|68|4S|S|11|DK
2|17|202|154|74|64|4S|N|11|S5
2|18|289|151|178|62|1N|W|8|CK
2|18|35|117|171|24|2C|E|8|DJ
2|18|66|259|79|57|2D|W|10|H9
2|18|26|11|189|82|2D|E|9|H9
2|18|275|201|127|240|2D|W|10|H2
2|18|8|182|241|146|3D|W|9|CQ
2|18|302|136|291|282|2D|W|8|C6
2|18|21|137|173|242|2D|W|8|H2
2|18|63|273|274|68|3DX|W|10|D4
2|18|202|154|74|64|3D|W|9|H2
2|19|289|151|178|62|3N|S|13|SQ
2|19|35|117|171|24|3N|S|9|SQ
2|19|66|259|79|57|3N|S|9|SQ
2|19|26|11|189|82|3N|S|8|SQ
2|19|275|201|127|240|3N|S|9|C6
2|19|8|182|241|146|4H|N|9|S9
2|19|302|136|291|282|4H|S|9|H7
2|19|21|137|173|242|2H|S|10|H9
2|19|63|273|274|68|3N|S|9|SQ
2|19|202|154|74|64|3N|S|7|SQ
2|2|35|117|171|24|5DX|E|9|HA
2|2|289|151|178|62|5C|W|10|SK
2|2|228|66|13|79|3D|E|9|HA
2|2|11|259|82|57|3D|E|10|HA
2|2|170|182|33|146|3S|S|9|CA
2|2|275|201|127|240|4C|E|10|SJ
2|2|302|29|291|140|4S|N|9|H8
2|2|21|137|173|242|3N|S|8|D5
2|2|63|273|274|68|4C|W|10|SK
2|2|202|154|74|64|3H|N|8|DK
2|20|289|151|178|62|4S|S|11|C7
2|20|35|117|171|24|4S|S|10|HA
2|20|66|259|79|57|4S|S|11|S6
2|20|26|11|189|82|4S|S|10|HA
2|20|275|201|127|240|4S|S|10|HA
2|20|8|182|241|146|4C|S|8|HA
2|20|302|136|291|282|4S|S|11|S6
2|20|21|137|173|242|4SX|S|11|D3
2|20|63|273|274|68|3N|N|7|HT
2|20|202|154|74|64|4S|S|11|C9
2|21|289|151|178|62|3N|S|10|SK
2|21|35|117|171|24|5D|N|11|SA
2|21|66|259|79|57|3N|S|10|SK
2|21|26|11|189|82|6D|N|12|SA
2|21|275|201|127|240|3SX|E|5|DA
2|21|8|182|241|146|6H|S|8|CJ
2|21|302|136|291|282|3N|N|10|S6
2|21|21|137|173|242|6D|N|11|S4
2|21|63|273|274|68|3N|S|10|SK
2|21|202|154|74|64|3N|S|10|SK
2|22|289|151|178|62|4H|W|11|CT
2|22|35|117|171|24|4H|W|11|CT
2|22|66|259|79|57|4H|W|11|CT
2|22|26|11|189|82|6H|E|11|D2
2|22|275|201|127|240|4S|E|11|H8
2|22|8|182|241|146|4H|W|11|CT
2|22|302|136|291|282|4H|W|11|S9
2|22|21|137|173|242|4H|W|11|D3
2|22|63|273|274|68|4S|E|11|H8
2|22|202|154|74|64|4H|W|11|CT
2|23|289|151|178|62|3N|W|7|SJ
2|23|35|117|171|24|3N|W|8|SJ
2|23|66|259|79|57|2N|W|8|SJ
2|23|26|11|189|82|3N|W|9|SJ
2|23|275|201|127|240|3N|W|9|SJ
2|23|8|182|241|146|2N|W|7|SJ
2|23|302|136|291|282|2N|W|9|SJ
2|23|21|137|173|242|2N|W|8|H7
2|23|63|273|274|68|2N|W|8|H2
2|23|202|154|74|64|2N|W|8|SJ
2|24|289|151|178|62|4S|W|9|C3
2|24|35|117|171|24|5HX|S|10|SK
2|24|66|259|79|57|4S|W|8|C3
2|24|26|11|189|82|3S|W|9|S5
2|24|275|201|127|240|5HX|S|10|SK
2|24|8|182|241|146|4S|W|9|HA
2|24|302|136|291|282|5HX|N|10|H5
2|24|21|137|173|242|4S|W|10|C9
2|24|63|273|274|68|4S|W|9|HA
2|24|202|154|74|64|5HX|S|9|SK
2|25|289|151|178|62|3N|E|9|D8
2|25|35|117|171|24|3N|E|11|D9
2|25|66|259|79|57|3N|E|10|D8
2|25|26|11|189|82|3N|E|11|D8
2|25|275|201|127|240|3N|W|11|H3
2|25|8|182|241|146|3N|E|11|C8
2|25|302|136|291|282|3N|E|11|D3
2|25|21|137|173|242|3N|E|10|D3
2|25|63|273|274|68|3N|E|11|C8
2|25|202|154|74|64|3N|E|11|HJ
2|26|289|151|178|62|3S|W|9|H7
2|26|35|117|171|24|4S|W|10|S2
2|26|66|259|79|57|4H|S|9|D6
2|26|26|11|189|82|4SX|E|9|CT
2|26|275|201|127|240|4S|W|9|CT
2|26|8|182|241|146|4SX|W|9|CT
2|26|302|136|291|282|5HX|S|9|S5
2|26|21|137|173|242|4SX|W|9|CT
2|26|63|273|274|68|4S|E|9|CA
2|26|202|154|74|64|3S|W|9|H9
2|27|289|151|178|62|4S|W|10|CA
2|27|35|117|171|24|5S|W|10|HA
2|27|66|259|79|57|5D|E|11|HT
2|27|26|11|189|82|5S|E|10|HA
2|27|275|201|127|240|4H|N|11|DK
2|27|8|182|241|146|5S|W|10|HK
2|27|302|136|291|282|5H|S|12|SK
2|27|21|137|173|242|4HX|N|11|DA
2|27|63|273|274|68|4S|W|12|HA
2|27|202|154|74|64|5S|W|10|HA
2|28|289|151|178|62|3C|W|7|HA
2|28|35|117|171|24|1N|N|6|SJ
2|28|66|259|79|57|2S|E|5|H7
2|28|26|11|189|82|3H|N|7|C5
2|28|275|201|127|240|1N|N|7|H9
2|28|8|182|241|146|2H|N|8|C5
2|28|302|136|291|282|2H|N|7|SJ
2|28|21|137|173|242|2H|N|8|SJ
2|28|63|273|274|68|3H|N|8|CK
2|28|202|154|74|64|2H|N|9|SJ
2|29|289|151|178|62|4S|E|11|S3
2|29|35|117|171|24|4S|E|11|DT
2|29|66|259|79|57|4S|E|10|S8
2|29|26|11|189|82|4S|E|10|S2
2|29|275|201|127|240|4S|E|11|DT
2|29|8|182|241|146|4S|E|10|S3
2|29|302|136|291|282|4S|E|10|DT
2|29|21|137|173|242|6S|E|10|HA
2|29|63|273|274|68|4S|E|10|S3
2|29|202|154|74|64|4S|E|11|DT
2|3|35|117|171|24|4S|S|11|D4
2|3|289|151|178|62|4S|S|11|D5
2|3|228|66|13|79|5S|S|12|S7
2|3|11|259|82|57|5S|S|12|S7
2|3|170|182|33|146|4S|S|11|D4
2|3|275|201|127|240|4S|S|11|H7
2|3|302|29|291|140|6S|S|12|H7
2|3|21|137|173|242|4S|S|11|H5
2|3|63|273|274|68|5S|S|11|H7
2|3|202|154|74|64|4S|S|10|S7
2|30|289|151|178|62|4S|S|11|D2
2|30|35|117|171|24|4S|N|11|D5
2|30|66|259|79|57|4S|S|11|HK
2|30|26|11|189|82|4S|N|11|D4
2|30|275|201|127|240|5CX|W|4|S7
2|30|8|182|241|146|4S|N|11|C5
2|30|302|136|291|282|3N|N|10|D5
2|30|21|137|173|242|4S|N|11|H2
2|30|63|273|274|68|2H|E|6|CK
2|30|202|154|74|64|4S|S|11|HJ
2|31|289|151|178|62|1N|W|9|ST
2|31|35|117|171|24|1N|E|7|D3
2|31|66|259|79|57|2H|S|8|D9
2|31|26|11|189|82|1N|E|6|H2
2|31|275|201|127|240|1C|W|9|S7
2|31|8|182|241|146|2D|S|7|SA
2|31|302|136|291|282|2H|S|8|D7
2|31|21|137|173|242|1N|W|9|H2
2|31|63|273|274|68|1N|W|8|H2
2|31|202|154|74|64|3C|W|6|C4
2|32|289|151|178|62|5DX|S|8|CT
2|32|35|117|171|24|4H|E|10|H6
2|32|66|259|79|57|5DX|S|8|CT
2|32|26|11|189|82|4H|E|9|D2
2|32|275|201|127|240|3H|W|10|D3
2|32|8|182|241|146|3H|W|9|D5
2|32|302|136|291|282|5DX|S|8|H3
2|32|21|137|173|242|3H|E|10|D4
2|32|63|273|274|68|3DX|S|8|CT
2|32|202|154|74|64|3H|W|10|D3
2|4|35|117|171|24|3S|E|10|DK
2|4|289|151|178|62|2S|E|9|DK
2|4|228|66|13|79|3S|E|9|DK
2|4|11|259|82|57|3S|E|9|DK
2|4|170|182|33|146|2D|S|5|H3
2|4|275|201|127|240|4S|E|9|DK
2|4|21|137|173|242|2N|W|8|C7
2|4|302|29|291|140|3S|E|9|DK
2|4|63|273|274|68|2D|S|6|H3
2|4|202|154|74|64|3S|E|9|DK
2|5|35|117|171|24|2H|E|7|D8
2|5|289|151|178|62|2N|E|9|S6
2|5|228|66|13|79|3C|W|8|S3
2|5|11|259|82|57|1N|E|8|S6
2|5|170|182|33|146|2S|S|5|C2
2|5|275|201|127|240|4C|W|7|DK
2|5|302|29|291|140|3NX|E|8|H9
2|5|21|137|173|242|3N|E|9|S6
2|5|63|273|274|68|2H|E|8|D6
2|5|202|154|74|64|2S|S|7|H2
2|6|35|117|171|24|2S|W|10|H9
2|6|289|151|178|62|3N|E|9|D6
2|6|228|66|13|79|2S|W|9|C2
2|6|11|259|82|57|2S|W|8|H9
2|6|170|182|33|146|4S|W|9|H9
2|6|275|201|127|240|3N|E|8|D6
2|6|302|29|291|140|2S|W|9|DQ
2|6|21|137|173|242|2S|W|9|DQ
2|6|63|273|274|68|3N|E|10|D6
2|6|202|154|74|64|2S|W|9|DQ
2|7|35|117|171|24|1N|E|8|H2
2|7|289|151|178|62|3N|E|8|D8
2|7|228|66|13|79|3N|E|7|D8
2|7|11|259|82|57|3N|E|8|D3
2|7|170|182|33|146|3N|E|8|S2
2|7|275|201|127|240|3N|E|8|D3
2|7|21|137|173|242|3N|E|8|D3
2|7|302|29|291|140|3N|E|9|H2
2|7|63|273|274|68|3N|E|8|D3
2|7|202|154|74|64|3N|E|8|D8
2|8|35|117|171|24|3N|E|11|H7
2|8|289|151|178|62|3N|W|11|H6
2|8|228|66|13|79|3N|E|9|H2
2|8|11|259|82|57|3N|W|10|H6
2|8|170|182|33|146|4S|W|9|H7
2|8|275|201|127|240|3N|E|10|H7
2|8|302|29|291|140|3N|E|11|H7
2|8|21|137|173|242|3N|E|10|H7
2|8|63|273|274|68|3N|E|10|H2
2|8|202|154|74|64|3S|E|10|H7
2|9|35|117|171|24|5SX|E|10|HJ
2|9|289|151|178|62|5S|E|10|HJ
2|9|228|66|13|79|5HX|N|9|D6
2|9|11|259|82|57|5S|E|9|HJ
2|9|275|201|127|240|4H|S|10|CJ
2|9|170|182|33|146|4S|W|9|CK
2|9|302|29|291|140|6HX|S|9|DA
2|9|21|137|173|242|4S|E|9|HJ
2|9|63|273|274|68|5S|E|11|CT
2|9|202|154|74|64|5H|N|9|SA
3|1|35|11|171|82|2H|N|7|SQ
3|1|66|151|79|62|4H|N|7|SQ
3|1|228|182|13|146|P||0
3|1|275|259|127|57|P||0
3|1|8|302|241|291|4SX|E|10|H3
3|1|137|201|242|240|2H|N|7|SQ
3|1|29|273|140|68|4SX|E|10|H4
3|1|202|136|74|282|4SX|E|10|H7
3|1|289|154|178|64|3S|E|10|H8
3|1|63|117|274|24|3S|E|10|H5
3|10|35|11|171|82|4H|S|11|S5
3|10|66|151|79|62|4H|S|10|S5
3|10|228|182|13|146|6H|S|12|CA
3|10|275|259|127|57|3N|S|11|S5
3|10|8|302|241|291|4H|S|11|S5
3|10|137|201|242|240|4H|S|11|S5
3|10|29|273|140|68|4H|S|11|S5
3|10|202|136|74|282|4H|S|9|D3
3|10|289|154|178|64|5H|S|11|S5
3|10|63|117|274|24|4H|S|11|S5
3|11|35|11|171|82|4H|S|9|S8
3|11|66|151|79|62|4H|S|8|S3
3|11|228|182|13|146|3C|N|9|SA
3|11|275|259|127|57|3H|S|9|S3
3|11|8|302|241|291|4H|S|9|S3
3|11|137|201|242|240|5C|N|11|SK
3|11|29|273|140|68|4H|S|11|S8
3|11|202|136|74|282|4H|S|9|S3
3|11|289|154|178|64|5H|S|9|S3
3|11|63|117|274|24|4H|S|9|S8
3|12|35|11|171|82|2S|N|6|SK
3|12|66|151|79|62|2S|W|6|HA
3|12|228|182|13|146|3H|N|8|SK
3|12|275|259|127|57|2S|W|7|DK
3|12|8|302|241|291|2S|N|7|H3
3|12|137|201|242|240|1S|N|7|C3
3|12|29|273|140|68|2C|N|7|SK
3|12|202|136|74|282|3N|N|7|D4
3|12|289|154|178|64|5S|N|6|DA
3|12|63|117|274|24|4D|S|10|DK
3|13|35|11|171|82|4C|W|9|C3
3|13|66|151|79|62|4S|S|9|S4
3|13|228|182|13|146|3S|N|9|C8
3|13|275|259|127|57|2S|S|8|CA
3|13|8|302|241|291|3N|N|9|DT
3|13|137|201|242|240|2S|S|9|HA
3|13|29|273|140|68|3S|N|9|DT
3|13|202|136|74|282|3S|N|9|C8
3|13|289|154|178|64|3S|N|9|C8
3|13|63|117|274|24|2S|S|9|CA
3|14|35|11|171|82|2S|W|8|CJ
3|14|66|151|79|62|4S|W|8|CJ
3|14|228|182|13|146|4S|W|7|CJ
3|14|275|259|127|57|3S|W|7|CJ
3|14|8|302|241|291|3SX|W|8|CJ
3|14|137|201|242|240|4SX|W|8|CJ
3|14|29|273|140|68|4S|E|8|H6
3|14|202|136|74|282|3C|S|9|SQ
3|14|289|154|178|64|3S|W|7|CJ
3|14|63|117|274|24|4S|W|9|HA
3|15|35|11|171|82|3D|W|11|C3
3|15|66|151|79|62|3D|W|11|HQ
3|15|228|182|13|146|1DX|N|2|HA
3|15|275|259|127|57|3N|E|7|ST
3|15|8|302|241|291|3D|W|10|SK
3|15|137|201|242|240|3D|W|10|SK
3|15|29|273|140|68|3C|W|9|SK
3|15|202|136|74|282|3N|W|7|SK
3|15|289|154|178|64|3N|E|7|ST
3|15|63|117|274|24|2H|W|9|C2
3|16|35|11|171|82|3C|N|9|S9
3|16|66|151|79|62|4S|N|10|D5
3|16|228|182|13|146|5S|N|10|D7
3|16|275|259|127|57|4S|N|10|D5
3|16|8|302|241|291|4S|N|10|D5
3|16|137|201|242|240|4S|N|10|H7
3|16|29|273|140|68|2S|N|10|D7
3|16|202|136|74|282|4S|N|10|D5
3|16|289|154|178|64|4S|N|10|D5
3|16|63|117|274|24|4S|N|9|S9
3|17|151|66|62|79|3D|W|8|H8
3|17|11|35|82|171|2H|N|7|S2
3|17|26|182|189|146|2H|N|7|C2
3|17|275|228|127|13|2H|N|7|S3
3|17|8|302|241|291|2H|S|6|C5
3|17|137|170|242|33|2H|N|8|C2
3|17|21|273|173|68|1N|S|7|HK
3|17|202|29|74|140|1N|S|5|HK
3|17|289|154|178|64|2H|S|6|HK
3|17|63|117|274|24|2H|N|6|D3
3|18|151|66|62|79|5D|S|10|SK
3|18|11|35|82|171|4SX|E|8|CA
3|18|26|182|189|146|4D|S|10|SA
3|18|275|228|127|13|3D|S|10|SK
3|18|8|302|241|291|5D|N|10|SJ
3|18|137|170|242|33|5D|S|10|SK
3|18|21|273|173|68|5SX|E|8|CA
3|18|202|29|74|140|5D|S|10|SA
3|18|289|154|178|64|4D|S|9|SK
3|18|63|117|274|24|5D|S|10|SK
3|19|151|66|62|79|4S|W|10|H4
3|19|11|35|82|171|4S|W|11|H4
3|19|26|182|189|146|3S|W|10|H6
3|19|275|228|127|13|3S|E|11|DK
3|19|8|302|241|291|5HX|S|9|SA
3|19|137|170|242|33|4S|W|10|S6
3|19|21|273|173|68|4S|W|11|HT
3|19|202|29|74|140|4S|W|11|S5
3|19|289|154|178|64|3S|W|11|DK
3|19|63|117|274|24|5HX|S|7|SK
3|2|35|11|171|82|2S|E|9|D7
3|2|66|151|79|62|2S|E|9|D9
3|2|228|182|13|146|3S|E|8|D8
3|2|275|259|127|57|2S|E|9|D8
3|2|8|302|241|291|4S|E|10|HA
3|2|137|201|242|240|2S|E|10|HA
3|2|29|273|140|68|2S|E|9|D8
3|2|202|136|74|282|3N|E|9|HQ
3|2|289|154|178|64|3H|S|7|DK
3|2|63|117|274|24|2S|W|10|D4
3|20|151|66|62|79|1N|N|9|D5
3|20|11|35|82|171|3N|N|8|D5
3|20|26|182|189|146|3N|N|9|D4
3|20|275|228|127|13|3N|N|8|D5
3|20|8|302|241|291|3N|N|10|S5
3|20|137|170|242|33|3N|N|8|S5
3|20|21|273|173|68|3D|E|7|HA
3|20|202|29|74|140|1H|S|10|DQ
3|20|289|154|178|64|2H|S|9|DQ
3|20|63|117|274|24|2N|N|8|S8
3|21|151|66|62|79|4S|S|10|S8
3|21|11|35|82|171|3N|N|7|CK
3|21|26|182|189|146|4S|S|10|C7
3|21|275|228|127|13|4S|S|10|C7
3|21|8|302|241|291|2H|S|8|C7
3|21|137|170|242|33|3S|S|10|D2
3|21|21|273|173|68|4S|S|10|C2
3|21|202|29|74|140|4S|S|10|C7
3|21|289|154|178|64|4S|S|10|C7
3|21|63|117|274|24|3S|S|10|SA
3|22|151|66|62|79|4SX|S|10|HK
3|22|11|35|82|171|4S|S|9|HA
3|22|26|182|189|146|4S|S|9|HA
3|22|275|228|127|13|3S|S|11|HA
3|22|8|302|241|291|4S|S|11|D5
3|22|137|170|242|33|4S|S|9|HK
3|22|21|273|173|68|4HX|W|8|S3
3|22|202|29|74|140|2S|S|9|HA
3|22|289|154|178|64|4S|S|9|HK
3|22|63|117|274|24|4S|S|9|HK
3|23|151|66|62|79|2S|E|8|CJ
3|23|11|35|82|171|2S|E|9|H8
3|23|26|182|189|146|2S|W|10|H7
3|23|275|228|127|13|2S|E|9|H3
3|23|8|302|241|291|2S|E|10|CT
3|23|137|170|242|33|2S|E|9|S7
3|23|21|273|173|68|2S|E|9|H8
3|23|202|29|74|140|2S|E|10|H7
3|23|289|154|178|64|2S|E|10|S5
3|23|63|117|274|24|2S|E|10|CJ
3|24|151|66|62|79|4S|E|7|S2
3|24|11|35|82|171|3HX|S|6|SA
3|24|26|182|189|146|4S|E|7|CA
3|24|275|228|127|13|4S|E|8|CT
3|24|8|302|241|291|2S|W|7|CK
3|24|137|170|242|33|3S|E|8|S2
3|24|21|273|173|68|3N|E|9|HT
3|24|202|29|74|140|2S|W|8|CK
3|24|289|154|178|64|3S|E|9|S5
3|24|63|117|274|24|4S|E|9|HT
3|25|151|66|62|79|4H|E|10|DT
3|25|11|35|82|171|4SX|S|8|H9
3|25|26|182|189|146|4SX|N|8|H9
3|25|275|228|127|13|3S|N|8|HK
3|25|8|302|241|291|4H|E|10|SQ
3|25|137|170|242|33|3S|S|9|DA
3|25|21|273|173|68|3S|S|9|H7
3|25|202|29|74|140|4SX|S|8|H4
3|25|289|154|178|64|4H|E|11|DT
3|25|63|117|274|24|3H|E|10|SK
3|26|151|66|62|79|3D|E|9|DA
3|26|11|35|82|171|3D|E|10|HT
3|26|26|182|189|146|3H|N|9|SQ
3|26|275|228|127|13|3D|E|10|ST
3|26|8|302|241|291|3D|E|10|DA
3|26|137|170|242|33|3N|E|9|CT
3|26|21|273|173|68|4D|E|9|H9
3|26|202|29|74|140|3D|E|9|HT
3|26|289|154|178|64|4S|W|8|HK
3|26|63|117|274|24|5D|E|9|HT
3|27|151|66|62|79|5DX|W|9|HQ
3|27|11|35|82|171|6H|S|10|DA
3|27|26|182|189|146|4H|S|10|DA
3|27|275|228|127|13|4S|N|10|DJ
3|27|8|302|241|291|4H|S|10|DA
3|27|137|170|242|33|4S|N|11|H7
3|27|21|273|173|68|5DX|W|9|HQ
3|27|202|29|74|140|4H|S|10|DA
3|27|289|154|178|64|5H|S|10|DK
3|27|63|117|274|24|4S|N|10|DJ
3|28|151|66|62|79|2H|W|8|D5
3|28|11|35|82|171|4H|W|7|D3
3|28|26|182|189|146|3H|E|10|ST
3|28|275|228|127|13|2H|W|8|D3
3|28|8|302|241|291|2H|W|10|S9
3|28|137|170|242|33|2H|W|8|C3
3|28|21|273|173|68|2N|E|10|S4
3|28|202|29|74|140|4H|W|9|C5
3|28|289|154|178|64|2H|W|9|C5
3|28|63|117|274|24|4H|W|10|ST
3|29|151|66|62|79|3S|W|10|H9
3|29|11|35|82|171|3S|W|9|H9
3|29|26|182|189|146|2S|E|9|D5
3|29|275|228|127|13|2S|W|9|H9
3|29|8|302|241|291|4S|W|9|CQ
3|29|137|170|242|33|4S|W|9|D2
3|29|21|273|173|68|2S|W|9|D2
3|29|202|29|74|140|2S|W|9|D5
3|29|289|154|178|64|3S|W|9|CK
3|29|63|117|274|24|2S|W|10|CK
3|3|35|11|171|82|3C|E|10|C5
3|3|66|151|79|62|4C|E|9|H3
3|3|228|182|13|146|2H|N|7|S6
3|3|275|259|127|57|5C|E|8|C5
3|3|8|302|241|291|3H|N|6|S7
3|3|137|201|242|240|3H|N|7|S7
3|3|29|273|140|68|4D|E|9|H3
3|3|202|136|74|282|3H|N|7|S7
3|3|289|154|178|64|3C|W|9|D3
3|3|63|117|274|24|4C|W|11|DJ
3|30|151|66|62|79|5H|S|11|D6
3|30|11|35|82|171|4H|S|11|D6
3|30|26|182|189|146|4H|S|11|D3
3|30|275|228|127|13|4H|S|11|S4
3|30|8|302|241|291|4H|S|11|S8
3|30|137|170|242|33|3N|N|11|D2
3|30|21|273|173|68|4H|S|11|S4
3|30|202|29|74|140|4H|S|11|S8
3|30|289|154|178|64|4H|S|11|S8
3|30|63|117|274|24|2SX|E|5|HA
3|31|151|66|62|79|3N|N|5|DQ
3|31|11|35|82|171|4HX|E|7|ST
3|31|26|182|189|146|3N|N|5|DQ
3|31|275|228|127|13|4HX|E|4|ST
3|31|8|302|241|291|3N|N|4|DQ
3|31|137|170|242|33|4S|N|6|DQ
3|31|21|273|173|68|4S|N|9|DQ
3|31|202|29|74|140|3N|N|9|DQ
3|31|289|154|178|64|4S|N|8|DQ
3|31|63|117|274|24|4S|N|8|DQ
3|32|151|66|62|79|5H|W|11|CT
3|32|11|35|82|171|4H|W|10|CT
3|32|26|182|189|146|5H|W|10|CT
3|32|275|228|127|13|4H|W|10|CT
3|32|8|302|241|291|5H|W|10|CT
3|32|137|170|242|33|5DX|N|6|DQ
3|32|21|273|173|68|5H|W|10|CT
3|32|202|29|74|140|5DX|N|8|HA
3|32|289|154|178|64|5DX|N|7|DQ
3|32|63|117|274|24|5DX|S|8|C9
3|4|35|11|171|82|4S|N|10|HK
3|4|66|151|79|62|2S|N|10|HK
3|4|228|182|13|146|4S|N|10|HK
3|4|275|259|127|57|4S|N|10|HK
3|4|8|302|241|291|3S|N|10|HK
3|4|137|201|242|240|4S|N|10|HK
3|4|29|273|140|68|3S|N|10|HK
3|4|202|136|74|282|4S|N|10|HK
3|4|289|154|178|64|4S|N|10|HK
3|4|63|117|274|24|4S|N|10|HK
3|5|35|11|171|82|2S|S|8|C8
3|5|66|151|79|62|2H|W|7|DA
3|5|228|182|13|146|3D|N|7|HJ
3|5|275|259|127|57|2S|S|8|HA
3|5|8|302|241|291|2H|W|7|DK
3|5|137|201|242|240|2D|N|8|HJ
3|5|29|273|140|68|2H|W|6|DA
3|5|202|136|74|282|2N|E|8|S8
3|5|289|154|178|64|2H|W|7|S2
3|5|63|117|274|24|2H|W|6|DA
3|6|35|11|171|82|2H|S|11|D7
3|6|66|151|79|62|1N|E|5|H6
3|6|228|182|13|146|1NX|E|6|H6
3|6|275|259|127|57|2H|S|9|S8
3|6|8|302|241|291|3N|S|7|S6
3|6|137|201|242|240|3N|S|9|C3
3|6|29|273|140|68|4H|S|9|S6
3|6|202|136|74|282|3N|S|9|C3
3|6|289|154|178|64|2H|S|9|C6
3|6|63|117|274|24|4H|S|9|C3
3|7|35|11|171|82|4S|S|10|CA
3|7|66|151|79|62|4S|S|10|S6
3|7|228|182|13|146|2S|S|10|C2
3|7|275|259|127|57|4S|N|10|D7
3|7|8|302|241|291|2S|N|10|D7
3|7|137|201|242|240|4S|S|10|CA
3|7|29|273|140|68|5S|S|10|CA
3|7|202|136|74|282|4S|S|11|S6
3|7|289|154|178|64|3S|S|10|S6
3|7|63|117|274|24|4S|N|10|S4
3|8|35|11|171|82|3D|N|9|HK
3|8|66|151|79|62|1N|W|7|DA
3|8|228|182|13|146|1N|W|5|DT
3|8|275|259|127|57|3D|N|10|HK
3|8|8|302|241|291|1N|W|4|DK
3|8|137|201|242|240|3D|N|9|HK
3|8|29|273|140|68|1N|W|5|DA
3|8|202|136|74|282|3D|N|9|HK
3|8|289|154|178|64|1N|W|4|DK
3|8|63|117|274|24|2N|S|7|H5
3|9|35|11|171|82|3N|N|9|H4
3|9|66|151|79|62|3D|N|10|H6
3|9|228|182|13|146|3N|S|10|D9
3|9|275|259|127|57|3D|N|9|C5
3|9|8|302|241|291|3D|N|10|H6
3|9|137|201|242|240|3N|S|8|H2
3|9|29|273|140|68|3N|S|8|H2
3|9|202|136|74|282|3N|S|8|H2
3|9|289|154|178|64|3N|N|8|H4
3|9|63|117|274|24|3N|S|7|H2
4|1|275|151|127|62|3S|N|9|H3
4|1|250|133|284|182|3S|N|9|H8
4|1|302|26|291|189|3H|E|7|C5
4|1|259|263|14|137|3S|N|9|H3
4|1|202|201|74|240|4S|N|9|H7
4|1|8|273|241|68|3H|E|7|S4
4|1|63|29|181|140|3H|W|7|S6
4|1|21|154|173|64|2S|N|9|H3
4|1|276|66|150|79|4S|N|9|H7
4|1|11|289|82|178|3S|N|9|H7
4|10|275|151|127|62|3N|S|9|D2
4|10|250|133|284|182|4H|S|10|C9
4|10|302|26|291|189|4H|S|10|C9
4|10|259|263|14|137|4H|S|10|S8
4|10|202|201|74|240|3N|S|9|D4
4|10|8|273|241|68|4H|S|10|C9
4|10|63|29|181|140|4H|S|10|CJ
4|10|21|154|173|64|4H|S|11|S8
4|10|276|66|150|79|4H|S|10|DA
4|10|11|289|82|178|4H|S|10|C9
4|11|275|151|127|62|5C|N|10|SA
4|11|250|133|284|182|1N|N|6|S6
4|11|302|26|291|189|5C|N|10|D8
4|11|202|201|74|240|3N|S|10|DQ
4|11|8|273|241|68|3C|N|10|H4
4|11|63|29|181|140|3N|S|10|DQ
4|11|21|154|173|64|3N|S|10|DQ
4|11|276|66|150|79|3N|S|10|DQ
4|11|11|289|82|178|3C|S|10|H7
4|12|275|151|127|62|4S|N|12|D2
4|12|250|133|284|182|6S|N|12|HA
4|12|302|26|291|189|6S|N|12|S3
4|12|259|263|14|137|4S|N|12|D3
4|12|202|201|74|240|4S|N|12|S3
4|12|8|273|241|68|6S|N|12|HA
4|12|63|29|181|140|6S|N|12|HA
4|12|21|154|173|64|4S|N|12|C2
4|12|276|66|150|79|4S|N|12|C3
4|12|11|289|82|178|6S|N|12|HA
4|13|275|151|127|62|5C|W|12|HT
4|13|250|133|284|182|6N|W|9|DA
4|13|302|26|291|189|6C|W|13|C3
4|13|259|263|14|137|6C|W|12|HT
4|13|202|201|74|240|6C|W|12|HT
4|13|8|273|241|68|6C|W|12|HT
4|13|63|29|181|140|4N|W|13|S5
4|13|21|154|173|64|6C|E|13|S4
4|13|276|66|150|79|6N|E|13|S3
4|13|11|289|82|178|6C|W|12|HT
4|14|275|151|127|62|6H|E|12|SQ
4|14|250|133|284|182|5H|E|12|SQ
4|14|302|26|291|189|6N|W|12|DT
4|14|259|263|14|137|6N|W|12|DT
4|14|202|201|74|240|6H|E|12|SQ
4|14|8|273|241|68|6H|E|12|SQ
4|14|63|29|181|140|6H|E|12|SQ
4|14|21|154|173|64|6H|E|12|SQ
4|14|276|66|150|79|6H|E|12|SQ
4|14|11|289|82|178|6H|E|12|SQ
4|15|275|151|127|62|4H|S|10|DK
4|15|250|133|284|182|4H|S|11|DK
4|15|302|26|291|189|4H|S|11|H5
4|15|259|263|14|137|4H|S|10|CJ
4|15|202|201|74|240|4H|S|12|CJ
4|15|8|273|241|68|4H|S|10|DK
4|15|63|29|181|140|4H|S|11|CJ
4|15|21|154|173|64|4H|S|11|DK
4|15|276|66|150|79|4H|S|10|DK
4|15|11|289|82|178|4H|S|11|CJ
4|16|275|151|127|62|3N|W|10|D6
4|16|250|133|284|182|2H|N|6|C6
4|16|302|26|291|189|2S|E|10|D7
4|16|259|263|14|137|2H|N|7|S7
4|16|202|201|74|240|4S|E|11|D7
4|16|8|273|241|68|2HX|S|6|CA
4|16|63|29|181|140|3N|E|9|D5
4|16|21|154|173|64|3N|E|10|D7
4|16|276|66|150|79|2H|S|6|CK
4|16|11|289|82|178|3C|W|10|HA
4|17|275|151|127|62|3N|W|9|HK
4|17|250|133|284|182|4S|E|9|HT
4|17|263|259|242|14|3N|W|9|HQ
4|17|26|302|189|291|3N|E|9|CQ
4|17|202|170|74|33|5D|W|11|HK
4|17|8|139|241|183|3D|E|11|D6
4|17|154|21|64|173|3N|W|9|HK
4|17|136|63|282|181|3C|N|7|H7
4|17|276|66|150|79|4H|W|7|CQ
4|17|11|289|82|178|4S|E|9|HT
4|18|275|151|127|62|4H|W|9|D2
4|18|250|133|284|182|3H|E|9|DA
4|18|263|259|242|14|4H|E|9|DA
4|18|26|302|189|291|3H|E|9|DA
4|18|202|170|74|33|5D|N|8|HA
4|18|8|139|241|183|3S|W|8|C6
4|18|154|21|64|173|3S|W|9|C6
4|18|136|63|282|181|5D|N|9|D3
4|18|276|66|150|79|5DX|S|8|H9
4|18|11|289|82|178|5S|W|8|D2
4|19|275|151|127|62|1H|N|8|DJ
4|19|250|133|284|182|2H|N|11|DJ
4|19|263|259|242|14|2H|N|8|DJ
4|19|26|302|189|291|3H|N|7|S2
4|19|202|170|74|33|2H|N|10|C6
4|19|8|139|241|183|3C|E|7|H2
4|19|154|21|64|173|4H|N|9|C6
4|19|136|63|282|181|2H|N|8|DJ
4|19|276|66|150|79|2H|N|7|DJ
4|19|11|289|82|178|2H|N|8|DJ
4|2|275|151|127|62|4S|W|10|CK
4|2|250|133|284|182|3S|E|10|C2
4|2|302|26|291|189|4S|W|10|CK
4|2|259|263|14|137|3S|W|11|DT
4|2|202|201|74|240|3S|W|10|H5
4|2|8|273|241|68|4S|E|10|C2
4|2|63|29|181|140|4S|W|10|H8
4|2|21|154|173|64|3S|W|10|CK
4|2|276|66|150|79|4SX|W|10|SQ
4|2|11|289|82|178|3S|W|10|H5
4|20|275|151|127|62|4S|E|9|C9
4|20|250|133|284|182|3S|E|9|HA
4|20|263|259|242|14|4SX|E|9|HA
4|20|26|302|189|291|4S|E|9|HA
4|20|202|170|74|33|4S|E|9|S9
4|20|8|139|241|183|2H|W|7|CK
4|20|154|21|64|173|3C|N|9|SK
4|20|136|63|282|181|4SX|E|9|C9
4|20|276|66|150|79|3CX|N|10|SK
4|20|11|289|82|178|3S|E|9|C9
4|21|275|151|127|62|3N|N|9|HK
4|21|250|133|284|182|3N|N|10|HK
4|21|263|259|242|14|3N|N|9|HK
4|21|26|302|189|291|3N|N|10|HK
4|21|202|170|74|33|3N|N|9|S2
4|21|8|139|241|183|3N|N|10|HK
4|21|154|21|64|173|3N|N|9|HK
4|21|136|63|282|181|3N|N|9|HK
4|21|276|66|150|79|3N|N|9|HQ
4|21|11|289|82|178|3N|N|9|HQ
4|22|275|151|127|62|4H|N|9|DQ
4|22|250|133|284|182|4H|N|7|S3
4|22|263|259|242|14|3N|S|8|S7
4|22|26|302|189|291|4H|N|8|DQ
4|22|202|170|74|33|2H|S|7|D3
4|22|8|139|241|183|4H|N|7|S4
4|22|154|21|64|173|3N|S|7|S2
4|22|136|63|282|181|3N|S|7|DJ
4|22|276|66|150|79|3N|S|7|DJ
4|22|11|289|82|178|4H|N|8|S6
4|23|275|151|127|62|3H|S|7|S6
4|23|250|133|284|182|4HX|S|8|DQ
4|23|263|259|242|14|4HX|S|8|S2
4|23|26|302|189|291|4HX|N|8|DQ
4|23|202|170|74|33|4HX|S|7|CA
4|23|8|139|241|183|3C|S|7|DQ
4|23|154|21|64|173|4H|S|7|DQ
4|23|136|63|282|181|4HX|S|6|D3
4|23|276|66|150|79|4HX|S|8|S6
4|23|11|289|82|178|4HX|S|8|DQ
4|24|275|151|127|62|3N|W|10|S3
4|24|250|133|284|182|3N|E|9|DQ
4|24|263|259|242|14|3N|W|11|S6
4|24|26|302|189|291|3N|E|10|DQ
4|24|202|170|74|33|6C|W|11|S6
4|24|8|139|241|183|3N|E|7|HT
4|24|154|21|64|173|3N|W|7|D3
4|24|136|63|282|181|3N|W|9|D6
4|24|276|66|150|79|3N|E|7|DQ
4|24|11|289|82|178|5C|W|10|H9
4|25|275|151|127|62|2D|S|10|D6
4|25|250|133|284|182|5D|N|10|HA
4|25|263|259|242|14|2D|S|10|CQ
4|25|26|302|189|291|5DX|S|10|CQ
4|25|202|170|74|33|2D|S|11|D6
4|25|8|139|241|183|5D|S|9|CQ
4|25|154|21|64|173|3D|S|12|CQ
4|25|136|63|282|181|3D|S|10|CQ
4|25|276|66|150|79|3D|N|10|S8
4|25|11|289|82|178|5DX|S|10|H3
4|26|275|151|127|62|3N|W|9|D3
4|26|250|133|284|182|3N|E|8|D3
4|26|263|259|242|14|3N|E|10|ST
4|26|26|302|189|291|3N|W|9|S2
4|26|202|170|74|33|3N|E|10|SJ
4|26|8|139|241|183|3N|E|9|ST
4|26|154|21|64|173|3N|E|10|SJ
4|26|136|63|282|181|3N|E|10|S6
4|26|276|66|150|79|3N|W|9|D2
4|26|11|289|82|178|3N|E|9|SJ
4|27|275|151|127|62|4S|E|10|HJ
4|27|250|133|284|182|6N|W|11|CJ
4|27|263|259|242|14|6C|W|9|HA
4|27|26|302|189|291|4S|E|13|S2
4|27|202|170|74|33|3N|W|11|D6
4|27|8|139|241|183|4S|E|10|HJ
4|27|154|21|64|173|3N|W|11|D6
4|27|136|63|282|181|4S|E|10|HJ
4|27|276|66|150|79|3N|W|10|C5
4|27|11|289|82|178|4S|W|11|CJ
4|28|275|151|127|62|3S|N|8|HK
4|28|250|133|284|182|3C|W|7|D4
4|28|263|259|242|14|3S|N|8|HA
4|28|26|302|189|291|3S|N|8|HA
4|28|202|170|74|33|1H|E|10|CK
4|28|8|139|241|183|3D|E|8|CK
4|28|154|21|64|173|3S|N|8|HA
4|28|136|63|282|181|4HX|E|9|CK
4|28|276|66|150|79|3S|N|8|DK
4|28|11|289|82|178|3S|N|8|HK
4|29|275|151|127|62|2H|S|9|C9
4|29|250|133|284|182|3D|W|4|HT
4|29|263|259|242|14|3S|E|6|HA
4|29|26|302|189|291|3C|N|9|SA
4|29|202|170|74|33|3C|N|9|SQ
4|29|8|139|241|183|3C|N|8|SK
4|29|154|21|64|173|3C|N|9|SK
4|29|136|63|282|181|3C|N|9|SK
4|29|276|66|150|79|2H|S|8|S9
4|29|11|289|82|178|3C|N|11|SK
4|3|275|151|127|62|3C|N|8|C3
4|3|250|133|284|182|3NX|E|7|D9
4|3|302|26|291|189|2S|S|8|H7
4|3|259|263|14|137|2C|N|8|HK
4|3|202|201|74|240|2S|N|9|S5
4|3|8|273|241|68|2S|N|8|C3
4|3|63|29|181|140|2S|N|8|C7
4|3|21|154|173|64|3N|N|7|D3
4|3|276|66|150|79|2S|N|8|C2
4|3|11|289|82|178|2S|N|8|DA
4|30|275|151|127|62|4S|W|9|C6
4|30|250|133|284|182|3N|W|6|C6
4|30|263|259|242|14|3N|W|8|HJ
4|30|26|302|189|291|4S|W|9|C2
4|30|202|170|74|33|4S|W|8|C6
4|30|8|139|241|183|4S|W|9|C6
4|30|154|21|64|173|4S|E|8|D7
4|30|136|63|282|181|4S|E|8|D7
4|30|276|66|150|79|3S|E|9|CK
4|30|11|289|82|178|4S|W|8|S7
4|31|275|151|127|62|1N|W|7|HQ
4|31|250|133|284|182|1N|W|7|HQ
4|31|263|259|242|14|1N|W|5|HQ
4|31|26|302|189|291|2H|N|8|DT
4|31|202|170|74|33|3D|E|8|S5
4|31|8|139|241|183|1N|W|5|H7
4|31|154|21|64|173|1N|W|3|HQ
4|31|136|63|282|181|3H|N|9|DT
4|31|276|66|150|79|3D|W|8|HQ
4|31|11|289|82|178|3D|W|8|HQ
4|32|275|151|127|62|4SX|E|8|HQ
4|32|250|133|284|182|5D|S|12|SK
4|32|263|259|242|14|3N|S|7|SK
4|32|26|302|189|291|5D|S|11|SK
4|32|202|170|74|33|4H|N|12|SA
4|32|8|139|241|183|3N|S|13|S8
4|32|154|21|64|173|4H|N|12|SA
4|32|136|63|282|181|4H|N|11|SA
4|32|276|66|150|79|4H|N|11|SA
4|32|11|289|82|178|3N|S|8|S6
4|4|275|151|127|62|1C|W|8|S7
4|4|250|133|284|182|1C|W|7|D6
4|4|302|26|291|189|2D|N|9|C9
4|4|259|263|14|137|2S|E|6|HQ
4|4|202|201|74|240|2S|W|7|C4
4|4|8|273|241|68|3H|N|10|C9
4|4|63|29|181|140|2S|W|9|C4
4|4|21|154|173|64|2S|W|8|C4
4|4|276|66|150|79|3H|N|9|S4
4|4|11|289|82|178|2S|W|8|C4
4|5|275|151|127|62|4H|N|12|S3
4|5|250|133|284|182|4H|S|11|D8
4|5|302|26|291|189|4H|N|12|H6
4|5|259|263|14|137|4H|S|12|SQ
4|5|202|201|74|240|5HX|N|12|S2
4|5|8|273|241|68|4SX|W|8|SA
4|5|63|29|181|140|4H|N|12|S2
4|5|21|154|173|64|5H|S|11|D8
4|5|276|66|150|79|4H|N|12|H6
4|5|11|289|82|178|5H|S|11|D8
4|6|275|151|127|62|3H|N|8|D3
4|6|250|133|284|182|4C|E|8|S8
4|6|302|26|291|189|5CX|W|9|HA
4|6|259|263|14|137|2N|W|10|S4
4|6|202|201|74|240|3HX|N|9|D3
4|6|8|273|241|68|4D|W|8|HA
4|6|63|29|181|140|5CX|E|9|HQ
4|6|21|154|173|64|4C|E|9|HQ
4|6|276|66|150|79|2S|N|6|D3
4|6|11|289|82|178|5CX|W|10|HA
4|7|275|151|127|62|2H|N|9|SK
4|7|250|133|284|182|3H|N|9|SA
4|7|302|26|291|189|4H|N|9|SA
4|7|259|263|14|137|3D|W|10|HA
4|7|202|201|74|240|3H|N|8|SK
4|7|8|273|241|68|2S|E|6|H3
4|7|63|29|181|140|3H|N|8|SA
4|7|21|154|173|64|3H|N|8|SK
4|7|276|66|150|79|3H|N|9|SK
4|7|11|289|82|178|3H|N|9|SK
4|8|275|151|127|62|4S|N|10|HK
4|8|250|133|284|182|4S|N|10|HK
4|8|302|26|291|189|4S|N|10|D5
4|8|259|263|14|137|5HX|E|9|DA
4|8|202|201|74|240|4S|N|9|HK
4|8|8|273|241|68|5HX|E|10|DK
4|8|63|29|181|140|5SX|N|9|HK
4|8|21|154|173|64|5HX|W|11|SA
4|8|276|66|150|79|5S|N|9|HK
4|8|11|289|82|178|4S|N|9|HK
4|9|275|151|127|62|4H|S|10|D7
4|9|250|133|284|182|2C|E|7|SQ
4|9|302|26|291|189|4H|N|10|H7
4|9|259|263|14|137|3H|N|10|S6
4|9|202|201|74|240|3H|N|10|DQ
4|9|8|273|241|68|4H|S|9|D7
4|9|63|29|181|140|3H|N|10|CJ
4|9|21|154|173|64|1N|E|8|SQ
4|9|276|66|150|79|4H|S|9|CQ
4|9|11|289|82|178|4H|S|9|CK
5|1|250|137|284|242|2D|E|9|SA
5|1|302|151|291|62|2D|E|8|C6
5|1|228|273|13|68|1N|E|9|C5
5|1|202|259|74|14|3D|E|9|SA
5|1|170|136|33|282|2D|E|8|SA
5|1|29|201|140|240|2D|E|8|SA
5|1|275|117|127|24|2D|E|9|SA
5|1|289|182|178|146|2D|E|9|SA
5|1|11|154|82|64|2D|E|8|C5
5|1|63|66|181|79|1N|E|8|C5
5|10|250|137|284|242|3H|W|8|SQ
5|10|302|151|291|62|4H|W|8|H6
5|10|228|273|13|68|4H|W|9|C9
5|10|202|259|74|14|4H|W|8|H6
5|10|170|136|33|282|4H|W|8|DA
5|10|29|201|140|240|P||0
5|10|275|117|127|24|2D|N|10|HQ
5|10|289|182|178|146|3H|W|9|CT
5|10|11|154|82|64|4H|W|9|CT
5|10|63|66|181|79|P||0
5|11|250|137|284|242|3DX|S|9|CA
5|11|302|151|291|62|3N|W|7|DA
5|11|228|273|13|68|3N|W|7|SJ
5|11|202|259|74|14|4C|W|9|DA
5|11|170|136|33|282|3N|W|6|S2
5|11|29|201|140|240|5C|W|10|DA
5|11|275|117|127|24|6C|W|9|DA
5|11|289|182|178|146|3S|W|8|DA
5|11|11|154|82|64|3D|S|10|HT
5|11|63|66|181|79|4H|E|9|DJ
5|12|250|137|284|242|3N|N|7|DJ
5|12|302|151|291|62|2H|S|10|S7
5|12|228|273|13|68|3H|S|11|S6
5|12|202|259|74|14|5DX|W|7|H5
5|12|170|136|33|282|6H|S|11|DA
5|12|29|201|140|240|5DX|W|7|H5
5|12|275|117|127|24|2H|S|11|DA
5|12|289|182|178|146|4S|N|8|DJ
5|12|11|154|82|64|4DX|W|7|H5
5|12|63|66|181|79|4SX|N|8|DJ
5|13|250|137|284|242|2S|E|7|H3
5|13|302|151|291|62|3N|E|7|S3
5|13|228|273|13|68|2N|W|6|H4
5|13|202|259|74|14|2N|E|8|H2
5|13|170|136|33|282|2N|W|7|H6
5|13|29|201|140|240|2S|E|7|C8
5|13|275|117|127|24|1N|W|7|DJ
5|13|289|182|178|146|2N|W|7|DJ
5|13|11|154|82|64|2S|E|7|H2
5|13|63|66|181|79|3D|E|7|H2
5|14|250|137|284|242|6H|S|11|CA
5|14|302|151|291|62|6H|S|12|CA
5|14|228|273|13|68|6H|S|11|ST
5|14|202|259|74|14|6H|S|10|ST
5|14|170|136|33|282|6H|S|11|ST
5|14|29|201|140|240|4H|S|11|D3
5|14|275|117|127|24|4H|S|11|CA
5|14|289|182|178|146|6H|S|12|CA
5|14|11|154|82|64|6H|S|12|CA
5|14|63|66|181|79|6H|S|12|ST
5|15|250|137|284|242|3C|S|8|S3
5|15|302|151|291|62|3S|E|9|CA
5|15|228|273|13|68|2S|W|8|CQ
5|15|202|259|74|14|3D|W|8|CQ
5|15|170|136|33|282|3D|W|8|CQ
5|15|29|201|140|240|2D|E|8|CA
5|15|275|117|127|24|2S|E|8|CA
5|15|289|182|178|146|3D|W|8|CQ
5|15|11|154|82|64|3S|E|7|H6
5|15|63|66|181|79|2S|E|8|CA
5|16|250|137|284|242|4C|S|10|HK
5|16|302|151|291|62|5CX|S|10|HK
5|16|228|273|13|68|4H|W|8|C4
5|16|202|259|74|14|5CX|S|9|D4
5|16|170|136|33|282|4HX|E|9|C9
5|16|29|201|140|240|4C|S|10|HK
5|16|275|117|127|24|4C|S|9|HK
5|16|289|182|178|146|5C|S|10|HK
5|16|11|154|82|64|4C|S|10|HK
5|16|63|66|181|79|4H|W|8|C4
5|17|250|263|284|242|1N|S|9|C6
5|17|137|151|291|62|2H|S|9|D2
5|17|26|139|189|183|3N|S|9|D2
5|17|202|228|74|13|2H|S|9|D2
5|17|170|21|33|173|3N|N|8|S6
5|17|29|8|140|241|3N|S|9|C6
5|17|275|117|127|24|2H|S|8|CA
5|17|289|182|178|146|2H|S|10|D2
5|17|11|154|82|64|3D|N|7|H4
5|17|63|66|181|79|3C|W|8|HA
5|18|250|263|284|242|4N|E|12|HT
5|18|137|151|291|62|5H|E|11|HT
5|18|26|139|189|183|6H|W|11|SJ
5|18|202|228|74|13|4H|E|11|HT
5|18|170|21|33|173|6H|E|11|S7
5|18|29|8|140|241|6H|E|11|H2
5|18|275|117|127|24|6H|W|11|S2
5|18|289|182|178|146|6H|E|11|H2
5|18|11|154|82|64|6H|E|11|H2
5|18|63|66|181|79|6H|E|12|HT
5|19|250|263|284|242|4H|N|10|CA
5|19|137|151|291|62|4H|N|10|CA
5|19|26|139|189|183|4H|N|11|CK
5|19|202|228|74|13|4H|N|10|CA
5|19|170|21|33|173|3N|S|7|SQ
5|19|29|8|140|241|3N|S|7|SQ
5|19|275|117|127|24|4H|N|10|CK
5|19|289|182|178|146|4H|N|10|CA
5|19|11|154|82|64|4H|N|10|CK
5|19|63|66|181|79|4H|N|10|CK
5|2|250|137|284|242|6H|S|12|CA
5|2|302|151|291|62|6H|S|12|CA
5|2|228|273|13|68|3S|N|10|H9
5|2|202|259|74|14|5D|E|8|C4
5|2|170|136|33|282|6H|N|12|C7
5|2|29|201|140|240|5D|E|8|C4
5|2|275|117|127|24|7CX|W|8|SA
5|2|289|182|178|146|4H|S|12|CA
5|2|11|154|82|64|6H|S|12|CK
5|2|63|66|181|79|3N|W|6|SA
5|20|250|263|284|242|3N|S|10|C3
5|20|137|151|291|62|4S|S|9|D5
5|20|26|139|189|183|3D|N|11|S5
5|20|202|228|74|13|4S|S|10|D4
5|20|170|21|33|173|4S|S|9|D4
5|20|29|8|140|241|2D|N|9|HQ
5|20|275|117|127|24|4S|S|7|D4
5|20|289|182|178|146|4S|S|9|D4
5|20|11|154|82|64|4S|S|8|C2
5|20|63|66|181|79|4S|S|10|D4
5|21|250|263|284|242|3N|E|9|D4
5|21|137|151|291|62|3N|E|10|D4
5|21|26|139|189|183|3N|E|9|H9
5|21|202|228|74|13|2N|E|8|H7
5|21|170|21|33|173|2N|E|7|SQ
5|21|29|8|140|241|3N|E|10|D4
5|21|275|117|127|24|3N|W|9|SJ
5|21|289|182|178|146|3N|E|9|H9
5|21|11|154|82|64|3N|E|8|HT
5|21|63|66|181|79|2H|N|7|D6
5|22|250|263|284|242|4H|E|10|D8
5|22|137|151|291|62|4H|E|11|D5
5|22|26|139|189|183|4H|E|11|D4
5|22|202|228|74|13|4H|E|11|D4
5|22|170|21|33|173|4H|E|11|SQ
5|22|29|8|140|241|4H|W|10|C6
5|22|275|117|127|24|4H|E|11|D4
5|22|289|182|178|146|4H|E|10|H2
5|22|11|154|82|64|4H|E|11|H2
5|22|63|66|181|79|4H|E|11|C5
5|23|250|263|284|242|3N|N|10|C4
5|23|137|151|291|62|4H|N|9|C3
5|23|26|139|189|183|4H|N|10|C3
5|23|202|228|74|13|4H|S|10|H7
5|23|170|21|33|173|4H|N|10|C3
5|23|29|8|140|241|4H|N|10|C3
5|23|275|117|127|24|3N|N|11|C5
5|23|289|182|178|146|4H|N|10|C4
5|23|11|154|82|64|3N|N|12|C4
5|23|63|66|181|79|5D|S|10|CJ
5|24|250|263|284|242|2DX|S|7|S2
5|24|137|151|291|62|3C|W|11|DK
5|24|26|139|189|183|3C|W|9|DK
5|24|202|228|74|13|2DX|S|8|S2
5|24|170|21|33|173|2N|W|8|DK
5|24|29|8|140|241|2DX|S|8|S2
5|24|275|117|127|24|2DX|S|7|S2
5|24|289|182|178|146|2N|W|8|DK
5|24|11|154|82|64|3C|W|10|DK
5|24|63|66|181|79|3C|W|11|DK
5|25|250|263|284|242|4S|W|9|HJ
5|25|137|151|291|62|5C|S|10|HK
5|25|26|139|189|183|4H|S|9|C8
5|25|202|228|74|13|4S|W|9|HJ
5|25|170|21|33|173|4S|W|9|HJ
5|25|29|8|140|241|2H|S|9|C8
5|25|275|117|127|24|5C|S|10|SA
5|25|289|182|178|146|2S|W|10|CK
5|25|11|154|82|64|5C|S|10|SA
5|25|63|66|181|79|5C|S|9|C8
5|26|250|263|284|242|4H|S|11|DA
5|26|137|151|291|62|5C|N|11|D7
5|26|26|139|189|183|4H|S|11|DA
5|26|202|228|74|13|4H|S|11|DA
5|26|170|21|33|173|4H|S|11|DA
5|26|29|8|140|241|4H|S|11|DK
5|26|275|117|127|24|4H|S|11|DK
5|26|289|182|178|146|4H|S|11|DA
5|26|11|154|82|64|4H|S|11|DK
5|26|63|66|181|79|4H|S|11|DK
5|27|250|263|284|242|3D|S|11|H6
5|27|137|151|291|62|5D|S|11|H6
5|27|26|139|189|183|3D|S|11|CQ
5|27|202|228|74|13|5DX|S|11|CQ
5|27|170|21|33|173|5DX|N|11|SA
5|27|29|8|140|241|3D|S|11|H6
5|27|275|117|127|24|5D|S|11|H7
5|27|289|182|178|146|2D|S|11|H5
5|27|11|154|82|64|5DX|S|11|CQ
5|27|63|66|181|79|3D|S|11|D7
5|28|250|263|284|242|1S|E|6|D3
5|28|137|151|291|62|4H|W|8|C3
5|28|26|139|189|183|1S|E|5|H2
5|28|202|228|74|13|2H|W|9|DA
5|28|170|21|33|173|1S|E|6|D3
5|28|29|8|140|241|1S|E|5|H2
5|28|275|117|127|24|2H|E|8|H2
5|28|289|182|178|146|1S|E|8|H2
5|28|11|154|82|64|2H|W|8|DA
5|28|63|66|181|79|2H|E|8|D5
5|29|250|263|284|242|3N|E|10|C8
5|29|137|151|291|62|4N|E|10|D3
5|29|26|139|189|183|5D|E|11|HA
5|29|202|228|74|13|6D|W|12|C5
5|29|170|21|33|173|6D|W|11|HA
5|29|29|8|140|241|3N|E|10|C8
5|29|275|117|127|24|3N|E|12|H2
5|29|289|182|178|146|5D|E|11|HA
5|29|11|154|82|64|3N|E|13|C5
5|29|63|66|181|79|4N|E|12|C5
5|3|250|137|284|242|3C|W|8|HJ
5|3|302|151|291|62|3C|E|7|D8
5|3|228|273|13|68|2D|N|10|S4
5|3|202|259|74|14|1N|W|7|D6
5|3|170|136|33|282|3C|W|7|DA
5|3|29|201|140|240|3C|W|9|S6
5|3|275|117|127|24|1NX|W|7|D6
5|3|289|182|178|146|1N|W|8|D2
5|3|11|154|82|64|3CX|W|9|S6
5|3|63|66|181|79|3H|N|10|S6
5|30|250|263|284|242|3CX|E|5|DA
5|30|137|151|291|62|3D|S|9|SQ
5|30|26|139|189|183|3D|S|9|SQ
5|30|202|228|74|13|3D|S|9|SQ
5|30|170|21|33|173|3N|N|8|CQ
5|30|29|8|140|241|3D|S|9|SQ
5|30|275|117|127|24|3D|S|7|HA
5|30|289|182|178|146|3N|N|7|D8
5|30|11|154|82|64|3D|S|8|DT
5|30|63|66|181|79|3D|S|8|S4
5|31|250|263|284|242|4H|N|11|CQ
5|31|137|151|291|62|4H|N|12|CQ
5|31|26|139|189|183|4H|N|13|CQ
5|31|202|228|74|13|4H|N|12|CQ
5|31|170|21|33|173|5DX|W|7|D7
5|31|29|8|140|241|6H|N|12|CQ
5|31|275|117|127|24|5H|N|12|CQ
5|31|289|182|178|146|6H|N|12|CQ
5|31|11|154|82|64|4H|N|12|S6
5|31|63|66|181|79|4H|N|13|S2
5|32|250|263|284|242|4H|W|10|SK
5|32|137|151|291|62|4HX|E|12|SJ
5|32|26|139|189|183|4H|E|10|SJ
5|32|202|228|74|13|4H|W|11|SK
5|32|170|21|33|173|4H|W|11|SK
5|32|29|8|140|241|4H|W|11|SK
5|32|275|117|127|24|4H|W|11|SK
5|32|289|182|178|146|4H|W|12|SK
5|32|11|154|82|64|3H|E|12|SJ
5|32|63|66|181|79|3H|E|12|SJ
5|4|250|137|284|242|3C|E|9|HJ
5|4|302|151|291|62|3C|E|10|HJ
5|4|228|273|13|68|3N|E|11|HJ
5|4|202|259|74|14|3C|E|11|HJ
5|4|170|136|33|282|3D|W|8|D7
5|4|29|201|140|240|3C|E|10|HJ
5|4|275|117|127|24|2D|W|8|CJ
5|4|289|182|178|146|3N|W|10|H4
5|4|11|154|82|64|3C|E|12|HJ
5|4|63|66|181|79|3C|W|12|C2
5|5|250|137|284|242|3D|W|7|H3
5|5|302|151|291|62|2H|N|11|H7
5|5|228|273|13|68|3H|N|11|SA
5|5|202|259|74|14|4H|N|11|H7
5|5|170|136|33|282|4S|W|4|H3
5|5|29|201|140|240|4H|N|11|CJ
5|5|275|117|127|24|2S|W|5|H5
5|5|289|182|178|146|2H|S|10|DK
5|5|11|154|82|64|4H|N|11|H7
5|5|63|66|181|79|4H|N|11|H6
5|6|250|137|284|242|1N|S|8|C4
5|6|302|151|291|62|1HX|W|4|DT
5|6|228|273|13|68|2H|N|8|C2
5|6|202|259|74|14|2H|N|8|C2
5|6|170|136|33|282|2H|N|10|C2
5|6|29|201|140|240|2H|S|8|C4
5|6|275|117|127|24|2H|S|8|C5
5|6|289|182|178|146|1N|S|7|C4
5|6|11|154|82|64|2H|N|8|C2
5|6|63|66|181|79|1N|S|7|C4
5|7|250|137|284|242|3N|E|11|DJ
5|7|302|151|291|62|4S|W|10|CQ
5|7|228|273|13|68|4S|W|10|DT
5|7|202|259|74|14|3N|E|10|HT
5|7|170|136|33|282|3N|E|8|C3
5|7|29|201|140|240|3N|E|8|C2
5|7|275|117|127|24|3N|E|10|C2
5|7|289|182|178|146|3N|E|11|HT
5|7|11|154|82|64|4S|W|10|DT
5|7|63|66|181|79|3N|E|11|HT
5|8|250|137|284|242|1N|N|9|H9
5|8|302|151|291|62|2H|N|8|SJ
5|8|228|273|13|68|3S|W|8|HK
5|8|202|259|74|14|3S|W|9|HK
5|8|170|136|33|282|3H|S|8|S3
5|8|29|201|140|240|2S|W|8|HK
5|8|275|117|127|24|2H|S|8|CA
5|8|289|182|178|146|2H|N|8|C2
5|8|11|154|82|64|3H|S|8|S3
5|8|63|66|181|79|2H|N|8|C2
5|9|250|137|284|242|4C|W|3|HQ
5|9|302|151|291|62|6H|E|12|H6
5|9|228|273|13|68|5DX|N|9|H6
5|9|202|259|74|14|6C|S|10|SA
5|9|170|136|33|282|5CX|S|11|SA
5|9|29|201|140|240|4D|N|10|H5
5|9|275|117|127|24|6CX|S|10|SK
5|9|289|182|178|146|4H|W|12|DA
5|9|11|154|82|64|5C|S|10|HK
5|9|63|66|181|79|5DX|N|10|H2
6|1|273|151|68|62|4H|W|11|D5
6|1|250|139|284|183|4S|E|11|CK
6|1|21|228|173|13|4H|E|10|CK
6|1|26|136|189|282|2S|W|11|C3
6|1|63|201|181|240|4S|E|11|CK
6|1|8|154|241|64|4H|W|11|CQ
6|1|276|263|150|242|4S|E|11|CK
6|1|302|117|291|24|4H|W|10|C6
6|1|11|133|82|182|4H|W|11|CK
6|1|275|66|127|79|4S|E|11|CK
6|10|250|139|284|183|6S|E|11|D4
6|10|273|151|68|62|5DX|N|8|D6
6|10|26|136|189|282|4S|E|11|CJ
6|10|21|228|173|13|4S|E|12|C9
6|10|8|154|241|64|5DX|N|7|ST
6|10|63|201|181|240|4S|E|11|D7
6|10|302|117|291|24|4S|E|11|C9
6|10|276|263|150|242|6S|E|11|CT
6|10|11|133|82|182|4S|E|11|D4
6|10|275|66|127|79|5S|E|11|C5
6|11|250|139|284|183|4S|W|10|HK
6|11|273|151|68|62|3N|W|8|H6
6|11|26|136|189|282|4S|E|10|HK
6|11|21|228|173|13|4S|W|10|HK
6|11|8|154|241|64|3N|W|11|H6
6|11|63|201|181|240|4S|W|11|C7
6|11|302|117|291|24|4S|W|10|HK
6|11|276|263|150|242|4S|W|11|S5
6|11|11|133|82|182|4S|E|10|H3
6|11|275|66|127|79|4S|W|10|HK
6|12|250|139|284|183|1N|W|9|C4
6|12|273|151|68|62|3D|E|10|D2
6|12|26|136|189|282|2D|E|11|D2
6|12|21|228|173|13|3D|E|9|CQ
6|12|8|154|241|64|2D|E|10|DT
6|12|63|201|181|240|4D|E|10|CQ
6|12|302|117|291|24|1N|W|9|C4
6|12|276|263|150|242|3D|E|11|DT
6|12|11|133|82|182|3D|E|10|H2
6|12|275|66|127|79|5D|W|10|H2
6|13|250|139|284|183|4S|W|10|H5
6|13|273|151|68|62|6S|W|12|DT
6|13|26|136|189|282|6S|W|11|H7
6|13|21|228|173|13|6S|W|11|H5
6|13|8|154|241|64|6S|W|11|CT
6|13|63|201|181|240|6S|W|11|H7
6|13|302|117|291|24|6S|W|11|D8
6|13|276|263|150|242|6S|W|11|H7
6|13|275|66|127|79|6S|E|11|HA
6|13|11|133|82|182|6S|W|9|H3
6|14|250|139|284|183|6C|S|11|S8
6|14|273|151|68|62|6C|S|11|S8
6|14|26|136|189|282|6C|S|12|H2
6|14|21|228|173|13|6C|S|11|S8
6|14|8|154|241|64|3N|S|12|D5
6|14|63|201|181|240|3N|S|12|D5
6|14|302|117|291|24|4S|N|10|HQ
6|14|276|263|150|242|3N|S|12|D5
6|14|11|133|82|182|3N|N|12|H7
6|14|275|66|127|79|5C|S|11|S8
6|15|250|139|284|183|4H|N|10|SK
6|15|273|151|68|62|4H|N|9|SK
6|15|26|136|189|282|4H|N|8|SK
6|15|21|228|173|13|3H|N|10|SK
6|15|8|154|241|64|4SX|W|8|DJ
6|15|63|201|181|240|5H|N|8|SK
6|15|276|263|150|242|4H|N|10|SK
6|15|302|117|291|24|4H|N|9|SK
6|15|11|133|82|182|6H|N|8|SK
6|15|275|66|127|79|4D|S|8|H4
6|16|250|139|284|183|3N|W|10|D6
6|16|273|151|68|62|3N|W|10|D4
6|16|26|136|189|282|3N|E|10|C5
6|16|21|228|173|13|3N|W|11|C5
6|16|8|154|241|64|3N|W|10|D6
6|16|63|201|181|240|3N|W|10|C5
6|16|276|263|150|242|3N|W|10|HJ
6|16|302|117|291|24|3N|W|10|C6
6|16|11|133|82|182|3N|W|10|C6
6|16|275|66|127|79|3N|W|10|C2
6|17|250|273|284|68|2N|E|5|H5
6|17|202|151|74|62|2S|E|7|H5
6|17|26|29|189|140|4S|N|10|S2
6|17|136|228|282|13|4S|N|10|S6
6|17|8|154|241|64|6H|S|12|S6
6|17|63|170|181|33|4H|S|12|DQ
6|17|276|263|150|137|1N|E|7|D7
6|17|302|117|291|24|1N|S|6|C9
6|17|11|133|82|182|3S|N|8|HA
6|17|275|66|127|79|4H|W|10|CT
6|18|250|273|284|68|2S|E|6|DA
6|18|202|151|74|62|2N|N|8|D2
6|18|26|29|189|140|3D|W|9|CA
6|18|136|228|282|13|3D|E|8|C8
6|18|8|154|241|64|4H|E|10|CK
6|18|63|170|181|33|4H|E|10|CK
6|18|276|263|150|137|3S|E|10|HK
6|18|302|117|291|24|4S|E|9|HK
6|18|11|133|82|182|2N|W|6|DK
6|18|275|66|127|79|2H|S|6|S2
6|19|250|273|284|68|3N|N|11|S6
6|19|202|151|74|62|3N|S|12|H3
6|19|26|29|189|140|3H|W|9|DA
6|19|136|228|282|13|1N|N|6|HK
6|19|8|154|241|64|4S|S|9|HK
6|19|63|170|181|33|4S|S|9|HK
6|19|302|117|291|24|3N|W|9|D6
6|19|276|263|150|137|3N|W|10|DJ
6|19|11|133|82|182|6S|E|11|CJ
6|19|275|66|127|79|6SX|W|12|CK
6|2|273|151|68|62|3N|E|9|SQ
6|2|250|139|284|183|3N|E|10|H4
6|2|21|228|173|13|3N|E|8|H6
6|2|26|136|189|282|3N|W|10|H2
6|2|8|154|241|64|3N|E|10|H9
6|2|63|201|181|240|3N|E|10|HT
6|2|302|117|291|24|6N|E|11|SQ
6|2|276|263|150|242|3N|E|10|C9
6|2|275|66|127|79|3N|E|10|H4
6|2|11|133|82|182|3N|E|10|SQ
6|20|250|273|284|68|3H|N|9|DK
6|20|202|151|74|62|2H|N|9|DK
6|20|26|29|189|140|4H|S|6|SQ
6|20|136|228|282|13|5C|N|9|D4
6|20|8|154|241|64|2H|E|7|D6
6|20|63|170|181|33|1N|W|6|S4
6|20|302|117|291|24|4S|S|10|H8
6|20|276|263|150|137|4S|N|10|H5
6|20|275|66|127|79|4H|S|9|DJ
6|20|11|133|82|182|4H|S|10|DJ
6|21|250|273|284|68|2C|N|10|DA
6|21|202|151|74|62|4C|N|10|DK
6|21|26|29|189|140|1N|E|7|D2
6|21|136|228|282|13|P||0
6|21|8|154|241|64|3N|S|7|HQ
6|21|63|170|181|33|3S|N|9|H9
6|21|276|263|150|137|3H|E|9|D3
6|21|302|117|291|24|4S|W|9|S6
6|21|11|133|82|182|3N|E|13|S9
6|21|275|66|127|79|6C|E|13|S5
6|22|250|273|284|68|2N|E|6|D5
6|22|202|151|74|62|1H|E|9|CJ
6|22|26|29|189|140|2S|W|9|CK
6|22|136|228|282|13|3S|W|10|C2
6|22|63|170|181|33|4S|S|9|DK
6|22|8|154|241|64|3S|S|10|DK
6|22|276|263|150|137|3DX|S|7|SQ
6|22|302|117|291|24|3N|W|9|S3
6|22|11|133|82|182|6N|E|12|DJ
6|22|275|66|127|79|6C|W|13|S6
6|23|250|273|284|68|1N|W|6|C3
6|23|202|151|74|62|1S|W|7|HT
6|23|26|29|189|140|1H|S|9|SJ
6|23|136|228|282|13|1N|N|7|S6
6|23|63|170|181|33|3S|N|8|HA
6|23|8|154|241|64|4H|W|9|H9
6|23|276|263|150|137|3N|E|10|D6
6|23|302|117|291|24|4H|E|9|H2
6|23|11|133|82|182|4SX|E|9|CJ
6|23|275|66|127|79|2S|E|8|CJ
6|24|250|273|284|68|4H|W|11|CA
6|24|202|151|74|62|4H|E|11|C7
6|24|26|29|189|140|4C|E|10|SA
6|24|136|228|282|13|5C|E|10|SA
6|24|63|170|181|33|2HX|N|8|HA
6|24|8|154|241|64|3N|E|8|CT
6|24|276|263|150|137|1N|S|4|H2
6|24|302|117|291|24|1N|S|9|C7
6|24|11|133|82|182|4SX|E|10|D7
6|24|275|66|127|79|4S|E|10|D7
6|25|250|273|284|68|3N|W|11|S4
6|25|202|151|74|62|3C|E|9|DT
6|25|26|29|189|140|2D|S|9|C6
6|25|136|228|282|13|3H|N|11|C6
6|25|63|170|181|33|4C|N|10|H5
6|25|8|154|241|64|3N|N|8|DQ
6|25|276|263|150|137|5C|E|10|DA
6|25|302|117|291|24|5C|E|11|S4
6|25|11|133|82|182|3H|W|9|S7
6|25|275|66|127|79|4H|W|9|S7
6|26|250|273|284|68|2D|W|7|DQ
6|26|202|151|74|62|1N|S|8|ST
6|26|26|29|189|140|4S|N|10|DA
6|26|136|228|282|13|4S|N|10|H6
6|26|8|154|241|64|6S|S|12|H5
6|26|63|170|181|33|6S|S|12|H5
6|26|276|263|150|137|6S|W|12|HK
6|26|302|117|291|24|6N|E|12|H9
6|26|11|133|82|182|3N|S|12|S2
6|26|275|66|127|79|3N|S|12|S2
6|27|250|273|284|68|3N|S|9|HK
6|27|202|151|74|62|3C|N|9|H9
6|27|26|29|189|140|4H|E|10|D7
6|27|136|228|282|13|4H|W|10|D6
6|27|63|170|181|33|3D|S|11|S6
6|27|8|154|241|64|5D|S|11|S6
6|27|276|263|150|137|3S|S|9|S6
6|27|302|117|291|24|4H|S|9|H8
6|27|11|133|82|182|4S|S|8|DA
6|27|275|66|127|79|4C|W|7|S2
6|28|250|273|284|68|6S|W|12|CQ
6|28|202|151|74|62|4S|W|12|D7
6|28|26|29|189|140|1S|W|8|D2
6|28|136|228|282|13|3S|W|9|H6
6|28|63|170|181|33|4S|E|10|H3
6|28|8|154|241|64|4S|E|11|H2
6|28|276|263|150|137|3D|W|11|C9
6|28|302|117|291|24|4H|W|13|CT
6|28|11|133|82|182|2S|W|9|D8
6|28|275|66|127|79|4S|W|9|D2
6|29|250|273|284|68|4S|W|10|CA
6|29|202|151|74|62|4S|W|10|CA
6|29|26|29|189|140|6N|E|11|S2
6|29|136|228|282|13|4CX|N|8|CA
6|29|63|170|181|33|4C|E|9|DK
6|29|8|154|241|64|1N|W|8|S2
6|29|276|263|150|137|5S|N|10|HA
6|29|302|117|291|24|2S|S|9|DK
6|29|11|133|82|182|4H|S|11|SK
6|29|275|66|127|79|4H|S|12|SK
6|3|250|139|284|183|4S|W|10|CT
6|3|273|151|68|62|5S|W|11|DA
6|3|21|228|173|13|3N|W|10|D4
6|3|26|136|189|282|4S|E|10|H2
6|3|63|201|181|240|5S|W|11|DA
6|3|8|154|241|64|3N|W|10|H9
6|3|276|263|150|242|3N|W|10|CT
6|3|302|117|291|24|3N|W|11|D4
6|3|11|133|82|182|4S|W|11|C7
6|3|275|66|127|79|5S|W|10|H9
6|30|250|273|284|68|3N|E|10|SJ
6|30|202|151|74|62|3N|W|10|H2
6|30|26|29|189|140|4S|E|10|CA
6|30|136|228|282|13|2HX|N|7|SK
6|30|63|170|181|33|6S|N|12|HK
6|30|8|154|241|64|5S|N|12|D4
6|30|276|263|150|137|3N|E|11|S5
6|30|302|117|291|24|3N|E|11|S5
6|30|11|133|82|182|3H|E|9|SA
6|30|275|66|127|79|2H|W|10|S2
6|31|250|273|284|68|2S|N|10|CJ
6|31|202|151|74|62|2H|S|7|CK
6|31|26|29|189|140|4H|W|11|C3
6|31|136|228|282|13|4H|W|11|C5
6|31|63|170|181|33|2SX|W|5|SA
6|31|8|154|241|64|2HX|W|6|H2
6|31|276|263|150|137|7C|S|12|DK
6|31|302|117|291|24|5C|N|12|H2
6|31|11|133|82|182|3N|W|8|CJ
6|31|275|66|127|79|3N|W|9|CJ
6|32|250|273|284|68|6S|N|13|D6
6|32|202|151|74|62|6S|N|13|HQ
6|32|26|29|189|140|4H|W|8|DA
6|32|136|228|282|13|3N|W|12|S9
6|32|63|170|181|33|2S|W|9|C4
6|32|8|154|241|64|1N|E|7|D5
6|32|276|263|150|137|4H|E|9|H9
6|32|302|117|291|24|4H|E|9|CK
6|32|11|133|82|182|3CX|N|7|DT
6|32|275|66|127|79|3SX|S|6|HK
6|4|273|151|68|62|4H|N|11|S4
6|4|250|139|284|183|4H|S|11|D4
6|4|26|136|189|282|2H|S|10|D4
6|4|21|228|173|13|4H|N|10|S7
6|4|8|154|241|64|2H|S|10|C4
6|4|63|201|181|240|4H|N|10|CA
6|4|302|117|291|24|4H|S|10|C5
6|4|276|263|150|242|4H|N|11|D3
6|4|11|133|82|182|4H|N|10|CA
6|4|275|66|127|79|2D|N|9|CA
6|5|250|139|284|183|4H|E|9|C6
6|5|273|151|68|62|2H|W|9|S2
6|5|26|136|189|282|4H|E|10|C3
6|5|21|228|173|13|4H|E|10|C6
6|5|8|154|241|64|3N|E|9|S5
6|5|63|201|181|240|3N|E|8|S5
6|5|302|117|291|24|4H|E|10|C6
6|5|276|263|150|242|2H|W|9|S2
6|5|11|133|82|182|4H|W|9|S8
6|5|275|66|127|79|2H|W|9|S8
6|6|250|139|284|183|4S|E|9|CT
6|6|273|151|68|62|4S|W|10|C3
6|6|26|136|189|282|4S|E|10|DA
6|6|21|228|173|13|4S|E|10|C9
6|6|8|154|241|64|4S|W|10|C7
6|6|63|201|181|240|4S|W|10|DA
6|6|302|117|291|24|2S|W|10|C7
6|6|276|263|150|242|4S|W|10|H5
6|6|275|66|127|79|4S|W|9|C3
6|6|11|133|82|182|4S|E|10|C4
6|7|250|139|284|183|2S|E|8|H2
6|7|273|151|68|62|4D|S|10|HQ
6|7|26|136|189|282|3N|N|10|H9
6|7|21|228|173|13|3D|S|10|HQ
6|7|8|154|241|64|3N|N|9|SQ
6|7|63|201|181|240|3D|S|11|S7
6|7|302|117|291|24|3N|N|10|SQ
6|7|276|263|150|242|3N|N|10|H5
6|7|11|133|82|182|3N|N|10|SQ
6|7|275|66|127|79|4D|S|11|S7
6|8|250|139|284|183|3N|W|8|S5
6|8|273|151|68|62|3N|W|8|S5
6|8|26|136|189|282|3N|E|7|S2
6|8|21|228|173|13|4SX|N|7|D5
6|8|8|154|241|64|2N|W|8|S5
6|8|63|201|181|240|4D|W|10|CA
6|8|302|117|291|24|3N|W|8|S5
6|8|276|263|150|242|3N|W|8|S5
6|8|11|133|82|182|3N|W|6|HT
6|8|275|66|127|79|1N|W|8|S5
6|9|250|139|284|183|1N|E|6|H4
6|9|273|151|68|62|P||0
6|9|26|136|189|282|1N|E|6|H2
6|9|21|228|173|13|P||0
6|9|8|154|241|64|1N|E|8|H4
6|9|63|201|181|240|2S|W|7|D8
6|9|302|117|291|24|2D|E|6|SJ
6|9|276|263|150|242|P||0
6|9|11|133|82|182|2D|E|8|SJ
6|9|275|66|127|79|P||0
7|1|136|151|282|62|4S|N|11|S2
7|1|35|29|171|140|4S|N|9|S3
7|1|8|259|241|57|4S|N|10|H2
7|1|26|201|189|240|4S|N|11|DJ
7|1|117|273|24|68|4S|N|10|H6
7|1|202|131|74|276|4S|N|10|S2
7|1|263|66|137|79|4S|N|9|H6
7|1|11|302|82|291|3S|N|9|S2
7|1|275|154|127|64|4S|N|10|H2
7|1|63|182|181|146|3S|N|10|H6
7|10|136|151|282|62|5DX|S|11|S4
7|10|35|29|171|140|4S|E|11|H6
7|10|8|259|241|57|4S|E|11|H6
7|10|26|201|189|240|4H|E|9|DA
7|10|202|131|74|276|4S|E|10|DA
7|10|117|273|24|68|5DX|S|10|S2
7|10|263|66|137|79|4S|E|10|DA
7|10|11|302|82|291|4S|E|10|S6
7|10|275|154|127|64|5S|E|9|DA
7|10|63|182|181|146|4S|E|11|H6
7|11|136|151|282|62|2S|S|7|S6
7|11|35|29|171|140|3H|W|8|SJ
7|11|8|259|241|57|2H|W|9|SJ
7|11|26|201|189|240|3C|E|7|S8
7|11|202|131|74|276|2H|W|9|SJ
7|11|117|273|24|68|2S|S|8|HK
7|11|263|66|137|79|3S|N|7|H6
7|11|11|302|82|291|3S|S|8|HK
7|11|275|154|127|64|4S|S|7|S6
7|11|63|182|181|146|3S|S|8|HK
7|12|136|151|282|62|2S|E|6|HQ
7|12|35|29|171|140|2H|W|8|C5
7|12|8|259|241|57|2D|W|8|S5
7|12|26|201|189|240|2H|E|9|C8
7|12|202|131|74|276|2D|W|6|D6
7|12|117|273|24|68|3N|W|8|C8
7|12|263|66|137|79|3H|E|9|C7
7|12|11|302|82|291|2H|E|10|C2
7|12|275|154|127|64|2D|W|7|D6
7|12|63|182|181|146|2D|W|8|D8
7|13|136|151|282|62|3N|E|8|DK
7|13|35|29|171|140|4S|E|9|DK
7|13|8|259|241|57|3N|E|8|DK
7|13|26|201|189|240|4S|E|9|D2
7|13|117|273|24|68|4S|E|9|DK
7|13|202|131|74|276|2S|W|9|D4
7|13|263|66|137|79|3N|E|7|DK
7|13|11|302|82|291|4S|W|9|H4
7|13|275|154|127|64|3S|W|8|D4
7|13|63|182|181|146|4S|E|9|DK
7|14|136|151|282|62|4S|N|13|CQ
7|14|35|29|171|140|6C|N|12|H5
7|14|8|259|241|57|5C|S|12|C5
7|14|26|201|189|240|5C|S|12|D2
7|14|202|131|74|276|4S|N|13|DQ
7|14|117|273|24|68|7H|S|13|S2
7|14|263|66|137|79|6C|S|12|DA
7|14|11|302|82|291|6S|N|13|CQ
7|14|275|154|127|64|6S|S|13|DA
7|14|63|182|181|146|6S|N|13|D2
7|15|136|151|282|62|3C|S|9|H4
7|15|35|29|171|140|2S|W|7|D4
7|15|8|259|241|57|1S|W|5|C4
7|15|26|201|189|240|1S|E|9|DJ
7|15|202|131|74|276|4SX|W|7|C5
7|15|117|273|24|68|4C|S|8|DA
7|15|263|66|137|79|1N|E|7|C7
7|15|11|302|82|291|2S|W|9|HJ
7|15|275|154|127|64|3S|E|9|C7
7|15|63|182|181|146|2S|W|8|HJ
7|16|136|151|282|62|4S|N|10|D5
7|16|35|29|171|140|4S|N|10|D7
7|16|26|201|189|240|4S|N|10|D2
7|16|8|259|241|57|3N|S|7|DA
7|16|202|131|74|276|2DX|W|6|SK
7|16|117|273|24|68|4S|N|10|D7
7|16|263|66|137|79|4S|N|11|HT
7|16|11|302|82|291|4S|N|11|H9
7|16|275|154|127|64|3N|S|7|DK
7|16|63|182|181|146|3S|N|10|D7
7|17|21|151|173|62|3S|N|11|D5
7|17|35|29|171|140|1N|E|5|S2
7|17|228|201|13|240|3S|S|10|C3
7|17|170|259|33|57|1N|E|7|CQ
7|17|273|131|68|276|3S|N|11|H7
7|17|117|139|24|81|2D|W|7|C4
7|17|263|66|242|79|2S|N|11|C2
7|17|11|302|82|291|1N|E|6|CQ
7|17|275|154|127|64|3D|W|7|HQ
7|17|63|182|181|146|3S|N|11|D6
7|18|21|151|173|62|P||0
7|18|35|29|171|140|P||0
7|18|170|259|33|57|P||0
7|18|228|201|13|240|P||0
7|18|117|139|24|81|P||0
7|18|273|131|68|276|P||0
7|18|263|66|242|79|3H|S|7|SQ
7|18|11|302|82|291|1N|N|6|S4
7|18|275|154|127|64|P||0
7|18|63|182|181|146|2H|S|8|SK
7|19|21|151|173|62|5S|W|12|C2
7|19|35|29|171|140|6S|W|12|S2
7|19|170|259|33|57|7HX|S|9|S3
7|19|228|201|13|240|5S|W|12|C2
7|19|273|131|68|276|5HX|N|9|SA
7|19|117|139|24|81|5S|W|12|C2
7|19|263|66|242|79|7HX|S|9|SA
7|19|11|302|82|291|6HX|S|9|S3
7|19|275|154|127|64|5S|W|12|HA
7|19|63|182|181|146|5S|W|13|C2
7|2|136|151|282|62|2S|E|9|DQ
7|2|35|29|171|140|2N|W|8|H3
7|2|8|259|241|57|1N|W|8|H3
7|2|26|201|189|240|3N|E|8|H6
7|2|202|131|74|276|2D|S|8|SA
7|2|117|273|24|68|2S|W|8|D5
7|2|263|66|137|79|1N|W|8|H3
7|2|11|302|82|291|2S|E|9|DQ
7|2|275|154|127|64|2N|W|8|H3
7|2|63|182|181|146|2S|W|9|D5
7|20|21|151|173|62|3N|S|11|HK
7|20|35|29|171|140|5S|N|13|D6
7|20|170|259|33|57|6S|N|13|D6
7|20|228|201|13|240|6S|S|13|HK
7|20|273|131|68|276|6S|N|13|D6
7|20|117|139|24|81|6S|N|13|H4
7|20|263|66|242|79|6S|N|13|D2
7|20|11|302|82|291|6S|N|13|D6
7|20|275|154|127|64|6S|N|13|H4
7|20|63|182|181|146|6S|N|13|D6
7|21|21|151|173|62|3N|W|9|H3
7|21|35|29|171|140|3N|W|10|CK
7|21|170|259|33|57|5D|W|11|D2
7|21|228|201|13|240|3N|W|8|CK
7|21|117|139|24|81|5D|W|11|CK
7|21|273|131|68|276|4SX|E|7|CQ
7|21|263|66|242|79|5DX|E|11|HK
7|21|11|302|82|291|5D|W|11|S4
7|21|275|154|127|64|4D|W|11|D3
7|21|63|182|181|146|3N|W|10|CK
7|22|21|151|173|62|3N|W|9|C5
7|22|35|29|171|140|3N|E|10|S3
7|22|170|259|33|57|3N|W|11|D2
7|22|228|201|13|240|3N|E|10|S3
7|22|273|131|68|276|3N|E|10|H4
7|22|117|139|24|81|3N|E|10|S3
7|22|263|66|242|79|3N|W|11|H3
7|22|11|302|82|291|5D|E|10|CJ
7|22|275|154|127|64|3N|W|10|D5
7|22|63|182|181|146|3N|W|10|SK
7|23|21|151|173|62|4H|W|9|DQ
7|23|35|29|171|140|4H|W|9|DQ
7|23|170|259|33|57|4H|W|9|DQ
7|23|228|201|13|240|4H|W|10|DQ
7|23|117|139|24|81|4H|W|8|DQ
7|23|273|131|68|276|4H|W|9|DQ
7|23|263|66|242|79|4H|W|9|DA
7|23|11|302|82|291|4H|E|9|C4
7|23|275|154|127|64|4H|E|9|C4
7|23|63|182|181|146|4H|W|10|DQ
7|24|21|151|173|62|2N|S|7|S5
7|24|35|29|171|140|3N|N|10|HJ
7|24|170|259|33|57|3N|N|9|S9
7|24|228|201|13|240|3N|N|8|HJ
7|24|273|131|68|276|3N|S|8|S5
7|24|117|139|24|81|3D|N|9|D3
7|24|263|66|242|79|1NX|W|6|C9
7|24|11|302|82|291|3N|N|8|HT
7|24|275|154|127|64|3N|N|9|S8
7|24|63|182|181|146|3N|N|9|HJ
7|25|21|151|173|62|4SX|S|8|C9
7|25|35|29|171|140|6C|E|10|HJ
7|25|170|259|33|57|5C|E|11|D4
7|25|228|201|13|240|6D|W|9|ST
7|25|117|139|24|81|5C|E|10|HJ
7|25|273|131|68|276|6C|E|10|S6
7|25|263|66|242|79|5H|E|9|D4
7|25|11|302|82|291|3SX|S|8|C9
7|25|275|154|127|64|6HX|E|9|D4
7|25|63|182|181|146|4SX|S|8|C9
7|26|21|151|173|62|4S|N|11|DQ
7|26|35|29|171|140|4S|S|11|CJ
7|26|170|259|33|57|2S|N|12|C2
7|26|228|201|13|240|1N|E|4|DT
7|26|273|131|68|276|4S|N|11|DQ
7|26|117|139|24|81|4S|N|11|DQ
7|26|263|66|242|79|4S|N|10|DQ
7|26|11|302|82|291|1N|W|3|SJ
7|26|275|154|127|64|1N|E|6|H2
7|26|63|182|181|146|2C|E|7|DT
7|27|21|151|173|62|4S|W|10|DJ
7|27|35|29|171|140|4S|W|9|HA
7|27|170|259|33|57|4S|W|8|CT
7|27|228|201|13|240|4S|W|10|DJ
7|27|117|139|24|81|4S|W|10|DJ
7|27|273|131|68|276|4S|W|9|DJ
7|27|263|66|242|79|2S|W|10|DJ
7|27|11|302|82|291|4H|E|7|CJ
7|27|275|154|127|64|4SX|W|10|DJ
7|27|63|182|181|146|3S|W|10|HA
7|28|21|151|173|62|4S|W|9|C2
7|28|35|29|171|140|4S|W|11|C2
7|28|170|259|33|57|4S|E|10|HA
7|28|228|201|13|240|4S|W|9|C6
7|28|273|131|68|276|4S|W|9|D6
7|28|117|139|24|81|4S|W|10|C6
7|28|263|66|242|79|4S|W|10|D6
7|28|11|302|82|291|4S|W|10|D6
7|28|275|154|127|64|4S|W|10|D6
7|28|63|182|181|146|4S|W|9|D6
7|29|21|151|173|62|4S|W|10|H9
7|29|35|29|171|140|3D|W|10|H5
7|29|170|259|33|57|5D|W|12|HT
7|29|228|201|13|240|4S|W|11|HT
7|29|273|131|68|276|3N|E|7|H2
7|29|117|139|24|81|3N|E|7|H2
7|29|263|66|242|79|5D|W|9|H3
7|29|11|302|82|291|4D|W|10|H5
7|29|275|154|127|64|3D|W|11|H5
7|29|63|182|181|146|4S|W|10|DA
7|3|136|151|282|62|3N|N|7|CK
7|3|35|29|171|140|1SX|W|4|S3
7|3|8|259|241|57|4H|S|9|CA
7|3|26|201|189|240|4H|S|9|CA
7|3|202|131|74|276|5D|N|10|H6
7|3|117|273|24|68|4D|S|10|CA
7|3|263|66|137|79|4H|S|9|CA
7|3|11|302|82|291|4H|S|10|CA
7|3|275|154|127|64|5D|N|10|H6
7|3|63|182|181|146|5D|N|10|CK
7|30|21|151|173|62|2H|E|5|DA
7|30|35|29|171|140|2S|W|7|DJ
7|30|170|259|33|57|4SX|W|7|SQ
7|30|228|201|13|240|3S|W|8|DJ
7|30|273|131|68|276|3S|W|5|DJ
7|30|117|139|24|81|3D|E|5|C4
7|30|263|66|242|79|3SX|W|6|DJ
7|30|11|302|82|291|2H|W|5|SQ
7|30|275|154|127|64|3N|N|6|HJ
7|30|63|182|181|146|5CX|N|6|SA
7|31|21|151|173|62|3N|E|11|S6
7|31|35|29|171|140|3N|E|11|S6
7|31|170|259|33|57|3N|E|11|S3
7|31|228|201|13|240|6D|W|12|SJ
7|31|273|131|68|276|3N|E|11|S6
7|31|117|139|24|81|3N|E|11|S6
7|31|263|66|242|79|3N|E|10|C3
7|31|11|302|82|291|3N|E|11|S6
7|31|275|154|127|64|3N|E|11|S6
7|31|63|182|181|146|3N|E|10|C8
7|32|21|151|173|62|3N|S|8|H5
7|32|35|29|171|140|2N|S|8|H7
7|32|170|259|33|57|3N|S|7|CQ
7|32|228|201|13|240|3N|S|7|D5
7|32|117|139|24|81|2S|W|7|DK
7|32|273|131|68|276|3N|S|9|H5
7|32|263|66|242|79|3N|N|7|S2
7|32|11|302|82|291|3N|S|6|D9
7|32|275|154|127|64|2N|S|8|S7
7|32|63|182|181|146|2HX|W|8|DA
7|4|136|151|282|62|3N|N|10|S2
7|4|35|29|171|140|3N|S|11|D4
7|4|8|259|241|57|3C|N|10|SJ
7|4|26|201|189|240|3N|N|10|SJ
7|4|202|131|74|276|3N|S|11|D4
7|4|117|273|24|68|4S|W|7|DJ
7|4|263|66|137|79|4C|N|11|SJ
7|4|11|302|82|291|3N|S|12|D4
7|4|275|154|127|64|3N|S|11|D4
7|4|63|182|181|146|3N|N|10|S4
7|5|136|151|282|62|2N|N|6|S5
7|5|35|29|171|140|4H|W|7|C2
7|5|8|259|241|57|2S|E|6|D7
7|5|26|201|189|240|3D|S|6|S3
7|5|202|131|74|276|2N|N|6|SQ
7|5|117|273|24|68|2S|E|7|H6
7|5|263|66|137|79|2SX|E|6|C4
7|5|11|302|82|291|2S|E|7|C4
7|5|275|154|127|64|2S|E|7|H6
7|5|63|182|181|146|2D|W|8|HA
7|6|136|151|282|62|3N|E|9|ST
7|6|35|29|171|140|5DX|W|8|HK
7|6|8|259|241|57|3C|E|9|D4
7|6|26|201|189|240|5C|E|9|HA
7|6|202|131|74|276|3HX|S|5|C3
7|6|117|273|24|68|3N|W|10|D7
7|6|263|66|137|79|4S|W|9|D5
7|6|11|302|82|291|5CX|E|9|D4
7|6|275|154|127|64|5C|E|9|HA
7|6|63|182|181|146|5C|E|9|HA
7|7|136|151|282|62|4S|W|10|HJ
7|7|35|29|171|140|4S|E|10|S3
7|7|8|259|241|57|4S|E|10|H4
7|7|26|201|189|240|4H|E|11|C9
7|7|117|273|24|68|4S|E|11|H3
7|7|202|131|74|276|4S|E|10|H3
7|7|263|66|137|79|4S|E|10|H4
7|7|11|302|82|291|4S|E|10|C3
7|7|275|154|127|64|4S|E|10|DA
7|7|63|182|181|146|4S|E|11|C9
7|8|136|151|282|62|3N|N|9|SK
7|8|35|29|171|140|3N|S|9|D7
7|8|8|259|241|57|3N|N|11|SK
7|8|26|201|189|240|1H|W|3|CA
7|8|202|131|74|276|3N|S|9|D7
7|8|117|273|24|68|4H|S|9|DQ
7|8|263|66|137|79|3N|S|12|DQ
7|8|11|302|82|291|3N|S|9|D7
7|8|275|154|127|64|4H|S|10|D5
7|8|63|182|181|146|3N|N|7|C5
7|9|136|151|282|62|2N|S|7|DT
7|9|35|29|171|140|1N|S|7|DT
7|9|8|259|241|57|2N|S|7|DT
7|9|26|201|189|240|1N|S|7|D9
7|9|117|273|24|68|2H|N|8|DA
7|9|202|131|74|276|2H|N|8|DA
7|9|263|66|137|79|1N|S|7|DT
7|9|11|302|82|291|2S|N|8|DA
7|9|275|154|127|64|1N|S|10|HA
7|9|63|182|181|146|2N|S|7|D2
8|1|35|170|171|33|3D|N|8|CQ
8|1|8|151|241|62|5C|N|9|S7
8|1|228|154|13|64|3D|N|9|CQ
8|1|63|26|181|189|3D|N|9|CQ
8|1|289|21|178|173|3D|N|8|CQ
8|1|136|131|282|276|4H|N|9|CQ
8|1|11|202|82|74|3C|N|8|H9
8|1|273|66|68|79|4H|N|10|CQ
8|1|275|302|127|291|3D|N|8|CQ
8|1|137|133|242|182|4H|S|11|DQ
8|10|35|170|171|33|3HX|N|8|SK
8|10|8|151|241|62|5CX|N|11|HA
8|10|63|26|181|189|5S|E|11|DK
8|10|228|154|13|64|6CX|N|12|HK
8|10|289|21|178|173|5CX|N|11|HA
8|10|136|131|282|276|3H|N|7|SA
8|10|11|202|82|74|4S|E|11|DK
8|10|273|66|68|79|5CX|N|11|SK
8|10|275|302|127|291|4S|E|11|DK
8|10|137|133|242|182|4HX|N|7|SA
8|11|35|170|171|33|3N|N|10|S2
8|11|8|151|241|62|3N|N|10|S2
8|11|63|26|181|189|5D|S|11|SJ
8|11|228|154|13|64|6H|S|7|SJ
8|11|289|21|178|173|3H|S|8|C4
8|11|136|131|282|276|3N|N|10|S3
8|11|11|202|82|74|5D|S|11|SJ
8|11|273|66|68|79|3N|N|9|S4
8|11|275|302|127|291|3N|N|10|S4
8|11|137|133|242|182|3N|N|9|S4
8|12|8|151|241|62|3N|S|9|C5
8|12|35|170|171|33|2H|S|11|C5
8|12|63|26|181|189|4H|S|12|C8
8|12|228|154|13|64|2H|S|12|C6
8|12|289|21|178|173|1N|S|9|C2
8|12|136|131|282|276|3N|S|9|HQ
8|12|11|202|82|74|1S|N|10|C3
8|12|273|66|68|79|4H|N|12|C3
8|12|275|302|127|291|1N|S|10|HQ
8|12|137|133|242|182|2H|S|10|C2
8|13|8|151|241|62|4S|S|9|C4
8|13|35|170|171|33|4S|S|9|C4
8|13|63|26|181|189|3H|N|8|DQ
8|13|228|154|13|64|4S|S|9|C4
8|13|289|21|178|173|4S|S|9|C4
8|13|136|131|282|276|4S|S|11|ST
8|13|11|202|82|74|4S|S|9|C9
8|13|273|66|68|79|4S|S|9|C9
8|13|275|302|127|291|2S|N|9|C4
8|13|137|133|242|182|3H|N|10|DQ
8|14|35|170|171|33|2C|E|10|C8
8|14|8|151|241|62|2C|E|9|C8
8|14|63|26|181|189|2C|E|9|C7
8|14|228|154|13|64|2C|E|9|C7
8|14|289|21|178|173|2C|E|8|C7
8|14|136|131|282|276|2S|S|8|H9
8|14|11|202|82|74|2H|W|7|DK
8|14|273|66|68|79|3SX|N|7|CK
8|14|275|302|127|291|5C|E|8|S2
8|14|137|133|242|182|3C|E|10|C8
8|15|35|170|171|33|4H|E|10|HJ
8|15|8|151|241|62|4H|E|12|DA
8|15|63|26|181|189|4H|E|11|DA
8|15|228|154|13|64|4H|W|9|D6
8|15|289|21|178|173|4H|E|11|DA
8|15|136|131|282|276|4H|E|10|S9
8|15|11|202|82|74|4H|E|11|S9
8|15|273|66|68|79|3C|W|11|D6
8|15|275|302|127|291|4H|W|11|HJ
8|15|137|133|242|182|4H|E|11|S5
8|16|35|170|171|33|5S|W|9|H2
8|16|8|151|241|62|4S|E|9|HK
8|16|228|154|13|64|3N|W|10|S6
8|16|63|26|181|189|4S|E|9|HA
8|16|136|131|282|276|3N|W|8|C3
8|16|289|21|178|173|3N|W|10|S6
8|16|273|66|68|79|3N|W|9|H5
8|16|11|202|82|74|3N|W|9|S6
8|16|137|133|242|182|4S|E|9|HA
8|16|275|302|127|291|3N|W|10|S6
8|17|35|170|171|33|3H|E|7|D7
8|17|8|151|241|62|4S|W|8|H5
8|17|228|154|13|64|3S|W|9|H5
8|17|63|26|181|189|3H|W|10|DJ
8|17|136|117|282|24|3D|N|7|H7
8|17|289|29|178|140|2S|W|8|H5
8|17|139|66|81|79|3H|W|7|H5
8|17|11|202|82|74|4H|W|8|H5
8|17|275|263|127|302|3H|W|10|H5
8|17|137|182|242|146|3S|W|9|H5
8|18|35|170|171|33|5H|W|11|SA
8|18|8|151|241|62|5S|S|9|C7
8|18|228|154|13|64|5HX|W|11|SA
8|18|63|26|181|189|4S|S|9|C7
8|18|289|29|178|140|4S|S|9|C7
8|18|136|117|282|24|4S|S|10|C7
8|18|139|66|81|79|4S|S|9|C7
8|18|275|263|127|302|3S|S|9|C4
8|18|137|182|242|146|4S|S|9|C7
8|19|35|170|171|33|3N|N|10|S2
8|19|8|151|241|62|4H|S|10|D9
8|19|63|26|181|189|3N|N|9|CQ
8|19|228|154|13|64|6D|S|10|S6
8|19|289|29|178|140|3N|N|9|S2
8|19|136|117|282|24|3N|N|9|S6
8|19|11|202|82|74|3N|N|10|S2
8|19|139|66|81|79|4H|S|10|D9
8|19|275|263|127|302|4H|S|10|D9
8|19|137|182|242|146|5D|S|11|CT
8|2|35|170|171|33|4H|N|10|H2
8|2|8|151|241|62|4H|N|10|C2
8|2|228|154|13|64|4H|N|10|S3
8|2|63|26|181|189|4H|N|11|H2
8|2|289|21|178|173|4H|N|11|S2
8|2|136|131|282|276|4H|N|11|H2
8|2|11|202|82|74|4H|N|10|C2
8|2|273|66|68|79|4H|N|11|CQ
8|2|275|302|127|291|4H|N|10|H2
8|2|137|133|242|182|4H|N|11|S2
8|20|35|170|171|33|2N|E|7|D7
8|20|8|151|241|62|2C|W|8|S6
8|20|63|26|181|189|2D|E|7|SK
8|20|228|154|13|64|2S|N|6|C4
8|20|289|29|178|140|2C|W|7|D2
8|20|136|117|282|24|3C|W|7|D2
8|20|11|202|82|74|2N|W|6|S6
8|20|139|66|81|79|2C|W|7|HJ
8|20|275|263|127|302|2D|S|7|HA
8|20|137|182|242|146|2C|W|9|S6
8|21|35|170|171|33|3S|E|8|SA
8|21|8|151|241|62|3H|W|6|CJ
8|21|63|26|181|189|3N|S|8|S2
8|21|228|154|13|64|3N|S|9|HQ
8|21|289|29|178|140|3S|E|9|DA
8|21|136|117|282|24|2S|E|8|DK
8|21|11|202|82|74|4S|E|9|DA
8|21|139|66|81|79|4S|E|9|DA
8|21|275|263|127|302|2S|E|8|DK
8|21|137|182|242|146|3C|N|7|D9
8|22|35|170|171|33|7S|E|11|H5
8|22|8|151|241|62|6S|E|11|CQ
8|22|63|26|181|189|4S|W|11|HK
8|22|228|154|13|64|3N|E|11|CQ
8|22|289|29|178|140|4S|E|11|CQ
8|22|136|117|282|24|4S|E|11|CQ
8|22|11|202|82|74|4S|E|11|H5
8|22|139|66|81|79|6N|E|11|CQ
8|22|275|263|127|302|4S|E|11|H5
8|22|137|182|242|146|6S|W|11|HK
8|23|35|170|171|33|1N|W|7|SJ
8|23|8|151|241|62|2H|N|6|CQ
8|23|63|26|181|189|2D|W|9|S7
8|23|228|154|13|64|2D|E|9|H9
8|23|289|29|178|140|1N|W|9|D3
8|23|136|117|282|24|2C|E|8|HT
8|23|11|202|82|74|1N|W|9|D4
8|23|139|66|81|79|1N|E|8|SK
8|23|275|263|127|302|1N|W|9|D3
8|23|137|182|242|146|1N|W|7|SJ
8|24|35|170|171|33|7S|W|13|S2
8|24|8|151|241|62|7S|W|13|HJ
8|24|63|26|181|189|7S|W|13|S4
8|24|228|154|13|64|6S|W|13|HJ
8|24|289|29|178|140|6S|W|13|HJ
8|24|136|117|282|24|7S|W|13|HJ
8|24|11|202|82|74|4S|W|13|HJ
8|24|139|66|81|79|7S|W|13|S2
8|24|275|263|127|302|7S|W|13|S2
8|24|137|182|242|146|6S|W|13|HJ
8|25|35|170|171|33|3N|S|10|H5
8|25|8|151|241|62|5C|N|11|S4
8|25|63|26|181|189|6C|N|11|S8
8|25|228|154|13|64|3N|S|13|S3
8|25|289|29|178|140|5D|S|11|S3
8|25|136|117|282|24|3N|S|13|H2
8|25|11|202|82|74|5D|S|12|D8
8|25|139|66|81|79|5C|N|11|H4
8|25|275|263|127|302|5D|S|13|H5
8|25|137|182|242|146|5D|S|12|H2
8|26|35|170|171|33|4S|W|10|HQ
8|26|8|151|241|62|4S|W|10|HQ
8|26|228|154|13|64|2S|W|9|HQ
8|26|63|26|181|189|4S|W|10|H7
8|26|289|29|178|140|4S|W|9|HQ
8|26|136|117|282|24|2S|W|9|C3
8|26|11|202|82|74|3N|W|7|HQ
8|26|139|66|81|79|4S|W|9|ST
8|26|275|263|127|302|1N|E|8|HT
8|26|137|182|242|146|4S|W|9|HQ
8|27|35|170|171|33|2HX|N|7|H3
8|27|8|151|241|62|2S|E|6|C9
8|27|63|26|181|189|2H|S|8|HJ
8|27|228|154|13|64|2H|S|8|CK
8|27|289|29|178|140|1N|W|7|DJ
8|27|136|117|282|24|2S|S|7|CK
8|27|11|202|82|74|2H|S|9|CK
8|27|139|66|81|79|3C|W|5|C3
8|27|275|263|127|302|2H|S|9|CK
8|27|137|182|242|146|3D|S|8|HJ
8|28|35|170|171|33|3N|S|9|H5
8|28|8|151|241|62|3N|S|10|CQ
8|28|63|26|181|189|3N|S|10|S8
8|28|228|154|13|64|3N|S|10|S6
8|28|289|29|178|140|3N|S|9|CQ
8|28|136|117|282|24|3N|S|10|ST
8|28|11|202|82|74|3N|S|10|CQ
8|28|139|66|81|79|3N|S|9|ST
8|28|275|263|127|302|3N|S|10|S9
8|28|137|182|242|146|3N|S|9|ST
8|29|35|170|171|33|1N|N|6|H5
8|29|8|151|241|62|1N|N|6|H5
8|29|63|26|181|189|1N|W|9|D2
8|29|228|154|13|64|1N|W|8|D2
8|29|289|29|178|140|3H|E|8|CK
8|29|136|117|282|24|2H|E|8|CK
8|29|11|202|82|74|1NX|N|5|H4
8|29|139|66|81|79|1N|W|8|D2
8|29|275|263|127|302|2D|N|8|H4
8|29|137|182|242|146|1N|N|6|C3
8|3|35|170|171|33|2D|W|8|H5
8|3|8|151|241|62|2SX|N|6|DT
8|3|63|26|181|189|2SX|N|6|DT
8|3|228|154|13|64|2SX|N|7|DT
8|3|289|21|178|173|3D|W|9|H5
8|3|136|131|282|276|3D|W|7|SK
8|3|11|202|82|74|2S|N|6|DT
8|3|273|66|68|79|3C|S|6|DK
8|3|275|302|127|291|2H|S|4|S7
8|3|137|133|242|182|3DX|W|8|H5
8|30|35|170|171|33|6S|W|12|C2
8|30|8|151|241|62|3N|E|9|HQ
8|30|63|26|181|189|3N|W|12|C2
8|30|228|154|13|64|6D|E|11|HK
8|30|289|29|178|140|3N|W|12|C2
8|30|136|117|282|24|3N|E|10|HQ
8|30|11|202|82|74|4S|W|12|SA
8|30|139|66|81|79|3N|W|10|C2
8|30|275|263|127|302|5D|E|12|D5
8|30|137|182|242|146|3N|E|10|HK
8|31|35|170|171|33|4H|E|12|D8
8|31|8|151|241|62|6D|W|11|H5
8|31|63|26|181|189|3N|E|7|C6
8|31|228|154|13|64|3N|E|7|C2
8|31|289|29|178|140|3N|E|7|C6
8|31|136|117|282|24|4H|E|11|D8
8|31|11|202|82|74|3N|E|7|C6
8|31|139|66|81|79|4H|E|11|D8
8|31|275|263|127|302|3N|W|7|C7
8|31|137|182|242|146|3D|W|11|CK
8|32|35|170|171|33|4H|S|12|H3
8|32|8|151|241|62|4H|N|12|DA
8|32|228|154|13|64|4H|S|12|H5
8|32|63|26|181|189|4H|S|12|D6
8|32|289|29|178|140|4H|N|12|DA
8|32|136|117|282|24|4H|N|12|DK
8|32|11|202|82|74|4H|S|12|SK
8|32|139|66|81|79|4H|S|11|D6
8|32|275|263|127|302|3DX|E|8|HQ
8|32|137|182|242|146|4H|S|12|SA
8|4|35|170|171|33|3C|E|8|SA
8|4|8|151|241|62|3S|S|9|D2
8|4|63|26|181|189|2S|S|9|H8
8|4|228|154|13|64|1N|E|5|S3
8|4|289|21|178|173|1NX|E|6|S5
8|4|136|131|282|276|2S|S|9|C6
8|4|11|202|82|74|4S|N|9|S3
8|4|273|66|68|79|4S|N|8|S8
8|4|275|302|127|291|3S|S|9|C3
8|4|137|133|242|182|2S|S|9|C6
8|5|8|151|241|62|5SX|N|11|C6
8|5|35|170|171|33|5SX|S|11|CK
8|5|63|26|181|189|5CX|W|10|D8
8|5|228|154|13|64|5S|S|10|D3
8|5|289|21|178|173|5S|N|11|C6
8|5|136|131|282|276|6CX|W|10|D4
8|5|11|202|82|74|5CX|W|10|S7
8|5|273|66|68|79|5CX|W|10|S7
8|5|275|302|127|291|5S|N|11|C6
8|5|137|133|242|182|5SX|N|11|C6
8|6|8|151|241|62|5C|E|11|D3
8|6|35|170|171|33|5C|E|11|S3
8|6|63|26|181|189|3S|N|7|D7
8|6|228|154|13|64|5D|W|9|C6
8|6|289|21|178|173|3D|W|9|C6
8|6|136|131|282|276|2S|N|8|D7
8|6|11|202|82|74|4S|N|8|D7
8|6|273|66|68|79|5CX|E|10|S3
8|6|275|302|127|291|3S|S|8|DA
8|6|137|133|242|182|3S|S|8|C2
8|7|8|151|241|62|4S|N|11|C3
8|7|35|170|171|33|4S|N|11|C3
8|7|63|26|181|189|4S|N|11|C5
8|7|228|154|13|64|4S|N|11|C3
8|7|289|21|178|173|4S|N|11|C3
8|7|136|131|282|276|5CX|W|10|SA
8|7|11|202|82|74|4S|N|11|C5
8|7|273|66|68|79|3H|N|6|C5
8|7|275|302|127|291|4S|N|11|C9
8|7|137|133|242|182|6S|S|12|CA
8|8|8|151|241|62|3H|W|5|HQ
8|8|35|170|171|33|3N|N|10|SQ
8|8|63|26|181|189|3N|N|10|S7
8|8|228|154|13|64|3H|W|5|HQ
8|8|289|21|178|173|3N|N|8|H9
8|8|136|131|282|276|2SX|E|4|H3
8|8|11|202|82|74|3N|N|10|SQ
8|8|273|66|68|79|3N|N|10|S7
8|8|275|302|127|291|3N|N|9|SQ
8|8|137|133|242|182|3N|N|10|S7
8|9|35|170|171|33|4S|S|11|DK
8|9|8|151|241|62|2DX|W|6|S5
8|9|63|26|181|189|3S|S|10|DA
8|9|228|154|13|64|4S|S|10|DK
8|9|289|21|178|173|3S|S|10|DA
8|9|136|131|282|276|2DX|W|5|S5
8|9|11|202|82|74|2DX|W|5|S5
8|9|273|66|68|79|4S|S|11|DK
8|9|275|302|127|291|2DX|W|5|S5
8|9|137|133|242|182|4S|S|11|DA
9|1|35|259|171|57|3N|W|9|ST
9|1|228|151|13|62|4H|W|9|CJ
9|1|8|289|241|178|3N|W|10|CJ
9|1|131|201|276|240|3N|W|9|S9
9|1|21|66|173|79|4H|W|10|CJ
9|1|11|29|82|140|4H|W|9|ST
9|1|273|182|68|146|3N|W|9|DK
9|1|275|139|127|81|3N|W|8|D5
9|1|302|154|291|64|3N|W|9|S3
9|1|63|263|181|242|4H|W|9|S3
9|10|228|151|13|62|4H|W|11|D8
9|10|35|259|171|57|4H|E|10|S6
9|10|8|289|241|178|4H|W|10|C8
9|10|131|201|276|240|4SX|N|9|HA
9|10|21|66|173|79|4H|W|11|H5
9|10|11|29|82|140|4SX|N|8|HA
9|10|273|182|68|146|4H|E|10|S4
9|10|275|139|127|81|4H|W|11|H6
9|10|302|154|291|64|4H|W|11|H5
9|10|63|263|181|242|4H|E|10|C6
9|11|35|259|171|57|2D|E|13|C5
9|11|228|151|13|62|3H|N|7|SA
9|11|8|289|241|178|3N|E|11|C5
9|11|131|201|276|240|2S|W|12|DJ
9|11|21|66|173|79|2S|W|11|C4
9|11|11|29|82|140|3C|S|5|H9
9|11|273|182|68|146|4S|W|11|C7
9|11|275|139|127|81|4S|W|11|C4
9|11|302|154|291|64|3S|W|12|S4
9|11|63|263|181|242|4S|W|11|C7
9|12|228|151|13|62|4H|E|11|DA
9|12|35|259|171|57|4H|E|11|DA
9|12|8|289|241|178|4H|E|11|DK
9|12|131|201|276|240|5H|E|11|DA
9|12|21|66|173|79|4H|E|11|DA
9|12|11|29|82|140|4H|E|11|DA
9|12|273|182|68|146|4H|E|11|DA
9|12|275|139|127|81|4H|E|11|DK
9|12|302|154|291|64|5H|E|11|DA
9|12|63|263|181|242|4H|E|11|DA
9|13|35|259|171|57|2S|E|10|D4
9|13|228|151|13|62|3H|S|8|CA
9|13|8|289|241|178|2S|W|10|CJ
9|13|131|201|276|240|2S|E|10|D7
9|13|21|66|173|79|3H|S|8|CK
9|13|11|29|82|140|2S|E|10|D4
9|13|273|182|68|146|3C|W|9|CJ
9|13|275|139|127|81|3H|N|7|C4
9|13|302|154|291|64|3D|N|6|C7
9|13|63|263|181|242|3H|S|7|CQ
9|14|35|259|171|57|5S|S|11|H7
9|14|228|151|13|62|4SX|S|12|CA
9|14|8|289|241|178|5SX|S|10|H6
9|14|131|201|276|240|4SX|S|10|H6
9|14|21|66|173|79|4S|S|11|H6
9|14|11|29|82|140|4SX|S|10|H6
9|14|273|182|68|146|4S|S|9|DA
9|14|275|139|127|81|4S|S|11|CA
9|14|63|263|181|242|5HX|E|10|CT
9|14|302|154|291|64|4S|S|10|S5
9|15|35|259|171|57|6H|S|12|H6
9|15|228|151|13|62|6H|N|12|DQ
9|15|8|289|241|178|3N|S|12|D5
9|15|131|201|276|240|6H|N|12|H5
9|15|21|66|173|79|4H|N|12|H5
9|15|11|29|82|140|6H|S|12|C3
9|15|273|182|68|146|6H|S|11|S3
9|15|275|139|127|81|4H|S|10|DJ
9|15|63|263|181|242|4H|N|12|S8
9|15|302|154|291|64|4H|N|12|H5
9|16|35|259|171|57|4H|N|9|CJ
9|16|228|151|13|62|3H|N|9|CQ
9|16|8|289|241|178|3H|N|9|CQ
9|16|131|201|276|240|2N|S|6|C3
9|16|21|66|173|79|P||0
9|16|11|29|82|140|3H|N|9|CQ
9|16|273|182|68|146|4H|N|9|CQ
9|16|275|139|127|81|2H|N|9|CQ
9|16|63|263|181|242|4H|N|9|CQ
9|16|302|154|291|64|4H|N|9|CQ
9|17|35|259|171|57|3HX|N|7|SA
9|17|26|151|189|62|4HX|N|7|SA
9|17|8|289|241|178|3H|N|8|C3
9|17|117|170|24|33|2H|N|7|DQ
9|17|136|66|282|79|3S|W|9|HA
9|17|11|21|82|173|3HX|N|7|SA
9|17|139|182|81|146|2H|N|8|C3
9|17|275|202|127|74|3HX|N|8|SA
9|17|63|263|181|242|3S|W|9|CA
9|17|137|154|291|64|4HX|N|7|C2
9|18|35|259|171|57|1N|S|10|S3
9|18|26|151|189|62|1N|E|5|DQ
9|18|8|289|241|178|3N|S|9|S4
9|18|117|170|24|33|3N|S|9|HQ
9|18|136|66|282|79|3D|N|9|S8
9|18|11|21|82|173|3S|W|6|H3
9|18|139|182|81|146|1N|W|5|D4
9|18|275|202|127|74|1S|W|6|C2
9|18|137|154|291|64|1S|W|4|DA
9|18|63|263|181|242|2SX|W|6|SA
9|19|35|259|171|57|1N|E|10|D8
9|19|26|151|189|62|5C|E|10|S8
9|19|8|289|241|178|4H|N|9|D7
9|19|117|170|24|33|5CX|E|10|S8
9|19|136|66|282|79|4H|N|9|CK
9|19|11|21|82|173|4C|E|11|S8
9|19|139|182|81|146|4C|E|10|S8
9|19|275|202|127|74|3N|E|9|DK
9|19|63|263|181|242|4H|N|9|D7
9|19|137|154|291|64|4C|E|10|S8
9|2|35|259|171|57|3H|E|9|DQ
9|2|228|151|13|62|2H|E|9|DQ
9|2|8|289|241|178|4H|E|9|DQ
9|2|131|201|276|240|3N|W|9|DT
9|2|21|66|173|79|2H|E|9|DQ
9|2|11|29|82|140|4H|E|9|DQ
9|2|273|182|68|146|3H|E|10|H2
9|2|275|139|127|81|4H|E|9|DQ
9|2|302|154|291|64|2H|E|9|CK
9|2|63|263|181|242|4H|E|9|DQ
9|20|35|259|171|57|1N|S|8|S3
9|20|26|151|189|62|1N|S|10|S3
9|20|8|289|241|178|1N|S|9|S5
9|20|117|170|24|33|1N|S|8|HT
9|20|136|66|282|79|1N|S|7|HT
9|20|11|21|82|173|1N|S|9|S5
9|20|275|202|127|74|1N|S|9|S4
9|20|139|182|81|146|1N|S|6|HT
9|20|63|263|181|242|1N|S|8|S5
9|20|137|154|291|64|1N|S|7|HT
9|21|35|259|171|57|2N|E|5|DK
9|21|26|151|189|62|4H|E|6|SQ
9|21|8|289|241|178|3H|E|7|SQ
9|21|117|170|24|33|3H|E|6|SQ
9|21|136|66|282|79|2S|N|8|HK
9|21|11|21|82|173|3H|E|6|SQ
9|21|275|202|127|74|3H|E|8|DK
9|21|139|182|81|146|3H|E|6|SQ
9|21|63|263|181|242|3N|N|5|HA
9|21|137|154|291|64|5C|N|8|HK
9|22|35|259|171|57|1N|S|8|HQ
9|22|26|151|189|62|2H|S|8|SA
9|22|117|170|24|33|1N|W|8|H2
9|22|8|289|241|178|4H|N|8|DA
9|22|11|21|82|173|4H|S|8|SA
9|22|136|66|282|79|2S|E|5|CK
9|22|275|202|127|74|1N|S|5|D4
9|22|139|182|81|146|4H|N|8|C8
9|22|63|263|181|242|1N|S|5|D4
9|22|137|154|291|64|1N|S|7|C5
9|23|35|259|171|57|3H|N|10|HT
9|23|26|151|189|62|4S|E|9|SQ
9|23|8|289|241|178|2S|W|9|HA
9|23|117|170|24|33|5H|N|10|CK
9|23|136|66|282|79|5HX|N|10|SQ
9|23|11|21|82|173|4S|W|10|DA
9|23|139|182|81|146|3S|W|10|S3
9|23|275|202|127|74|3S|E|9|H4
9|23|63|263|181|242|3S|W|10|DA
9|23|137|154|291|64|2N|S|8|ST
9|24|35|259|171|57|3N|W|8|HQ
9|24|26|151|189|62|3N|E|10|H6
9|24|8|289|241|178|3N|E|9|H6
9|24|117|170|24|33|3N|W|8|HQ
9|24|136|66|282|79|3C|W|11|C3
9|24|11|21|82|173|3N|W|12|C8
9|24|275|202|127|74|3N|W|10|HQ
9|24|139|182|81|146|3N|W|9|SK
9|24|63|263|181|242|3N|E|10|H6
9|24|137|154|291|64|2C|W|11|HQ
9|25|35|259|171|57|2H|N|8|CA
9|25|26|151|189|62|1N|S|6|C6
9|25|8|289|241|178|3C|E|8|HK
9|25|117|170|24|33|2H|N|8|CK
9|25|11|21|82|173|3H|N|8|CA
9|25|136|66|282|79|1N|N|6|C2
9|25|275|202|127|74|2H|N|7|CK
9|25|139|182|81|146|3H|N|7|CA
9|25|63|263|181|242|2H|N|7|CA
9|25|137|154|291|64|2H|N|8|CK
9|26|35|259|171|57|P||0
9|26|26|151|189|62|3S|E|10|CQ
9|26|117|170|24|33|3S|E|10|CQ
9|26|8|289|241|178|P||0
9|26|11|21|82|173|3S|E|9|CQ
9|26|136|66|282|79|4H|S|10|SA
9|26|275|202|127|74|3S|E|10|D2
9|26|139|182|81|146|2H|S|8|C5
9|26|63|263|181|242|4S|E|9|CQ
9|26|137|154|291|64|3S|E|8|HJ
9|27|26|151|189|62|1N|E|10|S2
9|27|35|259|171|57|2N|W|5|C3
9|27|117|170|24|33|4D|E|9|CK
9|27|8|289|241|178|3HX|N|8|SA
9|27|11|21|82|173|2D|E|9|CA
9|27|136|66|282|79|4D|E|9|CK
9|27|275|202|127|74|2D|E|9|CK
9|27|139|182|81|146|2S|W|8|C3
9|27|63|263|181|242|3N|W|7|S2
9|27|137|154|291|64|3H|S|8|HK
9|28|35|259|171|57|3H|W|7|CA
9|28|26|151|189|62|3H|E|8|SQ
9|28|8|289|241|178|2C|N|10|D6
9|28|117|170|24|33|3H|W|6|CA
9|28|11|21|82|173|3C|N|9|H8
9|28|136|66|282|79|2H|E|7|H3
9|28|275|202|127|74|1N|E|7|H3
9|28|139|182|81|146|2H|E|8|SJ
9|28|63|263|181|242|4H|W|7|CA
9|28|137|154|291|64|1D|E|6|H3
9|29|35|259|171|57|2S|E|7|HA
9|29|26|151|189|62|2S|E|6|HA
9|29|117|170|24|33|2S|E|6|HK
9|29|8|289|241|178|2S|E|6|HK
9|29|11|21|82|173|3C|N|8|SA
9|29|136|66|282|79|3C|S|9|S5
9|29|275|202|127|74|3N|W|5|C5
9|29|139|182|81|146|2S|E|7|HK
9|29|63|263|181|242|2S|E|8|HA
9|29|137|154|291|64|2S|E|6|HK
9|3|228|151|13|62|2D|S|9|C8
9|3|35|259|171|57|4H|W|10|DQ
9|3|8|289|241|178|5DX|S|9|HA
9|3|131|201|276|240|5DX|S|9|C8
9|3|21|66|173|79|5D|S|10|HA
9|3|11|29|82|140|2H|W|10|DQ
9|3|273|182|68|146|4S|S|6|C8
9|3|275|139|127|81|3H|W|10|CQ
9|3|302|154|291|64|2CX|E|7|DK
9|3|63|263|181|242|3H|W|11|DQ
9|30|35|259|171|57|1N|W|7|H5
9|30|26|151|189|62|1N|E|8|H4
9|30|8|289|241|178|2H|N|9|S3
9|30|117|170|24|33|2H|N|8|C7
9|30|11|21|82|173|3H|N|8|C7
9|30|136|66|282|79|2H|N|8|HJ
9|30|275|202|127|74|1N|W|6|H5
9|30|139|182|81|146|1N|N|8|D4
9|30|63|263|181|242|1N|S|8|C2
9|30|137|154|291|64|1N|N|8|D4
9|31|26|151|189|62|3N|E|8|S4
9|31|35|259|171|57|4D|E|12|HK
9|31|117|170|24|33|5D|E|12|HK
9|31|8|289|241|178|4D|E|11|S6
9|31|11|21|82|173|5D|E|12|HK
9|31|136|66|282|79|3D|E|12|HK
9|31|139|182|81|146|4D|W|12|H3
9|31|63|263|181|242|4D|E|12|HK
9|31|137|154|291|64|5DX|E|12|HK
9|32|26|151|189|62|1N|E|8|HJ
9|32|35|259|171|57|P||0
9|32|117|170|24|33|1N|S|6|CQ
9|32|8|289|241|178|1N|N|7|S4
9|32|11|21|82|173|1N|N|7|H3
9|32|136|66|282|79|1N|S|6|CQ
9|32|275|202|127|74|P||0
9|32|139|182|81|146|1N|W|7|S7
9|32|63|263|181|242|P||0
9|32|137|154|291|64|1N|S|6|CK
9|4|35|259|171|57|4S|E|10|DT
9|4|228|151|13|62|4S|E|10|D9
9|4|8|289|241|178|5S|E|10|HA
9|4|131|201|276|240|2S|E|10|HA
9|4|21|66|173|79|4S|E|10|DT
9|4|11|29|82|140|4S|E|10|DT
9|4|273|182|68|146|5H|N|7|DA
9|4|275|139|127|81|4S|E|10|DT
9|4|302|154|291|64|4S|E|10|DT
9|4|63|263|181|242|4S|E|11|HA
9|5|35|259|171|57|3N|E|11|D4
9|5|228|151|13|62|3N|W|12|ST
9|5|8|289|241|178|3N|W|12|ST
9|5|131|201|276|240|3N|W|12|S9
9|5|21|66|173|79|3N|W|12|ST
9|5|11|29|82|140|3N|W|12|ST
9|5|273|182|68|146|3N|W|12|ST
9|5|275|139|127|81|3N|W|11|ST
9|5|302|154|291|64|3N|W|12|S3
9|5|63|263|181|242|3N|W|12|ST
9|6|228|151|13|62|6DXX|S|12|S8
9|6|35|259|171|57|3N|N|12|HQ
9|6|8|289|241|178|3N|N|12|HQ
9|6|131|201|276|240|3N|S|6|H6
9|6|21|66|173|79|6D|S|12|C7
9|6|11|29|82|140|3N|S|12|H2
9|6|273|182|68|146|6D|S|12|C2
9|6|275|139|127|81|5D|S|12|D3
9|6|302|154|291|64|3N|S|12|D6
9|6|63|263|181|242|3N|S|12|H2
9|7|35|259|171|57|1N|E|9|S3
9|7|228|151|13|62|1N|E|9|S6
9|7|8|289|241|178|1N|E|9|S3
9|7|131|201|276|240|2D|E|10|S3
9|7|21|66|173|79|1N|E|9|S3
9|7|11|29|82|140|3N|W|9|S7
9|7|273|182|68|146|3D|E|9|C7
9|7|275|139|127|81|1N|E|9|S3
9|7|302|154|291|64|2D|E|9|C5
9|7|63|263|181|242|3N|W|10|CA
9|8|228|151|13|62|4S|S|13|D9
9|8|35|259|171|57|6S|N|13|HQ
9|8|8|289|241|178|6S|N|12|HQ
9|8|131|201|276|240|4S|N|13|HQ
9|8|21|66|173|79|6S|S|12|C5
9|8|11|29|82|140|6S|N|12|CA
9|8|273|182|68|146|6S|N|12|CA
9|8|275|139|127|81|4S|S|13|HQ
9|8|302|154|291|64|6S|S|12|S7
9|8|63|263|181|242|6S|N|12|CA
9|9|35|259|171|57|4S|S|10|DT
9|9|228|151|13|62|4S|S|10|DT
9|9|8|289|241|178|4S|S|11|DT
9|9|131|201|276|240|5S|S|10|DT
9|9|21|66|173|79|4S|S|11|DT
9|9|11|29|82|140|4S|S|11|DT
9|9|273|182|68|146|3C|N|9|H7
9|9|275|139|127|81|4S|S|10|DT
9|9|302|154|291|64|4S|S|11|DT
9|9|63|263|181|242|4S|S|9|DT
