1|1|203|4|104|6|3N|N|9|S3
1|1|209|260|262|113|3N|N|9|S3
1|1|248|19|286|98|3N|N|9|S3
1|1|247|258|297|132|3N|N|11|D3
1|1|42|118|279|84|3N|N|9|S6
1|1|77|72|109|210|3N|N|10|S5
1|1|71|46|86|257|3N|N|9|S5
1|1|32|116|161|204|3N|N|9|S2
1|1|235|107|125|245|3N|N|10|S6
1|1|300|187|223|55|3N|N|10|S3
1|10|203|4|104|6|3N|S|10|S6
1|10|209|260|262|113|3N|N|11|D5
1|10|248|19|286|98|3N|S|10|D5
1|10|247|258|297|132|3N|N|11|D3
1|10|42|118|279|84|3N|S|11|D7
1|10|77|72|109|210|3N|N|11|S2
1|10|71|46|86|257|6C|N|11|D2
1|10|32|116|161|204|5C|S|12|CJ
1|10|235|107|125|245|3N|S|11|D5
1|10|300|187|223|55|3N|S|11|S6
1|11|203|4|104|6|5C|W|11|SK
1|11|209|260|262|113|6C|W|11|SK
1|11|248|19|286|98|5H|W|10|SK
1|11|247|258|297|132|5H|W|9|SK
1|11|42|118|279|84|5C|W|11|SK
1|11|77|72|109|210|6C|W|10|SK
1|11|71|46|86|257|3S|S|8|D9
1|11|32|116|161|204|5H|W|9|SK
1|11|235|107|125|245|5H|W|10|SK
1|11|300|187|223|55|4C|W|10|SK
1|12|203|4|104|6|4SX|S|8|S4
1|12|209|260|262|113|5C|E|7|D9
1|12|248|19|286|98|3D|N|9|CA
1|12|247|258|297|132|3S|S|9|C3
1|12|42|118|279|84|2S|N|8|CK
1|12|77|72|109|210|4S|S|8|C3
1|12|71|46|86|257|2D|N|9|CA
1|12|32|116|161|204|2S|S|10|C4
1|12|235|107|125|245|2N|N|4|CA
1|12|300|187|223|55|3C|E|7|S3
1|13|203|4|104|6|3N|N|9|H7
1|13|209|260|262|113|1N|N|8|H7
1|13|248|19|286|98|3N|N|6|SQ
1|13|247|258|297|132|2D|N|8|SA
1|13|42|118|279|84|2DX|W|5|CT
1|13|77|72|109|210|2HX|E|6|HA
1|13|71|46|86|257|2N|N|9|H8
1|13|32|116|161|204|3C|S|7|S9
1|13|235|107|125|245|1S|E|6|HA
1|13|300|187|223|55|1S|E|7|HK
1|14|203|4|104|6|4H|N|10|S2
1|14|209|260|262|113|3H|N|9|C6
1|14|248|19|286|98|2S|W|8|HK
1|14|247|258|297|132|2H|N|10|C8
1|14|42|118|279|84|2H|N|8|S7
1|14|77|72|109|210|3H|N|9|C8
1|14|71|46|86|257|3H|N|8|S7
1|14|32|116|161|204|2S|W|8|HK
1|14|235|107|125|245|4H|N|9|S3
1|14|300|187|223|55|2H|N|8|C6
1|15|203|4|104|6|3N|E|11|D2
1|15|209|260|262|113|3N|W|12|C4
1|15|248|19|286|98|3N|E|11|H6
1|15|247|258|297|132|2S|S|4|HJ
1|15|42|118|279|84|3N|W|12|C2
1|15|77|72|109|210|3N|E|9|D4
1|15|71|46|86|257|4H|E|10|H6
1|15|32|116|161|204|3N|E|12|C4
1|15|235|107|125|245|4S|E|9|C4
1|15|300|187|223|55|3N|E|10|H2
1|16|203|4|104|6|3D|N|6|SA
1|16|209|260|262|113|3H|N|8|CA
1|16|248|19|286|98|3D|N|5|SA
1|16|247|258|297|132|3S|E|10|HA
1|16|42|118|279|84|2S|E|10|HA
1|16|77|72|109|210|2S|E|10|HA
1|16|71|46|86|257|3H|N|8|SA
1|16|32|116|161|204|2S|E|10|D2
1|16|235|107|125|245|3H|N|9|H3
1|16|300|187|223|55|3D|N|4|H9
1|17|36|144|141|27|4S|W|9|SK
1|17|209|260|262|113|5CX|S|8|SK
1|17|248|288|286|9|3S|E|11|DA
1|17|247|18|297|59|5C|N|8|HT
1|17|42|45|279|145|4S|W|10|CJ
1|17|77|268|109|220|4S|W|10|H5
1|17|116|108|204|130|4S|W|10|H5
1|17|46|176|32|38|4S|W|10|C2
1|17|235|107|125|245|5CX|N|8|HT
1|17|300|156|223|103|4CX|N|9|D6
1|18|36|144|141|27|2H|N|11|D4
1|18|209|260|262|113|3S|E|7|DT
1|18|248|288|286|9|2S|E|7|DT
1|18|247|18|297|59|3D|W|7|HA
1|18|42|45|279|145|4SX|W|7|HK
1|18|77|268|109|220|3C|S|10|DA
1|18|116|108|204|130|2N|W|6|HA
1|18|46|176|32|38|2N|W|6|HK
1|18|235|107|125|245|1N|W|6|HK
1|18|300|156|223|103|2N|W|6|HA
1|19|36|144|141|27|3N|S|12|H9
1|19|209|260|262|113|6D|N|12|S3
1|19|248|288|286|9|3NX|S|7|SQ
1|19|247|18|297|59|3N|N|13|SJ
1|19|42|45|279|145|5D|S|12|S6
1|19|77|268|109|220|6D|N|12|H7
1|19|116|108|204|130|6D|N|12|SA
1|19|46|176|32|38|3N|S|12|H2
1|19|235|107|125|245|5D|S|12|C3
1|19|300|156|223|103|5D|S|12|S5
1|2|203|4|104|6|4H|S|10|H3
1|2|209|260|262|113|4H|S|10|D4
1|2|248|19|286|98|3N|N|9|D3
1|2|247|258|297|132|4H|S|10|H4
1|2|42|118|279|84|5DX|E|6|HJ
1|2|77|72|109|210|4H|S|10|CT
1|2|71|46|86|257|4H|S|10|CT
1|2|32|116|161|204|4H|S|10|D5
1|2|235|107|125|245|5DX|E|6|HQ
1|2|300|187|223|55|4H|S|10|D4
1|20|36|144|141|27|1N|E|8|D2
1|20|209|260|262|113|4H|W|9|C7
1|20|248|288|286|9|4H|E|9|S7
1|20|247|18|297|59|4H|E|8|C2
1|20|42|45|279|145|3N|W|7|D4
1|20|77|268|109|220|4H|E|8|S7
1|20|116|108|204|130|3N|W|7|D3
1|20|46|176|32|38|4N|E|7|D7
1|20|235|107|125|245|4H|E|8|C5
1|20|300|156|223|103|2D|N|9|SK
1|21|36|144|141|27|2H|N|10|DA
1|21|209|260|262|113|4H|N|10|C4
1|21|248|288|286|9|4H|N|10|DA
1|21|247|18|297|59|3N|S|8|CT
1|21|42|45|279|145|3N|S|7|CT
1|21|77|268|109|220|3H|S|9|S5
1|21|116|108|204|130|3N|S|7|CT
1|21|46|176|32|38|4H|N|10|DA
1|21|235|107|125|245|4H|N|11|H3
1|21|300|156|223|103|4H|S|10|S6
1|22|36|144|141|27|6S|N|12|DA
1|22|209|260|262|113|4S|N|10|C5
1|22|248|288|286|9|3N|N|7|DQ
1|22|247|18|297|59|4S|S|10|H7
1|22|42|45|279|145|4S|S|10|D4
1|22|77|268|109|220|4S|S|10|D4
1|22|116|108|204|130|4S|S|9|D4
1|22|46|176|32|38|4S|S|9|DK
1|22|235|107|125|245|4S|S|10|D9
1|22|300|156|223|103|4S|S|11|D4
1|23|36|144|141|27|3N|S|9|C4
1|23|209|260|262|113|4S|S|11|HT
1|23|248|288|286|9|4S|S|9|HT
1|23|247|18|297|59|3N|S|9|HT
1|23|42|45|279|145|4S|S|10|HT
1|23|77|268|109|220|3N|N|11|H3
1|23|116|108|204|130|3N|S|12|C4
1|23|46|176|32|38|3N|S|10|HT
1|23|235|107|125|245|4S|S|11|HT
1|23|300|156|223|103|3N|N|7|CJ
1|24|36|144|141|27|5H|W|12|C4
1|24|209|260|262|113|4H|W|13|SQ
1|24|248|288|286|9|5H|W|12|SQ
1|24|247|18|297|59|7CX|S|8|SK
1|24|42|45|279|145|5H|W|12|C4
1|24|77|268|109|220|6H|W|12|C4
1|24|116|108|204|130|5H|W|12|C4
1|24|46|176|32|38|5H|W|12|C4
1|24|235|107|125|245|5H|W|12|C7
1|24|300|156|223|103|6H|W|12|C8
1|25|36|144|141|27|2S|W|5|CA
1|25|209|260|262|113|2D|S|7|H3
1|25|248|288|286|9|2D|S|7|S5
1|25|247|18|297|59|2D|S|7|S6
1|25|42|45|279|145|1N|E|7|D3
1|25|77|268|109|220|2S|W|7|CA
1|25|116|108|204|130|2S|W|7|CA
1|25|46|176|32|38|2DX|E|5|C6
1|25|235|107|125|245|3D|E|6|C2
1|25|300|156|223|103|2S|W|6|CA
1|26|36|144|141|27|4S|W|9|D2
1|26|209|260|262|113|5H|N|10|S5
1|26|248|288|286|9|4SX|W|9|D2
1|26|247|18|297|59|6H|N|10|S7
1|26|42|45|279|145|4SX|W|9|D2
1|26|77|268|109|220|3S|W|9|D2
1|26|116|108|204|130|4S|W|10|SA
1|26|46|176|32|38|4H|S|10|SA
1|26|235|107|125|245|5H|N|10|S6
1|26|300|156|223|103|6H|N|10|S7
1|27|36|144|141|27|3C|S|7|SA
1|27|209|260|262|113|1N|N|8|S4
1|27|248|288|286|9|1N|N|8|S4
1|27|247|18|297|59|3C|S|8|D2
1|27|42|45|279|145|3C|N|9|C5
1|27|77|268|109|220|3N|N|8|HJ
1|27|116|108|204|130|3C|N|7|H9
1|27|46|176|32|38|3C|N|7|H9
1|27|235|107|125|245|1N|N|8|S3
1|27|300|156|223|103|1N|W|5|DA
1|28|36|144|141|27|4H|S|11|DJ
1|28|209|260|262|113|4H|N|11|C3
1|28|248|288|286|9|4H|S|11|DJ
1|28|247|18|297|59|3N|S|10|DJ
1|28|42|45|279|145|5H|N|11|CT
1|28|77|268|109|220|4H|S|11|SJ
1|28|116|108|204|130|4H|S|11|SJ
1|28|46|176|32|38|4H|S|11|SJ
1|28|235|107|125|245|4H|S|11|SJ
1|28|300|156|223|103|4H|N|11|D6
1|29|36|144|141|27|4H|W|9|C3
1|29|209|260|262|113|4H|W|10|C3
1|29|248|288|286|9|4H|E|11|HJ
1|29|247|18|297|59|4H|E|10|CT
1|29|42|45|279|145|5H|E|11|C2
1|29|77|268|109|220|4H|E|9|HJ
1|29|116|108|204|130|4H|E|11|HJ
1|29|46|176|32|38|4H|E|10|HJ
1|29|235|107|125|245|4H|W|11|C3
1|29|300|156|223|103|4H|E|10|HJ
1|3|203|4|104|6|4H|S|10|DJ
1|3|209|260|262|113|4H|N|11|DK
1|3|248|19|286|98|4H|N|10|DK
1|3|247|258|297|132|4H|S|11|HT
1|3|42|118|279|84|4H|N|10|DK
1|3|77|72|109|210|4H|S|10|HT
1|3|71|46|86|257|4H|N|10|DK
1|3|32|116|161|204|4H|N|10|DK
1|3|235|107|125|245|5H|N|10|DK
1|3|300|187|223|55|4H|S|11|CK
1|30|36|144|141|27|4S|S|11|HK
1|30|209|260|262|113|3C|N|10|HK
1|30|248|288|286|9|5S|N|10|HK
1|30|247|18|297|59|3D|W|10|CA
1|30|42|45|279|145|4S|N|10|C4
1|30|77|268|109|220|3C|N|10|HK
1|30|116|108|204|130|4SX|N|9|HK
1|30|46|176|32|38|4S|N|11|HK
1|30|235|107|125|245|4S|S|10|HA
1|30|300|156|223|103|4S|N|11|D6
1|31|36|144|141|27|3N|N|6|H8
1|31|209|260|262|113|3S|N|8|H8
1|31|248|288|286|9|4S|N|8|D9
1|31|247|18|297|59|5HX|W|7|D3
1|31|42|45|279|145|3N|N|6|H9
1|31|77|268|109|220|4HX|W|9|D3
1|31|116|108|204|130|5HX|W|8|H5
1|31|46|176|32|38|4S|N|8|H5
1|31|235|107|125|245|4HX|W|9|C2
1|31|300|156|223|103|5HX|W|7|D3
1|32|36|144|141|27|3N|N|7|C6
1|32|209|260|262|113|3N|N|7|C7
1|32|248|288|286|9|4S|S|10|D5
1|32|247|18|297|59|5S|S|11|S2
1|32|42|45|279|145|3N|N|7|C7
1|32|77|268|109|220|5N|N|10|C6
1|32|116|108|204|130|4S|S|11|S2
1|32|46|176|32|38|4S|S|11|S2
1|32|235|107|125|245|4S|S|10|D3
1|32|300|156|223|103|4S|S|11|H9
1|4|203|4|104|6|4H|E|9|SA
1|4|209|260|262|113|4H|W|9|D3
1|4|248|19|286|98|4HX|W|9|D3
1|4|247|258|297|132|4H|E|9|DA
1|4|42|118|279|84|4H|E|9|C9
1|4|77|72|109|210|4SX|S|7|C3
1|4|71|46|86|257|4H|W|9|D3
1|4|32|116|161|204|3N|W|10|D3
1|4|235|107|125|245|4H|W|9|D3
1|4|300|187|223|55|4SX|S|8|C3
1|5|203|4|104|6|3N|E|13|H6
1|5|209|260|262|113|3N|E|12|S7
1|5|248|19|286|98|3N|E|12|SJ
1|5|247|258|297|132|3N|E|13|H2
1|5|42|118|279|84|3N|E|12|S5
1|5|77|72|109|210|3N|E|12|S6
1|5|71|46|86|257|3N|E|12|H2
1|5|32|116|161|204|3N|E|13|H2
1|5|235|107|125|245|3N|E|13|H2
1|5|300|187|223|55|3N|E|12|D3
1|6|203|4|104|6|6S|E|13|DK
1|6|209|260|262|113|4S|E|13|DK
1|6|248|19|286|98|6S|E|13|DA
1|6|247|258|297|132|6S|E|13|DA
1|6|42|118|279|84|4S|E|13|DK
1|6|77|72|109|210|6S|E|13|DA
1|6|71|46|86|257|5DX|N|8|SK
1|6|32|116|161|204|4S|E|13|DA
1|6|235|107|125|245|4S|E|13|DA
1|6|300|187|223|55|6S|E|13|DK
1|7|203|4|104|6|3NX|N|9|ST
1|7|209|260|262|113|3N|N|8|ST
1|7|248|19|286|98|2N|N|8|CQ
1|7|247|258|297|132|2H|E|6|CA
1|7|42|118|279|84|3N|N|10|D5
1|7|77|72|109|210|1N|N|9|C3
1|7|71|46|86|257|3N|N|8|C3
1|7|32|116|161|204|3N|N|8|C3
1|7|235|107|125|245|3N|S|9|H3
1|7|300|187|223|55|2N|N|9|H8
1|8|203|4|104|6|4S|E|10|S2
1|8|209|260|262|113|4S|E|10|S5
1|8|248|19|286|98|2S|E|10|CQ
1|8|247|258|297|132|4S|E|10|HA
1|8|42|118|279|84|4S|E|9|S2
1|8|77|72|109|210|4S|E|10|CQ
1|8|71|46|86|257|3S|E|10|CQ
1|8|32|116|161|204|4S|E|8|S2
1|8|235|107|125|245|4S|E|10|CQ
1|8|300|187|223|55|4S|E|10|S2
1|9|203|4|104|6|1N|N|8|S5
1|9|209|260|262|113|2S|N|8|CT
1|9|248|19|286|98|1N|N|7|H7
1|9|247|258|297|132|2S|S|9|C3
1|9|42|118|279|84|2S|S|9|H4
1|9|77|72|109|210|2S|N|9|S4
1|9|71|46|86|257|1N|N|6|D6
1|9|32|116|161|204|2S|S|9|D5
1|9|235|107|125|245|2S|S|8|C5
1|9|300|187|223|55|2S|N|8|S2
2|1|247|203|297|104|5D|E|11|CQ
2|1|36|19|141|98|5D|W|11|CA
2|1|45|258|145|132|5D|W|11|CA
2|1|248|118|286|84|5SX|S|9|HT
2|1|130|268|161|220|5D|E|11|SA
2|1|72|32|210|257|5DX|E|11|D9
2|1|300|176|223|38|5D|W|11|S9
2|1|86|107|204|245|6SX|S|8|HT
2|1|209|156|262|103|5D|W|11|S5
2|1|187|4|55|6|6DX|E|11|SA
2|10|247|203|297|104|2H|N|8|DQ
2|10|36|19|141|98|2H|S|9|DA
2|10|45|258|145|132|1N|S|7|C8
2|10|248|118|286|84|1N|S|6|C3
2|10|130|268|161|220|1N|S|7|S2
2|10|72|32|210|257|2H|N|6|DQ
2|10|300|176|223|38|2H|S|7|DK
2|10|86|107|204|245|1N|S|7|D4
2|10|209|156|262|103|1N|S|8|D4
2|10|187|4|55|6|1N|S|7|D4
2|11|247|203|297|104|2D|S|9|CK
2|11|36|19|141|98|2S|S|9|HJ
2|11|45|258|145|132|2D|S|9|CK
2|11|248|118|286|84|3D|S|9|HJ
2|11|130|268|161|220|3D|S|9|HJ
2|11|72|32|210|257|2D|S|8|HJ
2|11|300|176|223|38|2D|S|9|HJ
2|11|86|107|204|245|3D|S|9|CK
2|11|209|156|262|103|2D|S|8|H4
2|11|187|4|55|6|3D|S|9|CK
2|12|247|203|297|104|3N|W|8|D3
2|12|36|19|141|98|3N|E|8|SJ
2|12|45|258|145|132|3N|E|7|SJ
2|12|248|118|286|84|3N|W|7|D2
2|12|130|268|161|220|3N|E|8|D3
2|12|72|32|210|257|3N|E|7|S3
2|12|300|176|223|38|3N|E|4|DJ
2|12|86|107|204|245|3N|E|5|SJ
2|12|209|156|262|103|3N|E|9|SJ
2|12|187|4|55|6|3N|E|8|SJ
2|13|247|203|297|104|3N|N|8|H8
2|13|36|19|141|98|3N|N|11|C4
2|13|45|258|145|132|3N|N|9|H5
2|13|248|118|286|84|3N|S|11|HQ
2|13|130|268|161|220|3N|S|11|HQ
2|13|72|32|210|257|3N|N|11|H5
2|13|300|176|223|38|3N|N|10|H3
2|13|86|107|204|245|3N|S|10|HK
2|13|209|156|262|103|2S|S|11|HQ
2|13|187|4|55|6|3N|N|9|H5
2|14|247|203|297|104|6C|W|12|DQ
2|14|36|19|141|98|5C|W|12|DQ
2|14|45|258|145|132|6C|W|12|DQ
2|14|248|118|286|84|6C|W|13|DQ
2|14|130|268|161|220|5C|W|12|DQ
2|14|72|32|210|257|7C|W|12|H5
2|14|300|176|223|38|6C|W|12|DQ
2|14|86|107|204|245|7C|W|12|H5
2|14|209|156|262|103|6CX|W|12|H6
2|14|187|4|55|6|6C|W|12|DQ
2|15|247|203|297|104|3D|S|6|HA
2|15|36|19|141|98|4H|S|8|CT
2|15|45|258|145|132|4H|S|8|CT
2|15|248|118|286|84|4H|S|8|CT
2|15|130|268|161|220|4H|S|8|CT
2|15|72|32|210|257|4H|N|8|SJ
2|15|300|176|223|38|4H|S|9|C9
2|15|86|107|204|245|4H|S|8|C7
2|15|209|156|262|103|4H|S|8|C9
2|15|187|4|55|6|4H|S|8|CT
2|16|247|203|297|104|5S|S|12|C2
2|16|36|19|141|98|5S|S|12|DK
2|16|45|258|145|132|4S|S|12|DK
2|16|248|118|286|84|5S|S|12|DK
2|16|130|268|161|220|5S|S|12|DK
2|16|72|32|210|257|4S|S|12|DK
2|16|300|176|223|38|4H|N|12|D8
2|16|86|107|204|245|5S|S|12|DK
2|16|209|156|262|103|6S|S|12|DK
2|16|187|4|55|6|6S|S|11|DK
2|17|288|203|9|104|4S|N|11|DT
2|17|260|19|113|98|6S|S|10|DK
2|17|45|258|145|132|4S|S|11|DK
2|17|18|77|59|109|5S|N|11|S2
2|17|130|72|161|210|4S|N|11|HQ
2|17|42|46|279|257|4S|S|11|DK
2|17|300|176|223|38|4S|N|12|HQ
2|17|86|107|204|245|4S|S|11|DK
2|17|144|187|27|55|4S|S|11|H7
2|17|235|4|125|6|4S|N|11|HQ
2|18|288|203|9|104|2D|W|10|H2
2|18|260|19|113|98|3D|W|10|CK
2|18|45|258|145|132|2D|W|9|CK
2|18|18|77|59|109|2D|W|9|D4
2|18|130|72|161|210|3D|W|8|H3
2|18|42|46|279|257|3N|S|5|C3
2|18|300|176|223|38|1N|W|8|D6
2|18|86|107|204|245|2D|W|10|CK
2|18|144|187|27|55|2H|S|8|SJ
2|18|235|4|125|6|2D|W|10|H2
2|19|288|203|9|104|3N|S|8|SQ
2|19|260|19|113|98|4H|S|9|H9
2|19|45|258|145|132|4H|S|10|H9
2|19|18|77|59|109|3N|S|9|SQ
2|19|130|72|161|210|4H|S|10|H9
2|19|42|46|279|257|4H|N|9|S9
2|19|300|176|223|38|4H|S|10|H7
2|19|86|107|204|245|3H|S|9|H7
2|19|144|187|27|55|2H|S|8|D6
2|19|235|4|125|6|4H|S|9|H7
2|2|247|203|297|104|3D|E|9|HA
2|2|36|19|141|98|3D|E|9|HA
2|2|45|258|145|132|5CX|E|10|HA
2|2|248|118|286|84|4S|S|9|D5
2|2|130|268|161|220|4C|E|10|HA
2|2|72|32|210|257|3S|N|9|DK
2|2|300|176|223|38|3D|E|9|HK
2|2|86|107|204|245|4S|N|10|H8
2|2|209|156|262|103|3H|N|9|DK
2|2|187|4|55|6|5C|W|10|SK
2|20|288|203|9|104|4S|S|10|C7
2|20|260|19|113|98|4S|S|11|C8
2|20|45|258|145|132|4S|N|11|C7
2|20|18|77|59|109|4S|S|11|C2
2|20|130|72|161|210|4S|S|11|D3
2|20|42|46|279|257|4S|S|10|HA
2|20|300|176|223|38|4S|S|11|C7
2|20|86|107|204|245|4S|S|11|C8
2|20|144|187|27|55|4S|S|11|D2
2|20|235|4|125|6|4S|S|11|D2
2|21|288|203|9|104|6D|N|12|SA
2|21|260|19|113|98|3N|S|10|SK
2|21|45|258|145|132|3N|S|11|SK
2|21|18|77|59|109|3N|S|11|SK
2|21|130|72|161|210|3N|S|11|SK
2|21|42|46|279|257|3N|S|11|SK
2|21|300|176|223|38|3N|N|10|C3
2|21|86|107|204|245|5D|N|11|SA
2|21|144|187|27|55|3N|S|10|SK
2|21|235|4|125|6|3N|S|11|SK
2|22|288|203|9|104|5H|W|11|D6
2|22|260|19|113|98|4H|W|11|CT
2|22|45|258|145|132|4H|W|11|D3
2|22|18|77|59|109|4H|W|11|D3
2|22|130|72|161|210|4H|W|11|D3
2|22|42|46|279|257|4S|W|11|CT
2|22|300|176|223|38|3D|N|8|HA
2|22|86|107|204|245|4H|E|11|S8
2|22|144|187|27|55|4H|E|11|D5
2|22|235|4|125|6|4H|W|11|ST
2|23|288|203|9|104|2N|W|8|SJ
2|23|260|19|113|98|1N|E|8|S6
2|23|45|258|145|132|2N|W|8|SJ
2|23|18|77|59|109|2N|W|7|SJ
2|23|130|72|161|210|3N|W|7|SJ
2|23|42|46|279|257|3N|E|8|S3
2|23|300|176|223|38|2N|W|7|SJ
2|23|86|107|204|245|1N|W|8|SJ
2|23|144|187|27|55|1N|E|9|S7
2|23|235|4|125|6|2N|W|8|SJ
2|24|288|203|9|104|5S|W|9|HA
2|24|260|19|113|98|4S|W|9|DT
2|24|45|258|145|132|5HX|S|10|SK
2|24|18|77|59|109|4S|W|9|HA
2|24|130|72|161|210|5HX|S|10|CA
2|24|42|46|279|257|4S|W|9|HA
2|24|300|176|223|38|5HX|S|9|SK
2|24|86|107|204|245|4S|W|9|HA
2|24|144|187|27|55|4S|W|9|HA
2|24|235|4|125|6|5HX|S|10|CA
2|25|288|203|9|104|3N|E|10|HJ
2|25|260|19|113|98|3N|E|8|D3
2|25|45|258|145|132|3N|E|10|C2
2|25|18|77|59|109|3N|E|11|D2
2|25|130|72|161|210|3N|E|11|D3
2|25|42|46|279|257|3N|E|10|D2
2|25|300|176|223|38|3N|E|11|HJ
2|25|86|107|204|245|3N|W|10|DQ
2|25|144|187|27|55|3N|E|11|HJ
2|25|235|4|125|6|3N|E|11|D8
2|26|288|203|9|104|4S|W|9|H6
2|26|260|19|113|98|4H|S|9|S5
2|26|45|258|145|132|4SX|W|9|CT
2|26|18|77|59|109|3S|E|9|H6
2|26|130|72|161|210|3S|E|9|CT
2|26|42|46|279|257|4H|S|9|S2
2|26|300|176|223|38|4S|W|9|H9
2|26|86|107|204|245|5HX|S|9|S5
2|26|144|187|27|55|4S|W|9|CT
2|26|235|4|125|6|4SX|W|9|CT
2|27|288|203|9|104|6HX|N|11|DK
2|27|260|19|113|98|4S|E|12|D6
2|27|45|258|145|132|5S|W|10|HA
2|27|18|77|59|109|5S|W|10|HK
2|27|130|72|161|210|3N|W|6|HA
2|27|42|46|279|257|5S|W|10|CA
2|27|300|176|223|38|5HX|N|11|DK
2|27|86|107|204|245|4H|S|12|SA
2|27|144|187|27|55|5S|W|10|HA
2|27|235|4|125|6|5S|W|10|CA
2|28|288|203|9|104|3C|W|8|HA
2|28|260|19|113|98|2H|N|8|H4
2|28|45|258|145|132|1N|S|7|C9
2|28|18|77|59|109|2H|N|8|C5
2|28|130|72|161|210|3H|N|9|SJ
2|28|42|46|279|257|1N|N|10|H4
2|28|300|176|223|38|2S|E|6|H5
2|28|86|107|204|245|4H|N|7|SJ
2|28|144|187|27|55|2H|N|7|H4
2|28|235|4|125|6|2H|N|9|SJ
2|29|288|203|9|104|4S|E|11|DT
2|29|260|19|113|98|4S|E|11|DT
2|29|45|258|145|132|4S|E|11|DT
2|29|18|77|59|109|4S|E|11|DT
2|29|130|72|161|210|4S|E|11|DT
2|29|42|46|279|257|4CX|S|8|SA
2|29|300|176|223|38|4S|E|10|DT
2|29|86|107|204|245|4S|E|10|DT
2|29|144|187|27|55|4S|E|11|DT
2|29|235|4|125|6|5CX|S|8|SK
2|3|247|203|297|104|4S|S|11|H5
2|3|36|19|141|98|4S|S|11|H2
2|3|45|258|145|132|5S|S|11|D5
2|3|248|118|286|84|5S|S|12|S3
2|3|130|268|161|220|4S|S|11|D5
2|3|72|32|210|257|5S|S|11|D5
2|3|300|176|223|38|4S|N|11|C3
2|3|86|107|204|245|4S|N|11|D4
2|3|209|156|262|103|4S|S|11|D4
2|3|187|4|55|6|3N|N|8|DA
2|30|288|203|9|104|4S|S|11|C3
2|30|260|19|113|98|4S|N|11|H3
2|30|45|258|145|132|4S|N|10|C4
2|30|18|77|59|109|4S|N|11|H4
2|30|130|72|161|210|4S|S|11|D2
2|30|42|46|279|257|4S|N|11|D8
2|30|300|176|223|38|4S|N|11|D8
2|30|86|107|204|245|4S|N|11|D5
2|30|144|187|27|55|4S|S|11|C2
2|30|235|4|125|6|4S|N|10|C2
2|31|288|203|9|104|1N|W|7|C4
2|31|260|19|113|98|1N|W|8|H2
2|31|45|258|145|132|3C|W|10|S7
2|31|18|77|59|109|1N|W|7|H3
2|31|130|72|161|210|1N|W|7|C4
2|31|42|46|279|257|3H|S|9|SA
2|31|300|176|223|38|1N|W|7|H6
2|31|86|107|204|245|1N|W|6|C4
2|31|144|187|27|55|1N|E|7|D3
2|31|235|4|125|6|3C|W|9|HA
2|32|288|203|9|104|4H|W|10|D5
2|32|260|19|113|98|3H|W|10|D3
2|32|45|258|145|132|5DX|S|7|H3
2|32|18|77|59|109|3D|N|9|CK
2|32|130|72|161|210|4H|E|10|ST
2|32|42|46|279|257|4H|W|10|C7
2|32|300|176|223|38|3H|W|10|D7
2|32|86|107|204|245|4H|W|10|D5
2|32|144|187|27|55|4H|W|10|D3
2|32|235|4|125|6|3H|W|10|D3
2|4|247|203|297|104|3S|E|8|DK
2|4|36|19|141|98|2S|E|9|CA
2|4|45|258|145|132|3S|E|9|DK
2|4|248|118|286|84|2S|E|9|DK
2|4|130|268|161|220|1N|E|9|DK
2|4|72|32|210|257|2S|E|9|DK
2|4|300|176|223|38|3S|E|8|DK
2|4|86|107|204|245|3DX|S|7|C8
2|4|209|156|262|103|3S|E|9|DK
2|4|187|4|55|6|3S|E|9|DK
2|5|247|203|297|104|3H|E|8|SQ
2|5|36|19|141|98|1N|E|7|S5
2|5|45|258|145|132|3C|W|7|S8
2|5|248|118|286|84|2S|S|8|H2
2|5|130|268|161|220|1N|E|6|S6
2|5|72|32|210|257|1N|E|6|D8
2|5|300|176|223|38|4CX|W|6|S3
2|5|86|107|204|245|1N|E|8|S6
2|5|209|156|262|103|2N|E|6|D6
2|5|187|4|55|6|2N|E|8|S6
2|6|247|203|297|104|4S|W|9|DQ
2|6|36|19|141|98|2S|W|9|H7
2|6|45|258|145|132|3S|W|8|DQ
2|6|248|118|286|84|2S|W|9|DQ
2|6|130|268|161|220|4S|W|9|DQ
2|6|72|32|210|257|3N|E|8|D4
2|6|300|176|223|38|4S|W|8|H2
2|6|86|107|204|245|3S|W|8|H9
2|6|209|156|262|103|4S|W|8|DQ
2|6|187|4|55|6|4S|W|8|H8
2|7|247|203|297|104|3N|E|8|D9
2|7|36|19|141|98|3N|E|7|D5
2|7|45|258|145|132|3N|E|8|D9
2|7|248|118|286|84|3N|E|9|D8
2|7|130|268|161|220|3N|E|8|D3
2|7|72|32|210|257|3N|E|8|D5
2|7|300|176|223|38|3N|E|9|D3
2|7|86|107|204|245|3N|E|8|D9
2|7|209|156|262|103|3N|E|8|D8
2|7|187|4|55|6|3N|E|7|D8
2|8|247|203|297|104|3N|E|11|H4
2|8|36|19|141|98|3N|E|10|H7
2|8|45|258|145|132|3N|E|11|H7
2|8|248|118|286|84|3N|E|10|H7
2|8|130|268|161|220|3N|W|9|H6
2|8|72|32|210|257|3N|E|11|H4
2|8|300|176|223|38|3N|E|9|H2
2|8|86|107|204|245|3N|E|10|H7
2|8|209|156|262|103|3N|E|10|H2
2|8|187|4|55|6|3N|E|10|H2
2|9|247|203|297|104|5CX|N|10|D3
2|9|36|19|141|98|5S|E|10|HJ
2|9|45|258|145|132|6CX|N|10|SA
2|9|248|118|286|84|5CX|N|10|SA
2|9|130|268|161|220|5C|N|10|D8
2|9|72|32|210|257|4S|E|11|C3
2|9|300|176|223|38|4S|E|10|HJ
2|9|86|107|204|245|5CX|N|10|D6
2|9|209|156|262|103|5S|E|10|HJ
2|9|187|4|55|6|4H|N|10|D6
3|1|260|118|113|84|3S|E|10|H4
3|1|77|36|109|141|3C|N|8|C9
3|1|248|108|286|130|3H|N|7|SQ
3|1|46|258|257|132|4C|N|8|SQ
3|1|42|107|279|245|3S|E|10|H3
3|1|300|268|223|220|3S|E|9|H7
3|1|71|156|86|103|4H|N|7|SQ
3|1|235|176|125|38|4D|S|8|HJ
3|1|247|4|297|6|4S|E|10|CA
3|1|144|288|27|9|P||0
3|10|260|118|113|84|4H|S|11|S5
3|10|77|36|109|141|4H|S|9|D3
3|10|46|258|257|132|4H|S|11|S5
3|10|42|107|279|245|4H|S|11|S5
3|10|300|268|223|220|4H|S|11|S3
3|10|71|156|86|103|6H|S|11|CA
3|10|235|176|125|38|4H|S|11|S5
3|10|247|4|297|6|4H|S|12|CA
3|10|144|288|27|9|4S|N|11|C7
3|11|260|118|113|84|5C|N|10|SK
3|11|77|36|109|141|3C|N|10|SA
3|11|248|108|286|130|3C|N|10|SA
3|11|46|258|257|132|4H|S|8|S3
3|11|42|107|279|245|3H|S|8|S8
3|11|300|268|223|220|3C|N|9|SA
3|11|71|156|86|103|3H|S|8|DT
3|11|235|176|125|38|4H|S|10|H5
3|11|247|4|297|6|4H|S|9|ST
3|11|144|288|27|9|4C|N|10|SA
3|12|260|118|113|84|5D|S|10|HK
3|12|77|36|109|141|5D|S|10|HK
3|12|248|108|286|130|1S|N|8|H3
3|12|46|258|257|132|5D|S|11|CT
3|12|42|107|279|245|1S|N|8|H2
3|12|300|268|223|220|3H|N|9|SK
3|12|71|156|86|103|4H|S|8|HK
3|12|235|176|125|38|6N|S|9|HK
3|12|247|4|297|6|1S|N|7|H4
3|12|144|288|27|9|2S|N|6|C4
3|13|260|118|113|84|4S|S|9|HA
3|13|77|36|109|141|2S|N|9|HA
3|13|248|108|286|130|2S|N|9|C8
3|13|46|258|257|132|3C|E|8|S3
3|13|42|107|279|245|3S|S|9|HA
3|13|300|268|223|220|4C|E|8|S3
3|13|71|156|86|103|4C|E|9|H3
3|13|235|176|125|38|4S|N|9|C8
3|13|247|4|297|6|2S|S|9|HA
3|13|144|288|27|9|3C|W|9|H5
3|14|260|118|113|84|3S|W|8|CJ
3|14|77|36|109|141|4C|S|9|SQ
3|14|248|108|286|130|2S|W|7|S8
3|14|46|258|257|132|3S|W|8|CJ
3|14|42|107|279|245|3S|W|8|CJ
3|14|300|268|223|220|4S|W|8|CJ
3|14|71|156|86|103|4SX|W|8|D4
3|14|235|176|125|38|3S|W|10|HA
3|14|247|4|297|6|3S|W|8|CJ
3|14|144|288|27|9|3N|E|4|C9
3|15|260|118|113|84|3N|E|6|ST
3|15|77|36|109|141|3D|W|10|SK
3|15|248|108|286|130|3D|W|11|SK
3|15|46|258|257|132|2D|E|11|C8
3|15|42|107|279|245|5C|E|11|SA
3|15|300|268|223|220|3C|W|11|SK
3|15|71|156|86|103|3D|W|10|SK
3|15|235|176|125|38|3D|W|11|SK
3|15|247|4|297|6|3N|E|7|ST
3|15|144|288|27|9|3N|E|7|S9
3|16|260|118|113|84|4S|N|11|H5
3|16|77|36|109|141|4S|S|10|D5
3|16|248|108|286|130|5S|N|10|D5
3|16|46|258|257|132|4S|N|9|D5
3|16|42|107|279|245|4S|N|8|D7
3|16|300|268|223|220|4S|N|10|H5
3|16|71|156|86|103|4S|N|10|H7
3|16|235|176|125|38|4S|N|11|D6
3|16|247|4|297|6|4S|N|11|D4
3|16|144|288|27|9|4S|N|9|H4
3|17|203|118|104|84|2H|N|7|S3
3|17|45|36|145|141|1N|S|5|HK
3|17|248|130|286|161|1N|S|6|HK
3|17|46|18|257|59|3C|E|7|S5
3|17|268|107|220|245|2H|S|7|D5
3|17|300|72|223|210|2H|N|6|D9
3|17|71|156|86|103|1N|S|5|HK
3|17|187|116|55|204|1N|S|6|HK
3|17|19|4|98|6|1H|N|6|D3
3|17|209|288|262|9|2H|N|8|C2
3|18|203|118|104|84|5D|S|10|SA
3|18|45|36|145|141|5D|N|11|H6
3|18|248|130|286|161|4D|S|10|SA
3|18|46|18|257|59|4D|S|10|SK
3|18|268|107|220|245|4D|S|9|SA
3|18|300|72|223|210|5D|S|10|SA
3|18|71|156|86|103|5D|S|10|SK
3|18|187|116|55|204|5SX|E|9|CK
3|18|19|4|98|6|4S|W|8|CT
3|18|209|288|262|9|3S|E|10|CK
3|19|203|118|104|84|4S|W|11|H4
3|19|45|36|145|141|4S|W|11|S5
3|19|248|130|286|161|4S|W|11|H4
3|19|46|18|257|59|4S|W|11|H4
3|19|268|107|220|245|5S|W|10|DK
3|19|300|72|223|210|3S|W|11|H6
3|19|71|156|86|103|4S|W|10|H3
3|19|187|116|55|204|3S|E|9|D6
3|19|19|4|98|6|4S|W|11|S6
3|19|209|288|262|9|4S|W|11|S6
3|2|260|118|113|84|2S|W|8|C4
3|2|77|36|109|141|4S|E|10|CK
3|2|248|108|286|130|2S|E|10|CK
3|2|46|258|257|132|2S|E|10|D7
3|2|42|107|279|245|3S|E|9|D7
3|2|300|268|223|220|3S|E|9|D9
3|2|71|156|86|103|3S|E|8|D9
3|2|235|176|125|38|2HX|S|8|ST
3|2|247|4|297|6|2S|E|10|D9
3|2|144|288|27|9|3S|E|9|D8
3|20|203|118|104|84|3N|N|9|D4
3|20|45|36|145|141|3N|N|9|D4
3|20|248|130|286|161|3N|N|8|D5
3|20|46|18|257|59|3N|N|9|D2
3|20|268|107|220|245|1N|N|9|D5
3|20|300|72|223|210|2CXX|E|4|HK
3|20|71|156|86|103|3N|N|10|D6
3|20|187|116|55|204|3N|N|10|D5
3|20|19|4|98|6|3N|N|9|C4
3|20|209|288|262|9|1N|N|9|D5
3|21|203|118|104|84|2CX|E|8|CT
3|21|45|36|145|141|4S|S|10|D2
3|21|248|130|286|161|2H|S|6|C7
3|21|46|18|257|59|2S|S|10|C7
3|21|268|107|220|245|4H|S|10|D3
3|21|300|72|223|210|4S|S|10|C7
3|21|71|156|86|103|3S|S|10|C2
3|21|187|116|55|204|1S|S|9|C7
3|21|19|4|98|6|3S|S|10|S2
3|21|209|288|262|9|4S|S|10|C7
3|22|203|118|104|84|3N|N|11|D3
3|22|45|36|145|141|4S|S|10|HK
3|22|248|130|286|161|4S|S|10|HK
3|22|46|18|257|59|4S|S|9|HK
3|22|268|107|220|245|4HX|W|8|S3
3|22|300|72|223|210|4S|S|9|HA
3|22|71|156|86|103|4S|S|9|HA
3|22|187|116|55|204|4S|S|8|HA
3|22|19|4|98|6|4S|S|9|HK
3|22|209|288|262|9|4S|S|9|HK
3|23|203|118|104|84|2S|E|9|H5
3|23|45|36|145|141|2S|E|10|H5
3|23|248|130|286|161|2S|E|9|H5
3|23|46|18|257|59|2C|N|7|SK
3|23|268|107|220|245|2S|E|9|H5
3|23|300|72|223|210|2S|E|9|H3
3|23|71|156|86|103|2S|E|8|H4
3|23|187|116|55|204|2S|E|9|H7
3|23|19|4|98|6|2S|E|9|H3
3|23|209|288|262|9|2S|E|10|H7
3|24|203|118|104|84|2S|E|9|C4
3|24|45|36|145|141|4S|W|9|CA
3|24|248|130|286|161|3H|S|7|D5
3|24|46|18|257|59|4S|W|9|CA
3|24|268|107|220|245|3S|W|8|CA
3|24|300|72|223|210|4HX|S|8|D5
3|24|71|156|86|103|3H|S|6|C2
3|24|187|116|55|204|3S|E|8|H9
3|24|19|4|98|6|2S|E|8|HT
3|24|209|288|262|9|2S|W|9|CK
3|25|203|118|104|84|3S|N|9|HK
3|25|45|36|145|141|3S|S|8|H4
3|25|248|130|286|161|4H|E|11|DT
3|25|46|18|257|59|4SX|N|8|HK
3|25|268|107|220|245|4SX|S|8|S7
3|25|300|72|223|210|3S|S|8|H4
3|25|71|156|86|103|4H|E|10|SK
3|25|187|116|55|204|2H|W|11|DK
3|25|19|4|98|6|3S|S|8|H7
3|25|209|288|262|9|3S|S|8|H4
3|26|203|118|104|84|4D|E|10|HT
3|26|45|36|145|141|2D|E|10|DA
3|26|248|130|286|161|3D|E|9|HT
3|26|46|18|257|59|3H|N|10|D3
3|26|268|107|220|245|4D|E|9|HT
3|26|300|72|223|210|4D|E|9|DA
3|26|71|156|86|103|3D|E|10|ST
3|26|187|116|55|204|2D|E|10|HT
3|26|19|4|98|6|2D|E|9|HT
3|26|209|288|262|9|3N|E|9|CJ
3|27|203|118|104|84|5S|S|10|DA
3|27|45|36|145|141|5H|S|11|DA
3|27|248|130|286|161|4H|S|10|DA
3|27|46|18|257|59|5DX|W|9|HQ
3|27|268|107|220|245|4H|S|10|DA
3|27|300|72|223|210|5DX|W|9|HQ
3|27|71|156|86|103|4S|N|10|DJ
3|27|187|116|55|204|4S|N|10|DJ
3|27|19|4|98|6|5DX|W|9|HQ
3|27|209|288|262|9|5SX|N|10|DJ
3|28|203|118|104|84|4H|W|8|D5
3|28|45|36|145|141|2S|N|7|HT
3|28|248|130|286|161|2S|N|6|HT
3|28|46|18|257|59|4H|W|9|D5
3|28|268|107|220|245|3H|W|10|S5
3|28|300|72|223|210|2H|W|10|C5
3|28|71|156|86|103|2S|N|7|HT
3|28|187|116|55|204|2H|W|9|C5
3|28|19|4|98|6|2H|W|8|D3
3|28|209|288|262|9|2H|W|8|D3
3|29|203|118|104|84|2S|W|9|H9
3|29|45|36|145|141|3S|W|9|H9
3|29|248|130|286|161|2S|W|9|H9
3|29|46|18|257|59|2S|W|9|D2
3|29|300|72|223|210|2S|W|9|H4
3|29|268|107|220|245|2S|W|9|D2
3|29|187|116|55|204|3S|W|9|H4
3|29|71|156|86|103|2S|W|10|CK
3|29|209|288|262|9|2S|W|9|CK
3|29|19|4|98|6|2S|W|9|H4
3|3|260|118|113|84|2H|N|7|S7
3|3|77|36|109|141|4HX|N|7|S7
3|3|248|108|286|130|2H|N|7|S7
3|3|46|258|257|132|2H|N|7|S7
3|3|42|107|279|245|3H|N|6|S7
3|3|300|268|223|220|4C|W|10|C4
3|3|71|156|86|103|2H|N|7|S7
3|3|235|176|125|38|3C|W|10|D3
3|3|247|4|297|6|5C|E|9|HK
3|3|144|288|27|9|4C|E|10|H3
3|30|45|36|145|141|4H|N|11|SQ
3|30|203|118|104|84|2SX|E|4|HA
3|30|248|130|286|161|6H|S|11|H6
3|30|46|18|257|59|3H|N|11|S8
3|30|268|107|220|245|4H|S|11|S4
3|30|300|72|223|210|4H|S|11|S8
3|30|71|156|86|103|4H|S|11|D6
3|30|187|116|55|204|4H|S|11|D4
3|30|19|4|98|6|4H|S|11|S4
3|30|209|288|262|9|3N|N|11|C5
3|31|203|118|104|84|3N|N|8|DQ
3|31|45|36|145|141|3N|N|7|DK
3|31|248|130|286|161|3N|N|8|DQ
3|31|46|18|257|59|2S|N|6|C2
3|31|268|107|220|245|4HX|E|6|D3
3|31|300|72|223|210|2N|N|10|HQ
3|31|71|156|86|103|4S|N|7|DQ
3|31|187|116|55|204|3D|E|7|ST
3|31|19|4|98|6|3N|N|11|HQ
3|31|209|288|262|9|3N|N|9|HQ
3|32|203|118|104|84|3N|E|9|D3
3|32|45|36|145|141|3DX|S|8|SA
3|32|248|130|286|161|5DX|N|8|HA
3|32|46|18|257|59|4H|W|10|C2
3|32|268|107|220|245|3HX|W|9|CT
3|32|300|72|223|210|4H|W|10|CT
3|32|71|156|86|103|4H|W|11|CT
3|32|187|116|55|204|5H|W|10|CT
3|32|19|4|98|6|4H|W|10|CT
3|32|209|288|262|9|4H|W|9|D8
3|4|260|118|113|84|2S|N|10|HK
3|4|77|36|109|141|3S|N|10|HK
3|4|248|108|286|130|2S|N|10|HK
3|4|46|258|257|132|4S|N|10|HA
3|4|42|107|279|245|4S|N|10|HK
3|4|300|268|223|220|4S|N|10|HK
3|4|71|156|86|103|4S|N|10|HK
3|4|235|176|125|38|2S|N|10|HK
3|4|247|4|297|6|4S|S|10|HA
3|4|144|288|27|9|4S|N|10|HK
3|5|260|118|113|84|2D|N|8|HJ
3|5|77|36|109|141|3D|N|7|HJ
3|5|248|108|286|130|2S|S|7|DJ
3|5|46|258|257|132|2S|S|7|DJ
3|5|42|107|279|245|3D|N|7|HJ
3|5|300|268|223|220|2S|S|8|D8
3|5|71|156|86|103|2S|S|8|C8
3|5|235|176|125|38|3D|N|8|HJ
3|5|247|4|297|6|2S|S|7|DJ
3|5|144|288|27|9|2D|N|7|HJ
3|6|260|118|113|84|1NX|E|5|H6
3|6|77|36|109|141|2CX|W|7|H2
3|6|248|108|286|130|2H|S|9|H3
3|6|46|258|257|132|2N|S|7|C6
3|6|42|107|279|245|3N|S|9|S6
3|6|300|268|223|220|2H|S|9|C6
3|6|71|156|86|103|3H|S|9|C3
3|6|235|176|125|38|2H|S|9|C6
3|6|247|4|297|6|3N|S|9|C3
3|6|144|288|27|9|2H|S|9|C6
3|7|260|118|113|84|4S|S|10|S6
3|7|77|36|109|141|2S|S|10|H2
3|7|248|108|286|130|4S|S|11|S6
3|7|46|258|257|132|4S|S|10|H2
3|7|42|107|279|245|5S|N|9|CK
3|7|300|268|223|220|4S|S|10|H2
3|7|71|156|86|103|2S|S|10|H6
3|7|235|176|125|38|2S|S|10|CA
3|7|247|4|297|6|4S|N|10|H3
3|7|144|288|27|9|2S|N|9|CK
3|8|260|118|113|84|1N|W|6|DK
3|8|77|36|109|141|3D|N|9|HK
3|8|248|108|286|130|3D|N|9|HK
3|8|46|258|257|132|2N|S|5|C6
3|8|42|107|279|245|3D|S|8|HK
3|8|300|268|223|220|1N|W|4|DA
3|8|71|156|86|103|3D|N|9|HK
3|8|235|176|125|38|3D|N|10|HK
3|8|247|4|297|6|2N|S|8|H5
3|8|144|288|27|9|3D|N|9|HK
3|9|260|118|113|84|3N|S|8|D9
3|9|77|36|109|141|3D|N|10|H6
3|9|248|108|286|130|3N|S|7|H2
3|9|46|258|257|132|2S|N|6|H6
3|9|42|107|279|245|3N|S|10|H2
3|9|300|268|223|220|3N|S|10|D9
3|9|71|156|86|103|3N|S|8|H2
3|9|235|176|125|38|3D|N|9|H6
3|9|247|4|297|6|3N|S|9|H2
3|9|144|288|27|9|3C|S|9|H3
4|1|46|260|257|113|2S|N|9|H7
4|1|203|32|104|161|3S|N|9|H3
4|1|300|258|223|132|2S|N|9|H7
4|1|18|107|59|245|2S|N|8|H7
4|1|235|268|125|220|2S|N|9|H2
4|1|42|187|279|55|3S|S|9|H7
4|1|184|71|209|176|2S|N|8|H8
4|1|86|144|204|27|4S|N|9|H7
4|1|247|45|297|145|3S|N|9|H3
4|1|118|19|84|98|2S|N|10|D5
4|10|46|260|257|113|3N|S|9|D4
4|10|203|32|104|161|4H|S|10|S8
4|10|300|258|223|132|4H|S|10|C8
4|10|18|107|59|245|4H|S|10|C9
4|10|235|268|125|220|3N|N|9|D3
4|10|42|187|279|55|4H|S|10|S4
4|10|184|71|209|176|3N|S|10|D6
4|10|86|144|204|27|4H|S|10|DA
4|10|247|45|297|145|4H|N|10|DA
4|10|118|19|84|98|4H|S|10|C9
4|11|46|260|257|113|3N|S|10|DQ
4|11|203|32|104|161|4C|N|10|SA
4|11|300|258|223|132|3N|S|10|DQ
4|11|18|107|59|245|6C|S|10|H2
4|11|235|268|125|220|3N|N|10|DQ
4|11|42|187|279|55|3N|S|10|DQ
4|11|184|71|209|176|3N|S|10|DQ
4|11|86|144|204|27|3N|S|10|DA
4|11|247|45|297|145|3N|N|6|S6
4|11|118|19|84|98|3N|S|10|DQ
4|12|46|260|257|113|4S|N|12|HA
4|12|203|32|104|161|4S|N|12|D2
4|12|300|258|223|132|4S|N|12|S9
4|12|18|107|59|245|5S|N|12|S3
4|12|235|268|125|220|4S|N|12|D3
4|12|42|187|279|55|6S|N|12|HA
4|12|184|71|209|176|4S|N|12|D2
4|12|86|144|204|27|4S|N|12|D2
4|12|247|45|297|145|4S|N|12|D4
4|12|118|19|84|98|4S|N|12|H8
4|13|46|260|257|113|6C|W|12|HT
4|13|203|32|104|161|2HX|S|6|SA
4|13|300|258|223|132|6S|E|12|HT
4|13|18|107|59|245|6C|W|12|DA
4|13|235|268|125|220|5C|W|12|HT
4|13|42|187|279|55|6C|W|13|S9
4|13|184|71|209|176|3N|W|13|S9
4|13|86|144|204|27|6C|W|12|ST
4|13|247|45|297|145|6C|W|12|H6
4|13|118|19|84|98|6C|W|13|C3
4|14|46|260|257|113|6H|E|12|SQ
4|14|203|32|104|161|6N|W|12|D3
4|14|300|258|223|132|6H|E|12|SQ
4|14|18|107|59|245|6N|E|12|SQ
4|14|235|268|125|220|6N|W|12|D9
4|14|42|187|279|55|6H|E|12|SJ
4|14|184|71|209|176|6H|E|12|SQ
4|14|86|144|204|27|6H|E|12|SQ
4|14|247|45|297|145|6H|E|12|SQ
4|14|118|19|84|98|6H|E|12|SQ
4|15|46|260|257|113|5DX|E|7|HA
4|15|203|32|104|161|4H|S|10|DK
4|15|300|258|223|132|3N|N|11|DT
4|15|18|107|59|245|5DX|E|8|HK
4|15|235|268|125|220|4H|S|11|CJ
4|15|42|187|279|55|4H|S|11|DK
4|15|184|71|209|176|4H|S|10|DK
4|15|86|144|204|27|4H|S|10|CJ
4|15|247|45|297|145|4H|S|11|CJ
4|15|118|19|84|98|4H|S|11|CJ
4|16|46|260|257|113|3C|W|10|DK
4|16|203|32|104|161|2H|N|7|S7
4|16|300|258|223|132|2N|E|10|D5
4|16|18|107|59|245|4S|E|10|CJ
4|16|235|268|125|220|3N|W|9|DK
4|16|42|187|279|55|4C|W|10|DQ
4|16|184|71|209|176|2S|E|11|D7
4|16|86|144|204|27|3H|S|7|CA
4|16|247|45|297|145|3N|E|10|H6
4|16|118|19|84|98|3N|E|10|D7
4|17|108|36|130|113|3N|W|9|CQ
4|17|203|46|104|257|4S|E|9|HT
4|17|300|258|223|132|2S|E|11|C8
4|17|248|107|286|245|3N|W|9|HA
4|17|156|72|103|210|3N|W|10|HA
4|17|42|235|279|125|3N|W|9|HA
4|17|184|71|209|86|5D|W|11|HK
4|17|116|144|204|27|3N|W|8|HA
4|17|288|77|120|109|3N|W|9|HA
4|17|118|247|84|297|2S|E|9|HT
4|18|108|36|130|113|3D|W|9|H8
4|18|203|46|104|257|3H|N|10|D7
4|18|248|107|286|245|3D|W|10|SA
4|18|156|72|103|210|3S|W|9|C5
4|18|184|71|209|86|3N|S|7|SQ
4|18|116|144|204|27|3D|N|9|S5
4|18|288|77|120|109|3D|S|8|H8
4|18|118|247|84|297|5DX|S|10|SA
4|19|108|36|130|113|3N|N|9|C6
4|19|203|46|104|257|1N|N|9|C7
4|19|300|258|223|132|2H|N|6|S3
4|19|248|107|286|245|3H|N|8|DJ
4|19|156|72|103|210|2H|N|9|DJ
4|19|42|235|279|125|1N|N|10|C4
4|19|184|71|209|86|3H|N|9|DJ
4|19|116|144|204|27|2H|N|8|DJ
4|19|288|77|120|109|3H|N|9|C6
4|19|118|247|84|297|3C|E|7|ST
4|2|46|260|257|113|4S|W|10|H5
4|2|203|32|104|161|4SX|W|10|CK
4|2|300|258|223|132|4S|E|10|S3
4|2|18|107|59|245|3S|W|10|CK
4|2|235|268|125|220|3S|W|10|SQ
4|2|42|187|279|55|4S|W|10|H4
4|2|184|71|209|176|4SX|W|10|H8
4|2|86|144|204|27|4H|S|8|D9
4|2|247|45|297|145|4SX|W|10|H5
4|2|118|19|84|98|4S|E|11|H2
4|20|108|36|130|113|3S|E|10|CK
4|20|203|46|104|257|5CX|N|9|SK
4|20|300|258|223|132|4S|E|9|S7
4|20|248|107|286|245|5CX|N|9|SK
4|20|156|72|103|210|4S|E|10|C9
4|20|42|235|279|125|2CX|N|9|SK
4|20|184|71|209|86|4S|E|9|C9
4|20|116|144|204|27|3C|N|9|SK
4|20|288|77|120|109|2S|W|10|CK
4|20|118|247|84|297|3C|N|9|SK
4|21|108|36|130|113|3N|N|9|HK
4|21|203|46|104|257|3N|N|9|HK
4|21|300|258|223|132|3N|N|10|HQ
4|21|248|107|286|245|3N|N|9|HK
4|21|156|72|103|210|3N|N|10|H4
4|21|42|235|279|125|3N|N|10|HK
4|21|184|71|209|86|3N|N|9|HK
4|21|116|144|204|27|3N|N|10|HK
4|21|288|77|120|109|3N|N|10|D7
4|21|118|247|84|297|3N|N|10|H4
4|22|108|36|130|113|4H|S|8|DJ
4|22|203|46|104|257|3N|S|7|DJ
4|22|300|258|223|132|2S|E|9|H7
4|22|248|107|286|245|4H|S|8|D6
4|22|156|72|103|210|4H|S|8|DJ
4|22|42|235|279|125|4H|N|8|DQ
4|22|184|71|209|86|3N|S|7|DJ
4|22|116|144|204|27|4H|N|7|S3
4|22|288|77|120|109|3N|S|7|H2
4|22|118|247|84|297|4H|N|7|S4
4|23|108|36|130|113|3C|E|7|DT
4|23|203|46|104|257|3C|S|6|DQ
4|23|300|258|223|132|4HX|S|8|S2
4|23|248|107|286|245|3HX|S|7|DQ
4|23|156|72|103|210|3C|S|5|DQ
4|23|42|235|279|125|4HX|S|7|DQ
4|23|184|71|209|86|3H|N|8|DQ
4|23|116|144|204|27|3C|W|7|DT
4|23|288|77|120|109|4H|S|8|DQ
4|23|118|247|84|297|4HX|S|8|DQ
4|24|108|36|130|113|3N|E|8|DQ
4|24|203|46|104|257|4HX|N|6|H3
4|24|300|258|223|132|3N|W|9|D7
4|24|248|107|286|245|3N|E|10|DQ
4|24|156|72|103|210|3N|W|9|D6
4|24|42|235|279|125|3N|W|10|S4
4|24|184|71|209|86|3N|W|8|D6
4|24|116|144|204|27|3N|E|7|HJ
4|24|288|77|120|109|3N|E|9|DQ
4|24|118|247|84|297|3N|W|8|H9
4|25|108|36|130|113|5D|N|10|CQ
4|25|203|46|104|257|4D|N|10|HA
4|25|300|258|223|132|4H|E|7|DA
4|25|248|107|286|245|5DX|N|10|SJ
4|25|156|72|103|210|3D|N|11|HA
4|25|42|235|279|125|2D|S|11|S2
4|25|184|71|209|86|2D|N|12|H5
4|25|116|144|204|27|3D|S|10|CQ
4|25|288|77|120|109|2D|S|12|D6
4|25|118|247|84|297|3D|N|10|SJ
4|26|108|36|130|113|3N|E|9|H7
4|26|203|46|104|257|3NX|E|9|D3
4|26|300|258|223|132|3N|W|11|S2
4|26|248|107|286|245|3N|W|10|S2
4|26|156|72|103|210|3N|E|10|SJ
4|26|42|235|279|125|3N|W|9|H5
4|26|184|71|209|86|3N|E|9|SJ
4|26|116|144|204|27|3N|E|10|SJ
4|26|288|77|120|109|3N|E|10|SJ
4|26|118|247|84|297|3N|E|10|SJ
4|27|108|36|130|113|4S|W|12|D4
4|27|203|46|104|257|4S|W|12|HA
4|27|300|258|223|132|4S|W|10|HJ
4|27|248|107|286|245|4S|W|12|S4
4|27|156|72|103|210|6S|E|11|H2
4|27|42|235|279|125|4S|E|11|D3
4|27|184|71|209|86|4S|W|11|S3
4|27|116|144|204|27|4S|E|11|H4
4|27|288|77|120|109|4S|E|10|HJ
4|27|118|247|84|297|3N|W|11|D4
4|28|108|36|130|113|3S|N|8|HK
4|28|203|46|104|257|2H|E|10|CA
4|28|300|258|223|132|3S|N|8|HK
4|28|248|107|286|245|3D|E|9|CK
4|28|42|235|279|125|4S|N|8|HA
4|28|184|71|209|86|3S|N|8|HA
4|28|116|144|204|27|3H|E|9|S2
4|28|288|77|120|109|1H|E|9|CA
4|28|118|247|84|297|4H|E|9|D9
4|29|108|36|130|113|2S|E|8|SA
4|29|203|46|104|257|4H|S|9|CT
4|29|300|258|223|132|3C|N|9|SK
4|29|248|107|286|245|2H|S|8|S9
4|29|156|72|103|210|3N|S|9|H4
4|29|42|235|279|125|3C|N|9|SK
4|29|184|71|209|86|5C|N|8|SK
4|29|116|144|204|27|3H|S|7|S4
4|29|288|77|120|109|3C|N|9|SK
4|29|118|247|84|297|2H|S|9|CT
4|3|46|260|257|113|3N|N|9|H5
4|3|203|32|104|161|2D|S|8|C6
4|3|300|258|223|132|2S|N|9|C7
4|3|18|107|59|245|2S|N|10|S3
4|3|235|268|125|220|3C|N|8|HK
4|3|42|187|279|55|3C|N|7|C3
4|3|184|71|209|176|3S|N|8|DA
4|3|86|144|204|27|2S|N|9|C7
4|3|247|45|297|145|3C|N|7|C4
4|3|118|19|84|98|3C|N|8|HK
4|30|108|36|130|113|3N|W|8|HQ
4|30|203|46|104|257|1N|W|8|HQ
4|30|300|258|223|132|3N|W|8|HQ
4|30|248|107|286|245|2S|E|9|H2
4|30|156|72|103|210|4S|W|8|C2
4|30|42|235|279|125|4S|W|9|C6
4|30|184|71|209|86|4S|E|9|CK
4|30|116|144|204|27|3N|W|8|HQ
4|30|288|77|120|109|2S|E|8|H6
4|30|118|247|84|297|4S|W|8|C6
4|31|108|36|130|113|4D|E|8|HQ
4|31|203|46|104|257|3D|W|8|HQ
4|31|300|258|223|132|4D|E|8|H8
4|31|248|107|286|245|1N|W|4|HQ
4|31|156|72|103|210|1N|W|5|HQ
4|31|42|235|279|125|3H|N|10|D9
4|31|184|71|209|86|3H|N|10|DT
4|31|116|144|204|27|1N|W|3|HQ
4|31|288|77|120|109|1N|W|7|HQ
4|31|118|247|84|297|1N|W|4|H2
4|32|108|36|130|113|5DX|S|12|SK
4|32|203|46|104|257|4H|N|11|SA
4|32|300|258|223|132|3N|N|7|S3
4|32|248|107|286|245|5D|S|11|SK
4|32|156|72|103|210|5D|S|11|SK
4|32|42|235|279|125|3D|S|12|SK
4|32|184|71|209|86|5D|S|12|SK
4|32|116|144|204|27|4H|N|10|SA
4|32|288|77|120|109|5D|S|12|SK
4|32|118|247|84|297|4H|N|12|SA
4|4|46|260|257|113|2S|W|6|D3
4|4|203|32|104|161|3H|N|9|S3
4|4|300|258|223|132|2S|W|8|C4
4|4|18|107|59|245|2S|E|5|D6
4|4|235|268|125|220|4H|N|10|S2
4|4|42|187|279|55|2S|W|5|C4
4|4|184|71|209|176|2S|W|8|C4
4|4|86|144|204|27|3H|N|10|S4
4|4|247|45|297|145|2S|E|6|C4
4|4|118|19|84|98|2S|W|5|D6
4|5|46|260|257|113|4H|N|12|H6
4|5|203|32|104|161|4H|S|11|D8
4|5|300|258|223|132|5HX|N|12|SK
4|5|18|107|59|245|5H|S|12|S7
4|5|235|268|125|220|5H|S|11|D8
4|5|42|187|279|55|4H|N|12|S2
4|5|184|71|209|176|6H|N|12|H6
4|5|86|144|204|27|6H|N|12|H7
4|5|247|45|297|145|6H|S|11|D8
4|5|118|19|84|98|4H|S|11|D8
4|6|46|260|257|113|5CX|E|9|S8
4|6|203|32|104|161|4CX|W|8|S8
4|6|300|258|223|132|2H|S|7|DK
4|6|18|107|59|245|4D|W|8|HA
4|6|235|268|125|220|5CX|E|9|S8
4|6|42|187|279|55|5CX|E|9|S8
4|6|184|71|209|176|6CX|W|9|HA
4|6|86|144|204|27|3H|N|9|D3
4|6|247|45|297|145|5CX|E|9|S8
4|6|118|19|84|98|3HX|N|9|D3
4|7|46|260|257|113|4H|N|8|SK
4|7|203|32|104|161|3H|N|9|SA
4|7|300|258|223|132|2S|W|9|H2
4|7|18|107|59|245|4D|W|10|S6
4|7|235|268|125|220|3C|W|8|HA
4|7|42|187|279|55|3H|N|9|SA
4|7|184|71|209|176|3H|N|9|SA
4|7|86|144|204|27|3H|N|9|SA
4|7|247|45|297|145|3H|N|8|SA
4|7|118|19|84|98|3H|N|9|SA
4|8|46|260|257|113|4S|N|9|HK
4|8|203|32|104|161|5S|N|10|HK
4|8|300|258|223|132|4S|S|10|D3
4|8|18|107|59|245|4S|N|10|HK
4|8|235|268|125|220|4S|N|9|HK
4|8|42|187|279|55|4S|N|10|HK
4|8|184|71|209|176|5S|N|10|C5
4|8|86|144|204|27|4S|N|9|HK
4|8|247|45|297|145|4S|N|10|D6
4|8|118|19|84|98|4S|N|9|HK
4|9|46|260|257|113|2H|N|10|CJ
4|9|203|32|104|161|4H|N|10|S6
4|9|300|258|223|132|2H|N|9|CJ
4|9|18|107|59|245|4H|S|9|CK
4|9|235|268|125|220|4H|S|9|H2
4|9|42|187|279|55|4H|N|10|CJ
4|9|184|71|209|176|3H|S|9|CK
4|9|86|144|204|27|2H|N|10|CJ
4|9|247|45|297|145|4H|N|10|CJ
4|9|118|19|84|98|2H|N|10|HT
5|1|203|300|104|223|3C|S|9|HK
5|1|107|260|245|113|3D|E|9|SA
5|1|258|187|132|55|2D|E|9|SA
5|1|156|18|103|59|2D|E|9|SA
5|1|72|176|210|116|2D|E|9|C8
5|1|71|268|86|220|2D|E|8|SA
5|1|108|19|130|98|2S|N|6|H2
5|1|247|32|297|161|3S|N|7|D3
5|1|77|144|109|27|3D|E|10|C3
5|1|209|45|262|145|2N|E|8|C4
5|10|203|300|104|223|P||0
5|10|107|260|245|113|4H|W|8|H6
5|10|258|187|132|55|3H|W|8|H6
5|10|156|18|103|59|4H|W|8|H3
5|10|72|176|210|116|3H|W|10|SQ
5|10|71|268|86|220|3H|W|10|H6
5|10|108|19|130|98|P||0
5|10|247|32|297|161|4H|W|8|SQ
5|10|77|144|109|27|P||0
5|10|209|45|262|145|P||0
5|11|203|300|104|223|4D|S|9|CK
5|11|107|260|245|113|5DX|S|9|CK
5|11|258|187|132|55|5C|E|10|DA
5|11|156|18|103|59|4S|W|7|C9
5|11|72|176|210|116|5C|E|9|SQ
5|11|71|268|86|220|3N|W|6|S9
5|11|108|19|130|98|4H|E|9|DA
5|11|247|32|297|161|4S|W|5|DA
5|11|77|144|109|27|5C|E|10|C8
5|11|209|45|262|145|4C|E|10|C4
5|12|203|300|104|223|5DX|W|7|H5
5|12|107|260|245|113|4H|S|11|S6
5|12|258|187|132|55|3N|N|7|DJ
5|12|156|18|103|59|5DX|W|7|H5
5|12|72|176|210|116|3DX|W|7|H5
5|12|71|268|86|220|4H|S|10|S7
5|12|108|19|130|98|5DX|E|7|H5
5|12|247|32|297|161|3H|S|10|S7
5|12|77|144|109|27|3H|S|11|S7
5|12|209|45|262|145|5DX|W|7|H2
5|13|203|300|104|223|2S|E|7|C8
5|13|107|260|245|113|2S|E|7|H2
5|13|258|187|132|55|2H|N|8|D2
5|13|156|18|103|59|1N|E|7|ST
5|13|72|176|210|116|2N|E|8|H3
5|13|71|268|86|220|2S|E|7|C8
5|13|108|19|130|98|2S|W|7|C8
5|13|247|32|297|161|1N|W|6|DJ
5|13|77|144|109|27|2N|E|5|H3
5|13|209|45|262|145|4S|E|6|S3
5|14|107|260|245|113|4H|N|11|H2
5|14|258|187|132|55|4H|S|11|D3
5|14|156|18|103|59|6H|S|11|ST
5|14|72|176|210|116|6H|S|12|CA
5|14|71|268|86|220|6H|S|12|CA
5|14|108|19|130|98|5H|S|10|ST
5|14|247|32|297|161|6H|S|11|ST
5|14|77|144|109|27|3N|S|10|D3
5|14|209|45|262|145|4H|S|12|CA
5|15|203|300|104|223|2S|E|8|CA
5|15|107|260|245|113|3C|N|8|SK
5|15|258|187|132|55|3C|N|8|SK
5|15|156|18|103|59|2N|S|8|DQ
5|15|72|176|210|116|5C|S|9|DQ
5|15|71|268|86|220|3D|W|8|CQ
5|15|108|19|130|98|3C|N|8|SK
5|15|247|32|297|161|2SX|E|8|CA
5|15|77|144|109|27|2S|E|8|CA
5|15|209|45|262|145|3N|S|8|DQ
5|16|203|300|104|223|4D|N|9|S4
5|16|107|260|245|113|5CX|S|9|HA
5|16|258|187|132|55|4H|W|8|C9
5|16|156|18|103|59|4C|S|9|D4
5|16|72|176|210|116|5C|S|10|HK
5|16|71|268|86|220|5CX|S|10|HK
5|16|108|19|130|98|4H|E|9|C9
5|16|247|32|297|161|5C|S|10|HK
5|16|77|144|109|27|5CX|S|10|HK
5|16|209|45|262|145|5CX|S|10|HK
5|17|203|300|104|223|2H|S|9|D2
5|17|107|36|245|113|3H|S|9|HT
5|17|248|187|286|55|3H|S|9|D2
5|17|235|18|125|59|3H|S|9|D2
5|17|268|176|220|116|3H|S|8|D2
5|17|86|42|204|279|4H|S|10|D2
5|17|32|19|257|98|2H|S|9|D2
5|17|288|46|120|130|3H|S|9|D2
5|17|77|144|109|27|4H|S|10|D2
5|17|209|118|262|84|3N|N|8|C2
5|18|203|300|104|223|7H|E|11|H2
5|18|107|36|245|113|6H|W|11|D9
5|18|248|187|286|55|6H|W|11|DT
5|18|235|18|125|59|5H|W|11|S3
5|18|268|176|220|116|7H|E|11|HT
5|18|86|42|204|279|5H|W|12|DT
5|18|32|19|257|98|6H|E|11|S7
5|18|288|46|120|130|5H|W|12|CQ
5|18|77|144|109|27|7H|W|12|DT
5|18|209|118|262|84|6H|E|12|HT
5|19|203|300|104|223|4H|S|10|CJ
5|19|107|36|245|113|4H|N|10|CK
5|19|248|187|286|55|4H|N|11|CA
5|19|235|18|125|59|4H|N|10|CK
5|19|268|176|220|116|4H|N|10|CK
5|19|86|42|204|279|4H|N|11|CK
5|19|32|19|257|98|3N|S|7|SQ
5|19|288|46|120|130|4H|N|10|CA
5|19|77|144|109|27|4H|N|10|CA
5|19|209|118|262|84|4H|N|10|CA
5|2|203|300|104|223|4SX|N|12|H9
5|2|107|260|245|113|4S|N|11|H9
5|2|258|187|132|55|4H|S|12|CA
5|2|156|18|103|59|3D|E|8|SJ
5|2|72|176|210|116|3N|W|6|SA
5|2|71|268|86|220|4H|N|13|D3
5|2|108|19|130|98|3N|E|4|SA
5|2|247|32|297|161|4H|S|12|CA
5|2|77|144|109|27|5H|N|12|C6
5|2|209|45|262|145|4H|N|12|D3
5|20|203|300|104|223|4S|S|9|H5
5|20|107|36|245|113|4S|S|9|D4
5|20|248|187|286|55|4S|S|9|D4
5|20|235|18|125|59|4S|S|9|D4
5|20|268|176|220|116|4C|W|9|DK
5|20|86|42|204|279|5DX|N|9|HQ
5|20|32|19|257|98|3H|N|7|HQ
5|20|288|46|120|130|3S|S|9|D4
5|20|77|144|109|27|3N|S|9|H6
5|20|209|118|262|84|4S|S|9|D4
5|21|203|300|104|223|2N|E|9|HT
5|21|107|36|245|113|3N|W|10|SJ
5|21|248|187|286|55|1N|W|9|SJ
5|21|235|18|125|59|3N|E|9|H9
5|21|268|176|220|116|3N|E|10|SK
5|21|86|42|204|279|3N|E|9|D4
5|21|32|19|257|98|3N|W|10|D7
5|21|288|46|120|130|3N|W|9|SJ
5|21|77|144|109|27|3N|E|10|D3
5|21|209|118|262|84|3N|E|9|D4
5|22|203|300|104|223|3N|E|10|SQ
5|22|107|36|245|113|4H|E|11|C5
5|22|248|187|286|55|4H|E|11|SQ
5|22|235|18|125|59|4S|E|11|C3
5|22|268|176|220|116|5CX|S|6|HA
5|22|86|42|204|279|4H|W|11|C4
5|22|32|19|257|98|4H|W|11|D2
5|22|288|46|120|130|4H|E|11|C5
5|22|77|144|109|27|3N|E|10|C3
5|22|209|118|262|84|4H|E|10|SQ
5|23|203|300|104|223|4H|N|10|C5
5|23|107|36|245|113|3N|N|11|C3
5|23|248|187|286|55|6D|S|10|S3
5|23|235|18|125|59|4H|S|11|H7
5|23|268|176|220|116|4H|N|9|C3
5|23|86|42|204|279|4H|N|11|C3
5|23|32|19|257|98|4H|S|10|CJ
5|23|288|46|120|130|4SX|W|7|DT
5|23|77|144|109|27|4H|S|11|CJ
5|23|209|118|262|84|3N|N|10|C6
5|24|203|300|104|223|2DX|S|8|S2
5|24|107|36|245|113|2DX|S|7|S2
5|24|248|187|286|55|2DX|S|8|S2
5|24|235|18|125|59|5C|W|11|C3
5|24|268|176|220|116|2DX|S|9|S2
5|24|86|42|204|279|2DX|S|8|S2
5|24|32|19|257|98|2DX|S|7|S2
5|24|288|46|120|130|3C|W|10|C3
5|24|77|144|109|27|3C|W|10|DK
5|24|209|118|262|84|2DX|S|7|S2
5|25|203|300|104|223|5C|S|10|D7
5|25|107|36|245|113|4S|W|9|HJ
5|25|248|187|286|55|2H|S|9|D4
5|25|235|18|125|59|4H|N|9|C3
5|25|268|176|220|116|4H|N|10|C6
5|25|86|42|204|279|5S|E|9|CA
5|25|32|19|257|98|2H|S|9|D4
5|25|288|46|120|130|5C|S|10|SA
5|25|77|144|109|27|4S|W|9|HJ
5|25|209|118|262|84|3S|W|9|HJ
5|26|203|300|104|223|4H|S|11|DA
5|26|107|36|245|113|4H|S|11|DA
5|26|248|187|286|55|4H|S|11|DA
5|26|235|18|125|59|4H|S|11|DK
5|26|268|176|220|116|4H|S|11|DA
5|26|86|42|204|279|4H|S|11|DK
5|26|32|19|257|98|4H|S|11|DA
5|26|288|46|120|130|4H|S|11|DA
5|26|77|144|109|27|4H|S|11|DA
5|26|209|118|262|84|4H|S|11|DK
5|27|203|300|104|223|5D|S|11|H5
5|27|107|36|245|113|5D|S|11|D7
5|27|248|187|286|55|5D|S|11|H5
5|27|235|18|125|59|3D|S|11|H6
5|27|268|176|220|116|5D|S|11|S9
5|27|86|42|204|279|5D|S|10|CJ
5|27|32|19|257|98|5D|N|11|SA
5|27|288|46|120|130|5DX|S|11|CQ
5|27|77|144|109|27|2D|S|11|H6
5|27|209|118|262|84|5DX|N|11|DT
5|28|203|300|104|223|1S|E|4|H2
5|28|107|36|245|113|2H|E|8|D6
5|28|248|187|286|55|1S|E|4|H2
5|28|235|18|125|59|1S|E|5|H2
5|28|268|176|220|116|1S|E|5|H2
5|28|86|42|204|279|1S|E|5|H2
5|28|32|19|257|98|3H|E|8|D3
5|28|288|46|120|130|2H|E|8|D6
5|28|77|144|109|27|1S|E|6|H2
5|28|209|118|262|84|1S|E|5|H2
5|29|203|300|104|223|5D|E|11|H2
5|29|107|36|245|113|4N|E|11|H2
5|29|248|187|286|55|6N|W|9|DQ
5|29|235|18|125|59|4H|W|11|C6
5|29|268|176|220|116|4S|W|11|S3
5|29|86|42|204|279|6N|E|11|H2
5|29|32|19|257|98|4N|E|11|C5
5|29|288|46|120|130|3N|E|11|H2
5|29|77|144|109|27|3D|E|12|S2
5|29|209|118|262|84|3N|W|11|C6
5|3|203|300|104|223|3D|N|9|S4
5|3|107|260|245|113|3H|N|10|C8
5|3|258|187|132|55|2S|S|7|H4
5|3|156|18|103|59|1N|W|7|D6
5|3|72|176|210|116|1N|W|5|D4
5|3|71|268|86|220|3D|N|9|C6
5|3|108|19|130|98|2D|N|9|S4
5|3|247|32|297|161|3CX|W|8|S6
5|3|77|144|109|27|3D|N|9|S7
5|3|209|45|262|145|3D|N|9|S7
5|30|203|300|104|223|3D|S|9|SQ
5|30|107|36|245|113|3N|N|9|S6
5|30|248|187|286|55|3CX|E|7|DA
5|30|235|18|125|59|3D|S|9|HA
5|30|268|176|220|116|3D|S|9|SQ
5|30|86|42|204|279|3CX|E|6|DA
5|30|32|19|257|98|3CX|E|5|DA
5|30|288|46|120|130|3D|S|8|S5
5|30|77|144|109|27|3D|S|9|SQ
5|30|209|118|262|84|3S|N|10|H4
5|31|203|300|104|223|6H|S|13|C2
5|31|107|36|245|113|4H|N|13|CQ
5|31|248|187|286|55|6H|N|11|CQ
5|31|235|18|125|59|5H|N|11|DQ
5|31|268|176|220|116|4H|S|11|H3
5|31|86|42|204|279|6H|N|13|CJ
5|31|32|19|257|98|4H|N|12|CQ
5|31|288|46|120|130|4H|N|12|CQ
5|31|77|144|109|27|4H|N|12|CQ
5|31|209|118|262|84|4H|N|13|CQ
5|32|203|300|104|223|3H|E|10|SJ
5|32|107|36|245|113|4H|W|11|SK
5|32|248|187|286|55|4H|W|11|SK
5|32|235|18|125|59|4H|W|12|SK
5|32|268|176|220|116|4H|W|11|SK
5|32|86|42|204|279|3H|W|12|SK
5|32|32|19|257|98|2S|N|9|H4
5|32|288|46|120|130|4H|W|11|SK
5|32|77|144|109|27|4H|W|10|SK
5|32|209|118|262|84|4H|W|11|SK
5|4|203|300|104|223|3N|E|11|HJ
5|4|107|260|245|113|3N|E|10|D3
5|4|258|187|132|55|1S|W|9|DT
5|4|156|18|103|59|3C|E|9|HJ
5|4|72|176|210|116|1S|W|8|CJ
5|4|71|268|86|220|3N|W|10|H4
5|4|108|19|130|98|2C|E|12|DT
5|4|247|32|297|161|3C|E|12|HJ
5|4|77|144|109|27|5C|W|12|SA
5|4|209|45|262|145|2H|N|4|SJ
5|5|203|300|104|223|4H|S|11|DK
5|5|107|260|245|113|4D|W|8|H5
5|5|258|187|132|55|3D|W|7|DT
5|5|156|18|103|59|4H|N|11|H7
5|5|72|176|210|116|3H|S|10|DK
5|5|71|268|86|220|2H|S|11|DK
5|5|108|19|130|98|2S|W|3|HA
5|5|247|32|297|161|1N|E|7|S7
5|5|77|144|109|27|1N|E|7|C4
5|5|209|45|262|145|4H|N|11|H6
5|6|203|300|104|223|2H|N|8|C2
5|6|107|260|245|113|2H|N|7|C2
5|6|258|187|132|55|2H|S|8|C4
5|6|156|18|103|59|2H|N|8|C2
5|6|72|176|210|116|2H|N|7|C2
5|6|71|268|86|220|2D|E|7|H9
5|6|108|19|130|98|2H|N|9|C2
5|6|247|32|297|161|2H|N|9|C3
5|6|77|144|109|27|2H|S|9|S7
5|6|209|45|262|145|2H|S|7|C3
5|7|203|300|104|223|3N|E|10|C2
5|7|107|260|245|113|2DX|N|5|C6
5|7|258|187|132|55|3N|E|11|H8
5|7|156|18|103|59|3N|E|9|DJ
5|7|72|176|210|116|4S|W|10|CQ
5|7|71|268|86|220|4S|W|10|CQ
5|7|108|19|130|98|4S|E|10|CQ
5|7|247|32|297|161|3N|E|9|DJ
5|7|77|144|109|27|3N|W|10|H8
5|7|209|45|262|145|3N|E|10|C2
5|8|203|300|104|223|2N|N|7|H3
5|8|107|260|245|113|2H|S|8|S4
5|8|258|187|132|55|2H|N|9|D3
5|8|156|18|103|59|2H|N|8|H6
5|8|72|176|210|116|4H|S|9|S3
5|8|71|268|86|220|2S|W|8|HK
5|8|108|19|130|98|2H|N|8|H9
5|8|247|32|297|161|3S|W|9|HK
5|8|77|144|109|27|3S|W|9|HK
5|8|209|45|262|145|2S|W|9|HK
5|9|203|300|104|223|5DX|N|9|C8
5|9|107|260|245|113|5DX|N|8|C4
5|9|258|187|132|55|5H|W|12|DA
5|9|156|18|103|59|5H|W|12|C5
5|9|72|176|210|116|5HX|W|12|DA
5|9|71|268|86|220|5HXX|W|12|DA
5|9|108|19|130|98|5DX|N|10|S3
5|9|247|32|297|161|6CX|S|10|SA
5|9|77|144|109|27|3N|N|3|S3
5|9|209|45|262|145|5CX|N|10|H7
6|1|156|203|103|104|4H|E|11|CK
6|1|36|235|113|125|4H|E|10|CK
6|1|86|18|204|59|4H|E|10|CK
6|1|248|176|286|116|4H|E|10|CK
6|1|209|268|262|220|4S|E|10|H5
6|1|72|144|210|27|4H|W|9|D4
6|1|247|107|297|245|4S|E|11|CK
6|1|300|19|223|98|4H|E|11|H6
6|1|45|32|145|161|4S|E|11|CK
6|1|108|118|130|84|4H|E|11|H4
6|10|156|203|103|104|4S|E|12|C8
6|10|36|235|113|125|4S|E|11|D4
6|10|86|18|204|59|5S|E|11|C2
6|10|248|176|286|116|4S|E|11|D4
6|10|209|268|262|220|4S|E|11|D7
6|10|72|144|210|27|5DX|N|8|HA
6|10|247|107|297|245|4S|E|11|D4
6|10|300|19|223|98|4S|E|11|C9
6|10|45|32|145|161|5S|E|11|D4
6|10|108|118|130|84|5S|E|12|C2
6|11|156|203|103|104|4S|W|10|HK
6|11|36|235|113|125|4S|W|10|HK
6|11|86|18|204|59|3N|W|11|H6
6|11|248|176|286|116|6S|W|10|HK
6|11|209|268|262|220|4S|W|10|S5
6|11|72|144|210|27|4S|W|10|HK
6|11|247|107|297|245|4S|W|11|HK
6|11|300|19|223|98|4S|W|10|HK
6|11|45|32|145|161|4S|W|11|HK
6|11|108|118|130|84|3N|E|12|H6
6|12|156|203|103|104|3D|E|10|H2
6|12|36|235|113|125|3D|E|10|D2
6|12|86|18|204|59|2H|S|7|S8
6|12|248|176|286|116|2H|N|8|ST
6|12|209|268|262|220|5D|W|12|D5
6|12|72|144|210|27|3D|E|10|DT
6|12|247|107|297|245|3D|E|10|DT
6|12|300|19|223|98|2D|E|10|DT
6|12|45|32|145|161|3D|E|10|H8
6|12|108|118|130|84|3D|E|10|DT
6|13|156|203|103|104|6S|W|10|H7
6|13|36|235|113|125|6S|W|10|DT
6|13|86|18|204|59|6S|W|11|H5
6|13|248|176|286|116|6S|W|11|H5
6|13|209|268|262|220|6S|W|11|H3
6|13|72|144|210|27|5S|W|12|CT
6|13|247|107|297|245|6S|E|11|H5
6|13|300|19|223|98|6S|W|12|C5
6|13|45|32|145|161|6S|W|11|H5
6|13|108|118|130|84|6S|E|11|H5
6|14|156|203|103|104|6C|S|12|H3
6|14|36|235|113|125|6N|S|12|C8
6|14|86|18|204|59|3N|N|12|H3
6|14|248|176|286|116|2SX|E|4|S5
6|14|209|268|262|220|3N|N|12|H4
6|14|72|144|210|27|3N|S|12|DQ
6|14|247|107|297|245|3N|S|12|H2
6|14|300|19|223|98|3N|N|12|S6
6|14|45|32|145|161|3N|S|12|S4
6|14|108|118|130|84|3N|S|12|D2
6|15|156|203|103|104|3N|N|4|SK
6|15|36|235|113|125|3D|S|9|H4
6|15|86|18|204|59|5D|S|8|H4
6|15|248|176|286|116|4H|N|9|SK
6|15|209|268|262|220|4HX|N|9|SK
6|15|72|144|210|27|4SX|W|9|DJ
6|15|247|107|297|245|4HX|N|9|SK
6|15|300|19|223|98|4H|N|8|SK
6|15|45|32|145|161|5D|S|11|H4
6|15|108|118|130|84|4SX|E|8|DJ
6|16|156|203|103|104|3N|W|10|D4
6|16|36|235|113|125|3N|W|10|S5
6|16|86|18|204|59|3N|W|10|C6
6|16|248|176|286|116|3N|W|10|D6
6|16|209|268|262|220|3N|W|9|C5
6|16|72|144|210|27|3N|W|10|D2
6|16|247|107|297|245|3N|W|11|S4
6|16|300|19|223|98|3N|E|10|H6
6|16|45|32|145|161|3N|W|10|S5
6|16|108|118|130|84|3N|E|10|C2
6|17|187|203|55|104|3N|E|12|H2
6|17|36|156|113|103|5C|E|11|DA
6|17|116|18|204|59|3N|E|10|C4
6|17|248|71|286|176|5D|E|12|SA
6|17|209|42|262|279|3N|W|9|C7
6|17|72|144|210|27|5DX|E|9|D2
6|17|19|107|98|245|3D|N|9|S6
6|17|300|288|223|120|3N|S|10|C2
6|17|45|32|145|161|P||0
6|17|46|77|257|109|2S|S|8|S2
6|18|187|203|55|104|3S|E|10|HT
6|18|36|156|113|103|2S|W|9|C7
6|18|116|18|204|59|5S|N|11|HA
6|18|248|71|286|176|5HX|W|8|DA
6|18|209|42|262|279|3S|W|9|H6
6|18|72|144|210|27|2S|W|10|D3
6|18|19|107|98|245|3N|W|7|D2
6|18|300|288|223|120|5H|E|6|D6
6|18|45|32|145|161|3N|N|9|D2
6|18|46|77|257|109|2C|S|10|D7
6|19|187|203|55|104|2H|W|6|C5
6|19|36|156|113|103|2H|W|7|SA
6|19|116|18|204|59|4H|S|10|DA
6|19|248|71|286|176|4H|S|10|DA
6|19|209|42|262|279|2S|N|6|C4
6|19|72|144|210|27|1NX|S|3|S5
6|19|19|107|98|245|4S|W|10|S3
6|19|300|288|223|120|6S|W|10|CK
6|19|45|32|145|161|1N|E|6|DJ
6|19|46|77|257|109|3S|N|10|HA
6|2|156|203|103|104|3N|E|10|SQ
6|2|36|235|113|125|3N|E|10|HT
6|2|86|18|204|59|3N|E|9|HT
6|2|248|176|286|116|3N|E|10|HT
6|2|209|268|262|220|3N|E|10|SQ
6|2|72|144|210|27|3N|E|9|H4
6|2|247|107|297|245|3N|W|11|D4
6|2|300|19|223|98|3N|E|10|H4
6|2|45|32|145|161|3N|E|10|HT
6|2|108|118|130|84|3N|E|8|HT
6|20|187|203|55|104|1N|S|8|D3
6|20|36|156|113|103|2H|S|10|D3
6|20|116|18|204|59|2S|N|10|HQ
6|20|248|71|286|176|4S|N|10|C4
6|20|209|42|262|279|3N|N|9|S6
6|20|72|144|210|27|2S|W|6|HJ
6|20|19|107|98|245|4H|W|9|SQ
6|20|300|288|223|120|4H|W|10|S6
6|20|45|32|145|161|P||0
6|20|46|77|257|109|3N|E|8|S5
6|21|187|203|55|104|6S|S|12|HK
6|21|36|156|113|103|6S|S|12|HK
6|21|116|18|204|59|3H|W|9|S3
6|21|248|71|286|176|2H|E|8|D8
6|21|209|42|262|279|3C|E|9|S4
6|21|72|144|210|27|2C|E|9|H3
6|21|19|107|98|245|3SX|E|6|H5
6|21|300|288|223|120|5D|S|10|C5
6|21|45|32|145|161|3D|N|10|CA
6|21|46|77|257|109|4HX|N|9|D6
6|22|187|203|55|104|6S|E|12|H8
6|22|36|156|113|103|6S|W|11|C6
6|22|116|18|204|59|2C|S|9|H4
6|22|248|71|286|176|3C|S|8|DT
6|22|209|42|262|279|4S|S|10|H7
6|22|72|144|210|27|4S|S|10|D6
6|22|19|107|98|245|3H|N|10|DT
6|22|300|288|223|120|3H|N|10|SA
6|22|45|32|145|161|6C|S|12|SJ
6|22|46|77|257|109|6N|N|12|DQ
6|23|187|203|55|104|5CX|S|9|HA
6|23|36|156|113|103|3C|S|9|HA
6|23|116|18|204|59|2S|W|6|H4
6|23|248|71|286|176|2H|N|10|DK
6|23|209|42|262|279|3CX|N|8|D9
6|23|72|144|210|27|2C|N|7|D9
6|23|19|107|98|245|1N|N|5|CJ
6|23|300|288|223|120|2S|S|7|CA
6|23|45|32|145|161|4HX|S|8|D4
6|23|46|77|257|109|3DX|E|7|S6
6|24|187|203|55|104|6S|S|12|H3
6|24|36|156|113|103|6S|S|12|H4
6|24|116|18|204|59|4S|W|10|HA
6|24|248|71|286|176|4S|W|10|HA
6|24|209|42|262|279|4C|N|9|H5
6|24|72|144|210|27|4S|S|8|D5
6|24|19|107|98|245|7NX|E|12|C2
6|24|300|288|223|120|6S|W|12|H3
6|24|45|32|145|161|4H|W|10|H2
6|24|46|77|257|109|4H|W|10|DJ
6|25|187|203|55|104|3N|W|8|SJ
6|25|36|156|113|103|3N|E|8|S6
6|25|116|18|204|59|1N|E|7|S4
6|25|248|71|286|176|2H|E|7|CQ
6|25|209|42|262|279|3C|N|9|HA
6|25|72|144|210|27|1N|E|6|D5
6|25|19|107|98|245|2C|S|8|H3
6|25|300|288|223|120|2H|S|6|C9
6|25|45|32|145|161|4S|E|8|D9
6|25|46|77|257|109|4H|W|9|D5
6|26|187|203|55|104|4SX|N|9|CA
6|26|36|156|113|103|2H|N|9|CA
6|26|116|18|204|59|4H|N|9|CJ
6|26|248|71|286|176|6H|N|11|D7
6|26|209|42|262|279|3S|W|11|C6
6|26|72|144|210|27|4S|W|10|CQ
6|26|19|107|98|245|2D|S|10|DA
6|26|300|288|223|120|1N|N|6|H6
6|26|45|32|145|161|2N|N|9|S9
6|26|46|77|257|109|3C|N|10|HA
6|27|187|203|55|104|3N|W|9|D3
6|27|36|156|113|103|3N|W|9|CK
6|27|116|18|204|59|4S|N|12|DQ
6|27|248|71|286|176|4H|S|12|CK
6|27|209|42|262|279|4H|N|9|C6
6|27|72|144|210|27|4H|S|8|S6
6|27|19|107|98|245|3H|W|9|D3
6|27|300|288|223|120|P||0
6|27|45|32|145|161|1D|N|7|CA
6|27|46|77|257|109|2D|S|9|HQ
6|28|187|203|55|104|4SX|E|7|SA
6|28|36|156|113|103|3N|S|11|DT
6|28|116|18|204|59|6D|W|13|C5
6|28|248|71|286|176|5D|W|13|S8
6|28|209|42|262|279|3N|E|7|SQ
6|28|72|144|210|27|4S|S|10|D2
6|28|19|107|98|245|4S|W|10|H3
6|28|300|288|223|120|2C|S|10|H8
6|28|45|32|145|161|5D|N|8|SA
6|28|46|77|257|109|3N|S|8|ST
6|29|187|203|55|104|4H|N|10|DA
6|29|36|156|113|103|4H|N|11|DA
6|29|116|18|204|59|3N|E|12|DT
6|29|248|71|286|176|3N|E|12|DT
6|29|209|42|262|279|3S|S|7|HQ
6|29|72|144|210|27|4SX|S|7|CA
6|29|19|107|98|245|4H|N|9|H3
6|29|300|288|223|120|4H|N|11|DJ
6|29|45|32|145|161|1S|E|8|H2
6|29|46|77|257|109|2S|E|9|C7
6|3|156|203|103|104|5DX|S|6|SA
6|3|36|235|113|125|3DX|S|8|D7
6|3|86|18|204|59|4S|W|10|H9
6|3|248|176|286|116|6S|W|11|DA
6|3|209|268|262|220|3N|W|10|D4
6|3|72|144|210|27|6NX|E|11|DJ
6|3|247|107|297|245|4S|W|11|C6
6|3|300|19|223|98|4SX|W|11|CT
6|3|45|32|145|161|4SX|W|11|CT
6|3|108|118|130|84|3N|W|11|D4
6|30|187|203|55|104|6D|E|11|HT
6|30|36|156|113|103|3N|W|12|C4
6|30|116|18|204|59|6C|S|8|HT
6|30|248|71|286|176|3N|S|13|HT
6|30|209|42|262|279|3C|S|9|H8
6|30|72|144|210|27|1N|E|7|S4
6|30|19|107|98|245|5H|E|13|SK
6|30|300|288|223|120|6D|W|13|C5
6|30|45|32|145|161|2S|W|8|CT
6|30|46|77|257|109|3D|E|8|CA
6|31|187|203|55|104|3N|W|7|D4
6|31|36|156|113|103|4H|E|9|D5
6|31|116|18|204|59|3N|S|9|SJ
6|31|248|71|286|176|3N|N|10|D5
6|31|209|42|262|279|6D|S|12|S8
6|31|72|144|210|27|6D|S|13|H5
6|31|19|107|98|245|3N|W|9|S3
6|31|300|288|223|120|3N|E|9|ST
6|31|45|32|145|161|3H|E|9|D2
6|31|46|77|257|109|4H|W|10|D5
6|32|187|203|55|104|1NX|E|4|CK
6|32|36|156|113|103|3N|S|10|C6
6|32|116|18|204|59|2C|N|10|C6
6|32|248|71|286|176|4H|N|10|C6
6|32|209|42|262|279|5SX|N|10|CK
6|32|72|144|210|27|4S|S|10|DA
6|32|19|107|98|245|4S|W|12|HK
6|32|300|288|223|120|3N|E|10|ST
6|32|45|32|145|161|4H|E|9|C7
6|32|46|77|257|109|3D|W|8|S9
6|4|156|203|103|104|2H|N|11|D3
6|4|36|235|113|125|4H|N|11|D3
6|4|86|18|204|59|4H|S|11|D4
6|4|248|176|286|116|4H|S|11|D6
6|4|209|268|262|220|4H|S|10|C4
6|4|72|144|210|27|4H|S|10|S6
6|4|247|107|297|245|4H|S|10|C3
6|4|300|19|223|98|2H|S|10|D2
6|4|45|32|145|161|4H|N|11|S4
6|4|108|118|130|84|2H|N|12|S4
6|5|156|203|103|104|3N|E|8|S5
6|5|36|235|113|125|2H|E|10|C6
6|5|86|18|204|59|2H|W|9|S8
6|5|248|176|286|116|2H|E|9|D6
6|5|209|268|262|220|3N|E|7|S5
6|5|72|144|210|27|2H|E|9|C6
6|5|247|107|297|245|4H|W|9|D7
6|5|300|19|223|98|3H|E|10|C5
6|5|45|32|145|161|3H|E|11|C6
6|5|108|118|130|84|1N|E|7|C4
6|6|156|203|103|104|2S|E|10|CT
6|6|36|235|113|125|4S|E|9|D3
6|6|86|18|204|59|2S|E|9|D3
6|6|248|176|286|116|2S|W|9|C7
6|6|209|268|262|220|4S|E|10|S3
6|6|72|144|210|27|4S|E|10|D3
6|6|247|107|297|245|4S|E|10|D3
6|6|300|19|223|98|4S|E|10|CT
6|6|45|32|145|161|2S|W|10|C7
6|6|108|118|130|84|2S|E|10|D3
6|7|156|203|103|104|3N|N|10|SQ
6|7|36|235|113|125|3D|S|10|S7
6|7|86|18|204|59|2S|E|9|D2
6|7|248|176|286|116|3D|S|10|HQ
6|7|209|268|262|220|2H|W|8|C8
6|7|72|144|210|27|3N|N|11|SQ
6|7|247|107|297|245|3N|N|9|SQ
6|7|300|19|223|98|3N|N|10|H9
6|7|45|32|145|161|3N|N|10|SQ
6|7|108|118|130|84|2H|E|8|C2
6|8|156|203|103|104|3N|W|8|S5
6|8|36|235|113|125|2N|W|9|H5
6|8|86|18|204|59|3N|W|8|S5
6|8|248|176|286|116|3N|W|8|S3
6|8|209|268|262|220|3N|W|8|S5
6|8|72|144|210|27|1N|E|6|S3
6|8|247|107|297|245|5D|W|10|S3
6|8|300|19|223|98|3N|W|9|H5
6|8|45|32|145|161|4D|W|10|S3
6|8|108|118|130|84|3N|E|8|S5
6|9|156|203|103|104|P||0
6|9|36|235|113|125|2D|E|7|D7
6|9|86|18|204|59|P||0
6|9|248|176|286|116|2D|E|7|D7
6|9|209|268|262|220|P||0
6|9|72|144|210|27|2D|E|7|SJ
6|9|247|107|297|245|3D|E|6|SJ
6|9|300|19|223|98|3CX|N|7|SQ
6|9|45|32|145|161|P||0
6|9|108|118|130|84|2D|E|5|SJ
7|1|203|176|104|38|4S|N|10|S3
7|1|86|260|204|113|4S|N|10|H6
7|1|18|268|59|220|4S|N|10|H2
7|1|72|248|210|286|4S|N|10|S3
7|1|235|247|125|297|4S|N|10|S2
7|1|19|187|98|55|4S|N|10|H6
7|1|300|118|223|84|4S|N|10|H2
7|1|77|107|109|245|4S|N|10|S2
7|1|46|144|257|27|4S|N|10|H6
7|1|184|32|209|161|4S|N|9|S2
7|10|203|176|104|38|5S|E|11|H6
7|10|86|260|204|113|4S|E|10|DA
7|10|18|268|59|220|4S|W|9|DA
7|10|72|248|210|286|5S|E|10|H6
7|10|235|247|125|297|5S|E|10|DA
7|10|19|187|98|55|5S|E|9|H6
7|10|300|118|223|84|5S|E|11|H6
7|10|77|107|109|245|5DX|S|11|S2
7|10|46|144|257|27|5S|E|9|DA
7|10|184|32|209|161|5DX|S|11|S4
7|11|203|176|104|38|2H|W|9|SJ
7|11|86|260|204|113|3S|S|8|HK
7|11|18|268|59|220|3H|W|9|SJ
7|11|72|248|210|286|4H|W|8|DA
7|11|235|247|125|297|3S|S|8|HK
7|11|19|187|98|55|2S|N|7|H6
7|11|300|118|223|84|4H|W|9|SJ
7|11|77|107|109|245|3H|W|8|C2
7|11|46|144|257|27|3H|W|8|C2
7|11|184|32|209|161|3S|N|8|H9
7|12|203|176|104|38|2H|E|10|C7
7|12|86|260|204|113|2D|W|8|S5
7|12|18|268|59|220|2N|W|8|S5
7|12|72|248|210|286|4H|E|9|C7
7|12|235|247|125|297|2H|E|10|CK
7|12|19|187|98|55|2D|W|6|S2
7|12|300|118|223|84|2H|E|9|C7
7|12|77|107|109|245|1N|S|6|C3
7|12|46|144|257|27|1N|W|8|D6
7|12|184|32|209|161|2D|W|6|D8
7|13|203|176|104|38|4S|E|9|DK
7|13|86|260|204|113|3N|W|9|H4
7|13|18|268|59|220|3N|E|7|DK
7|13|72|248|210|286|4S|W|9|H2
7|13|235|247|125|297|3N|E|8|DK
7|13|19|187|98|55|3N|E|8|DK
7|13|300|118|223|84|3N|W|7|DK
7|13|77|107|109|245|3N|E|8|DK
7|13|46|144|257|27|3N|E|8|DK
7|13|184|32|209|161|4S|W|9|D4
7|14|203|176|104|38|5C|N|12|D6
7|14|86|260|204|113|6S|N|13|CQ
7|14|18|268|59|220|5S|S|13|D6
7|14|72|248|210|286|6S|S|13|DA
7|14|235|247|125|297|6S|N|13|D6
7|14|19|187|98|55|7S|N|13|D2
7|14|300|118|223|84|6C|S|12|DA
7|14|77|107|109|245|6C|S|12|DA
7|14|46|144|257|27|6S|N|13|D2
7|14|184|32|209|161|4S|N|13|CQ
7|15|203|176|104|38|3S|W|7|C4
7|15|86|260|204|113|1S|W|8|HJ
7|15|18|268|59|220|4S|W|8|C4
7|15|72|248|210|286|1S|W|9|S2
7|15|235|247|125|297|2D|E|9|C2
7|15|19|187|98|55|2S|W|10|C2
7|15|300|118|223|84|3D|W|7|C2
7|15|77|107|109|245|3C|S|9|S4
7|15|46|144|257|27|1N|N|6|ST
7|15|184|32|209|161|3C|S|9|S5
7|16|203|176|104|38|3N|S|7|DK
7|16|86|260|204|113|4S|N|11|HT
7|16|18|268|59|220|4S|N|10|D5
7|16|72|248|210|286|4S|N|10|H9
7|16|235|247|125|297|4S|N|10|D5
7|16|19|187|98|55|3N|S|7|DK
7|16|300|118|223|84|4S|S|8|DK
7|16|77|107|109|245|4S|N|11|HT
7|16|46|144|257|27|4S|N|10|D8
7|16|184|32|209|161|4S|N|10|HT
7|17|36|176|141|38|2S|N|11|H6
7|17|71|260|86|113|2D|E|8|S7
7|17|18|268|59|220|2D|E|8|DK
7|17|42|248|279|286|2S|N|11|D9
7|17|235|247|125|297|3D|W|7|C4
7|17|288|156|9|103|3S|N|11|D6
7|17|107|118|245|84|4S|S|11|DQ
7|17|77|300|109|223|3D|W|7|S7
7|17|46|144|257|27|1N|E|6|CQ
7|17|209|108|262|130|2D|W|7|S6
7|18|36|176|141|38|P||0
7|18|71|260|86|113|P||0
7|18|18|268|59|220|P||0
7|18|42|248|279|286|P||0
7|18|235|247|125|297|2D|W|9|H2
7|18|288|156|9|103|P||0
7|18|107|118|245|84|P||0
7|18|77|300|109|223|2S|E|9|H4
7|18|46|144|257|27|P||0
7|18|209|108|262|130|P||0
7|19|36|176|141|38|5S|W|12|C2
7|19|71|260|86|113|6S|W|13|C2
7|19|18|268|59|220|5S|E|13|DT
7|19|42|248|279|286|6S|E|13|DT
7|19|235|247|125|297|6S|E|12|C7
7|19|288|156|9|103|6HX|S|9|SQ
7|19|107|118|245|84|5S|W|13|HA
7|19|77|300|109|223|5S|W|12|HA
7|19|46|144|257|27|5HX|N|9|SA
7|19|209|108|262|130|5S|W|12|HA
7|2|203|176|104|38|3N|W|8|H3
7|2|86|260|204|113|3N|W|8|H3
7|2|18|268|59|220|1N|W|8|H2
7|2|72|248|210|286|3N|W|8|H2
7|2|235|247|125|297|2S|E|9|DQ
7|2|19|187|98|55|1N|W|8|H3
7|2|300|118|223|84|2S|E|7|DQ
7|2|77|107|109|245|2S|W|8|H2
7|2|46|144|257|27|2S|W|9|H2
7|2|184|32|209|161|1N|W|8|H6
7|20|36|176|141|38|6S|N|13|D6
7|20|71|260|86|113|6S|N|13|D6
7|20|18|268|59|220|6S|N|13|C4
7|20|42|248|279|286|6S|N|13|D6
7|20|235|247|125|297|6S|N|13|H2
7|20|288|156|9|103|6S|N|13|C5
7|20|107|118|245|84|7S|N|13|C4
7|20|77|300|109|223|6S|N|13|H8
7|20|46|144|257|27|4S|N|13|D6
7|20|209|108|262|130|6S|N|13|H4
7|21|36|176|141|38|3C|S|9|SK
7|21|71|260|86|113|6D|W|11|HA
7|21|18|268|59|220|3S|E|7|CQ
7|21|42|248|279|286|5D|W|11|HA
7|21|235|247|125|297|5D|W|11|CK
7|21|288|156|9|103|5D|W|11|HA
7|21|107|118|245|84|5D|W|11|HA
7|21|77|300|109|223|3N|W|10|CK
7|21|46|144|257|27|5D|W|11|CK
7|21|209|108|262|130|2N|W|8|H3
7|22|36|176|141|38|3N|W|8|D2
7|22|71|260|86|113|3N|W|12|H3
7|22|18|268|59|220|3N|E|10|D9
7|22|42|248|279|286|3N|W|12|H3
7|22|235|247|125|297|3N|W|10|SK
7|22|288|156|9|103|3N|W|10|D5
7|22|107|118|245|84|3N|W|11|C5
7|22|77|300|109|223|3N|W|9|D2
7|22|46|144|257|27|3N|E|10|H4
7|22|209|108|262|130|3N|W|11|D5
7|23|36|176|141|38|4H|W|9|DQ
7|23|71|260|86|113|4H|E|10|C5
7|23|18|268|59|220|4H|E|9|DA
7|23|42|248|279|286|4H|E|9|C5
7|23|235|247|125|297|2N|W|8|DQ
7|23|288|156|9|103|4H|E|9|DA
7|23|107|118|245|84|4HX|E|8|DA
7|23|77|300|109|223|4H|E|8|C4
7|23|46|144|257|27|2N|E|10|D6
7|23|209|108|262|130|4H|E|9|C9
7|24|36|176|141|38|3N|N|8|HJ
7|24|71|260|86|113|1N|N|9|S8
7|24|18|268|59|220|3N|N|10|HJ
7|24|42|248|279|286|2N|S|7|S4
7|24|235|247|125|297|3N|N|8|HJ
7|24|288|156|9|103|3D|S|10|S9
7|24|107|118|245|84|3N|N|9|S9
7|24|77|300|109|223|3N|N|7|S9
7|24|46|144|257|27|3N|N|8|HT
7|24|209|108|262|130|3N|N|7|S9
7|25|36|176|141|38|4H|E|9|D4
7|25|71|260|86|113|3N|W|11|ST
7|25|18|268|59|220|4SX|S|8|H5
7|25|42|248|279|286|4SX|S|9|C9
7|25|235|247|125|297|4SX|S|8|C9
7|25|288|156|9|103|4SX|S|9|C8
7|25|107|118|245|84|5C|E|9|HJ
7|25|77|300|109|223|4N|E|11|SJ
7|25|46|144|257|27|4SX|S|7|C8
7|25|209|108|262|130|6C|E|11|D2
7|26|36|176|141|38|4S|N|10|C2
7|26|71|260|86|113|4S|N|11|DQ
7|26|18|268|59|220|4S|N|11|C2
7|26|42|248|279|286|4S|N|10|DQ
7|26|235|247|125|297|3CX|E|7|DT
7|26|288|156|9|103|4S|S|12|CJ
7|26|107|118|245|84|4S|S|11|CJ
7|26|77|300|109|223|2DX|W|4|C5
7|26|46|144|257|27|2C|W|6|DT
7|26|209|108|262|130|4S|N|12|DQ
7|27|36|176|141|38|4S|W|8|HA
7|27|71|260|86|113|4S|W|10|CT
7|27|18|268|59|220|4S|W|10|DJ
7|27|42|248|279|286|4N|E|8|CJ
7|27|235|247|125|297|3S|W|9|HA
7|27|288|156|9|103|3S|W|9|HA
7|27|107|118|245|84|3N|E|9|H3
7|27|77|300|109|223|4S|W|10|C7
7|27|46|144|257|27|4S|W|10|DJ
7|27|209|108|262|130|4S|W|10|HA
7|28|36|176|141|38|4S|W|10|D2
7|28|71|260|86|113|4S|W|12|D6
7|28|18|268|59|220|3S|W|9|D2
7|28|42|248|279|286|4S|W|10|C2
7|28|235|247|125|297|4S|W|9|C6
7|28|288|156|9|103|4S|W|10|D2
7|28|107|118|245|84|4S|W|9|D6
7|28|77|300|109|223|4S|W|11|C2
7|28|46|144|257|27|4S|W|11|C2
7|28|209|108|262|130|4S|W|9|D6
7|29|36|176|141|38|3N|E|7|H7
7|29|71|260|86|113|4S|W|11|HT
7|29|18|268|59|220|4S|W|10|S4
7|29|42|248|279|286|3D|W|9|H4
7|29|235|247|125|297|5DX|W|10|H5
7|29|288|156|9|103|5C|E|9|HA
7|29|107|118|245|84|4S|W|10|HT
7|29|77|300|109|223|4S|W|10|HT
7|29|46|144|257|27|5D|W|9|HT
7|29|209|108|262|130|4SX|W|9|DA
7|3|203|176|104|38|4H|S|9|CA
7|3|86|260|204|113|5D|N|9|H6
7|3|18|268|59|220|4H|N|9|CK
7|3|72|248|210|286|6D|N|11|CK
7|3|235|247|125|297|3N|N|9|C2
7|3|19|187|98|55|3N|S|9|H6
7|3|300|118|223|84|4H|S|9|CA
7|3|77|107|109|245|5D|S|10|D4
7|3|46|144|257|27|4H|N|10|CK
7|3|184|32|209|161|4H|S|9|CA
7|30|36|176|141|38|3S|W|7|C3
7|30|71|260|86|113|2HX|E|5|DK
7|30|18|268|59|220|4S|W|7|DJ
7|30|42|248|279|286|2N|N|7|S3
7|30|235|247|125|297|2H|E|6|C4
7|30|288|156|9|103|3SX|W|6|DJ
7|30|107|118|245|84|2CX|W|6|DJ
7|30|77|300|109|223|2S|E|6|DA
7|30|46|144|257|27|2N|N|6|HT
7|30|209|108|262|130|3N|N|6|S3
7|31|36|176|141|38|6N|E|11|H3
7|31|71|260|86|113|3N|E|11|S6
7|31|18|268|59|220|4D|E|11|SJ
7|31|42|248|279|286|3N|E|11|S3
7|31|235|247|125|297|3N|W|10|C5
7|31|288|156|9|103|3N|E|11|S6
7|31|107|118|245|84|3N|E|11|S6
7|31|77|300|109|223|3N|E|11|S3
7|31|46|144|257|27|3N|E|11|S6
7|31|209|108|262|130|3N|E|11|S6
7|32|36|176|141|38|3N|S|9|H5
7|32|71|260|86|113|2S|E|6|CA
7|32|18|268|59|220|3N|S|5|D9
7|32|42|248|279|286|3N|S|5|D9
7|32|235|247|125|297|3N|S|6|CQ
7|32|288|156|9|103|2N|S|9|S8
7|32|107|118|245|84|4S|N|7|H6
7|32|77|300|109|223|3D|N|7|H2
7|32|46|144|257|27|3N|S|6|D9
7|32|209|108|262|130|3N|S|9|H7
7|4|203|176|104|38|3N|S|12|H3
7|4|86|260|204|113|3N|S|10|H3
7|4|18|268|59|220|2S|W|8|DA
7|4|72|248|210|286|4DX|W|9|SK
7|4|235|247|125|297|3H|N|9|C9
7|4|19|187|98|55|3N|N|11|D8
7|4|300|118|223|84|3C|S|10|D9
7|4|77|107|109|245|3N|N|9|D6
7|4|46|144|257|27|2S|W|6|CK
7|4|184|32|209|161|4H|N|6|C9
7|5|203|176|104|38|3H|W|7|C5
7|5|86|260|204|113|3N|N|6|S6
7|5|18|268|59|220|2S|W|6|C5
7|5|72|248|210|286|2N|W|6|C5
7|5|235|247|125|297|2S|E|6|C5
7|5|19|187|98|55|2C|E|5|D3
7|5|300|118|223|84|2S|W|6|C2
7|5|77|107|109|245|2S|E|7|H7
7|5|46|144|257|27|2H|W|8|C5
7|5|184|32|209|161|2S|E|6|D8
7|6|203|176|104|38|5CX|E|9|HA
7|6|86|260|204|113|5C|E|9|HA
7|6|18|268|59|220|3N|W|8|D5
7|6|72|248|210|286|4S|E|6|D4
7|6|235|247|125|297|4C|E|9|HA
7|6|19|187|98|55|3C|E|9|ST
7|6|300|118|223|84|3N|W|10|D4
7|6|77|107|109|245|3C|E|10|H7
7|6|46|144|257|27|3N|W|6|S4
7|6|184|32|209|161|3C|E|9|D4
7|7|203|176|104|38|4S|W|10|DQ
7|7|86|260|204|113|4S|E|10|C3
7|7|18|268|59|220|4S|W|10|DQ
7|7|72|248|210|286|4S|E|10|DA
7|7|235|247|125|297|4S|E|10|H3
7|7|19|187|98|55|4S|E|11|H3
7|7|300|118|223|84|2S|E|10|H4
7|7|77|107|109|245|4S|E|10|H4
7|7|46|144|257|27|4S|E|10|H4
7|7|184|32|209|161|4S|E|10|CJ
7|8|203|176|104|38|1HX|E|4|S6
7|8|86|260|204|113|3N|S|8|D7
7|8|18|268|59|220|3N|S|10|D5
7|8|72|248|210|286|3N|N|11|SK
7|8|235|247|125|297|4C|N|10|DA
7|8|19|187|98|55|1H|E|3|CA
7|8|300|118|223|84|3N|S|12|D5
7|8|77|107|109|245|3N|S|9|C9
7|8|46|144|257|27|2HX|E|3|CA
7|8|184|32|209|161|3N|N|9|H4
7|9|203|176|104|38|2S|N|8|DA
7|9|86|260|204|113|1N|S|7|DT
7|9|18|268|59|220|1N|S|7|DT
7|9|72|248|210|286|1N|S|7|DT
7|9|235|247|125|297|1N|N|9|DA
7|9|19|187|98|55|2S|N|9|S2
7|9|300|118|223|84|3H|S|8|D7
7|9|77|107|109|245|2N|S|7|D2
7|9|46|144|257|27|2N|S|7|DT
7|9|184|32|209|161|1N|S|7|DT
8|1|42|260|279|113|2D|N|8|CQ
8|1|203|72|104|210|2N|N|8|CQ
8|1|184|18|209|59|1D|N|8|CQ
8|1|248|144|286|27|3D|N|8|CQ
8|1|247|116|297|204|3D|N|8|CQ
8|1|71|19|86|98|3C|N|8|S2
8|1|77|187|109|55|4H|S|11|C9
8|1|235|118|125|84|4H|S|11|CT
8|1|108|107|130|245|4H|S|10|SA
8|1|300|32|223|161|3N|S|9|S3
8|10|42|260|279|113|5SX|E|11|DK
8|10|203|72|104|210|5SX|E|9|C8
8|10|184|18|209|59|5SX|E|10|DK
8|10|248|144|286|27|5CX|N|12|HA
8|10|247|116|297|204|4SX|W|8|HQ
8|10|71|19|86|98|5S|E|10|DK
8|10|77|187|109|55|5CX|S|11|SQ
8|10|235|118|125|84|4H|N|8|SK
8|10|108|107|130|245|2S|S|4|CJ
8|10|300|32|223|161|5S|E|11|DK
8|11|42|260|279|113|3N|N|9|S4
8|11|203|72|104|210|3N|N|9|S2
8|11|184|18|209|59|4H|S|7|SJ
8|11|248|144|286|27|4H|S|7|SJ
8|11|247|116|297|204|3N|N|11|S4
8|11|71|19|86|98|4H|S|7|SJ
8|11|77|187|109|55|3N|N|10|S4
8|11|235|118|125|84|4H|S|6|SJ
8|11|108|107|130|245|5D|N|10|D8
8|11|300|32|223|161|3N|N|12|S2
8|12|42|260|279|113|4H|N|11|H2
8|12|203|72|104|210|4H|N|12|C6
8|12|184|18|209|59|4H|S|11|C5
8|12|248|144|286|27|4H|N|12|C3
8|12|247|116|297|204|4H|S|12|C5
8|12|71|19|86|98|4H|N|11|H2
8|12|77|187|109|55|2S|N|9|C3
8|12|235|118|125|84|1NX|W|5|S4
8|12|108|107|130|245|3N|N|9|C3
8|12|300|32|223|161|2H|N|11|C6
8|13|42|260|279|113|4S|S|9|C9
8|13|203|72|104|210|4S|N|10|DQ
8|13|184|18|209|59|2H|N|10|DQ
8|13|248|144|286|27|4S|S|9|C7
8|13|247|116|297|204|4H|N|10|DQ
8|13|71|19|86|98|4H|N|9|DQ
8|13|77|187|109|55|4S|S|9|C7
8|13|235|118|125|84|2H|N|8|S3
8|13|108|107|130|245|4S|S|10|ST
8|13|300|32|223|161|2H|N|9|D6
8|14|42|260|279|113|2N|N|7|CK
8|14|203|72|104|210|3C|E|7|C8
8|14|184|18|209|59|2C|E|8|C8
8|14|248|144|286|27|2S|N|7|CA
8|14|247|116|297|204|2S|N|8|CA
8|14|71|19|86|98|3C|W|8|C5
8|14|77|187|109|55|2C|E|9|S2
8|14|235|118|125|84|2C|E|8|C8
8|14|108|107|130|245|3C|E|8|C7
8|14|300|32|223|161|2C|E|8|C7
8|15|42|260|279|113|4H|E|10|DA
8|15|203|72|104|210|4H|E|11|S5
8|15|184|18|209|59|4H|E|11|DA
8|15|248|144|286|27|3N|E|10|HJ
8|15|247|116|297|204|6H|E|11|S4
8|15|71|19|86|98|4H|W|11|D2
8|15|77|187|109|55|4H|W|11|H2
8|15|235|118|125|84|3H|E|11|DA
8|15|108|107|130|245|4H|W|12|H6
8|15|300|32|223|161|4H|E|11|S4
8|16|42|260|279|113|3N|W|9|SQ
8|16|203|72|104|210|4S|E|9|HA
8|16|184|18|209|59|3N|E|9|H4
8|16|248|144|286|27|4S|W|9|D6
8|16|247|116|297|204|3N|W|7|SQ
8|16|71|19|86|98|3N|W|9|S6
8|16|77|187|109|55|3N|W|9|S7
8|16|235|118|125|84|4S|W|9|C8
8|16|108|107|130|245|4S|W|9|C6
8|17|268|36|220|141|3D|N|8|H4
8|17|203|72|104|210|3H|W|8|H5
8|17|209|248|262|286|3HX|E|6|H5
8|17|18|144|59|27|3H|W|7|H5
8|17|288|116|9|204|2S|W|8|H5
8|17|71|19|176|98|3S|W|7|H5
8|17|77|187|109|55|3H|W|9|D2
8|17|156|118|103|84|3H|E|6|C7
8|17|46|107|257|245|4H|W|7|H5
8|17|300|130|223|161|3D|N|9|H8
8|18|268|36|220|141|5S|S|9|C7
8|18|203|72|104|210|5H|W|11|SA
8|18|209|248|262|286|3S|S|9|C7
8|18|18|144|59|27|5HX|W|11|SA
8|18|288|116|9|204|5S|S|9|C7
8|18|71|19|176|98|5H|W|11|SA
8|18|77|187|109|55|4S|S|9|C5
8|18|156|118|103|84|5HX|W|11|SA
8|18|46|107|257|245|6HX|W|11|DA
8|18|300|130|223|161|3C|E|8|SK
8|19|268|36|220|141|4H|S|10|D9
8|19|203|72|104|210|3N|N|10|H5
8|19|209|248|262|286|3N|N|10|CK
8|19|18|144|59|27|3N|N|9|S2
8|19|288|116|9|204|5D|N|10|CK
8|19|71|19|176|98|3N|N|10|CK
8|19|77|187|109|55|3N|N|9|S2
8|19|156|118|103|84|3N|N|8|S7
8|19|46|107|257|245|3N|N|11|S2
8|19|300|130|223|161|3N|N|9|S2
8|2|42|260|279|113|4H|N|10|D2
8|2|203|72|104|210|4H|N|10|S3
8|2|184|18|209|59|4H|N|10|H2
8|2|248|144|286|27|4H|N|10|S4
8|2|247|116|297|204|4H|N|11|S4
8|2|71|19|86|98|4H|N|10|H2
8|2|77|187|109|55|4H|N|10|S4
8|2|235|118|125|84|4H|N|10|S3
8|2|108|107|130|245|4H|N|10|S2
8|2|300|32|223|161|2H|N|10|D4
8|20|268|36|220|141|2C|W|7|D2
8|20|203|72|104|210|2S|N|6|C4
8|20|209|248|262|286|2CX|W|6|S8
8|20|18|144|59|27|3C|W|8|S6
8|20|288|116|9|204|3C|W|7|HJ
8|20|71|19|176|98|2C|W|7|D2
8|20|77|187|109|55|2N|W|7|HJ
8|20|156|118|103|84|2CX|W|7|D2
8|20|46|107|257|245|3DX|E|8|SK
8|20|300|130|223|161|2C|W|8|S8
8|21|268|36|220|141|3N|S|8|HQ
8|21|203|72|104|210|3S|E|9|SA
8|21|209|248|262|286|3C|N|6|D9
8|21|18|144|59|27|2H|W|6|D2
8|21|288|116|9|204|3H|W|6|CJ
8|21|71|19|176|98|3D|S|8|C6
8|21|77|187|109|55|3D|S|7|C8
8|21|156|118|103|84|4SX|E|9|DK
8|21|46|107|257|245|2S|E|9|DA
8|21|300|130|223|161|3D|S|9|S6
8|22|268|36|220|141|6S|W|11|HK
8|22|203|72|104|210|3N|E|11|H5
8|22|209|248|262|286|6S|E|11|H4
8|22|18|144|59|27|4S|W|9|HK
8|22|288|116|9|204|3N|W|11|HK
8|22|71|19|176|98|4S|E|12|H4
8|22|77|187|109|55|4S|E|11|H5
8|22|156|118|103|84|3N|W|11|HK
8|22|46|107|257|245|6S|E|11|CQ
8|22|300|130|223|161|4S|E|11|H4
8|23|268|36|220|141|3D|W|9|C7
8|23|203|72|104|210|1N|E|7|HT
8|23|209|248|262|286|1N|E|8|S3
8|23|18|144|59|27|2C|E|9|HT
8|23|288|116|9|204|2N|W|8|S6
8|23|71|19|176|98|2D|W|9|H5
8|23|77|187|109|55|2N|E|7|H6
8|23|156|118|103|84|1N|W|7|S7
8|23|46|107|257|245|1N|W|9|C6
8|23|300|130|223|161|1N|W|8|D8
8|24|268|36|220|141|7S|W|13|HJ
8|24|203|72|104|210|6S|W|13|HJ
8|24|209|248|262|286|6N|E|13|C4
8|24|18|144|59|27|4S|W|13|HJ
8|24|288|116|9|204|6N|E|13|HK
8|24|71|19|176|98|6S|W|13|H4
8|24|77|187|109|55|6N|E|13|HK
8|24|156|118|103|84|7S|W|13|HJ
8|24|46|107|257|245|6S|W|13|HJ
8|24|300|130|223|161|6D|E|13|HK
8|25|268|36|220|141|3N|S|11|H3
8|25|203|72|104|210|3N|N|12|S4
8|25|209|248|262|286|5C|N|13|H3
8|25|18|144|59|27|3N|S|9|S3
8|25|288|116|9|204|5D|S|11|D4
8|25|71|19|176|98|2S|S|5|H2
8|25|77|187|109|55|3N|N|9|H4
8|25|156|118|103|84|6C|N|11|S2
8|25|46|107|257|245|3N|S|11|H2
8|25|300|130|223|161|3N|S|13|S3
8|26|268|36|220|141|4S|W|9|HQ
8|26|203|72|104|210|4S|W|10|HQ
8|26|209|248|262|286|4S|E|10|HQ
8|26|18|144|59|27|4S|W|10|HQ
8|26|288|116|9|204|4S|W|9|HQ
8|26|71|19|176|98|4S|W|10|HQ
8|26|77|187|109|55|4S|W|10|HQ
8|26|156|118|103|84|4S|W|10|HQ
8|26|46|107|257|245|3S|W|9|HQ
8|26|300|130|223|161|2S|W|10|HQ
8|27|268|36|220|141|3C|N|8|SK
8|27|203|72|104|210|2D|S|8|CK
8|27|209|248|262|286|2CX|S|8|CK
8|27|18|144|59|27|3C|N|7|SK
8|27|288|116|9|204|2N|W|9|C6
8|27|71|19|176|98|2S|S|7|CK
8|27|77|187|109|55|2H|S|9|CK
8|27|156|118|103|84|2C|S|8|CK
8|27|46|107|257|245|2H|S|8|CK
8|27|300|130|223|161|2H|S|7|HJ
8|28|268|36|220|141|3N|S|9|ST
8|28|203|72|104|210|4SX|W|7|HQ
8|28|209|248|262|286|3N|S|9|CQ
8|28|18|144|59|27|3N|S|10|CQ
8|28|288|116|9|204|3N|S|9|CQ
8|28|71|19|176|98|3N|S|10|ST
8|28|77|187|109|55|3N|S|10|H5
8|28|156|118|103|84|3N|S|9|S7
8|28|46|107|257|245|3N|S|10|S3
8|28|300|130|223|161|3N|S|10|CQ
8|29|268|36|220|141|2DX|S|8|DA
8|29|203|72|104|210|1N|N|6|H5
8|29|209|248|262|286|1N|N|5|H5
8|29|18|144|59|27|3H|E|8|DT
8|29|288|116|9|204|2D|N|8|C5
8|29|71|19|176|98|1N|N|5|H2
8|29|77|187|109|55|1N|N|4|H4
8|29|156|118|103|84|1N|W|7|C2
8|29|46|107|257|245|1N|W|7|C2
8|29|300|130|223|161|2D|N|8|DQ
8|3|42|260|279|113|2S|N|6|DT
8|3|203|72|104|210|2SX|N|7|DT
8|3|184|18|209|59|3SX|N|7|DT
8|3|248|144|286|27|2S|N|6|DT
8|3|247|116|297|204|2S|N|6|DT
8|3|71|19|86|98|2H|W|9|SK
8|3|77|187|109|55|3C|N|6|C3
8|3|235|118|125|84|2S|N|6|DT
8|3|108|107|130|245|3D|W|7|SK
8|3|300|32|223|161|2S|S|5|DA
8|30|268|36|220|141|3N|W|11|C7
8|30|203|72|104|210|3N|W|10|C2
8|30|209|248|262|286|3N|E|10|HK
8|30|18|144|59|27|3N|W|12|C7
8|30|288|116|9|204|3N|W|12|C2
8|30|71|19|176|98|5N|W|11|H5
8|30|77|187|109|55|3N|W|11|C7
8|30|156|118|103|84|3N|E|11|HQ
8|30|46|107|257|245|3N|E|10|C3
8|30|300|130|223|161|6D|E|11|HK
8|31|268|36|220|141|3D|W|11|C7
8|31|203|72|104|210|5D|W|11|C7
8|31|209|248|262|286|5D|W|11|CK
8|31|18|144|59|27|3N|E|7|C5
8|31|288|116|9|204|3N|E|7|C6
8|31|71|19|176|98|3N|E|7|C6
8|31|77|187|109|55|6D|W|11|CK
8|31|156|118|103|84|6D|W|11|DJ
8|31|46|107|257|245|5D|W|11|C7
8|31|300|130|223|161|3N|E|7|C6
8|32|268|36|220|141|4H|N|12|H3
8|32|203|72|104|210|4H|N|12|DA
8|32|209|248|262|286|4H|S|12|H2
8|32|18|144|59|27|6H|S|12|SA
8|32|288|116|9|204|4H|S|12|SA
8|32|71|19|176|98|4H|S|12|SA
8|32|77|187|109|55|5H|S|12|SK
8|32|156|118|103|84|4H|S|12|SK
8|32|46|107|257|245|4H|N|12|DA
8|32|300|130|223|161|4H|N|12|DA
8|4|42|260|279|113|3S|S|8|H2
8|4|203|72|104|210|3C|E|6|SA
8|4|248|144|286|27|1NX|E|4|S3
8|4|247|116|297|204|2S|S|9|D2
8|4|71|19|86|98|2S|S|9|H2
8|4|77|187|109|55|1NX|N|8|C4
8|4|235|118|125|84|1NX|E|6|S2
8|4|108|107|130|245|2D|S|7|H2
8|4|300|32|223|161|2S|N|9|DA
8|5|42|260|279|113|6CX|W|10|D4
8|5|203|72|104|210|6CX|W|10|D4
8|5|184|18|209|59|5S|S|11|H6
8|5|248|144|286|27|5CX|W|10|S8
8|5|247|116|297|204|5SX|N|11|C4
8|5|71|19|86|98|5SX|S|11|CK
8|5|77|187|109|55|5DX|S|11|CK
8|5|235|118|125|84|5CX|W|10|D8
8|5|108|107|130|245|6CX|W|11|D4
8|5|300|32|223|161|5CX|W|10|D8
8|6|42|260|279|113|3S|S|7|DA
8|6|203|72|104|210|4C|E|10|S2
8|6|184|18|209|59|5SX|S|7|DK
8|6|248|144|286|27|3C|E|10|S2
8|6|247|116|297|204|5S|S|7|DA
8|6|71|19|86|98|3S|S|8|DA
8|6|77|187|109|55|3S|N|7|D7
8|6|235|118|125|84|5C|E|10|SQ
8|6|108|107|130|245|5C|E|10|S2
8|6|300|32|223|161|3C|E|11|S2
8|7|42|260|279|113|4S|N|11|C5
8|7|203|72|104|210|4S|N|11|H3
8|7|184|18|209|59|4S|N|11|C3
8|7|248|144|286|27|4S|N|11|D9
8|7|247|116|297|204|4S|S|11|CA
8|7|71|19|86|98|4S|N|11|D3
8|7|77|187|109|55|4S|S|11|CK
8|7|235|118|125|84|4S|N|11|C3
8|7|108|107|130|245|4S|N|11|D2
8|7|300|32|223|161|4S|N|11|C3
8|8|42|260|279|113|3N|N|9|H8
8|8|203|72|104|210|3N|N|10|S5
8|8|184|18|209|59|3N|N|8|H4
8|8|248|144|286|27|3N|N|10|SQ
8|8|247|116|297|204|3N|S|10|S6
8|8|71|19|86|98|6N|S|10|S6
8|8|77|187|109|55|3N|N|10|S7
8|8|235|118|125|84|3HX|W|5|HA
8|8|108|107|130|245|3N|N|10|H8
8|8|300|32|223|161|3N|S|10|S6
8|9|42|260|279|113|2DX|W|5|S5
8|9|203|72|104|210|4S|S|11|DA
8|9|184|18|209|59|2S|S|11|DK
8|9|248|144|286|27|2S|S|10|DA
8|9|247|116|297|204|4SX|S|10|DA
8|9|71|19|86|98|2DX|W|5|S5
8|9|77|187|109|55|2S|S|11|DK
8|9|235|118|125|84|4SX|S|11|DK
8|9|108|107|130|245|4S|S|11|DA
8|9|300|32|223|161|2DX|W|5|S2
9|1|36|18|141|59|3N|W|9|ST
9|1|248|260|286|113|4H|W|10|H9
9|1|268|288|220|9|4H|W|10|S4
9|1|247|42|297|279|3N|W|8|ST
9|1|86|118|204|84|3N|W|8|S3
9|1|77|176|109|116|3N|W|10|S4
9|1|235|108|125|130|3N|W|9|D5
9|1|46|156|32|103|4H|W|9|ST
9|1|107|144|245|27|3N|W|10|S3
9|1|184|300|209|223|3N|E|9|S5
9|10|36|18|141|59|4H|E|11|D4
9|10|248|260|286|113|4H|W|11|H7
9|10|268|288|220|9|4H|W|11|H5
9|10|247|42|297|279|4SX|S|8|DQ
9|10|86|118|204|84|4H|E|11|D5
9|10|77|176|109|116|4H|E|10|S3
9|10|235|108|125|130|4H|E|10|S4
9|10|46|156|32|103|4H|W|11|H5
9|10|107|144|245|27|4H|E|10|S3
9|10|184|300|209|223|4S|S|8|DK
9|11|36|18|141|59|2D|E|12|C2
9|11|248|260|286|113|3N|E|12|H4
9|11|268|288|220|9|4S|W|12|C4
9|11|247|42|297|279|3N|E|13|C5
9|11|86|118|204|84|3S|W|12|C4
9|11|77|176|109|116|4S|W|12|C4
9|11|235|108|125|130|3N|E|12|C7
9|11|46|156|32|103|4S|W|12|H8
9|11|107|144|245|27|3N|E|11|H2
9|11|184|300|209|223|3N|E|11|H4
9|12|36|18|141|59|4H|E|11|DK
9|12|248|260|286|113|4H|E|11|DA
9|12|268|288|220|9|4H|E|11|DA
9|12|247|42|297|279|5H|E|11|DA
9|12|86|118|204|84|4H|E|11|DA
9|12|77|176|109|116|4H|E|11|DA
9|12|235|108|125|130|4H|W|13|S9
9|12|46|156|32|103|4H|E|11|DA
9|12|107|144|245|27|4HX|W|11|D5
9|12|184|300|209|223|4H|W|13|S7
9|13|36|18|141|59|3C|E|9|C6
9|13|248|260|286|113|3C|W|10|H6
9|13|268|288|220|9|2S|E|10|H2
9|13|247|42|297|279|4H|S|8|CK
9|13|86|118|204|84|1N|N|5|S3
9|13|77|176|109|116|3C|W|11|H6
9|13|235|108|125|130|2S|E|10|DK
9|13|46|156|32|103|2S|E|10|D4
9|13|107|144|245|27|2H|S|8|CA
9|13|184|300|209|223|1N|N|5|S2
9|14|36|18|141|59|4SX|S|10|H7
9|14|248|260|286|113|5HX|E|10|CT
9|14|268|288|220|9|4S|N|10|H7
9|14|247|42|297|279|5SX|S|10|H7
9|14|86|118|204|84|4SX|S|10|HK
9|14|77|176|109|116|4S|S|10|H7
9|14|235|108|125|130|4S|S|10|S4
9|14|46|156|32|103|4S|S|10|S3
9|14|107|144|245|27|5D|W|9|H4
9|14|184|300|209|223|4H|W|10|SQ
9|15|36|18|141|59|4H|S|12|S5
9|15|248|260|286|113|6H|N|11|C6
9|15|268|288|220|9|4H|N|12|H2
9|15|247|42|297|279|3N|S|11|C4
9|15|86|118|204|84|6H|N|12|H5
9|15|77|176|109|116|4H|S|12|H6
9|15|235|108|125|130|6H|N|12|H3
9|15|46|156|32|103|6H|N|12|H5
9|15|107|144|245|27|3N|N|12|C5
9|15|184|300|209|223|4H|N|12|C3
9|16|36|18|141|59|3H|N|9|CQ
9|16|248|260|286|113|3H|N|9|CQ
9|16|268|288|220|9|2N|S|6|C3
9|16|247|42|297|279|3S|W|7|HK
9|16|86|118|204|84|2N|N|6|CQ
9|16|77|176|109|116|3H|N|8|S4
9|16|235|108|125|130|3N|N|9|S3
9|16|46|156|32|103|3H|N|9|H4
9|16|107|144|245|27|4H|N|10|CQ
9|16|184|300|209|223|4H|N|9|CQ
9|17|203|18|104|59|3H|N|7|SA
9|17|248|260|286|113|3H|N|7|C3
9|17|72|288|210|9|3HX|N|7|SA
9|17|19|268|98|220|4S|W|9|CA
9|17|116|118|204|84|3HX|N|7|SA
9|17|77|71|109|86|2H|N|7|C8
9|17|156|130|103|161|3HX|N|7|HK
9|17|46|187|257|55|3H|N|8|C3
9|17|107|144|245|27|3H|N|8|HK
9|17|209|300|262|223|3HX|N|8|SA
9|18|203|18|104|59|1NX|W|5|D5
9|18|248|260|286|113|1S|W|6|DA
9|18|72|288|210|9|1N|S|10|S4
9|18|19|268|98|220|1N|W|5|D5
9|18|116|118|204|84|2S|W|7|DA
9|18|77|71|109|86|1S|W|5|DA
9|18|156|130|103|161|1S|W|6|H4
9|18|46|187|257|55|1N|S|8|S4
9|18|107|144|245|27|3N|S|8|S4
9|18|209|300|262|223|1N|S|9|S3
9|19|203|18|104|59|5CX|E|10|S8
9|19|248|260|286|113|5HX|N|9|CA
9|19|72|288|210|9|5CX|E|11|S8
9|19|19|268|98|220|4CX|E|10|S8
9|19|116|118|204|84|5DX|S|9|C4
9|19|77|71|109|86|5HX|N|8|CK
9|19|156|130|103|161|5CX|E|10|S8
9|19|46|187|257|55|3H|N|9|CK
9|19|107|144|245|27|3H|N|9|CA
9|19|209|300|262|223|3H|N|9|CK
9|2|36|18|141|59|4H|E|9|S4
9|2|248|260|286|113|2H|E|9|DQ
9|2|268|288|220|9|3N|W|9|DT
9|2|247|42|297|279|2H|E|9|DQ
9|2|86|118|204|84|4H|E|9|DQ
9|2|77|176|109|116|1S|E|11|CK
9|2|235|108|125|130|2H|E|9|DQ
9|2|46|156|32|103|2H|E|9|DQ
9|2|107|144|245|27|2H|E|8|H2
9|2|184|300|209|223|2H|E|9|DQ
9|20|203|18|104|59|1N|S|9|S3
9|20|248|260|286|113|2S|W|6|CT
9|20|72|288|210|9|1N|S|9|S5
9|20|19|268|98|220|1N|N|8|H4
9|20|116|118|204|84|1N|S|8|S3
9|20|77|71|109|86|1N|S|10|S5
9|20|156|130|103|161|P||0
9|20|46|187|257|55|1N|N|9|H4
9|20|107|144|245|27|1N|S|6|HT
9|20|209|300|262|223|1N|S|9|S2
9|21|203|18|104|59|3HX|E|9|SQ
9|21|248|260|286|113|3H|W|6|SQ
9|21|72|288|210|9|5C|N|8|HA
9|21|19|268|98|220|3N|N|7|H5
9|21|116|118|204|84|2S|N|9|HK
9|21|77|71|109|86|4H|E|8|DK
9|21|156|130|103|161|3H|E|6|SQ
9|21|46|187|257|55|3H|E|6|SQ
9|21|107|144|245|27|4S|N|9|HA
9|21|209|300|262|223|5CX|N|8|HK
9|22|203|18|104|59|2H|N|9|C2
9|22|248|260|286|113|2H|S|8|H6
9|22|72|288|210|9|1N|S|5|D4
9|22|19|268|98|220|3H|N|8|DA
9|22|116|118|204|84|2H|N|8|S2
9|22|77|71|109|86|1N|S|8|SA
9|22|156|130|103|161|1N|S|6|D4
9|22|46|187|257|55|1N|S|5|D4
9|22|107|144|245|27|2N|S|8|SA
9|22|209|300|262|223|2D|N|4|C3
9|23|203|18|104|59|4H|N|10|CK
9|23|248|260|286|113|2S|W|11|DA
9|23|72|288|210|9|4S|W|9|DA
9|23|19|268|98|220|5HX|N|10|CA
9|23|116|118|204|84|4S|W|9|HA
9|23|77|71|109|86|2S|W|9|DA
9|23|156|130|103|161|3S|W|10|DA
9|23|46|187|257|55|2S|W|10|HA
9|23|107|144|245|27|4SX|W|10|DA
9|23|209|300|262|223|4S|W|10|DA
9|24|203|18|104|59|3N|E|8|H6
9|24|248|260|286|113|3N|W|9|SK
9|24|72|288|210|9|3N|W|11|C5
9|24|19|268|98|220|3N|E|10|H6
9|24|116|118|204|84|3N|E|10|H9
9|24|77|71|109|86|3N|E|10|H8
9|24|156|130|103|161|3N|E|8|H6
9|24|46|187|257|55|3N|E|10|H6
9|24|107|144|245|27|3N|W|9|SK
9|24|209|300|262|223|3N|E|10|H6
9|25|203|18|104|59|2H|N|8|CK
9|25|248|260|286|113|2H|N|8|CK
9|25|72|288|210|9|2H|N|7|CA
9|25|19|268|98|220|1N|S|7|S2
9|25|116|118|204|84|2H|N|7|CK
9|25|77|71|109|86|2H|N|8|CA
9|25|156|130|103|161|2H|N|7|CA
9|25|46|187|257|55|2H|N|8|CA
9|25|107|144|245|27|3H|N|8|CA
9|25|209|300|262|223|2H|N|8|CA
9|26|203|18|104|59|3S|E|9|CQ
9|26|248|260|286|113|4S|E|10|CQ
9|26|72|288|210|9|P||0
9|26|19|268|98|220|4S|E|9|CQ
9|26|116|118|204|84|P||0
9|26|77|71|109|86|3H|S|8|H8
9|26|156|130|103|161|P||0
9|26|46|187|257|55|P||0
9|26|107|144|245|27|4H|S|7|H3
9|26|209|300|262|223|3H|S|8|C2
9|27|203|18|104|59|3D|E|9|CA
9|27|248|260|286|113|3H|N|8|DA
9|27|72|288|210|9|2D|W|10|C3
9|27|19|268|98|220|2S|E|8|CA
9|27|116|118|204|84|3D|E|10|CA
9|27|77|71|109|86|4S|E|7|CA
9|27|156|130|103|161|2D|E|10|CA
9|27|46|187|257|55|2H|S|8|HA
9|27|107|144|245|27|3S|E|7|CA
9|27|209|300|262|223|3D|E|10|CK
9|28|203|18|104|59|2SX|E|6|SJ
9|28|248|260|286|113|3H|W|8|S5
9|28|72|288|210|9|3C|N|9|DA
9|28|19|268|98|220|2H|W|7|H5
9|28|116|118|204|84|3H|E|7|SJ
9|28|77|71|109|86|2H|E|8|C6
9|28|156|130|103|161|3C|S|9|H7
9|28|46|187|257|55|1N|E|7|H3
9|28|107|144|245|27|1N|E|7|H3
9|28|209|300|262|223|2H|E|8|SJ
9|29|203|18|104|59|3C|N|9|SK
9|29|248|260|286|113|2S|E|6|DA
9|29|72|288|210|9|2S|E|8|DA
9|29|19|268|98|220|1N|W|7|C5
9|29|116|118|204|84|1N|W|7|C3
9|29|77|71|109|86|3C|N|9|SA
9|29|156|130|103|161|3C|N|8|SA
9|29|46|187|257|55|2C|N|8|SK
9|29|107|144|245|27|3C|N|9|SA
9|29|209|300|262|223|2S|E|6|HK
9|3|36|18|141|59|4HX|W|10|H2
9|3|248|260|286|113|5DX|S|8|C8
9|3|268|288|220|9|4H|W|11|DQ
9|3|247|42|297|279|3D|S|9|C8
9|3|86|118|204|84|4H|W|10|DQ
9|3|77|176|109|116|4H|W|9|DQ
9|3|235|108|125|130|2CX|E|10|DA
9|3|46|156|32|103|4H|W|10|DQ
9|3|107|144|245|27|4D|S|9|HA
9|3|184|300|209|223|4H|W|10|DQ
9|30|203|18|104|59|2H|N|9|S5
9|30|248|260|286|113|3C|W|8|SJ
9|30|72|288|210|9|2H|N|9|C7
9|30|19|268|98|220|3C|E|7|H3
9|30|116|118|204|84|2H|N|8|D6
9|30|77|71|109|86|1N|S|10|SQ
9|30|156|130|103|161|3C|W|9|SJ
9|30|46|187|257|55|1N|N|6|C5
9|30|107|144|245|27|1N|N|10|C5
9|30|209|300|262|223|1NX|W|7|H5
9|31|203|18|104|59|3S|N|9|DK
9|31|248|260|286|113|4D|E|12|HK
9|31|72|288|210|9|3N|W|12|S4
9|31|19|268|98|220|3N|W|12|HT
9|31|116|118|204|84|3N|W|12|S5
9|31|77|71|109|86|3N|W|12|H3
9|31|156|130|103|161|3N|W|12|H3
9|31|46|187|257|55|3S|S|9|D9
9|31|107|144|245|27|3N|W|12|H4
9|31|209|300|262|223|3N|W|12|H4
9|32|203|18|104|59|1N|N|7|C7
9|32|248|260|286|113|P||0
9|32|72|288|210|9|1N|N|7|H3
9|32|19|268|98|220|1N|W|6|S7
9|32|116|118|204|84|P||0
9|32|77|71|109|86|P||0
9|32|156|130|103|161|P||0
9|32|46|187|257|55|P||0
9|32|107|144|245|27|1N|S|6|CK
9|32|209|300|262|223|P||0
9|4|36|18|141|59|4S|E|10|S9
9|4|248|260|286|113|4S|E|10|HA
9|4|268|288|220|9|5HX|N|8|SA
9|4|247|42|297|279|4S|E|10|DT
9|4|86|118|204|84|4S|E|10|HA
9|4|77|176|109|116|4S|E|10|HA
9|4|235|108|125|130|4S|E|10|D9
9|4|46|156|32|103|4S|E|10|DT
9|4|107|144|245|27|4S|E|10|HA
9|4|184|300|209|223|4S|E|10|HA
9|5|36|18|141|59|3N|W|12|H3
9|5|248|260|286|113|3N|W|12|H5
9|5|268|288|220|9|3N|E|11|D3
9|5|247|42|297|279|3N|W|12|H5
9|5|86|118|204|84|3N|W|12|S3
9|5|77|176|109|116|4N|W|12|S7
9|5|235|108|125|130|3N|W|12|S9
9|5|46|156|32|103|3N|W|11|S3
9|5|107|144|245|27|3N|W|12|S3
9|5|184|300|209|223|3N|W|12|S9
9|6|36|18|141|59|3N|S|12|H4
9|6|248|260|286|113|3HX|E|6|HK
9|6|268|288|220|9|5D|S|12|H4
9|6|247|42|297|279|5D|S|12|S8
9|6|86|118|204|84|6D|S|12|C3
9|6|77|176|109|116|6D|N|12|HQ
9|6|235|108|125|130|3N|S|12|H3
9|6|46|156|32|103|3N|S|12|H3
9|6|107|144|245|27|3N|S|12|H6
9|6|184|300|209|223|2HX|E|5|HK
9|7|36|18|141|59|1N|E|9|S4
9|7|248|260|286|113|3N|W|10|CA
9|7|268|288|220|9|3N|E|9|S5
9|7|247|42|297|279|1N|E|9|C7
9|7|86|118|204|84|3D|W|9|C5
9|7|77|176|109|116|3D|E|10|SA
9|7|235|108|125|130|2D|E|10|C7
9|7|46|156|32|103|2D|E|10|DT
9|7|107|144|245|27|2D|E|9|D7
9|7|184|300|209|223|2D|E|10|C7
9|8|36|18|141|59|4S|N|13|HQ
9|8|248|260|286|113|4S|S|13|H2
9|8|268|288|220|9|6S|N|12|CA
9|8|247|42|297|279|3N|S|12|C6
9|8|86|118|204|84|4S|S|12|C3
9|8|77|176|109|116|4S|N|13|HQ
9|8|235|108|125|130|4S|N|13|HQ
9|8|46|156|32|103|6S|S|13|H6
9|8|107|144|245|27|6D|S|12|C6
9|8|184|300|209|223|6S|S|12|C3
9|9|36|18|141|59|5H|N|11|CA
9|9|248|260|286|113|4S|S|10|D4
9|9|268|288|220|9|4S|S|11|DT
9|9|247|42|297|279|4S|S|11|DK
9|9|86|118|204|84|5S|S|10|DT
9|9|77|176|109|116|4S|S|11|DT
9|9|235|108|125|130|4S|S|11|DT
9|9|46|156|32|103|4S|S|11|D6
9|9|107|144|245|27|4H|N|11|CA
9|9|184|300|209|223|4S|S|11|DT
