1|1|37|232|230|293|3N|N|11|D3
1|1|143|246|222|119|3N|N|9|S3
1|1|39|221|49|217|3N|N|9|S6
1|1|110|20|167|218|3N|N|9|S3
1|1|301|253|229|166|3N|N|9|S2
1|1|283|134|175|272|3N|S|10|S6
1|1|43|252|266|299|3N|N|10|D6
1|1|97|7|112|100|3N|S|11|H8
1|1|237|124|52|95|3N|N|9|S3
1|1|190|121|180|128|3N|N|10|S3
1|10|37|232|230|293|5C|S|11|D7
1|10|143|246|222|119|3N|N|11|S3
1|10|39|221|49|217|3N|S|12|D5
1|10|110|20|167|218|5C|S|12|CJ
1|10|301|253|229|166|3N|S|8|HT
1|10|283|134|175|272|3N|S|11|D5
1|10|43|252|266|299|4H|S|11|D7
1|10|97|7|112|100|5C|S|10|D7
1|10|237|124|52|95|3N|S|11|D5
1|10|190|121|180|128|5N|S|12|D5
1|11|37|232|230|293|4H|W|8|SQ
1|11|143|246|222|119|4SX|N|8|DA
1|11|39|221|49|217|4H|W|9|SK
1|11|110|20|167|218|4H|W|10|SK
1|11|301|253|229|166|3N|E|7|S6
1|11|283|134|175|272|5H|W|11|SK
1|11|43|252|266|299|5H|E|10|SK
1|11|97|7|112|100|5C|W|11|SK
1|11|237|124|52|95|5H|W|10|SK
1|11|190|121|180|128|5H|W|8|SK
1|12|37|232|230|293|3N|N|7|D5
1|12|143|246|222|119|4S|S|8|C4
1|12|39|221|49|217|3S|S|8|C3
1|12|110|20|167|218|3S|S|9|C4
1|12|301|253|229|166|4C|E|7|DT
1|12|283|134|175|272|2C|W|8|C5
1|12|43|252|266|299|3C|E|8|DT
1|12|97|7|112|100|5CX|E|7|DT
1|12|237|124|52|95|2S|N|8|CA
1|12|190|121|180|128|3D|N|7|S2
1|13|37|232|230|293|3N|N|8|SQ
1|13|143|246|222|119|2N|N|8|SQ
1|13|39|221|49|217|4C|S|8|S9
1|13|110|20|167|218|1S|E|7|HK
1|13|301|253|229|166|2D|N|7|C4
1|13|283|134|175|272|3C|N|10|DQ
1|13|43|252|266|299|3N|N|8|H6
1|13|97|7|112|100|1N|N|9|H7
1|13|237|124|52|95|3N|N|7|SQ
1|13|190|121|180|128|2C|S|10|S2
1|14|37|232|230|293|2S|E|7|H3
1|14|143|246|222|119|2H|N|8|S2
1|14|39|221|49|217|3H|N|10|C8
1|14|110|20|167|218|2S|W|8|D8
1|14|301|253|229|166|2H|N|9|C8
1|14|283|134|175|272|2H|N|9|S2
1|14|43|252|266|299|3C|N|7|S7
1|14|97|7|112|100|4H|N|9|S7
1|14|237|124|52|95|2SX|E|8|H8
1|14|190|121|180|128|2H|N|10|C6
1|15|37|232|230|293|3N|E|10|D2
1|15|143|246|222|119|3N|E|12|CQ
1|15|39|221|49|217|3N|E|11|D2
1|15|110|20|167|218|3N|E|9|D4
1|15|301|253|229|166|3N|E|10|D4
1|15|283|134|175|272|4S|W|9|D3
1|15|43|252|266|299|2CX|N|3|S7
1|15|97|7|112|100|4H|E|10|H2
1|15|237|124|52|95|3N|E|12|CQ
1|15|190|121|180|128|3N|E|11|S6
1|16|37|232|230|293|3D|N|6|SA
1|16|143|246|222|119|2S|E|10|HA
1|16|39|221|49|217|2S|E|10|HA
1|16|110|20|167|218|2S|E|10|HA
1|16|301|253|229|166|3D|N|7|SA
1|16|283|134|175|272|3S|E|10|HA
1|16|43|252|266|299|2S|E|10|C5
1|16|97|7|112|100|3D|N|6|SA
1|16|237|124|52|95|3D|N|6|SA
1|16|190|121|180|128|3S|E|10|HA
1|17|37|188|230|147|5CX|S|9|SA
1|17|143|246|222|119|5CX|S|8|SA
1|17|39|221|49|217|2H|S|5|C8
1|17|206|218|264|251|4S|W|11|H6
1|17|301|253|229|166|4S|W|11|H5
1|17|296|134|283|272|4S|E|9|C5
1|17|7|252|100|299|5CX|N|9|SA
1|17|278|90|298|269|4H|S|4|SA
1|17|237|124|52|95|5CX|N|8|S9
1|17|190|121|180|128|5CX|N|9|S9
1|18|37|188|230|147|2S|E|8|H3
1|18|143|246|222|119|2S|E|7|H3
1|18|39|221|49|217|2HX|N|7|H6
1|18|206|218|264|251|3N|W|6|HA
1|18|301|253|229|166|4S|W|7|HK
1|18|296|134|283|272|3S|W|8|HK
1|18|7|252|100|299|2N|W|7|HA
1|18|278|90|298|269|1N|W|7|HK
1|18|237|124|52|95|3SX|W|8|HA
1|18|190|121|180|128|2N|W|6|HA
1|19|37|188|230|147|6D|S|12|S3
1|19|143|246|222|119|6D|S|12|S3
1|19|39|221|49|217|3N|N|13|ST
1|19|206|218|264|251|3N|S|12|H3
1|19|301|253|229|166|3N|S|12|H3
1|19|296|134|283|272|3N|S|12|C3
1|19|7|252|100|299|5D|S|12|H2
1|19|278|90|298|269|6D|S|12|H2
1|19|237|124|52|95|3N|S|13|H3
1|19|190|121|180|128|3N|S|12|H3
1|2|37|232|230|293|4H|S|10|D4
1|2|143|246|222|119|4H|S|10|D4
1|2|39|221|49|217|4H|S|11|CT
1|2|110|20|167|218|4H|S|11|D4
1|2|301|253|229|166|2H|N|10|C8
1|2|283|134|175|272|4H|S|10|D4
1|2|43|252|266|299|4H|S|11|D5
1|2|97|7|112|100|4H|S|11|S5
1|2|237|124|52|95|4H|S|10|D5
1|2|190|121|180|128|4H|S|10|C6
1|20|37|188|230|147|1N|E|7|D7
1|20|143|246|222|119|1N|E|8|D7
1|20|39|221|49|217|3N|E|8|D7
1|20|206|218|264|251|3N|E|7|D7
1|20|301|253|229|166|4H|W|9|D4
1|20|296|134|283|272|1N|E|7|D7
1|20|7|252|100|299|4H|W|9|C7
1|20|278|90|298|269|4H|E|9|S7
1|20|237|124|52|95|3N|E|8|D7
1|20|190|121|180|128|1N|E|8|D7
1|21|37|188|230|147|2CX|E|6|H9
1|21|143|246|222|119|3N|N|8|C4
1|21|39|221|49|217|4H|N|10|H4
1|21|206|218|264|251|3C|W|6|HA
1|21|301|253|229|166|4H|S|10|CT
1|21|296|134|283|272|4H|S|10|CT
1|21|7|252|100|299|3N|S|9|CT
1|21|278|90|298|269|4H|N|10|DA
1|21|237|124|52|95|4H|S|10|CT
1|21|190|121|180|128|2N|S|8|CT
1|22|37|188|230|147|4S|N|12|C5
1|22|143|246|222|119|4S|S|11|DK
1|22|39|221|49|217|4S|S|12|H7
1|22|206|218|264|251|4S|N|11|DA
1|22|301|253|229|166|4S|S|11|H5
1|22|296|134|283|272|4S|S|10|D9
1|22|7|252|100|299|4S|S|11|D4
1|22|278|90|298|269|4S|S|11|D4
1|22|237|124|52|95|4S|S|11|DK
1|22|190|121|180|128|4S|N|11|C5
1|23|37|188|230|147|4S|S|11|HT
1|23|143|246|222|119|3N|S|11|HT
1|23|39|221|49|217|5D|N|11|CJ
1|23|206|218|264|251|4S|S|10|HT
1|23|301|253|229|166|4S|S|11|HT
1|23|296|134|283|272|3N|N|12|H4
1|23|7|252|100|299|4S|S|11|HT
1|23|278|90|298|269|4S|N|11|CJ
1|23|237|124|52|95|3N|N|9|H4
1|23|190|121|180|128|2N|N|11|HT
1|24|37|188|230|147|5H|W|12|C7
1|24|143|246|222|119|5H|W|12|C8
1|24|39|221|49|217|5H|W|12|C7
1|24|206|218|264|251|5H|W|13|SQ
1|24|301|253|229|166|5H|W|13|C7
1|24|296|134|283|272|5H|W|12|C7
1|24|7|252|100|299|5C|S|8|SK
1|24|278|90|298|269|5H|W|12|C7
1|24|237|124|52|95|5H|W|12|C4
1|24|190|121|180|128|5H|W|12|C4
1|25|37|188|230|147|1N|E|8|D4
1|25|143|246|222|119|2S|W|6|CK
1|25|39|221|49|217|2D|S|8|S5
1|25|206|218|264|251|2S|W|5|CA
1|25|301|253|229|166|2S|W|6|CA
1|25|296|134|283|272|2S|W|5|CA
1|25|7|252|100|299|2S|W|7|CK
1|25|278|90|298|269|2S|W|5|CK
1|25|237|124|52|95|3S|W|6|CA
1|25|190|121|180|128|2D|S|6|S2
1|26|37|188|230|147|5H|N|10|S5
1|26|143|246|222|119|4S|S|4|SA
1|26|39|221|49|217|4SX|W|9|D2
1|26|206|218|264|251|5H|N|10|S5
1|26|301|253|229|166|5H|N|10|D2
1|26|296|134|283|272|4S|W|9|D2
1|26|7|252|100|299|4H|N|10|S7
1|26|278|90|298|269|4SX|W|9|D2
1|26|237|124|52|95|4SX|W|9|D2
1|26|190|121|180|128|4H|N|10|S5
1|27|143|246|222|119|1N|N|8|S6
1|27|37|188|230|147|1D|W|6|ST
1|27|206|218|264|251|3N|N|8|S4
1|27|39|221|49|217|1N|N|8|S4
1|27|296|134|283|272|2H|S|8|D5
1|27|301|253|229|166|2H|S|8|D5
1|27|278|90|298|269|1N|N|8|S4
1|27|7|252|100|299|1N|W|5|DK
1|27|190|121|180|128|3N|N|9|HJ
1|27|237|124|52|95|2N|S|8|C5
1|28|143|246|222|119|4H|N|11|C6
1|28|37|188|230|147|4H|N|11|D7
1|28|206|218|264|251|4H|N|11|C7
1|28|39|221|49|217|5H|S|11|SJ
1|28|296|134|283|272|4H|S|11|DJ
1|28|301|253|229|166|4H|S|11|DJ
1|28|278|90|298|269|4H|N|11|C5
1|28|7|252|100|299|4H|N|11|C3
1|28|190|121|180|128|4H|S|11|SJ
1|28|237|124|52|95|4H|N|11|C5
1|29|37|188|230|147|4H|E|12|HJ
1|29|143|246|222|119|4H|E|10|HJ
1|29|39|221|49|217|4H|E|9|HJ
1|29|206|218|264|251|4H|E|11|CT
1|29|301|253|229|166|4H|E|10|DT
1|29|296|134|283|272|4H|E|10|DT
1|29|7|252|100|299|4H|W|13|C9
1|29|278|90|298|269|4H|E|10|HJ
1|29|237|124|52|95|4H|E|11|C2
1|29|190|121|180|128|4H|E|10|CT
1|3|37|232|230|293|4H|S|10|DJ
1|3|143|246|222|119|4H|S|10|HT
1|3|39|221|49|217|4H|N|10|DK
1|3|110|20|167|218|4H|S|10|DJ
1|3|301|253|229|166|4H|N|10|DK
1|3|283|134|175|272|4H|N|11|C5
1|3|43|252|266|299|4H|S|10|DJ
1|3|97|7|112|100|4H|N|10|DJ
1|3|237|124|52|95|4H|S|9|DJ
1|3|190|121|180|128|4H|N|10|DK
1|30|37|188|230|147|4S|N|10|HK
1|30|143|246|222|119|3S|N|9|HK
1|30|39|221|49|217|4S|N|11|C4
1|30|206|218|264|251|4S|N|10|D2
1|30|301|253|229|166|5SX|N|11|HK
1|30|296|134|283|272|4D|W|11|CA
1|30|7|252|100|299|4S|N|10|HK
1|30|278|90|298|269|4S|N|11|HK
1|30|237|124|52|95|4SX|N|11|HK
1|30|190|121|180|128|4S|S|10|HA
1|31|37|188|230|147|3N|N|6|CJ
1|31|143|246|222|119|3S|N|8|D9
1|31|39|221|49|217|4S|N|9|D9
1|31|206|218|264|251|4S|N|7|D9
1|31|301|253|229|166|5S|N|8|H4
1|31|296|134|283|272|4S|N|8|D9
1|31|7|252|100|299|4S|N|8|HQ
1|31|278|90|298|269|5D|S|8|HQ
1|31|237|124|52|95|4S|N|9|H9
1|31|190|121|180|128|5D|S|8|HQ
1|32|37|188|230|147|4S|N|11|C2
1|32|143|246|222|119|3N|N|7|C2
1|32|39|221|49|217|4S|S|11|HT
1|32|206|218|264|251|3N|N|7|C2
1|32|301|253|229|166|4S|S|11|C6
1|32|296|134|283|272|4S|S|11|HT
1|32|7|252|100|299|3N|N|7|D5
1|32|278|90|298|269|4S|S|9|D5
1|32|237|124|52|95|4N|N|7|HT
1|32|190|121|180|128|4S|S|11|HT
1|4|37|232|230|293|4H|E|9|C6
1|4|143|246|222|119|4H|E|9|C9
1|4|39|221|49|217|4H|E|9|C6
1|4|110|20|167|218|4H|E|9|C9
1|4|301|253|229|166|4SX|S|9|HA
1|4|283|134|175|272|4H|E|10|C9
1|4|43|252|266|299|4H|W|9|D3
1|4|97|7|112|100|4SX|S|8|HA
1|4|237|124|52|95|4H|E|9|SA
1|4|190|121|180|128|4SX|S|8|HA
1|5|37|232|230|293|5C|W|12|SQ
1|5|143|246|222|119|3N|E|12|SJ
1|5|39|221|49|217|3N|E|12|H2
1|5|110|20|167|218|3N|E|13|H6
1|5|301|253|229|166|3N|E|13|H6
1|5|283|134|175|272|3N|E|11|S6
1|5|43|252|266|299|3N|E|13|H6
1|5|97|7|112|100|3N|E|12|S6
1|5|237|124|52|95|3N|E|12|H6
1|5|190|121|180|128|3N|E|13|H2
1|6|37|232|230|293|6S|E|13|DK
1|6|143|246|222|119|4S|E|13|DA
1|6|39|221|49|217|6S|E|13|DK
1|6|110|20|167|218|4S|E|13|DK
1|6|301|253|229|166|6S|E|13|DA
1|6|283|134|175|272|4S|E|13|DA
1|6|43|252|266|299|6S|E|13|DA
1|6|97|7|112|100|7DX|N|8|SK
1|6|237|124|52|95|5S|E|13|DA
1|6|190|121|180|128|4S|E|13|DA
1|7|37|232|230|293|2S|W|5|HA
1|7|143|246|222|119|3N|N|8|ST
1|7|39|221|49|217|2N|N|8|ST
1|7|110|20|167|218|1N|S|9|S7
1|7|301|253|229|166|2N|N|10|C3
1|7|283|134|175|272|2H|E|5|CA
1|7|43|252|266|299|2D|S|8|C9
1|7|97|7|112|100|3N|N|9|CQ
1|7|237|124|52|95|3N|N|9|ST
1|7|190|121|180|128|2N|N|10|C3
1|8|37|232|230|293|4S|E|10|CQ
1|8|143|246|222|119|4S|E|10|CQ
1|8|39|221|49|217|2S|E|10|CQ
1|8|110|20|167|218|4S|E|10|HA
1|8|301|253|229|166|4S|E|9|S2
1|8|283|134|175|272|4S|E|9|S2
1|8|43|252|266|299|4S|E|10|CQ
1|8|97|7|112|100|4S|E|10|S2
1|8|237|124|52|95|4S|E|10|CQ
1|8|190|121|180|128|4S|W|10|H2
1|9|37|232|230|293|1N|N|8|CT
1|9|143|246|222|119|1N|N|7|CT
1|9|39|221|49|217|2S|S|8|D7
1|9|110|20|167|218|1N|N|8|S2
1|9|301|253|229|166|1N|N|7|D6
1|9|283|134|175|272|2S|N|9|CT
1|9|43|252|266|299|2S|S|7|C3
1|9|97|7|112|100|2N|N|6|C9
1|9|237|124|52|95|2S|S|8|D7
1|9|190|121|180|128|1N|N|9|H7
2|1|110|246|167|119|5D|E|11|CQ
2|1|37|206|230|264|5D|W|11|CA
2|1|283|39|175|49|5SX|N|10|HT
2|1|218|296|251|253|4SX|S|9|HT
2|1|97|301|112|229|5D|E|11|D7
2|1|134|252|272|299|5DX|E|11|CQ
2|1|190|43|180|266|5D|E|11|D7
2|1|7|124|100|95|3N|W|9|C5
2|1|232|121|293|128|6D|E|10|SA
2|1|237|188|52|147|5D|W|11|CQ
2|10|110|246|167|119|1N|S|8|S4
2|10|37|206|230|264|2S|W|8|H8
2|10|283|39|175|49|2H|S|7|DA
2|10|218|296|251|253|2H|S|8|DA
2|10|97|301|112|229|2H|S|9|DK
2|10|134|252|272|299|1N|S|8|S2
2|10|190|43|180|266|1N|S|7|S2
2|10|7|124|100|95|2H|N|8|DQ
2|10|232|121|293|128|2H|N|7|DQ
2|10|237|188|52|147|1N|S|8|HK
2|11|110|246|167|119|3N|N|11|H5
2|11|37|206|230|264|3H|E|7|SK
2|11|283|39|175|49|3D|S|9|CK
2|11|218|296|251|253|2S|S|7|HJ
2|11|97|301|112|229|2D|S|9|CK
2|11|134|252|272|299|1N|N|7|H6
2|11|190|43|180|266|1N|N|7|H3
2|11|7|124|100|95|2D|S|8|HJ
2|11|232|121|293|128|1N|S|7|HJ
2|11|237|188|52|147|1N|N|7|H5
2|12|110|246|167|119|3N|E|8|SJ
2|12|37|206|230|264|3N|W|8|D3
2|12|283|39|175|49|3N|E|7|SJ
2|12|218|296|251|253|3N|W|8|D3
2|12|97|301|112|229|3N|E|8|SJ
2|12|134|252|272|299|3N|E|7|S4
2|12|190|43|180|266|3N|W|9|DT
2|12|7|124|100|95|3N|E|7|ST
2|12|232|121|293|128|3N|W|8|DT
2|12|237|188|52|147|3N|E|8|SJ
2|13|110|246|167|119|3N|N|11|S6
2|13|37|206|230|264|4S|S|9|HQ
2|13|283|39|175|49|2C|N|11|H5
2|13|218|296|251|253|3N|N|8|DT
2|13|97|301|112|229|3N|N|8|D2
2|13|134|252|272|299|3N|N|10|D2
2|13|190|43|180|266|3N|N|10|H2
2|13|7|124|100|95|3N|S|11|HQ
2|13|232|121|293|128|3N|N|10|H8
2|13|237|188|52|147|1N|N|8|DA
2|14|110|246|167|119|6C|W|12|H5
2|14|37|206|230|264|4DX|N|8|CJ
2|14|283|39|175|49|6C|W|12|DQ
2|14|218|296|251|253|3N|W|11|D4
2|14|97|301|112|229|6C|W|12|DQ
2|14|134|252|272|299|6C|W|12|H3
2|14|190|43|180|266|6C|W|12|DQ
2|14|7|124|100|95|5C|W|12|DQ
2|14|232|121|293|128|5C|W|12|DQ
2|14|237|188|52|147|6C|W|12|DQ
2|15|110|246|167|119|4H|S|8|C9
2|15|37|206|230|264|2DX|E|8|HQ
2|15|283|39|175|49|4H|S|8|SJ
2|15|218|296|251|253|4H|S|8|CT
2|15|97|301|112|229|1N|N|6|CT
2|15|134|252|272|299|4H|S|8|DT
2|15|190|43|180|266|4H|S|8|CT
2|15|7|124|100|95|4H|S|8|CT
2|15|232|121|293|128|4H|S|9|CT
2|15|237|188|52|147|2N|S|7|CT
2|16|110|246|167|119|4S|N|12|D2
2|16|37|206|230|264|4H|N|11|D2
2|16|283|39|175|49|5S|S|11|DK
2|16|218|296|251|253|5S|S|12|DK
2|16|97|301|112|229|5S|S|12|DK
2|16|134|252|272|299|5S|S|12|HT
2|16|190|43|180|266|5S|S|12|DK
2|16|7|124|100|95|5S|S|12|DK
2|16|232|121|293|128|4H|N|12|CA
2|16|237|188|52|147|4S|S|11|DK
2|17|221|246|217|119|4S|N|11|D3
2|17|37|206|230|264|4S|N|11|DT
2|17|296|39|175|49|4S|S|11|DK
2|17|20|253|251|166|4S|N|11|S2
2|17|278|301|298|229|4S|N|11|HQ
2|17|134|252|272|299|4S|S|11|SJ
2|17|190|7|180|100|6S|N|11|HQ
2|17|90|124|269|95|4S|S|11|DK
2|17|188|121|147|128|4S|N|11|HQ
2|17|237|143|52|222|4S|N|11|S2
2|18|221|246|217|119|3C|E|8|DJ
2|18|37|206|230|264|2D|W|9|CQ
2|18|296|39|175|49|2D|E|10|H2
2|18|20|253|251|166|3D|W|10|CK
2|18|278|301|298|229|2H|S|6|SJ
2|18|134|252|272|299|3N|N|6|DT
2|18|190|7|180|100|3D|W|9|CK
2|18|90|124|269|95|2D|W|10|CK
2|18|188|121|147|128|2C|E|8|DJ
2|18|237|143|52|222|2D|W|10|CK
2|19|221|246|217|119|4H|S|10|H7
2|19|37|206|230|264|4H|N|8|S3
2|19|296|39|175|49|4H|S|9|H9
2|19|20|253|251|166|4H|S|10|H9
2|19|278|301|298|229|4H|S|9|H9
2|19|134|252|272|299|4H|S|9|H9
2|19|190|7|180|100|4H|N|10|D6
2|19|90|124|269|95|3N|S|8|SQ
2|19|188|121|147|128|4H|S|10|H9
2|19|237|143|52|222|3N|S|8|H9
2|2|110|246|167|119|4S|S|9|D4
2|2|37|206|230|264|4S|N|9|H8
2|2|283|39|175|49|3D|E|9|HA
2|2|218|296|251|253|4C|W|8|SK
2|2|97|301|112|229|5CX|W|10|SK
2|2|134|252|272|299|3D|E|9|HK
2|2|190|43|180|266|3DX|E|10|SJ
2|2|7|124|100|95|5C|W|9|SK
2|2|232|121|293|128|3D|E|10|HA
2|2|237|188|52|147|3N|W|4|SK
2|20|221|246|217|119|4S|N|11|S6
2|20|37|206|230|264|4S|S|11|C9
2|20|296|39|175|49|2S|S|11|C8
2|20|20|253|251|166|4S|S|10|HA
2|20|278|301|298|229|4S|S|11|C7
2|20|134|252|272|299|4S|S|10|HA
2|20|190|7|180|100|4S|S|10|HA
2|20|90|124|269|95|3N|N|6|C6
2|20|188|121|147|128|4S|S|10|HA
2|20|237|143|52|222|4S|S|11|C9
2|21|221|246|217|119|3N|S|10|SK
2|21|37|206|230|264|3N|S|11|SK
2|21|296|39|175|49|3N|S|10|SK
2|21|20|253|251|166|6D|N|12|SA
2|21|278|301|298|229|4SX|E|6|DK
2|21|134|252|272|299|3N|S|11|SK
2|21|190|7|180|100|5D|N|11|HT
2|21|90|124|269|95|3N|S|12|SK
2|21|188|121|147|128|3N|N|11|SK
2|21|237|143|52|222|3N|N|10|SK
2|22|221|246|217|119|6H|W|11|D3
2|22|37|206|230|264|5H|W|11|D5
2|22|296|39|175|49|5H|E|11|CT
2|22|20|253|251|166|5H|W|11|ST
2|22|278|301|298|229|4S|E|11|H8
2|22|134|252|272|299|4H|W|11|D2
2|22|190|7|180|100|5DX|N|8|D9
2|22|90|124|269|95|4H|W|11|CT
2|22|188|121|147|128|4H|W|11|CT
2|22|237|143|52|222|5H|W|11|D3
2|23|221|246|217|119|3N|W|7|SJ
2|23|37|206|230|264|1N|W|9|ST
2|23|296|39|175|49|2N|E|7|SJ
2|23|20|253|251|166|2N|W|9|DT
2|23|278|301|298|229|1N|W|7|ST
2|23|134|252|272|299|2N|W|8|SJ
2|23|190|7|180|100|1N|W|8|SJ
2|23|90|124|269|95|2N|W|8|SJ
2|23|188|121|147|128|2N|W|8|SJ
2|23|237|143|52|222|3N|W|8|SJ
2|24|221|246|217|119|5HX|S|9|SK
2|24|37|206|230|264|5HX|S|10|SK
2|24|296|39|175|49|4HX|S|10|CA
2|24|20|253|251|166|4S|W|9|C3
2|24|278|301|298|229|4S|W|9|S5
2|24|134|252|272|299|5HX|S|10|SK
2|24|190|7|180|100|5HX|S|10|SK
2|24|90|124|269|95|4S|W|9|HA
2|24|188|121|147|128|5HX|S|10|SK
2|24|237|143|52|222|5HX|S|10|SK
2|25|221|246|217|119|3N|E|11|HJ
2|25|37|206|230|264|2DX|S|4|D4
2|25|296|39|175|49|3N|W|10|D9
2|25|20|253|251|166|3N|E|11|D8
2|25|278|301|298|229|3N|E|9|HJ
2|25|134|252|272|299|3N|E|10|D3
2|25|190|7|180|100|3N|E|10|HJ
2|25|90|124|269|95|3N|E|9|HJ
2|25|188|121|147|128|3N|E|9|D8
2|25|237|143|52|222|2DX|S|5|H4
2|26|221|246|217|119|3S|E|9|CA
2|26|37|206|230|264|4S|E|9|C7
2|26|296|39|175|49|4S|W|9|CT
2|26|20|253|251|166|4H|S|9|S3
2|26|278|301|298|229|3H|N|10|C4
2|26|134|252|272|299|4S|W|9|H7
2|26|190|7|180|100|5HX|S|9|S3
2|26|90|124|269|95|5H|S|9|S3
2|26|188|121|147|128|4SX|W|9|CT
2|26|237|143|52|222|4S|W|9|CT
2|27|221|246|217|119|4H|S|11|SA
2|27|37|206|230|264|4S|W|10|HK
2|27|296|39|175|49|6HX|S|11|SA
2|27|20|253|251|166|5S|W|10|HK
2|27|278|301|298|229|5S|W|12|S5
2|27|134|252|272|299|5S|W|10|HK
2|27|190|7|180|100|5S|E|10|H2
2|27|90|124|269|95|5S|W|10|HK
2|27|188|121|147|128|4S|W|10|CA
2|27|237|143|52|222|5S|W|10|HA
2|28|221|246|217|119|2H|N|8|SJ
2|28|37|206|230|264|3N|S|6|C7
2|28|296|39|175|49|2S|E|6|H5
2|28|20|253|251|166|2H|N|8|C5
2|28|278|301|298|229|3H|N|9|C2
2|28|134|252|272|299|2H|N|7|CT
2|28|190|7|180|100|3CX|E|7|H4
2|28|90|124|269|95|2N|S|5|C7
2|28|188|121|147|128|2H|N|7|H4
2|28|237|143|52|222|1N|S|9|S4
2|29|221|246|217|119|4S|E|10|S3
2|29|37|206|230|264|4S|W|11|S3
2|29|296|39|175|49|5S|E|11|DT
2|29|20|253|251|166|4S|E|10|S3
2|29|278|301|298|229|4S|E|11|DT
2|29|134|252|272|299|4S|E|11|DT
2|29|190|7|180|100|4S|E|10|DT
2|29|90|124|269|95|4S|E|10|CA
2|29|188|121|147|128|4S|E|11|CA
2|29|237|143|52|222|4S|E|10|S6
2|3|110|246|167|119|4S|N|11|C3
2|3|37|206|230|264|4S|N|11|S6
2|3|283|39|175|49|3N|N|9|S6
2|3|218|296|251|253|4S|N|11|DA
2|3|97|301|112|229|4S|N|11|C5
2|3|134|252|272|299|4S|S|11|H7
2|3|190|43|180|266|5S|N|11|D5
2|3|7|124|100|95|4S|S|11|H8
2|3|232|121|293|128|4S|S|11|D4
2|3|237|188|52|147|4S|N|12|HT
2|30|221|246|217|119|4S|N|11|C5
2|30|37|206|230|264|4S|N|11|C8
2|30|296|39|175|49|4S|N|11|D9
2|30|20|253|251|166|4S|N|11|C4
2|30|278|301|298|229|4S|N|11|D8
2|30|134|252|272|299|4S|N|10|C4
2|30|190|7|180|100|4S|N|11|C4
2|30|90|124|269|95|4S|N|11|C4
2|30|188|121|147|128|4S|N|11|D8
2|30|237|143|52|222|4S|N|11|H9
2|31|221|246|217|119|1N|E|8|D3
2|31|37|206|230|264|1N|W|8|H2
2|31|296|39|175|49|3C|E|9|C4
2|31|20|253|251|166|3C|W|8|C4
2|31|278|301|298|229|3C|W|8|DA
2|31|134|252|272|299|2S|W|7|C4
2|31|190|7|180|100|1N|W|6|H2
2|31|90|124|269|95|3H|S|8|SA
2|31|188|121|147|128|2C|E|8|HQ
2|31|237|143|52|222|4H|S|8|CA
2|32|221|246|217|119|3H|W|9|C7
2|32|37|206|230|264|4H|W|11|D3
2|32|296|39|175|49|3H|E|10|D3
2|32|20|253|251|166|3H|W|10|D2
2|32|278|301|298|229|3H|E|10|H6
2|32|134|252|272|299|3H|W|10|D3
2|32|190|7|180|100|3H|W|10|D5
2|32|90|124|269|95|4H|W|9|D5
2|32|188|121|147|128|4H|W|10|C4
2|32|237|143|52|222|6H|W|10|S7
2|4|110|246|167|119|4S|E|9|DK
2|4|37|206|230|264|3S|E|9|DK
2|4|283|39|175|49|3S|E|9|DK
2|4|218|296|251|253|2S|E|8|DK
2|4|97|301|112|229|3S|E|9|DK
2|4|134|252|272|299|3S|E|9|DK
2|4|190|43|180|266|3DX|S|6|H4
2|4|7|124|100|95|3S|E|8|DK
2|4|232|121|293|128|4D|S|6|S5
2|4|237|188|52|147|2D|S|7|SK
2|5|110|246|167|119|1N|W|8|DK
2|5|37|206|230|264|2N|E|7|S6
2|5|283|39|175|49|2N|E|6|S6
2|5|218|296|251|253|2S|S|6|H2
2|5|97|301|112|229|4H|E|8|D6
2|5|134|252|272|299|1N|E|8|D6
2|5|190|43|180|266|3C|W|8|DK
2|5|7|124|100|95|2N|E|6|S3
2|5|232|121|293|128|2S|N|6|HA
2|5|237|188|52|147|1N|E|7|D8
2|6|110|246|167|119|4S|E|9|DQ
2|6|37|206|230|264|2S|W|10|DQ
2|6|283|39|175|49|4S|W|8|H8
2|6|218|296|251|253|3N|E|8|D6
2|6|97|301|112|229|3N|E|7|D6
2|6|134|252|272|299|2S|W|9|DQ
2|6|190|43|180|266|4S|W|9|DQ
2|6|7|124|100|95|3N|E|8|D2
2|6|232|121|293|128|3S|W|8|DQ
2|6|237|188|52|147|2S|W|9|DQ
2|7|110|246|167|119|3N|E|8|H6
2|7|37|206|230|264|3N|E|7|D8
2|7|283|39|175|49|3N|E|8|D3
2|7|218|296|251|253|3N|E|6|D8
2|7|97|301|112|229|3N|E|8|D8
2|7|134|252|272|299|3N|E|9|H2
2|7|190|43|180|266|3N|E|8|D9
2|7|7|124|100|95|3N|E|8|D3
2|7|232|121|293|128|3N|E|8|D9
2|7|237|188|52|147|3N|E|8|D9
2|8|110|246|167|119|3N|E|9|H7
2|8|37|206|230|264|3N|E|11|H2
2|8|283|39|175|49|2S|E|9|H7
2|8|218|296|251|253|3S|E|10|H2
2|8|97|301|112|229|4S|E|10|H2
2|8|134|252|272|299|3N|E|10|H2
2|8|190|43|180|266|3N|E|11|H7
2|8|7|124|100|95|3N|E|9|H7
2|8|232|121|293|128|3N|E|10|H7
2|8|237|188|52|147|3N|E|10|H7
2|9|110|246|167|119|5H|S|10|CJ
2|9|37|206|230|264|5S|E|9|HT
2|9|283|39|175|49|3C|N|11|D5
2|9|218|296|251|253|6HX|N|10|SA
2|9|97|301|112|229|5C|N|11|C8
2|9|134|252|272|299|5CX|N|11|H8
2|9|190|43|180|266|5HX|S|10|S2
2|9|7|124|100|95|5HX|N|10|D8
2|9|232|121|293|128|3H|N|9|C5
2|9|237|188|52|147|4S|E|10|HJ
3|1|37|283|230|166|4SX|E|10|H4
3|1|296|246|175|119|4S|E|10|H4
3|1|39|278|49|298|3S|E|10|H4
3|1|97|218|112|251|4SX|E|10|H7
3|1|301|124|229|95|5HX|N|7|SQ
3|1|190|134|180|272|3S|E|10|H3
3|1|43|121|266|128|P||0
3|1|237|90|52|269|3H|N|7|SQ
3|1|221|232|217|293|P||0
3|1|188|110|147|167|P||0
3|10|37|283|230|166|4H|S|11|S5
3|10|296|246|175|119|4S|S|11|C4
3|10|39|278|49|298|4H|S|11|S5
3|10|97|218|112|251|4H|S|11|S4
3|10|301|124|229|95|4H|S|11|S5
3|10|190|134|180|272|6H|S|10|H2
3|10|43|121|266|128|4H|S|11|S5
3|10|237|90|52|269|4S|N|9|C7
3|10|221|232|217|293|4H|S|11|S5
3|10|188|110|147|167|4S|N|9|C7
3|11|37|283|230|166|5H|S|9|S3
3|11|296|246|175|119|4H|S|9|S8
3|11|39|278|49|298|3C|N|10|SK
3|11|97|218|112|251|4H|S|9|S8
3|11|301|124|229|95|4C|N|10|SK
3|11|190|134|180|272|3H|S|8|S8
3|11|43|121|266|128|4H|S|9|S8
3|11|237|90|52|269|4H|S|8|S3
3|11|221|232|217|293|4H|S|8|H2
3|11|188|110|147|167|3H|S|9|S3
3|12|37|283|230|166|3D|S|10|HK
3|12|296|246|175|119|4H|S|8|HK
3|12|39|278|49|298|2S|W|6|C6
3|12|97|218|112|251|3D|S|10|HK
3|12|301|124|229|95|3C|N|7|SK
3|12|190|134|180|272|5D|S|10|HK
3|12|43|121|266|128|2S|N|7|H9
3|12|237|90|52|269|4H|S|8|C5
3|12|221|232|217|293|1S|N|8|C4
3|12|188|110|147|167|2S|W|7|HA
3|13|37|283|230|166|4DX|E|7|H5
3|13|296|246|175|119|3C|E|8|S4
3|13|39|278|49|298|3C|W|8|C7
3|13|97|218|112|251|3S|N|9|DT
3|13|301|124|229|95|5CX|W|8|C3
3|13|190|134|180|272|3CX|E|8|C4
3|13|43|121|266|128|2CX|W|8|C3
3|13|237|90|52|269|3S|N|9|DT
3|13|221|232|217|293|3S|N|9|DT
3|13|188|110|147|167|4S|N|8|C8
3|14|37|283|230|166|4C|S|7|DJ
3|14|296|246|175|119|3H|W|5|CJ
3|14|39|278|49|298|4S|W|8|CJ
3|14|97|218|112|251|3H|N|8|SA
3|14|301|124|229|95|3S|W|8|CJ
3|14|190|134|180|272|2S|W|8|CJ
3|14|43|121|266|128|4S|W|8|CJ
3|14|237|90|52|269|3S|W|8|CJ
3|14|221|232|217|293|4S|W|9|CJ
3|14|188|110|147|167|2S|W|10|CJ
3|15|37|283|230|166|6C|E|10|SA
3|15|296|246|175|119|3N|E|7|ST
3|15|39|278|49|298|3N|E|7|ST
3|15|97|218|112|251|3D|W|10|HQ
3|15|301|124|229|95|5C|E|11|SK
3|15|190|134|180|272|3D|W|11|SK
3|15|43|121|266|128|3D|W|11|HQ
3|15|237|90|52|269|3D|W|10|SK
3|15|221|232|217|293|5DX|W|11|SK
3|15|188|110|147|167|5C|W|10|SK
3|16|37|283|230|166|4S|N|10|S9
3|16|296|246|175|119|4S|N|9|D7
3|16|39|278|49|298|4S|N|10|D7
3|16|97|218|112|251|4S|N|10|S9
3|16|301|124|229|95|4S|N|10|D5
3|16|190|134|180|272|4S|N|10|D7
3|16|43|121|266|128|4S|N|10|H4
3|16|237|90|52|269|4S|N|10|D5
3|16|221|232|217|293|3S|N|10|D5
3|16|188|110|147|167|4S|N|9|H4
3|17|37|253|230|166|1NX|N|6|C3
3|17|283|246|175|119|2H|N|7|H3
3|17|39|278|49|298|1N|S|7|HQ
3|17|97|20|112|251|1N|S|6|HK
3|17|301|124|229|95|1N|S|6|HK
3|17|190|134|180|272|1N|S|6|HK
3|17|43|121|266|128|2H|S|7|D5
3|17|237|90|52|269|2S|N|6|D9
3|17|206|232|264|293|2H|N|7|D9
3|17|143|110|222|167|2N|N|6|D9
3|18|37|253|230|166|4D|S|10|SQ
3|18|283|246|175|119|4S|E|9|CA
3|18|39|278|49|298|4D|S|9|SK
3|18|97|20|112|251|5C|S|9|SA
3|18|301|124|229|95|3S|E|8|CK
3|18|190|134|180|272|3N|S|7|SA
3|18|43|121|266|128|3S|W|8|D3
3|18|237|90|52|269|4D|S|10|SA
3|18|206|232|264|293|5D|S|10|SA
3|18|143|110|222|167|5D|S|9|SK
3|19|37|253|230|166|4S|W|11|S6
3|19|283|246|175|119|4S|W|11|S5
3|19|39|278|49|298|3S|W|11|S6
3|19|97|20|112|251|5HX|S|9|SA
3|19|301|124|229|95|5HX|S|9|SA
3|19|190|134|180|272|3HX|S|7|SK
3|19|43|121|266|128|5HX|S|7|SA
3|19|237|90|52|269|4S|W|11|HT
3|19|206|232|264|293|4S|W|10|H6
3|19|143|110|222|167|4SX|W|11|H4
3|2|37|283|230|166|4S|W|10|D6
3|2|296|246|175|119|2S|W|8|C4
3|2|39|278|49|298|2S|E|10|D8
3|2|97|218|112|251|4S|E|10|HA
3|2|301|124|229|95|4S|E|8|CK
3|2|190|134|180|272|3H|S|8|DA
3|2|43|121|266|128|4S|E|10|HA
3|2|237|90|52|269|2S|E|9|D9
3|2|221|232|217|293|2S|E|9|HA
3|2|188|110|147|167|2S|E|9|D8
3|20|37|253|230|166|4H|N|10|S5
3|20|283|246|175|119|3N|N|9|D5
3|20|39|278|49|298|3N|N|8|S8
3|20|97|20|112|251|3N|N|9|D5
3|20|301|124|229|95|2N|N|9|D5
3|20|190|134|180|272|2H|S|10|DQ
3|20|43|121|266|128|2H|S|10|DQ
3|20|237|90|52|269|2N|N|9|S8
3|20|206|232|264|293|3N|N|8|S5
3|20|143|110|222|167|3N|N|8|D4
3|21|283|246|175|119|3S|S|10|C2
3|21|37|253|230|166|3H|N|8|CK
3|21|97|20|112|251|3S|S|10|C2
3|21|39|278|49|298|3S|S|10|CK
3|21|190|134|180|272|3S|S|10|C2
3|21|301|124|229|95|2H|S|10|H8
3|21|43|121|266|128|4S|S|10|C2
3|21|237|90|52|269|4S|S|9|D2
3|21|206|232|264|293|3S|S|10|D2
3|21|143|110|222|167|3S|S|10|C7
3|22|283|246|175|119|4S|S|9|HA
3|22|37|253|230|166|4S|S|8|HK
3|22|97|20|112|251|4S|S|9|HK
3|22|39|278|49|298|4S|S|9|HK
3|22|190|134|180|272|4S|S|11|HK
3|22|301|124|229|95|3S|S|11|D5
3|22|237|90|52|269|3S|S|10|HK
3|22|43|121|266|128|4S|S|11|D5
3|22|143|110|222|167|3HX|W|8|S3
3|22|206|232|264|293|4S|S|10|HK
3|23|283|246|175|119|2S|E|9|H7
3|23|37|253|230|166|2S|W|10|H7
3|23|97|20|112|251|2S|E|8|H7
3|23|39|278|49|298|3S|E|9|H3
3|23|190|134|180|272|2S|E|10|H8
3|23|301|124|229|95|2S|E|10|S7
3|23|237|90|52|269|2S|E|9|H7
3|23|43|121|266|128|2S|E|10|H5
3|23|143|110|222|167|2S|E|9|HJ
3|23|206|232|264|293|2S|E|9|H7
3|24|283|246|175|119|3H|S|7|D6
3|24|37|253|230|166|4H|S|6|D5
3|24|97|20|112|251|3S|W|9|CA
3|24|39|278|49|298|3S|W|9|CK
3|24|190|134|180|272|3S|W|9|CA
3|24|301|124|229|95|3HX|S|6|C5
3|24|237|90|52|269|3HX|S|7|SA
3|24|43|121|266|128|4S|W|9|CA
3|24|143|110|222|167|3S|E|8|CK
3|24|206|232|264|293|4S|W|8|CA
3|25|283|246|175|119|3H|E|11|DT
3|25|37|253|230|166|3S|S|8|H9
3|25|97|20|112|251|3S|S|8|H7
3|25|39|278|49|298|3S|N|8|HQ
3|25|190|134|180|272|4H|W|10|SK
3|25|301|124|229|95|2H|E|10|DT
3|25|237|90|52|269|4SX|S|8|H4
3|25|43|121|266|128|4SX|S|8|H9
3|25|143|110|222|167|3S|S|8|H4
3|25|206|232|264|293|4H|W|9|SJ
3|26|283|246|175|119|4D|E|9|HT
3|26|37|253|230|166|5D|E|9|H4
3|26|97|20|112|251|3N|E|8|H4
3|26|39|278|49|298|5D|E|9|HT
3|26|190|134|180|272|5D|E|9|HT
3|26|301|124|229|95|3D|E|10|S4
3|26|237|90|52|269|3D|E|10|HT
3|26|43|121|266|128|4D|E|9|H9
3|26|143|110|222|167|2D|E|10|DA
3|26|206|232|264|293|5D|E|10|H4
3|27|283|246|175|119|5SX|N|11|H7
3|27|37|253|230|166|5DX|W|10|HQ
3|27|97|20|112|251|5H|S|10|DA
3|27|39|278|49|298|4H|S|10|DK
3|27|190|134|180|272|5S|N|11|H7
3|27|301|124|229|95|5HX|S|10|DA
3|27|237|90|52|269|6H|S|10|DA
3|27|43|121|266|128|4H|S|10|DA
3|27|143|110|222|167|5H|S|10|DK
3|27|206|232|264|293|5DX|W|9|HQ
3|28|283|246|175|119|2H|W|10|ST
3|28|37|253|230|166|2H|W|10|S6
3|28|97|20|112|251|2H|W|9|C5
3|28|39|278|49|298|3H|W|10|S6
3|28|190|134|180|272|2H|W|9|ST
3|28|301|124|229|95|3H|W|11|S5
3|28|237|90|52|269|4H|W|10|ST
3|28|43|121|266|128|3N|W|8|S5
3|28|143|110|222|167|4H|W|8|D5
3|28|206|232|264|293|4H|W|9|ST
3|29|283|246|175|119|2S|W|9|H9
3|29|37|253|230|166|2S|W|9|H3
3|29|97|20|112|251|2S|W|9|CK
3|29|39|278|49|298|2S|W|9|H4
3|29|190|134|180|272|3S|W|9|CK
3|29|301|124|229|95|2H|E|9|H9
3|29|237|90|52|269|2S|W|9|D2
3|29|43|121|266|128|3S|W|9|D2
3|29|143|110|222|167|3S|W|9|H9
3|29|206|232|264|293|2S|W|9|CK
3|3|37|283|230|166|2H|N|6|S7
3|3|296|246|175|119|3C|E|11|H3
3|3|39|278|49|298|2H|N|7|S7
3|3|97|218|112|251|2H|N|7|S7
3|3|301|124|229|95|3C|E|9|D8
3|3|190|134|180|272|2H|N|7|S7
3|3|43|121|266|128|4C|E|9|H5
3|3|237|90|52|269|4H|S|6|CK
3|3|221|232|217|293|2H|N|6|S7
3|3|188|110|147|167|2H|N|7|S7
3|30|283|246|175|119|4H|S|11|S4
3|30|37|253|230|166|6H|N|11|SQ
3|30|97|20|112|251|4H|S|11|S4
3|30|39|278|49|298|4H|S|11|HT
3|30|190|134|180|272|4H|N|11|S4
3|30|301|124|229|95|4H|S|11|S8
3|30|237|90|52|269|5H|S|11|H6
3|30|43|121|266|128|4H|S|11|S4
3|30|143|110|222|167|4H|S|11|D4
3|30|206|232|264|293|6H|S|11|H6
3|31|283|246|175|119|3N|N|9|DQ
3|31|37|253|230|166|2S|N|9|DQ
3|31|97|20|112|251|3N|S|11|H4
3|31|39|278|49|298|3N|N|8|DJ
3|31|190|134|180|272|4S|N|8|HA
3|31|301|124|229|95|3N|N|9|DQ
3|31|237|90|52|269|1S|N|6|DQ
3|31|43|121|266|128|3N|N|10|HQ
3|31|143|110|222|167|4S|N|7|HA
3|31|206|232|264|293|4HX|E|6|D8
3|32|283|246|175|119|5H|W|9|D8
3|32|37|253|230|166|5DX|N|7|DQ
3|32|97|20|112|251|4H|W|10|CT
3|32|39|278|49|298|4H|W|10|CT
3|32|190|134|180|272|5DX|N|6|DQ
3|32|301|124|229|95|6DX|S|8|HA
3|32|237|90|52|269|4H|W|10|CT
3|32|43|121|266|128|4H|W|11|S5
3|32|143|110|222|167|4H|W|9|CT
3|32|206|232|264|293|4H|W|9|D9
3|4|37|283|230|166|4S|S|10|ST
3|4|296|246|175|119|3S|N|10|HK
3|4|39|278|49|298|2S|S|10|D7
3|4|97|218|112|251|4S|N|10|HK
3|4|301|124|229|95|4S|S|10|C2
3|4|190|134|180|272|2S|N|10|HK
3|4|43|121|266|128|4S|N|10|S6
3|4|237|90|52|269|4S|N|10|HK
3|4|221|232|217|293|4S|S|10|HA
3|4|188|110|147|167|2S|S|10|D3
3|5|37|283|230|166|2S|S|7|H4
3|5|296|246|175|119|3D|N|8|HJ
3|5|39|278|49|298|3D|N|6|HJ
3|5|97|218|112|251|2H|S|5|C8
3|5|301|124|229|95|2S|S|8|DJ
3|5|190|134|180|272|2H|W|7|DA
3|5|43|121|266|128|3D|S|9|DJ
3|5|237|90|52|269|3D|N|9|HJ
3|5|221|232|217|293|3N|N|5|HJ
3|5|188|110|147|167|3D|N|7|HJ
3|6|37|283|230|166|3N|N|9|S8
3|6|296|246|175|119|4H|S|10|H3
3|6|39|278|49|298|2H|S|10|D7
3|6|97|218|112|251|1N|E|5|H6
3|6|301|124|229|95|3H|N|9|C6
3|6|190|134|180|272|4H|N|9|C3
3|6|43|121|266|128|3H|S|10|C3
3|6|237|90|52|269|3H|S|9|S8
3|6|221|232|217|293|2H|S|9|S8
3|6|188|110|147|167|2H|S|9|C6
3|7|37|283|230|166|2S|N|10|CK
3|7|296|246|175|119|4S|N|10|CK
3|7|39|278|49|298|2S|S|10|CA
3|7|97|218|112|251|4S|S|10|H6
3|7|301|124|229|95|4S|N|10|CK
3|7|190|134|180|272|2S|S|9|H6
3|7|43|121|266|128|3C|W|9|D2
3|7|237|90|52|269|4S|N|10|CK
3|7|221|232|217|293|4S|S|10|CA
3|7|188|110|147|167|4S|N|10|CK
3|8|37|283|230|166|3D|N|9|HK
3|8|296|246|175|119|1N|N|7|C4
3|8|39|278|49|298|3N|N|9|C2
3|8|97|218|112|251|1N|E|5|DA
3|8|301|124|229|95|3D|N|9|HK
3|8|190|134|180|272|2N|S|8|C7
3|8|43|121|266|128|1N|W|5|DA
3|8|237|90|52|269|3D|N|9|HK
3|8|221|232|217|293|3D|S|10|HK
3|8|188|110|147|167|4D|N|9|HK
3|9|37|283|230|166|3D|N|9|H6
3|9|296|246|175|119|3N|N|9|H2
3|9|39|278|49|298|3D|N|9|H4
3|9|97|218|112|251|3N|N|9|H2
3|9|301|124|229|95|3D|N|7|D2
3|9|190|134|180|272|3N|N|7|H4
3|9|43|121|266|128|3N|S|9|H2
3|9|237|90|52|269|3C|S|9|H3
3|9|221|232|217|293|3C|S|9|D9
3|9|188|110|147|167|3N|S|9|H3
4|1|37|252|230|299|2S|N|10|H3
4|1|97|246|112|119|3S|N|9|D8
4|1|218|124|251|95|2S|N|9|H3
4|1|190|20|180|164|3S|N|9|H3
4|1|301|121|229|128|3H|W|8|C2
4|1|237|134|52|272|2S|N|9|H7
4|1|7|143|100|222|4SX|N|9|H2
4|1|188|90|147|269|3C|N|10|H3
4|1|283|221|175|217|4S|N|9|H3
4|1|206|253|264|166|2S|N|10|D9
4|10|37|252|230|299|4H|S|10|C8
4|10|97|246|112|119|3N|S|10|D4
4|10|218|124|251|95|4H|S|10|C3
4|10|190|20|180|164|3N|S|9|D2
4|10|301|121|229|128|4H|S|10|S4
4|10|237|134|52|272|3N|S|9|D4
4|10|7|143|100|222|4H|S|10|C9
4|10|188|90|147|269|3N|S|10|D4
4|10|283|221|175|217|4H|S|10|DA
4|10|206|253|264|166|4H|S|10|C8
4|11|37|252|230|299|3C|S|10|S7
4|11|97|246|112|119|5C|N|10|S9
4|11|218|124|251|95|3N|S|10|DQ
4|11|190|20|180|164|3N|S|10|DQ
4|11|301|121|229|128|3N|S|10|DT
4|11|237|134|52|272|3N|S|10|DQ
4|11|7|143|100|222|3C|N|10|SA
4|11|188|90|147|269|3N|S|11|DA
4|11|283|221|175|217|3N|S|10|DJ
4|11|206|253|264|166|1N|N|6|S6
4|12|37|252|230|299|4S|N|12|C5
4|12|97|246|112|119|6S|N|12|HA
4|12|218|124|251|95|6S|N|12|S9
4|12|190|20|180|164|6S|N|12|D2
4|12|301|121|229|128|4S|N|12|D5
4|12|237|134|52|272|4S|N|12|S3
4|12|7|143|100|222|6S|N|12|D3
4|12|188|90|147|269|6S|N|12|D2
4|12|283|221|175|217|4S|N|12|H4
4|12|206|253|264|166|6S|N|12|S3
4|13|37|252|230|299|6C|W|13|C4
4|13|97|246|112|119|6C|W|12|HT
4|13|218|124|251|95|2HX|S|6|SA
4|13|190|20|180|164|2HX|S|5|SK
4|13|301|121|229|128|6C|W|12|HT
4|13|237|134|52|272|6CX|W|12|HT
4|13|7|143|100|222|6S|E|13|C7
4|13|188|90|147|269|6C|W|12|HT
4|13|283|221|175|217|7C|W|12|DA
4|13|206|253|264|166|6C|W|12|HT
4|14|37|252|230|299|6H|E|12|SJ
4|14|97|246|112|119|6H|E|12|S6
4|14|218|124|251|95|6H|E|12|SQ
4|14|190|20|180|164|5H|E|12|SQ
4|14|301|121|229|128|6H|E|12|SQ
4|14|237|134|52|272|6N|W|12|DT
4|14|7|143|100|222|5H|E|12|SQ
4|14|188|90|147|269|7NX|E|12|HA
4|14|283|221|175|217|6H|E|12|SQ
4|14|206|253|264|166|4S|E|9|D6
4|15|37|252|230|299|4H|S|11|DK
4|15|97|246|112|119|4H|S|10|DK
4|15|218|124|251|95|4H|S|11|CJ
4|15|190|20|180|164|4H|S|12|DK
4|15|301|121|229|128|4H|S|10|DK
4|15|237|134|52|272|4H|S|10|CJ
4|15|7|143|100|222|4H|S|10|DK
4|15|188|90|147|269|5H|S|10|DK
4|15|283|221|175|217|4H|S|11|DK
4|15|206|253|264|166|4H|S|11|DK
4|16|37|252|230|299|4S|E|10|D5
4|16|97|246|112|119|3N|E|10|D5
4|16|218|124|251|95|3N|E|10|D5
4|16|190|20|180|164|3N|E|10|H5
4|16|301|121|229|128|2DX|N|5|C6
4|16|237|134|52|272|4S|E|11|D7
4|16|7|143|100|222|2H|S|7|CK
4|16|188|90|147|269|3N|E|10|D5
4|16|283|221|175|217|3C|W|10|C4
4|16|206|253|264|166|2H|N|7|C6
4|17|186|252|2|299|3N|W|9|HK
4|17|278|246|298|119|4D|E|11|H9
4|17|165|124|115|95|3N|W|9|HQ
4|17|190|20|180|164|3N|W|9|HA
4|17|301|121|229|128|3N|W|10|HA
4|17|237|134|52|272|4S|E|10|HT
4|17|43|143|266|222|5D|E|11|C6
4|17|188|90|147|269|4S|E|9|HT
4|17|296|110|283|167|3N|W|9|HA
4|17|206|253|264|166|3N|W|9|HA
4|18|186|252|2|299|4D|S|9|H8
4|18|278|246|298|119|4D|S|9|SA
4|18|165|124|115|95|3S|E|9|C6
4|18|190|20|180|164|3D|S|8|D5
4|18|301|121|229|128|4D|S|9|H8
4|18|237|134|52|272|5SX|W|10|C6
4|18|43|143|266|222|3S|W|9|C6
4|18|188|90|147|269|3D|S|8|D5
4|18|296|110|283|167|3D|S|9|SA
4|18|206|253|264|166|3S|W|9|C5
4|19|186|252|2|299|3H|N|9|DJ
4|19|278|246|298|119|2H|N|8|DJ
4|19|165|124|115|95|2H|N|8|DJ
4|19|190|20|180|164|3H|N|7|DJ
4|19|301|121|229|128|2H|N|10|C5
4|19|237|134|52|272|1N|S|8|SQ
4|19|43|143|266|222|1N|N|9|C6
4|19|188|90|147|269|2H|N|8|S3
4|19|296|110|283|167|2H|N|8|DJ
4|19|206|253|264|166|2H|N|8|DJ
4|2|37|252|230|299|4S|W|10|H8
4|2|97|246|112|119|4S|W|10|HQ
4|2|218|124|251|95|3S|W|10|CK
4|2|190|20|180|164|4S|W|10|H5
4|2|301|121|229|128|3S|W|10|CK
4|2|237|134|52|272|4S|W|10|CK
4|2|7|143|100|222|4SX|E|10|H5
4|2|188|90|147|269|4SX|W|10|SQ
4|2|283|221|175|217|5HX|S|8|S8
4|2|206|253|264|166|4SX|W|10|H8
4|20|186|252|2|299|3C|N|10|SK
4|20|278|246|298|119|2H|W|7|CK
4|20|165|124|115|95|3S|E|10|H5
4|20|190|20|180|164|3S|E|8|C9
4|20|301|121|229|128|3D|E|6|C9
4|20|237|134|52|272|2H|S|5|D5
4|20|43|143|266|222|3CX|N|9|SQ
4|20|188|90|147|269|3S|E|9|HK
4|20|296|110|283|167|3C|N|9|SK
4|20|206|253|264|166|3S|E|9|C4
4|21|186|252|2|299|3N|N|10|D7
4|21|278|246|298|119|3N|N|10|HK
4|21|165|124|115|95|3N|N|9|HK
4|21|190|20|180|164|3N|N|9|HK
4|21|301|121|229|128|3N|N|10|HK
4|21|237|134|52|272|3N|N|9|HQ
4|21|43|143|266|222|3N|N|9|C3
4|21|188|90|147|269|3N|N|9|HK
4|21|296|110|283|167|3N|N|10|HK
4|21|206|253|264|166|3N|N|10|D7
4|22|186|252|2|299|2H|S|8|DJ
4|22|278|246|298|119|4H|S|7|DJ
4|22|165|124|115|95|4H|S|7|DJ
4|22|190|20|180|164|3N|S|8|DJ
4|22|301|121|229|128|2H|S|8|DJ
4|22|237|134|52|272|1N|S|7|DJ
4|22|43|143|266|222|4H|N|9|S6
4|22|188|90|147|269|3N|S|7|DJ
4|22|296|110|283|167|4H|N|7|S4
4|22|206|253|264|166|4H|N|6|S4
4|23|186|252|2|299|4HX|S|8|DQ
4|23|278|246|298|119|3HX|S|8|S2
4|23|165|124|115|95|3C|S|7|DQ
4|23|190|20|180|164|4HX|S|7|S2
4|23|301|121|229|128|3H|S|7|DQ
4|23|237|134|52|272|4H|S|8|DQ
4|23|43|143|266|222|4H|N|7|DQ
4|23|188|90|147|269|4H|S|7|DQ
4|23|296|110|283|167|2H|S|8|DQ
4|23|206|253|264|166|4H|S|8|DQ
4|24|186|252|2|299|3N|W|11|S6
4|24|278|246|298|119|4N|W|9|D5
4|24|165|124|115|95|3N|W|10|DT
4|24|190|20|180|164|3N|W|7|D3
4|24|301|121|229|128|3N|W|10|S4
4|24|237|134|52|272|3N|W|9|D3
4|24|43|143|266|222|3N|W|11|S4
4|24|188|90|147|269|3N|W|7|HQ
4|24|296|110|283|167|3N|E|9|DQ
4|24|206|253|264|166|3N|W|10|D7
4|25|186|252|2|299|5D|S|10|CQ
4|25|278|246|298|119|4D|S|10|CQ
4|25|165|124|115|95|2D|S|13|D6
4|25|190|20|180|164|2D|S|11|S3
4|25|301|121|229|128|5DX|S|10|CQ
4|25|237|134|52|272|4D|S|10|CQ
4|25|43|143|266|222|5DX|S|10|CQ
4|25|188|90|147|269|5DX|N|10|HA
4|25|296|110|283|167|4H|E|6|C3
4|25|206|253|264|166|2D|S|11|D6
4|26|186|252|2|299|3N|W|9|S2
4|26|278|246|298|119|3N|W|9|S2
4|26|165|124|115|95|3N|W|8|S2
4|26|190|20|180|164|3N|W|8|S2
4|26|301|121|229|128|3N|W|9|S2
4|26|237|134|52|272|3N|W|9|HK
4|26|43|143|266|222|3N|W|9|H5
4|26|188|90|147|269|3N|W|8|S2
4|26|296|110|283|167|3N|W|9|S2
4|26|206|253|264|166|3N|W|10|S2
4|27|186|252|2|299|6S|E|10|HT
4|27|278|246|298|119|4S|W|11|CT
4|27|165|124|115|95|4S|E|10|HJ
4|27|190|20|180|164|4S|W|11|S4
4|27|301|121|229|128|5S|E|10|HJ
4|27|237|134|52|272|4S|E|10|HJ
4|27|43|143|266|222|4S|E|10|HJ
4|27|188|90|147|269|4S|E|10|HJ
4|27|296|110|283|167|4S|W|12|D6
4|27|206|253|264|166|3S|E|10|HJ
4|28|186|252|2|299|1H|E|9|D8
4|28|278|246|298|119|3S|N|8|HA
4|28|165|124|115|95|3S|S|8|H8
4|28|190|20|180|164|3S|N|8|HA
4|28|301|121|229|128|3S|N|8|HA
4|28|237|134|52|272|3D|E|8|D9
4|28|43|143|266|222|3S|N|8|HK
4|28|188|90|147|269|1H|E|9|CK
4|28|296|110|283|167|3D|E|8|S2
4|28|206|253|264|166|3S|N|8|HA
4|29|186|252|2|299|3H|S|8|CT
4|29|278|246|298|119|2S|E|7|D8
4|29|165|124|115|95|3C|N|9|SK
4|29|190|20|180|164|3S|E|7|SA
4|29|301|121|229|128|3C|S|8|S9
4|29|237|134|52|272|2S|E|6|SA
4|29|43|143|266|222|2S|E|7|D6
4|29|188|90|147|269|3C|N|9|SK
4|29|296|110|283|167|2S|E|7|SA
4|29|206|253|264|166|3C|N|9|SK
4|3|37|252|230|299|3N|N|8|D5
4|3|97|246|112|119|2S|S|9|DJ
4|3|218|124|251|95|2S|N|8|C7
4|3|190|20|180|164|3S|N|9|HK
4|3|301|121|229|128|3N|N|10|D3
4|3|237|134|52|272|3C|S|7|C5
4|3|7|143|100|222|3C|N|8|HK
4|3|188|90|147|269|2S|N|10|S5
4|3|283|221|175|217|2S|N|7|C7
4|3|206|253|264|166|2S|N|8|C7
4|30|186|252|2|299|3N|W|8|HQ
4|30|278|246|298|119|1N|W|8|H5
4|30|165|124|115|95|4S|W|9|C6
4|30|190|20|180|164|4S|W|8|C6
4|30|301|121|229|128|3S|E|9|H2
4|30|237|134|52|272|4S|E|9|CK
4|30|43|143|266|222|2CX|S|8|DK
4|30|188|90|147|269|3N|W|6|C2
4|30|296|110|283|167|4S|W|8|C6
4|30|206|253|264|166|3N|W|6|C2
4|31|186|252|2|299|3C|W|8|HJ
4|31|278|246|298|119|3H|N|9|D9
4|31|165|124|115|95|2H|N|9|C6
4|31|190|20|180|164|3H|N|10|DT
4|31|301|121|229|128|3D|W|8|H6
4|31|237|134|52|272|3H|N|10|D5
4|31|43|143|266|222|2H|N|9|C6
4|31|188|90|147|269|3H|N|9|D3
4|31|296|110|283|167|3H|N|10|D3
4|31|206|253|264|166|3D|E|8|H6
4|32|186|252|2|299|5D|S|12|SK
4|32|278|246|298|119|5D|S|11|SK
4|32|165|124|115|95|3D|S|12|SK
4|32|190|20|180|164|4H|N|11|CA
4|32|301|121|229|128|3N|S|7|SK
4|32|237|134|52|272|3N|S|7|S6
4|32|43|143|266|222|4H|N|12|D3
4|32|188|90|147|269|4D|S|12|SA
4|32|296|110|283|167|5D|S|12|SK
4|32|206|253|264|166|5D|S|12|SK
4|4|37|252|230|299|2S|W|6|C4
4|4|97|246|112|119|2H|S|10|CK
4|4|218|124|251|95|2H|N|10|S3
4|4|190|20|180|164|2S|W|8|C4
4|4|301|121|229|128|3H|N|11|H4
4|4|237|134|52|272|2S|W|6|C4
4|4|7|143|100|222|2S|W|7|C4
4|4|188|90|147|269|2S|E|5|HQ
4|4|283|221|175|217|3H|N|10|S3
4|4|206|253|264|166|2S|W|7|C4
4|5|37|252|230|299|4H|S|11|D8
4|5|97|246|112|119|4H|S|11|D8
4|5|218|124|251|95|5D|N|11|S3
4|5|190|20|180|164|4H|S|12|C3
4|5|301|121|229|128|4H|N|12|H6
4|5|237|134|52|272|5H|N|12|H6
4|5|7|143|100|222|4H|N|12|C3
4|5|188|90|147|269|6H|S|11|D8
4|5|283|221|175|217|4H|S|11|D8
4|5|206|253|264|166|4SX|W|7|CQ
4|6|37|252|230|299|2N|W|9|S6
4|6|97|246|112|119|4H|N|10|D3
4|6|218|124|251|95|5CX|E|9|HA
4|6|190|20|180|164|3C|W|8|S4
4|6|301|121|229|128|3D|E|7|S4
4|6|237|134|52|272|3C|E|9|S4
4|6|7|143|100|222|3D|W|8|HA
4|6|188|90|147|269|3D|W|8|S6
4|6|283|221|175|217|3H|S|9|SA
4|6|206|253|264|166|2S|N|6|D3
4|7|37|252|230|299|4H|N|8|SK
4|7|97|246|112|119|1N|W|7|HA
4|7|218|124|251|95|4H|N|9|SA
4|7|190|20|180|164|3H|N|9|SA
4|7|301|121|229|128|2H|N|8|SA
4|7|237|134|52|272|4H|N|9|SK
4|7|7|143|100|222|3H|N|9|SK
4|7|188|90|147|269|3H|N|9|SK
4|7|283|221|175|217|4H|N|9|SK
4|7|206|253|264|166|4H|N|9|SA
4|8|37|252|230|299|4S|N|9|HK
4|8|97|246|112|119|4H|S|3|D3
4|8|218|124|251|95|4S|N|9|HK
4|8|190|20|180|164|4S|N|9|HK
4|8|301|121|229|128|4S|S|10|HA
4|8|237|134|52|272|4S|N|9|HK
4|8|7|143|100|222|4S|N|10|HK
4|8|188|90|147|269|4S|N|10|D6
4|8|283|221|175|217|4S|N|10|D6
4|8|206|253|264|166|5HX|W|11|SA
4|9|37|252|230|299|4H|N|10|S6
4|9|97|246|112|119|4H|S|10|D6
4|9|218|124|251|95|4H|S|10|S3
4|9|190|20|180|164|2C|W|8|ST
4|9|301|121|229|128|3H|N|9|CJ
4|9|237|134|52|272|4HX|N|10|S2
4|9|7|143|100|222|3H|S|10|CK
4|9|188|90|147|269|2H|N|10|CJ
4|9|283|221|175|217|4H|N|10|H7
4|9|206|253|264|166|3H|N|10|H7
5|1|190|246|180|119|2D|E|9|SA
5|1|186|124|2|95|2D|E|9|SA
5|1|237|20|52|164|2S|N|6|D3
5|1|218|121|251|128|2N|E|10|C5
5|1|43|134|266|272|2D|E|8|SA
5|1|301|7|229|100|3D|E|9|SA
5|1|110|252|167|299|2D|E|9|SA
5|1|97|221|112|217|3N|E|9|C4
5|1|232|296|293|253|3S|N|8|S5
5|1|283|168|175|290|3D|E|10|C5
5|10|190|246|180|119|4H|W|10|SQ
5|10|186|124|2|95|P||0
5|10|237|20|52|164|4H|W|10|CT
5|10|218|121|251|128|P||0
5|10|43|134|266|272|P||0
5|10|301|7|229|100|4HX|W|8|CT
5|10|110|252|167|299|3H|E|10|SQ
5|10|97|221|112|217|P||0
5|10|232|296|293|253|P||0
5|10|283|168|175|290|P||0
5|11|190|246|180|119|4C|W|9|DA
5|11|186|124|2|95|3S|W|6|DA
5|11|237|20|52|164|4D|S|9|CK
5|11|218|121|251|128|4S|W|8|SJ
5|11|43|134|266|272|4S|W|6|DA
5|11|301|7|229|100|5C|W|9|DA
5|11|110|252|167|299|5CX|E|9|SQ
5|11|97|221|112|217|5C|W|9|SJ
5|11|232|296|293|253|3S|W|7|SJ
5|11|283|168|175|290|3D|S|9|D2
5|12|190|246|180|119|4H|S|10|S6
5|12|186|124|2|95|3H|S|10|S7
5|12|237|20|52|164|3DX|W|6|H5
5|12|218|121|251|128|4H|S|10|S6
5|12|43|134|266|272|4H|N|10|C2
5|12|301|7|229|100|3S|N|9|DJ
5|12|110|252|167|299|5C|N|11|DJ
5|12|97|221|112|217|5DX|W|7|H2
5|12|232|296|293|253|4H|S|10|S7
5|12|283|168|175|290|5DX|W|7|H5
5|13|190|246|180|119|2S|E|7|C8
5|13|186|124|2|95|2N|W|7|SJ
5|13|237|20|52|164|3N|E|7|H3
5|13|218|121|251|128|2S|E|7|C7
5|13|43|134|266|272|1N|W|7|DJ
5|13|301|7|229|100|2S|W|7|H3
5|13|110|252|167|299|2S|E|7|H3
5|13|97|221|112|217|2N|E|7|H7
5|13|232|296|293|253|2S|E|7|H3
5|13|283|168|175|290|2S|E|7|C8
5|14|190|246|180|119|4H|S|10|D3
5|14|186|124|2|95|6H|S|11|D2
5|14|237|20|52|164|4H|S|12|ST
5|14|218|121|251|128|6H|S|11|D3
5|14|43|134|266|272|6H|S|12|CA
5|14|301|7|229|100|4H|S|10|ST
5|14|110|252|167|299|4H|S|11|ST
5|14|97|221|112|217|4H|S|11|D2
5|14|232|296|293|253|6H|S|12|CA
5|14|283|168|175|290|4H|S|11|H4
5|15|190|246|180|119|3C|N|7|SK
5|15|186|124|2|95|2S|W|7|CA
5|15|237|20|52|164|2N|S|8|DQ
5|15|218|121|251|128|3N|S|8|DQ
5|15|43|134|266|272|3C|S|8|DQ
5|15|301|7|229|100|3D|W|8|CQ
5|15|110|252|167|299|3C|N|8|SK
5|15|97|221|112|217|2N|S|8|DQ
5|15|232|296|293|253|3D|W|9|CQ
5|15|283|168|175|290|1NX|N|8|DQ
5|16|190|246|180|119|5CX|S|10|HK
5|16|186|124|2|95|5C|S|9|HK
5|16|237|20|52|164|4HX|W|9|C9
5|16|218|121|251|128|5CX|S|10|HK
5|16|43|134|266|272|4C|S|9|HK
5|16|301|7|229|100|5C|S|10|HK
5|16|110|252|167|299|3HX|E|9|C9
5|16|97|221|112|217|5C|N|10|D2
5|16|232|296|293|253|5CX|S|10|HA
5|16|283|168|175|290|5CX|N|10|HK
5|17|190|37|180|230|2H|S|8|D2
5|17|186|124|2|95|2H|S|9|D3
5|17|237|165|52|115|3H|S|9|D2
5|17|218|121|251|128|4H|S|9|D2
5|17|90|134|269|272|3N|S|9|C6
5|17|301|7|229|100|4H|S|9|D2
5|17|221|252|217|299|4H|S|8|D2
5|17|278|206|298|264|2H|S|8|D2
5|17|232|253|293|166|1N|S|9|C5
5|17|283|168|175|290|2H|S|9|D2
5|18|190|37|180|230|4H|E|11|S7
5|18|186|124|2|95|6H|E|11|HT
5|18|237|165|52|115|6H|E|11|HT
5|18|218|121|251|128|7H|E|12|DT
5|18|90|134|269|272|6H|E|11|H2
5|18|301|7|229|100|6H|E|11|H2
5|18|221|252|217|299|6H|E|12|H2
5|18|278|206|298|264|6H|E|11|HT
5|18|232|253|293|166|7H|E|11|H2
5|18|283|168|175|290|4H|E|12|H2
5|19|190|37|180|230|4H|N|10|CK
5|19|186|124|2|95|4H|N|10|CA
5|19|237|165|52|115|3N|S|7|CJ
5|19|218|121|251|128|4H|N|10|CA
5|19|90|134|269|272|4H|N|10|CA
5|19|301|7|229|100|4H|N|10|CA
5|19|221|252|217|299|4H|N|10|CK
5|19|278|206|298|264|4H|N|11|CA
5|19|232|253|293|166|4H|N|10|CA
5|19|283|168|175|290|4H|N|10|CA
5|2|190|246|180|119|4H|S|12|CA
5|2|186|124|2|95|5C|E|8|SJ
5|2|237|20|52|164|5HX|N|13|D3
5|2|218|121|251|128|4S|N|10|H9
5|2|43|134|266|272|3H|N|13|D6
5|2|301|7|229|100|4H|S|11|CK
5|2|110|252|167|299|4S|N|10|H9
5|2|97|221|112|217|5H|N|12|C5
5|2|232|296|293|253|5DX|E|7|SJ
5|2|283|168|175|290|5DX|E|8|SJ
5|20|190|37|180|230|4S|S|10|D4
5|20|186|124|2|95|4S|S|9|D3
5|20|237|165|52|115|3S|S|10|D4
5|20|218|121|251|128|4S|S|9|H6
5|20|90|134|269|272|4S|S|11|D4
5|20|301|7|229|100|4S|S|9|H5
5|20|221|252|217|299|4S|S|11|C2
5|20|278|206|298|264|3CX|W|8|D9
5|20|232|253|293|166|3N|N|10|S5
5|20|283|168|175|290|3DX|N|9|HQ
5|21|190|37|180|230|3N|W|9|SJ
5|21|186|124|2|95|3N|W|10|ST
5|21|237|165|52|115|3N|W|8|SJ
5|21|218|121|251|128|2H|S|6|D7
5|21|90|134|269|272|2N|E|10|HT
5|21|301|7|229|100|2D|W|8|SJ
5|21|221|252|217|299|2N|E|9|SK
5|21|278|206|298|264|3N|W|10|D5
5|21|232|253|293|166|3N|W|10|SJ
5|21|283|168|175|290|3N|E|9|H9
5|22|190|37|180|230|6H|W|12|SA
5|22|186|124|2|95|4H|E|11|HT
5|22|237|165|52|115|4H|E|10|D2
5|22|218|121|251|128|4H|E|11|H2
5|22|90|134|269|272|4H|E|11|H2
5|22|301|7|229|100|4S|E|11|C5
5|22|221|252|217|299|4H|E|11|H2
5|22|278|206|298|264|4H|W|11|C6
5|22|232|253|293|166|4H|E|11|D2
5|22|283|168|175|290|4H|W|11|SA
5|23|190|37|180|230|4H|N|10|C4
5|23|186|124|2|95|5D|S|10|D2
5|23|237|165|52|115|3N|S|9|S5
5|23|218|121|251|128|4H|N|11|C2
5|23|90|134|269|272|3N|N|12|C2
5|23|301|7|229|100|4H|N|10|C3
5|23|221|252|217|299|4H|S|10|CJ
5|23|278|206|298|264|4H|N|10|C4
5|23|232|253|293|166|3N|S|10|D2
5|23|283|168|175|290|3N|N|10|C4
5|24|190|37|180|230|2DX|S|8|S2
5|24|186|124|2|95|3N|W|8|HT
5|24|237|165|52|115|2DX|S|8|S2
5|24|218|121|251|128|2DX|S|8|S2
5|24|90|134|269|272|2DX|S|7|S2
5|24|301|7|229|100|2N|W|8|DK
5|24|221|252|217|299|3N|W|9|DK
5|24|278|206|298|264|2H|E|8|C5
5|24|232|253|293|166|2DX|S|8|S5
5|24|283|168|175|290|2D|W|6|C7
5|25|190|37|180|230|4S|W|9|HJ
5|25|186|124|2|95|4HX|N|10|C5
5|25|237|165|52|115|2H|S|9|HK
5|25|218|121|251|128|4H|N|8|C6
5|25|90|134|269|272|5C|S|10|C4
5|25|301|7|229|100|5C|S|10|HK
5|25|221|252|217|299|4S|W|9|HJ
5|25|278|206|298|264|4S|W|9|HT
5|25|232|253|293|166|4S|W|9|HJ
5|25|283|168|175|290|2S|E|9|H7
5|26|190|37|180|230|4H|S|11|DK
5|26|186|124|2|95|4H|S|11|DA
5|26|237|165|52|115|4H|S|11|DA
5|26|218|121|251|128|4H|S|11|DA
5|26|90|134|269|272|4H|S|11|DK
5|26|301|7|229|100|4H|S|11|DK
5|26|221|252|217|299|4H|S|11|DK
5|26|278|206|298|264|4H|S|11|H2
5|26|232|253|293|166|4H|S|11|DK
5|26|283|168|175|290|4H|S|11|H6
5|27|190|37|180|230|5DX|S|11|H7
5|27|186|124|2|95|5D|N|11|DT
5|27|237|165|52|115|6DX|S|11|SK
5|27|218|121|251|128|5D|S|11|SK
5|27|90|134|269|272|3D|S|11|H7
5|27|301|7|229|100|3D|S|11|H5
5|27|221|252|217|299|5D|S|11|CQ
5|27|278|206|298|264|2D|S|11|CQ
5|27|232|253|293|166|5D|S|10|H4
5|27|283|168|175|290|5DX|S|11|D7
5|28|190|37|180|230|2H|E|10|S5
5|28|186|124|2|95|1S|E|7|H2
5|28|237|165|52|115|3D|S|8|S2
5|28|218|121|251|128|1S|E|4|H2
5|28|90|134|269|272|1S|E|4|H2
5|28|301|7|229|100|2H|W|8|DA
5|28|221|252|217|299|1S|E|7|H2
5|28|278|206|298|264|1S|E|5|H2
5|28|232|253|293|166|3H|E|8|CA
5|28|283|168|175|290|1S|E|6|D6
5|29|190|37|180|230|5N|E|11|H3
5|29|186|124|2|95|3N|E|10|C5
5|29|237|165|52|115|3D|E|12|S2
5|29|218|121|251|128|6D|E|11|HA
5|29|90|134|269|272|3D|E|12|S2
5|29|301|7|229|100|4S|W|11|C7
5|29|221|252|217|299|4N|E|11|C8
5|29|278|206|298|264|3N|E|10|C8
5|29|232|253|293|166|6N|W|11|HA
5|29|283|168|175|290|4N|E|11|H2
5|3|190|246|180|119|2D|N|10|S4
5|3|186|124|2|95|3C|W|8|S8
5|3|237|20|52|164|3D|N|9|S7
5|3|218|121|251|128|3D|N|9|S4
5|3|43|134|266|272|2D|N|10|S4
5|3|301|7|229|100|2D|N|10|S7
5|3|110|252|167|299|2D|N|9|S7
5|3|97|221|112|217|4H|N|8|C6
5|3|232|296|293|253|1N|W|6|D6
5|3|283|168|175|290|3C|W|9|S8
5|30|190|37|180|230|3D|S|8|SJ
5|30|186|124|2|95|3D|S|8|HA
5|30|237|165|52|115|3N|N|9|CJ
5|30|218|121|251|128|3N|N|9|CQ
5|30|90|134|269|272|3D|S|8|S4
5|30|301|7|229|100|3S|N|9|CA
5|30|221|252|217|299|3CX|E|6|DA
5|30|278|206|298|264|3D|S|7|HA
5|30|232|253|293|166|4D|S|8|HA
5|30|283|168|175|290|3N|N|8|CQ
5|31|190|37|180|230|4H|N|12|CJ
5|31|186|124|2|95|4H|N|12|CQ
5|31|237|165|52|115|5DX|W|6|S7
5|31|218|121|251|128|4H|N|12|CQ
5|31|90|134|269|272|6H|N|12|DQ
5|31|301|7|229|100|4H|N|12|CQ
5|31|221|252|217|299|4H|N|12|SK
5|31|278|206|298|264|4H|N|11|CQ
5|31|232|253|293|166|4H|N|12|DQ
5|31|283|168|175|290|6H|N|12|S6
5|32|190|37|180|230|4H|W|11|SK
5|32|186|124|2|95|2S|N|6|D2
5|32|237|165|52|115|4H|W|10|SK
5|32|218|121|251|128|4H|E|11|SJ
5|32|90|134|269|272|4H|W|12|SK
5|32|301|7|229|100|4S|W|12|SK
5|32|221|252|217|299|3S|N|7|D9
5|32|278|206|298|264|3H|W|11|SQ
5|32|232|253|293|166|4H|W|11|SK
5|32|283|168|175|290|3H|W|11|SK
5|4|190|246|180|119|3N|E|10|HJ
5|4|186|124|2|95|3D|W|9|C2
5|4|237|20|52|164|3N|E|10|HJ
5|4|218|121|251|128|4C|E|12|HJ
5|4|43|134|266|272|3C|E|9|HJ
5|4|301|7|229|100|3C|E|9|HJ
5|4|110|252|167|299|3N|W|10|HJ
5|4|97|221|112|217|3C|E|9|HJ
5|4|232|296|293|253|3N|E|11|HJ
5|4|283|168|175|290|3N|E|10|HJ
5|5|190|246|180|119|2S|W|8|H3
5|5|186|124|2|95|4C|W|7|H5
5|5|237|20|52|164|4H|N|11|SA
5|5|218|121|251|128|3NX|E|5|HA
5|5|43|134|266|272|3H|S|11|DK
5|5|301|7|229|100|3H|N|11|C8
5|5|110|252|167|299|3H|N|11|SA
5|5|97|221|112|217|3C|S|5|DK
5|5|232|296|293|253|2H|S|11|DK
5|5|283|168|175|290|4H|N|11|SA
5|6|190|246|180|119|2H|N|8|C2
5|6|186|124|2|95|3C|N|9|H8
5|6|237|20|52|164|2H|N|8|C2
5|6|218|121|251|128|2H|S|8|C4
5|6|43|134|266|272|2H|N|7|C2
5|6|301|7|229|100|2H|N|8|C7
5|6|110|252|167|299|2H|S|8|C3
5|6|97|221|112|217|3D|E|7|H9
5|6|232|296|293|253|2H|E|4|DT
5|6|283|168|175|290|2H|N|8|C2
5|7|190|246|180|119|3N|E|11|C2
5|7|186|124|2|95|4S|W|10|CQ
5|7|237|20|52|164|4S|E|10|CQ
5|7|218|121|251|128|3N|E|11|DJ
5|7|43|134|266|272|3N|E|10|DJ
5|7|301|7|229|100|3N|E|10|C3
5|7|110|252|167|299|4N|E|10|DJ
5|7|97|221|112|217|3N|E|9|C3
5|7|232|296|293|253|3N|E|9|C2
5|7|283|168|175|290|4S|W|10|CQ
5|8|190|246|180|119|1N|N|8|D3
5|8|186|124|2|95|2H|N|8|C4
5|8|237|20|52|164|3H|N|9|SJ
5|8|218|121|251|128|3S|W|9|HK
5|8|43|134|266|272|4H|S|8|CA
5|8|301|7|229|100|3H|N|9|ST
5|8|110|252|167|299|2S|W|9|C5
5|8|97|221|112|217|3H|N|8|ST
5|8|232|296|293|253|3H|S|9|S3
5|8|283|168|175|290|2H|N|8|H3
5|9|190|246|180|119|3S|E|11|H9
5|9|186|124|2|95|4C|S|10|HA
5|9|237|20|52|164|4H|W|12|C3
5|9|218|121|251|128|3N|N|3|S3
5|9|43|134|266|272|5C|S|10|SA
5|9|301|7|229|100|5HX|E|12|D7
5|9|110|252|167|299|6CX|S|10|SK
5|9|97|221|112|217|5CX|N|10|S5
5|9|232|296|293|253|5CX|S|10|SA
5|9|283|168|175|290|4HX|W|12|C5
6|1|37|121|230|128|4S|E|11|CQ
6|1|237|246|52|119|3N|E|9|H6
6|1|218|90|251|269|1S|E|11|H5
6|1|43|165|266|115|4H|W|9|D4
6|1|301|143|229|222|4S|E|11|CK
6|1|232|134|293|272|1S|E|11|CK
6|1|190|221|180|217|4H|E|11|CK
6|1|110|124|167|95|4S|E|11|CK
6|1|97|296|112|175|4S|E|11|CK
6|1|283|278|166|298|4H|W|11|C9
6|10|37|121|230|128|5S|E|11|H7
6|10|237|246|52|119|5S|E|12|H6
6|10|218|90|251|269|4S|E|12|C8
6|10|43|165|266|115|4S|E|11|D4
6|10|301|143|229|222|3DX|N|8|HK
6|10|232|134|293|272|4S|E|12|C2
6|10|190|221|180|217|4S|E|11|H6
6|10|110|124|167|95|4S|E|11|DK
6|10|97|296|112|175|4S|E|11|D4
6|10|283|278|166|298|4S|E|11|D4
6|11|37|121|230|128|4S|W|10|S5
6|11|237|246|52|119|4S|W|10|HK
6|11|218|90|251|269|4S|W|10|HK
6|11|43|165|266|115|4S|W|10|HK
6|11|301|143|229|222|4S|W|10|HK
6|11|232|134|293|272|4S|W|10|HK
6|11|190|221|180|217|4S|W|10|HK
6|11|110|124|167|95|4S|W|10|HK
6|11|97|296|112|175|4H|W|10|HK
6|11|283|278|166|298|4S|W|10|HK
6|12|37|121|230|128|1S|E|6|DT
6|12|237|246|52|119|3D|E|10|DT
6|12|218|90|251|269|3N|N|6|D4
6|12|43|165|266|115|3D|E|10|DT
6|12|301|143|229|222|3D|W|10|HK
6|12|232|134|293|272|2D|E|10|H8
6|12|190|221|180|217|2D|E|10|H8
6|12|110|124|167|95|2D|E|10|D2
6|12|97|296|112|175|3H|S|8|S8
6|12|283|278|166|298|2H|N|7|SA
6|13|37|121|230|128|6S|W|11|H3
6|13|237|246|52|119|6S|W|11|H5
6|13|218|90|251|269|6S|W|11|H7
6|13|43|165|266|115|6S|W|12|H5
6|13|301|143|229|222|6S|W|10|H5
6|13|232|134|293|272|5S|W|11|CT
6|13|190|221|180|217|4S|W|11|CT
6|13|110|124|167|95|6S|W|11|D8
6|13|97|296|112|175|4S|W|12|CT
6|13|283|278|166|298|6S|E|11|HA
6|14|37|121|230|128|6C|S|12|H2
6|14|218|90|251|269|4N|S|12|H2
6|14|43|165|266|115|3N|S|12|DQ
6|14|301|143|229|222|6C|S|11|S8
6|14|232|134|293|272|3N|S|12|DQ
6|14|190|221|180|217|6N|S|12|H2
6|14|110|124|167|95|5S|S|10|C6
6|14|283|278|166|298|4N|N|12|H4
6|14|97|296|112|175|3N|N|12|H9
6|15|37|121|230|128|4H|N|10|SK
6|15|237|246|52|119|3D|S|10|H4
6|15|218|90|251|269|5H|N|10|SK
6|15|43|165|266|115|5D|S|8|S2
6|15|301|143|229|222|3SX|W|9|DJ
6|15|232|134|293|272|5D|S|8|H4
6|15|190|221|180|217|6HX|N|9|SK
6|15|110|124|167|95|4H|N|9|SK
6|15|97|296|112|175|4H|N|9|SK
6|15|283|278|166|298|4S|W|8|DJ
6|16|37|121|230|128|3N|W|10|C5
6|16|237|246|52|119|3N|W|10|C6
6|16|218|90|251|269|5D|E|11|D4
6|16|43|165|266|115|3N|E|9|H6
6|16|301|143|229|222|3N|W|10|C4
6|16|232|134|293|272|3N|W|10|C6
6|16|190|221|180|217|3N|W|10|S5
6|16|110|124|167|95|3N|W|10|C6
6|16|97|296|112|175|3N|W|10|C6
6|16|283|278|166|298|3N|W|10|C5
6|17|37|121|230|128|3S|N|9|D2
6|17|237|246|52|119|2S|S|8|HK
6|17|20|7|164|100|1N|E|8|DQ
6|17|43|165|266|115|3C|E|9|DQ
6|17|301|232|229|293|4H|N|12|S5
6|17|168|134|290|272|6H|N|12|S2
6|17|190|206|180|264|4S|N|10|CA
6|17|110|124|167|95|4S|N|10|S2
6|17|97|253|112|166|3H|N|9|SA
6|17|283|278|175|298|4H|N|8|SK
6|18|37|121|230|128|2N|W|6|DQ
6|18|237|246|52|119|3DX|N|7|SK
6|18|20|7|164|100|4S|E|9|HK
6|18|43|165|266|115|4S|E|9|HK
6|18|301|232|229|293|4H|E|9|DJ
6|18|168|134|290|272|4H|E|8|DJ
6|18|190|206|180|264|2D|E|10|CT
6|18|110|124|167|95|3D|E|10|CT
6|18|97|253|112|166|1N|N|9|H3
6|18|283|278|175|298|1N|N|9|H3
6|19|37|121|230|128|6S|W|11|D9
6|19|237|246|52|119|6S|W|11|C5
6|19|20|7|164|100|4H|W|8|H4
6|19|43|165|266|115|3N|W|9|S4
6|19|301|232|229|293|4S|S|10|HA
6|19|168|134|290|272|4S|S|9|HK
6|19|190|206|180|264|1N|S|7|HK
6|19|110|124|167|95|1N|S|6|HK
6|19|97|253|112|166|3N|N|12|S6
6|19|283|278|175|298|3N|S|12|DT
6|2|37|121|230|128|3N|E|8|H4
6|2|237|246|52|119|3N|E|10|HT
6|2|218|90|251|269|3N|E|11|SQ
6|2|43|165|266|115|3N|E|11|S2
6|2|301|143|229|222|3N|E|10|HT
6|2|232|134|293|272|3N|E|8|H3
6|2|190|221|180|217|3N|E|10|SQ
6|2|110|124|167|95|3N|E|10|HT
6|2|97|296|112|175|3N|E|10|HT
6|2|283|278|166|298|3N|E|9|HT
6|20|37|121|230|128|3D|S|7|CA
6|20|237|246|52|119|4H|N|8|C3
6|20|20|7|164|100|3S|N|10|HA
6|20|43|165|266|115|4S|S|10|HT
6|20|301|232|229|293|2H|E|7|SA
6|20|168|134|290|272|2H|E|7|SA
6|20|190|206|180|264|5C|N|10|D4
6|20|110|124|167|95|2S|W|8|DQ
6|20|97|253|112|166|4H|N|9|DK
6|20|283|278|175|298|4H|N|10|DQ
6|21|37|121|230|128|3N|E|13|H3
6|21|237|246|52|119|6C|W|13|D3
6|21|20|7|164|100|3H|E|10|D6
6|21|43|165|266|115|3H|E|8|C4
6|21|301|232|229|293|2S|N|10|H5
6|21|168|134|290|272|4S|S|10|H9
6|21|190|206|180|264|P||0
6|21|110|124|167|95|P||0
6|21|97|253|112|166|4C|N|9|DA
6|21|283|278|175|298|2D|E|10|S9
6|22|37|121|230|128|6C|E|11|S3
6|22|237|246|52|119|6S|W|10|H6
6|22|20|7|164|100|4S|E|9|H8
6|22|43|165|266|115|4S|E|6|DJ
6|22|301|232|229|293|5D|S|11|HK
6|22|168|134|290|272|4S|S|10|DK
6|22|190|206|180|264|2S|E|10|CK
6|22|110|124|167|95|3H|W|9|C2
6|22|97|253|112|166|1H|E|9|CJ
6|22|283|278|175|298|1H|E|9|CJ
6|23|37|121|230|128|4S|E|9|CT
6|23|237|246|52|119|3N|W|5|S3
6|23|20|7|164|100|3N|E|10|D7
6|23|43|165|266|115|3N|E|10|H2
6|23|301|232|229|293|4H|E|11|SJ
6|23|168|134|290|272|4H|E|9|SJ
6|23|190|206|180|264|1N|N|8|C2
6|23|110|124|167|95|1N|N|7|D2
6|23|97|253|112|166|1N|W|6|C3
6|23|283|278|175|298|1N|W|6|HT
6|24|37|121|230|128|4S|E|10|C6
6|24|237|246|52|119|4S|E|10|D4
6|24|20|7|164|100|1N|S|8|CA
6|24|43|165|266|115|1D|S|8|CA
6|24|301|232|229|293|2S|N|9|HA
6|24|168|134|290|272|2H|N|8|HA
6|24|190|206|180|264|5C|E|10|SA
6|24|110|124|167|95|3S|S|9|S4
6|24|97|253|112|166|4H|E|11|C8
6|24|283|278|175|298|4H|E|11|CA
6|25|37|121|230|128|4H|W|9|S9
6|25|237|246|52|119|4H|E|9|SA
6|25|20|7|164|100|5C|E|10|H3
6|25|43|165|266|115|3N|E|7|S4
6|25|301|232|229|293|5C|N|10|H5
6|25|168|134|290|272|3NX|N|9|DQ
6|25|190|206|180|264|3H|N|9|D7
6|25|110|124|167|95|3H|N|11|H7
6|25|97|253|112|166|3H|S|6|SK
6|25|283|278|175|298|3N|W|12|S4
6|26|37|121|230|128|6N|N|12|DQ
6|26|237|246|52|119|4N|N|12|DQ
6|26|20|7|164|100|6S|W|12|HQ
6|26|43|165|266|115|4S|W|12|HK
6|26|301|232|229|293|6S|S|12|H5
6|26|168|134|290|272|6S|S|12|CT
6|26|190|206|180|264|4S|S|10|DA
6|26|110|124|167|95|4H|S|10|S4
6|26|97|253|112|166|1N|S|8|ST
6|26|283|278|175|298|3C|S|9|HT
6|27|37|121|230|128|3N|N|7|C3
6|27|237|246|52|119|4H|S|8|DA
6|27|20|7|164|100|3S|S|9|HT
6|27|43|165|266|115|2S|S|9|C4
6|27|301|232|229|293|5D|S|11|HA
6|27|168|134|290|272|5D|S|11|HA
6|27|190|206|180|264|4H|W|10|D6
6|27|110|124|167|95|4H|E|10|DA
6|27|97|253|112|166|3C|N|8|SA
6|27|283|278|175|298|3C|N|8|H6
6|28|37|121|230|128|5D|S|10|SA
6|28|237|246|52|119|4S|W|10|C3
6|28|20|7|164|100|3N|E|11|H5
6|28|43|165|266|115|3N|E|10|H5
6|28|301|232|229|293|3C|W|8|HK
6|28|168|134|290|272|4S|E|10|H3
6|28|190|206|180|264|4S|W|8|H6
6|28|110|124|167|95|4S|W|9|H7
6|28|97|253|112|166|6S|W|12|D4
6|28|283|278|175|298|4S|W|12|CQ
6|29|37|121|230|128|4H|S|11|SK
6|29|237|246|52|119|4SX|E|9|HA
6|29|20|7|164|100|3H|E|10|CA
6|29|43|165|266|115|3H|E|10|S4
6|29|301|232|229|293|3C|W|10|D2
6|29|168|134|290|272|2C|W|8|HJ
6|29|190|206|180|264|4SX|N|9|H9
6|29|110|124|167|95|4H|W|10|D7
6|29|97|253|112|166|3S|W|10|HK
6|29|283|278|175|298|4S|W|10|S5
6|3|37|121|230|128|4S|W|10|C6
6|3|237|246|52|119|4DX|N|6|S9
6|3|218|90|251|269|5DX|S|5|D6
6|3|43|165|266|115|4S|W|11|C6
6|3|301|143|229|222|6S|W|11|DA
6|3|232|134|293|272|4S|W|10|CT
6|3|190|221|180|217|4S|W|10|CT
6|3|110|124|167|95|3N|W|10|D2
6|3|97|296|112|175|3N|W|11|H9
6|3|283|278|166|298|3N|E|10|DJ
6|30|37|121|230|128|3H|W|10|D4
6|30|237|246|52|119|3H|W|10|S2
6|30|20|7|164|100|3N|E|12|D6
6|30|43|165|266|115|3N|E|11|H6
6|30|301|232|229|293|4S|N|12|CT
6|30|168|134|290|272|6C|S|12|D3
6|30|190|206|180|264|3S|E|10|HJ
6|30|110|124|167|95|3S|W|10|CK
6|30|97|253|112|166|3N|E|10|SJ
6|30|283|278|175|298|3N|W|10|H2
6|31|37|121|230|128|3N|W|10|CT
6|31|237|246|52|119|3N|W|10|CJ
6|31|20|7|164|100|5C|N|12|S4
6|31|43|165|266|115|5C|N|12|S4
6|31|301|232|229|293|2N|N|8|D3
6|31|168|134|290|272|1NX|W|4|C4
6|31|190|206|180|264|4H|W|11|C5
6|31|110|124|167|95|4H|W|11|S7
6|31|97|253|112|166|2S|N|8|CJ
6|31|283|278|175|298|2S|N|9|CT
6|32|37|121|230|128|3C|N|7|S9
6|32|237|246|52|119|3CX|N|7|DT
6|32|20|7|164|100|4H|E|10|D7
6|32|43|165|266|115|4H|E|9|HT
6|32|301|232|229|293|3S|W|9|S7
6|32|168|134|290|272|3S|W|10|H8
6|32|190|206|180|264|3N|E|10|S3
6|32|110|124|167|95|3C|W|11|DA
6|32|97|253|112|166|6S|N|13|HQ
6|32|283|278|175|298|6S|N|13|HJ
6|4|37|121|230|128|4H|N|11|D3
6|4|237|246|52|119|4H|N|10|CA
6|4|218|90|251|269|2H|S|11|D4
6|4|43|165|266|115|2H|S|10|C4
6|4|301|143|229|222|2H|N|12|S5
6|4|232|134|293|272|2H|N|10|S7
6|4|190|221|180|217|4H|N|11|D3
6|4|110|124|167|95|4H|N|10|D3
6|4|97|296|112|175|3H|S|10|C3
6|4|283|278|166|298|2H|N|12|S7
6|5|37|121|230|128|3N|E|7|S5
6|5|237|246|52|119|3N|E|11|S3
6|5|218|90|251|269|4H|W|10|S2
6|5|43|165|266|115|4H|E|9|C6
6|5|301|143|229|222|4H|E|10|C6
6|5|232|134|293|272|3H|E|9|D2
6|5|190|221|180|217|3H|E|9|D6
6|5|110|124|167|95|3H|E|10|C6
6|5|97|296|112|175|4H|E|9|D6
6|5|283|278|166|298|4H|E|9|C6
6|6|37|121|230|128|4S|E|10|C4
6|6|237|246|52|119|2S|W|10|D7
6|6|218|90|251|269|4S|E|10|CT
6|6|43|165|266|115|4S|W|10|H4
6|6|301|143|229|222|4S|E|10|C6
6|6|232|134|293|272|2S|W|10|C7
6|6|190|221|180|217|4S|W|9|C7
6|6|110|124|167|95|3S|W|9|DA
6|6|97|296|112|175|4S|E|10|CT
6|6|283|278|166|298|4S|E|10|S3
6|7|37|121|230|128|3N|N|10|SQ
6|7|237|246|52|119|3N|N|11|S2
6|7|218|90|251|269|3N|N|10|SQ
6|7|43|165|266|115|2S|E|7|H2
6|7|301|143|229|222|3N|N|10|SQ
6|7|232|134|293|272|3N|N|10|SQ
6|7|190|221|180|217|3N|N|10|SQ
6|7|110|124|167|95|3N|S|11|S6
6|7|97|296|112|175|3D|S|11|S8
6|7|283|278|166|298|3N|N|10|SJ
6|8|37|121|230|128|3N|W|8|S5
6|8|237|246|52|119|3S|N|7|S4
6|8|218|90|251|269|3N|W|8|S5
6|8|43|165|266|115|3N|E|7|S9
6|8|301|143|229|222|3N|W|8|S5
6|8|232|134|293|272|3N|W|9|CA
6|8|190|221|180|217|4D|W|10|S3
6|8|110|124|167|95|3N|W|8|S3
6|8|97|296|112|175|3N|E|9|H3
6|8|283|278|166|298|3S|N|7|CJ
6|9|37|121|230|128|1N|E|7|H4
6|9|237|246|52|119|1N|N|7|CK
6|9|218|90|251|269|2D|E|7|D7
6|9|43|165|266|115|2D|E|6|SJ
6|9|301|143|229|222|P||0
6|9|232|134|293|272|2S|W|8|S2
6|9|190|221|180|217|P||0
6|9|110|124|167|95|P||0
6|9|97|296|112|175|P||0
6|9|283|278|166|298|1N|E|6|SJ
7|1|43|246|266|119|4S|N|9|H6
7|1|37|7|230|100|3N|N|9|D2
7|1|134|20|272|164|4S|N|10|S3
7|1|218|229|251|265|4S|N|10|S2
7|1|206|121|264|128|4S|N|11|H7
7|1|237|221|52|217|1N|N|9|H7
7|1|253|124|166|95|4S|N|10|S3
7|1|190|283|180|175|4S|N|10|S3
7|1|188|97|147|112|4S|S|9|DJ
7|1|15|168|299|290|4S|N|10|S2
7|10|37|7|230|100|4S|E|9|DA
7|10|43|246|266|119|5S|E|8|H6
7|10|218|229|251|265|4S|E|11|H6
7|10|134|20|272|164|5DX|S|12|DK
7|10|206|121|264|128|5S|E|10|H6
7|10|237|221|52|217|5S|E|10|DA
7|10|253|124|166|95|4S|E|9|H6
7|10|190|283|180|175|5S|E|10|DA
7|10|188|97|147|112|4S|E|11|H6
7|10|15|168|299|290|4S|E|11|H6
7|11|43|246|266|119|2S|S|8|HK
7|11|37|7|230|100|4H|W|9|ST
7|11|134|20|272|164|3S|S|7|S7
7|11|218|229|251|265|3H|W|8|S4
7|11|206|121|264|128|2H|W|9|SJ
7|11|237|221|52|217|3H|W|10|S2
7|11|253|124|166|95|3S|S|8|HK
7|11|190|283|180|175|3S|S|8|HK
7|11|188|97|147|112|4S|S|7|HK
7|11|15|168|299|290|2H|W|8|SJ
7|12|37|7|230|100|2D|W|7|S2
7|12|43|246|266|119|2D|W|8|D6
7|12|218|229|251|265|3H|E|10|C2
7|12|134|20|272|164|2D|W|8|S2
7|12|206|121|264|128|2D|W|7|S2
7|12|237|221|52|217|P||0
7|12|253|124|166|95|2H|E|10|D3
7|12|190|283|180|175|2S|E|6|HQ
7|12|188|97|147|112|1N|W|8|D8
7|12|15|168|299|290|2D|W|7|D8
7|13|37|7|230|100|3S|E|8|DQ
7|13|134|20|272|164|3S|E|9|DQ
7|13|218|229|251|265|4S|W|9|H8
7|13|206|121|264|128|4S|W|9|H4
7|13|237|221|52|217|3N|W|9|H2
7|13|253|124|166|95|4S|W|9|H2
7|13|190|283|180|175|4S|E|9|DK
7|13|15|168|299|290|4S|W|9|D5
7|13|188|97|147|112|3N|W|9|H4
7|14|37|7|230|100|6S|N|13|D6
7|14|43|246|266|119|6H|S|13|DA
7|14|134|20|272|164|4S|N|13|D6
7|14|218|229|251|265|6C|N|12|D2
7|14|206|121|264|128|6C|S|12|S2
7|14|237|221|52|217|6S|N|12|DQ
7|14|253|124|166|95|6C|N|12|D6
7|14|190|283|180|175|6C|N|12|DQ
7|14|188|97|147|112|7C|N|12|D2
7|14|15|168|299|290|4S|N|12|S3
7|15|37|7|230|100|2S|W|8|C2
7|15|43|246|266|119|1S|W|8|C4
7|15|134|20|272|164|1S|W|9|HJ
7|15|218|229|251|265|2S|W|9|C5
7|15|206|121|264|128|4SX|W|6|C5
7|15|237|221|52|217|3C|N|9|DJ
7|15|253|124|166|95|P||0
7|15|190|283|180|175|3S|W|7|C4
7|15|188|97|147|112|3S|W|9|HJ
7|15|15|168|299|290|2N|N|8|DJ
7|16|43|246|266|119|3N|S|7|DA
7|16|37|7|230|100|2S|N|10|H9
7|16|134|20|272|164|3N|S|9|D2
7|16|218|229|251|265|3N|S|8|DA
7|16|206|121|264|128|4S|N|10|S4
7|16|237|221|52|217|3N|S|7|DA
7|16|253|124|166|95|4S|N|11|HT
7|16|190|283|180|175|4S|N|11|HT
7|16|188|97|147|112|2S|N|10|D8
7|16|15|168|299|290|2N|S|10|DK
7|17|37|90|230|269|2S|N|11|D5
7|17|43|246|266|119|1N|E|6|CQ
7|17|134|20|272|164|2D|W|7|S6
7|17|165|229|115|265|4S|N|11|D3
7|17|110|121|167|128|4S|N|11|D9
7|17|237|221|52|217|4S|N|10|H6
7|17|283|124|175|95|1N|E|6|CQ
7|17|190|296|180|253|4S|N|11|D6
7|17|168|97|290|112|4S|N|11|D9
7|17|15|188|299|147|3S|N|11|D6
7|18|37|90|230|269|P||0
7|18|43|246|266|119|1N|E|7|H4
7|18|134|20|272|164|P||0
7|18|165|229|115|265|P||0
7|18|110|121|167|128|1N|E|6|H4
7|18|237|221|52|217|3H|N|8|SJ
7|18|283|124|175|95|P||0
7|18|190|296|180|253|P||0
7|18|168|97|290|112|4H|N|7|S5
7|18|15|188|299|147|P||0
7|19|43|246|266|119|5S|W|12|C2
7|19|37|90|230|269|5S|W|12|C2
7|19|134|20|272|164|4S|W|13|C2
7|19|165|229|115|265|7HX|S|9|S5
7|19|110|121|167|128|4S|W|13|C2
7|19|237|221|52|217|5S|E|12|HT
7|19|283|124|175|95|6S|W|12|C2
7|19|190|296|180|253|5HX|S|9|S5
7|19|168|97|290|112|6S|W|13|C2
7|19|15|188|299|147|6S|W|13|C2
7|2|37|7|230|100|2N|W|8|H4
7|2|43|246|266|119|1N|W|8|H2
7|2|218|229|251|265|2C|W|7|D5
7|2|134|20|272|164|1N|W|9|H3
7|2|237|221|52|217|2N|W|8|H2
7|2|206|121|264|128|3N|W|8|H3
7|2|253|124|166|95|3S|E|8|DQ
7|2|190|283|180|175|2S|W|10|D6
7|2|188|97|147|112|2N|W|8|H3
7|2|15|168|299|290|2N|W|8|H5
7|20|37|90|230|269|6S|N|12|H4
7|20|43|246|266|119|6S|N|13|D6
7|20|134|20|272|164|6S|N|13|D6
7|20|165|229|115|265|6S|N|13|H3
7|20|110|121|167|128|6S|N|13|D6
7|20|237|221|52|217|6S|N|13|C2
7|20|283|124|175|95|6S|N|13|D3
7|20|190|296|180|253|6S|N|13|C5
7|20|168|97|290|112|7S|N|13|C5
7|20|15|188|299|147|6S|N|13|D6
7|21|37|90|230|269|3S|E|7|HQ
7|21|43|246|266|119|5D|W|11|CK
7|21|134|20|272|164|4S|E|7|HQ
7|21|165|229|115|265|3D|E|11|CK
7|21|110|121|167|128|3N|W|9|H5
7|21|237|221|52|217|3N|W|8|H3
7|21|283|124|175|95|4D|W|11|HA
7|21|190|296|180|253|3D|W|10|CK
7|21|168|97|290|112|3N|W|10|CK
7|21|15|188|299|147|3D|W|11|HA
7|22|43|246|266|119|3N|W|8|H3
7|22|37|90|230|269|3N|E|10|CT
7|22|134|20|272|164|3N|W|12|H7
7|22|165|229|115|265|3N|W|12|HJ
7|22|110|121|167|128|3N|E|10|D9
7|22|237|221|52|217|3N|W|11|H3
7|22|283|124|175|95|3N|W|10|D5
7|22|190|296|180|253|3N|W|11|H3
7|22|168|97|290|112|3N|W|11|C5
7|22|15|188|299|147|3N|W|12|H7
7|23|43|246|266|119|4H|E|9|H8
7|23|37|90|230|269|4H|W|9|DJ
7|23|134|20|272|164|4H|W|8|DQ
7|23|165|229|115|265|2H|W|10|C3
7|23|110|121|167|128|4H|W|9|DQ
7|23|237|221|52|217|3D|N|8|C7
7|23|283|124|175|95|4H|W|8|DQ
7|23|190|296|180|253|4H|E|9|H8
7|23|168|97|290|112|4H|W|8|SK
7|23|15|188|299|147|4H|W|8|DQ
7|24|43|246|266|119|3N|N|8|H7
7|24|37|90|230|269|2N|N|8|S8
7|24|134|20|272|164|1N|N|10|HJ
7|24|165|229|115|265|3D|S|11|H3
7|24|110|121|167|128|2D|S|9|S6
7|24|237|221|52|217|3D|S|10|S4
7|24|283|124|175|95|3N|N|9|HJ
7|24|190|296|180|253|3D|N|9|S9
7|24|168|97|290|112|3N|N|7|S9
7|24|15|188|299|147|2N|N|9|S8
7|25|43|246|266|119|4N|E|10|HJ
7|25|37|90|230|269|4SX|S|8|C9
7|25|134|20|272|164|6C|E|10|D2
7|25|165|229|115|265|4SX|S|8|C3
7|25|110|121|167|128|5C|E|10|HJ
7|25|237|221|52|217|4SX|S|9|C3
7|25|283|124|175|95|5C|E|10|HJ
7|25|190|296|180|253|4SX|S|9|C9
7|25|168|97|290|112|6C|E|10|HJ
7|25|15|188|299|147|6C|E|10|HJ
7|26|43|246|266|119|4SX|N|10|DQ
7|26|37|90|230|269|4S|N|11|DQ
7|26|134|20|272|164|2S|N|12|CJ
7|26|165|229|115|265|4S|S|12|CJ
7|26|110|121|167|128|4S|S|11|CJ
7|26|237|221|52|217|4S|N|12|DQ
7|26|283|124|175|95|4S|N|11|DQ
7|26|190|296|180|253|4S|N|12|DQ
7|26|168|97|290|112|4S|S|12|CJ
7|26|15|188|299|147|4S|N|12|C3
7|27|43|246|266|119|4S|W|9|HA
7|27|37|90|230|269|4S|W|10|CT
7|27|134|20|272|164|3S|W|10|C6
7|27|165|229|115|265|4S|W|10|H3
7|27|110|121|167|128|4S|W|10|HA
7|27|237|221|52|217|4S|W|10|HA
7|27|283|124|175|95|4S|W|9|DJ
7|27|190|296|180|253|4S|W|9|DJ
7|27|168|97|290|112|4S|W|10|DJ
7|27|15|188|299|147|4S|W|10|DJ
7|28|43|246|266|119|4S|W|9|D2
7|28|37|90|230|269|4S|W|11|D6
7|28|134|20|272|164|4S|W|10|C6
7|28|165|229|115|265|5SX|W|9|D2
7|28|110|121|167|128|4S|W|9|D2
7|28|237|221|52|217|4S|W|10|C2
7|28|283|124|175|95|4S|W|9|D6
7|28|190|296|180|253|4S|W|9|C2
7|28|168|97|290|112|4S|W|10|D6
7|28|15|188|299|147|4S|W|10|D7
7|29|43|246|266|119|3N|E|9|D4
7|29|37|90|230|269|5D|W|9|HT
7|29|134|20|272|164|6D|W|11|DA
7|29|165|229|115|265|3N|E|7|H3
7|29|110|121|167|128|4S|W|10|DA
7|29|237|221|52|217|2S|W|11|C5
7|29|283|124|175|95|5C|E|8|HA
7|29|190|296|180|253|3N|E|7|H2
7|29|15|188|299|147|4S|W|11|DA
7|29|168|97|290|112|5D|W|11|H5
7|3|37|7|230|100|3N|N|9|C7
7|3|43|246|266|119|4H|S|9|DT
7|3|218|229|251|265|4H|N|10|CK
7|3|134|20|272|164|3D|N|10|H6
7|3|206|121|264|128|3N|N|7|C7
7|3|237|221|52|217|4H|S|9|S4
7|3|253|124|166|95|4H|S|9|H4
7|3|190|283|180|175|3H|S|9|CA
7|3|188|97|147|112|5D|N|10|H6
7|3|15|168|299|290|5D|N|10|H6
7|30|43|246|266|119|3N|S|6|HJ
7|30|37|90|230|269|2S|W|6|DJ
7|30|134|20|272|164|2SX|W|7|DJ
7|30|165|229|115|265|3S|E|7|H3
7|30|110|121|167|128|4D|S|7|CA
7|30|237|221|52|217|3N|S|6|CA
7|30|283|124|175|95|3S|E|8|DA
7|30|190|296|180|253|3D|S|8|CA
7|30|15|188|299|147|2H|N|6|C7
7|30|168|97|290|112|2H|E|5|C2
7|31|43|246|266|119|3N|E|11|S3
7|31|37|90|230|269|6N|E|12|H5
7|31|134|20|272|164|6D|W|11|SJ
7|31|165|229|115|265|3N|E|11|SJ
7|31|110|121|167|128|3N|E|11|S3
7|31|237|221|52|217|3N|E|11|S2
7|31|190|296|180|253|3N|E|11|S3
7|31|283|124|175|95|4N|W|11|SJ
7|31|15|188|299|147|3N|E|11|S2
7|31|168|97|290|112|3N|E|11|S6
7|32|43|246|266|119|1N|S|6|D9
7|32|37|90|230|269|3N|S|9|H7
7|32|134|20|272|164|3C|N|7|SA
7|32|165|229|115|265|3N|S|7|D9
7|32|110|121|167|128|2H|E|7|CA
7|32|237|221|52|217|3N|S|9|H7
7|32|190|296|180|253|3N|S|9|H7
7|32|283|124|175|95|2D|N|8|H6
7|32|15|188|299|147|2N|S|8|H7
7|32|168|97|290|112|2S|S|9|CQ
7|4|37|7|230|100|3N|N|10|D9
7|4|43|246|266|119|3N|N|10|D8
7|4|218|229|251|265|3N|S|10|D4
7|4|134|20|272|164|3N|S|11|H7
7|4|237|221|52|217|3N|S|11|D4
7|4|206|121|264|128|3N|N|10|D9
7|4|253|124|166|95|3N|S|10|D4
7|4|190|283|180|175|3D|W|7|CK
7|4|188|97|147|112|3N|S|10|SA
7|4|15|168|299|290|3N|S|12|D4
7|5|37|7|230|100|2S|E|7|D8
7|5|43|246|266|119|2N|W|8|HA
7|5|134|20|272|164|2S|E|6|C2
7|5|218|229|251|265|2S|E|6|H6
7|5|206|121|264|128|2S|E|6|D8
7|5|237|221|52|217|2S|E|6|C4
7|5|253|124|166|95|1N|N|7|S6
7|5|190|283|180|175|3C|N|5|SQ
7|5|188|97|147|112|2SX|E|7|D8
7|5|15|168|299|290|2S|W|6|C2
7|6|37|7|230|100|5C|E|9|HA
7|6|43|246|266|119|3N|W|7|D5
7|6|134|20|272|164|3C|E|9|HQ
7|6|218|229|251|265|3S|W|5|HK
7|6|206|121|264|128|4S|W|8|D7
7|6|237|221|52|217|6DX|W|8|HK
7|6|253|124|166|95|4C|E|9|HA
7|6|190|283|180|175|3N|W|9|D7
7|6|188|97|147|112|3N|E|7|HQ
7|6|15|168|299|290|5C|E|9|HA
7|7|37|7|230|100|5S|E|10|DA
7|7|43|246|266|119|6S|E|10|DA
7|7|134|20|272|164|4S|E|10|C9
7|7|218|229|251|265|3S|E|11|H2
7|7|206|121|264|128|4S|E|10|H3
7|7|237|221|52|217|5D|N|9|SK
7|7|253|124|166|95|4S|E|10|H4
7|7|190|283|180|175|4S|E|10|H4
7|7|188|97|147|112|4S|E|10|H3
7|7|15|168|299|290|5DX|N|8|SK
7|8|37|7|230|100|3N|S|12|D7
7|8|43|246|266|119|2H|S|9|S3
7|8|134|20|272|164|3N|N|13|D4
7|8|218|229|251|265|3N|S|12|H9
7|8|206|121|264|128|4S|S|10|H9
7|8|237|221|52|217|3N|S|12|D7
7|8|253|124|166|95|1N|S|8|D7
7|8|190|283|180|175|3N|S|11|H9
7|8|188|97|147|112|2N|S|9|D7
7|8|15|168|299|290|4S|N|10|DA
7|9|37|7|230|100|2H|S|9|DT
7|9|43|246|266|119|2S|N|8|DA
7|9|218|229|251|265|2N|S|9|DT
7|9|134|20|272|164|2N|S|10|HA
7|9|206|121|264|128|3D|W|8|SQ
7|9|237|221|52|217|2N|S|10|HA
7|9|253|124|166|95|2H|N|8|DA
7|9|190|283|180|175|1N|S|8|DT
7|9|188|97|147|112|3N|S|8|DT
7|9|15|168|299|290|1S|N|8|DA
8|1|186|134|2|272|3D|N|9|CQ
8|1|229|246|265|119|3D|N|8|C8
8|1|218|168|251|290|4H|S|10|CT
8|1|232|20|293|164|2C|N|8|S7
8|1|43|206|266|264|3D|N|8|CQ
8|1|110|90|167|269|3D|N|8|CQ
8|1|296|121|283|128|4H|S|10|CT
8|1|237|253|52|166|3D|S|8|CT
8|1|15|124|299|95|4H|S|10|CT
8|1|190|97|180|112|5C|N|8|S2
8|10|186|134|2|272|7CX|N|9|HA
8|10|229|246|265|119|6D|W|7|CA
8|10|218|168|251|290|5S|E|10|C5
8|10|232|20|293|164|5S|E|11|DK
8|10|110|90|167|269|5S|E|10|C8
8|10|43|206|266|264|5C|N|11|SA
8|10|296|121|283|128|5CX|S|11|H4
8|10|237|253|52|166|5HX|N|10|SA
8|10|15|124|299|95|5CX|N|11|SA
8|10|190|97|180|112|5CX|N|11|SA
8|11|186|134|2|272|3N|N|10|S6
8|11|229|246|265|119|3N|N|10|S2
8|11|232|20|293|164|3N|N|10|S2
8|11|218|168|251|290|3N|N|10|S4
8|11|43|206|266|264|3N|N|9|S4
8|11|110|90|167|269|3N|N|9|S4
8|11|296|121|283|128|3N|N|9|S4
8|11|237|253|52|166|3N|N|12|S4
8|11|15|124|299|95|4H|S|7|SJ
8|11|190|97|180|112|3N|N|10|CT
8|12|186|134|2|272|2S|N|9|C3
8|12|229|246|265|119|4H|S|9|C2
8|12|218|168|251|290|2H|N|12|H2
8|12|232|20|293|164|4H|N|11|C3
8|12|110|90|167|269|4H|N|11|C6
8|12|43|206|266|264|4H|N|10|H2
8|12|296|121|283|128|1S|N|8|C3
8|12|237|253|52|166|4H|N|12|C6
8|12|15|124|299|95|1N|S|9|C2
8|12|190|97|180|112|4H|N|11|D2
8|13|186|134|2|272|4H|N|9|DQ
8|13|229|246|265|119|3H|N|10|DQ
8|13|218|168|251|290|3H|N|10|CA
8|13|232|20|293|164|4S|S|9|ST
8|13|110|90|167|269|4S|S|9|C4
8|13|43|206|266|264|3S|S|9|C7
8|13|296|121|283|128|4H|N|9|DQ
8|13|237|253|52|166|4S|S|9|C4
8|13|15|124|299|95|4S|S|9|C4
8|13|190|97|180|112|4S|S|10|H5
8|14|186|134|2|272|2C|E|9|C7
8|14|229|246|265|119|2H|W|7|DK
8|14|218|168|251|290|2C|E|10|C7
8|14|232|20|293|164|3S|N|7|CK
8|14|43|206|266|264|3C|E|9|C8
8|14|110|90|167|269|2C|E|8|C8
8|14|296|121|283|128|3C|E|9|C8
8|14|237|253|52|166|3C|W|8|C6
8|14|15|124|299|95|2H|W|9|DK
8|14|190|97|180|112|4SX|N|8|CA
8|15|186|134|2|272|4H|E|11|DA
8|15|229|246|265|119|4H|W|10|D6
8|15|218|168|251|290|6H|E|11|HJ
8|15|232|20|293|164|4H|E|11|C4
8|15|110|90|167|269|4H|E|11|S5
8|15|43|206|266|264|4H|E|11|HJ
8|15|296|121|283|128|4H|E|12|DA
8|15|237|253|52|166|4H|E|11|S5
8|15|15|124|299|95|4H|E|11|DA
8|15|190|97|180|112|4H|W|11|D2
8|16|186|134|2|272|4S|W|9|D2
8|16|229|246|265|119|3N|W|9|S6
8|16|218|168|251|290|3N|W|9|H5
8|16|232|20|293|164|3N|W|9|S6
8|16|110|90|167|269|4S|W|9|C6
8|16|43|206|266|264|4S|E|9|HA
8|16|296|121|283|128|3N|W|9|S6
8|16|237|253|52|166|4S|W|9|D6
8|16|15|124|299|95|3N|W|10|S6
8|16|190|97|180|112|4S|W|9|H2
8|17|186|134|2|272|3H|E|7|D6
8|17|229|37|265|230|4H|W|10|DJ
8|17|218|188|251|147|3S|W|7|H5
8|17|232|165|293|115|3H|W|10|CA
8|17|7|221|100|217|3S|W|8|H5
8|17|206|90|264|269|2H|W|9|DJ
8|17|253|121|166|128|3N|S|8|HJ
8|17|237|283|52|175|4S|W|8|H5
8|17|15|124|299|95|2S|W|7|H5
8|17|190|97|180|112|2S|W|8|H5
8|18|186|134|2|272|4S|S|10|C7
8|18|229|37|265|230|4H|W|11|H4
8|18|218|188|251|147|5HX|W|11|H4
8|18|232|165|293|115|5CX|E|9|HT
8|18|7|221|100|217|5HX|W|11|SA
8|18|206|90|264|269|3S|S|9|C7
8|18|237|283|52|175|4S|S|9|C7
8|18|253|121|166|128|4H|E|10|C4
8|18|15|124|299|95|5S|S|9|C7
8|18|190|97|180|112|5HX|W|11|SA
8|19|186|134|2|272|3N|N|9|S2
8|19|229|37|265|230|4H|N|11|H6
8|19|218|188|251|147|3N|N|9|HT
8|19|232|165|293|115|3N|N|9|S2
8|19|7|221|100|217|3N|N|10|S4
8|19|206|90|264|269|4H|N|10|D9
8|19|253|121|166|128|6D|S|11|CK
8|19|237|283|52|175|3N|N|10|S2
8|19|15|124|299|95|3N|N|8|CK
8|19|190|97|180|112|4H|S|10|D9
8|2|186|134|2|272|4H|N|10|H2
8|2|229|246|265|119|4H|N|10|S2
8|2|218|168|251|290|4H|N|10|D5
8|2|232|20|293|164|4H|N|10|H2
8|2|110|90|167|269|4H|N|10|S3
8|2|43|206|266|264|4H|N|10|H2
8|2|237|253|52|166|4H|N|10|H3
8|2|296|121|283|128|4H|N|11|H2
8|2|190|97|180|112|4H|N|10|H2
8|2|15|124|299|95|4H|N|11|S3
8|20|186|134|2|272|2C|W|8|S8
8|20|229|37|265|230|2C|W|7|HJ
8|20|218|188|251|147|2H|E|5|C2
8|20|232|165|293|115|2SX|N|5|H6
8|20|206|90|264|269|2C|W|8|S8
8|20|7|221|100|217|2C|W|7|S6
8|20|253|121|166|128|3C|E|7|S6
8|20|237|283|52|175|3C|W|6|D2
8|20|15|124|299|95|3H|E|7|SK
8|20|190|97|180|112|3C|W|7|D2
8|21|186|134|2|272|2S|E|9|DK
8|21|229|37|265|230|4D|S|8|S2
8|21|218|188|251|147|3D|S|9|S2
8|21|232|165|293|115|3N|S|8|S2
8|21|206|90|264|269|4C|N|7|H6
8|21|7|221|100|217|3D|N|8|C8
8|21|253|121|166|128|3S|E|9|DA
8|21|237|283|52|175|3H|W|6|DJ
8|21|15|124|299|95|3H|W|6|CJ
8|21|190|97|180|112|2H|W|6|CJ
8|22|186|134|2|272|4S|E|11|CJ
8|22|229|37|265|230|6N|W|11|HK
8|22|218|188|251|147|4S|E|11|CQ
8|22|232|165|293|115|4S|E|11|CQ
8|22|7|221|100|217|4S|E|11|C3
8|22|206|90|264|269|6S|E|11|H4
8|22|253|121|166|128|4S|E|12|CQ
8|22|237|283|52|175|4N|W|11|HK
8|22|15|124|299|95|4S|E|11|CT
8|22|190|97|180|112|6S|E|11|H5
8|23|186|134|2|272|1N|W|8|S6
8|23|229|37|265|230|2CX|N|5|HK
8|23|218|188|251|147|2N|E|9|D6
8|23|232|165|293|115|1N|W|8|S6
8|23|206|90|264|269|1N|W|7|S7
8|23|7|221|100|217|2D|E|9|CA
8|23|253|121|166|128|2C|E|10|HT
8|23|237|283|52|175|2D|W|9|D4
8|23|15|124|299|95|1N|N|6|C3
8|23|190|97|180|112|2D|E|10|D5
8|24|186|134|2|272|6S|W|13|S2
8|24|229|37|265|230|7S|W|13|S4
8|24|218|188|251|147|7N|W|13|S4
8|24|232|165|293|115|6S|W|13|HJ
8|24|206|90|264|269|7N|E|13|HK
8|24|7|221|100|217|7D|E|13|HK
8|24|253|121|166|128|7D|E|13|HK
8|24|237|283|52|175|6S|W|13|HJ
8|24|15|124|299|95|7S|W|13|C8
8|24|190|97|180|112|6D|E|13|HK
8|25|186|134|2|272|3N|S|12|H2
8|25|229|37|265|230|3N|S|10|H2
8|25|218|188|251|147|6D|S|13|H2
8|25|232|165|293|115|5C|N|12|S4
8|25|7|221|100|217|6D|S|13|H5
8|25|206|90|264|269|5D|S|13|D4
8|25|253|121|166|128|5D|S|11|H2
8|25|237|283|52|175|3N|S|12|H2
8|25|15|124|299|95|3N|S|13|S3
8|25|190|97|180|112|5D|S|12|H2
8|26|186|134|2|272|4S|W|10|HJ
8|26|229|37|265|230|4S|E|9|H5
8|26|232|165|293|115|4S|W|9|HQ
8|26|218|188|251|147|2S|W|10|HQ
8|26|206|90|264|269|4S|W|10|HQ
8|26|7|221|100|217|4S|W|10|HQ
8|26|253|121|166|128|4S|W|9|HQ
8|26|237|283|52|175|4S|W|10|HQ
8|26|15|124|299|95|4S|W|9|C2
8|26|190|97|180|112|4S|W|10|HQ
8|27|229|37|265|230|2N|W|7|C7
8|27|186|134|2|272|1N|W|9|C5
8|27|232|165|293|115|2C|N|7|SK
8|27|218|188|251|147|2HX|N|9|CJ
8|27|206|90|264|269|2H|N|8|H3
8|27|7|221|100|217|1N|W|8|C6
8|27|253|121|166|128|3C|W|6|S7
8|27|237|283|52|175|2N|W|9|C3
8|27|15|124|299|95|3H|S|7|HJ
8|27|190|97|180|112|2N|W|9|C6
8|28|229|37|265|230|3N|S|8|ST
8|28|186|134|2|272|3N|S|10|CQ
8|28|232|165|293|115|3N|S|10|S6
8|28|218|188|251|147|4N|N|9|S4
8|28|206|90|264|269|3N|S|10|CQ
8|28|7|221|100|217|3N|S|10|CQ
8|28|253|121|166|128|3N|S|8|ST
8|28|237|283|52|175|3N|S|10|ST
8|28|15|124|299|95|3N|S|11|ST
8|28|190|97|180|112|3N|S|10|CQ
8|29|229|37|265|230|4H|W|9|S7
8|29|186|134|2|272|1N|W|8|S7
8|29|232|165|293|115|1N|N|5|H2
8|29|218|188|251|147|1N|N|5|H4
8|29|206|90|264|269|1N|N|6|H5
8|29|7|221|100|217|2D|N|8|H4
8|29|253|121|166|128|1N|N|6|H4
8|29|237|283|52|175|2S|S|7|HQ
8|29|15|124|299|95|1N|N|6|H4
8|29|190|97|180|112|3H|E|8|CK
8|3|186|134|2|272|2H|S|4|DA
8|3|229|246|265|119|2SX|N|7|DT
8|3|218|168|251|290|2H|W|7|H5
8|3|232|20|293|164|2SX|N|6|DT
8|3|43|206|266|264|2D|W|8|SK
8|3|110|90|167|269|2H|W|9|SK
8|3|237|253|52|166|3N|W|8|CT
8|3|296|121|283|128|2SX|N|6|D7
8|3|190|97|180|112|3C|W|7|H5
8|3|15|124|299|95|3D|W|9|H5
8|30|229|37|265|230|5S|W|11|HK
8|30|186|134|2|272|3N|E|10|HQ
8|30|232|165|293|115|3N|E|10|HK
8|30|218|188|251|147|3N|E|10|HK
8|30|206|90|264|269|4S|W|10|C2
8|30|7|221|100|217|3N|E|11|HQ
8|30|253|121|166|128|4S|W|12|C7
8|30|237|283|52|175|3N|E|10|C6
8|30|190|97|180|112|3N|W|10|C2
8|30|15|124|299|95|4N|E|10|HK
8|31|229|37|265|230|3N|E|7|C6
8|31|186|134|2|272|3N|E|7|C2
8|31|232|165|293|115|3N|E|7|CT
8|31|218|188|251|147|3N|E|7|C6
8|31|206|90|264|269|4H|E|10|D8
8|31|7|221|100|217|5D|W|11|C7
8|31|253|121|166|128|4H|E|10|D7
8|31|237|283|52|175|3N|E|7|C2
8|31|15|124|299|95|3N|E|11|S8
8|31|190|97|180|112|5D|W|11|CK
8|32|229|37|265|230|4H|S|11|SK
8|32|186|134|2|272|4H|N|11|DA
8|32|232|165|293|115|4H|N|12|DA
8|32|218|188|251|147|4H|N|12|DK
8|32|206|90|264|269|4H|N|12|DK
8|32|7|221|100|217|4H|N|11|DA
8|32|253|121|166|128|4H|N|12|DA
8|32|237|283|52|175|4H|S|12|SA
8|32|15|124|299|95|4H|S|12|SA
8|32|190|97|180|112|3DX|E|7|ST
8|4|229|246|265|119|1N|N|8|C2
8|4|186|134|2|272|2S|S|9|D5
8|4|218|168|251|290|3S|S|8|D5
8|4|232|20|293|164|2S|S|9|D2
8|4|43|206|266|264|4S|S|8|H8
8|4|110|90|167|269|2S|S|8|H3
8|4|237|253|52|166|2S|N|8|DA
8|4|296|121|283|128|2S|S|8|H9
8|4|15|124|299|95|3N|N|8|C4
8|4|190|97|180|112|2S|S|10|C6
8|5|186|134|2|272|5CX|W|11|SQ
8|5|229|246|265|119|5SX|N|11|C5
8|5|218|168|251|290|5CX|W|10|D8
8|5|232|20|293|164|6SX|S|11|D2
8|5|43|206|266|264|6CX|W|10|S8
8|5|110|90|167|269|6CX|W|10|D4
8|5|237|253|52|166|5CX|W|10|S7
8|5|296|121|283|128|5S|S|11|H5
8|5|15|124|299|95|5SX|N|11|C6
8|5|190|97|180|112|4C|W|10|S8
8|6|186|134|2|272|3N|E|5|S2
8|6|229|246|265|119|5C|E|11|S9
8|6|218|168|251|290|5S|E|10|S3
8|6|232|20|293|164|3S|N|7|DA
8|6|43|206|266|264|3S|S|8|DA
8|6|110|90|167|269|3N|E|5|S2
8|6|296|121|283|128|5C|E|11|S3
8|6|237|253|52|166|4S|N|7|D7
8|6|15|124|299|95|4S|S|8|DA
8|6|190|97|180|112|5C|E|10|S2
8|7|186|134|2|272|4S|N|11|C6
8|7|229|246|265|119|4S|N|11|D6
8|7|218|168|251|290|5SX|N|11|D3
8|7|232|20|293|164|4S|N|11|C3
8|7|43|206|266|264|4S|N|11|C9
8|7|110|90|167|269|5S|N|11|C3
8|7|237|253|52|166|4S|N|11|D9
8|7|296|121|283|128|4S|N|11|D3
8|7|15|124|299|95|4C|W|9|SA
8|7|190|97|180|112|5S|S|11|CA
8|8|186|134|2|272|3N|N|10|S5
8|8|229|246|265|119|3N|N|10|S3
8|8|218|168|251|290|3N|S|10|H6
8|8|232|20|293|164|3N|S|10|S6
8|8|43|206|266|264|2SX|E|6|H3
8|8|110|90|167|269|3N|N|10|S7
8|8|296|121|283|128|3N|N|9|H4
8|8|237|253|52|166|3N|N|10|S6
8|8|15|124|299|95|3N|N|10|S7
8|8|190|97|180|112|3H|W|5|HA
8|9|186|134|2|272|2S|S|11|DA
8|9|229|246|265|119|2S|S|10|DA
8|9|218|168|251|290|4SX|S|11|DK
8|9|232|20|293|164|3S|S|11|DA
8|9|43|206|266|264|3S|S|11|DA
8|9|110|90|167|269|4S|S|11|DK
8|9|296|121|283|128|4S|S|10|DA
8|9|237|253|52|166|5HX|E|6|SA
8|9|15|124|299|95|4S|S|11|DA
8|9|190|97|180|112|4S|S|11|DA
9|1|186|165|2|115|3N|W|10|ST
9|1|218|246|251|119|3N|W|9|CJ
9|1|229|110|265|167|3N|E|9|SK
9|1|206|134|264|272|4H|W|10|ST
9|1|7|296|100|175|3N|W|9|ST
9|1|283|90|166|269|3N|W|8|ST
9|1|237|97|52|112|3N|W|7|S4
9|1|15|121|299|128|3N|W|9|S3
9|1|188|124|147|95|3N|W|9|ST
9|1|190|232|180|293|3N|W|9|ST
9|10|218|246|251|119|3H|W|11|D8
9|10|186|165|2|115|4H|W|11|H3
9|10|229|110|265|167|4H|E|10|S3
9|10|206|134|264|272|4H|W|11|H5
9|10|7|296|100|175|4H|W|11|D2
9|10|283|90|166|269|4SX|N|8|HA
9|10|237|97|52|112|4H|W|11|H7
9|10|15|121|299|128|4H|W|10|SA
9|10|190|232|180|293|5H|W|10|SA
9|10|188|124|147|95|4H|W|11|SA
9|11|218|246|251|119|4S|W|12|DJ
9|11|186|165|2|115|2S|W|12|H7
9|11|229|110|265|167|3N|W|9|CJ
9|11|206|134|264|272|4S|W|12|DJ
9|11|7|296|100|175|4S|W|11|C4
9|11|283|90|166|269|3D|E|12|C5
9|11|237|97|52|112|4S|W|11|CJ
9|11|15|121|299|128|3N|E|12|C5
9|11|190|232|180|293|3CX|S|5|H9
9|11|188|124|147|95|3N|E|12|CT
9|12|186|165|2|115|4H|E|11|DK
9|12|218|246|251|119|4H|W|11|D5
9|12|229|110|265|167|6H|W|11|D7
9|12|206|134|264|272|5H|E|11|DA
9|12|7|296|100|175|4H|W|13|ST
9|12|283|90|166|269|5H|E|11|DK
9|12|237|97|52|112|4H|E|11|DA
9|12|15|121|299|128|4H|W|11|D7
9|12|190|232|180|293|4H|E|11|DA
9|12|188|124|147|95|4H|E|11|DA
9|13|186|165|2|115|3H|S|8|CQ
9|13|218|246|251|119|2H|N|5|D9
9|13|229|110|265|167|3C|W|10|CJ
9|13|206|134|264|272|3C|W|9|HT
9|13|7|296|100|175|3C|W|10|H5
9|13|283|90|166|269|2D|N|8|C4
9|13|237|97|52|112|3S|E|10|D4
9|13|15|121|299|128|1N|N|5|S4
9|13|190|232|180|293|2H|S|7|CA
9|13|188|124|147|95|3H|S|6|CA
9|14|186|165|2|115|4SX|S|10|H7
9|14|218|246|251|119|4SX|S|10|S3
9|14|229|110|265|167|4S|S|10|HK
9|14|206|134|264|272|4S|S|11|CA
9|14|7|296|100|175|5SX|S|10|H6
9|14|283|90|166|269|5SX|S|10|H7
9|14|237|97|52|112|4S|S|11|HK
9|14|15|121|299|128|5H|E|10|SA
9|14|190|232|180|293|5SX|S|10|H6
9|14|188|124|147|95|5SX|S|10|H7
9|15|186|165|2|115|6H|N|11|H5
9|15|218|246|251|119|6D|N|11|S9
9|15|229|110|265|167|6N|S|11|D7
9|15|206|134|264|272|6H|S|12|H3
9|15|7|296|100|175|3N|S|11|D5
9|15|283|90|166|269|6H|N|12|C6
9|15|237|97|52|112|4H|N|12|H4
9|15|15|121|299|128|6H|N|12|C4
9|15|190|232|180|293|4H|N|12|S8
9|15|188|124|147|95|6H|N|12|H5
9|16|186|165|2|115|2H|N|8|CQ
9|16|218|246|251|119|4H|N|9|CQ
9|16|229|110|265|167|3H|N|8|CQ
9|16|206|134|264|272|2H|N|9|CQ
9|16|7|296|100|175|1N|S|7|C3
9|16|283|90|166|269|3H|N|9|CQ
9|16|237|97|52|112|4H|N|8|CQ
9|16|15|121|299|128|4H|N|9|H4
9|16|190|232|180|293|4H|N|9|H4
9|16|188|124|147|95|2H|N|8|CQ
9|17|186|20|2|164|3HX|N|8|HK
9|17|218|37|251|230|4S|W|9|HK
9|17|229|221|265|217|2H|N|7|SA
9|17|110|134|167|272|2H|N|8|HK
9|17|7|253|100|166|4SX|W|9|CA
9|17|283|43|175|266|4HX|N|8|C2
9|17|237|15|52|299|3H|N|8|C8
9|17|97|121|112|128|3H|N|8|C8
9|17|190|232|180|293|3H|N|8|HK
9|17|168|124|290|95|4HX|N|8|C2
9|18|186|20|2|164|2N|S|9|S2
9|18|218|37|251|230|2S|W|5|DA
9|18|229|221|265|217|2N|S|9|C8
9|18|110|134|167|272|1N|S|9|S4
9|18|7|253|100|166|3N|S|9|S4
9|18|283|43|175|266|1NX|W|4|D5
9|18|237|15|52|299|3N|S|9|S3
9|18|97|121|112|128|2N|S|9|S4
9|18|190|232|180|293|2S|W|6|D4
9|18|168|124|290|95|3N|S|9|S4
9|19|186|20|2|164|3N|E|9|DQ
9|19|218|37|251|230|3H|N|9|CK
9|19|229|221|265|217|3N|W|9|D2
9|19|110|134|167|272|3NX|E|10|DK
9|19|7|253|100|166|4D|S|11|C3
9|19|283|43|175|266|3N|E|9|DK
9|19|237|15|52|299|5CX|E|10|S8
9|19|97|121|112|128|3H|N|9|CA
9|19|168|124|290|95|5C|E|10|S8
9|19|190|232|180|293|5CX|E|10|S8
9|2|186|165|2|115|2H|E|9|DJ
9|2|218|246|251|119|4H|E|9|DQ
9|2|229|110|265|167|2H|E|9|DQ
9|2|206|134|264|272|4S|E|9|HQ
9|2|7|296|100|175|4H|E|8|S3
9|2|283|90|166|269|2H|E|9|DQ
9|2|237|97|52|112|3C|E|11|CK
9|2|15|121|299|128|4H|E|10|CK
9|2|188|124|147|95|2H|E|9|DQ
9|2|190|232|180|293|4H|E|9|DQ
9|20|186|20|2|164|1N|S|9|S3
9|20|218|37|251|230|2S|E|6|SJ
9|20|229|221|265|217|1N|N|9|S6
9|20|110|134|167|272|P||0
9|20|7|253|100|166|2S|W|7|CT
9|20|283|43|175|266|1N|S|8|HT
9|20|237|15|52|299|2S|W|6|CT
9|20|97|121|112|128|1N|S|9|S5
9|20|190|232|180|293|1N|S|9|CQ
9|20|168|124|290|95|2H|W|6|CT
9|21|186|20|2|164|3D|S|9|CK
9|21|218|37|251|230|2S|N|10|HK
9|21|229|221|265|217|3D|N|9|CK
9|21|110|134|167|272|3H|E|6|SQ
9|21|7|253|100|166|5C|S|8|H3
9|21|283|43|175|266|4S|N|9|HA
9|21|237|15|52|299|2S|N|9|HA
9|21|97|121|112|128|3H|E|5|SQ
9|21|190|232|180|293|3D|S|9|H3
9|21|168|124|290|95|3H|E|6|D2
9|22|218|37|251|230|1N|S|6|D4
9|22|186|20|2|164|1N|S|6|D3
9|22|110|134|167|272|2H|N|8|S5
9|22|229|221|265|217|2H|N|8|SA
9|22|7|253|100|166|3N|S|5|D4
9|22|283|43|175|266|1N|S|8|HQ
9|22|237|15|52|299|3H|N|8|S5
9|22|97|121|112|128|1N|S|5|D4
9|22|190|232|180|293|1N|S|8|SA
9|22|168|124|290|95|1N|S|5|D4
9|23|218|37|251|230|4S|W|10|DA
9|23|186|20|2|164|4S|W|9|DA
9|23|110|134|167|272|5HX|N|10|CK
9|23|229|221|265|217|4S|E|10|H4
9|23|7|253|100|166|3S|W|10|DA
9|23|283|43|175|266|4H|N|10|SQ
9|23|237|15|52|299|5HX|N|10|SQ
9|23|97|121|112|128|4S|W|9|DA
9|23|190|232|180|293|4H|S|10|CA
9|23|168|124|290|95|5HX|N|10|CA
9|24|218|37|251|230|3N|W|11|C7
9|24|186|20|2|164|3N|E|8|H2
9|24|110|134|167|272|3N|E|11|C6
9|24|229|221|265|217|3N|W|11|C7
9|24|7|253|100|166|3N|W|10|HQ
9|24|283|43|175|266|3N|W|11|SK
9|24|237|15|52|299|3N|E|9|H4
9|24|97|121|112|128|3N|W|9|SK
9|24|190|232|180|293|3N|W|9|SK
9|24|168|124|290|95|3N|E|8|H6
9|25|186|20|2|164|2H|N|8|CK
9|25|218|37|251|230|2N|W|7|H8
9|25|229|221|265|217|2H|N|8|CA
9|25|110|134|167|272|2H|N|8|H4
9|25|7|253|100|166|3C|E|8|HK
9|25|283|43|175|266|3H|N|7|CA
9|25|237|15|52|299|2N|W|9|S5
9|25|97|121|112|128|3H|N|8|CA
9|25|190|232|180|293|3H|N|8|CA
9|25|168|124|290|95|3H|N|9|CA
9|26|186|20|2|164|4H|S|8|SA
9|26|218|37|251|230|3S|E|10|CQ
9|26|229|221|265|217|4S|E|10|CQ
9|26|110|134|167|272|5C|N|7|ST
9|26|7|253|100|166|P||0
9|26|283|43|175|266|P||0
9|26|237|15|52|299|4S|E|8|CQ
9|26|97|121|112|128|3S|E|9|CQ
9|26|190|232|180|293|4H|S|10|S3
9|26|168|124|290|95|P||0
9|27|186|20|2|164|2D|W|10|H2
9|27|218|37|251|230|1N|S|6|HK
9|27|229|221|265|217|2D|E|10|H2
9|27|110|134|167|272|2D|E|9|CK
9|27|7|253|100|166|2S|E|7|CA
9|27|283|43|175|266|2H|N|9|C7
9|27|237|15|52|299|3S|W|6|C8
9|27|97|121|112|128|2H|S|8|D9
9|27|190|232|180|293|3NX|W|9|C8
9|27|168|124|290|95|2D|E|9|CA
9|28|186|20|2|164|2H|E|7|C4
9|28|218|37|251|230|3H|E|8|C3
9|28|110|134|167|272|2C|S|9|H4
9|28|229|221|265|217|3C|N|9|C4
9|28|7|253|100|166|3C|S|9|H4
9|28|283|43|175|266|2H|E|6|C3
9|28|237|15|52|299|1N|E|6|D2
9|28|97|121|112|128|3H|W|8|H5
9|28|190|232|180|293|4H|W|8|H5
9|28|168|124|290|95|3C|S|9|C9
9|29|218|37|251|230|3C|N|8|SK
9|29|186|20|2|164|2S|E|7|S2
9|29|110|134|167|272|2S|E|8|C7
9|29|229|221|265|217|3C|N|8|SK
9|29|7|253|100|166|2S|E|7|C2
9|29|283|43|175|266|2N|N|5|SA
9|29|237|15|52|299|3C|N|9|SA
9|29|97|121|112|128|3C|N|8|SA
9|29|190|232|180|293|3C|N|9|SA
9|29|168|124|290|95|2S|E|7|HA
9|3|186|165|2|115|3H|W|11|DQ
9|3|218|246|251|119|5DX|S|9|C8
9|3|229|110|265|167|4H|W|10|DQ
9|3|206|134|264|272|5DX|S|9|C8
9|3|7|296|100|175|3H|W|10|DQ
9|3|283|90|166|269|4H|W|10|H4
9|3|237|97|52|112|5HX|W|10|DQ
9|3|15|121|299|128|5DX|S|9|HA
9|3|188|124|147|95|3H|W|11|DQ
9|3|190|232|180|293|3H|W|10|H4
9|30|218|37|251|230|4H|S|9|D3
9|30|186|20|2|164|2H|N|8|C7
9|30|229|221|265|217|2H|N|8|C7
9|30|110|134|167|272|1N|W|6|H4
9|30|7|253|100|166|1N|N|7|D4
9|30|283|43|175|266|3H|N|9|HJ
9|30|237|15|52|299|4H|N|7|S3
9|30|97|121|112|128|1N|N|9|HJ
9|30|190|232|180|293|1N|N|7|D4
9|30|168|124|290|95|1N|N|7|C2
9|31|218|37|251|230|3C|W|12|H4
9|31|186|20|2|164|3D|E|12|HQ
9|31|229|221|265|217|5D|E|12|HK
9|31|110|134|167|272|5D|E|12|HK
9|31|7|253|100|166|4D|E|12|HK
9|31|283|43|175|266|3N|W|12|H3
9|31|97|121|112|128|3N|W|12|HT
9|31|237|15|52|299|3N|W|8|S4
9|31|168|124|290|95|5D|E|12|HK
9|31|190|232|180|293|5D|E|12|HK
9|32|218|37|251|230|1N|N|7|S4
9|32|186|20|2|164|2N|E|6|C5
9|32|110|134|167|272|P||0
9|32|229|221|265|217|P||0
9|32|283|43|175|266|P||0
9|32|7|253|100|166|P||0
9|32|97|121|112|128|1N|S|8|CK
9|32|237|15|52|299|2S|N|7|H3
9|32|168|124|290|95|P||0
9|32|190|232|180|293|P||0
9|4|186|165|2|115|4S|E|10|HA
9|4|218|246|251|119|4S|E|10|DT
9|4|229|110|265|167|4S|E|10|H3
9|4|206|134|264|272|5H|N|8|SA
9|4|7|296|100|175|4S|E|10|DT
9|4|283|90|166|269|4S|E|10|DT
9|4|237|97|52|112|4S|E|10|S2
9|4|15|121|299|128|4S|E|10|DT
9|4|190|232|180|293|4S|E|10|DT
9|4|188|124|147|95|5S|E|10|D9
9|5|186|165|2|115|3N|W|12|S9
9|5|218|246|251|119|3N|W|12|H5
9|5|229|110|265|167|3N|W|12|ST
9|5|206|134|264|272|3N|W|12|ST
9|5|7|296|100|175|3N|W|12|ST
9|5|283|90|166|269|3N|W|12|ST
9|5|237|97|52|112|4N|W|12|ST
9|5|15|121|299|128|3N|W|12|H2
9|5|190|232|180|293|3N|W|12|ST
9|5|188|124|147|95|3N|W|12|ST
9|6|186|165|2|115|4HX|W|7|ST
9|6|218|246|251|119|6D|S|12|S6
9|6|229|110|265|167|5D|S|12|H4
9|6|206|134|264|272|6D|S|12|H2
9|6|7|296|100|175|6D|S|12|H6
9|6|283|90|166|269|6D|N|12|HQ
9|6|237|97|52|112|3N|S|11|H2
9|6|15|121|299|128|3N|S|12|H2
9|6|190|232|180|293|5D|S|12|C7
9|6|188|124|147|95|3N|S|12|C7
9|7|218|246|251|119|3N|E|9|S3
9|7|186|165|2|115|3D|E|11|D5
9|7|229|110|265|167|3D|E|11|C9
9|7|206|134|264|272|4D|E|10|C7
9|7|7|296|100|175|1N|E|9|C4
9|7|283|90|166|269|2D|E|10|S3
9|7|237|97|52|112|4D|E|9|SA
9|7|15|121|299|128|2D|E|10|C4
9|7|190|232|180|293|3N|W|9|S7
9|7|188|124|147|95|3NX|E|9|HQ
9|8|218|246|251|119|6S|N|13|HQ
9|8|186|165|2|115|4S|N|13|HQ
9|8|229|110|265|167|4S|N|13|HQ
9|8|206|134|264|272|4S|N|13|HQ
9|8|7|296|100|175|4S|N|13|HQ
9|8|283|90|166|269|6S|S|13|S7
9|8|237|97|52|112|4S|S|13|D3
9|8|15|121|299|128|6S|S|12|C5
9|8|190|232|180|293|6S|N|12|CA
9|8|188|124|147|95|6S|S|13|S7
9|9|218|246|251|119|4S|S|11|DT
9|9|186|165|2|115|4S|S|10|D5
9|9|229|110|265|167|4S|N|11|CA
9|9|206|134|264|272|4S|S|10|DT
9|9|7|296|100|175|4S|S|10|DT
9|9|283|90|166|269|4S|S|10|DT
9|9|237|97|52|112|4S|S|10|DT
9|9|15|121|299|128|4S|S|11|DT
9|9|190|232|180|293|4S|S|10|DT
9|9|188|124|147|95|4S|S|11|DT
