1|1|2|999|1|999|2S|W|10|SJ
1|1|999|5|999|4|1N|N|5|SA
1|1|999|999|999|999|1C|N|3|SA
1|1|999|999|999|999|1C|N|4|SA
1|1|999|999|999|999|1HX|N|6|SA
1|1|999|999|999|999|1HX|N|6|SA
1|1|999|999|999|999|1N|W|10|SQ
1|1|999|999|999|999|1N|W|7|H2
1|1|999|999|999|999|1N|W|8|C4
1|1|999|999|999|999|1N|W|8|D2
1|1|999|999|999|999|1N|W|8|H2
1|1|999|999|999|999|1N|W|8|H2
1|1|999|999|999|999|1N|W|8|H3
1|1|999|999|999|999|1N|W|9|SQ
1|1|999|999|999|999|1NX|N|7|H5
1|1|999|999|999|999|1NX|N|7|H5
1|1|999|999|999|999|1S|E|8|C5
1|1|999|999|999|999|2C|W|10|D2
1|1|999|999|999|999|2DX|S|7|DA
1|1|999|999|999|999|2DX|S|7|H6
1|1|999|999|999|999|2DX|S|7|H6
1|1|999|999|999|999|2N|E|8|S9
1|1|999|999|999|999|2N|W|7|H2
1|1|999|999|999|999|2S|E|8|C9
1|1|999|999|999|999|2S|E|9|HK
1|1|999|999|999|999|3N|E|8|S9
1|1|999|999|999|999|3N|W|6|H2
1|1|999|999|999|999|3N|W|7|D2
1|1|999|999|999|999|P|S|0
1|1|999|999|999|999|P|S|0
1|2|2|999|1|999|5S|S|11|DK
1|2|999|5|999|4|5DX|E|7|D2
1|2|999|999|999|999|4S|S|11|DK
1|2|999|999|999|999|4S|S|11|DK
1|2|999|999|999|999|4S|S|11|DK
1|2|999|999|999|999|4S|S|11|DK
1|2|999|999|999|999|4S|S|12|DK
1|2|999|999|999|999|4S|S|12|DK
1|2|999|999|999|999|4S|S|12|DK
1|2|999|999|999|999|4S|S|12|DK
1|2|999|999|999|999|4S|S|12|DK
1|2|999|999|999|999|5S|N|11|DJ
1|2|999|999|999|999|5S|S|11|D3
1|2|999|999|999|999|5S|S|11|D3
1|2|999|999|999|999|5S|S|11|D5
1|2|999|999|999|999|5S|S|11|DK
1|2|999|999|999|999|5S|S|11|DK
1|2|999|999|999|999|5S|S|11|DK
1|2|999|999|999|999|5S|S|11|DK
1|2|999|999|999|999|5S|S|11|DQ
1|2|999|999|999|999|5S|S|12|DK
1|2|999|999|999|999|6DX|E|8|D2
1|2|999|999|999|999|6DX|W|8|S8
1|2|999|999|999|999|6S|S|11|DK
1|2|999|999|999|999|6S|S|11|DK
1|2|999|999|999|999|6S|S|11|DQ
1|2|999|999|999|999|6S|S|12|DK
1|2|999|999|999|999|7DX|E|7|S3
1|2|999|999|999|999|P|S|0
1|2|999|999|999|999|P|S|0
2|3|2|999|1|999|3S|E|8|DT
2|3|999|5|999|4|3D|N|8|SK
2|3|999|999|999|999|1S|E|7|DT
2|3|999|999|999|999|2D|N|7|SK
2|3|999|999|999|999|2H|E|7|D2
2|3|999|999|999|999|2N|N|5|SK
2|3|999|999|999|999|2N|N|5|SK
2|3|999|999|999|999|2S|E|7|D9
2|3|999|999|999|999|2S|E|8|H4
2|3|999|999|999|999|2S|E|8|H8
2|3|999|999|999|999|2S|E|8|H8
2|3|999|999|999|999|2S|E|8|H8
2|3|999|999|999|999|2S|E|9|H8
2|3|999|999|999|999|3C|S|8|SJ
2|3|999|999|999|999|3C|S|8|SJ
2|3|999|999|999|999|3C|S|8|SJ
2|3|999|999|999|999|3D|N|8|SK
2|3|999|999|999|999|3D|N|8|SK
2|3|999|999|999|999|3H|W|7|C3
2|3|999|999|999|999|3H|W|7|C4
2|3|999|999|999|999|3H|W|7|DA
2|3|999|999|999|999|3H|W|7|DA
2|3|999|999|999|999|3S|E|8|D9
2|3|999|999|999|999|3S|E|8|DJ
2|3|999|999|999|999|3S|E|8|DT
2|3|999|999|999|999|3S|E|9|DT
2|3|999|999|999|999|3S|E|9|H8
2|3|999|999|999|999|4C|S|8|SJ
2|3|999|999|999|999|P|S|0
2|3|999|999|999|999|P|S|0
2|4|2|999|1|999|3N|W|11|S6
2|4|999|5|999|4|4H|W|11|D3
2|4|999|999|999|999|3N|E|10|S4
2|4|999|999|999|999|3N|E|11|D3
2|4|999|999|999|999|3N|E|11|D9
2|4|999|999|999|999|3N|E|11|D9
2|4|999|999|999|999|3N|E|11|DT
2|4|999|999|999|999|3N|W|11|CJ
2|4|999|999|999|999|4H|W|11|D3
2|4|999|999|999|999|4H|W|11|D3
2|4|999|999|999|999|4H|W|11|D6
2|4|999|999|999|999|4H|W|11|D6
2|4|999|999|999|999|4H|W|11|H3
2|4|999|999|999|999|4H|W|11|H6
2|4|999|999|999|999|4H|W|11|SJ
2|4|999|999|999|999|4H|W|11|SQ
2|4|999|999|999|999|4H|W|11|SQ
2|4|999|999|999|999|4H|W|11|SQ
2|4|999|999|999|999|4H|W|11|SQ
2|4|999|999|999|999|4H|W|11|SQ
2|4|999|999|999|999|4H|W|11|SQ
2|4|999|999|999|999|4H|W|11|SQ
2|4|999|999|999|999|4H|W|11|SQ
2|4|999|999|999|999|4H|W|11|SQ
2|4|999|999|999|999|4H|W|11|SQ
2|4|999|999|999|999|4S|N|12|DK
2|4|999|999|999|999|6H|W|11|CA
2|4|999|999|999|999|6H|W|11|S5
2|4|999|999|999|999|P|S|0
2|4|999|999|999|999|P|S|0
3|5|2|999|1|999|3C|E|9|SA
3|5|999|5|999|4|4C|E|9|SA
3|5|999|999|999|999|2H|E|8|SA
3|5|999|999|999|999|2S|S|9|D7
3|5|999|999|999|999|3C|E|8|SA
3|5|999|999|999|999|3C|E|8|SA
3|5|999|999|999|999|3C|E|8|SA
3|5|999|999|999|999|3C|E|9|C6
3|5|999|999|999|999|3C|E|9|C6
3|5|999|999|999|999|3C|E|9|SA
3|5|999|999|999|999|3C|E|9|SA
3|5|999|999|999|999|3C|E|9|SA
3|5|999|999|999|999|3C|E|9|SA
3|5|999|999|999|999|3C|E|9|SA
3|5|999|999|999|999|3C|E|9|SK
3|5|999|999|999|999|3C|W|8|S7
3|5|999|999|999|999|3H|E|8|SA
3|5|999|999|999|999|3HX|E|8|S3
3|5|999|999|999|999|3N|E|3|SA
3|5|999|999|999|999|3S|N|9|DA
3|5|999|999|999|999|3S|N|9|DA
3|5|999|999|999|999|3SX|N|10|DA
3|5|999|999|999|999|4C|E|9|C2
3|5|999|999|999|999|4C|E|9|SA
3|5|999|999|999|999|4C|E|9|SA
3|5|999|999|999|999|4C|E|9|SA
3|5|999|999|999|999|4C|E|9|SA
3|5|999|999|999|999|4C|E|9|SA
3|5|999|999|999|999|P|S|0
3|5|999|999|999|999|P|S|0
3|6|2|999|1|999|4H|N|11|DQ
3|6|999|5|999|4|4H|S|10|SK
3|6|999|999|999|999|1NX|W|8|S6
3|6|999|999|999|999|2C|S|11|S2
3|6|999|999|999|999|2C|S|11|SA
3|6|999|999|999|999|2C|S|11|SA
3|6|999|999|999|999|2C|S|11|SK
3|6|999|999|999|999|2C|S|8|SA
3|6|999|999|999|999|2C|S|9|SA
3|6|999|999|999|999|2C|S|9|SA
3|6|999|999|999|999|2C|S|9|SA
3|6|999|999|999|999|2C|S|9|SA
3|6|999|999|999|999|2H|S|11|HA
3|6|999|999|999|999|2NX|W|7|H4
3|6|999|999|999|999|2NX|W|8|S7
3|6|999|999|999|999|2NX|W|8|S7
3|6|999|999|999|999|2S|N|7|H9
3|6|999|999|999|999|3C|S|8|SA
3|6|999|999|999|999|3C|S|9|SA
3|6|999|999|999|999|3H|N|11|DQ
3|6|999|999|999|999|3H|N|11|DQ
3|6|999|999|999|999|3S|N|8|DQ
3|6|999|999|999|999|3S|N|8|HT
3|6|999|999|999|999|4H|N|11|DQ
3|6|999|999|999|999|4H|S|10|SA
3|6|999|999|999|999|4H|S|11|SA
3|6|999|999|999|999|4SX|N|8|DQ
3|6|999|999|999|999|4SX|N|8|DQ
3|6|999|999|999|999|P|S|0
3|6|999|999|999|999|P|S|0
4|7|2|999|1|999|3N|N|12|CJ
4|7|999|5|999|4|4N|N|11|CJ
4|7|999|999|999|999|2CX|E|3|H7
4|7|999|999|999|999|3N|N|10|CJ
4|7|999|999|999|999|3N|N|10|CJ
4|7|999|999|999|999|3N|N|10|CJ
4|7|999|999|999|999|3N|N|10|CJ
4|7|999|999|999|999|3N|N|10|CJ
4|7|999|999|999|999|3N|N|10|CJ
4|7|999|999|999|999|3N|N|10|CJ
4|7|999|999|999|999|3N|N|10|S2
4|7|999|999|999|999|3N|N|11|CJ
4|7|999|999|999|999|3N|N|11|CJ
4|7|999|999|999|999|3N|N|11|CJ
4|7|999|999|999|999|3N|N|11|CJ
4|7|999|999|999|999|3N|N|11|CJ
4|7|999|999|999|999|3N|N|11|CJ
4|7|999|999|999|999|3N|N|11|CJ
4|7|999|999|999|999|3N|N|12|CJ
4|7|999|999|999|999|3N|N|9|CJ
4|7|999|999|999|999|3N|S|11|D3
4|7|999|999|999|999|4N|N|11|CJ
4|7|999|999|999|999|4N|N|12|S2
4|7|999|999|999|999|4N|S|11|S6
4|7|999|999|999|999|6N|N|10|C2
4|7|999|999|999|999|6N|N|10|CJ
4|7|999|999|999|999|6N|N|11|CJ
4|7|999|999|999|999|6N|N|11|CJ
4|7|999|999|999|999|P|S|0
4|7|999|999|999|999|P|S|0
4|8|2|999|1|999|1N|N|7|C2
4|8|999|5|999|4|P|S|0
4|8|999|999|999|999|1N|N|6|H4
4|8|999|999|999|999|1N|N|8|H4
4|8|999|999|999|999|1N|S|6|S4
4|8|999|999|999|999|1N|S|7|H2
4|8|999|999|999|999|1N|S|7|S3
4|8|999|999|999|999|1N|S|7|S4
4|8|999|999|999|999|1N|S|8|H2
4|8|999|999|999|999|1N|S|8|S2
4|8|999|999|999|999|1N|S|9|S3
4|8|999|999|999|999|2D|S|7|H2
4|8|999|999|999|999|2D|S|9|D6
4|8|999|999|999|999|2H|E|7|S6
4|8|999|999|999|999|2N|N|6|H4
4|8|999|999|999|999|3D|N|7|C6
4|8|999|999|999|999|3D|N|8|C5
4|8|999|999|999|999|3D|N|9|C5
4|8|999|999|999|999|3D|S|8|H2
4|8|999|999|999|999|3D|S|8|H3
4|8|999|999|999|999|P|S|0
4|8|999|999|999|999|P|S|0
4|8|999|999|999|999|P|S|0
4|8|999|999|999|999|P|S|0
4|8|999|999|999|999|P|S|0
4|8|999|999|999|999|P|S|0
4|8|999|999|999|999|P|S|0
4|8|999|999|999|999|P|S|0
4|8|999|999|999|999|P|S|0
4|8|999|999|999|999|P|S|0
5|10|2|999|1|999|4H|N|13|D5
5|10|999|5|999|4|4H|N|13|C2
5|10|999|999|999|999|2SX|E|7|CA
5|10|999|999|999|999|3N|S|13|H2
5|10|999|999|999|999|4H|N|11|C8
5|10|999|999|999|999|4H|N|11|D5
5|10|999|999|999|999|4H|N|11|SJ
5|10|999|999|999|999|4H|N|13|C8
5|10|999|999|999|999|4H|N|13|C8
5|10|999|999|999|999|4H|N|13|C8
5|10|999|999|999|999|4H|N|13|C8
5|10|999|999|999|999|4H|N|13|C8
5|10|999|999|999|999|4H|N|13|C9
5|10|999|999|999|999|4H|N|13|C9
5|10|999|999|999|999|5C|N|11|SJ
5|10|999|999|999|999|5C|S|12|SA
5|10|999|999|999|999|5H|N|11|SK
5|10|999|999|999|999|5H|N|11|SK
5|10|999|999|999|999|5H|N|13|C6
5|10|999|999|999|999|5H|N|13|C8
5|10|999|999|999|999|6C|N|12|SA
5|10|999|999|999|999|6H|N|12|SJ
5|10|999|999|999|999|6H|N|13|C8
5|10|999|999|999|999|6H|N|13|C8
5|10|999|999|999|999|6H|N|13|C8
5|10|999|999|999|999|6H|N|13|C8
5|10|999|999|999|999|6H|S|12|SA
5|10|999|999|999|999|6H|S|12|SA
5|10|999|999|999|999|P|S|0
5|10|999|999|999|999|P|S|0
5|9|2|999|1|999|4C|E|9|DJ
5|9|999|5|999|4|3S|N|9|C2
5|9|999|999|999|999|2DX|N|6|CA
5|9|999|999|999|999|2S|S|9|CJ
5|9|999|999|999|999|2S|S|9|CJ
5|9|999|999|999|999|3D|N|6|CA
5|9|999|999|999|999|3D|N|7|CA
5|9|999|999|999|999|3D|N|7|CA
5|9|999|999|999|999|3N|E|6|S6
5|9|999|999|999|999|3S|S|9|CJ
5|9|999|999|999|999|3S|S|9|CJ
5|9|999|999|999|999|3S|S|9|H2
5|9|999|999|999|999|3SX|S|9|CJ
5|9|999|999|999|999|3SX|S|9|SJ
5|9|999|999|999|999|4C|E|8|DJ
5|9|999|999|999|999|4C|E|8|DJ
5|9|999|999|999|999|4C|E|8|DJ
5|9|999|999|999|999|4C|E|8|S5
5|9|999|999|999|999|4C|W|8|CJ
5|9|999|999|999|999|4S|S|8|CJ
5|9|999|999|999|999|4S|S|9|CJ
5|9|999|999|999|999|4S|S|9|CJ
5|9|999|999|999|999|4S|S|9|H2
5|9|999|999|999|999|4SX|S|7|CJ
5|9|999|999|999|999|4SX|S|7|SJ
5|9|999|999|999|999|4SX|S|8|CJ
5|9|999|999|999|999|4SX|S|9|C6
5|9|999|999|999|999|4SX|S|9|CJ
5|9|999|999|999|999|P|S|0
5|9|999|999|999|999|P|S|0
6|11|2|999|1|999|3N|S|11|H2
6|11|999|5|999|4|3N|S|11|D9
6|11|999|999|999|999|3N|S|10|S3
6|11|999|999|999|999|3N|S|10|S5
6|11|999|999|999|999|3N|S|11|D6
6|11|999|999|999|999|3N|S|11|D8
6|11|999|999|999|999|3N|S|11|D9
6|11|999|999|999|999|3N|S|11|D9
6|11|999|999|999|999|3N|S|11|D9
6|11|999|999|999|999|3N|S|11|H2
6|11|999|999|999|999|3N|S|11|H2
6|11|999|999|999|999|3N|S|11|H2
6|11|999|999|999|999|3N|S|11|H2
6|11|999|999|999|999|3N|S|11|H2
6|11|999|999|999|999|3N|S|11|H2
6|11|999|999|999|999|3N|S|11|H2
6|11|999|999|999|999|3N|S|11|H3
6|11|999|999|999|999|3N|S|11|H3
6|11|999|999|999|999|3N|S|11|H3
6|11|999|999|999|999|3N|S|11|H4
6|11|999|999|999|999|3N|S|11|H4
6|11|999|999|999|999|3N|S|11|H4
6|11|999|999|999|999|3N|S|12|H2
6|11|999|999|999|999|3N|S|12|H2
6|11|999|999|999|999|3N|S|12|H2
6|11|999|999|999|999|3N|S|12|H2
6|11|999|999|999|999|3N|S|12|H2
6|11|999|999|999|999|3N|S|9|D8
6|11|999|999|999|999|P|S|0
6|11|999|999|999|999|P|S|0
6|12|2|999|1|999|2D|W|7|S5
6|12|999|5|999|4|2D|W|8|DJ
6|12|999|999|999|999|1N|W|4|C5
6|12|999|999|999|999|1N|W|6|C6
6|12|999|999|999|999|1N|W|6|C6
6|12|999|999|999|999|1N|W|7|C5
6|12|999|999|999|999|1N|W|7|C6
6|12|999|999|999|999|1N|W|7|C6
6|12|999|999|999|999|1N|W|7|C6
6|12|999|999|999|999|1N|W|8|C5
6|12|999|999|999|999|1N|W|9|C6
6|12|999|999|999|999|2C|E|9|D2
6|12|999|999|999|999|2D|W|7|DJ
6|12|999|999|999|999|2D|W|8|D2
6|12|999|999|999|999|2D|W|8|DJ
6|12|999|999|999|999|2D|W|8|DJ
6|12|999|999|999|999|2D|W|8|H3
6|12|999|999|999|999|2D|W|8|S5
6|12|999|999|999|999|2DX|W|7|DJ
6|12|999|999|999|999|2S|S|10|ST
6|12|999|999|999|999|2S|S|8|HQ
6|12|999|999|999|999|2S|S|8|HQ
6|12|999|999|999|999|3D|W|7|S5
6|12|999|999|999|999|3S|S|8|DA
6|12|999|999|999|999|3S|S|9|HQ
6|12|999|999|999|999|3S|S|9|HQ
6|12|999|999|999|999|3S|S|9|ST
6|12|999|999|999|999|4SX|S|9|HQ
6|12|999|999|999|999|P|S|0
6|12|999|999|999|999|P|S|0
7|13|2|999|1|999|4C|E|9|HK
7|13|999|5|999|4|4S|W|11|H3
7|13|999|999|999|999|4S|E|11|H3
7|13|999|999|999|999|4S|E|11|HK
7|13|999|999|999|999|4S|W|10|H3
7|13|999|999|999|999|4S|W|11|DQ
7|13|999|999|999|999|4S|W|11|H2
7|13|999|999|999|999|4S|W|11|H2
7|13|999|999|999|999|4S|W|11|H3
7|13|999|999|999|999|4S|W|11|H3
7|13|999|999|999|999|4S|W|11|H3
7|13|999|999|999|999|4S|W|11|H3
7|13|999|999|999|999|4S|W|11|HJ
7|13|999|999|999|999|4S|W|11|HJ
7|13|999|999|999|999|4S|W|12|H3
7|13|999|999|999|999|4S|W|12|H3
7|13|999|999|999|999|4S|W|12|H3
7|13|999|999|999|999|4S|W|12|H7
7|13|999|999|999|999|4S|W|12|H7
7|13|999|999|999|999|4S|W|12|HJ
7|13|999|999|999|999|5C|E|11|HK
7|13|999|999|999|999|5CX|E|11|HK
7|13|999|999|999|999|6C|E|11|HK
7|13|999|999|999|999|6N|E|9|HK
7|13|999|999|999|999|6N|W|6|H5
7|13|999|999|999|999|6S|E|12|HJ
7|13|999|999|999|999|6S|W|11|DQ
7|13|999|999|999|999|6S|W|12|H7
7|13|999|999|999|999|P|S|0
7|13|999|999|999|999|P|S|0
7|14|2|999|1|999|4SX|E|6|H7
7|14|999|5|999|4|4H|N|10|CT
7|14|999|999|999|999|3N|N|10|D7
7|14|999|999|999|999|3N|N|10|S2
7|14|999|999|999|999|3N|N|10|S6
7|14|999|999|999|999|3N|N|10|ST
7|14|999|999|999|999|3N|N|11|D7
7|14|999|999|999|999|3N|N|11|H5
7|14|999|999|999|999|3N|N|11|H5
7|14|999|999|999|999|3N|N|11|H6
7|14|999|999|999|999|3N|N|11|H6
7|14|999|999|999|999|3N|N|11|H6
7|14|999|999|999|999|3N|N|11|S8
7|14|999|999|999|999|3N|N|11|ST
7|14|999|999|999|999|3N|N|12|H2
7|14|999|999|999|999|3N|N|9|ST
7|14|999|999|999|999|3N|N|9|ST
7|14|999|999|999|999|3N|S|10|SJ
7|14|999|999|999|999|4H|N|10|CT
7|14|999|999|999|999|4H|N|11|CT
7|14|999|999|999|999|4H|N|11|SJ
7|14|999|999|999|999|4H|S|10|S3
7|14|999|999|999|999|4H|S|10|SJ
7|14|999|999|999|999|4H|S|11|SJ
7|14|999|999|999|999|4SX|E|6|H4
7|14|999|999|999|999|4SX|E|6|H7
7|14|999|999|999|999|4SX|E|6|H7
7|14|999|999|999|999|4SX|E|7|SA
7|14|999|999|999|999|P|S|0
7|14|999|999|999|999|P|S|0
8|15|2|999|1|999|6C|S|9|D2
8|15|999|5|999|4|3S|N|8|HA
8|15|999|999|999|999|1S|N|9|D8
8|15|999|999|999|999|3N|S|7|H9
8|15|999|999|999|999|3N|S|7|H9
8|15|999|999|999|999|3N|S|8|H2
8|15|999|999|999|999|3S|N|10|HA
8|15|999|999|999|999|4HX|W|7|SA
8|15|999|999|999|999|4HX|W|8|DA
8|15|999|999|999|999|4HX|W|8|SA
8|15|999|999|999|999|4S|N|10|HA
8|15|999|999|999|999|4S|N|8|D3
8|15|999|999|999|999|4S|N|8|HA
8|15|999|999|999|999|4S|N|8|HA
8|15|999|999|999|999|4S|N|9|HA
8|15|999|999|999|999|4S|N|9|HA
8|15|999|999|999|999|4S|S|9|H7
8|15|999|999|999|999|5C|S|10|D3
8|15|999|999|999|999|5C|S|10|H8
8|15|999|999|999|999|5HX|E|8|S7
8|15|999|999|999|999|5HX|W|8|SA
8|15|999|999|999|999|5HX|W|8|SK
8|15|999|999|999|999|5S|N|10|HA
8|15|999|999|999|999|6C|N|11|H3
8|15|999|999|999|999|6C|S|10|H9
8|15|999|999|999|999|6C|S|11|S3
8|15|999|999|999|999|6HX|W|8|CA
8|15|999|999|999|999|6S|N|10|HA
8|15|999|999|999|999|P|S|0
8|15|999|999|999|999|P|S|0
8|16|2|999|1|999|2S|W|8|H7
8|16|999|5|999|4|3H|S|9|CT
8|16|999|999|999|999|2C|N|6|SA
8|16|999|999|999|999|2H|S|9|D6
8|16|999|999|999|999|2S|W|7|H5
8|16|999|999|999|999|2S|W|7|H7
8|16|999|999|999|999|2S|W|8|DA
8|16|999|999|999|999|2SX|W|8|DA
8|16|999|999|999|999|3D|N|8|SA
8|16|999|999|999|999|3H|S|10|D3
8|16|999|999|999|999|3H|S|10|SJ
8|16|999|999|999|999|3H|S|8|D6
8|16|999|999|999|999|3H|S|8|D6
8|16|999|999|999|999|3H|S|9|D6
8|16|999|999|999|999|3HX|S|8|SJ
8|16|999|999|999|999|3S|W|7|DA
8|16|999|999|999|999|3S|W|7|DA
8|16|999|999|999|999|3S|W|7|DA
8|16|999|999|999|999|3S|W|7|DK
8|16|999|999|999|999|3S|W|8|DA
8|16|999|999|999|999|4H|S|11|CT
8|16|999|999|999|999|4H|S|6|D6
8|16|999|999|999|999|4H|S|9|D6
8|16|999|999|999|999|4H|S|9|D6
8|16|999|999|999|999|4S|W|7|DK
8|16|999|999|999|999|4S|W|8|DA
8|16|999|999|999|999|5DX|S|9|HK
8|16|999|999|999|999|5H|S|8|D6
8|16|999|999|999|999|P|S|0
8|16|999|999|999|999|P|S|0
9|1|2|999|1|999|5D|N|12|S6
9|1|999|5|999|4|3N|S|10|H2
9|1|999|999|999|999|1N|N|6|CA
9|1|999|999|999|999|1N|N|6|DT
9|1|999|999|999|999|3N|N|11|H3
9|1|999|999|999|999|3N|N|11|S5
9|1|999|999|999|999|4HX|W|8|DA
9|1|999|999|999|999|5D|N|11|DQ
9|1|999|999|999|999|5D|N|12|CA
9|1|999|999|999|999|5D|N|12|H4
9|1|999|999|999|999|5D|N|12|H4
9|1|999|999|999|999|6D|N|11|H5
9|1|999|999|999|999|6D|N|12|C3
9|1|999|999|999|999|6D|N|12|CA
9|1|999|999|999|999|6D|N|12|CA
9|1|999|999|999|999|6D|N|12|CA
9|1|999|999|999|999|6D|N|12|CA
9|1|999|999|999|999|6D|N|12|H3
9|1|999|999|999|999|6D|N|12|H3
9|1|999|999|999|999|6D|N|12|H4
9|1|999|999|999|999|6D|N|12|S3
9|1|999|999|999|999|6D|N|12|S3
9|1|999|999|999|999|6D|N|12|S6
9|1|999|999|999|999|6D|N|12|S6
9|1|999|999|999|999|6D|N|12|S6
9|1|999|999|999|999|6D|N|12|S6
9|1|999|999|999|999|6D|N|12|S9
9|1|999|999|999|999|7D|S|11|S5
9|1|999|999|999|999|P|S|0
9|1|999|999|999|999|P|S|0
9|2|2|999|1|999|4H|E|9|C3
9|2|999|5|999|4|3H|E|9|C3
9|2|999|999|999|999|1N|E|8|S8
9|2|999|999|999|999|3H|E|10|C2
9|2|999|999|999|999|3H|E|9|C3
9|2|999|999|999|999|3H|E|9|C3
9|2|999|999|999|999|3S|S|10|D9
9|2|999|999|999|999|4H|E|11|C3
9|2|999|999|999|999|4H|E|7|C3
9|2|999|999|999|999|4H|E|8|C3
9|2|999|999|999|999|4H|E|8|C3
9|2|999|999|999|999|4H|E|9|C2
9|2|999|999|999|999|4H|E|9|C3
9|2|999|999|999|999|4H|E|9|C3
9|2|999|999|999|999|4H|E|9|C3
9|2|999|999|999|999|4H|E|9|C3
9|2|999|999|999|999|4H|E|9|C3
9|2|999|999|999|999|4H|E|9|DK
9|2|999|999|999|999|4H|E|9|DK
9|2|999|999|999|999|4H|W|10|DA
9|2|999|999|999|999|4H|W|8|DA
9|2|999|999|999|999|4HX|E|9|C5
9|2|999|999|999|999|4S|N|9|HK
9|2|999|999|999|999|4S|S|10|H3
9|2|999|999|999|999|4SX|S|10|D7
9|2|999|999|999|999|4SX|S|10|D7
9|2|999|999|999|999|4SX|S|9|H4
9|2|999|999|999|999|P|S|0
9|2|999|999|999|999|P|S|0
9|2|999|999|999|999|P|S|0
10|3|2|999|1|999|4D|N|11|H3
10|3|999|5|999|4|2SX|N|7|C8
10|3|999|999|999|999|3D|N|11|C3
10|3|999|999|999|999|3D|N|11|C8
10|3|999|999|999|999|3D|N|11|H3
10|3|999|999|999|999|3D|N|11|H3
10|3|999|999|999|999|3D|N|11|H3
10|3|999|999|999|999|3D|N|11|H3
10|3|999|999|999|999|3D|N|11|H5
10|3|999|999|999|999|3D|N|11|H6
10|3|999|999|999|999|3D|N|11|H6
10|3|999|999|999|999|3N|N|9|C4
10|3|999|999|999|999|3N|S|9|H2
10|3|999|999|999|999|3NX|N|9|C4
10|3|999|999|999|999|4D|N|11|C3
10|3|999|999|999|999|4D|N|11|C4
10|3|999|999|999|999|4D|N|11|C4
10|3|999|999|999|999|4D|N|11|C8
10|3|999|999|999|999|4D|N|11|C8
10|3|999|999|999|999|4D|N|11|D6
10|3|999|999|999|999|4D|N|11|H3
10|3|999|999|999|999|4D|N|11|H6
10|3|999|999|999|999|4D|N|11|H6
10|3|999|999|999|999|4D|N|11|H6
10|3|999|999|999|999|4D|N|11|S3
10|3|999|999|999|999|5D|N|11|C8
10|3|999|999|999|999|5D|N|11|H6
10|3|999|999|999|999|5D|S|11|DA
10|3|999|999|999|999|P|S|0
10|3|999|999|999|999|P|S|0
10|4|2|999|1|999|6N|N|11|CT
10|4|999|5|999|4|3N|N|10|S2
10|4|999|999|999|999|2C|S|11|D5
10|4|999|999|999|999|2C|S|11|D7
10|4|999|999|999|999|2C|S|11|D7
10|4|999|999|999|999|2C|S|11|D7
10|4|999|999|999|999|2H|N|8|S2
10|4|999|999|999|999|2N|S|10|HK
10|4|999|999|999|999|2N|S|11|D7
10|4|999|999|999|999|2S|N|9|D3
10|4|999|999|999|999|2S|S|11|S4
10|4|999|999|999|999|2S|S|9|S2
10|4|999|999|999|999|3C|S|11|C5
10|4|999|999|999|999|3D|S|9|D2
10|4|999|999|999|999|3N|N|10|H3
10|4|999|999|999|999|3N|N|10|ST
10|4|999|999|999|999|3N|N|9|D4
10|4|999|999|999|999|3N|N|9|S2
10|4|999|999|999|999|3N|N|9|S5
10|4|999|999|999|999|3N|S|10|D7
10|4|999|999|999|999|3N|S|10|HT
10|4|999|999|999|999|3N|S|10|HT
10|4|999|999|999|999|3N|S|11|D7
10|4|999|999|999|999|3N|S|11|D7
10|4|999|999|999|999|3N|S|11|D7
10|4|999|999|999|999|3N|S|9|HK
10|4|999|999|999|999|4S|S|12|C7
10|4|999|999|999|999|4S|S|9|HT
10|4|999|999|999|999|P|S|0
10|4|999|999|999|999|P|S|0
11|5|2|999|1|999|4S|W|8|D3
11|5|999|5|999|4|4S|W|8|D3
11|5|999|999|999|999|2S|W|8|D2
11|5|999|999|999|999|2S|W|8|D3
11|5|999|999|999|999|2S|W|8|D3
11|5|999|999|999|999|2S|W|8|D3
11|5|999|999|999|999|2S|W|8|D5
11|5|999|999|999|999|3HX|N|9|HT
11|5|999|999|999|999|3HX|N|9|HT
11|5|999|999|999|999|3N|W|7|S6
11|5|999|999|999|999|3S|W|8|H4
11|5|999|999|999|999|3S|W|8|H4
11|5|999|999|999|999|4H|S|9|HQ
11|5|999|999|999|999|4HX|S|9|DQ
11|5|999|999|999|999|4S|E|9|DA
11|5|999|999|999|999|4S|W|8|D3
11|5|999|999|999|999|4S|W|8|D3
11|5|999|999|999|999|4S|W|8|D3
11|5|999|999|999|999|4S|W|8|D3
11|5|999|999|999|999|4S|W|8|D3
11|5|999|999|999|999|4S|W|8|D3
11|5|999|999|999|999|4S|W|8|H3
11|5|999|999|999|999|4S|W|8|HK
11|5|999|999|999|999|4S|W|9|D2
11|5|999|999|999|999|4SX|W|8|D3
11|5|999|999|999|999|4SX|W|8|D3
11|5|999|999|999|999|4SX|W|8|D3
11|5|999|999|999|999|4SX|W|8|D3
11|5|999|999|999|999|P|S|0
11|5|999|999|999|999|P|S|0
11|6|2|999|1|999|2S|E|8|HK
11|6|999|5|999|4|1N|W|7|DK
11|6|999|999|999|999|1H|N|9|SA
11|6|999|999|999|999|1N|N|5|SA
11|6|999|999|999|999|1N|N|6|S3
11|6|999|999|999|999|1N|N|6|S7
11|6|999|999|999|999|1NX|N|7|SA
11|6|999|999|999|999|2H|N|8|SA
11|6|999|999|999|999|2N|S|6|S2
11|6|999|999|999|999|2S|E|8|HK
11|6|999|999|999|999|2S|E|8|HK
11|6|999|999|999|999|2S|E|8|HK
11|6|999|999|999|999|2S|E|8|HK
11|6|999|999|999|999|2S|E|8|HK
11|6|999|999|999|999|2S|E|9|C5
11|6|999|999|999|999|2S|E|9|D6
11|6|999|999|999|999|2S|W|8|CA
11|6|999|999|999|999|2S|W|8|DA
11|6|999|999|999|999|3S|E|10|S3
11|6|999|999|999|999|3S|E|8|HK
11|6|999|999|999|999|3S|E|8|HK
11|6|999|999|999|999|3S|E|8|HK
11|6|999|999|999|999|3S|W|9|DA
11|6|999|999|999|999|3S|W|9|DA
11|6|999|999|999|999|3S|W|9|S3
11|6|999|999|999|999|3S|W|9|S5
11|6|999|999|999|999|4CX|N|9|SA
11|6|999|999|999|999|4SX|E|9|C3
11|6|999|999|999|999|P|S|0
11|6|999|999|999|999|P|S|0
12|7|2|999|1|999|P|S|0
12|7|999|5|999|4|P|S|0
12|7|999|999|999|999|1N|E|10|HA
12|7|999|999|999|999|1N|E|5|H2
12|7|999|999|999|999|1N|E|6|H3
12|7|999|999|999|999|1N|E|7|D2
12|7|999|999|999|999|1N|E|8|D2
12|7|999|999|999|999|1N|E|8|D2
12|7|999|999|999|999|1N|E|8|H3
12|7|999|999|999|999|1N|S|6|S5
12|7|999|999|999|999|1NX|E|8|D2
12|7|999|999|999|999|1NX|E|8|H3
12|7|999|999|999|999|1NX|E|9|D2
12|7|999|999|999|999|1NX|E|9|H3
12|7|999|999|999|999|2C|E|8|SK
12|7|999|999|999|999|2C|E|9|D2
12|7|999|999|999|999|2C|S|5|H6
12|7|999|999|999|999|2D|S|6|C3
12|7|999|999|999|999|2D|S|6|H6
12|7|999|999|999|999|2D|S|6|H8
12|7|999|999|999|999|2DX|S|6|SA
12|7|999|999|999|999|2H|S|6|DK
12|7|999|999|999|999|2N|S|5|S2
12|7|999|999|999|999|2N|S|5|S5
12|7|999|999|999|999|2N|S|6|S2
12|7|999|999|999|999|2N|S|6|S5
12|7|999|999|999|999|2N|S|8|S5
12|7|999|999|999|999|2NX|N|5|C4
12|7|999|999|999|999|2S|S|7|H2
12|7|999|999|999|999|3DX|S|5|C3
12|8|2|999|1|999|P|S|0
12|8|999|5|999|4|P|S|0
12|8|999|999|999|999|1N|W|3|D2
12|8|999|999|999|999|1N|W|6|C7
12|8|999|999|999|999|1S|N|7|C8
12|8|999|999|999|999|2H|W|7|HA
12|8|999|999|999|999|2H|W|7|S3
12|8|999|999|999|999|2N|N|10|C8
12|8|999|999|999|999|2N|N|10|SQ
12|8|999|999|999|999|2N|N|6|H3
12|8|999|999|999|999|2N|N|7|H5
12|8|999|999|999|999|2N|N|8|H4
12|8|999|999|999|999|2N|N|8|HT
12|8|999|999|999|999|2N|N|8|HT
12|8|999|999|999|999|2N|N|9|H4
12|8|999|999|999|999|2N|N|9|SQ
12|8|999|999|999|999|2S|E|6|HK
12|8|999|999|999|999|2S|N|7|C8
12|8|999|999|999|999|3D|S|9|ST
12|8|999|999|999|999|3H|W|9|H7
12|8|999|999|999|999|3HX|W|6|S5
12|8|999|999|999|999|3HX|W|7|S4
12|8|999|999|999|999|3N|N|10|SQ
12|8|999|999|999|999|3N|N|10|SQ
12|8|999|999|999|999|3N|N|7|H5
12|8|999|999|999|999|3N|N|8|SQ
12|8|999|999|999|999|3N|N|9|SQ
12|8|999|999|999|999|3N|S|5|C5
12|8|999|999|999|999|3NX|N|9|H5
12|8|999|999|999|999|3S|N|6|C3
13|10|2|999|1|999|3H|W|9|S7
13|10|999|5|999|4|2H|W|9|S7
13|10|999|999|999|999|2D|N|7|CK
13|10|999|999|999|999|2H|E|10|S7
13|10|999|999|999|999|2H|W|9|S8
13|10|999|999|999|999|3C|E|5|DK
13|10|999|999|999|999|3C|N|4|CK
13|10|999|999|999|999|3DX|N|7|CK
13|10|999|999|999|999|3H|E|10|SK
13|10|999|999|999|999|3H|E|9|DK
13|10|999|999|999|999|3H|W|10|DA
13|10|999|999|999|999|3H|W|10|S6
13|10|999|999|999|999|3H|W|10|S7
13|10|999|999|999|999|3H|W|10|SJ
13|10|999|999|999|999|3H|W|9|S5
13|10|999|999|999|999|3H|W|9|S7
13|10|999|999|999|999|4H|E|10|C6
13|10|999|999|999|999|4H|E|10|C6
13|10|999|999|999|999|4H|E|10|H2
13|10|999|999|999|999|4H|E|10|H7
13|10|999|999|999|999|4H|E|10|H7
13|10|999|999|999|999|4H|E|11|H2
13|10|999|999|999|999|4H|E|9|DK
13|10|999|999|999|999|4H|W|9|S7
13|10|999|999|999|999|4H|W|9|S7
13|10|999|999|999|999|4HX|W|8|DA
13|10|999|999|999|999|4HX|W|8|S7
13|10|999|999|999|999|4HX|W|9|S7
13|10|999|999|999|999|P|S|0
13|10|999|999|999|999|P|S|0
13|9|2|999|1|999|4S|S|11|DK
13|9|999|5|999|4|4S|S|11|DK
13|9|999|999|999|999|3S|S|11|H5
13|9|999|999|999|999|4S|N|11|D8
13|9|999|999|999|999|4S|N|11|D8
13|9|999|999|999|999|4S|N|11|HA
13|9|999|999|999|999|4S|S|10|DK
13|9|999|999|999|999|4S|S|10|H5
13|9|999|999|999|999|4S|S|10|H7
13|9|999|999|999|999|4S|S|10|H7
13|9|999|999|999|999|4S|S|10|HT
13|9|999|999|999|999|4S|S|10|HT
13|9|999|999|999|999|4S|S|11|D2
13|9|999|999|999|999|4S|S|11|DK
13|9|999|999|999|999|4S|S|11|DK
13|9|999|999|999|999|4S|S|11|DK
13|9|999|999|999|999|4S|S|11|DK
13|9|999|999|999|999|4S|S|11|DK
13|9|999|999|999|999|4S|S|11|DK
13|9|999|999|999|999|4S|S|11|DQ
13|9|999|999|999|999|4S|S|11|H5
13|9|999|999|999|999|4S|S|11|H5
13|9|999|999|999|999|4S|S|11|H5
13|9|999|999|999|999|4S|S|11|H5
13|9|999|999|999|999|4S|S|11|H5
13|9|999|999|999|999|4S|S|11|H5
13|9|999|999|999|999|4S|S|11|H6
13|9|999|999|999|999|5S|S|11|H5
13|9|999|999|999|999|P|S|0
13|9|999|999|999|999|P|S|0
14|11|2|999|1|999|3D|W|10|HA
14|11|999|5|999|4|3DX|W|9|D2
14|11|999|999|999|999|1N|W|11|C7
14|11|999|999|999|999|2H|S|8|S4
14|11|999|999|999|999|2HX|S|8|C3
14|11|999|999|999|999|2HX|S|9|S5
14|11|999|999|999|999|2N|E|7|SK
14|11|999|999|999|999|2NX|W|8|S2
14|11|999|999|999|999|2S|N|8|CK
14|11|999|999|999|999|3D|W|8|SA
14|11|999|999|999|999|3D|W|9|HA
14|11|999|999|999|999|3DX|E|9|HA
14|11|999|999|999|999|3DX|E|9|SK
14|11|999|999|999|999|3DX|W|10|HA
14|11|999|999|999|999|3DX|W|11|HA
14|11|999|999|999|999|3DX|W|9|HA
14|11|999|999|999|999|3DX|W|9|HA
14|11|999|999|999|999|3H|S|8|S4
14|11|999|999|999|999|3H|S|9|S5
14|11|999|999|999|999|3HX|S|9|DA
14|11|999|999|999|999|3S|N|10|CK
14|11|999|999|999|999|3S|N|9|CK
14|11|999|999|999|999|3S|N|9|S8
14|11|999|999|999|999|3SX|N|7|CK
14|11|999|999|999|999|3SX|N|9|H3
14|11|999|999|999|999|4D|W|9|SA
14|11|999|999|999|999|4S|N|10|CK
14|11|999|999|999|999|P|S|0
14|11|999|999|999|999|P|S|0
14|12|2|999|1|999|3S|N|5|DA
14|12|999|5|999|4|6H|W|11|SA
14|12|999|999|999|999|3N|E|12|C9
14|12|999|999|999|999|3SX|N|5|H4
14|12|999|999|999|999|4CX|S|9|HA
14|12|999|999|999|999|4H|E|11|SA
14|12|999|999|999|999|4H|W|11|SA
14|12|999|999|999|999|4H|W|11|SA
14|12|999|999|999|999|4H|W|11|SA
14|12|999|999|999|999|4H|W|12|DJ
14|12|999|999|999|999|4H|W|12|DJ
14|12|999|999|999|999|4H|W|12|DJ
14|12|999|999|999|999|4H|W|12|SA
14|12|999|999|999|999|4SX|N|5|DA
14|12|999|999|999|999|4SX|N|6|DA
14|12|999|999|999|999|5H|E|11|SA
14|12|999|999|999|999|5H|W|11|SA
14|12|999|999|999|999|5H|W|11|SA
14|12|999|999|999|999|5H|W|12|DJ
14|12|999|999|999|999|5H|W|12|DJ
14|12|999|999|999|999|6H|W|11|SA
14|12|999|999|999|999|6H|W|12|DJ
14|12|999|999|999|999|6H|W|12|DT
14|12|999|999|999|999|6N|E|12|C9
14|12|999|999|999|999|6N|E|12|CT
14|12|999|999|999|999|6N|E|12|CT
14|12|999|999|999|999|6N|E|13|C4
14|12|999|999|999|999|6N|W|12|CT
14|12|999|999|999|999|P|S|0
14|12|999|999|999|999|P|S|0
15|13|2|999|1|999|4N|S|11|C7
15|13|999|5|999|4|3N|N|11|DQ
15|13|999|999|999|999|3N|N|10|H9
15|13|999|999|999|999|3N|N|11|DQ
15|13|999|999|999|999|3N|N|11|DQ
15|13|999|999|999|999|3N|N|11|DQ
15|13|999|999|999|999|3N|N|11|DQ
15|13|999|999|999|999|3N|N|11|DQ
15|13|999|999|999|999|3N|N|11|DQ
15|13|999|999|999|999|3N|N|11|DQ
15|13|999|999|999|999|3N|N|11|DQ
15|13|999|999|999|999|3N|N|11|DQ
15|13|999|999|999|999|3N|N|11|DQ
15|13|999|999|999|999|3N|N|11|DQ
15|13|999|999|999|999|3N|N|11|DQ
15|13|999|999|999|999|3N|N|11|DQ
15|13|999|999|999|999|3N|N|11|DQ
15|13|999|999|999|999|3N|N|11|DQ
15|13|999|999|999|999|3N|N|11|DQ
15|13|999|999|999|999|3N|N|11|DQ
15|13|999|999|999|999|3N|N|11|DQ
15|13|999|999|999|999|3N|N|11|DQ
15|13|999|999|999|999|3N|N|11|DT
15|13|999|999|999|999|3N|N|12|DQ
15|13|999|999|999|999|3N|N|8|DJ
15|13|999|999|999|999|3N|S|10|DQ
15|13|999|999|999|999|4N|N|11|DQ
15|13|999|999|999|999|4N|N|11|DQ
15|13|999|999|999|999|P|S|0
15|13|999|999|999|999|P|S|0
15|14|2|999|1|999|4DX|W|7|DT
15|14|999|5|999|4|3N|S|10|D3
15|14|999|999|999|999|3CXX|N|10|S8
15|14|999|999|999|999|3N|S|10|D3
15|14|999|999|999|999|3N|S|10|D5
15|14|999|999|999|999|3N|S|10|D6
15|14|999|999|999|999|3N|S|10|D6
15|14|999|999|999|999|3N|S|10|H5
15|14|999|999|999|999|3N|S|10|H5
15|14|999|999|999|999|3N|S|10|H6
15|14|999|999|999|999|3N|S|11|D6
15|14|999|999|999|999|3N|S|8|D3
15|14|999|999|999|999|3N|S|8|D6
15|14|999|999|999|999|3N|S|8|D6
15|14|999|999|999|999|3N|S|9|D3
15|14|999|999|999|999|3N|S|9|D3
15|14|999|999|999|999|3N|S|9|D3
15|14|999|999|999|999|3N|S|9|D3
15|14|999|999|999|999|3N|S|9|D6
15|14|999|999|999|999|3N|S|9|D6
15|14|999|999|999|999|3N|S|9|H6
15|14|999|999|999|999|3N|S|9|H6
15|14|999|999|999|999|4DX|W|5|HK
15|14|999|999|999|999|4S|N|10|CK
15|14|999|999|999|999|4S|N|10|CK
15|14|999|999|999|999|4S|S|10|C5
15|14|999|999|999|999|4S|S|11|D2
15|14|999|999|999|999|5CX|S|10|D3
15|14|999|999|999|999|P|S|0
15|14|999|999|999|999|P|S|0
16|15|2|999|1|999|3H|N|9|D7
16|15|999|5|999|4|4S|N|10|D7
16|15|999|999|999|999|2S|N|10|H4
16|15|999|999|999|999|2S|N|10|S2
16|15|999|999|999|999|2S|S|9|S3
16|15|999|999|999|999|3H|N|9|D8
16|15|999|999|999|999|3N|S|10|H9
16|15|999|999|999|999|3N|S|9|D3
16|15|999|999|999|999|3N|S|9|DJ
16|15|999|999|999|999|3N|S|9|DJ
16|15|999|999|999|999|3N|S|9|DJ
16|15|999|999|999|999|3N|S|9|HT
16|15|999|999|999|999|4S|N|10|D4
16|15|999|999|999|999|4S|N|10|D4
16|15|999|999|999|999|4S|N|10|D4
16|15|999|999|999|999|4S|N|10|D5
16|15|999|999|999|999|4S|N|10|D7
16|15|999|999|999|999|4S|N|10|H2
16|15|999|999|999|999|4S|N|10|H4
16|15|999|999|999|999|4S|N|9|D4
16|15|999|999|999|999|4S|N|9|D7
16|15|999|999|999|999|4S|N|9|D7
16|15|999|999|999|999|4S|N|9|ST
16|15|999|999|999|999|4S|S|10|C3
16|15|999|999|999|999|4S|S|7|HT
16|15|999|999|999|999|4S|S|9|D2
16|15|999|999|999|999|4S|S|9|HT
16|15|999|999|999|999|4S|S|9|HT
16|15|999|999|999|999|P|S|0
16|15|999|999|999|999|P|S|0
16|16|2|999|1|999|3N|W|9|CJ
16|16|999|5|999|4|3N|E|10|D7
16|16|999|999|999|999|1N|E|9|DT
16|16|999|999|999|999|3N|E|10|D2
16|16|999|999|999|999|3N|E|10|D7
16|16|999|999|999|999|3N|E|10|DT
16|16|999|999|999|999|3N|E|10|DT
16|16|999|999|999|999|3N|E|10|SJ
16|16|999|999|999|999|3N|E|8|DT
16|16|999|999|999|999|3N|E|9|D5
16|16|999|999|999|999|3N|E|9|D7
16|16|999|999|999|999|3N|E|9|D9
16|16|999|999|999|999|3N|E|9|DT
16|16|999|999|999|999|3N|E|9|DT
16|16|999|999|999|999|3N|E|9|DT
16|16|999|999|999|999|3N|W|10|CJ
16|16|999|999|999|999|3N|W|10|CJ
16|16|999|999|999|999|3N|W|10|CJ
16|16|999|999|999|999|3N|W|10|D6
16|16|999|999|999|999|3N|W|10|DT
16|16|999|999|999|999|3N|W|9|CJ
16|16|999|999|999|999|3N|W|9|CJ
16|16|999|999|999|999|3N|W|9|CJ
16|16|999|999|999|999|3N|W|9|CJ
16|16|999|999|999|999|3N|W|9|CJ
16|16|999|999|999|999|3N|W|9|D2
16|16|999|999|999|999|P|S|0
16|16|999|999|999|999|P|S|0
17|17|2|999|1|999|3C|W|10|CJ
17|17|999|5|999|4|4CX|W|10|CJ
17|17|999|999|999|999|3CX|E|10|CJ
17|17|999|999|999|999|3CX|E|8|HK
17|17|999|999|999|999|3CX|W|10|CJ
17|17|999|999|999|999|3CX|W|10|CJ
17|17|999|999|999|999|3CX|W|10|CJ
17|17|999|999|999|999|3CX|W|10|CJ
17|17|999|999|999|999|3H|N|10|DA
17|17|999|999|999|999|3H|N|8|DA
17|17|999|999|999|999|4CX|W|10|CJ
17|17|999|999|999|999|4CX|W|10|CJ
17|17|999|999|999|999|4CX|W|8|CJ
17|17|999|999|999|999|4CX|W|8|CJ
17|17|999|999|999|999|4H|N|7|DA
17|17|999|999|999|999|4H|N|8|DA
17|17|999|999|999|999|4H|N|8|DA
17|17|999|999|999|999|4H|N|8|H7
17|17|999|999|999|999|4H|N|9|DA
17|17|999|999|999|999|4H|N|9|DK
17|17|999|999|999|999|5C|W|10|SA
17|17|999|999|999|999|5CX|E|10|HK
17|17|999|999|999|999|5CX|E|10|HK
17|17|999|999|999|999|5CX|W|10|CJ
17|17|999|999|999|999|5CX|W|10|HA
17|17|999|999|999|999|5CX|W|10|SA
17|17|999|999|999|999|5CX|W|10|SA
17|17|999|999|999|999|5CX|W|10|SA
17|17|999|999|999|999|P|S|0
17|17|999|999|999|999|P|S|0
17|18|2|999|1|999|5SX|S|10|CJ
17|18|999|5|999|4|6DX|W|12|S7
17|18|999|999|999|999|4S|S|10|CA
17|18|999|999|999|999|4S|S|10|D2
17|18|999|999|999|999|4SX|S|10|DQ
17|18|999|999|999|999|5D|E|12|S5
17|18|999|999|999|999|5D|W|12|S2
17|18|999|999|999|999|5H|E|10|DT
17|18|999|999|999|999|5S|S|10|CA
17|18|999|999|999|999|5S|S|10|CA
17|18|999|999|999|999|5S|S|10|DQ
17|18|999|999|999|999|5S|S|10|HA
17|18|999|999|999|999|5SX|S|10|CA
17|18|999|999|999|999|5SX|S|10|DQ
17|18|999|999|999|999|5SX|S|10|DQ
17|18|999|999|999|999|5SX|S|10|DQ
17|18|999|999|999|999|6CXX|E|11|DT
17|18|999|999|999|999|6D|W|12|H3
17|18|999|999|999|999|6D|W|12|S4
17|18|999|999|999|999|6D|W|12|S6
17|18|999|999|999|999|6DX|E|12|S7
17|18|999|999|999|999|6DX|W|12|S2
17|18|999|999|999|999|6DX|W|12|S7
17|18|999|999|999|999|6DX|W|12|S7
17|18|999|999|999|999|6DX|W|12|SA
17|18|999|999|999|999|6H|E|10|SA
17|18|999|999|999|999|6S|S|10|CA
17|18|999|999|999|999|6SX|S|10|CA
17|18|999|999|999|999|P|S|0
17|18|999|999|999|999|P|S|0
18|19|2|999|1|999|4S|S|11|H8
18|19|999|5|999|4|5S|S|11|H5
18|19|999|999|999|999|4S|N|11|H5
18|19|999|999|999|999|4S|N|11|S5
18|19|999|999|999|999|4S|N|12|CA
18|19|999|999|999|999|4S|S|10|CQ
18|19|999|999|999|999|4S|S|10|CQ
18|19|999|999|999|999|4S|S|10|CQ
18|19|999|999|999|999|4S|S|10|CQ
18|19|999|999|999|999|4S|S|11|CQ
18|19|999|999|999|999|4S|S|11|CQ
18|19|999|999|999|999|4S|S|11|H2
18|19|999|999|999|999|4S|S|11|H5
18|19|999|999|999|999|4S|S|11|H6
18|19|999|999|999|999|4S|S|11|H6
18|19|999|999|999|999|4S|S|11|H6
18|19|999|999|999|999|4S|S|11|H8
18|19|999|999|999|999|4S|S|11|HQ
18|19|999|999|999|999|4S|S|11|HQ
18|19|999|999|999|999|4S|S|11|S9
18|19|999|999|999|999|4S|S|11|ST
18|19|999|999|999|999|4S|S|11|ST
18|19|999|999|999|999|6S|S|10|D5
18|19|999|999|999|999|6S|S|11|CQ
18|19|999|999|999|999|6S|S|11|H2
18|19|999|999|999|999|6S|S|11|H5
18|19|999|999|999|999|6S|S|11|H6
18|19|999|999|999|999|6S|S|12|ST
18|19|999|999|999|999|P|S|0
18|19|999|999|999|999|P|S|0
18|20|2|999|1|999|3D|W|9|D5
18|20|999|5|999|4|3H|S|9|DA
18|20|999|999|999|999|1N|E|8|DT
18|20|999|999|999|999|2H|S|7|DA
18|20|999|999|999|999|2H|S|8|DA
18|20|999|999|999|999|2HX|S|8|DQ
18|20|999|999|999|999|2S|W|9|H3
18|20|999|999|999|999|3D|E|8|CA
18|20|999|999|999|999|3D|W|8|H3
18|20|999|999|999|999|3D|W|9|D5
18|20|999|999|999|999|3D|W|9|DT
18|20|999|999|999|999|3H|S|7|DA
18|20|999|999|999|999|3H|S|7|DA
18|20|999|999|999|999|3H|S|8|DK
18|20|999|999|999|999|3H|S|8|S2
18|20|999|999|999|999|3HX|N|7|SQ
18|20|999|999|999|999|3HX|S|7|DK
18|20|999|999|999|999|3HX|S|8|DQ
18|20|999|999|999|999|3HX|S|8|H3
18|20|999|999|999|999|3N|W|6|C4
18|20|999|999|999|999|3N|W|6|H3
18|20|999|999|999|999|3N|W|7|C4
18|20|999|999|999|999|3S|E|7|HA
18|20|999|999|999|999|3S|E|9|S7
18|20|999|999|999|999|4D|E|8|CA
18|20|999|999|999|999|4D|W|8|S7
18|20|999|999|999|999|4HX|S|9|DA
18|20|999|999|999|999|4S|E|6|HA
18|20|999|999|999|999|P|S|0
18|20|999|999|999|999|P|S|0
19|21|2|999|1|999|6N|N|12|S9
19|21|999|5|999|4|4N|N|12|DJ
19|21|999|999|999|999|3HX|W|7|H3
19|21|999|999|999|999|3N|N|11|S9
19|21|999|999|999|999|3N|N|12|DJ
19|21|999|999|999|999|3N|N|12|HJ
19|21|999|999|999|999|3N|N|12|S8
19|21|999|999|999|999|3N|N|12|S8
19|21|999|999|999|999|3N|N|12|S9
19|21|999|999|999|999|4N|S|12|H6
19|21|999|999|999|999|6C|N|12|C3
19|21|999|999|999|999|6C|N|12|DJ
19|21|999|999|999|999|6C|N|12|DJ
19|21|999|999|999|999|6C|N|12|S8
19|21|999|999|999|999|6C|S|11|D4
19|21|999|999|999|999|6N|N|12|D7
19|21|999|999|999|999|6N|N|12|DJ
19|21|999|999|999|999|6N|N|12|DJ
19|21|999|999|999|999|6N|N|12|DJ
19|21|999|999|999|999|6N|N|12|DJ
19|21|999|999|999|999|6N|N|12|HJ
19|21|999|999|999|999|6N|N|12|HJ
19|21|999|999|999|999|6N|N|12|HJ
19|21|999|999|999|999|6N|N|12|HJ
19|21|999|999|999|999|6N|N|12|S8
19|21|999|999|999|999|6N|N|12|S8
19|21|999|999|999|999|6N|N|12|S8
19|21|999|999|999|999|6N|N|12|S9
19|21|999|999|999|999|P|S|0
19|21|999|999|999|999|P|S|0
19|22|2|999|1|999|3H|N|11|DA
19|22|999|5|999|4|4H|N|11|DA
19|22|999|999|999|999|2H|N|11|DA
19|22|999|999|999|999|2S|E|5|DT
19|22|999|999|999|999|2S|E|5|DT
19|22|999|999|999|999|3H|N|10|DA
19|22|999|999|999|999|3H|N|11|DA
19|22|999|999|999|999|3H|N|11|DA
19|22|999|999|999|999|3H|N|11|DA
19|22|999|999|999|999|3H|N|11|DA
19|22|999|999|999|999|3H|N|11|SK
19|22|999|999|999|999|3H|S|10|D6
19|22|999|999|999|999|3H|S|10|S3
19|22|999|999|999|999|3H|S|10|S4
19|22|999|999|999|999|3H|S|11|C5
19|22|999|999|999|999|4H|N|10|DA
19|22|999|999|999|999|4H|N|11|DA
19|22|999|999|999|999|4H|N|11|DA
19|22|999|999|999|999|4H|N|11|DA
19|22|999|999|999|999|4H|N|11|DA
19|22|999|999|999|999|4H|N|11|DA
19|22|999|999|999|999|4H|N|11|DA
19|22|999|999|999|999|4H|S|10|D5
19|22|999|999|999|999|4H|S|10|S2
19|22|999|999|999|999|4H|S|10|S4
19|22|999|999|999|999|4H|S|11|D3
19|22|999|999|999|999|4H|S|11|D3
19|22|999|999|999|999|4H|S|11|H4
19|22|999|999|999|999|P|S|0
19|22|999|999|999|999|P|S|0
20|23|2|999|1|999|3N|E|8|C3
20|23|999|5|999|4|3N|E|8|C7
20|23|999|999|999|999|1N|E|8|C7
20|23|999|999|999|999|2H|E|8|C5
20|23|999|999|999|999|2H|W|8|C5
20|23|999|999|999|999|2H|W|8|C6
20|23|999|999|999|999|2N|E|8|C2
20|23|999|999|999|999|3C|S|7|S5
20|23|999|999|999|999|3H|W|8|C5
20|23|999|999|999|999|3H|W|8|DK
20|23|999|999|999|999|3H|W|8|DK
20|23|999|999|999|999|3H|W|8|DK
20|23|999|999|999|999|3N|E|7|C2
20|23|999|999|999|999|3N|E|8|C3
20|23|999|999|999|999|3N|E|8|C3
20|23|999|999|999|999|3N|E|8|CA
20|23|999|999|999|999|3N|E|8|D4
20|23|999|999|999|999|3N|E|9|C4
20|23|999|999|999|999|4H|E|8|CA
20|23|999|999|999|999|4H|E|8|CA
20|23|999|999|999|999|4H|W|7|DK
20|23|999|999|999|999|4H|W|8|C5
20|23|999|999|999|999|4H|W|8|C5
20|23|999|999|999|999|4H|W|8|C5
20|23|999|999|999|999|4H|W|8|DK
20|23|999|999|999|999|4H|W|9|DK
20|23|999|999|999|999|4SX|W|8|C5
20|23|999|999|999|999|6N|E|8|CA
20|23|999|999|999|999|P|S|0
20|23|999|999|999|999|P|S|0
20|24|2|999|1|999|3N|E|6|H3
20|24|999|5|999|4|2HX|S|7|CK
20|24|999|999|999|999|1N|W|7|D3
20|24|999|999|999|999|1N|W|7|D4
20|24|999|999|999|999|1N|W|9|D4
20|24|999|999|999|999|1S|N|7|S3
20|24|999|999|999|999|1S|N|8|C3
20|24|999|999|999|999|1S|N|9|HK
20|24|999|999|999|999|2H|N|7|C3
20|24|999|999|999|999|2H|S|7|CK
20|24|999|999|999|999|2H|S|7|CK
20|24|999|999|999|999|2H|S|7|CK
20|24|999|999|999|999|2H|S|7|CK
20|24|999|999|999|999|2H|S|7|CK
20|24|999|999|999|999|2N|E|8|H6
20|24|999|999|999|999|2N|W|7|S6
20|24|999|999|999|999|2S|E|7|H8
20|24|999|999|999|999|2S|W|6|HJ
20|24|999|999|999|999|3C|E|8|DQ
20|24|999|999|999|999|3C|E|8|SQ
20|24|999|999|999|999|3C|W|8|H6
20|24|999|999|999|999|3C|W|8|HJ
20|24|999|999|999|999|3C|W|9|HJ
20|24|999|999|999|999|3D|E|6|SQ
20|24|999|999|999|999|3D|W|6|HJ
20|24|999|999|999|999|3H|N|7|C6
20|24|999|999|999|999|3HX|N|7|C6
20|24|999|999|999|999|3N|E|6|H8
20|24|999|999|999|999|P|S|0
20|24|999|999|999|999|P|S|0
21|25|2|999|1|999|2S|S|9|C6
21|25|999|5|999|4|2S|N|9|H3
21|25|999|999|999|999|1N|S|7|H4
21|25|999|999|999|999|2S|N|9|C6
21|25|999|999|999|999|2S|N|9|C6
21|25|999|999|999|999|2S|N|9|C6
21|25|999|999|999|999|2S|N|9|C6
21|25|999|999|999|999|2S|N|9|C6
21|25|999|999|999|999|2S|N|9|C7
21|25|999|999|999|999|2S|N|9|C7
21|25|999|999|999|999|2S|N|9|C7
21|25|999|999|999|999|2S|N|9|C7
21|25|999|999|999|999|2S|N|9|C7
21|25|999|999|999|999|2S|N|9|C7
21|25|999|999|999|999|2S|N|9|C7
21|25|999|999|999|999|2S|N|9|C7
21|25|999|999|999|999|2S|N|9|DA
21|25|999|999|999|999|2S|N|9|H2
21|25|999|999|999|999|2S|N|9|H3
21|25|999|999|999|999|2S|N|9|H3
21|25|999|999|999|999|2S|N|9|H3
21|25|999|999|999|999|2S|N|9|H3
21|25|999|999|999|999|2S|N|9|H5
21|25|999|999|999|999|2S|N|9|H7
21|25|999|999|999|999|2S|N|9|H7
21|25|999|999|999|999|2S|S|9|C6
21|25|999|999|999|999|3N|S|10|S9
21|25|999|999|999|999|3S|N|9|C7
21|25|999|999|999|999|P|S|0
21|25|999|999|999|999|P|S|0
21|26|2|999|1|999|3S|E|7|HA
21|26|999|5|999|4|4H|S|9|DT
21|26|999|999|999|999|2H|S|9|DT
21|26|999|999|999|999|2HXX|S|9|DT
21|26|999|999|999|999|3H|S|10|C7
21|26|999|999|999|999|3H|S|10|DT
21|26|999|999|999|999|3H|S|11|S9
21|26|999|999|999|999|3H|S|8|DT
21|26|999|999|999|999|3H|S|9|S6
21|26|999|999|999|999|3S|E|7|HA
21|26|999|999|999|999|3SX|E|7|CK
21|26|999|999|999|999|3SX|E|7|HA
21|26|999|999|999|999|4H|S|10|DT
21|26|999|999|999|999|4H|S|11|C7
21|26|999|999|999|999|4H|S|8|D2
21|26|999|999|999|999|4H|S|8|DT
21|26|999|999|999|999|4H|S|9|D5
21|26|999|999|999|999|4H|S|9|DT
21|26|999|999|999|999|4H|S|9|DT
21|26|999|999|999|999|4H|S|9|DT
21|26|999|999|999|999|4H|S|9|DT
21|26|999|999|999|999|4H|S|9|DT
21|26|999|999|999|999|4H|S|9|DT
21|26|999|999|999|999|4H|S|9|S3
21|26|999|999|999|999|4H|S|9|S6
21|26|999|999|999|999|4H|S|9|S6
21|26|999|999|999|999|4HX|S|9|D3
21|26|999|999|999|999|4HX|S|9|D8
21|26|999|999|999|999|P|S|0
21|26|999|999|999|999|P|S|0
22|27|2|999|1|999|4S|N|9|HQ
22|27|999|5|999|4|3S|N|9|HQ
22|27|999|999|999|999|1N|N|7|H3
22|27|999|999|999|999|1N|N|8|H3
22|27|999|999|999|999|2CXX|E|4|D7
22|27|999|999|999|999|2H|E|8|D2
22|27|999|999|999|999|2H|E|8|D7
22|27|999|999|999|999|2H|E|8|D7
22|27|999|999|999|999|2S|N|9|HQ
22|27|999|999|999|999|2S|N|9|HQ
22|27|999|999|999|999|2S|N|9|HQ
22|27|999|999|999|999|2SX|N|9|HJ
22|27|999|999|999|999|3C|N|9|HQ
22|27|999|999|999|999|3C|S|9|H6
22|27|999|999|999|999|3HX|W|7|DA
22|27|999|999|999|999|3HX|W|8|HT
22|27|999|999|999|999|3HX|W|8|SK
22|27|999|999|999|999|3S|N|9|HQ
22|27|999|999|999|999|3S|N|9|HQ
22|27|999|999|999|999|3S|N|9|HQ
22|27|999|999|999|999|3SX|N|7|S7
22|27|999|999|999|999|3SX|N|9|S7
22|27|999|999|999|999|4HX|W|8|SK
22|27|999|999|999|999|4S|N|10|C6
22|27|999|999|999|999|4S|N|8|HQ
22|27|999|999|999|999|4S|N|9|HQ
22|27|999|999|999|999|4S|N|9|HQ
22|27|999|999|999|999|5HX|W|8|SK
22|27|999|999|999|999|P|S|0
22|27|999|999|999|999|P|S|0
22|28|2|999|1|999|3HX|E|9|S3
22|28|999|5|999|4|3N|S|6|DT
22|28|999|999|999|999|2S|N|10|CA
22|28|999|999|999|999|2S|N|10|CA
22|28|999|999|999|999|3N|N|9|HT
22|28|999|999|999|999|3N|S|9|HA
22|28|999|999|999|999|3S|N|10|CA
22|28|999|999|999|999|3S|N|10|CA
22|28|999|999|999|999|3S|N|10|D4
22|28|999|999|999|999|3S|N|10|SJ
22|28|999|999|999|999|3S|N|9|D2
22|28|999|999|999|999|3S|N|9|H3
22|28|999|999|999|999|3S|S|10|D9
22|28|999|999|999|999|3S|S|10|DT
22|28|999|999|999|999|4C|N|10|HK
22|28|999|999|999|999|4S|N|10|CA
22|28|999|999|999|999|4S|N|10|CA
22|28|999|999|999|999|4S|N|10|CA
22|28|999|999|999|999|4S|N|10|CA
22|28|999|999|999|999|4S|N|10|D3
22|28|999|999|999|999|4S|N|10|H3
22|28|999|999|999|999|4S|N|10|H5
22|28|999|999|999|999|4S|N|9|H3
22|28|999|999|999|999|4S|N|9|H3
22|28|999|999|999|999|4S|S|10|D6
22|28|999|999|999|999|4S|S|10|D9
22|28|999|999|999|999|4S|S|10|DT
22|28|999|999|999|999|4S|S|10|DT
22|28|999|999|999|999|P|S|0
22|28|999|999|999|999|P|S|0
23|29|2|999|1|999|4H|E|9|S4
23|29|999|5|999|4|3N|W|9|ST
23|29|999|999|999|999|2D|N|3|D2
23|29|999|999|999|999|2D|N|4|D2
23|29|999|999|999|999|2H|E|8|S6
23|29|999|999|999|999|3C|S|7|DA
23|29|999|999|999|999|3D|N|4|D2
23|29|999|999|999|999|3H|E|10|D2
23|29|999|999|999|999|3H|E|8|S4
23|29|999|999|999|999|3H|E|9|S4
23|29|999|999|999|999|3H|W|10|H8
23|29|999|999|999|999|3H|W|8|S3
23|29|999|999|999|999|3N|E|9|CJ
23|29|999|999|999|999|3N|W|10|ST
23|29|999|999|999|999|3N|W|8|ST
23|29|999|999|999|999|3N|W|9|D9
23|29|999|999|999|999|4H|E|10|H9
23|29|999|999|999|999|4H|E|10|S4
23|29|999|999|999|999|4H|E|10|S4
23|29|999|999|999|999|4H|E|10|S4
23|29|999|999|999|999|4H|E|10|S4
23|29|999|999|999|999|4H|E|10|S5
23|29|999|999|999|999|4H|E|9|D3
23|29|999|999|999|999|4H|E|9|S3
23|29|999|999|999|999|4H|E|9|S4
23|29|999|999|999|999|4H|E|9|S4
23|29|999|999|999|999|4H|E|9|S4
23|29|999|999|999|999|4H|E|9|S4
23|29|999|999|999|999|P|S|0
23|29|999|999|999|999|P|S|0
23|30|2|999|1|999|3H|E|7|C3
23|30|999|5|999|4|4CX|N|8|DJ
23|30|999|999|999|999|3DX|S|9|H5
23|30|999|999|999|999|3H|E|8|C2
23|30|999|999|999|999|3H|E|8|C3
23|30|999|999|999|999|3H|E|8|C3
23|30|999|999|999|999|3H|E|8|C3
23|30|999|999|999|999|3H|E|8|C3
23|30|999|999|999|999|3H|E|8|D2
23|30|999|999|999|999|3H|E|9|C3
23|30|999|999|999|999|3HX|E|8|C3
23|30|999|999|999|999|3HX|E|8|C3
23|30|999|999|999|999|3HX|E|9|C3
23|30|999|999|999|999|3HX|W|9|C3
23|30|999|999|999|999|3SX|S|7|S2
23|30|999|999|999|999|4C|N|8|SA
23|30|999|999|999|999|4C|N|8|SK
23|30|999|999|999|999|4C|N|9|SA
23|30|999|999|999|999|4C|S|9|SA
23|30|999|999|999|999|4CX|N|8|SA
23|30|999|999|999|999|4D|S|10|H3
23|30|999|999|999|999|4D|S|9|H3
23|30|999|999|999|999|4DX|S|10|H6
23|30|999|999|999|999|4DX|S|10|HK
23|30|999|999|999|999|4DX|S|9|HK
23|30|999|999|999|999|4H|E|7|S4
23|30|999|999|999|999|4HX|E|8|D2
23|30|999|999|999|999|4HX|E|8|C3
23|30|999|999|999|999|P|S|0
23|30|999|999|999|999|P|S|0
24|31|999|999|999|999|2S|W|10|H3
24|31|999|999|999|999|2S|W|9|D3
24|31|999|999|999|999|2S|W|9|H5
24|31|999|999|999|999|3H|W|10|H8
24|31|999|999|999|999|3S|W|10|D2
24|31|999|999|999|999|3S|W|10|D4
24|31|999|999|999|999|3S|W|10|H3
24|31|999|999|999|999|3S|W|10|H3
24|31|999|999|999|999|3S|W|10|H3
24|31|999|999|999|999|3S|W|10|H9
24|31|999|999|999|999|3S|W|10|S9
24|31|999|999|999|999|3S|W|9|H3
24|31|999|999|999|999|3S|W|9|H3
24|31|999|999|999|999|3S|W|9|H4
24|31|999|999|999|999|4S|W|10|D3
24|31|999|999|999|999|4S|W|10|D3
24|31|999|999|999|999|4S|W|10|D3
24|31|999|999|999|999|4S|W|10|H3
24|31|999|999|999|999|4S|W|10|H3
24|31|999|999|999|999|4S|W|10|H3
24|31|999|999|999|999|4S|W|10|H3
24|31|999|999|999|999|4S|W|10|H3
24|31|999|999|999|999|4S|W|10|H5
24|31|999|999|999|999|4S|W|10|H8
24|31|999|999|999|999|4S|W|10|S9
24|31|999|999|999|999|4S|W|11|SQ
24|31|999|999|999|999|4SX|W|10|S9
24|31|999|999|999|999|4SX|W|8|SQ
24|31|999|999|999|999|P|S|0
24|31|999|999|999|999|P|S|0
24|32|999|999|999|999|1N|S|7|SQ
24|32|999|999|999|999|2H|S|10|SQ
24|32|999|999|999|999|2H|S|10|SQ
24|32|999|999|999|999|2H|S|9|SQ
24|32|999|999|999|999|2N|S|7|SQ
24|32|999|999|999|999|2S|E|7|DJ
24|32|999|999|999|999|3H|N|11|D2
24|32|999|999|999|999|3H|S|10|SQ
24|32|999|999|999|999|3H|S|10|SQ
24|32|999|999|999|999|3H|S|10|SQ
24|32|999|999|999|999|3H|S|10|SQ
24|32|999|999|999|999|3H|S|10|SQ
24|32|999|999|999|999|3H|S|10|SQ
24|32|999|999|999|999|3H|S|10|SQ
24|32|999|999|999|999|3H|S|8|SQ
24|32|999|999|999|999|3H|S|8|SQ
24|32|999|999|999|999|3H|S|9|SQ
24|32|999|999|999|999|3H|S|9|SQ
24|32|999|999|999|999|3N|S|7|SQ
24|32|999|999|999|999|3N|S|7|SQ
24|32|999|999|999|999|4H|N|10|SQ
24|32|999|999|999|999|4H|S|10|SQ
24|32|999|999|999|999|4H|S|10|SQ
24|32|999|999|999|999|4H|S|10|SQ
24|32|999|999|999|999|4H|S|10|SQ
24|32|999|999|999|999|4H|S|9|SQ
24|32|999|999|999|999|4H|S|9|SQ
24|32|999|999|999|999|4H|S|9|SQ
24|32|999|999|999|999|P|S|0
24|32|999|999|999|999|P|S|0
