1|1|156|152|221|154|3N|E|9|S3
1|1|122|180|272|222|2N|E|11|C6
1|1|286|20|172|255|4D|W|10|CK
1|1|284|67|125|207|3N|E|9|C6
1|1|9|106|169|3|2D|W|10|CK
1|1|251|51|200|1|4D|W|9|CK
1|1|159|31|95|162|3D|W|10|CK
1|1|117|186|252|126|4H|E|8|C6
1|1|262|21|279|215|4D|W|10|C4
1|1|177|30|130|19|3S|S|8|DA
1|10|156|152|221|154|4S|E|10|H3
1|10|122|180|272|222|2S|W|10|D5
1|10|286|20|172|255|4S|E|10|CK
1|10|284|67|125|207|4S|W|10|CK
1|10|9|106|169|3|4S|W|10|C4
1|10|251|51|200|1|4S|W|9|H7
1|10|159|31|95|162|1S|W|10|C5
1|10|117|186|252|126|4S|W|10|SJ
1|10|262|21|279|215|4S|W|10|C4
1|10|177|30|130|19|2HX|S|6|DA
1|11|156|152|221|154|4D|N|10|CA
1|11|122|180|272|222|3D|S|9|CJ
1|11|286|20|172|255|4S|N|9|D5
1|11|284|67|125|207|3D|S|9|CJ
1|11|9|106|169|3|2D|S|8|SK
1|11|251|51|200|1|3N|S|9|CJ
1|11|159|31|95|162|3D|S|10|CJ
1|11|117|186|252|126|4S|N|9|D5
1|11|262|21|279|215|2D|S|9|CJ
1|11|177|30|130|19|2N|S|9|HT
1|12|156|152|221|154|4S|E|11|H8
1|12|122|180|272|222|3N|E|12|DT
1|12|286|20|172|255|4S|E|11|DQ
1|12|284|67|125|207|4S|W|11|D9
1|12|9|106|169|3|4S|W|12|CA
1|12|251|51|200|1|4S|W|11|D2
1|12|159|31|95|162|4S|W|11|DQ
1|12|117|186|252|126|4S|W|12|DQ
1|12|262|21|279|215|4S|W|11|DQ
1|12|177|30|130|19|6H|E|12|CA
1|13|156|152|221|154|2H|W|9|C8
1|13|122|180|272|222|2H|W|8|CQ
1|13|286|20|172|255|2H|W|7|CQ
1|13|284|67|125|207|2H|E|8|SJ
1|13|9|106|169|3|2H|W|8|CQ
1|13|251|51|200|1|2N|E|6|C5
1|13|159|31|95|162|2H|W|8|CQ
1|13|117|186|252|126|2H|W|8|H3
1|13|262|21|279|215|1N|W|7|CQ
1|13|177|30|130|19|2N|E|7|C7
1|14|156|152|221|154|2D|W|8|S6
1|14|122|180|272|222|1N|E|7|S5
1|14|286|20|172|255|2S|S|9|DA
1|14|284|67|125|207|3C|E|8|S3
1|14|9|106|169|3|3S|N|9|S7
1|14|251|51|200|1|1N|W|8|D6
1|14|159|31|95|162|2D|W|7|HA
1|14|117|186|252|126|2S|N|9|CA
1|14|262|21|279|215|1N|W|7|HA
1|14|177|30|130|19|1N|E|8|D2
1|15|156|152|221|154|3S|E|9|HQ
1|15|122|180|272|222|2H|S|10|H2
1|15|286|20|172|255|2H|S|9|H2
1|15|284|67|125|207|3H|S|8|C4
1|15|9|106|169|3|2H|S|9|H2
1|15|251|51|200|1|1N|N|7|D3
1|15|159|31|95|162|4H|S|11|C4
1|15|117|186|252|126|3H|S|9|C8
1|15|262|21|279|215|1N|S|10|H2
1|15|177|30|130|19|1N|S|7|S2
1|16|156|152|221|154|5C|E|11|HQ
1|16|122|180|272|222|5S|W|9|H7
1|16|286|20|172|255|3N|E|10|D2
1|16|284|67|125|207|3N|W|11|DT
1|16|9|106|169|3|5C|E|10|D8
1|16|251|51|200|1|6C|E|11|D6
1|16|159|31|95|162|3N|E|11|HQ
1|16|117|186|252|126|6C|E|10|C6
1|16|262|21|279|215|3N|W|11|S7
1|16|177|30|130|19|3NX|E|11|ST
1|17|156|152|221|154|4S|S|9|C3
1|17|122|180|272|222|4S|S|10|HA
1|17|286|284|172|125|4S|N|9|HA
1|17|116|67|76|207|4S|S|9|C3
1|17|9|106|169|3|4S|S|9|CT
1|17|251|51|200|1|4S|S|9|CJ
1|17|159|31|95|162|4S|S|9|HA
1|17|117|126|252|175|5S|S|11|CJ
1|17|24|21|199|215|4S|S|10|S3
1|17|177|30|130|19|4S|N|10|H2
1|18|156|152|221|154|4S|S|10|DQ
1|18|122|180|272|222|3S|N|10|DA
1|18|286|284|172|125|4S|N|10|DK
1|18|116|67|76|207|4S|N|10|DA
1|18|9|106|169|3|2S|N|11|DK
1|18|251|51|200|1|5S|N|11|DK
1|18|159|31|95|162|4S|N|10|DA
1|18|117|126|252|175|4S|N|10|DA
1|18|24|21|199|215|4S|N|10|DA
1|18|177|30|130|19|4S|N|11|DA
1|19|156|152|221|154|4H|W|11|D9
1|19|122|180|272|222|3N|E|13|S5
1|19|286|284|172|125|4H|W|12|D9
1|19|116|67|76|207|6N|E|12|S6
1|19|9|106|169|3|6C|E|11|DA
1|19|251|51|200|1|3N|E|11|DA
1|19|159|31|95|162|4N|W|11|D9
1|19|117|126|252|175|4N|E|11|D9
1|19|24|21|199|215|6N|W|12|D5
1|19|177|30|130|19|3N|W|10|D9
1|2|156|152|221|154|3N|N|8|D4
1|2|122|180|272|222|3N|N|11|H8
1|2|286|20|172|255|3N|S|8|D7
1|2|284|67|125|207|3N|S|8|DA
1|2|9|106|169|3|3N|N|8|D4
1|2|251|51|200|1|3N|S|8|D4
1|2|159|31|95|162|3N|N|8|D4
1|2|117|186|252|126|3N|N|8|D4
1|2|262|21|279|215|3N|N|11|D4
1|2|177|30|130|19|3N|N|8|D4
1|20|156|152|221|154|3S|S|7|D3
1|20|122|180|272|222|1S|S|8|D3
1|20|286|284|172|125|3S|S|6|D3
1|20|116|67|76|207|4S|S|8|D3
1|20|9|106|169|3|4S|S|9|S7
1|20|251|51|200|1|3S|S|9|D7
1|20|159|31|95|162|3S|S|7|D3
1|20|117|126|252|175|2S|S|8|D3
1|20|24|21|199|215|4S|S|8|ST
1|20|177|30|130|19|1S|S|8|D4
1|21|156|152|221|154|5D|W|11|SA
1|21|122|180|272|222|3D|W|9|SA
1|21|286|284|172|125|5D|W|11|SA
1|21|116|67|76|207|5D|W|11|CA
1|21|9|106|169|3|5D|W|11|CA
1|21|251|51|200|1|2N|E|7|C6
1|21|159|31|95|162|5D|W|11|SA
1|21|117|126|252|175|4S|N|10|HA
1|21|24|21|199|215|4S|N|10|HA
1|21|177|30|130|19|3N|E|9|C8
1|22|156|152|221|154|4H|E|10|DA
1|22|122|180|272|222|5H|E|9|H3
1|22|286|284|172|125|4H|W|9|C8
1|22|116|67|76|207|4H|E|10|C7
1|22|9|106|169|3|4H|E|9|DA
1|22|251|51|200|1|5H|E|9|DA
1|22|159|31|95|162|4H|E|10|C7
1|22|117|126|252|175|4H|E|10|DA
1|22|24|21|199|215|2S|N|8|HA
1|22|177|30|130|19|4H|E|9|DA
1|23|156|152|221|154|4H|S|9|S9
1|23|122|180|272|222|4H|N|10|D4
1|23|286|284|172|125|3H|N|10|C3
1|23|116|67|76|207|4H|N|8|C3
1|23|9|106|169|3|4H|S|9|H3
1|23|251|51|200|1|4H|N|9|D4
1|23|159|31|95|162|4H|N|9|H8
1|23|117|126|252|175|2N|N|8|S4
1|23|24|21|199|215|4H|N|9|C3
1|23|177|30|130|19|2N|N|8|D4
1|24|156|152|221|154|4N|N|7|DQ
1|24|122|180|272|222|3N|N|9|DQ
1|24|286|284|172|125|3N|N|9|DJ
1|24|116|67|76|207|3N|N|9|DQ
1|24|9|106|169|3|3N|N|7|DJ
1|24|251|51|200|1|3N|N|11|DQ
1|24|159|31|95|162|3N|N|10|S7
1|24|117|126|252|175|3N|N|10|DQ
1|24|24|21|199|215|3N|N|7|D8
1|24|177|30|130|19|3N|N|8|DQ
1|25|156|152|221|154|3H|N|9|S2
1|25|122|180|272|222|1S|W|8|H9
1|25|286|284|172|125|2S|W|8|CQ
1|25|116|67|76|207|2S|W|8|C4
1|25|9|106|169|3|2S|W|9|HT
1|25|251|51|200|1|2S|W|8|H9
1|25|159|31|95|162|2S|W|8|CQ
1|25|117|126|252|175|3H|N|7|H5
1|25|24|21|199|215|3H|S|7|SA
1|25|177|30|130|19|3H|N|6|H2
1|26|156|152|221|154|6D|S|12|DJ
1|26|122|180|272|222|6D|S|12|DT
1|26|286|284|172|125|5D|S|12|DJ
1|26|116|67|76|207|3N|N|10|S2
1|26|9|106|169|3|4H|N|11|S3
1|26|251|51|200|1|6D|N|12|S3
1|26|159|31|95|162|3N|S|10|DJ
1|26|117|126|252|175|3N|N|13|S3
1|26|24|21|199|215|3N|S|11|C4
1|26|177|30|130|19|4H|N|11|S3
1|27|156|152|221|154|6C|N|13|D3
1|27|122|180|272|222|5C|N|12|H3
1|27|286|284|172|125|6C|N|12|H3
1|27|116|67|76|207|6C|N|12|H3
1|27|9|106|169|3|6C|N|13|D9
1|27|251|51|200|1|5C|N|12|H5
1|27|159|31|95|162|6C|N|12|CT
1|27|117|126|252|175|6C|N|13|D3
1|27|24|21|199|215|3N|N|13|H2
1|27|177|30|130|19|5C|N|12|H2
1|28|156|152|221|154|3S|N|9|DA
1|28|122|180|272|222|2C|E|8|H8
1|28|286|284|172|125|2C|E|8|H8
1|28|116|67|76|207|4S|N|8|DA
1|28|9|106|169|3|3S|N|9|DA
1|28|251|51|200|1|4S|N|10|DA
1|28|159|31|95|162|2S|N|9|HA
1|28|117|126|252|175|3S|N|8|DA
1|28|24|21|199|215|4H|E|9|S5
1|28|177|30|130|19|3S|N|9|HA
1|29|156|152|221|154|4S|W|11|CT
1|29|122|180|272|222|4S|E|11|C9
1|29|286|284|172|125|4S|W|11|CT
1|29|116|67|76|207|4S|W|11|C6
1|29|9|106|169|3|4S|W|10|H3
1|29|251|51|200|1|4S|W|10|C9
1|29|159|31|95|162|4S|E|11|HJ
1|29|117|126|252|175|4S|W|11|CT
1|29|24|21|199|215|4S|E|11|HJ
1|29|177|30|130|19|4S|E|11|HJ
1|3|156|152|221|154|2S|E|7|H4
1|3|122|180|272|222|1N|S|8|S8
1|3|286|20|172|255|3H|N|8|H9
1|3|284|67|125|207|2H|N|10|DA
1|3|9|106|169|3|2H|N|9|H9
1|3|251|51|200|1|2H|N|8|DK
1|3|159|31|95|162|2H|N|10|DA
1|3|117|186|252|126|2H|N|8|S3
1|3|262|21|279|215|1N|N|8|S9
1|3|177|30|130|19|3H|N|8|S4
1|30|156|152|221|154|2S|W|9|CQ
1|30|122|180|272|222|4S|W|10|CQ
1|30|286|284|172|125|4H|N|9|SJ
1|30|116|67|76|207|3S|W|10|CQ
1|30|9|106|169|3|5S|W|11|CQ
1|30|251|51|200|1|4H|N|8|SJ
1|30|159|31|95|162|2H|S|8|SK
1|30|117|126|252|175|4S|E|10|CA
1|30|24|21|199|215|5C|S|9|SK
1|30|177|30|130|19|5H|S|8|SK
1|31|156|152|221|154|4H|N|10|SJ
1|31|122|180|272|222|5H|N|10|SJ
1|31|286|284|172|125|4H|N|10|D6
1|31|116|67|76|207|5D|N|9|C7
1|31|9|106|169|3|5D|N|9|D6
1|31|251|51|200|1|4S|E|10|H6
1|31|159|31|95|162|4H|N|10|S2
1|31|117|126|252|175|3N|S|8|S5
1|31|24|21|199|215|5C|S|11|S4
1|31|177|30|130|19|5C|S|11|CK
1|32|156|152|221|154|5H|N|11|DA
1|32|122|180|272|222|4S|E|9|S4
1|32|286|284|172|125|4H|N|10|DA
1|32|116|67|76|207|4S|E|9|S4
1|32|9|106|169|3|4S|E|10|HA
1|32|251|51|200|1|5H|N|11|DK
1|32|159|31|95|162|4H|N|10|DA
1|32|117|126|252|175|5H|N|10|DA
1|32|24|21|199|215|5H|N|10|DA
1|32|177|30|130|19|5H|N|11|DA
1|4|156|152|221|154|4S|N|10|DA
1|4|122|180|272|222|4S|N|10|DA
1|4|286|20|172|255|4S|N|10|DA
1|4|284|67|125|207|4S|S|10|H2
1|4|9|106|169|3|4S|N|10|DK
1|4|251|51|200|1|4S|S|10|D9
1|4|159|31|95|162|4S|N|10|DA
1|4|117|186|252|126|4S|N|10|DA
1|4|262|21|279|215|4S|N|10|DA
1|4|177|30|130|19|4S|N|10|DA
1|5|156|152|221|154|2S|W|8|C6
1|5|122|180|272|222|2S|E|8|DQ
1|5|286|20|172|255|2S|E|8|DQ
1|5|284|67|125|207|2S|W|8|C6
1|5|9|106|169|3|3D|S|8|S2
1|5|251|51|200|1|2S|W|7|C8
1|5|159|31|95|162|2S|E|8|DQ
1|5|117|186|252|126|2S|E|9|D4
1|5|262|21|279|215|2S|E|9|CQ
1|5|177|30|130|19|2S|E|7|DQ
1|6|156|152|221|154|4D|N|9|S4
1|6|122|180|272|222|2S|W|10|CJ
1|6|286|20|172|255|3S|W|10|HJ
1|6|284|67|125|207|3D|S|9|SQ
1|6|9|106|169|3|5D|N|11|SK
1|6|251|51|200|1|4D|N|9|C2
1|6|159|31|95|162|3N|S|6|SQ
1|6|117|186|252|126|3N|S|6|SQ
1|6|262|21|279|215|4D|N|9|S2
1|6|177|30|130|19|4D|N|9|C2
1|7|156|152|221|154|4H|W|10|SA
1|7|122|180|272|222|4H|W|10|SA
1|7|286|20|172|255|5H|W|10|SA
1|7|284|67|125|207|5H|W|10|SA
1|7|9|106|169|3|5H|W|10|SK
1|7|251|51|200|1|4S|N|10|CA
1|7|159|31|95|162|3S|N|8|CA
1|7|117|186|252|126|4S|N|8|CA
1|7|262|21|279|215|5H|W|10|SA
1|7|177|30|130|19|4SX|N|8|CA
1|8|156|152|221|154|5C|S|11|DT
1|8|122|180|272|222|4C|S|11|D9
1|8|286|20|172|255|6C|S|11|D9
1|8|284|67|125|207|4C|S|11|C4
1|8|9|106|169|3|3C|S|11|D3
1|8|251|51|200|1|5CX|S|11|DT
1|8|159|31|95|162|4C|S|11|DQ
1|8|117|186|252|126|5D|E|9|CA
1|8|262|21|279|215|5C|S|11|D3
1|8|177|30|130|19|5C|S|11|D6
1|9|156|152|221|154|5C|N|11|S6
1|9|122|180|272|222|4S|W|10|CK
1|9|286|20|172|255|3N|E|7|CT
1|9|284|67|125|207|4S|W|10|CK
1|9|9|106|169|3|3S|W|9|CK
1|9|251|51|200|1|3S|W|10|CK
1|9|159|31|95|162|3S|W|8|CK
1|9|117|186|252|126|5C|N|11|S6
1|9|262|21|279|215|3D|E|9|CT
1|9|177|30|130|19|4S|E|10|CK
2|1|284|180|125|222|4S|W|9|DK
2|1|156|20|221|255|3S|E|9|H5
2|1|179|286|200|172|3N|E|9|ST
2|1|67|106|207|3|2C|W|8|H5
2|1|117|9|252|169|3N|E|8|H6
2|1|51|31|1|162|4S|W|9|C4
2|1|177|186|130|126|3N|W|7|H7
2|1|175|21|95|134|2S|W|9|DK
2|1|27|24|178|199|3N|E|5|HQ
2|1|262|152|279|154|4S|W|10|H7
2|10|284|180|125|222|2C|S|7|D3
2|10|156|20|221|255|4H|S|8|D3
2|10|179|286|200|172|1N|E|5|H7
2|10|67|106|207|3|3C|S|8|D7
2|10|117|9|252|169|3C|S|8|SJ
2|10|51|31|1|162|3H|S|8|D3
2|10|177|186|130|126|2H|S|7|D3
2|10|175|21|95|134|3C|S|8|D4
2|10|27|24|178|199|2H|S|8|D3
2|10|262|152|279|154|3H|S|7|D3
2|11|284|180|125|222|1S|W|9|DA
2|11|156|20|221|255|2S|W|8|DA
2|11|179|286|200|172|3C|N|7|S5
2|11|67|106|207|3|3C|N|7|S9
2|11|117|9|252|169|3S|W|10|CA
2|11|51|31|1|162|3C|S|7|D8
2|11|177|186|130|126|3C|S|8|SJ
2|11|175|21|95|134|2S|W|9|DA
2|11|27|24|178|199|3C|N|8|D4
2|11|262|152|279|154|2H|N|7|S5
2|12|284|180|125|222|3N|W|9|H9
2|12|156|20|221|255|3N|W|11|H4
2|12|179|286|200|172|5S|W|11|S4
2|12|67|106|207|3|3N|W|9|D4
2|12|117|9|252|169|3N|W|10|H9
2|12|51|31|1|162|4S|W|11|D4
2|12|177|186|130|126|3N|W|11|H2
2|12|175|21|95|134|4S|W|10|S4
2|12|27|24|178|199|4N|W|9|H9
2|12|262|152|279|154|3N|W|9|H8
2|13|284|180|125|222|2N|W|6|C3
2|13|156|20|221|255|2S|N|8|HJ
2|13|179|286|200|172|2N|W|6|C6
2|13|67|106|207|3|2N|E|6|D5
2|13|117|9|252|169|2N|W|7|C6
2|13|51|31|1|162|2S|N|9|DT
2|13|177|186|130|126|2N|W|6|C6
2|13|175|21|95|134|1N|N|7|H6
2|13|27|24|178|199|4H|E|10|SK
2|13|262|152|279|154|2N|W|6|C6
2|14|284|180|125|222|3N|E|9|H5
2|14|156|20|221|255|3N|E|9|H5
2|14|179|286|200|172|3H|N|8|HK
2|14|67|106|207|3|3N|E|10|ST
2|14|117|9|252|169|3N|E|9|H2
2|14|51|31|1|162|5C|E|10|H2
2|14|177|186|130|126|2N|E|11|ST
2|14|175|21|95|134|3N|E|9|ST
2|14|27|24|178|199|6C|E|11|H5
2|14|262|152|279|154|3N|E|9|ST
2|15|284|180|125|222|3S|E|9|DA
2|15|156|20|221|255|2S|E|10|DA
2|15|179|286|200|172|3S|E|8|DK
2|15|67|106|207|3|3D|S|8|S9
2|15|117|9|252|169|3S|E|10|DA
2|15|51|31|1|162|3D|N|8|SA
2|15|177|186|130|126|2H|W|8|S7
2|15|175|21|95|134|3S|E|8|DA
2|15|27|24|178|199|4H|W|9|C4
2|15|262|152|279|154|2S|E|10|DA
2|16|284|180|125|222|4H|W|9|C5
2|16|156|20|221|255|4H|E|10|DA
2|16|179|286|200|172|4H|W|9|C6
2|16|67|106|207|3|4H|E|9|DA
2|16|117|9|252|169|4H|W|10|S4
2|16|51|31|1|162|4H|E|9|DA
2|16|177|186|130|126|4H|E|9|DA
2|16|175|21|95|134|4H|W|9|D2
2|16|27|24|178|199|2S|N|7|HK
2|16|262|152|279|154|3S|S|7|CA
2|17|284|180|125|222|3N|N|6|ST
2|17|156|116|221|76|2D|S|11|H9
2|17|251|286|200|172|4D|S|9|H9
2|17|67|106|207|3|4D|S|9|H4
2|17|117|9|252|169|3D|N|10|HA
2|17|51|31|1|162|3N|N|8|D7
2|17|177|159|130|95|5D|S|11|H9
2|17|186|21|175|134|2H|E|8|DA
2|17|27|30|178|19|3D|N|10|HA
2|17|262|122|279|272|3D|S|9|H4
2|18|284|180|125|222|5S|E|11|CK
2|18|156|116|221|76|3D|E|12|S3
2|18|251|286|200|172|3N|E|10|D6
2|18|67|106|207|3|4H|W|9|D2
2|18|117|9|252|169|3D|E|10|S3
2|18|51|31|1|162|5D|E|11|CK
2|18|177|159|130|95|3N|E|8|CK
2|18|186|21|175|134|5D|E|12|CK
2|18|27|30|178|19|5D|E|12|CK
2|18|262|122|279|272|3N|E|8|C3
2|19|284|180|125|222|4S|N|13|HT
2|19|156|116|221|76|4S|N|13|H6
2|19|251|286|200|172|4S|S|13|S5
2|19|67|106|207|3|6S|S|13|S2
2|19|117|9|252|169|4S|S|13|SJ
2|19|51|31|1|162|4S|S|13|S5
2|19|177|159|130|95|6S|S|13|SJ
2|19|186|21|175|134|4S|S|13|S5
2|19|27|30|178|19|4S|S|13|H2
2|19|262|122|279|272|6S|S|13|S5
2|2|284|180|125|222|2S|W|10|HJ
2|2|156|20|221|255|1N|S|5|H4
2|2|179|286|200|172|1S|E|11|SK
2|2|67|106|207|3|2S|E|9|D3
2|2|117|9|252|169|4S|E|11|HJ
2|2|51|31|1|162|1N|S|5|H7
2|2|177|186|130|126|2S|W|11|DT
2|2|175|21|95|134|1S|E|8|HJ
2|2|27|24|178|199|1N|S|4|H4
2|2|262|152|279|154|1N|S|5|H7
2|20|284|180|125|222|1N|N|7|S2
2|20|156|116|221|76|1N|N|8|C3
2|20|251|286|200|172|1N|N|7|S2
2|20|67|106|207|3|2H|N|8|S3
2|20|117|9|252|169|2H|S|8|DK
2|20|51|31|1|162|1N|N|8|C2
2|20|177|159|130|95|1N|N|9|S2
2|20|186|21|175|134|2H|S|7|DA
2|20|27|30|178|19|1N|N|7|C3
2|20|262|122|279|272|1N|N|8|C2
2|21|284|180|125|222|3N|W|9|C2
2|21|156|116|221|76|2S|S|8|DK
2|21|251|286|200|172|3S|S|9|DA
2|21|67|106|207|3|2S|S|8|DK
2|21|117|9|252|169|2S|S|8|DK
2|21|51|31|1|162|3N|E|9|DQ
2|21|177|159|130|95|3N|E|9|DQ
2|21|186|21|175|134|3C|E|8|DQ
2|21|27|30|178|19|1H|N|4|CK
2|21|262|122|279|272|2S|S|8|DA
2|22|284|180|125|222|3H|S|8|DK
2|22|156|116|221|76|3S|W|8|H3
2|22|251|286|200|172|3S|E|7|D9
2|22|67|106|207|3|4S|W|7|H3
2|22|117|9|252|169|3N|E|7|C3
2|22|51|31|1|162|4S|W|10|H6
2|22|177|159|130|95|4S|W|10|H6
2|22|186|21|175|134|4S|E|7|DT
2|22|27|30|178|19|3D|N|9|D3
2|22|262|122|279|272|2S|W|7|C4
2|23|284|180|125|222|4S|N|11|CK
2|23|156|116|221|76|6S|N|11|CK
2|23|251|286|200|172|4S|N|11|CK
2|23|67|106|207|3|6S|N|11|CQ
2|23|117|9|252|169|6S|N|11|CK
2|23|51|31|1|162|4S|S|11|C2
2|23|177|159|130|95|5S|S|11|C2
2|23|186|21|175|134|4S|N|11|CK
2|23|27|30|178|19|6S|N|11|CK
2|23|262|122|279|272|4S|N|11|CK
2|24|284|180|125|222|5S|S|11|H6
2|24|156|116|221|76|4S|S|9|H6
2|24|251|286|200|172|5S|S|9|H4
2|24|67|106|207|3|4S|S|9|H4
2|24|117|9|252|169|5S|S|9|H4
2|24|51|31|1|162|4S|S|9|HT
2|24|177|159|130|95|5H|E|10|D7
2|24|186|21|175|134|5S|S|9|DA
2|24|27|30|178|19|5H|E|11|SA
2|24|262|122|279|272|5H|E|11|D3
2|25|284|180|125|222|4S|N|13|CJ
2|25|156|116|221|76|4S|N|13|CJ
2|25|251|286|200|172|6S|N|11|H4
2|25|67|106|207|3|4S|N|12|H6
2|25|117|9|252|169|4S|N|13|CJ
2|25|51|31|1|162|4S|N|13|D2
2|25|177|159|130|95|5S|N|11|CJ
2|25|186|21|175|134|4S|S|13|C4
2|25|27|30|178|19|4S|N|13|CJ
2|25|262|122|279|272|4S|S|13|S7
2|26|284|180|125|222|3N|W|8|SJ
2|26|156|116|221|76|3C|S|9|C5
2|26|251|286|200|172|5D|E|10|CK
2|26|67|106|207|3|3H|W|7|SJ
2|26|117|9|252|169|3D|E|10|SJ
2|26|51|31|1|162|3C|S|9|D2
2|26|177|159|130|95|4C|S|9|D2
2|26|186|21|175|134|4D|E|9|CA
2|26|27|30|178|19|3D|E|9|CA
2|26|262|122|279|272|2H|W|8|SJ
2|27|284|180|125|222|4S|N|10|DK
2|27|156|116|221|76|4S|N|11|DK
2|27|251|286|200|172|3C|S|11|D3
2|27|67|106|207|3|3S|S|10|D8
2|27|117|9|252|169|2D|E|7|CK
2|27|51|31|1|162|4S|N|11|DK
2|27|177|159|130|95|4S|N|11|DK
2|27|186|21|175|134|4S|N|9|DK
2|27|27|30|178|19|5S|N|11|DK
2|27|262|122|279|272|4S|S|11|D6
2|28|284|180|125|222|4S|E|10|HK
2|28|156|116|221|76|4H|S|10|DT
2|28|251|286|200|172|4H|S|10|S7
2|28|67|106|207|3|4H|S|10|S7
2|28|117|9|252|169|4H|N|9|D2
2|28|51|31|1|162|4H|N|9|D4
2|28|177|159|130|95|4H|N|8|D4
2|28|186|21|175|134|4H|S|10|S5
2|28|27|30|178|19|4H|N|9|D2
2|28|262|122|279|272|4H|N|10|D4
2|29|284|180|125|222|4S|E|11|DA
2|29|156|116|221|76|4S|E|11|H6
2|29|251|286|200|172|4S|E|11|H5
2|29|67|106|207|3|4S|E|11|H6
2|29|117|9|252|169|4S|E|12|S2
2|29|51|31|1|162|4S|E|12|C4
2|29|177|159|130|95|4S|E|11|C2
2|29|186|21|175|134|4S|E|11|S2
2|29|27|30|178|19|4S|E|11|H6
2|29|262|122|279|272|4S|E|11|ST
2|3|284|180|125|222|2S|N|9|S6
2|3|156|20|221|255|3H|E|8|S7
2|3|179|286|200|172|2S|N|9|H8
2|3|67|106|207|3|2S|N|8|H7
2|3|117|9|252|169|3S|N|9|H8
2|3|51|31|1|162|2S|N|9|H5
2|3|177|186|130|126|3S|N|9|C3
2|3|175|21|95|134|4S|N|10|H7
2|3|27|24|178|199|3H|W|8|CQ
2|3|262|152|279|154|4S|N|10|H8
2|30|284|180|125|222|3N|S|10|C9
2|30|156|116|221|76|3D|S|9|CA
2|30|251|286|200|172|2H|S|8|CA
2|30|67|106|207|3|4H|S|10|CJ
2|30|117|9|252|169|4S|W|10|C7
2|30|51|31|1|162|4H|N|8|CJ
2|30|177|159|130|95|4H|N|10|CJ
2|30|186|21|175|134|4S|E|10|DA
2|30|27|30|178|19|2N|W|3|D3
2|30|262|122|279|272|3N|S|10|SQ
2|31|284|180|125|222|4S|E|9|C9
2|31|156|116|221|76|3S|E|9|C9
2|31|251|286|200|172|4S|E|9|C9
2|31|67|106|207|3|4S|E|9|C9
2|31|117|9|252|169|3C|N|8|S9
2|31|51|31|1|162|2S|E|9|C9
2|31|177|159|130|95|4S|E|10|C9
2|31|186|21|175|134|3S|E|9|C9
2|31|27|30|178|19|4S|E|9|C9
2|31|262|122|279|272|2C|N|8|ST
2|32|284|180|125|222|3D|E|10|H3
2|32|156|116|221|76|3H|N|8|D4
2|32|251|286|200|172|3S|N|6|D7
2|32|67|106|207|3|3H|N|10|D7
2|32|117|9|252|169|4H|S|10|DA
2|32|51|31|1|162|5D|W|11|H6
2|32|177|159|130|95|4D|W|10|HT
2|32|186|21|175|134|2H|S|9|SJ
2|32|27|30|178|19|3H|S|8|SJ
2|32|262|122|279|272|4H|N|8|H2
2|4|284|180|125|222|4H|S|11|ST
2|4|156|20|221|255|4H|N|11|CJ
2|4|179|286|200|172|4H|S|11|C2
2|4|67|106|207|3|4H|N|12|CT
2|4|117|9|252|169|4H|N|11|CJ
2|4|51|31|1|162|3N|N|11|CJ
2|4|177|186|130|126|3N|N|11|ST
2|4|175|21|95|134|6H|N|12|CJ
2|4|27|24|178|199|4H|N|11|CJ
2|4|262|152|279|154|4H|N|11|CJ
2|5|156|20|221|255|3N|W|6|CJ
2|5|67|106|207|3|3N|E|6|C4
2|5|51|31|1|162|2S|E|6|C4
2|5|175|21|95|134|3D|E|7|C4
2|5|27|24|178|199|1S|E|8|S6
2|5|262|152|279|154|3N|W|7|CJ
2|6|284|180|125|222|5S|S|11
2|6|156|20|221|255|4S|S|11|HA
2|6|67|106|207|3|4S|S|11|HK
2|6|51|31|1|162|4S|S|10|HA
2|6|175|21|95|134|6S|S|11|HA
2|6|27|24|178|199|4S|S|11|HA
2|6|262|152|279|154|4S|S|11|HA
2|7|156|20|221|255|4H|S|8|H6
2|7|67|106|207|3|3N|N|9|H7
2|7|51|31|1|162|3D|S|10|H7
2|7|175|21|95|134|3N|N|9|C2
2|7|27|24|178|199|3N|N|10|CJ
2|7|262|152|279|154|5D|S|8|CT
2|8|156|20|221|255|3H|W|8|CJ
2|8|67|106|207|3|5D|N|10|SJ
2|8|51|31|1|162|3D|N|11|SQ
2|8|175|21|95|134|2H|E|7|C5
2|8|27|24|178|199|5D|S|11|HT
2|8|262|152|279|154|4H|E|10|C7
2|9|284|180|125|222|3S|W|9|D4
2|9|156|20|221|255|3S|W|10|D4
2|9|179|286|200|172|2D|N|7|SJ
2|9|67|106|207|3|3H|E|7|DA
2|9|117|9|252|169|3H|E|8|DA
2|9|51|31|1|162|4S|W|10|D6
2|9|177|186|130|126|2N|E|7|S8
2|9|175|21|95|134|3S|W|10|D4
2|9|27|24|178|199|3S|E|10|DA
2|9|262|152|279|154|3D|N|7|H3
3|1|156|106|221|3|4H|S|9|ST
3|1|251|180|200|222|4H|S|8|S9
3|1|286|31|172|162|3H|S|9|S2
3|1|117|67|252|207|4H|S|8|S7
3|1|9|215|169|134|4S|W|10|CA
3|1|177|51|130|1|4S|W|10|H4
3|1|159|24|175|199|4S|W|10|H4
3|1|262|186|279|126|4H|N|9|D3
3|1|20|152|255|154|4H|S|9|D3
3|1|122|284|272|125|4H|S|8|S5
3|10|156|106|221|3|2S|W|8|C2
3|10|251|180|200|222|2S|W|8|C5
3|10|286|31|172|162|2S|W|7|HJ
3|10|117|67|252|207|3C|N|8|DK
3|10|9|215|169|134|3D|E|7|CA
3|10|177|51|130|1|2S|W|8|HJ
3|10|159|24|175|199|3S|W|8|C2
3|10|262|186|279|126|2S|W|8|HJ
3|10|20|152|255|154|3S|W|7|HJ
3|10|122|284|272|125|2S|W|8|HJ
3|11|156|106|221|3|4D|W|10|SK
3|11|251|180|200|222|4H|E|10|S8
3|11|286|31|172|162|3D|W|10|SK
3|11|117|67|252|207|3D|W|10|SK
3|11|9|215|169|134|4S|N|10|CA
3|11|177|51|130|1|4D|W|10|SK
3|11|159|24|175|199|4D|W|10|SK
3|11|262|186|279|126|4D|W|10|SK
3|11|20|152|255|154|3S|N|9|CA
3|11|122|284|272|125|5D|W|11|SK
3|12|156|106|221|3|2N|S|8|H2
3|12|251|180|200|222|3N|S|9|H2
3|12|286|31|172|162|3N|S|9|D5
3|12|117|67|252|207|3N|S|9|D6
3|12|9|215|169|134|3H|S|9|C4
3|12|177|51|130|1|3N|S|12|S2
3|12|159|24|175|199|4H|S|9|C4
3|12|262|186|279|126|3N|S|10|H2
3|12|20|152|255|154|1N|S|9|D5
3|12|122|284|272|125|3N|S|10|D7
3|13|156|106|221|3|1N|E|7|S9
3|13|251|180|200|222|1N|E|7|S8
3|13|286|31|172|162|2S|S|8|DJ
3|13|117|67|252|207|2S|S|6|S2
3|13|9|215|169|134|1N|E|6|S9
3|13|177|51|130|1|1N|E|7|S4
3|13|159|24|175|199|1N|E|6|S9
3|13|262|186|279|126|1N|W|6|SJ
3|13|20|152|255|154|1N|E|7|S6
3|13|122|284|272|125|1N|E|5|S8
3|14|156|106|221|3|5D|N|11|S5
3|14|251|180|200|222|4H|N|9|CT
3|14|286|31|172|162|3H|N|10|CT
3|14|117|67|252|207|4D|N|10|CT
3|14|9|215|169|134|4H|N|10|CT
3|14|177|51|130|1|3S|E|9|H2
3|14|159|24|175|199|4S|E|10|H2
3|14|262|186|279|126|4H|N|10|S3
3|14|20|152|255|154|3H|N|9|CT
3|14|122|284|272|125|3N|S|7|SQ
3|15|156|106|221|3|4S|S|11|CQ
3|15|251|180|200|222|4S|S|11|CK
3|15|286|31|172|162|4S|S|10|CK
3|15|117|67|252|207|3S|S|11|CK
3|15|9|215|169|134|4S|S|11|CK
3|15|177|51|130|1|4S|N|11|H6
3|15|159|24|175|199|4S|S|10|CK
3|15|262|186|279|126|3N|S|9|CK
3|15|20|152|255|154|4S|S|10|CK
3|15|122|284|272|125|4S|S|10|CK
3|16|156|106|221|3|4H|W|12|C9
3|16|251|180|200|222|4H|W|11|SA
3|16|286|31|172|162|4H|W|12|DK
3|16|117|67|252|207|4H|W|11|H2
3|16|9|215|169|134|4H|W|11|DK
3|16|177|51|130|1|4H|W|12|C9
3|16|159|24|175|199|6H|W|11|H2
3|16|262|186|279|126|4H|W|11|DK
3|16|20|152|255|154|4H|W|12|DK
3|16|122|284|272|125|4H|W|12|C4
3|17|156|106|221|3|6S|N|12|H2
3|17|251|180|200|222|7N|S|12|S3
3|17|286|31|172|162|6N|N|12|H5
3|17|117|67|252|207|4S|N|12|C7
3|17|9|215|169|134|4S|S|12|HJ
3|17|177|51|130|1|6S|N|12|H5
3|17|186|24|175|199|6N|S|12|H7
3|17|30|126|19|95|6S|S|13|HJ
3|17|20|152|255|154|6N|S|12|HJ
3|17|27|116|178|76|6S|S|13|S2
3|18|156|106|221|3|4S|N|12|D4
3|18|251|180|200|222|4S|N|11|D5
3|18|286|31|172|162|4S|N|12|D5
3|18|117|67|252|207|4S|S|12|C6
3|18|9|215|169|134|4S|N|11|D4
3|18|177|51|130|1|4S|N|10|C3
3|18|186|24|175|199|4S|S|12|D2
3|18|30|126|19|95|4S|N|13|C4
3|18|20|152|255|154|4S|N|11|D9
3|18|27|116|178|76|4S|N|12|C6
3|19|156|106|221|3|4H|S|10|SQ
3|19|251|180|200|222|4H|N|11|DQ
3|19|286|31|172|162|3N|N|10|DQ
3|19|117|67|252|207|4H|S|10|SK
3|19|9|215|169|134|3N|N|10|DQ
3|19|177|51|130|1|4H|S|10|SK
3|19|186|24|175|199|4H|S|10|SK
3|19|30|126|19|95|3N|N|10|DQ
3|19|20|152|255|154|4H|N|10|SK
3|19|27|116|178|76|4H|S|10|SK
3|2|156|106|221|3|3N|E|12|D2
3|2|251|180|200|222|3N|E|13|D8
3|2|286|31|172|162|3N|W|12|D3
3|2|117|67|252|207|3N|E|12|H3
3|2|9|215|169|134|3N|W|11|H7
3|2|177|51|130|1|3N|W|11|D3
3|2|159|24|175|199|3N|E|12|H5
3|2|262|186|279|126|3N|E|10|D8
3|2|20|152|255|154|3N|E|12|D9
3|2|122|284|272|125|3N|W|12|D5
3|20|156|106|221|3|3N|W|6|H2
3|20|251|180|200|222|3N|E|10|S5
3|20|286|31|172|162|3N|W|10|H5
3|20|117|67|252|207|3N|E|10|D4
3|20|9|215|169|134|3N|W|9|D3
3|20|177|51|130|1|3N|W|10|HJ
3|20|186|24|175|199|3N|W|9|H5
3|20|30|126|19|95|3N|W|10|H5
3|20|20|152|255|154|3N|W|11|HJ
3|20|27|116|178|76|3N|W|8|H5
3|21|156|106|221|3|3C|S|10|SK
3|21|251|180|200|222|1N|N|9|DK
3|21|286|31|172|162|3C|S|10|SA
3|21|117|67|252|207|4C|S|10|SA
3|21|9|215|169|134|1N|N|9|D2
3|21|177|51|130|1|5C|S|11|SK
3|21|186|24|175|199|3C|S|9|SK
3|21|30|126|19|95|3H|E|9|H2
3|21|20|152|255|154|3C|N|9|DK
3|21|27|116|178|76|1S|S|7|CJ
3|22|156|106|221|3|3N|S|6|DJ
3|22|251|180|200|222|4H|N|9|D8
3|22|286|31|172|162|3C|N|9|C8
3|22|117|67|252|207|2N|S|6|D2
3|22|9|215|169|134|3N|S|6|DQ
3|22|177|51|130|1|3N|S|10|SK
3|22|186|24|175|199|4S|N|7|C6
3|22|30|126|19|95|3N|S|6|DQ
3|22|20|152|255|154|3N|S|6|DQ
3|22|27|116|178|76|3N|S|9|SA
3|23|156|106|221|3|4S|W|11|HA
3|23|251|180|200|222|4S|E|10|HJ
3|23|286|31|172|162|4S|E|11|HJ
3|23|117|67|252|207|4S|E|10|H4
3|23|9|215|169|134|4S|E|11|HJ
3|23|177|51|130|1|4S|E|11|HJ
3|23|186|24|175|199|4S|E|11|HJ
3|23|30|126|19|95|4S|E|10|HJ
3|23|20|152|255|154|3S|E|11|HJ
3|23|27|116|178|76|4S|E|11|H5
3|24|156|106|221|3|3S|N|7|H6
3|24|251|180|200|222|3D|N|9|S2
3|24|286|31|172|162|3D|N|10|CA
3|24|117|67|252|207|3H|W|8|DQ
3|24|9|215|169|134|4D|N|9|CA
3|24|177|51|130|1|4S|N|6|H6
3|24|186|24|175|199|3H|W|9|DQ
3|24|30|126|19|95|3H|W|9|DQ
3|24|20|152|255|154|3N|S|11|H5
3|24|27|116|178|76|3H|W|9|DQ
3|25|156|106|221|3|3C|W|9|HA
3|25|251|180|200|222|2H|S|9|DK
3|25|286|31|172|162|3H|S|9|CA
3|25|117|67|252|207|2C|E|9|H3
3|25|9|215|169|134|3D|W|9|DA
3|25|177|51|130|1|3C|E|9|HA
3|25|186|24|175|199|P||0
3|25|30|126|19|95|3C|W|9|HA
3|25|20|152|255|154|5C|W|10|HA
3|25|27|116|178|76|3C|W|10|HA
3|26|156|106|221|3|1S|W|8|HA
3|26|251|180|200|222|1S|W|8|HA
3|26|286|31|172|162|2S|W|7|DQ
3|26|117|67|252|207|2S|W|9|CJ
3|26|9|215|169|134|2H|S|7|CA
3|26|177|51|130|1|1N|W|6|H6
3|26|186|24|175|199|1N|W|9|H6
3|26|30|126|19|95|2S|W|7|DQ
3|26|20|152|255|154|2S|W|9|CJ
3|26|27|116|178|76|1N|S|7|CA
3|27|156|106|221|3|2S|N|8|S2
3|27|251|180|200|222|2C|N|8|S8
3|27|286|31|172|162|2S|S|8|HK
3|27|117|67|252|207|3N|W|10|D9
3|27|9|215|169|134|2D|S|8|HK
3|27|177|51|130|1|1N|S|7|HK
3|27|186|24|175|199|4H|E|11|D4
3|27|30|126|19|95|1N|S|7|H3
3|27|20|152|255|154|4H|E|11|S7
3|27|27|116|178|76|3N|W|10|H9
3|28|156|106|221|3|2H|W|8|H4
3|28|251|180|200|222|2H|W|7|DA
3|28|286|31|172|162|2H|W|8|DA
3|28|117|67|252|207|2H|W|9|DA
3|28|9|215|169|134|2H|W|7|DA
3|28|177|51|130|1|3D|N|9|HA
3|28|186|24|175|199|2S|E|8|DK
3|28|30|126|19|95|2H|W|8|H2
3|28|20|152|255|154|3H|W|8|H2
3|28|27|116|178|76|2H|W|8|CA
3|29|156|106|221|3|4S|N|10|HT
3|29|251|180|200|222|4S|N|10|H8
3|29|286|31|172|162|3S|N|11|HK
3|29|117|67|252|207|3D|S|10|S2
3|29|9|215|169|134|3H|W|9|C2
3|29|177|51|130|1|4S|N|10|H8
3|29|186|24|175|199|5H|W|11|D2
3|29|30|126|19|95|4S|N|11|C3
3|29|20|152|255|154|4S|N|10|H8
3|29|27|116|178|76|5D|S|11|HA
3|3|156|106|221|3|4S|E|11|D3
3|3|251|180|200|222|4S|E|11|CA
3|3|286|31|172|162|3S|E|11|S9
3|3|117|67|252|207|4S|E|12|S8
3|3|9|215|169|134|4S|E|10|S9
3|3|177|51|130|1|4S|W|11|CK
3|3|159|24|175|199|5S|E|11|CA
3|3|262|186|279|126|4S|E|11|CA
3|3|20|152|255|154|4S|E|11|CA
3|3|122|284|272|125|4S|E|11|CA
3|30|156|106|221|3|4S|E|9|HQ
3|30|251|180|200|222|3N|S|5|S5
3|30|286|31|172|162|5C|N|8|SA
3|30|117|67|252|207|3S|E|9|HQ
3|30|9|215|169|134|4C|N|8|D3
3|30|177|51|130|1|3S|E|8|HQ
3|30|186|24|175|199|4S|W|11|D5
3|30|30|126|19|95|5C|N|8|D2
3|30|20|152|255|154|4S|E|10|HQ
3|30|27|116|178|76|3S|E|9|HQ
3|31|156|106|221|3|3N|W|8|H8
3|31|251|180|200|222|6N|W|9|H7
3|31|286|31|172|162|3N|W|9|C6
3|31|117|67|252|207|3N|W|8|D4
3|31|9|215|169|134|3N|W|8|C9
3|31|177|51|130|1|3N|W|7|S3
3|31|186|24|175|199|3N|W|10|CT
3|31|30|126|19|95|3N|W|9|CT
3|31|20|152|255|154|3N|W|8|S4
3|31|27|116|178|76|3N|W|9|C5
3|32|156|106|221|3|3S|W|8|H4
3|32|251|180|200|222|3D|N|7|S8
3|32|286|31|172|162|2S|W|8|DK
3|32|117|67|252|207|3S|W|10|ST
3|32|9|215|169|134|2S|W|9|DK
3|32|177|51|130|1|2N|S|5|SK
3|32|186|24|175|199|4D|N|7|S2
3|32|30|126|19|95|3D|N|7|CK
3|32|20|152|255|154|3S|W|8|DK
3|32|27|116|178|76|2H|W|9|ST
3|4|156|106|221|3|2N|S|8|H6
3|4|251|180|200|222|3D|N|10|H3
3|4|286|31|172|162|2S|N|7|H3
3|4|117|67|252|207|3D|S|10|HA
3|4|9|215|169|134|3D|N|10|H4
3|4|177|51|130|1|1N|N|8|H6
3|4|159|24|175|199|3D|S|9|HK
3|4|262|186|279|126|2S|S|8|HA
3|4|20|152|255|154|3D|S|10|HA
3|4|122|284|272|125|P||0
3|5|156|106|221|3|4D|W|9|S4
3|5|251|180|200|222|3D|E|9|D2
3|5|286|31|172|162|1D|W|9|C5
3|5|117|67|252|207|4S|S|10|CA
3|5|9|215|169|134|3D|W|9|S2
3|5|177|51|130|1|3D|E|9|C7
3|5|159|24|175|199|1D|W|8|S4
3|5|262|186|279|126|1N|W|4|S2
3|5|20|152|255|154|2C|S|7|SJ
3|5|122|284|272|125|1D|E|9|HQ
3|6|156|106|221|3|3D|N|9|D4
3|6|251|180|200|222|1D|S|9|S9
3|6|286|31|172|162|3D|S|9|D4
3|6|117|67|252|207|3D|S|9|H9
3|6|9|215|169|134|3H|S|6|CA
3|6|177|51|130|1|3D|S|9|H5
3|6|159|24|175|199|2S|N|5|C2
3|6|262|186|279|126|3D|S|9|CA
3|6|20|152|255|154|3D|S|9|H9
3|6|122|284|272|125|4H|S|6|H9
3|7|156|106|221|3|2N|S|8|HQ
3|7|251|180|200|222|2N|S|8|HK
3|7|286|31|172|162|1N|S|9|HK
3|7|117|67|252|207|3N|S|8|HK
3|7|9|215|169|134|2N|S|6|HK
3|7|177|51|130|1|2N|S|7|HK
3|7|159|24|175|199|3D|S|9|HK
3|7|262|186|279|126|3N|S|9|HK
3|7|20|152|255|154|3D|S|7|HK
3|7|122|284|272|125|3N|S|9|HK
3|8|156|106|221|3|3N|E|9|S3
3|8|251|180|200|222|4S|E|7|HJ
3|8|286|31|172|162|3N|W|8|H7
3|8|117|67|252|207|3C|W|9|S5
3|8|9|215|169|134|3N|E|9|S4
3|8|177|51|130|1|3N|W|9|S5
3|8|159|24|175|199|3N|W|11|S5
3|8|262|186|279|126|3N|E|9|S4
3|8|20|152|255|154|3N|W|11|CJ
3|8|122|284|272|125|3N|W|10|HQ
3|9|156|106|221|3|4H|W|10|SJ
3|9|251|180|200|222|4H|E|10|D9
3|9|286|31|172|162|4H|E|10|DT
3|9|117|67|252|207|4H|E|10|DT
3|9|9|215|169|134|5H|E|9|DT
3|9|177|51|130|1|4S|S|10|DK
3|9|159|24|175|199|4H|E|10|S2
3|9|262|186|279|126|4H|W|10|SJ
3|9|20|152|255|154|4H|E|10|DT
3|9|122|284|272|125|4H|E|10|S3
4|1|117|180|252|222|2D|S|8|D5
4|1|156|31|221|162|2D|S|10|H5
4|1|177|275|130|10|2D|N|9|D4
4|1|286|21|172|134|1N|E|5|DQ
4|1|262|9|279|169|3N|N|10|ST
4|1|51|24|1|199|3S|E|6|CQ
4|1|122|159|272|95|2D|S|10|C4
4|1|186|152|175|154|3S|W|6|DK
4|1|284|28|125|144|1N|E|4|DJ
4|1|251|86|200|20|2D|N|9|D5
4|10|117|180|252|222|2S|W|8|CJ
4|10|156|31|221|162|2S|E|8|D3
4|10|177|275|130|10|1N|E|8|ST
4|10|286|21|172|134|3S|E|8|H7
4|10|262|9|279|169|2N|E|8|ST
4|10|51|24|1|199|3S|E|8|H7
4|10|122|159|272|95|3S|W|8|D4
4|10|186|152|175|154|3S|W|8|CJ
4|10|284|28|125|144|2N|E|8|ST
4|10|251|86|200|20|2S|E|8|ST
4|11|117|180|252|222|5C|E|10|S4
4|11|156|31|221|162|3N|E|10|HT
4|11|177|275|130|10|3N|W|9|SJ
4|11|286|21|172|134|3S|N|9|HA
4|11|262|9|279|169|4C|W|10|SA
4|11|51|24|1|199|3N|E|7|S9
4|11|122|159|272|95|3N|E|9|D2
4|11|186|152|175|154|4S|N|10|HA
4|11|284|28|125|144|4S|N|10|DK
4|11|251|86|200|20|5C|W|10|SK
4|12|117|180|252|222|5C|N|11|HA
4|12|156|31|221|162|3N|S|9|HJ
4|12|177|275|130|10|5C|S|10|HJ
4|12|286|21|172|134|5H|E|11|CA
4|12|262|9|279|169|5C|S|11|DK
4|12|51|24|1|199|4H|E|10|CA
4|12|122|159|272|95|5C|N|10|HA
4|12|186|152|175|154|5C|S|11|DK
4|12|284|28|125|144|4C|N|10|HA
4|12|251|86|200|20|4H|E|8|CK
4|13|117|180|252|222|6D|W|11|CT
4|13|156|31|221|162|3N|E|12|HJ
4|13|177|275|130|10|6D|E|11|HJ
4|13|286|21|172|134|6S|E|12|HJ
4|13|262|9|279|169|6D|E|11|HJ
4|13|51|24|1|199|6D|W|11|CT
4|13|122|159|272|95|3N|E|11|HJ
4|13|186|152|175|154|5D|E|11|HJ
4|13|284|28|125|144|3N|E|12|HJ
4|13|251|86|200|20|3N|E|12|HJ
4|14|117|180|252|222|3C|E|9|DJ
4|14|156|31|221|162|1N|E|5|DJ
4|14|177|275|130|10|1N|E|7|DJ
4|14|286|21|172|134|2C|W|7|D8
4|14|262|9|279|169|1N|W|7|D7
4|14|51|24|1|199|3C|W|8|D8
4|14|122|159|272|95|3C|W|9|C2
4|14|186|152|175|154|3N|E|8|S6
4|14|284|28|125|144|3C|W|10|D6
4|14|251|86|200|20|3C|W|10|C2
4|15|117|180|252|222|4H|S|10|DQ
4|15|156|31|221|162|4H|S|10|DQ
4|15|177|275|130|10|6H|S|11|DQ
4|15|286|21|172|134|4H|S|10|DQ
4|15|262|9|279|169|4S|W|10|HA
4|15|51|24|1|199|4H|S|10|DQ
4|15|122|159|272|95|4H|S|10|DQ
4|15|186|152|175|154|4H|S|10|DQ
4|15|284|28|125|144|4H|S|10|DQ
4|15|251|86|200|20|4H|S|11|DJ
4|16|117|180|252|222|3C|N|11|D5
4|16|156|31|221|162|3C|S|11|SA
4|16|177|275|130|10|5S|W|11|C9
4|16|286|21|172|134|5C|N|11|SK
4|16|262|9|279|169|5C|S|11|HA
4|16|51|24|1|199|5S|E|11|CK
4|16|122|159|272|95|5C|N|11|SK
4|16|186|152|175|154|5C|N|11|D8
4|16|284|28|125|144|5S|W|8|HA
4|16|251|86|200|20|5C|S|11|SA
4|17|117|180|252|222|4H|S|12|H6
4|17|156|31|221|162|4H|S|12|S2
4|17|177|67|130|207|6H|N|12|D4
4|17|286|21|172|134|4H|N|12|H6
4|17|24|9|199|169|4H|S|12|S3
4|17|51|262|1|279|4H|N|12|ST
4|17|27|159|178|95|4S|N|12|H6
4|17|186|152|175|154|4H|N|12|H6
4|17|284|106|125|3|4H|S|12|D9
4|17|179|116|200|76|4H|N|12|H5
4|18|117|180|252|222|3S|N|10|CA
4|18|156|31|221|162|3S|N|10|CA
4|18|177|67|130|207|4H|E|9|S4
4|18|286|21|172|134|4H|W|7|DK
4|18|24|9|199|169|4H|W|8|DK
4|18|51|262|1|279|4S|N|11|CA
4|18|27|159|178|95|2S|N|10|CA
4|18|186|152|175|154|4S|N|11|CA
4|18|284|106|125|3|4C|E|9|S9
4|18|179|116|200|76|5S|N|10|CA
4|19|117|180|252|222|2C|N|9|SQ
4|19|156|31|221|162|3H|S|8|CA
4|19|177|67|130|207|2N|N|8|H6
4|19|286|21|172|134|2N|N|9|S6
4|19|24|9|199|169|2N|S|8|H2
4|19|51|262|1|279|2N|N|10|SQ
4|19|27|159|178|95|2N|N|9|S6
4|19|186|152|175|154|2N|N|9|SQ
4|19|284|106|125|3|2D|N|11|H4
4|19|179|116|200|76|1S|S|8|H2
4|2|117|180|252|222|3N|W|9|H7
4|2|156|31|221|162|2S|W|10|D9
4|2|177|275|130|10|4S|E|9|HQ
4|2|286|21|172|134|4S|E|8|C8
4|2|262|9|279|169|1C|W|11|SQ
4|2|51|24|1|199|4S|E|9|C2
4|2|122|159|272|95|3N|W|9|H5
4|2|186|152|175|154|3S|E|10|HQ
4|2|284|28|125|144|1N|W|8|H7
4|2|251|86|200|20|2S|W|9|H5
4|20|117|180|252|222|3N|W|9|S3
4|20|156|31|221|162|3N|W|10|S2
4|20|177|67|130|207|3N|E|9|S3
4|20|286|21|172|134|3N|W|9|H7
4|20|24|9|199|169|3N|W|10|S2
4|20|51|262|1|279|3N|E|6|H6
4|20|27|159|178|95|3N|E|9|S9
4|20|186|152|175|154|3N|E|10|H9
4|20|284|106|125|3|6D|E|9|S9
4|20|179|116|200|76|3N|E|9|S6
4|21|117|180|252|222|3H|S|8|DT
4|21|156|31|221|162|4S|E|10|H8
4|21|177|67|130|207|3H|S|9|D4
4|21|286|21|172|134|3H|N|9|D6
4|21|24|9|199|169|4S|E|10|H8
4|21|51|262|1|279|4S|E|10|H4
4|21|27|159|178|95|3H|S|9|DT
4|21|186|152|175|154|3H|S|9|D4
4|21|284|106|125|3|1D|N|7|S4
4|21|179|116|200|76|4H|S|9|D9
4|22|117|180|252|222|1N|N|11|D5
4|22|156|31|221|162|1N|S|11|S5
4|22|177|67|130|207|3C|N|11|S7
4|22|286|21|172|134|3N|S|10|S5
4|22|24|9|199|169|3N|S|10|SQ
4|22|51|262|1|279|2D|E|6|H7
4|22|27|159|178|95|3N|S|10|SQ
4|22|186|152|175|154|5C|N|11|S7
4|22|284|106|125|3|3C|N|11|S6
4|22|179|116|200|76|1N|N|11|D2
4|23|117|180|252|222|1N|S|8|HQ
4|23|156|31|221|162|3C|N|10|DA
4|23|177|67|130|207|4C|N|10|DA
4|23|286|21|172|134|3N|N|9|DA
4|23|24|9|199|169|3N|N|9|DK
4|23|51|262|1|279|1N|S|8|S6
4|23|27|159|178|95|3C|N|10|DA
4|23|186|152|175|154|3C|N|10|DA
4|23|284|106|125|3|3N|S|10|HQ
4|23|179|116|200|76|3C|N|10|DA
4|24|117|180|252|222|4C|S|11|S5
4|24|156|31|221|162|3N|N|10|DJ
4|24|177|67|130|207|3N|N|10|DJ
4|24|286|21|172|134|3N|N|10|DJ
4|24|24|9|199|169|3N|N|10|D5
4|24|51|262|1|279|5D|E|9|HT
4|24|27|159|178|95|6C|S|11|S3
4|24|186|152|175|154|3N|N|10|DJ
4|24|284|106|125|3|3D|E|10|CA
4|24|179|116|200|76|3N|N|10|DT
4|25|117|180|252|222|6D|N|12|SK
4|25|156|31|221|162|7H|E|13|D5
4|25|177|67|130|207|5C|W|9|DA
4|25|286|21|172|134|6N|W|5|D6
4|25|24|9|199|169|4H|E|11|DT
4|25|51|262|1|279|6H|E|12|DT
4|25|27|159|178|95|5H|E|11|D8
4|25|186|152|175|154|6H|E|12|SA
4|25|284|106|125|3|5H|E|11|SA
4|25|179|116|200|76|6H|E|12|DT
4|26|117|180|252|222|2N|E|8|C3
4|26|156|31|221|162|1N|W|8|D2
4|26|177|67|130|207|3N|E|8|C3
4|26|286|21|172|134|1N|E|7|C3
4|26|24|9|199|169|3N|E|8|C5
4|26|51|262|1|279|1N|E|9|C3
4|26|27|159|178|95|1N|W|9|DT
4|26|186|152|175|154|1N|W|8|C4
4|26|284|106|125|3|2H|W|8|S4
4|26|179|116|200|76|1N|W|7|S5
4|27|117|180|252|222|P||0
4|27|156|31|221|162|2N|S|8|C5
4|27|177|67|130|207|3D|S|9|D2
4|27|286|21|172|134|3D|N|11|SK
4|27|24|9|199|169|2D|S|10|D5
4|27|51|262|1|279|3D|N|10|D7
4|27|27|159|178|95|3C|E|6|S6
4|27|186|152|175|154|1N|W|4|S7
4|27|284|106|125|3|3D|S|9|HT
4|27|179|116|200|76|2C|E|6|C6
4|28|117|180|252|222|4H|N|11|S9
4|28|156|31|221|162|4H|N|11|CA
4|28|177|67|130|207|4H|N|11|CA
4|28|286|21|172|134|4H|N|11|CA
4|28|24|9|199|169|4H|N|12|S8
4|28|51|262|1|279|3N|N|11|C6
4|28|27|159|178|95|3N|N|11|C6
4|28|186|152|175|154|4H|N|11|CA
4|28|284|106|125|3|4H|N|12|CA
4|28|179|116|200|76|4H|N|11|S9
4|29|117|180|252|222|5C|S|10|HK
4|29|156|31|221|162|5D|S|11|HK
4|29|177|67|130|207|5D|S|11|HK
4|29|286|21|172|134|5D|N|11|SA
4|29|24|9|199|169|6D|S|10|HK
4|29|51|262|1|279|5D|S|11|HA
4|29|27|159|178|95|5D|S|11|HK
4|29|186|152|175|154|5C|N|10|HK
4|29|284|106|125|3|5D|N|11|HQ
4|29|179|116|200|76|5D|S|11|HK
4|3|117|180|252|222|1N|N|7|DT
4|3|156|31|221|162|1S|W|7|D7
4|3|177|275|130|10|1N|E|6|S2
4|3|286|21|172|134|2H|S|8|CJ
4|3|262|9|279|169|1N|N|7|H9
4|3|51|24|1|199|1D|N|6|H7
4|3|122|159|272|95|1N|N|7|DJ
4|3|186|152|175|154|1N|N|7|DJ
4|3|284|28|125|144|1N|N|8|DT
4|3|251|86|200|20|1N|N|7|S7
4|30|117|180|252|222|4H|W|11|S4
4|30|156|31|221|162|3N|W|11|S9
4|30|177|67|130|207|3N|W|10|S8
4|30|286|21|172|134|3N|E|11|D4
4|30|24|9|199|169|3N|E|10|SQ
4|30|51|262|1|279|3N|E|12|D4
4|30|27|159|178|95|3N|E|11|H2
4|30|186|152|175|154|3N|W|10|S8
4|30|284|106|125|3|3N|E|11|SQ
4|30|179|116|200|76|3N|W|10|CJ
4|31|117|180|252|222|4S|S|13|H4
4|31|156|31|221|162|4S|S|12|H4
4|31|177|67|130|207|5S|S|12|H4
4|31|286|21|172|134|4S|S|12|H5
4|31|24|9|199|169|5S|S|12|D5
4|31|51|262|1|279|4S|S|11|H5
4|31|27|159|178|95|6S|S|12|C6
4|31|186|152|175|154|4S|S|11|D5
4|31|284|106|125|3|4S|N|13|D3
4|31|179|116|200|76|4S|S|12|H4
4|32|117|180|252|222|3N|S|8|S7
4|32|156|31|221|162|3N|N|9|SJ
4|32|177|67|130|207|3N|N|11|SJ
4|32|286|21|172|134|3N|N|9|C7
4|32|24|9|199|169|3N|N|9|SJ
4|32|51|262|1|279|3N|N|8|SJ
4|32|27|159|178|95|2S|W|8|C6
4|32|186|152|175|154|3N|N|8|SJ
4|32|284|106|125|3|4H|N|9|C7
4|32|179|116|200|76|3N|S|9|S2
4|4|117|180|252|222|4S|W|8|CA
4|4|156|31|221|162|3S|W|9|CA
4|4|177|275|130|10|4S|E|8|DK
4|4|286|21|172|134|4S|W|8|CA
4|4|262|9|279|169|4S|W|9|CA
4|4|51|24|1|199|4S|W|9|D5
4|4|122|159|272|95|4S|W|8|D5
4|4|186|152|175|154|3S|W|8|D8
4|4|284|28|125|144|4S|W|8|CA
4|4|251|86|200|20|4S|W|9|CA
4|5|117|180|252|222|3N|W|11|SJ
4|5|156|31|221|162|3N|W|8|S6
4|5|177|275|130|10|2H|W|9|S2
4|5|286|21|172|134|5C|E|12|S5
4|5|262|9|279|169|6C|E|12|S5
4|5|51|24|1|199|3N|W|8|S2
4|5|122|159|272|95|6C|E|11|S7
4|5|186|152|175|154|3N|W|8|S6
4|5|284|28|125|144|3N|W|8|S6
4|5|251|86|200|20|2H|W|9|S2
4|6|117|180|252|222|2D|N|9|CQ
4|6|156|31|221|162|2N|S|5|CA
4|6|177|275|130|10|3C|W|9|DA
4|6|286|21|172|134|3D|S|9|CA
4|6|262|9|279|169|3C|W|8|DA
4|6|51|24|1|199|3H|S|8|CK
4|6|122|159|272|95|5D|S|8|CA
4|6|186|152|175|154|3D|S|8|CA
4|6|284|28|125|144|2N|S|5|CK
4|6|251|86|200|20|3N|S|5|CK
4|7|117|180|252|222|4S|E|13|H7
4|7|156|31|221|162|5S|E|13|DT
4|7|177|275|130|10|6S|E|13|C2
4|7|286|21|172|134|4S|E|13|DT
4|7|262|9|279|169|6S|E|13|H9
4|7|51|24|1|199|6S|E|13|C9
4|7|122|159|272|95|4S|E|13|C7
4|7|186|152|175|154|6S|E|13|C2
4|7|284|28|125|144|6S|E|13|DT
4|7|251|86|200|20|4S|E|13|H9
4|8|117|180|252|222|5H|N|10|C3
4|8|156|31|221|162|4H|N|10|S3
4|8|177|275|130|10|5C|W|11|HA
4|8|286|21|172|134|4H|N|10|C5
4|8|262|9|279|169|5C|W|11|HA
4|8|51|24|1|199|5S|W|11|HA
4|8|122|159|272|95|4H|N|9|C4
4|8|186|152|175|154|4H|N|10|H6
4|8|284|28|125|144|4H|N|10|C5
4|8|251|86|200|20|5H|N|10|C4
4|9|117|180|252|222|1N|W|7|SA
4|9|156|31|221|162|P||0
4|9|177|275|130|10|2S|N|6|DK
4|9|286|21|172|134|2S|S|7|H2
4|9|262|9|279|169|2S|N|6|DA
4|9|51|24|1|199|P||0
4|9|122|159|272|95|P||0
4|9|186|152|175|154|1N|W|8|SA
4|9|284|28|125|144|1N|N|7|CT
4|9|251|86|200|20|2S|N|6|DA
5|1|156|177|221|146|4H|W|10|D3
5|1|21|236|130|220|4H|E|9|S9
5|1|67|24|207|199|3N|W|9|SQ
5|1|262|275|279|10|3N|E|7|S4
5|1|9|159|169|95|3H|E|8|S4
5|1|186|51|175|1|4H|E|8|S9
5|1|117|116|252|76|4H|E|8|S9
5|1|86|31|20|162|3H|E|10|CQ
5|1|179|152|200|154|4H|E|10|CK
5|1|27|28|178|144|4H|W|9|C8
5|10|156|177|221|146|3N|E|8|HT
5|10|21|236|130|220|3N|E|7|SJ
5|10|67|24|207|199|3D|E|10|HT
5|10|262|275|279|10|3N|E|9|HT
5|10|9|159|169|95|3N|E|9|HT
5|10|186|51|175|1|3D|E|9|HT
5|10|117|116|252|76|3D|E|10|C2
5|10|86|31|20|162|3N|E|8|C4
5|10|179|152|200|154|3N|E|8|H9
5|10|27|28|178|144|2S|W|9|HA
5|11|156|177|221|146|5D|S|11|H8
5|11|21|236|130|220|5D|S|11|H9
5|11|67|24|207|199|5D|S|11|H7
5|11|262|275|279|10|3H|W|7|D7
5|11|9|159|169|95|5D|S|11|H9
5|11|186|51|175|1|3H|W|7|D8
5|11|117|116|252|76|5D|S|11|H7
5|11|86|31|20|162|5C|N|11|H5
5|11|179|152|200|154|5C|N|11|H5
5|11|27|28|178|144|5D|S|11|H8
5|12|156|177|221|146|2H|W|10|C6
5|12|21|236|130|220|2H|W|10|S3
5|12|67|24|207|199|3N|W|5|DK
5|12|262|275|279|10|2H|E|10|S2
5|12|9|159|169|95|2H|E|10|S2
5|12|186|51|175|1|2H|W|10|DK
5|12|117|116|252|76|2H|E|9|S9
5|12|86|31|20|162|2H|E|9|S9
5|12|179|152|200|154|2H|E|10|S2
5|12|27|28|178|144|2H|W|9|DK
5|13|156|177|221|146|1N|S|9|C9
5|13|21|236|130|220|2H|N|6|DA
5|13|67|24|207|199|3C|S|5|SA
5|13|262|275|279|10|3C|S|6|SA
5|13|9|159|169|95|2H|N|6|DA
5|13|186|51|175|1|2C|S|7|SA
5|13|117|116|252|76|3S|E|8|H4
5|13|86|31|20|162|2H|N|7|DA
5|13|179|152|200|154|2C|S|6|H6
5|13|27|28|178|144|3C|S|6|SA
5|14|156|177|221|146|5D|E|8|SK
5|14|21|236|130|220|3N|E|9|SK
5|14|67|24|207|199|3C|N|9|SA
5|14|262|275|279|10|3N|E|9|SK
5|14|9|159|169|95|3S|S|9|CA
5|14|186|51|175|1|3S|S|7|CA
5|14|117|116|252|76|3N|E|10|SK
5|14|86|31|20|162|3D|E|10|SQ
5|14|179|152|200|154|3N|E|10|SK
5|14|27|28|178|144|3S|S|9|DA
5|15|156|177|221|146|4C|W|8|DA
5|15|21|236|130|220|3D|N|9|H9
5|15|67|24|207|199|3C|W|10|DA
5|15|262|275|279|10|4C|W|10|DA
5|15|9|159|169|95|3D|N|9|H9
5|15|186|51|175|1|3H|W|6|DA
5|15|117|116|252|76|4C|W|8|DA
5|15|86|31|20|162|4C|W|11|DK
5|15|179|152|200|154|3C|W|10|C4
5|15|27|28|178|144|3C|W|8|C2
5|16|156|177|221|146|3N|N|8|D4
5|16|21|236|130|220|2N|N|8|D5
5|16|67|24|207|199|3N|N|6|DT
5|16|262|275|279|10|3N|N|8|D5
5|16|9|159|169|95|3N|N|6|DT
5|16|186|51|175|1|3N|N|8|D5
5|16|117|116|252|76|2N|N|7|D3
5|16|86|31|20|162|1N|N|8|D5
5|16|179|152|200|154|3N|N|9|SQ
5|16|27|28|178|144|3N|N|8|D9
5|17|180|177|222|146|2D|S|5|C5
5|17|21|236|130|220|2H|N|6|S5
5|17|275|24|10|199|2D|S|8|C6
5|17|262|286|279|172|3D|S|6|C5
5|17|9|159|169|95|2D|S|6|C5
5|17|186|51|175|1|2D|S|8|SK
5|17|117|284|252|125|2D|S|6|C6
5|17|116|31|76|162|2D|S|7|CT
5|17|251|152|200|154|2D|S|8|C7
5|17|27|28|178|144|3N|N|5|S3
5|18|180|177|222|146|4H|S|10|DJ
5|18|21|236|130|220|4H|N|10|H3
5|18|275|24|10|199|4H|N|11|H3
5|18|262|286|279|172|4H|N|11|D6
5|18|9|159|169|95|3N|S|9|D3
5|18|186|51|175|1|4H|N|10|D6
5|18|117|284|252|125|4H|N|10|H3
5|18|116|31|76|162|4H|N|11|H3
5|18|251|152|200|154|4H|N|10|D6
5|18|27|28|178|144|4H|S|10|DJ
5|19|180|177|222|146|5S|S|11|DA
5|19|21|236|130|220|4H|S|10|C6
5|19|275|24|10|199|5H|N|11|SJ
5|19|262|286|279|172|4H|N|10|CQ
5|19|9|159|169|95|4H|N|10|CQ
5|19|186|51|175|1|6H|N|11|CQ
5|19|117|284|252|125|4S|S|11|DA
5|19|116|31|76|162|4S|S|11|C6
5|19|251|152|200|154|4H|N|10|CQ
5|19|27|28|178|144|4H|N|10|CQ
5|2|156|177|221|146|3N|W|6|S8
5|2|21|236|130|220|3N|W|6|C4
5|2|67|24|207|199|2S|S|8|S2
5|2|262|275|279|10|2N|E|7|SJ
5|2|9|159|169|95|2S|S|9|D7
5|2|186|51|175|1|2N|W|6|S8
5|2|117|116|252|76|2S|S|8|D7
5|2|86|31|20|162|3H|W|7|S8
5|2|179|152|200|154|3N|W|6|C4
5|2|27|28|178|144|3N|W|6|S8
5|20|180|177|222|146|3H|W|9|D5
5|20|21|236|130|220|4S|N|10|HK
5|20|275|24|10|199|4S|N|10|HK
5|20|262|286|279|172|4S|N|10|HK
5|20|9|159|169|95|4S|N|10|HK
5|20|186|51|175|1|4S|N|10|HK
5|20|117|284|252|125|4S|N|9|HK
5|20|116|31|76|162|4S|N|9|HK
5|20|251|152|200|154|3H|W|9|D4
5|20|27|28|178|144|4S|S|9|CA
5|21|180|177|222|146|3S|W|9|HJ
5|21|21|236|130|220|2D|E|8|HA
5|21|275|24|10|199|2D|E|9|S9
5|21|262|286|279|172|2S|W|10|HJ
5|21|9|159|169|95|3D|E|9|S3
5|21|186|51|175|1|2S|W|9|HJ
5|21|117|284|252|125|3D|W|11|SA
5|21|116|31|76|162|3D|E|9|D6
5|21|251|152|200|154|2H|N|6|SK
5|21|27|28|178|144|3D|E|9|HA
5|22|180|177|222|146|5D|W|10|SA
5|22|21|236|130|220|3N|E|9|H8
5|22|275|24|10|199|5D|E|11|S7
5|22|262|286|279|172|6D|E|12|S7
5|22|9|159|169|95|5D|E|10|S7
5|22|186|51|175|1|5D|E|11|S7
5|22|117|284|252|125|4S|W|6|H4
5|22|116|31|76|162|5D|E|11|D2
5|22|251|152|200|154|5D|E|11|HA
5|22|27|28|178|144|5D|E|10|S7
5|23|180|177|222|146|3N|S|11|H7
5|23|21|236|130|220|3N|S|11|H7
5|23|275|24|10|199|3C|S|11|C4
5|23|262|286|279|172|3N|S|10|H7
5|23|9|159|169|95|3N|S|10|H7
5|23|186|51|175|1|3N|S|10|H7
5|23|117|284|252|125|2D|S|10|DJ
5|23|116|31|76|162|2D|S|10|CA
5|23|251|152|200|154|3N|S|9|H7
5|23|27|28|178|144|3D|N|10|H2
5|24|180|177|222|146|1N|E|9|C2
5|24|21|236|130|220|1N|E|9|D5
5|24|275|24|10|199|3S|E|9|D3
5|24|262|286|279|172|3H|N|7|D6
5|24|9|159|169|95|3S|W|9|HA
5|24|186|51|175|1|1N|E|9|C2
5|24|117|284|252|125|2N|E|8|D3
5|24|116|31|76|162|1S|W|9|DT
5|24|251|152|200|154|3H|N|8|C9
5|24|27|28|178|144|3S|E|8|S3
5|25|180|177|222|146|5C|N|11|SK
5|25|21|236|130|220|5C|N|11|SK
5|25|275|24|10|199|5H|W|11|CA
5|25|262|286|279|172|3N|N|8|SK
5|25|9|159|169|95|5H|W|11|CA
5|25|186|51|175|1|6C|N|12|H6
5|25|117|284|252|125|3C|N|10|SK
5|25|116|31|76|162|5C|N|11|H2
5|25|251|152|200|154|6H|E|11|C5
5|25|27|28|178|144|6C|N|12|SK
5|26|180|177|222|146|3H|W|7|CA
5|26|21|236|130|220|2S|E|8|HJ
5|26|275|24|10|199|2H|W|6|CA
5|26|262|286|279|172|3N|S|8|D8
5|26|9|159|169|95|2S|E|8|C5
5|26|186|51|175|1|2H|W|6|CA
5|26|117|284|252|125|2D|E|7|HJ
5|26|116|31|76|162|2S|E|8|HJ
5|26|251|152|200|154|3C|S|9|D8
5|26|27|28|178|144|3N|N|8|DK
5|27|180|177|222|146|3H|W|11|CJ
5|27|21|236|130|220|4H|E|10|D2
5|27|275|24|10|199|4H|E|12|C3
5|27|262|286|279|172|4H|E|11|D2
5|27|9|159|169|95|4H|W|10|CJ
5|27|186|51|175|1|4H|E|12|C2
5|27|117|284|252|125|4H|W|11|DK
5|27|116|31|76|162|4H|W|10|DK
5|27|251|152|200|154|4H|W|9|CJ
5|27|27|28|178|144|4H|E|11|C2
5|28|180|177|222|146|6C|W|12|DA
5|28|21|236|130|220|5H|W|12|DA
5|28|275|24|10|199|4H|W|12|DA
5|28|262|286|279|172|4H|W|12|DA
5|28|9|159|169|95|6H|W|12|DK
5|28|186|51|175|1|4H|W|11|DA
5|28|117|284|252|125|4H|W|12|DA
5|28|116|31|76|162|4H|W|12|DK
5|28|251|152|200|154|6H|W|12|DA
5|28|27|28|178|144|4H|W|12|DA
5|29|180|177|222|146|3N|E|9|H8
5|29|21|236|130|220|3N|E|9|H8
5|29|275|24|10|199|3D|E|8|HA
5|29|262|286|279|172|3N|E|9|H8
5|29|9|159|169|95|3N|E|8|D6
5|29|186|51|175|1|3N|E|9|H6
5|29|117|284|252|125|2N|E|9|H6
5|29|116|31|76|162|2S|N|6|CA
5|29|251|152|200|154|4C|S|10|C4
5|29|27|28|178|144|3D|E|8|HA
5|3|156|177|221|146|7H|N|12|C5
5|3|21|236|130|220|7N|N|13|S4
5|3|67|24|207|199|7H|S|13|D4
5|3|262|275|279|10|7N|N|13|C5
5|3|9|159|169|95|6H|S|12|C7
5|3|186|51|175|1|7H|S|12|S4
5|3|117|116|252|76|6N|N|13|H3
5|3|86|31|20|162|6N|N|13|S2
5|3|179|152|200|154|6N|N|13|H3
5|3|27|28|178|144|7H|S|12|S6
5|30|180|177|222|146|4C|W|10|S7
5|30|21|236|130|220|2C|E|9|SK
5|30|275|24|10|199|3C|E|10|SK
5|30|262|286|279|172|2S|S|6|CK
5|30|9|159|169|95|4C|W|8|S5
5|30|186|51|175|1|3D|S|8|CK
5|30|117|284|252|125|3N|E|11|DJ
5|30|116|31|76|162|3C|E|10|SK
5|30|251|152|200|154|3D|N|8|HK
5|30|27|28|178|144|5D|S|8|CK
5|31|180|177|222|146|4H|N|12|D8
5|31|21|236|130|220|5H|N|12|SK
5|31|275|24|10|199|4H|N|12|C5
5|31|262|286|279|172|4H|N|13|S2
5|31|9|159|169|95|5H|N|13|S4
5|31|186|51|175|1|5H|N|12|S2
5|31|117|284|252|125|4H|N|12|D8
5|31|116|31|76|162|4H|S|12|CA
5|31|251|152|200|154|4H|N|12|S4
5|31|27|28|178|144|4H|N|12|D8
5|32|180|177|222|146|3C|S|8|D8
5|32|21|236|130|220|3H|W|7|CA
5|32|275|24|10|199|2C|N|8|DA
5|32|262|286|279|172|3C|N|9|DA
5|32|9|159|169|95|2C|N|9|DA
5|32|186|51|175|1|3S|W|6|CA
5|32|117|284|252|125|3H|W|7|CA
5|32|116|31|76|162|2C|N|9|DA
5|32|251|152|200|154|3C|N|9|DA
5|32|27|28|178|144|2N|W|6|CK
5|4|156|177|221|146|1N|E|10|S6
5|4|21|236|130|220|3N|W|11|HA
5|4|67|24|207|199|5D|E|11|HA
5|4|262|275|279|10|3N|W|10|H5
5|4|9|159|169|95|3D|E|10|H2
5|4|186|51|175|1|5D|W|10|HA
5|4|117|116|252|76|3N|W|10|H5
5|4|86|31|20|162|3N|W|11|HA
5|4|179|152|200|154|3N|W|10|H5
5|4|27|28|178|144|3N|W|10|HA
5|5|156|177|221|146|3N|S|5|D5
5|5|21|236|130|220|3C|N|8|CT
5|5|67|24|207|199|1N|S|4|D2
5|5|262|275|279|10|1N|E|6|D4
5|5|9|159|169|95|3N|N|9|H6
5|5|186|51|175|1|2N|S|7|D5
5|5|117|116|252|76|1N|S|4|D2
5|5|86|31|20|162|3C|N|8|CT
5|5|179|152|200|154|1N|S|4|D5
5|5|27|28|178|144|1N|E|8|HT
5|6|156|177|221|146|2N|S|8|S6
5|6|21|236|130|220|4S|N|12|S4
5|6|67|24|207|199|2S|S|11|S6
5|6|262|275|279|10|2C|S|9|S6
5|6|9|159|169|95|2S|N|10|S4
5|6|186|51|175|1|4S|N|10|H9
5|6|117|116|252|76|2S|N|10|DA
5|6|86|31|20|162|3C|S|10|S6
5|6|179|152|200|154|3C|S|10|S6
5|6|27|28|178|144|4S|N|10|H9
5|7|156|177|221|146|4H|N|11|DJ
5|7|21|236|130|220|4H|N|11|DJ
5|7|67|24|207|199|4H|N|11|DJ
5|7|262|275|279|10|4H|N|11|C4
5|7|9|159|169|95|4H|N|11|DJ
5|7|186|51|175|1|4H|S|12|HT
5|7|117|116|252|76|4H|N|11|DJ
5|7|86|31|20|162|4H|S|12|CA
5|7|179|152|200|154|4H|S|11|CA
5|7|27|28|178|144|4H|N|11|DJ
5|8|156|177|221|146|3D|E|7|HK
5|8|21|236|130|220|3N|W|5|CJ
5|8|67|24|207|199|3D|E|8|HK
5|8|262|275|279|10|4D|W|9|CJ
5|8|9|159|169|95|3N|S|9|C4
5|8|186|51|175|1|3N|S|9|CK
5|8|117|116|252|76|3N|S|10|D4
5|8|86|31|20|162|2N|S|9|CA
5|8|179|152|200|154|4H|N|7|S5
5|8|27|28|178|144|3N|S|8|D4
5|9|156|177|221|146|4H|N|11|S6
5|9|21|236|130|220|4H|N|12|DT
5|9|67|24|207|199|4H|N|11|S2
5|9|262|275|279|10|4H|N|12|C7
5|9|9|159|169|95|4H|S|12|S3
5|9|186|51|175|1|4H|N|12|S6
5|9|117|116|252|76|4H|N|11|S2
5|9|86|31|20|162|3N|N|10|H2
5|9|179|152|200|154|3N|N|11|S2
5|9|27|28|178|144|4H|N|12|S6
6|1|262|180|279|222|5D|W|12|S3
6|1|156|24|221|199|5D|E|12|S2
6|1|186|286|175|172|5D|E|12|SA
6|1|67|159|207|95|5D|E|11|SA
6|1|122|9|272|169|5D|E|12|SA
6|1|51|152|1|154|6D|E|12|H2
6|1|284|177|125|134|5D|E|12|SA
6|1|130|86|146|20|5D|E|13|HQ
6|1|251|31|200|162|5D|E|12|SA
6|1|117|106|252|3|5D|E|12|SA
6|10|262|180|279|222|5H|N|12|DA
6|10|156|24|221|199|5H|N|12|DA
6|10|186|286|175|172|6S|S|12|D7
6|10|67|159|207|95|6S|S|13|C5
6|10|122|9|272|169|5S|N|12|DA
6|10|51|152|1|154|5D|E|11|SA
6|10|284|177|125|134|4H|N|12|S5
6|10|130|86|146|20|6C|E|12|SA
6|10|251|31|200|162|4S|S|12|D4
6|10|117|106|252|3|4S|S|13|C3
6|11|262|180|279|222|6H|E|11|DQ
6|11|156|24|221|199|7N|W|13|HK
6|11|186|286|175|172|6H|E|11|DQ
6|11|67|159|207|95|3N|E|13|S5
6|11|122|9|272|169|6C|W|13|HK
6|11|51|152|1|154|6H|E|11|C7
6|11|284|177|125|134|6H|E|11|DQ
6|11|130|86|146|20|6C|W|13|HK
6|11|251|31|200|162|6H|E|11|DQ
6|11|117|106|252|3|5H|W|11|S6
6|12|262|180|279|222|6H|N|12|DA
6|12|156|24|221|199|4H|S|11|D3
6|12|186|286|175|172|5C|S|12|D2
6|12|67|159|207|95|6S|N|9|DA
6|12|122|9|272|169|6C|S|12|D2
6|12|51|152|1|154|3D|E|7|HA
6|12|284|177|125|134|6H|S|12|D2
6|12|130|86|146|20|3N|N|13|ST
6|12|251|31|200|162|4H|S|11|D7
6|12|117|106|252|3|5H|S|12|DK
6|13|262|180|279|222|3N|W|12|H6
6|13|156|24|221|199|3N|E|9|SQ
6|13|186|286|175|172|3N|E|9|S3
6|13|67|159|207|95|3D|W|12|H8
6|13|122|9|272|169|3N|E|11|H4
6|13|51|152|1|154|3N|W|11|H7
6|13|284|177|125|134|5D|E|12|S6
6|13|130|86|146|20|2D|W|12|H7
6|13|251|31|200|162|3D|W|12|H6
6|13|117|106|252|3|3N|W|11|H7
6|14|262|180|279|222|2S|S|9|S5
6|14|156|24|221|199|3D|W|9|H3
6|14|186|286|175|172|3H|S|8|C5
6|14|67|159|207|95|2S|N|8|S5
6|14|122|9|272|169|2S|N|6|C2
6|14|51|152|1|154|3D|E|10|H2
6|14|284|177|125|134|2D|W|9|CA
6|14|130|86|146|20|3D|E|9|H2
6|14|251|31|200|162|2S|N|7|S5
6|14|117|106|252|3|2S|N|8|C2
6|15|262|180|279|222|4S|S|6|DA
6|15|156|24|221|199|4S|S|9|DA
6|15|186|286|175|172|2S|S|6|DA
6|15|67|159|207|95|3D|W|9|D2
6|15|122|9|272|169|3N|S|7|DJ
6|15|51|152|1|154|4C|W|9|SJ
6|15|284|177|125|134|3C|W|8|SJ
6|15|130|86|146|20|3S|S|6|DA
6|15|251|31|200|162|4S|S|6|DA
6|15|117|106|252|3|5C|W|11|SJ
6|16|262|180|279|222|3C|N|11|C9
6|16|156|24|221|199|5C|N|11|DA
6|16|186|286|175|172|3C|N|10|DA
6|16|67|159|207|95|3C|N|10|SJ
6|16|122|9|272|169|4C|S|10|DK
6|16|51|152|1|154|3C|N|11|DA
6|16|284|177|125|134|3H|S|9|D3
6|16|130|86|146|20|4C|S|10|DQ
6|16|251|31|200|162|5C|N|10|DA
6|16|117|106|252|3|4D|E|9|SA
6|17|262|180|279|222|4H|W|10|S2
6|17|156|24|221|199|2H|W|11|DA
6|17|186|67|175|207|2H|W|10|DK
6|17|275|159|10|95|2H|W|10|DA
6|17|122|9|272|169|2H|W|10|DK
6|17|51|27|1|178|3D|N|9|H7
6|17|86|177|20|134|3S|E|11|D5
6|17|130|116|146|76|3H|W|11|DA
6|17|28|31|144|162|4S|E|8|D9
6|17|117|106|252|3|5S|E|11|D5
6|18|262|180|279|222|4S|E|9|HK
6|18|156|24|221|199|4S|E|9|HK
6|18|186|67|175|207|2S|W|9|D8
6|18|275|159|10|95|3S|E|9|HK
6|18|122|9|272|169|4S|E|10|D4
6|18|51|27|1|178|4S|E|9|CK
6|18|86|177|20|134|3D|W|8|HT
6|18|130|116|146|76|4S|E|10|HK
6|18|28|31|144|162|5D|W|9|HT
6|18|117|106|252|3|4S|E|9|HK
6|19|262|180|279|222|3N|E|9|D7
6|19|156|24|221|199|3N|E|10|H3
6|19|186|67|175|207|2N|E|9|S9
6|19|275|159|10|95|3N|E|11|H5
6|19|122|9|272|169|6N|E|10|S9
6|19|51|27|1|178|3N|E|10|S9
6|19|86|177|20|134|3N|E|10|S9
6|19|130|116|146|76|4H|E|6|S9
6|19|28|31|144|162|3N|E|9|S9
6|19|117|106|252|3|3N|E|11|H5
6|2|262|180|279|222|4H|N|9|DK
6|2|156|24|221|199|2H|N|10|DK
6|2|186|286|175|172|4H|N|9|DK
6|2|67|159|207|95|2H|N|10|DK
6|2|122|9|272|169|3H|N|10|DK
6|2|51|152|1|154|4H|N|10|DK
6|2|284|177|125|134|4H|N|9|DK
6|2|130|86|146|20|4H|N|10|DQ
6|2|251|31|200|162|4H|N|9|DK
6|2|117|106|252|3|4H|N|9|DQ
6|20|262|180|279|222|4S|N|10|DQ
6|20|156|24|221|199|2S|N|10|C3
6|20|186|67|175|207|3S|N|10|DQ
6|20|275|159|10|95|3N|S|6|D8
6|20|122|9|272|169|4S|N|10|SA
6|20|51|27|1|178|4S|N|10|SA
6|20|86|177|20|134|2S|N|9|DQ
6|20|130|116|146|76|4S|N|10|SA
6|20|28|31|144|162|2S|N|10|C3
6|20|117|106|252|3|2S|N|9|C2
6|21|262|180|279|222|1N|E|7|ST
6|21|156|24|221|199|1N|E|7|H7
6|21|186|67|175|207|2N|S|10|C3
6|21|275|159|10|95|3D|S|9|C3
6|21|122|9|272|169|1N|E|6|DQ
6|21|51|27|1|178|1N|E|6|H3
6|21|86|177|20|134|2D|N|9|SA
6|21|130|116|146|76|1N|E|6|DQ
6|21|28|31|144|162|1H|E|6|ST
6|21|117|106|252|3|2S|W|6|HA
6|22|262|180|279|222|3S|E|8|C4
6|22|156|24|221|199|3C|N|9|HA
6|22|186|67|175|207|3C|N|9|DQ
6|22|275|159|10|95|3C|N|9|DQ
6|22|122|9|272|169|3N|W|8|C5
6|22|51|27|1|178|2N|E|8|DT
6|22|86|177|20|134|2S|E|9|DT
6|22|130|116|146|76|2H|W|7|ST
6|22|28|31|144|162|3D|E|9|C5
6|22|117|106|252|3|4C|N|9|HA
6|23|262|180|279|222|2H|S|8|C5
6|23|156|24|221|199|3N|E|4|CA
6|23|186|67|175|207|3D|N|8|S9
6|23|275|159|10|95|4H|S|10|SA
6|23|122|9|272|169|3H|S|7|C2
6|23|51|27|1|178|3H|S|8|C3
6|23|86|177|20|134|4H|S|10|SA
6|23|130|116|146|76|3N|N|8|S9
6|23|28|31|144|162|3D|N|9|S9
6|23|117|106|252|3|4H|S|8|C3
6|24|262|180|279|222|6H|S|13|DK
6|24|156|24|221|199|6N|N|13|H6
6|24|186|67|175|207|6N|N|12|ST
6|24|275|159|10|95|7C|S|13|DK
6|24|122|9|272|169|6N|N|12|S8
6|24|51|27|1|178|6C|S|13|DK
6|24|86|177|20|134|6C|S|13|H5
6|24|130|116|146|76|5H|N|13|S9
6|24|28|31|144|162|6N|N|13|H9
6|24|117|106|252|3|6N|N|13|H8
6|25|262|180|279|222|6S|N|12|DA
6|25|156|24|221|199|5S|N|12|C5
6|25|186|67|175|207|4S|N|12|C5
6|25|275|159|10|95|4S|N|13|C5
6|25|122|9|272|169|4S|N|12|C3
6|25|51|27|1|178|4S|N|12|C5
6|25|86|177|20|134|6S|S|11|H5
6|25|130|116|146|76|6S|N|13|ST
6|25|28|31|144|162|4S|N|12|ST
6|25|117|106|252|3|6S|N|12|C3
6|26|262|180|279|222|6C|E|11|DK
6|26|156|24|221|199|6H|W|11|DA
6|26|186|67|175|207|6C|E|11|DK
6|26|275|159|10|95|5C|E|11|DK
6|26|122|9|272|169|5C|E|11|DK
6|26|51|27|1|178|4H|W|13|C5
6|26|86|177|20|134|6H|W|11|DA
6|26|130|116|146|76|5C|E|13|H8
6|26|28|31|144|162|4H|W|13|S6
6|26|117|106|252|3|6C|E|11|DK
6|27|262|180|279|222|2D|S|11|H7
6|27|156|24|221|199|2S|N|6|DA
6|27|186|67|175|207|2S|N|7|DA
6|27|275|159|10|95|2H|E|6|DQ
6|27|122|9|272|169|3D|S|9|H9
6|27|51|27|1|178|2D|S|9|CK
6|27|86|177|20|134|3H|W|7|D3
6|27|130|116|146|76|3D|S|10|H5
6|27|28|31|144|162|2D|S|10|H9
6|27|117|106|252|3|1N|S|10|H6
6|28|262|180|279|222|3N|W|9|HQ
6|28|156|24|221|199|3N|W|8|HQ
6|28|186|67|175|207|3H|S|8|DJ
6|28|275|159|10|95|5C|E|10|S4
6|28|122|9|272|169|1N|E|7|H6
6|28|51|27|1|178|3H|S|9|DJ
6|28|86|177|20|134|5C|W|11|HJ
6|28|130|116|146|76|2D|E|10|CQ
6|28|28|31|144|162|5C|W|12|HQ
6|28|117|106|252|3|3N|W|9|HQ
6|29|262|180|279|222|5D|N|10|CQ
6|29|156|24|221|199|5D|S|9|H5
6|29|186|67|175|207|3S|E|9|C9
6|29|275|159|10|95|3N|S|8|S3
6|29|122|9|272|169|3N|S|9|SJ
6|29|51|27|1|178|5D|S|10|S3
6|29|86|177|20|134|3N|S|9|S3
6|29|130|116|146|76|3N|S|8|S3
6|29|28|31|144|162|3N|S|9|SJ
6|29|117|106|252|3|3N|S|6|S9
6|3|262|180|279|222|4H|W|12|D5
6|3|156|24|221|199|4H|W|11|CA
6|3|186|286|175|172|5H|E|12|SQ
6|3|67|159|207|95|4H|W|11|S5
6|3|122|9|272|169|4H|W|10|CA
6|3|51|152|1|154|6H|W|11|D9
6|3|284|177|125|134|4H|W|12|S7
6|3|130|86|146|20|4H|W|11|S2
6|3|251|31|200|162|4H|W|12|S6
6|3|117|106|252|3|4H|W|12|H6
6|30|262|180|279|222|3N|E|9|SJ
6|30|156|24|221|199|3N|E|9|SJ
6|30|186|67|175|207|3N|E|9|SJ
6|30|275|159|10|95|3N|E|8|H5
6|30|122|9|272|169|1N|E|8|D2
6|30|51|27|1|178|1N|E|8|D2
6|30|86|177|20|134|3N|E|9|SJ
6|30|130|116|146|76|3N|W|8|HK
6|30|28|31|144|162|3N|W|8|HK
6|30|117|106|252|3|5C|E|10|SJ
6|31|262|180|279|222|4S|N|12|H3
6|31|156|24|221|199|4S|S|12|HQ
6|31|186|67|175|207|4S|S|12|D5
6|31|275|159|10|95|4S|S|12|D5
6|31|122|9|272|169|4S|S|12|D3
6|31|51|27|1|178|4S|S|11|HQ
6|31|86|177|20|134|4S|S|11|HQ
6|31|130|116|146|76|4S|S|11|HQ
6|31|28|31|144|162|4S|S|12|D5
6|31|117|106|252|3|4S|S|12|D3
6|32|262|180|279|222|4N|N|8|D5
6|32|156|24|221|199|3N|N|10|D2
6|32|186|67|175|207|3N|N|10|D2
6|32|275|159|10|95|3N|N|10|D5
6|32|122|9|272|169|3N|N|10|D2
6|32|51|27|1|178|3N|N|10|D5
6|32|86|177|20|134|3N|N|10|H3
6|32|130|116|146|76|3N|N|10|D2
6|32|28|31|144|162|3N|N|10|H3
6|32|117|106|252|3|3N|N|10|D5
6|4|262|180|279|222|1N|W|9|CQ
6|4|156|24|221|199|3N|W|7|CQ
6|4|186|286|175|172|3N|W|7|CQ
6|4|67|159|207|95|3N|W|8|CQ
6|4|122|9|272|169|3N|W|7|CQ
6|4|51|152|1|154|2C|N|8|SK
6|4|284|177|125|134|3S|E|9|D3
6|4|130|86|146|20|3N|W|7|CQ
6|4|251|31|200|162|2C|N|8|D8
6|4|117|106|252|3|2D|W|7|CQ
6|5|262|180|279|222|4S|S|12|C6
6|5|156|24|221|199|6H|N|13|CA
6|5|186|286|175|172|7H|N|13|DT
6|5|67|159|207|95|6S|N|12|DT
6|5|122|9|272|169|5D|W|11|HA
6|5|51|152|1|154|6H|N|13|CA
6|5|284|177|125|134|7S|S|11|C6
6|5|130|86|146|20|6S|S|12|CJ
6|5|251|31|200|162|6S|S|12|H4
6|5|117|106|252|3|6H|N|13|CA
6|6|262|180|279|222|2D|W|9|HA
6|6|156|24|221|199|2D|W|8|C4
6|6|186|286|175|172|1N|E|7|C2
6|6|67|159|207|95|1N|E|7|C2
6|6|122|9|272|169|1N|E|6|C2
6|6|51|152|1|154|1N|E|6|C2
6|6|284|177|125|134|1N|E|9|C6
6|6|130|86|146|20|1D|W|8|HA
6|6|251|31|200|162|1S|S|6|DA
6|6|117|106|252|3|1N|W|9|S3
6|7|262|180|279|222|3H|S|9|HJ
6|7|156|24|221|199|4C|W|9|HA
6|7|186|286|175|172|3H|S|9|C6
6|7|67|159|207|95|3H|S|11|S5
6|7|122|9|272|169|3H|S|9|C6
6|7|51|152|1|154|3H|S|9|C4
6|7|284|177|125|134|3H|S|9|S5
6|7|130|86|146|20|3C|W|10|HA
6|7|251|31|200|162|4H|S|9|DA
6|7|117|106|252|3|3H|S|9|C6
6|8|262|180|279|222|5D|S|11|S3
6|8|156|24|221|199|5D|N|11|CJ
6|8|186|286|175|172|5D|S|11|S6
6|8|67|159|207|95|5S|E|11|CK
6|8|122|9|272|169|5H|E|11|CK
6|8|51|152|1|154|5D|S|11|S3
6|8|284|177|125|134|5S|E|10|DA
6|8|130|86|146|20|5D|S|11|S6
6|8|251|31|200|162|4S|E|10|HT
6|8|117|106|252|3|6D|N|12|CJ
6|9|262|180|279|222|3N|W|9|H3
6|9|156|24|221|199|3N|W|11|D6
6|9|186|286|175|172|3N|E|9|H6
6|9|67|159|207|95|3N|E|9|H5
6|9|122|9|272|169|4S|W|8|H6
6|9|51|152|1|154|4D|N|10|S8
6|9|284|177|125|134|3N|E|9|H7
6|9|130|86|146|20|3S|W|7|CT
6|9|251|31|200|162|4S|W|8|H3
6|9|117|106|252|3|4S|W|10|SJ
7|1|156|126|221|95|5C|W|11|HA
7|1|186|180|175|222|5H|N|10|CQ
7|1|275|9|10|169|5CX|E|11|S2
7|1|51|286|1|172|5H|N|10|CQ
7|1|262|284|279|125|4H|N|10|CQ
7|1|116|30|76|19|5H|N|10|SK
7|1|177|106|130|3|6H|N|10|CJ
7|1|179|215|200|134|4H|N|10|CQ
7|1|117|152|252|154|5C|W|11|HA
7|1|122|31|272|162|4H|N|10|CQ
7|10|156|126|221|95|2N|N|7|S2
7|10|186|180|175|222|3N|N|7|SA
7|10|275|9|10|169|3N|N|8|S2
7|10|51|286|1|172|2N|N|7|S2
7|10|262|284|279|125|3N|N|10|H3
7|10|116|30|76|19|3N|N|10|H2
7|10|177|106|130|3|3H|E|7|CA
7|10|179|215|200|134|3N|S|9|DQ
7|10|117|152|252|154|3N|N|9|H4
7|10|122|31|272|162|2N|N|7|S2
7|11|156|126|221|95|2S|N|9|HQ
7|11|186|180|175|222|3N|E|6|S3
7|11|275|9|10|169|3S|S|9|DA
7|11|51|286|1|172|3S|N|9|HQ
7|11|262|284|279|125|2S|N|9|D3
7|11|116|30|76|19|2S|S|8|H5
7|11|177|106|130|3|3S|N|9|DT
7|11|179|215|200|134|4H|W|8|HA
7|11|117|152|252|154|3N|E|6|S3
7|11|122|31|272|162|2H|W|9|D4
7|12|156|126|221|95|3N|E|10|H6
7|12|186|180|175|222|5D|W|12|H4
7|12|275|9|10|169|5D|W|12|C3
7|12|51|286|1|172|3N|W|12|S5
7|12|262|284|279|125|5D|W|12|H3
7|12|116|30|76|19|3N|W|13|S2
7|12|177|106|130|3|5D|E|12|C6
7|12|179|215|200|134|6D|W|11|H3
7|12|117|152|252|154|3N|W|13|S5
7|12|122|31|272|162|3N|E|12|C6
7|13|156|126|221|95|3D|N|9|S3
7|13|186|180|175|222|4D|N|9|S4
7|13|275|9|10|169|3S|W|8|D3
7|13|51|286|1|172|3D|N|9|S2
7|13|262|284|279|125|3S|W|8|C7
7|13|116|30|76|19|3D|N|9|S2
7|13|177|106|130|3|3C|S|9|HA
7|13|179|215|200|134|4D|N|9|S2
7|13|117|152|252|154|3S|W|8|HQ
7|13|122|31|272|162|3D|N|9|S3
7|14|156|126|221|95|2H|W|8|D4
7|14|186|180|175|222|3H|E|9|D4
7|14|275|9|10|169|3S|W|9|S8
7|14|51|286|1|172|3H|E|9|DK
7|14|262|284|279|125|4H|E|9|DK
7|14|116|30|76|19|1S|E|8|DK
7|14|177|106|130|3|2C|E|7|S3
7|14|179|215|200|134|4H|E|9|DK
7|14|117|152|252|154|4H|E|9|DK
7|14|122|31|272|162|3H|E|10|H5
7|15|156|126|221|95|4H|S|11|DT
7|15|186|180|175|222|6H|S|11|H4
7|15|275|9|10|169|4H|S|12|DT
7|15|51|286|1|172|3N|N|12|DQ
7|15|262|284|279|125|6H|N|12|DQ
7|15|116|30|76|19|4H|N|12|DQ
7|15|177|106|130|3|6H|N|12|DJ
7|15|179|215|200|134|6H|N|12|DQ
7|15|117|152|252|154|6H|S|12|DT
7|15|122|31|272|162|4H|S|12|DT
7|16|156|126|221|95|4H|S|10|CA
7|16|186|180|175|222|4H|N|10|DA
7|16|275|9|10|169|2H|S|9|CA
7|16|51|286|1|172|4H|S|9|CA
7|16|262|284|279|125|3H|N|9|DK
7|16|116|30|76|19|3H|N|9|DA
7|16|177|106|130|3|3H|S|9|CA
7|16|179|215|200|134|3S|W|9|C4
7|16|117|152|252|154|3H|N|9|DA
7|16|122|31|272|162|3H|N|9|DA
7|17|156|126|221|95|2N|W|10|H3
7|17|186|180|175|222|3N|W|8|C3
7|17|286|9|172|169|2N|E|8|C7
7|17|51|67|1|207|3D|E|10|D5
7|17|24|284|199|125|2D|E|10|C2
7|17|86|30|20|19|3N|E|8|C7
7|17|177|106|130|3|3N|W|7|C3
7|17|251|215|200|134|2N|E|8|C7
7|17|117|122|252|272|2N|W|8|CQ
7|17|27|31|178|162|3D|E|10|C2
7|18|156|126|221|95|5C|S|12|H9
7|18|186|180|175|222|5H|S|10|CK
7|18|286|9|172|169|4H|E|12|CA
7|18|51|67|1|207|6C|S|10|HK
7|18|24|284|199|125|6C|S|12|HK
7|18|86|30|20|19|5H|E|12|CK
7|18|177|106|130|3|6C|S|12|HK
7|18|251|215|200|134|5C|S|11|H2
7|18|117|122|252|272|5C|S|12|H9
7|18|27|31|178|162|5H|E|11|CK
7|19|156|126|221|95|3D|E|7|CA
7|19|186|180|175|222|3C|S|10|DA
7|19|286|9|172|169|3C|S|10|DA
7|19|51|67|1|207|2N|N|6|DJ
7|19|24|284|199|125|3C|S|9|HA
7|19|86|30|20|19|3C|S|8|HA
7|19|177|106|130|3|3C|S|10|C2
7|19|251|215|200|134|3N|N|7|DJ
7|19|117|122|252|272|1N|N|4|H7
7|19|27|31|178|162|3N|N|6|DJ
7|2|156|126|221|95|4H|E|12|CQ
7|2|186|180|175|222|5H|W|13|S7
7|2|275|9|10|169|6H|E|13|CQ
7|2|51|286|1|172|4H|W|12|D2
7|2|262|284|279|125|3N|E|12|CQ
7|2|116|30|76|19|4H|E|13|CQ
7|2|177|106|130|3|4H|E|12|CQ
7|2|179|215|200|134|6H|E|11|CQ
7|2|117|152|252|154|6H|E|13|DT
7|2|122|31|272|162|4H|W|12|D2
7|20|156|126|221|95|2N|N|10|C2
7|20|186|180|175|222|3N|S|9|H4
7|20|286|9|172|169|3N|S|10|H6
7|20|51|67|1|207|3N|S|10|H6
7|20|24|284|199|125|3N|N|9|HT
7|20|86|30|20|19|4S|N|9|HT
7|20|177|106|130|3|3N|N|10|C2
7|20|251|215|200|134|3N|S|9|H6
7|20|117|122|252|272|3N|S|9|H6
7|20|27|31|178|162|3N|S|9|H6
7|21|156|126|221|95|1N|N|5|H5
7|21|186|180|175|222|3N|W|9|CK
7|21|286|9|172|169|3N|W|10|H3
7|21|51|67|1|207|1N|N|4|H6
7|21|24|284|199|125|3H|W|10|D6
7|21|86|30|20|19|1N|N|3|H5
7|21|177|106|130|3|2S|S|5|S7
7|21|251|215|200|134|3C|S|9|S8
7|21|117|122|252|272|3N|W|9|H3
7|21|27|31|178|162|2C|N|8|SA
7|22|156|126|221|95|4H|E|11|ST
7|22|186|180|175|222|4H|E|11|DQ
7|22|286|9|172|169|4H|E|11|DQ
7|22|51|67|1|207|2S|S|8|D6
7|22|24|284|199|125|4S|S|9|H4
7|22|86|30|20|19|4H|E|12|S2
7|22|177|106|130|3|4H|E|11|C3
7|22|251|215|200|134|4S|S|10|H3
7|22|117|122|252|272|4H|E|10|DQ
7|22|27|31|178|162|4H|W|10|SK
7|23|156|126|221|95|3C|N|7|H5
7|23|186|180|175|222|3N|S|9|H6
7|23|286|9|172|169|3N|N|9|D5
7|23|51|67|1|207|3N|N|7|D6
7|23|24|284|199|125|3N|N|8|H3
7|23|86|30|20|19|3N|N|7|H2
7|23|177|106|130|3|3N|N|8|H2
7|23|251|215|200|134|3N|N|9|H3
7|23|117|122|252|272|3N|N|8|H2
7|23|27|31|178|162|3N|N|8|CT
7|24|156|126|221|95|3D|N|11|CA
7|24|186|180|175|222|4D|N|9|HT
7|24|286|9|172|169|5D|N|10|SJ
7|24|51|67|1|207|3D|N|10|HT
7|24|24|284|199|125|4S|N|7|DJ
7|24|86|30|20|19|4D|N|9|HT
7|24|177|106|130|3|1N|N|7|CJ
7|24|251|215|200|134|3N|N|6|SJ
7|24|117|122|252|272|3N|S|7|S6
7|24|27|31|178|162|1N|N|11|SJ
7|25|156|126|221|95|5H|S|11|CT
7|25|186|180|175|222|6N|N|9|D7
7|25|286|9|172|169|3N|N|11|S5
7|25|51|67|1|207|6N|N|11|D6
7|25|24|284|199|125|6N|N|11|S5
7|25|86|30|20|19|6N|N|11|D2
7|25|177|106|130|3|6N|N|12|HT
7|25|251|215|200|134|6N|N|11|C4
7|25|117|122|252|272|3N|N|11|C7
7|25|27|31|178|162|4N|N|11|HT
7|26|156|126|221|95|3N|E|10|S4
7|26|186|180|175|222|3N|E|10|C9
7|26|286|9|172|169|3N|E|10|H5
7|26|51|67|1|207|3N|E|11|S2
7|26|24|284|199|125|3N|E|10|S3
7|26|86|30|20|19|3N|E|12|C8
7|26|177|106|130|3|3N|E|11|H6
7|26|251|215|200|134|3N|E|9|H8
7|26|117|122|252|272|3N|E|11|H5
7|26|27|31|178|162|3N|E|11|S3
7|27|156|126|221|95|3N|E|9|C5
7|27|186|180|175|222|3N|E|9|ST
7|27|286|9|172|169|3N|W|9|HJ
7|27|51|67|1|207|3N|E|9|ST
7|27|24|284|199|125|3N|E|10|ST
7|27|86|30|20|19|3N|E|9|CT
7|27|177|106|130|3|3N|E|9|H9
7|27|251|215|200|134|3N|E|11|H8
7|27|117|122|252|272|3N|E|9|C8
7|27|27|31|178|162|3N|E|9|CJ
7|28|156|126|221|95|3H|S|9|S3
7|28|186|180|175|222|4H|S|8|C2
7|28|286|9|172|169|1S|E|8|HK
7|28|51|67|1|207|4H|N|9|CK
7|28|24|284|199|125|2H|N|9|H2
7|28|86|30|20|19|2S|W|6|CT
7|28|177|106|130|3|3H|S|9|C3
7|28|251|215|200|134|3H|S|9|S2
7|28|117|122|252|272|1H|S|9|C2
7|28|27|31|178|162|4H|S|10|C3
7|29|156|126|221|95|1N|E|7|H2
7|29|186|180|175|222|1N|E|8|H3
7|29|286|9|172|169|1N|N|6|C2
7|29|51|67|1|207|1N|E|6|H3
7|29|24|284|199|125|2H|N|7|C4
7|29|86|30|20|19|1H|S|7|C5
7|29|177|106|130|3|1N|E|6|H3
7|29|251|215|200|134|2C|E|7|S6
7|29|117|122|252|272|2N|N|7|C3
7|29|27|31|178|162|2S|N|9|CA
7|3|156|126|221|95|4S|S|10|CQ
7|3|186|180|175|222|4S|S|10|DA
7|3|275|9|10|169|4S|N|9|HA
7|3|51|286|1|172|4S|S|9|CQ
7|3|262|284|279|125|4S|S|11|CQ
7|3|116|30|76|19|4S|S|10|CQ
7|3|177|106|130|3|4S|S|10|CJ
7|3|179|215|200|134|5H|S|9|DA
7|3|117|152|252|154|4S|S|10|CQ
7|3|122|31|272|162|4H|N|8|CA
7|30|156|126|221|95|3N|E|12|CJ
7|30|186|180|175|222|6D|W|11|HK
7|30|286|9|172|169|3N|E|12|CJ
7|30|51|67|1|207|6N|E|12|CJ
7|30|24|284|199|125|4S|W|12|HK
7|30|86|30|20|19|4N|E|13|CJ
7|30|177|106|130|3|3N|E|12|CJ
7|30|251|215|200|134|3N|E|12|CJ
7|30|117|122|252|272|3N|E|12|CJ
7|30|27|31|178|162|3N|E|12|CJ
7|31|156|126|221|95|4H|S|11|S4
7|31|186|180|175|222|4S|W|10|H5
7|31|286|9|172|169|4H|S|12|SJ
7|31|51|67|1|207|3H|S|11|S4
7|31|24|284|199|125|4H|S|11|CJ
7|31|86|30|20|19|4H|S|11|SJ
7|31|177|106|130|3|4S|W|10|H6
7|31|251|215|200|134|5H|N|11|CA
7|31|117|122|252|272|4H|S|10|SJ
7|31|27|31|178|162|4H|S|11|DA
7|32|156|126|221|95|4H|E|10|D3
7|32|186|180|175|222|3N|E|8|D6
7|32|286|9|172|169|4S|E|11|CT
7|32|51|67|1|207|4S|E|11|CT
7|32|24|284|199|125|4S|W|9|S2
7|32|86|30|20|19|4S|W|12|D2
7|32|177|106|130|3|4S|W|9|S2
7|32|251|215|200|134|6N|W|10|C3
7|32|117|122|252|272|5C|E|9|H3
7|32|27|31|178|162|4S|W|9|H7
7|4|156|126|221|95|4S|S|10|CQ
7|4|186|180|175|222|4S|N|10|D3
7|4|275|9|10|169|4S|N|10|ST
7|4|51|286|1|172|4S|N|10|D9
7|4|262|284|279|125|4S|S|10|C9
7|4|116|30|76|19|4S|N|10|ST
7|4|177|106|130|3|4S|N|10|S4
7|4|179|215|200|134|4S|N|10|S4
7|4|117|152|252|154|5S|N|10|ST
7|4|122|31|272|162|4S|S|10|H2
7|5|156|126|221|95|4S|S|9|HA
7|5|186|180|175|222|5C|N|10|S4
7|5|275|9|10|169|4S|S|10|HA
7|5|51|286|1|172|4S|S|10|HA
7|5|262|284|279|125|4H|E|10|CA
7|5|116|30|76|19|3N|N|7|H5
7|5|177|106|130|3|4S|S|10|HA
7|5|179|215|200|134|3N|S|7|HA
7|5|117|152|252|154|4C|N|9|S4
7|5|122|31|272|162|5C|N|10|S4
7|6|156|126|221|95|3N|N|6|SA
7|6|186|180|175|222|5C|N|11|SA
7|6|275|9|10|169|3C|N|10|SK
7|6|51|286|1|172|5C|N|11|SA
7|6|262|284|279|125|5D|S|9|HK
7|6|116|30|76|19|3D|S|9|S8
7|6|177|106|130|3|5C|N|11|SK
7|6|179|215|200|134|4C|S|11|S8
7|6|117|152|252|154|4D|S|10|S2
7|6|122|31|272|162|3C|N|10|SA
7|7|156|126|221|95|4S|S|9|HK
7|7|186|180|175|222|5S|S|11|HK
7|7|275|9|10|169|4S|S|10|HA
7|7|51|286|1|172|5H|E|11|C6
7|7|262|284|279|125|4H|W|10|S8
7|7|116|30|76|19|4H|W|9|S9
7|7|177|106|130|3|5S|S|11|S5
7|7|179|215|200|134|4H|E|10|C6
7|7|117|152|252|154|5S|S|11|DT
7|7|122|31|272|162|4H|E|10|C6
7|8|156|126|221|95|2S|W|8|DA
7|8|186|180|175|222|2S|W|9|DA
7|8|275|9|10|169|3S|W|8|DQ
7|8|51|286|1|172|1S|W|7|DA
7|8|262|284|279|125|3S|W|8|DA
7|8|116|30|76|19|3S|W|8|DA
7|8|177|106|130|3|3S|W|8|DA
7|8|179|215|200|134|2S|W|9|DK
7|8|117|152|252|154|2S|W|8|DA
7|8|122|31|272|162|2S|W|9|DK
7|9|156|126|221|95|4S|S|10|CQ
7|9|186|180|175|222|4S|S|10|CQ
7|9|275|9|10|169|4S|S|10|CQ
7|9|51|286|1|172|4S|S|10|CQ
7|9|262|284|279|125|2C|E|8|HK
7|9|116|30|76|19|3S|N|10|C6
7|9|177|106|130|3|4S|S|10|CJ
7|9|179|215|200|134|4S|N|9|DA
7|9|117|152|252|154|4S|S|10|CQ
7|9|122|31|272|162|4S|S|9|D7
8|1|9|180|169|222|2D|E|9|HK
8|1|156|51|221|1|3N|E|9|HK
8|1|27|275|178|10|3C|E|10|HK
8|1|67|152|207|154|2N|W|9|HK
8|1|116|126|76|95|3C|E|9|HK
8|1|186|86|175|20|2H|N|6|D6
8|1|251|24|200|199|2H|S|6|C2
8|1|262|106|279|3|1N|E|9|HK
8|1|117|177|252|146|3C|E|10|HK
8|1|215|31|130|162|3C|E|9|HK
8|10|9|180|169|222|3N|S|10|H7
8|10|156|51|221|1|3N|N|8|H9
8|10|27|275|178|10|3N|S|8|H7
8|10|67|152|207|154|3N|S|8|H7
8|10|116|126|76|95|3N|N|8|H3
8|10|186|86|175|20|3N|S|10|H7
8|10|251|24|200|199|3N|S|8|H6
8|10|262|106|279|3|3N|S|8|H9
8|10|117|177|252|146|3N|S|8|H5
8|10|215|31|130|162|3N|S|10|H7
8|11|9|180|169|222|3N|W|11|H3
8|11|156|51|221|1|3N|W|12|D6
8|11|27|275|178|10|6D|E|12|S3
8|11|67|152|207|154|6D|E|12|S3
8|11|116|126|76|95|6D|E|12|H5
8|11|186|86|175|20|3N|E|11|S4
8|11|251|24|200|199|6N|W|12|D8
8|11|262|106|279|3|3N|W|13|H3
8|11|117|177|252|146|3N|W|12|H3
8|11|215|31|130|162|6D|W|11|D6
8|12|9|180|169|222|3N|S|11|C6
8|12|156|51|221|1|3N|S|11|H3
8|12|27|275|178|10|3N|S|10|H3
8|12|67|152|207|154|3N|S|9|H3
8|12|116|126|76|95|2N|S|11|C6
8|12|186|86|175|20|3N|S|9|C2
8|12|251|24|200|199|4H|N|8|D7
8|12|262|106|279|3|3N|S|9|C6
8|12|117|177|252|146|3N|S|9|C2
8|12|215|31|130|162|4H|N|7|C5
8|13|9|180|169|222|3H|E|7|ST
8|13|156|51|221|1|3H|E|6|ST
8|13|27|275|178|10|3N|E|8|ST
8|13|67|152|207|154|4C|W|11|H3
8|13|116|126|76|95|2N|W|8|CJ
8|13|186|86|175|20|3C|W|11|SA
8|13|251|24|200|199|3N|W|8|SA
8|13|262|106|279|3|3H|E|7|ST
8|13|117|177|252|146|3C|W|11|DA
8|13|215|31|130|162|3C|W|11|SA
8|14|9|180|169|222|2H|W|10|CQ
8|14|156|51|221|1|4H|E|10|C9
8|14|27|275|178|10|4H|W|11|H4
8|14|67|152|207|154|4H|W|10|CQ
8|14|116|126|76|95|2S|S|6|H5
8|14|186|86|175|20|3H|W|10|CQ
8|14|251|24|200|199|4H|W|11|CQ
8|14|262|106|279|3|4H|W|10|CQ
8|14|117|177|252|146|4H|E|10|H9
8|14|215|31|130|162|3H|E|10|C9
8|15|9|180|169|222|1N|W|6|H8
8|15|156|51|221|1|2H|N|8|C2
8|15|27|275|178|10|1N|W|6|HJ
8|15|67|152|207|154|2D|W|8|CA
8|15|116|126|76|95|1N|W|6|H6
8|15|186|86|175|20|3N|W|5|H7
8|15|251|24|200|199|2S|S|6|C3
8|15|262|106|279|3|1N|W|5|H7
8|15|117|177|252|146|2S|S|7|DA
8|15|215|31|130|162|1N|E|5|HQ
8|16|9|180|169|222|3N|W|11|D9
8|16|156|51|221|1|3N|W|10|D9
8|16|27|275|178|10|3N|W|9|HQ
8|16|67|152|207|154|3N|W|9|D4
8|16|116|126|76|95|3N|W|10|D9
8|16|186|86|175|20|3N|E|11|C3
8|16|251|24|200|199|3N|W|9|HQ
8|16|262|106|279|3|3N|W|9|D6
8|16|117|177|252|146|3N|W|10|D9
8|16|215|31|130|162|3N|W|11|D9
8|2|9|180|169|222|5C|E|11|S7
8|2|156|51|221|1|5C|E|11|DK
8|2|27|275|178|10|4S|E|8|DK
8|2|67|152|207|154|3N|W|10|ST
8|2|116|126|76|95|5C|E|11|S7
8|2|186|86|175|20|4C|E|11|S7
8|2|251|24|200|199|3N|W|10|ST
8|2|262|106|279|3|3N|W|10|ST
8|2|117|177|252|146|3C|E|11|S7
8|2|215|31|130|162|3C|E|11|S7
8|3|9|180|169|222|6S|E|12|HK
8|3|156|51|221|1|4S|E|12|H5
8|3|27|275|178|10|4S|E|12|H5
8|3|67|152|207|154|5S|E|12|H2
8|3|116|126|76|95|4S|E|12|H5
8|3|186|86|175|20|4H|N|10|CT
8|3|251|24|200|199|6S|E|12|C6
8|3|262|106|279|3|6H|N|12|HJ
8|3|117|177|252|146|4S|E|12|H2
8|3|215|31|130|162|4S|E|11|C3
8|4|9|180|169|222|2N|W|5|S4
8|4|156|51|221|1|2D|W|9|ST
8|4|27|275|178|10|2S|N|6|D6
8|4|67|152|207|154|2D|W|10|S2
8|4|116|126|76|95|2H|E|7|SQ
8|4|186|86|175|20|2H|E|7|C9
8|4|251|24|200|199|2S|N|8|CT
8|4|262|106|279|3|3D|W|8|S4
8|4|117|177|252|146|2D|W|9|ST
8|4|215|31|130|162|3D|W|9|S4
8|5|9|180|169|222|5C|E|11|DK
8|5|156|51|221|1|5C|E|11|DA
8|5|27|275|178|10|5C|E|11|DA
8|5|67|152|207|154|4H|N|10|DQ
8|5|116|126|76|95|4H|N|10|DQ
8|5|186|86|175|20|4H|N|11|SQ
8|5|251|24|200|199|4H|N|11|SK
8|5|262|106|279|3|5C|E|11|DA
8|5|117|177|252|146|4H|N|10|DQ
8|5|215|31|130|162|3C|E|10|C7
8|6|9|180|169|222|5C|E|12|H9
8|6|156|51|221|1|3N|E|11|S2
8|6|27|275|178|10|6C|E|12|S2
8|6|67|152|207|154|3N|E|11|S2
8|6|116|126|76|95|3N|E|11|S2
8|6|186|86|175|20|3S|N|9|HA
8|6|251|24|200|199|5C|E|12|S3
8|6|262|106|279|3|4S|S|10|CT
8|6|117|177|252|146|3N|E|12|S3
8|6|215|31|130|162|3N|E|11|S5
8|7|9|180|169|222|7S|N|12|S5
8|7|156|51|221|1|4S|N|12|DQ
8|7|27|275|178|10|6S|N|12|S5
8|7|67|152|207|154|6S|N|12|C9
8|7|116|126|76|95|4H|N|12|DQ
8|7|186|86|175|20|4S|N|12|DJ
8|7|251|24|200|199|4S|N|12|DQ
8|7|262|106|279|3|6S|N|12|S7
8|7|117|177|252|146|4S|N|11|HQ
8|7|215|31|130|162|6S|N|12|S8
8|8|9|180|169|222|5H|E|11|SA
8|8|156|51|221|1|3S|S|9|H3
8|8|27|275|178|10|5H|E|11|SA
8|8|67|152|207|154|5H|E|9|SA
8|8|116|126|76|95|3S|S|9|C3
8|8|186|86|175|20|4S|S|9|C3
8|8|251|24|200|199|4S|S|9|DA
8|8|262|106|279|3|3S|S|9|H5
8|8|117|177|252|146|3S|S|8|H3
8|8|215|31|130|162|3S|S|8|HT
8|9|9|180|169|222|3N|N|10|H8
8|9|156|51|221|1|2D|N|11|HA
8|9|27|275|178|10|3N|N|10|H9
8|9|67|152|207|154|1N|N|8|S6
8|9|116|126|76|95|3N|N|8|S6
8|9|186|86|175|20|3N|N|10|H8
8|9|251|24|200|199|3N|N|10|H2
8|9|262|106|279|3|3N|N|9|HA
8|9|117|177|252|146|1N|N|10|H8
8|9|215|31|130|162|3N|N|9|H2
9|1|156|286|221|172|4S|S|11|D9
9|1|67|180|207|222|4S|E|10|C5
9|1|9|284|169|125|3S|S|12|D9
9|1|86|51|20|1|5D|E|11|H6
9|1|186|106|175|3|5S|S|11|D2
9|1|251|126|200|95|4S|S|12|D9
9|1|262|31|279|162|4S|S|12|D9
9|1|117|30|252|19|4S|S|11|D2
9|1|130|152|146|154|5C|N|11|DA
9|1|122|177|272|134|4S|S|11|D9
9|10|156|286|221|172|2H|E|8|SJ
9|10|67|180|207|222|3D|N|7|SA
9|10|9|284|169|125|2S|N|6|SK
9|10|86|51|20|1|2H|E|8|ST
9|10|186|106|175|3|3D|N|6|H9
9|10|251|126|200|95|3D|N|8|SA
9|10|262|31|279|162|3D|N|6|SA
9|10|117|30|252|19|1N|E|7|C7
9|10|130|152|146|154|2H|E|8|SJ
9|10|122|177|272|134|1N|E|7|CT
9|11|156|286|221|172|4H|S|10|S7
9|11|67|180|207|222|4S|N|11|S3
9|11|9|284|169|125|5C|E|11|HQ
9|11|86|51|20|1|4S|N|11|S2
9|11|186|106|175|3|4S|N|11|S2
9|11|251|126|200|95|3N|S|10|D3
9|11|262|31|279|162|4H|N|10|S3
9|11|117|30|252|19|4S|N|9|S2
9|11|130|152|146|154|4S|N|10|S2
9|11|122|177|272|134|4H|N|11|S2
9|12|156|286|221|172|3S|S|10|DT
9|12|67|180|207|222|5C|E|11|SK
9|12|9|284|169|125|5C|W|11|SJ
9|12|86|51|20|1|3C|W|10|SJ
9|12|186|106|175|3|5C|E|11|C7
9|12|251|126|200|95|5C|E|11|SJ
9|12|262|31|279|162|4S|S|10|DT
9|12|117|30|252|19|3S|S|9|DT
9|12|130|152|146|154|2C|E|8|SA
9|12|122|177|272|134|5C|E|11|C8
9|13|156|286|221|172|3H|S|9|D3
9|13|67|180|207|222|2H|S|8|D5
9|13|9|284|169|125|1N|N|7|D5
9|13|86|51|20|1|2H|S|8|D3
9|13|186|106|175|3|2S|W|8|H2
9|13|251|126|200|95|3N|S|9|D6
9|13|262|31|279|162|2H|S|8|D5
9|13|117|30|252|19|2H|S|7|D3
9|13|130|152|146|154|1N|S|8|D3
9|13|122|177|272|134|2H|S|9|D3
9|14|156|286|221|172|4S|S|11|D7
9|14|67|180|207|222|4S|S|10|CT
9|14|9|284|169|125|3N|N|11|CK
9|14|86|51|20|1|4H|N|10|CK
9|14|186|106|175|3|4S|S|11|S2
9|14|251|126|200|95|6H|N|10|CA
9|14|262|31|279|162|4S|S|10|H9
9|14|117|30|252|19|4S|S|10|CT
9|14|130|152|146|154|4S|S|10|CT
9|14|122|177|272|134|3S|S|10|C2
9|15|156|286|221|172|2H|N|6|SJ
9|15|67|180|207|222|2S|E|7|CA
9|15|9|284|169|125|2N|W|4|CQ
9|15|86|51|20|1|3C|S|9|S6
9|15|186|106|175|3|3N|N|9|S5
9|15|251|126|200|95|3D|W|9|CQ
9|15|262|31|279|162|3C|S|9|S7
9|15|117|30|252|19|3C|S|9|S6
9|15|130|152|146|154|3D|W|9|CQ
9|15|122|177|272|134|3S|E|8|CK
9|16|156|286|221|172|3D|N|10|HQ
9|16|67|180|207|222|5C|S|11|C4
9|16|9|284|169|125|3D|N|11|HQ
9|16|86|51|20|1|4C|S|10|H4
9|16|186|106|175|3|3C|S|11|H4
9|16|251|126|200|95|3D|N|12|HQ
9|16|262|31|279|162|3N|N|7|HQ
9|16|117|30|252|19|4C|S|10|H4
9|16|130|152|146|154|3D|N|12|HQ
9|16|122|177|272|134|5C|S|10|H4
9|17|156|275|221|10|4H|E|10|SJ
9|17|67|180|207|222|3N|E|10|C3
9|17|9|116|169|76|4H|W|10|CA
9|17|86|51|20|1|4H|E|10|HQ
9|17|186|106|175|3|4H|W|11|H2
9|17|179|126|200|95|4H|W|10|CA
9|17|262|31|279|162|4H|E|10|C3
9|17|117|24|252|199|4H|W|10|H2
9|17|130|122|146|272|3N|E|10|SJ
9|17|27|177|178|134|3N|E|12|C3
9|18|156|275|221|10|4S|S|9|D4
9|18|67|180|207|222|4S|S|9|DK
9|18|9|116|169|76|4S|N|8|H4
9|18|86|51|20|1|4S|S|8|D2
9|18|186|106|175|3|3N|N|10|D3
9|18|179|126|200|95|4S|S|8|D4
9|18|262|31|279|162|4S|S|9|D4
9|18|117|24|252|199|4S|S|9|D4
9|18|130|122|146|272|4S|S|9|D2
9|18|27|177|178|134|3S|S|9|D4
9|19|156|275|221|10|5C|N|11|DK
9|19|67|180|207|222|4H|W|10|CK
9|19|9|116|169|76|5C|N|11|DK
9|19|86|51|20|1|4D|E|8|CJ
9|19|186|106|175|3|4H|W|9|CK
9|19|179|126|200|95|5C|N|11|DK
9|19|262|31|279|162|5C|N|11|DK
9|19|117|24|252|199|5C|N|11|C3
9|19|130|122|146|272|5C|N|11|DK
9|19|27|177|178|134|4H|E|10|CJ
9|2|156|286|221|172|4S|W|11|S8
9|2|67|180|207|222|6S|W|12|C6
9|2|9|284|169|125|6S|W|11|S2
9|2|86|51|20|1|3N|E|10|HK
9|2|186|106|175|3|4S|W|12|S8
9|2|251|126|200|95|4S|W|11|S2
9|2|262|31|279|162|4S|W|12|H4
9|2|117|30|252|19|6S|W|12|H2
9|2|130|152|146|154|6S|W|12|H4
9|2|122|177|272|134|6S|W|13|H6
9|20|156|275|221|10|4H|E|12|HT
9|20|67|180|207|222|6H|W|11|H2
9|20|9|116|169|76|3N|W|10|SJ
9|20|86|51|20|1|6H|E|11|DA
9|20|186|106|175|3|6H|W|12|CQ
9|20|179|126|200|95|6H|W|12|SJ
9|20|262|31|279|162|5H|W|11|SJ
9|20|117|24|252|199|6H|E|12|HT
9|20|130|122|146|272|6H|W|12|SJ
9|20|27|177|178|134|6C|W|11|SJ
9|21|156|275|221|10|3D|W|10|SA
9|21|67|180|207|222|5D|W|9|SK
9|21|9|116|169|76|4C|E|10|S9
9|21|86|51|20|1|4S|N|8|DK
9|21|186|106|175|3|2S|N|9|H3
9|21|179|126|200|95|4H|W|9|SA
9|21|262|31|279|162|4S|N|9|DK
9|21|117|24|252|199|4S|N|10|DA
9|21|130|122|146|272|5D|W|9|SA
9|21|27|177|178|134|5D|W|11|SA
9|22|156|275|221|10|2N|E|10|H4
9|22|67|180|207|222|4S|E|9|DT
9|22|9|116|169|76|2H|E|10|D7
9|22|86|51|20|1|2H|E|10|DT
9|22|186|106|175|3|4H|E|10|DT
9|22|179|126|200|95|3H|E|11|H2
9|22|262|31|279|162|3D|N|10|SJ
9|22|117|24|252|199|4H|E|10|D7
9|22|130|122|146|272|1N|S|7|ST
9|22|27|177|178|134|3H|E|8|DA
9|23|156|275|221|10|5D|N|10|S7
9|23|67|180|207|222|3N|S|9|ST
9|23|9|116|169|76|3N|N|9|HA
9|23|86|51|20|1|2D|S|11|ST
9|23|186|106|175|3|3N|S|9|S9
9|23|179|126|200|95|3N|N|8|S2
9|23|262|31|279|162|5D|S|11|ST
9|23|117|24|252|199|3N|N|9|C2
9|23|130|122|146|272|3N|S|7|S9
9|23|27|177|178|134|3N|N|7|S5
9|24|156|275|221|10|4S|E|11|DQ
9|24|67|180|207|222|4S|E|11|DQ
9|24|9|116|169|76|4S|E|11|DQ
9|24|86|51|20|1|4S|E|10|DJ
9|24|186|106|175|3|4S|E|10|DQ
9|24|179|126|200|95|4S|E|10|DQ
9|24|262|31|279|162|3S|E|10|DK
9|24|117|24|252|199|3N|W|9|H3
9|24|130|122|146|272|4S|E|11|DQ
9|24|27|177|178|134|4S|E|11|DQ
9|25|156|275|221|10|3N|N|12|SJ
9|25|67|180|207|222|3N|N|11|H7
9|25|9|116|169|76|3N|N|12|SJ
9|25|86|51|20|1|3N|N|12|SJ
9|25|186|106|175|3|3N|N|12|ST
9|25|179|126|200|95|3N|N|12|SJ
9|25|262|31|279|162|3N|N|12|SJ
9|25|117|24|252|199|3N|N|11|H6
9|25|130|122|146|272|3N|N|12|SJ
9|25|27|177|178|134|3N|N|12|H5
9|26|156|275|221|10|2N|W|7|CK
9|26|67|180|207|222|1N|W|7|CK
9|26|9|116|169|76|2S|N|8|H8
9|26|86|51|20|1|2N|W|7|CK
9|26|186|106|175|3|2N|W|7|CK
9|26|179|126|200|95|2C|N|7|C8
9|26|262|31|279|162|2S|N|8|H8
9|26|117|24|252|199|3N|E|7|D2
9|26|130|122|146|272|1N|W|7|CK
9|26|27|177|178|134|2N|W|7|CK
9|27|156|275|221|10|5C|E|11|DA
9|27|67|180|207|222|3N|N|10|CJ
9|27|9|116|169|76|3N|N|10|C3
9|27|86|51|20|1|3N|N|9|C4
9|27|186|106|175|3|3N|N|10|C4
9|27|179|126|200|95|3N|N|10|C6
9|27|262|31|279|162|3N|N|10|CJ
9|27|117|24|252|199|3N|N|10|C3
9|27|130|122|146|272|3N|N|10|C4
9|27|27|177|178|134|3N|N|10|CJ
9|28|156|275|221|10|4D|N|11|SA
9|28|67|180|207|222|3S|W|8|SJ
9|28|9|116|169|76|5C|N|10|S8
9|28|86|51|20|1|3C|N|10|S4
9|28|186|106|175|3|4S|W|8|SJ
9|28|179|126|200|95|4S|W|9|SJ
9|28|262|31|279|162|4S|W|9|DA
9|28|117|24|252|199|4S|W|7|SJ
9|28|130|122|146|272|3S|W|8|SJ
9|28|27|177|178|134|3S|W|8|SJ
9|29|156|275|221|10|4S|N|12|DK
9|29|67|180|207|222|6H|N|12|DK
9|29|9|116|169|76|4H|N|12|DK
9|29|86|51|20|1|6H|N|12|DK
9|29|186|106|175|3|6H|N|12|DQ
9|29|179|126|200|95|5H|N|12|DK
9|29|262|31|279|162|4H|N|12|DK
9|29|117|24|252|199|4H|N|12|DK
9|29|130|122|146|272|4H|N|12|DK
9|29|27|177|178|134|6H|N|12|DK
9|3|156|286|221|172|2H|S|9|CK
9|3|67|180|207|222|3H|N|10|H9
9|3|9|284|169|125|3H|S|9|CA
9|3|86|51|20|1|3H|S|9|CK
9|3|186|106|175|3|3H|S|9|CQ
9|3|251|126|200|95|4H|S|9|CK
9|3|262|31|279|162|3H|S|9|CK
9|3|117|30|252|19|3H|N|9|DQ
9|3|130|152|146|154|3H|S|9|DA
9|3|122|177|272|134|2C|E|9|CT
9|30|156|275|221|10|2H|S|10|DA
9|30|67|180|207|222|3C|S|10|DA
9|30|9|116|169|76|3S|W|8|C6
9|30|86|51|20|1|P||0
9|30|186|106|175|3|2H|N|10|SJ
9|30|179|126|200|95|2H|N|10|DA
9|30|262|31|279|162|3C|S|10|DA
9|30|117|24|252|199|3H|N|10|SQ
9|30|130|122|146|272|3S|W|7|D8
9|30|27|177|178|134|2S|W|7|D8
9|31|156|275|221|10|4S|S|9|CQ
9|31|67|180|207|222|4S|S|9|CQ
9|31|9|116|169|76|4S|N|10|S6
9|31|86|51|20|1|4S|S|8|CQ
9|31|186|106|175|3|4S|N|10|S5
9|31|179|126|200|95|4S|N|9|HQ
9|31|262|31|279|162|4S|S|11|CQ
9|31|117|24|252|199|4S|N|10|H3
9|31|130|122|146|272|4S|S|10|CQ
9|31|27|177|178|134|1N|S|7|CQ
9|32|156|275|221|10|3D|S|8|CK
9|32|67|180|207|222|3N|N|8|HQ
9|32|9|116|169|76|3N|S|9|DJ
9|32|86|51|20|1|3N|N|7|H3
9|32|186|106|175|3|3N|N|10|H3
9|32|179|126|200|95|3C|E|9|DA
9|32|262|31|279|162|3N|N|9|S4
9|32|117|24|252|199|2N|N|9|H2
9|32|130|122|146|272|3N|S|10|DJ
9|32|27|177|178|134|3S|E|6|C6
9|4|156|286|221|172|3H|N|10|S9
9|4|67|180|207|222|2H|N|10|S9
9|4|9|284|169|125|2H|N|10|S9
9|4|86|51|20|1|2H|S|11|C6
9|4|186|106|175|3|2H|S|10|C5
9|4|251|126|200|95|2H|N|12|S9
9|4|262|31|279|162|3H|S|11|C6
9|4|117|30|252|19|2H|S|11|D3
9|4|130|152|146|154|2H|N|11|S9
9|4|122|177|272|134|2H|S|11|D3
9|5|156|286|221|172|3S|E|8|HA
9|5|67|180|207|222|5D|N|11|DQ
9|5|9|284|169|125|5D|N|11|DQ
9|5|86|51|20|1|5D|N|11|H4
9|5|186|106|175|3|4S|E|8|DA
9|5|251|126|200|95|4S|E|8|DA
9|5|262|31|279|162|4D|N|11|S3
9|5|117|30|252|19|4C|N|8|SJ
9|5|130|152|146|154|5D|N|11|C7
9|5|122|177|272|134|4S|E|10|HA
9|6|156|286|221|172|1N|E|8|D3
9|6|67|180|207|222|2D|E|8|HJ
9|6|9|284|169|125|2D|W|10|HK
9|6|86|51|20|1|2S|S|8|D7
9|6|186|106|175|3|1N|E|7|D3
9|6|251|126|200|95|2H|S|8|C2
9|6|262|31|279|162|2H|S|8|D9
9|6|117|30|252|19|2H|S|5|D7
9|6|130|152|146|154|2H|N|6|CQ
9|6|122|177|272|134|1N|E|7|HJ
9|7|156|286|221|172|2S|S|8|CA
9|7|67|180|207|222|2S|S|8|H3
9|7|9|284|169|125|2S|S|7|CA
9|7|86|51|20|1|2S|S|7|CK
9|7|186|106|175|3|2S|S|8|CK
9|7|251|126|200|95|2S|S|8|CA
9|7|262|31|279|162|2S|S|8|CA
9|7|117|30|252|19|3D|W|8|S5
9|7|130|152|146|154|2S|S|8|CA
9|7|122|177|272|134|3D|W|7|DQ
9|8|156|286|221|172|2S|N|8|DA
9|8|67|180|207|222|1H|W|7|CJ
9|8|9|284|169|125|2S|N|8|DA
9|8|86|51|20|1|3S|N|8|DA
9|8|186|106|175|3|1N|E|6|S3
9|8|251|126|200|95|P||0
9|8|262|31|279|162|P||0
9|8|117|30|252|19|2S|N|8|DA
9|8|130|152|146|154|1H|W|6|CJ
9|8|122|177|272|134|1N|E|6|S8
9|9|156|286|221|172|3N|N|9|HQ
9|9|67|180|207|222|3N|N|9|C3
9|9|9|284|169|125|3N|N|9|HQ
9|9|86|51|20|1|3N|N|10|HQ
9|9|186|106|175|3|3N|S|9|C9
9|9|251|126|200|95|3N|N|9|C3
9|9|262|31|279|162|3N|N|10|HQ
9|9|117|30|252|19|3N|S|10|CT
9|9|130|152|146|154|3N|N|9|HQ
9|9|122|177|272|134|3N|S|11|CT
