1|1|174|132|278|104|2H|E|9|C6
1|1|120|124|245|271|3N|E|9|C4
1|1|141|17|235|202|3N|E|10|C2
1|1|52|155|22|139|3N|W|10|CK
1|1|147|46|182|145|3N|W|9|C7
1|1|75|96|108|167|3H|E|6|C6
1|1|105|35|231|140|2S|S|6|DA
1|1|254|138|8|68|3N|E|9|ST
1|1|135|26|196|13|3C|N|9|D2
1|1|214|193|15|110|4D|W|10|CK
1|10|174|132|278|104|2S|E|10|CK
1|10|120|124|245|271|4S|E|10|CK
1|10|141|17|235|202|4S|E|10|CK
1|10|52|155|22|139|1S|W|10|C4
1|10|147|46|182|145|4S|E|10|CA
1|10|75|96|108|167|4S|E|10|CK
1|10|105|35|231|140|4S|E|10|H5
1|10|254|138|8|68|2N|W|8|D3
1|10|135|26|196|13|4S|W|9|D3
1|10|214|193|15|110|4S|E|10|CK
1|11|174|132|278|104|3N|S|9|HT
1|11|120|124|245|271|2N|S|9|HT
1|11|141|17|235|202|3D|S|9|CJ
1|11|52|155|22|139|4S|S|9|D5
1|11|147|46|182|145|2N|S|9|HT
1|11|75|96|108|167|3D|S|9|SA
1|11|105|35|231|140|3D|S|9|CJ
1|11|254|138|8|68|2N|S|9|HT
1|11|135|26|196|13|3D|S|9|SA
1|11|214|193|15|110|2N|S|9|HT
1|12|174|132|278|104|5S|W|11|CA
1|12|120|124|245|271|4S|W|12|DQ
1|12|141|17|235|202|4S|W|10|D2
1|12|52|155|22|139|4N|W|11|H7
1|12|147|46|182|145|4S|W|12|S7
1|12|75|96|108|167|5S|W|11|CA
1|12|105|35|231|140|6N|E|12|C4
1|12|254|138|8|68|4S|W|12|DQ
1|12|135|26|196|13|4S|W|11|DQ
1|12|214|193|15|110|4S|W|11|DQ
1|13|174|132|278|104|2H|W|7|CQ
1|13|120|124|245|271|2H|W|8|CQ
1|13|141|17|235|202|2H|W|8|CQ
1|13|52|155|22|139|2H|W|9|CQ
1|13|147|46|182|145|2H|E|9|D6
1|13|75|96|108|167|2N|E|6|C4
1|13|105|35|231|140|2H|W|9|CQ
1|13|254|138|8|68|1N|E|7|S5
1|13|135|26|196|13|1N|W|8|CQ
1|13|214|193|15|110|2H|W|9|CQ
1|14|174|132|278|104|3S|S|9|DK
1|14|120|124|245|271|1N|E|7|S5
1|14|141|17|235|202|3D|W|8|HA
1|14|52|155|22|139|3S|S|9|DA
1|14|147|46|182|145|3D|W|8|HA
1|14|75|96|108|167|1N|W|8|D3
1|14|105|35|231|140|2S|N|9|CA
1|14|254|138|8|68|3H|S|9|DK
1|14|135|26|196|13|2S|S|9|DA
1|14|214|193|15|110|3S|S|9|DA
1|15|174|132|278|104|1N|S|7|S2
1|15|120|124|245|271|2H|S|8|D7
1|15|141|17|235|202|2S|E|10|DK
1|15|52|155|22|139|3H|S|8|D8
1|15|147|46|182|145|2H|S|10|H2
1|15|75|96|108|167|3H|S|9|D8
1|15|105|35|231|140|3S|E|9|HQ
1|15|254|138|8|68|2H|S|9|C8
1|15|135|26|196|13|2H|S|8|C8
1|15|214|193|15|110|3H|S|10|H5
1|16|174|132|278|104|4N|E|11|H3
1|16|120|124|245|271|6C|E|11|HQ
1|16|141|17|235|202|3N|W|11|DT
1|16|52|155|22|139|3N|E|10|D6
1|16|147|46|182|145|6C|E|10|ST
1|16|75|96|108|167|3N|W|11|DT
1|16|105|35|231|140|3N|E|11|ST
1|16|254|138|8|68|3N|E|10|D2
1|16|135|26|196|13|2SX|N|5|CK
1|16|214|193|15|110|3N|W|12|DJ
1|17|268|132|29|245|4S|S|9|CJ
1|17|218|174|104|278|5S|S|10|HA
1|17|141|210|235|99|4S|S|10|CJ
1|17|52|155|22|139|4S|S|9|C3
1|17|147|46|182|145|4S|N|9|HA
1|17|83|153|118|48|5H|E|11|SK
1|17|105|35|231|140|5H|W|11|S2
1|17|254|138|8|68|5H|E|11|SA
1|17|135|26|196|13|4S|S|9|D5
1|17|280|131|143|228|4S|N|9|C8
1|18|268|132|29|245|4S|S|10|DQ
1|18|218|174|104|278|4S|N|10|DA
1|18|141|210|235|99|4S|N|10|DK
1|18|52|155|22|139|5S|N|10|DK
1|18|147|46|182|145|5S|N|10|DA
1|18|83|153|118|48|3S|S|10|S8
1|18|105|35|231|140|4S|N|11|DA
1|18|254|138|8|68|4S|N|10|DA
1|18|135|26|196|13|4S|N|10|DK
1|18|280|131|143|228|4S|N|10|DA
1|19|268|132|29|245|3N|W|11|D9
1|19|218|174|104|278|5C|E|11|DA
1|19|141|210|235|99|4N|W|11|D9
1|19|52|155|22|139|3N|W|10|D9
1|19|147|46|182|145|3N|W|11|S4
1|19|83|153|118|48|6N|E|13|H4
1|19|105|35|231|140|3N|W|13|H6
1|19|254|138|8|68|6N|W|12|D6
1|19|135|26|196|13|6N|W|11|D8
1|19|280|131|143|228|3N|W|10|D8
1|2|174|132|278|104|3N|N|11|D4
1|2|120|124|245|271|3N|N|8|D4
1|2|141|17|235|202|3N|N|11|D4
1|2|52|155|22|139|4H|N|9|D4
1|2|147|46|182|145|2N|N|7|D4
1|2|75|96|108|167|3N|S|9|S4
1|2|105|35|231|140|3N|N|11|D3
1|2|254|138|8|68|3N|N|11|D4
1|2|135|26|196|13|3N|N|8|D4
1|2|214|193|15|110|3N|N|11|D3
1|20|268|132|29|245|4S|S|9|D3
1|20|218|174|104|278|1N|S|7|H8
1|20|141|210|235|99|3S|S|9|C3
1|20|52|155|22|139|4S|S|9|S7
1|20|147|46|182|145|3S|S|8|D3
1|20|83|153|118|48|2S|S|7|D7
1|20|105|35|231|140|3S|S|8|D3
1|20|254|138|8|68|4S|S|7|D7
1|20|135|26|196|13|3S|S|7|D7
1|20|280|131|143|228|4S|S|6|D3
1|21|268|132|29|245|3D|W|11|CA
1|21|218|174|104|278|1S|N|7|SQ
1|21|141|210|235|99|6D|W|11|SA
1|21|52|155|22|139|5D|W|11|SA
1|21|147|46|182|145|5D|E|11|SA
1|21|83|153|118|48|2D|W|10|CA
1|21|105|35|231|140|5D|W|10|SA
1|21|254|138|8|68|5H|W|11|SA
1|21|135|26|196|13|3S|N|8|HK
1|21|280|131|143|228|3D|W|11|SA
1|22|268|132|29|245|5D|S|11|HQ
1|22|218|174|104|278|4H|E|9|DA
1|22|141|210|235|99|4H|E|9|DA
1|22|52|155|22|139|5D|S|11|HQ
1|22|147|46|182|145|4H|E|9|H3
1|22|83|153|118|48|4H|E|8|DA
1|22|105|35|231|140|4H|E|9|DA
1|22|254|138|8|68|5D|S|11|HQ
1|22|135|26|196|13|5D|S|11|HQ
1|22|280|131|143|228|5D|S|11|HQ
1|23|268|132|29|245|4H|N|9|C3
1|23|218|174|104|278|4H|N|9|C3
1|23|141|210|235|99|1N|N|8|D4
1|23|52|155|22|139|4H|N|9|C2
1|23|147|46|182|145|4H|N|9|C3
1|23|83|153|118|48|4H|N|9|S9
1|23|105|35|231|140|4H|N|9|H8
1|23|254|138|8|68|2N|N|8|S3
1|23|135|26|196|13|2N|N|8|D4
1|23|280|131|143|228|4H|N|9|C3
1|24|268|132|29|245|3N|N|9|DQ
1|24|218|174|104|278|3N|N|9|DQ
1|24|141|210|235|99|3D|E|9|H6
1|24|52|155|22|139|4H|S|9|CJ
1|24|147|46|182|145|3N|N|7|DQ
1|24|83|153|118|48|3N|N|9|S3
1|24|105|35|231|140|3N|N|10|DQ
1|24|254|138|8|68|3N|N|8|DQ
1|24|135|26|196|13|3N|N|7|DQ
1|24|280|131|143|228|3N|N|10|DQ
1|25|268|132|29|245|1N|N|8|D5
1|25|218|174|104|278|2S|W|8|HT
1|25|141|210|235|99|2S|W|8|HT
1|25|52|155|22|139|2S|W|8|HT
1|25|147|46|182|145|2S|W|9|CQ
1|25|83|153|118|48|2S|W|8|HT
1|25|105|35|231|140|2S|W|8|H9
1|25|254|138|8|68|2S|W|8|HT
1|25|135|26|196|13|2S|W|9|DK
1|25|280|131|143|228|2S|W|8|HT
1|26|268|132|29|245|3N|S|10|S4
1|26|218|174|104|278|7H|N|11|C2
1|26|141|210|235|99|6D|N|12|S2
1|26|52|155|22|139|6D|S|12|S9
1|26|147|46|182|145|4H|N|11|S2
1|26|83|153|118|48|3N|S|12|DJ
1|26|105|35|231|140|6N|N|9|S2
1|26|254|138|8|68|4H|N|11|S3
1|26|135|26|196|13|6H|S|11|DJ
1|26|280|131|143|228|6D|S|12|C7
1|27|268|132|29|245|3N|S|12|H4
1|27|218|174|104|278|6C|N|13|D3
1|27|141|210|235|99|6C|N|12|CT
1|27|52|155|22|139|6C|N|13|D3
1|27|147|46|182|145|5C|N|13|D3
1|27|83|153|118|48|6C|N|13|SA
1|27|105|35|231|140|6C|N|12|SA
1|27|254|138|8|68|6C|N|12|H2
1|27|135|26|196|13|6C|S|13|D3
1|27|280|131|143|228|6C|N|12|H4
1|28|268|132|29|245|4S|N|9|DA
1|28|218|174|104|278|3N|S|8|CK
1|28|141|210|235|99|4S|N|9|DA
1|28|52|155|22|139|4S|N|10|DA
1|28|147|46|182|145|4H|W|9|CQ
1|28|83|153|118|48|4S|N|9|DA
1|28|105|35|231|140|4S|N|9|DA
1|28|254|138|8|68|3S|N|9|DA
1|28|135|26|196|13|3C|W|8|S3
1|28|280|131|143|228|3S|N|9|DA
1|29|268|132|29|245|4S|E|11|HJ
1|29|218|174|104|278|4S|W|10|CT
1|29|141|210|235|99|4S|E|11|HJ
1|29|52|155|22|139|4S|E|11|HJ
1|29|147|46|182|145|4S|W|10|CT
1|29|83|153|118|48|4S|W|10|CT
1|29|105|35|231|140|4S|W|10|D2
1|29|254|138|8|68|4S|W|11|CT
1|29|135|26|196|13|4S|E|11|HJ
1|29|280|131|143|228|5S|W|11|D3
1|3|174|132|278|104|3H|N|8|DK
1|3|120|124|245|271|2H|N|8|S3
1|3|141|17|235|202|2H|N|8|DK
1|3|52|155|22|139|2H|N|8|S4
1|3|147|46|182|145|2H|N|8|S3
1|3|75|96|108|167|1N|S|8|S5
1|3|105|35|231|140|2H|N|8|HJ
1|3|254|138|8|68|1N|S|7|C3
1|3|135|26|196|13|2S|E|7|H5
1|3|214|193|15|110|2H|N|8|S4
1|30|268|132|29|245|3H|N|8|SJ
1|30|218|174|104|278|4S|W|9|CA
1|30|141|210|235|99|2H|N|9|SJ
1|30|52|155|22|139|3C|S|8|C2
1|30|147|46|182|145|4C|S|10|SK
1|30|83|153|118|48|4S|W|10|CQ
1|30|105|35|231|140|4S|E|10|CA
1|30|254|138|8|68|3S|W|9|CQ
1|30|135|26|196|13|3S|W|9|CQ
1|30|280|131|143|228|4S|E|10|CK
1|31|268|132|29|245|5C|S|11|S5
1|31|218|174|104|278|4H|N|11|SJ
1|31|141|210|235|99|4H|N|9|SJ
1|31|52|155|22|139|4H|N|10|SK
1|31|147|46|182|145|5D|N|9|SJ
1|31|83|153|118|48|5D|N|10|SJ
1|31|105|35|231|140|4H|N|10|D4
1|31|254|138|8|68|6C|S|12|S4
1|31|135|26|196|13|4D|N|10|SJ
1|31|280|131|143|228|4H|N|11|ST
1|32|268|132|29|245|5H|N|11|DA
1|32|218|174|104|278|5H|N|10|DA
1|32|141|210|235|99|5H|N|11|DK
1|32|52|155|22|139|5H|N|10|DK
1|32|147|46|182|145|4H|N|10|DA
1|32|83|153|118|48|5H|N|10|DA
1|32|105|35|231|140|4S|E|8|HA
1|32|254|138|8|68|4H|N|10|DA
1|32|135|26|196|13|3S|E|9|DA
1|32|280|131|143|228|4H|N|9|DA
1|4|174|132|278|104|4D|E|10|SA
1|4|120|124|245|271|4S|N|10|DA
1|4|141|17|235|202|4S|N|10|DK
1|4|52|155|22|139|4S|N|10|C6
1|4|147|46|182|145|5S|N|11|DA
1|4|75|96|108|167|4S|N|10|DK
1|4|105|35|231|140|3S|N|10|DA
1|4|254|138|8|68|4S|N|10|DK
1|4|135|26|196|13|3S|N|11|DA
1|4|214|193|15|110|4S|N|10|DA
1|5|174|132|278|104|2S|W|8|C6
1|5|120|124|245|271|2S|E|8|HK
1|5|141|17|235|202|2S|W|7|C9
1|5|52|155|22|139|2S|W|8|C2
1|5|147|46|182|145|2S|W|8|C6
1|5|75|96|108|167|2S|W|8|H7
1|5|105|35|231|140|2S|E|7|HK
1|5|254|138|8|68|2S|E|8|DQ
1|5|135|26|196|13|2S|W|7|H9
1|5|214|193|15|110|2S|W|7|S7
1|6|174|132|278|104|3S|W|10|HJ
1|6|120|124|245|271|4D|N|9|S4
1|6|141|17|235|202|3S|W|10|CJ
1|6|52|155|22|139|3N|S|9|SQ
1|6|147|46|182|145|5D|N|11|SK
1|6|75|96|108|167|4D|N|9|S2
1|6|105|35|231|140|4D|S|9|D5
1|6|254|138|8|68|5D|N|9|S2
1|6|135|26|196|13|3N|S|6|SQ
1|6|214|193|15|110|5D|N|10|S4
1|7|174|132|278|104|4H|W|10|SA
1|7|120|124|245|271|4H|E|10|ST
1|7|141|17|235|202|4H|E|10|S5
1|7|52|155|22|139|4H|W|10|SA
1|7|147|46|182|145|4S|N|10|CA
1|7|75|96|108|167|5H|E|10|S2
1|7|105|35|231|140|4H|W|10|SA
1|7|254|138|8|68|4H|E|10|SQ
1|7|135|26|196|13|4S|N|10|CK
1|7|214|193|15|110|4H|W|10|SK
1|8|174|132|278|104|5C|S|11|DQ
1|8|120|124|245|271|6C|S|11|D9
1|8|141|17|235|202|5C|S|11|DT
1|8|52|155|22|139|5C|S|11|DQ
1|8|147|46|182|145|5D|W|11|CA
1|8|75|96|108|167|4D|E|9|CA
1|8|105|35|231|140|5C|S|11|C4
1|8|254|138|8|68|5C|S|11|DT
1|8|135|26|196|13|5C|S|11|D3
1|8|214|193|15|110|5C|S|11|D9
1|9|174|132|278|104|3S|W|10|CK
1|9|120|124|245|271|4S|W|10|CK
1|9|141|17|235|202|3S|W|11|CK
1|9|52|155|22|139|3N|W|7|CK
1|9|147|46|182|145|3S|W|10|CK
1|9|75|96|108|167|3S|W|9|CK
1|9|105|35|231|140|5C|N|11|CA
1|9|254|138|8|68|4S|W|10|CK
1|9|135|26|196|13|3D|W|9|CK
1|9|214|193|15|110|4S|W|10|CK
2|1|210|268|99|29|4SX|W|9|H5
2|1|124|17|271|202|4S|W|9|H5
2|1|75|155|108|139|3N|E|7|HK
2|1|141|83|235|118|3N|W|7|H7
2|1|254|153|8|48|3N|W|7|DQ
2|1|96|35|167|140|3N|E|8|HK
2|1|280|105|143|231|3N|W|5|H7
2|1|138|214|68|15|4S|W|9|DQ
2|1|120|135|218|196|3N|E|8|HK
2|1|193|132|110|104|4S|W|8|DK
2|10|210|268|99|29|2H|S|8|D3
2|10|124|17|271|202|2H|S|8|D4
2|10|75|155|108|139|3C|S|8|D4
2|10|141|83|235|118|3H|S|8|CQ
2|10|254|153|8|48|3C|S|8|D7
2|10|96|35|167|140|3D|E|7|C2
2|10|280|105|143|231|3H|S|8|D5
2|10|138|214|68|15|2H|S|8|D4
2|10|120|135|218|196|3C|S|8|D4
2|10|193|132|110|104|1S|N|8|DK
2|11|210|268|99|29|3S|E|9|H9
2|11|124|17|271|202|3S|W|9|S2
2|11|75|155|108|139|2S|W|9|S2
2|11|141|83|235|118|1N|S|4|SJ
2|11|254|153|8|48|1N|N|5|D5
2|11|96|35|167|140|1N|S|4|SJ
2|11|280|105|143|231|2S|W|8|DK
2|11|138|214|68|15|3S|W|9|DA
2|11|120|135|218|196|2S|W|9|DA
2|11|193|132|110|104|2S|W|9|DA
2|12|210|268|99|29|6C|E|10|D5
2|12|124|17|271|202|3N|W|8|D4
2|12|75|155|108|139|3N|W|11|D4
2|12|141|83|235|118|4S|W|10|SJ
2|12|254|153|8|48|3N|W|9|H8
2|12|96|35|167|140|3N|W|12|D6
2|12|280|105|143|231|4S|W|10|H9
2|12|138|214|68|15|3N|W|8|D6
2|12|120|135|218|196|4S|W|10|H5
2|12|193|132|110|104|4S|W|12|S4
2|13|210|268|99|29|3S|S|8|HJ
2|13|124|17|271|202|2C|N|8|SA
2|13|75|155|108|139|3D|E|7|CQ
2|13|141|83|235|118|2N|W|6|C6
2|13|254|153|8|48|3H|E|7|SK
2|13|96|35|167|140|3H|E|7|SK
2|13|280|105|143|231|2S|S|8|HJ
2|13|138|214|68|15|3H|E|7|SK
2|13|120|135|218|196|3S|S|9|HJ
2|13|193|132|110|104|2N|W|6|C3
2|14|210|268|99|29|3N|W|9|HJ
2|14|124|17|271|202|3N|E|9|ST
2|14|75|155|108|139|3N|E|11|D3
2|14|141|83|235|118|3N|E|9|H2
2|14|254|153|8|48|6C|E|11|H2
2|14|96|35|167|140|3N|E|9|H2
2|14|280|105|143|231|3N|E|9|H3
2|14|138|214|68|15|2D|W|6|HJ
2|14|120|135|218|196|3N|E|9|H5
2|14|193|132|110|104|4S|W|10|CA
2|15|210|268|99|29|3D|S|8|ST
2|15|124|17|271|202|2S|E|9|DA
2|15|75|155|108|139|2H|E|9|D2
2|15|141|83|235|118|2S|E|11|HA
2|15|254|153|8|48|2S|E|9|DA
2|15|96|35|167|140|3S|E|9|DK
2|15|280|105|143|231|2N|S|7|S9
2|15|138|214|68|15|3S|E|10|DA
2|15|120|135|218|196|3S|E|8|DA
2|15|193|132|110|104|3D|S|8|ST
2|16|210|268|99|29|4H|W|9|D2
2|16|124|17|271|202|4H|E|9|DA
2|16|75|155|108|139|4H|W|10|S4
2|16|141|83|235|118|4H|E|9|DA
2|16|254|153|8|48|4H|E|9|DA
2|16|96|35|167|140|4H|E|9|DA
2|16|280|105|143|231|4H|W|9|D2
2|16|138|214|68|15|4H|W|9|D7
2|16|120|135|218|196|4H|E|9|DA
2|16|193|132|110|104|4H|W|9|D7
2|17|210|124|99|271|3D|S|9|H9
2|17|174|52|278|22|2N|S|8|C6
2|17|46|155|145|139|3D|S|9|C6
2|17|141|75|235|108|3N|S|9|H9
2|17|254|147|8|182|3N|S|9|H9
2|17|96|35|167|140|4D|S|9|S2
2|17|26|105|13|231|2N|S|8|H4
2|17|138|280|68|143|3D|N|9|HA
2|17|120|131|245|228|2H|E|8|SQ
2|17|193|218|110|104|3D|N|9|C2
2|18|210|124|99|271|3N|E|12|S3
2|18|174|52|278|22|3N|E|8|C4
2|18|46|155|145|139|3N|E|10|S3
2|18|141|75|235|108|3N|E|8|CQ
2|18|254|147|8|182|3N|E|8|CQ
2|18|96|35|167|140|3N|E|12|S2
2|18|26|105|13|231|5D|E|12|S3
2|18|138|280|68|143|5D|E|12|CQ
2|18|120|131|245|228|5D|E|12|S5
2|18|193|218|110|104|4H|W|9|D3
2|19|210|124|99|271|4S|S|13|SJ
2|19|174|52|278|22|4S|S|13|SJ
2|19|46|155|145|139|6S|S|13|S5
2|19|141|75|235|108|4S|S|13|S5
2|19|254|147|8|182|4S|S|13|D5
2|19|96|35|167|140|4S|S|13|S5
2|19|26|105|13|231|4S|S|13|H2
2|19|138|280|68|143|4S|S|12|S5
2|19|120|131|245|228|4S|S|13|SJ
2|19|193|218|110|104|4S|S|13|H8
2|2|124|17|271|202|1N|E|9|HJ
2|2|75|155|108|139|1N|S|7|H7
2|2|141|83|235|118|4S|E|10|SA
2|2|254|153|8|48|1N|E|11|SA
2|2|96|35|167|140|1N|S|5|H2
2|2|280|105|143|231|4S|E|11|HJ
2|2|138|214|68|15|4S|E|9|D2
2|2|120|135|218|196|1N|W|8|DT
2|2|193|132|110|104|4S|E|9|C8
2|20|210|124|99|271|2H|N|7|D9
2|20|174|52|278|22|1N|N|8|S2
2|20|46|155|145|139|2S|W|7|H4
2|20|141|75|235|108|4H|N|9|S9
2|20|254|147|8|182|2S|E|8|HK
2|20|96|35|167|140|1N|N|8|C2
2|20|26|105|13|231|1N|N|7|S4
2|20|138|280|68|143|2H|S|7|D9
2|20|120|131|245|228|3H|S|7|DA
2|20|193|218|110|104|2S|W|9|H4
2|21|210|124|99|271|3N|W|9|SK
2|21|174|52|278|22|3S|N|7|CK
2|21|46|155|145|139|1H|N|4|CK
2|21|141|75|235|108|2S|S|7|S2
2|21|254|147|8|182|3S|S|7|DA
2|21|96|35|167|140|2S|S|6|S6
2|21|26|105|13|231|3N|W|9|H4
2|21|138|280|68|143|2S|S|8|DA
2|21|120|131|245|228|3C|E|8|DQ
2|21|193|218|110|104|2N|W|9|S7
2|22|210|124|99|271|3N|E|7|DT
2|22|174|52|278|22|4S|W|10|DA
2|22|46|155|145|139|4S|W|8|H3
2|22|141|75|235|108|4S|E|8|DT
2|22|254|147|8|182|4S|W|10|H6
2|22|96|35|167|140|4S|E|8|DT
2|22|26|105|13|231|4S|E|8|DT
2|22|138|280|68|143|3N|E|7|C3
2|22|120|131|245|228|3S|W|7|D6
2|22|193|218|110|104|4S|W|7|C4
2|23|210|124|99|271|6S|N|11|CK
2|23|174|52|278|22|4S|N|11|CK
2|23|46|155|145|139|4S|N|11|CK
2|23|141|75|235|108|4S|N|11|H9
2|23|254|147|8|182|4S|N|11|CQ
2|23|96|35|167|140|6S|N|11|CK
2|23|26|105|13|231|4S|N|11|CK
2|23|138|280|68|143|6S|N|11|CK
2|23|120|131|245|228|6S|N|11|CQ
2|23|193|218|110|104|5S|S|11|C2
2|24|210|124|99|271|5S|S|9|H6
2|24|174|52|278|22|4S|S|9|H4
2|24|46|155|145|139|4S|S|9|D9
2|24|141|75|235|108|5H|E|11|D3
2|24|254|147|8|182|5H|E|11|D7
2|24|96|35|167|140|5H|E|11|D3
2|24|26|105|13|231|5S|S|9|H4
2|24|138|280|68|143|4S|S|9|H6
2|24|120|131|245|228|5S|S|9|H6
2|24|193|218|110|104|5C|N|11|S5
2|25|210|124|99|271|6S|S|13|CJ
2|25|174|52|278|22|5S|N|11|H4
2|25|46|155|145|139|4S|S|13|H8
2|25|141|75|235|108|4S|N|13|CJ
2|25|254|147|8|182|6C|N|11|H2
2|25|96|35|167|140|4S|N|13|C2
2|25|26|105|13|231|3N|S|8|HT
2|25|138|280|68|143|6S|S|13|S6
2|25|120|131|245|228|6S|N|13|D2
2|25|193|218|110|104|6S|N|11|H2
2|26|210|124|99|271|2S|S|8|C7
2|26|174|52|278|22|3D|E|9|CK
2|26|46|155|145|139|2S|S|8|D5
2|26|141|75|235|108|3D|E|9|CK
2|26|254|147|8|182|3H|W|7|SJ
2|26|96|35|167|140|3D|E|10|CA
2|26|26|105|13|231|3D|E|10|CK
2|26|138|280|68|143|3H|W|6|SJ
2|26|120|131|245|228|2D|E|10|CA
2|26|193|218|110|104|1S|S|7|SA
2|27|210|124|99|271|4S|N|11|DK
2|27|174|52|278|22|4S|N|11|DK
2|27|46|155|145|139|3N|N|6|DK
2|27|141|75|235|108|4S|N|11|DK
2|27|254|147|8|182|4S|N|11|DK
2|27|96|35|167|140|4H|N|9|DK
2|27|26|105|13|231|4S|N|11|DK
2|27|138|280|68|143|5C|S|10|DT
2|27|120|131|245|228|4S|N|10|DK
2|27|193|218|110|104|P||0
2|28|210|124|99|271|2N|S|10|S3
2|28|174|52|278|22|3N|S|9|C4
2|28|46|155|145|139|3N|S|9|C4
2|28|141|75|235|108|4H|S|9|S3
2|28|254|147|8|182|4H|S|10|DJ
2|28|96|35|167|140|3N|S|10|S2
2|28|26|105|13|231|2D|E|8|HK
2|28|138|280|68|143|3N|S|10|C4
2|28|120|131|245|228|4H|S|9|S3
2|28|193|218|110|104|3N|S|10|DK
2|29|210|124|99|271|4S|E|12|C9
2|29|174|52|278|22|4S|E|11|D2
2|29|46|155|145|139|3N|W|11|HJ
2|29|141|75|235|108|4S|E|11|S2
2|29|254|147|8|182|4S|E|11|H5
2|29|96|35|167|140|4S|E|11|H2
2|29|26|105|13|231|4S|E|11|H4
2|29|138|280|68|143|4S|E|11|H5
2|29|120|131|245|228|4S|E|11|C8
2|29|193|218|110|104|4S|E|11|H6
2|3|210|268|99|29|3S|N|8|H5
2|3|124|17|271|202|2S|N|9|C7
2|3|75|155|108|139|2S|N|9|S2
2|3|141|83|235|118|4H|W|7|CQ
2|3|254|153|8|48|2S|N|9|C2
2|3|96|35|167|140|3S|N|9|H2
2|3|280|105|143|231|1N|W|6|CQ
2|3|138|214|68|15|2S|N|10|H7
2|3|120|135|218|196|2S|N|9|C7
2|3|193|132|110|104|3D|E|6|SJ
2|30|210|124|99|271|3N|S|10|CA
2|30|174|52|278|22|3N|S|10|CK
2|30|46|155|145|139|4H|S|9|CA
2|30|141|75|235|108|4H|S|9|CA
2|30|254|147|8|182|3N|S|10|CA
2|30|96|35|167|140|3N|S|10|CA
2|30|26|105|13|231|6D|S|12|CA
2|30|138|280|68|143|4H|S|9|CK
2|30|120|131|245|228|3N|S|10|CA
2|30|193|218|110|104|4C|W|10|D3
2|31|210|124|99|271|3C|N|8|S9
2|31|174|52|278|22|2S|E|9|C9
2|31|46|155|145|139|3N|W|10|CQ
2|31|141|75|235|108|3S|E|9|C9
2|31|254|147|8|182|3S|E|10|C9
2|31|96|35|167|140|3C|N|7|D2
2|31|26|105|13|231|3S|E|9|C9
2|31|138|280|68|143|3C|N|8|ST
2|31|120|131|245|228|2S|E|9|C9
2|31|193|218|110|104|3S|W|9|CQ
2|32|210|124|99|271|3H|S|8|SJ
2|32|174|52|278|22|4D|W|10|C2
2|32|46|155|145|139|3H|S|8|DA
2|32|141|75|235|108|3H|S|9|SJ
2|32|254|147|8|182|4H|S|9|DA
2|32|96|35|167|140|3H|S|9|C2
2|32|26|105|13|231|4D|E|10|H5
2|32|138|280|68|143|2H|S|10|SJ
2|32|120|131|245|228|5D|W|11|SK
2|32|193|218|110|104|2H|S|11|SJ
2|4|210|268|99|29|4H|S|11|CJ
2|4|124|17|271|202|4H|S|11|C2
2|4|75|155|108|139|3N|N|11|ST
2|4|141|83|235|118|3N|N|12|CJ
2|4|254|153|8|48|6H|S|11|C2
2|4|96|35|167|140|4H|N|11|CJ
2|4|280|105|143|231|4H|N|11|CJ
2|4|138|214|68|15|4H|N|11|CJ
2|4|120|135|218|196|4H|S|11|C5
2|4|193|132|110|104|3N|N|11|CJ
2|5|210|268|99|29|4D|E|8|C4
2|5|124|17|271|202|3N|E|6|C4
2|5|75|155|108|139|3N|W|6|CJ
2|5|141|83|235|118|3N|E|7|H7
2|5|254|153|8|48|3N|E|6|H7
2|5|96|35|167|140|3N|W|6|CJ
2|5|280|105|143|231|4S|E|7|H6
2|5|138|214|68|15|3D|E|8|S2
2|5|120|135|218|196|3N|W|6|C3
2|5|193|132|110|104|1N|E|6|H6
2|6|210|268|99|29|5H|W|11|DJ
2|6|124|17|271|202|4S|S|11|HK
2|6|75|155|108|139|5S|S|11|HA
2|6|141|83|235|118|4S|S|10|HK
2|6|254|153|8|48|4S|S|11|HK
2|6|96|35|167|140|4S|S|10|HA
2|6|280|105|143|231|6S|S|12|HA
2|6|138|214|68|15|4S|S|11|HK
2|6|120|135|218|196|4S|N|11|CA
2|6|193|132|110|104|4S|S|11|HK
2|7|210|268|99|29|3N|N|7|SQ
2|7|124|17|271|202|3N|S|9|CT
2|7|75|155|108|139|2S|E|8|CK
2|7|141|83|235|118|2H|S|8|CT
2|7|254|153|8|48|2N|S|8|SJ
2|7|96|35|167|140|3N|N|9|H2
2|7|280|105|143|231|2S|W|8|HT
2|7|138|214|68|15|4H|S|9|H6
2|7|120|135|218|196|3N|N|9|H5
2|7|193|132|110|104|2S|W|8|CK
2|8|210|268|99|29|5D|S|11|HT
2|8|124|17|271|202|3N|S|9|HT
2|8|75|155|108|139|5D|S|11|H2
2|8|141|83|235|118|3N|N|7|H2
2|8|254|153|8|48|5H|W|11|SA
2|8|96|35|167|140|3D|S|11|S9
2|8|280|105|143|231|5D|S|11|HT
2|8|138|214|68|15|4H|W|10|D4
2|8|120|135|218|196|5D|N|11|SQ
2|8|193|132|110|104|5D|S|10|C3
2|9|210|268|99|29|P||0
2|9|124|17|271|202|2S|W|12|HA
2|9|75|155|108|139|2S|W|10|D4
2|9|141|83|235|118|2N|E|6|DA
2|9|254|153|8|48|P||0
2|9|96|35|167|140|P||0
2|9|280|105|143|231|1S|W|10|C2
2|9|138|214|68|15|2S|W|10|C5
2|9|120|135|218|196|4S|W|10|D3
2|9|193|132|110|104|2S|E|9|D4
3|1|124|75|271|108|4H|S|8|S5
3|1|83|268|118|29|4H|S|8|ST
3|1|141|35|235|140|4H|S|9|D3
3|1|254|155|8|139|4S|W|10|H7
3|1|153|214|48|15|3H|S|9|ST
3|1|280|147|143|182|4H|S|8|ST
3|1|138|193|68|110|3N|S|6|ST
3|1|131|105|228|231|4H|S|10|D3
3|1|210|218|99|104|4H|S|7|ST
3|1|132|17|245|202|4H|S|6|ST
3|10|124|75|271|108|2S|E|8|H6
3|10|83|268|118|29|2S|W|8|C2
3|10|141|35|235|140|2S|W|7|C5
3|10|254|155|8|139|2S|W|8|C8
3|10|153|214|48|15|4S|W|8|C5
3|10|280|147|143|182|2S|W|8|HJ
3|10|138|193|68|110|2S|W|8|HJ
3|10|131|105|228|231|2S|W|7|HJ
3|10|210|218|99|104|2S|W|8|HJ
3|10|132|17|245|202|3S|W|8|C2
3|11|124|75|271|108|3D|W|10|SK
3|11|83|268|118|29|4D|W|10|SK
3|11|141|35|235|140|4H|E|10|HA
3|11|254|155|8|139|3S|N|7|HQ
3|11|153|214|48|15|5D|W|11|SK
3|11|280|147|143|182|4D|W|10|SK
3|11|138|193|68|110|4S|N|10|CK
3|11|131|105|228|231|3D|W|10|SK
3|11|210|218|99|104|4D|W|10|SK
3|11|132|17|245|202|4D|W|10|SK
3|12|124|75|271|108|4H|S|9|DA
3|12|83|268|118|29|1S|N|7|HT
3|12|141|35|235|140|3H|S|9|C4
3|12|254|155|8|139|2N|S|10|H2
3|12|153|214|48|15|3N|N|10|C8
3|12|280|147|143|182|3N|S|9|H5
3|12|138|193|68|110|3N|S|10|D5
3|12|131|105|228|231|3N|S|9|H2
3|12|210|218|99|104|3N|S|9|H2
3|12|132|17|245|202|3N|S|9|H2
3|13|124|75|271|108|P||0
3|13|83|268|118|29|1N|E|6|S6
3|13|141|35|235|140|1N|E|6|S8
3|13|254|155|8|139|1N|E|5|S4
3|13|153|214|48|15|1N|E|7|S4
3|13|280|147|143|182|1N|E|5|S7
3|13|138|193|68|110|1N|S|7|DJ
3|13|131|105|228|231|1N|E|7|S6
3|13|210|218|99|104|1N|E|5|S9
3|13|132|17|245|202|2S|S|7|C2
3|14|124|75|271|108|4H|N|10|S3
3|14|83|268|118|29|3N|S|5|SQ
3|14|141|35|235|140|4H|N|10|CT
3|14|254|155|8|139|4H|N|7|S2
3|14|153|214|48|15|4H|N|9|CT
3|14|280|147|143|182|4H|N|10|H9
3|14|138|193|68|110|3N|S|5|SQ
3|14|131|105|228|231|3N|S|7|SQ
3|14|210|218|99|104|4H|N|10|ST
3|14|132|17|245|202|4H|N|10|S5
3|15|124|75|271|108|4S|S|11|CK
3|15|83|268|118|29|3N|S|9|CK
3|15|141|35|235|140|4S|S|10|CK
3|15|254|155|8|139|4S|S|10|CK
3|15|153|214|48|15|4S|S|10|CK
3|15|280|147|143|182|4S|S|11|CK
3|15|138|193|68|110|4S|S|10|CK
3|15|131|105|228|231|3S|S|11|CK
3|15|210|218|99|104|4S|S|11|CK
3|15|132|17|245|202|4S|S|10|CK
3|16|124|75|271|108|4H|W|11|DK
3|16|83|268|118|29|4H|W|12|DK
3|16|141|35|235|140|2H|W|11|DK
3|16|254|155|8|139|4H|W|12|DK
3|16|153|214|48|15|4H|W|12|H4
3|16|280|147|143|182|4H|W|11|DQ
3|16|138|193|68|110|4H|W|11|DK
3|16|131|105|228|231|4H|W|12|DK
3|16|210|218|99|104|4H|W|11|DK
3|16|132|17|245|202|4H|W|11|DK
3|17|124|46|271|145|7S|N|13|D3
3|17|83|174|118|278|6N|S|12|S4
3|17|141|35|235|140|4N|S|12|H7
3|17|254|155|8|139|6S|N|12|H7
3|17|96|214|167|15|6S|S|12|HJ
3|17|26|153|13|48|6S|S|12|HJ
3|17|138|135|68|196|6N|N|12|C8
3|17|131|105|228|231|6S|S|13|S2
3|17|52|120|22|218|6S|N|13|C7
3|17|132|17|245|202|4S|S|13|S5
3|18|124|46|271|145|4S|S|11|S4
3|18|83|174|118|278|4S|N|10|C4
3|18|141|35|235|140|3N|S|9|S4
3|18|254|155|8|139|3N|S|9|D6
3|18|96|214|167|15|4S|N|11|D2
3|18|26|153|13|48|4S|N|11|C2
3|18|138|135|68|196|4S|S|12|H2
3|18|131|105|228|231|4S|S|11|S3
3|18|52|120|22|218|4S|S|11|C6
3|18|132|17|245|202|4S|S|11|C7
3|19|124|46|271|145|4H|S|10|SK
3|19|83|174|118|278|4H|S|10|SK
3|19|141|35|235|140|4H|S|10|HJ
3|19|254|155|8|139|6H|S|10|SK
3|19|96|214|167|15|4H|S|10|SK
3|19|26|153|13|48|4H|S|10|SK
3|19|138|135|68|196|4H|S|10|SK
3|19|131|105|228|231|4H|S|8|SK
3|19|52|120|22|218|4H|S|10|SK
3|19|132|17|245|202|4H|S|10|SK
3|2|124|75|271|108|3N|E|10|D9
3|2|83|268|118|29|3N|E|12|D9
3|2|141|35|235|140|3N|W|12|H7
3|2|254|155|8|139|6C|E|12|D8
3|2|153|214|48|15|3N|W|11|D5
3|2|280|147|143|182|3N|E|12|SQ
3|2|138|193|68|110|3N|E|12|D6
3|2|131|105|228|231|6C|E|12|D7
3|2|210|218|99|104|3N|E|11|D9
3|2|132|17|245|202|3N|W|12|D5
3|20|124|46|271|145|3N|W|10|H5
3|20|83|174|118|278|3N|W|10|S9
3|20|141|35|235|140|3N|W|9|H5
3|20|254|155|8|139|3N|W|10|H5
3|20|96|214|167|15|3N|W|6|H2
3|20|26|153|13|48|3N|W|10|HJ
3|20|138|135|68|196|5C|W|10|D3
3|20|131|105|228|231|3N|W|8|HJ
3|20|52|120|22|218|3N|W|10|H5
3|20|132|17|245|202|3N|W|9|H6
3|21|124|46|271|145|3C|S|9|SA
3|21|83|174|118|278|1S|S|6|D4
3|21|141|35|235|140|3S|W|8|D8
3|21|254|155|8|139|4C|N|9|S8
3|21|96|214|167|15|3C|S|9|SK
3|21|26|153|13|48|4N|S|9|SK
3|21|138|135|68|196|4D|E|9|CA
3|21|131|105|228|231|3D|W|10|S5
3|21|52|120|22|218|3C|N|9|DK
3|21|132|17|245|202|3C|S|9|SK
3|22|124|46|271|145|3N|S|6|DQ
3|22|83|174|118|278|3C|S|10|SA
3|22|141|35|235|140|2S|S|9|DQ
3|22|254|155|8|139|5C|N|11|C6
3|22|96|214|167|15|3N|S|6|SK
3|22|26|153|13|48|3N|S|6|DQ
3|22|138|135|68|196|2H|N|9|D5
3|22|131|105|228|231|3H|N|9|DK
3|22|52|120|22|218|6S|N|12|D8
3|22|132|17|245|202|2H|N|7|C7
3|23|124|46|271|145|4S|E|10|H6
3|23|83|174|118|278|4S|E|11|HJ
3|23|141|35|235|140|4S|E|11|S6
3|23|254|155|8|139|4S|E|11|H4
3|23|96|214|167|15|4S|E|10|HK
3|23|26|153|13|48|4S|E|11|HJ
3|23|138|135|68|196|4S|E|11|HJ
3|23|131|105|228|231|4S|E|11|HJ
3|23|52|120|22|218|4S|W|10|HJ
3|23|132|17|245|202|4S|E|11|HJ
3|24|124|46|271|145|3S|N|8|H3
3|24|83|174|118|278|4H|W|8|DQ
3|24|141|35|235|140|4S|S|10|SQ
3|24|254|155|8|139|3H|W|9|DQ
3|24|96|214|167|15|3H|W|9|DQ
3|24|26|153|13|48|3S|N|7|H2
3|24|138|135|68|196|3H|W|8|DQ
3|24|131|105|228|231|3S|N|9|S2
3|24|52|120|22|218|3H|E|9|DQ
3|24|132|17|245|202|3H|W|7|DQ
3|25|124|46|271|145|5C|E|10|SA
3|25|83|174|118|278|3C|W|9|HK
3|25|141|35|235|140|4H|S|10|CA
3|25|254|155|8|139|3H|S|10|CA
3|25|96|214|167|15|4H|S|9|CA
3|25|26|153|13|48|3D|W|10|HK
3|25|138|135|68|196|3S|N|10|CK
3|25|131|105|228|231|4C|W|9|HA
3|25|52|120|22|218|4C|W|9|HK
3|25|132|17|245|202|3H|S|10|C5
3|26|124|46|271|145|3C|N|5|C3
3|26|83|174|118|278|1N|W|6|H4
3|26|141|35|235|140|1N|W|9|H6
3|26|254|155|8|139|2S|W|8|HA
3|26|96|214|167|15|1S|W|7|DQ
3|26|26|153|13|48|1N|E|7|DJ
3|26|138|135|68|196|2D|S|8|CK
3|26|131|105|228|231|2N|W|6|H4
3|26|52|120|22|218|2S|W|8|HA
3|26|132|17|245|202|2S|W|7|HA
3|27|124|46|271|145|1N|S|7|H3
3|27|83|174|118|278|2S|S|5|HK
3|27|141|35|235|140|1N|S|7|H6
3|27|254|155|8|139|1N|S|3|H3
3|27|96|214|167|15|2N|W|9|S4
3|27|26|153|13|48|3N|W|9|S6
3|27|138|135|68|196|4H|E|11|D3
3|27|131|105|228|231|2S|S|6|CK
3|27|52|120|22|218|1N|W|11|D7
3|27|132|17|245|202|4H|E|11|D4
3|28|124|46|271|145|2H|W|8|DA
3|28|83|174|118|278|2S|E|7|DK
3|28|141|35|235|140|2H|W|6|DA
3|28|254|155|8|139|2H|W|7|DA
3|28|96|214|167|15|3N|S|9|CK
3|28|26|153|13|48|2D|N|9|HA
3|28|138|135|68|196|2H|W|8|CA
3|28|131|105|228|231|2H|W|7|DA
3|28|52|120|22|218|2D|N|9|HA
3|28|132|17|245|202|2S|E|6|DK
3|29|124|46|271|145|4S|N|10|H8
3|29|83|174|118|278|5D|S|12|HA
3|29|141|35|235|140|5D|S|11|HA
3|29|254|155|8|139|4S|N|10|HK
3|29|96|214|167|15|4D|S|10|S3
3|29|26|153|13|48|4S|N|11|H8
3|29|138|135|68|196|5D|S|12|HA
3|29|131|105|228|231|5D|S|12|HA
3|29|52|120|22|218|5D|S|12|HA
3|29|132|17|245|202|3H|W|7|C9
3|3|124|75|271|108|4S|E|10|H4
3|3|83|268|118|29|4S|E|11|S9
3|3|141|35|235|140|4S|E|11|CA
3|3|254|155|8|139|4S|E|10|CA
3|3|153|214|48|15|4S|E|11|D8
3|3|280|147|143|182|4S|E|11|CA
3|3|138|193|68|110|4S|E|11|S9
3|3|131|105|228|231|4S|E|11|D7
3|3|210|218|99|104|4S|E|12|D5
3|3|132|17|245|202|4S|E|11|D3
3|30|124|46|271|145|3D|E|8|HQ
3|30|83|174|118|278|5C|N|8|SA
3|30|141|35|235|140|5C|N|8|SA
3|30|254|155|8|139|5C|N|8|SA
3|30|96|214|167|15|3D|W|9|S3
3|30|26|153|13|48|5C|N|11|D2
3|30|138|135|68|196|4S|E|10|HQ
3|30|131|105|228|231|5C|S|8|S6
3|30|52|120|22|218|4C|N|8|H6
3|30|132|17|245|202|3N|S|7|D7
3|31|124|46|271|145|3N|W|9|C9
3|31|83|174|118|278|3N|W|9|C4
3|31|141|35|235|140|3N|W|10|C9
3|31|254|155|8|139|3N|W|10|C6
3|31|96|214|167|15|3N|W|7|S2
3|31|26|153|13|48|3N|W|7|CT
3|31|138|135|68|196|3N|W|9|C6
3|31|131|105|228|231|3N|W|9|C4
3|31|52|120|22|218|3N|W|9|C6
3|31|132|17|245|202|3N|W|7|S5
3|32|124|46|271|145|2S|W|7|DK
3|32|83|174|118|278|2S|W|8|ST
3|32|141|35|235|140|2S|W|8|ST
3|32|254|155|8|139|3D|N|8|CK
3|32|96|214|167|15|3S|W|8|DQ
3|32|26|153|13|48|2S|W|8|DQ
3|32|138|135|68|196|2S|W|8|ST
3|32|131|105|228|231|2S|W|8|DK
3|32|52|120|22|218|2S|W|9|ST
3|32|132|17|245|202|3D|N|8|S7
3|4|124|75|271|108|3C|W|6|S2
3|4|83|268|118|29|2S|N|9|H3
3|4|141|35|235|140|2D|S|10|HA
3|4|254|155|8|139|3D|S|10|HA
3|4|153|214|48|15|P||0
3|4|280|147|143|182|2S|N|8|H3
3|4|138|193|68|110|2S|N|9|C7
3|4|131|105|228|231|3D|S|10|HA
3|4|210|218|99|104|2N|S|8|H6
3|4|132|17|245|202|3D|S|10|HK
3|5|124|75|271|108|4D|W|8|S4
3|5|83|268|118|29|1N|W|7|S4
3|5|141|35|235|140|2D|W|9|S2
3|5|254|155|8|139|1N|W|7|S2
3|5|153|214|48|15|5D|W|8|S2
3|5|280|147|143|182|3D|W|9|S4
3|5|138|193|68|110|3D|W|10|C5
3|5|131|105|228|231|3D|W|9|S3
3|5|210|218|99|104|2H|S|8|CA
3|5|132|17|245|202|1N|E|5|HQ
3|6|124|75|271|108|2D|N|9|D4
3|6|83|268|118|29|3D|S|9|D6
3|6|141|35|235|140|3D|N|9|SA
3|6|254|155|8|139|1D|S|9|H5
3|6|153|214|48|15|2C|W|9|D3
3|6|280|147|143|182|2H|S|9|H9
3|6|138|193|68|110|1D|S|9|H5
3|6|131|105|228|231|2D|S|9|H5
3|6|210|218|99|104|1D|S|9|H9
3|6|132|17|245|202|2D|S|9|SA
3|7|124|75|271|108|3N|S|10|HK
3|7|83|268|118|29|3N|S|7|HK
3|7|141|35|235|140|2S|N|8|H8
3|7|254|155|8|139|2N|S|9|HK
3|7|153|214|48|15|3D|S|9|HK
3|7|280|147|143|182|3D|S|9|S7
3|7|138|193|68|110|2H|W|8|SA
3|7|131|105|228|231|1N|S|8|HK
3|7|210|218|99|104|2S|S|9|HK
3|7|132|17|245|202|2N|S|7|HK
3|8|124|75|271|108|3N|W|9|HK
3|8|83|268|118|29|4S|W|8|HK
3|8|141|35|235|140|3N|W|10|D8
3|8|254|155|8|139|3N|E|9|S4
3|8|153|214|48|15|3N|W|8|H7
3|8|280|147|143|182|3N|E|9|S4
3|8|138|193|68|110|3N|E|10|S4
3|8|131|105|228|231|6C|W|10|HQ
3|8|210|218|99|104|3N|W|9|H7
3|8|132|17|245|202|3N|E|9|S4
3|9|124|75|271|108|4H|W|10|C8
3|9|83|268|118|29|4H|W|10|SJ
3|9|141|35|235|140|4H|E|10|DT
3|9|254|155|8|139|3N|W|9|D8
3|9|153|214|48|15|4H|E|10|DT
3|9|280|147|143|182|3N|W|9|SJ
3|9|138|193|68|110|4H|E|10|DT
3|9|131|105|228|231|4H|E|10|DT
3|9|210|218|99|104|4H|W|10|SJ
3|9|132|17|245|202|4H|E|10|S2
4|1|35|124|140|271|2D|S|9|C4
4|1|174|254|278|8|3D|S|10|H6
4|1|248|232|56|119|3S|W|7|DK
4|1|141|26|139|13|3N|N|9|SJ
4|1|131|147|228|182|2D|S|9|C4
4|1|96|193|167|110|2D|S|10|C4
4|1|218|105|104|231|3D|S|10|S2
4|1|138|132|68|245|2D|N|10|CT
4|1|52|46|22|145|3N|N|8|SJ
4|1|75|17|108|202|3S|W|6|DK
4|10|35|124|140|271|2S|W|9|D3
4|10|174|254|278|8|P||0
4|10|248|232|56|119|2S|W|8|CJ
4|10|141|26|139|13|2N|E|7|H7
4|10|131|147|228|182|3S|E|8|D3
4|10|96|193|167|110|3S|W|8|H3
4|10|218|105|104|231|3H|N|7|HJ
4|10|138|132|68|245|3S|W|8|CJ
4|10|52|46|22|145|3H|N|9|CA
4|10|75|17|108|202|3S|W|8|D3
4|11|35|124|140|271|4S|N|7|HA
4|11|174|254|278|8|3N|E|7|H6
4|11|248|232|56|119|4C|W|10|SA
4|11|141|26|139|13|3N|E|10|S8
4|11|131|147|228|182|5C|W|10|SA
4|11|96|193|167|110|4C|W|10|SK
4|11|218|105|104|231|6C|W|10|SA
4|11|138|132|68|245|4C|W|10|SA
4|11|52|46|22|145|3S|N|9|DK
4|11|75|17|108|202|5C|W|10|SA
4|12|35|124|140|271|5C|N|11|HA
4|12|174|254|278|8|4N|N|9|S6
4|12|248|232|56|119|5C|N|11|SA
4|12|141|26|139|13|5C|N|11|HA
4|12|131|147|228|182|5C|N|10|HA
4|12|96|193|167|110|4H|E|7|CK
4|12|218|105|104|231|5C|N|11|HA
4|12|138|132|68|245|5C|N|11|HA
4|12|52|46|22|145|5C|N|10|HA
4|12|75|17|108|202|5C|N|11|HA
4|13|35|124|140|271|6H|E|11|HJ
4|13|174|254|278|8|4S|E|12|HJ
4|13|248|232|56|119|6N|E|12|HJ
4|13|141|26|139|13|6D|W|11|CT
4|13|131|147|228|182|5D|E|11|HJ
4|13|96|193|167|110|4H|W|11|CT
4|13|218|105|104|231|3N|W|12|CT
4|13|138|132|68|245|3N|E|12|HJ
4|13|52|46|22|145|3N|E|12|HJ
4|13|75|17|108|202|4S|W|12|CT
4|14|35|124|140|271|1N|E|5|S6
4|14|174|254|278|8|3C|W|9|C2
4|14|248|232|56|119|2N|E|7|H3
4|14|141|26|139|13|3N|W|7|D7
4|14|131|147|228|182|1N|E|7|DJ
4|14|96|193|167|110|3C|W|9|HJ
4|14|218|105|104|231|2H|W|6|D6
4|14|138|132|68|245|3C|E|9|DJ
4|14|52|46|22|145|3C|W|8|C2
4|14|75|17|108|202|2C|W|9|D6
4|15|35|124|140|271|4H|S|11|DQ
4|15|174|254|278|8|4H|S|11|DQ
4|15|248|232|56|119|4H|S|10|DQ
4|15|141|26|139|13|3N|S|10|S6
4|15|131|147|228|182|4H|S|10|DQ
4|15|96|193|167|110|4H|S|10|DQ
4|15|218|105|104|231|4H|S|10|DQ
4|15|138|132|68|245|6H|S|11|DQ
4|15|52|46|22|145|4H|S|10|DQ
4|15|75|17|108|202|4H|S|10|DQ
4|16|35|124|140|271|4S|W|8|HA
4|16|174|254|278|8|5C|N|11|SK
4|16|248|232|56|119|5C|S|11|SA
4|16|141|26|139|13|5S|W|11|HA
4|16|131|147|228|182|5S|W|11|HA
4|16|96|193|167|110|5S|W|9|HK
4|16|218|105|104|231|6C|S|12|SA
4|16|138|132|68|245|5C|N|11|SK
4|16|52|46|22|145|5C|S|11|H4
4|16|75|17|108|202|3N|N|8|S2
4|17|35|124|140|271|5H|N|12|ST
4|17|174|249|278|112|4H|N|12|SQ
4|17|26|232|13|119|4H|S|12|C3
4|17|141|280|235|143|4H|N|12|H6
4|17|131|147|228|182|4H|S|12|S3
4|17|153|193|48|110|4H|N|12|H5
4|17|218|105|104|231|4H|N|12|H5
4|17|138|132|68|245|5H|S|12|S2
4|17|210|83|99|118|4H|N|12|H5
4|17|75|17|108|202|4H|S|12|DT
4|18|35|124|140|271|5C|E|11|CT
4|18|174|249|278|112|4H|W|8|DK
4|18|26|232|13|119|3S|N|10|CQ
4|18|141|280|235|143|5C|E|10|S9
4|18|131|147|228|182|5C|E|11|S2
4|18|153|193|48|110|4S|N|9|CA
4|18|218|105|104|231|4S|N|10|CA
4|18|138|132|68|245|3C|E|9|S9
4|18|210|83|99|118|4H|W|8|DK
4|18|75|17|108|202|3S|N|10|CK
4|19|35|124|140|271|2N|N|10|SQ
4|19|174|249|278|112|2N|S|9|H4
4|19|26|232|13|119|2N|N|9|S6
4|19|141|280|235|143|1N|N|9|SQ
4|19|131|147|228|182|2N|S|9|H6
4|19|153|193|48|110|2N|N|10|S8
4|19|218|105|104|231|2D|S|9|S2
4|19|138|132|68|245|2N|S|8|H4
4|19|210|83|99|118|3D|S|11|H2
4|19|75|17|108|202|2D|S|8|S2
4|2|35|124|140|271|2N|W|8|D8
4|2|174|254|278|8|2N|W|8|D8
4|2|248|232|56|119|2S|E|10|C8
4|2|141|26|139|13|2N|W|10|D2
4|2|131|147|228|182|3N|W|8|D8
4|2|96|193|167|110|2N|W|8|H5
4|2|218|105|104|231|1N|W|9|H7
4|2|138|132|68|245|3S|W|9|H5
4|2|52|46|22|145|3N|W|8|D2
4|2|75|17|108|202|3S|E|10|HQ
4|20|35|124|140|271|6C|W|11|HA
4|20|174|249|278|112|3N|W|9|S2
4|20|26|232|13|119|3D|E|9|S2
4|20|141|280|235|143|3N|W|9|HT
4|20|131|147|228|182|3N|E|10|S9
4|20|153|193|48|110|3N|E|8|H6
4|20|218|105|104|231|3N|E|8|H6
4|20|138|132|68|245|3N|W|9|S3
4|20|210|83|99|118|3N|E|9|H9
4|20|75|17|108|202|3N|W|9|H7
4|21|35|124|140|271|3H|S|10|D4
4|21|174|249|278|112|2H|N|9|D5
4|21|26|232|13|119|3H|S|9|D6
4|21|141|280|235|143|4H|S|9|SA
4|21|131|147|228|182|3H|S|9|D4
4|21|153|193|48|110|4S|E|9|H4
4|21|218|105|104|231|3H|S|9|DT
4|21|138|132|68|245|4H|N|9|D5
4|21|210|83|99|118|4S|W|10|S2
4|21|75|17|108|202|4H|S|9|SA
4|22|35|124|140|271|3C|N|11|S6
4|22|174|249|278|112|3C|N|11|H6
4|22|26|232|13|119|3N|S|10|S6
4|22|141|280|235|143|3N|S|11|SQ
4|22|131|147|228|182|3C|S|11|DQ
4|22|153|193|48|110|2C|S|11|C7
4|22|218|105|104|231|3N|S|11|SQ
4|22|138|132|68|245|1N|N|10|S6
4|22|210|83|99|118|2N|S|11|DQ
4|22|75|17|108|202|3N|S|10|SQ
4|23|35|124|140|271|1N|S|9|HQ
4|23|174|249|278|112|3S|W|7|CA
4|23|26|232|13|119|3N|S|10|HQ
4|23|141|280|235|143|3C|N|10|DA
4|23|131|147|228|182|1N|S|9|DT
4|23|153|193|48|110|3N|S|9|HQ
4|23|218|105|104|231|2S|W|6|CA
4|23|138|132|68|245|5C|N|10|DA
4|23|210|83|99|118|1N|S|9|S5
4|23|75|17|108|202|3N|N|8|DQ
4|24|35|124|140|271|3N|N|10|D3
4|24|174|249|278|112|3N|N|8|DA
4|24|26|232|13|119|5D|E|11|CA
4|24|141|280|235|143|3N|N|10|DT
4|24|131|147|228|182|3N|N|10|DJ
4|24|153|193|48|110|3C|S|11|S5
4|24|218|105|104|231|3N|N|9|H4
4|24|138|132|68|245|3N|N|9|S6
4|24|210|83|99|118|3N|N|10|DJ
4|24|75|17|108|202|5C|S|11|S5
4|25|35|124|140|271|5H|E|11|D8
4|25|174|249|278|112|5H|E|11|DT
4|25|26|232|13|119|6H|E|12|H2
4|25|141|280|235|143|5H|E|11|D9
4|25|131|147|228|182|4H|E|11|DT
4|25|153|193|48|110|6H|E|11|DT
4|25|218|105|104|231|7H|E|13|DT
4|25|138|132|68|245|4H|E|11|DT
4|25|210|83|99|118|5H|W|11|C9
4|25|75|17|108|202|5H|E|11|D8
4|26|35|124|140|271|3N|E|8|C8
4|26|174|249|278|112|3N|E|8|C3
4|26|26|232|13|119|1N|W|9|D7
4|26|141|280|235|143|1N|W|8|D7
4|26|131|147|228|182|1N|E|9|SK
4|26|153|193|48|110|1N|W|8|S5
4|26|218|105|104|231|2N|E|8|C3
4|26|138|132|68|245|2N|E|9|C3
4|26|210|83|99|118|1N|E|7|C4
4|26|75|17|108|202|1N|E|8|C3
4|27|35|124|140|271|1N|W|5|S3
4|27|174|249|278|112|3H|S|9|D7
4|27|26|232|13|119|3D|N|9|SK
4|27|141|280|235|143|2D|S|9|D2
4|27|131|147|228|182|3D|N|9|H4
4|27|153|193|48|110|P||0
4|27|218|105|104|231|3D|S|10|HT
4|27|138|132|68|245|1N|S|7|C5
4|27|210|83|99|118|P||0
4|27|75|17|108|202|3D|S|9|D2
4|28|35|124|140|271|3N|N|11|C6
4|28|174|249|278|112|4H|N|11|CA
4|28|26|232|13|119|3N|N|11|C5
4|28|141|280|235|143|4H|N|11|CA
4|28|131|147|228|182|3N|N|11|C5
4|28|153|193|48|110|4H|N|11|CA
4|28|218|105|104|231|4H|N|12|CA
4|28|138|132|68|245|4H|N|11|S4
4|28|210|83|99|118|4H|N|11|DA
4|28|75|17|108|202|4H|N|11|S8
4|29|35|124|140|271|5D|S|11|HK
4|29|174|249|278|112|5D|S|11|HK
4|29|26|232|13|119|5D|S|11|HK
4|29|141|280|235|143|4S|E|10|DA
4|29|131|147|228|182|5D|S|11|HK
4|29|153|193|48|110|5C|S|10|HK
4|29|218|105|104|231|5D|S|11|HK
4|29|138|132|68|245|5C|N|10|HA
4|29|210|83|99|118|5C|S|10|HK
4|29|75|17|108|202|4C|S|11|HK
4|3|35|124|140|271|1N|E|6|H6
4|3|174|254|278|8|1N|E|7|DA
4|3|248|232|56|119|2C|N|8|S4
4|3|141|26|139|13|1N|N|5|DJ
4|3|131|147|228|182|2H|S|7|H3
4|3|96|193|167|110|1N|E|6|H2
4|3|218|105|104|231|2H|S|6|H3
4|3|138|132|68|245|1N|N|7|DJ
4|3|52|46|22|145|1N|N|5|DJ
4|3|75|17|108|202|1N|N|7|DJ
4|30|35|124|140|271|3N|E|10|SQ
4|30|174|249|278|112|3N|E|11|H2
4|30|26|232|13|119|3N|W|12|D3
4|30|141|280|235|143|3N|E|12|C7
4|30|131|147|228|182|3N|W|11|H3
4|30|153|193|48|110|3N|E|12|C7
4|30|218|105|104|231|3N|W|10|S8
4|30|138|132|68|245|3N|E|12|C3
4|30|210|83|99|118|3N|E|11|C8
4|30|75|17|108|202|4H|W|11|S6
4|31|35|124|140|271|5S|S|12|H4
4|31|174|249|278|112|4S|S|13|H5
4|31|26|232|13|119|4S|S|12|D6
4|31|141|280|235|143|4S|S|12|C4
4|31|131|147|228|182|4S|S|12|H3
4|31|153|193|48|110|6S|S|12|H8
4|31|218|105|104|231|4S|S|13|D3
4|31|138|132|68|245|4S|S|12|D5
4|31|210|83|99|118|4S|S|13|D6
4|31|75|17|108|202|4S|S|13|D3
4|32|35|124|140|271|3N|N|11|SJ
4|32|174|249|278|112|3N|N|11|SJ
4|32|26|232|13|119|3N|N|8|SJ
4|32|141|280|235|143|5C|S|9|SK
4|32|131|147|228|182|3N|S|8|S2
4|32|153|193|48|110|3N|N|10|D6
4|32|218|105|104|231|3N|N|11|SJ
4|32|138|132|68|245|3N|N|11|SJ
4|32|210|83|99|118|3N|S|8|S2
4|32|75|17|108|202|3N|N|9|D4
4|4|35|124|140|271|3S|W|9|CA
4|4|174|254|278|8|4S|W|9|CA
4|4|248|232|56|119|4S|W|8|CA
4|4|141|26|139|13|4S|W|8|CA
4|4|131|147|228|182|4S|W|8|CA
4|4|96|193|167|110|4S|W|10|CA
4|4|218|105|104|231|4S|W|9|CA
4|4|138|132|68|245|4S|W|9|D5
4|4|52|46|22|145|4S|W|8|D5
4|4|75|17|108|202|3S|W|8|CA
4|5|35|124|140|271|5C|E|11|S4
4|5|174|254|278|8|3N|E|7|S6
4|5|248|232|56|119|3N|W|8|S6
4|5|141|26|139|13|3N|W|8|S2
4|5|131|147|228|182|3N|W|8|S6
4|5|96|193|167|110|3N|W|10|H2
4|5|218|105|104|231|3N|W|8|S6
4|5|138|132|68|245|3N|W|8|S2
4|5|52|46|22|145|3N|W|8|S6
4|5|75|17|108|202|3N|W|10|S6
4|6|35|124|140|271|3C|W|9|DA
4|6|174|254|278|8|3C|W|8|DA
4|6|248|232|56|119|3N|S|9|CA
4|6|141|26|139|13|3D|S|9|CA
4|6|131|147|228|182|3C|W|8|DA
4|6|96|193|167|110|1N|S|5|CA
4|6|218|105|104|231|3D|N|9|CQ
4|6|138|132|68|245|2D|N|9|CQ
4|6|52|46|22|145|3H|S|8|CA
4|6|75|17|108|202|3H|S|8|CK
4|7|35|124|140|271|6S|E|13|S4
4|7|174|254|278|8|6S|E|13|H7
4|7|248|232|56|119|7S|E|13|C2
4|7|141|26|139|13|4S|E|13|DT
4|7|131|147|228|182|6S|E|13|C3
4|7|96|193|167|110|4S|E|13|DT
4|7|218|105|104|231|4S|W|13|HK
4|7|138|132|68|245|4S|E|13|C3
4|7|52|46|22|145|6S|W|13|C3
4|7|75|17|108|202|6S|E|13|C2
4|8|35|124|140|271|4S|W|10|HA
4|8|174|254|278|8|4H|N|10|C4
4|8|248|232|56|119|4H|N|11|C5
4|8|141|26|139|13|4H|W|10|HA
4|8|131|147|228|182|4H|N|10|H3
4|8|96|193|167|110|4S|W|10|HK
4|8|218|105|104|231|5H|N|10|C5
4|8|138|132|68|245|5C|W|11|CJ
4|8|52|46|22|145|4H|N|10|C4
4|8|75|17|108|202|5H|S|10|CK
4|9|35|124|140|271|2S|N|6|DK
4|9|174|254|278|8|2S|N|6|CT
4|9|248|232|56|119|2H|W|7|D5
4|9|141|26|139|13|P||0
4|9|131|147|228|182|1N|E|5|S3
4|9|218|105|104|231|P||0
4|9|138|132|68|245|1N|N|6|CT
4|9|52|46|22|145|P||0
4|9|75|17|108|202|2S|S|6|CA
5|1|174|280|278|143|3D|W|9|SA
5|1|248|124|56|271|3N|W|9|SJ
5|1|139|131|235|228|3D|E|9|C3
5|1|193|232|110|119|3N|E|6|S9
5|1|96|105|167|231|3D|W|7|HK
5|1|138|153|68|48|3N|W|7|SQ
5|1|35|17|140|202|4H|E|10|S9
5|1|52|249|22|112|2D|W|9|SA
5|1|83|132|118|245|2S|N|7|D9
5|1|218|46|104|145|4H|E|8|S9
5|10|174|280|278|143|3N|W|8|HA
5|10|248|124|56|271|3N|E|8|C4
5|10|139|131|235|228|3N|E|11|HT
5|10|193|232|110|119|3N|E|9|SJ
5|10|96|105|167|231|3N|E|9|D2
5|10|138|153|68|48|3N|E|9|HT
5|10|35|17|140|202|3D|E|10|H4
5|10|52|249|22|112|4S|W|9|HA
5|10|83|132|118|245|2N|W|10|H5
5|10|218|46|104|145|3D|E|8|HT
5|11|174|280|278|143|1N|S|8|H8
5|11|248|124|56|271|5D|S|11|H7
5|11|139|131|235|228|2H|W|7|SA
5|11|193|232|110|119|5C|S|11|H4
5|11|96|105|167|231|5D|S|11|H8
5|11|138|153|68|48|4C|S|11|H8
5|11|35|17|140|202|3N|N|6|H3
5|11|52|249|22|112|5D|S|11|H8
5|11|83|132|118|245|5D|S|11|H7
5|11|218|46|104|145|4D|S|11|H7
5|12|174|280|278|143|2H|E|9|S9
5|12|248|124|56|271|3H|E|9|C4
5|12|139|131|235|228|2H|W|10|C5
5|12|193|232|110|119|2H|E|9|D5
5|12|96|105|167|231|2H|E|10|C2
5|12|138|153|68|48|2H|W|10|S2
5|12|35|17|140|202|2H|E|9|S9
5|12|52|249|22|112|3H|E|9|S2
5|12|83|132|118|245|2H|W|9|DK
5|12|218|46|104|145|2H|E|9|C4
5|13|174|280|278|143|2S|E|7|H4
5|13|248|124|56|271|2H|N|5|DA
5|13|139|131|235|228|2S|S|5|C3
5|13|193|232|110|119|1S|W|7|H4
5|13|96|105|167|231|2H|N|6|C2
5|13|138|153|68|48|2C|S|5|SA
5|13|35|17|140|202|1S|E|6|H4
5|13|52|249|22|112|2C|S|6|SA
5|13|83|132|118|245|2D|N|3|S2
5|13|218|46|104|145|3C|S|6|SA
5|14|174|280|278|143|3S|S|9|DA
5|14|248|124|56|271|5D|E|10|C6
5|14|139|131|235|228|3N|W|10|SK
5|14|193|232|110|119|3N|E|9|SK
5|14|96|105|167|231|3N|E|10|SK
5|14|138|153|68|48|3N|E|9|SK
5|14|35|17|140|202|3N|E|9|SK
5|14|52|249|22|112|5D|E|8|SK
5|14|83|132|118|245|3S|S|9|CA
5|14|218|46|104|145|4D|E|10|C6
5|15|174|280|278|143|3N|E|6|SK
5|15|248|124|56|271|5C|W|10|DA
5|15|139|131|235|228|4C|E|10|SK
5|15|193|232|110|119|5C|W|8|DK
5|15|96|105|167|231|3C|W|10|DK
5|15|138|153|68|48|2H|W|7|DA
5|15|35|17|140|202|3D|N|9|H5
5|15|52|249|22|112|4C|W|8|S2
5|15|83|132|118|245|2H|W|8|S3
5|15|218|46|104|145|3D|N|9|H9
5|16|174|280|278|143|3N|N|7|DT
5|16|248|124|56|271|3N|N|8|D5
5|16|139|131|235|228|3N|N|8|D3
5|16|193|232|110|119|2N|N|8|D5
5|16|96|105|167|231|3N|N|9|DT
5|16|138|153|68|48|2S|S|9|H3
5|16|35|17|140|202|2N|N|9|D5
5|16|52|249|22|112|2S|S|6|CA
5|16|83|132|118|245|3N|N|8|DT
5|16|218|46|104|145|3N|N|11|D5
5|17|174|280|278|143|2D|S|6|C6
5|17|26|124|13|271|3D|S|7|HK
5|17|141|131|139|228|3D|S|6|C6
5|17|193|232|110|119|3D|S|9|C5
5|17|147|138|182|68|2D|S|7|C5
5|17|105|96|231|167|2S|S|6|C7
5|17|249|210|112|99|2S|S|5|C6
5|17|52|254|22|8|2D|S|6|C7
5|17|75|132|108|245|2D|S|6|C6
5|17|218|46|104|145|2D|S|7|C6
5|18|174|280|278|143|4H|S|10|DJ
5|18|26|124|13|271|4H|N|10|DJ
5|18|141|131|139|228|4H|S|10|DJ
5|18|193|232|110|119|4H|S|10|DJ
5|18|147|138|182|68|4H|S|10|DJ
5|18|105|96|231|167|4H|S|10|DJ
5|18|249|210|112|99|4H|S|10|DJ
5|18|52|254|22|8|4H|N|10|H3
5|18|75|132|108|245|4H|N|10|D2
5|18|218|46|104|145|4H|N|10|H3
5|19|174|280|278|143|4H|N|11|DK
5|19|26|124|13|271|4H|S|10|CQ
5|19|141|131|139|228|4H|N|11|D4
5|19|193|232|110|119|4S|S|11|C6
5|19|147|138|182|68|5H|N|10|CQ
5|19|105|96|231|167|4H|S|11|C6
5|19|249|210|112|99|4H|S|11|C6
5|19|52|254|22|8|5H|N|11|DK
5|19|75|132|108|245|4S|S|11|C6
5|19|218|46|104|145|4H|N|10|CQ
5|2|174|280|278|143|2S|S|8|D7
5|2|248|124|56|271|3D|E|6|HT
5|2|139|131|235|228|1N|E|5|ST
5|2|193|232|110|119|2N|W|6|S8
5|2|96|105|167|231|2N|W|7|H7
5|2|138|153|68|48|3N|E|8|HT
5|2|35|17|140|202|2D|N|5|CJ
5|2|52|249|22|112|2N|W|7|S7
5|2|83|132|118|245|2S|S|8|HA
5|2|218|46|104|145|3N|W|5|S8
5|20|174|280|278|143|4S|N|9|HK
5|20|26|124|13|271|4H|W|9|D4
5|20|141|131|139|228|4S|N|10|HK
5|20|193|232|110|119|4S|N|10|HK
5|20|147|138|182|68|4S|S|11|DJ
5|20|105|96|231|167|5D|S|10|HA
5|20|249|210|112|99|4D|S|11|HA
5|20|52|254|22|8|4S|N|10|C8
5|20|75|132|108|245|4S|N|9|HK
5|20|218|46|104|145|4S|S|11|HA
5|21|174|280|278|143|2S|W|9|HJ
5|21|26|124|13|271|4D|E|10|D2
5|21|141|131|139|228|2S|W|8|HJ
5|21|193|232|110|119|3D|E|9|S9
5|21|147|138|182|68|4S|W|10|HJ
5|21|105|96|231|167|4D|E|9|HA
5|21|249|210|112|99|3S|W|9|H4
5|21|52|254|22|8|3S|W|9|HJ
5|21|75|132|108|245|3D|E|10|D6
5|21|218|46|104|145|3D|E|9|D6
5|22|174|280|278|143|3N|W|11|S3
5|22|26|124|13|271|5D|E|11|S7
5|22|141|131|139|228|5D|E|11|HA
5|22|193|232|110|119|5D|E|10|S7
5|22|147|138|182|68|5D|E|11|HA
5|22|105|96|231|167|3N|W|10|H5
5|22|249|210|112|99|5D|E|10|HA
5|22|52|254|22|8|3N|E|10|H5
5|22|75|132|108|245|5D|E|10|S7
5|22|218|46|104|145|3N|W|9|H4
5|23|174|280|278|143|2H|W|7|C9
5|23|26|124|13|271|2H|W|7|C6
5|23|141|131|139|228|2D|S|10|HA
5|23|193|232|110|119|2D|S|10|S9
5|23|147|138|182|68|3D|S|11|S9
5|23|105|96|231|167|3N|S|9|H7
5|23|249|210|112|99|2D|S|10|DJ
5|23|52|254|22|8|3N|S|9|H7
5|23|75|132|108|245|3D|N|10|H6
5|23|218|46|104|145|2D|S|10|S7
5|24|174|280|278|143|4S|W|9|DT
5|24|26|124|13|271|2S|W|9|S4
5|24|141|131|139|228|3S|E|9|H7
5|24|193|232|110|119|2S|W|9|S4
5|24|147|138|182|68|3S|W|9|DT
5|24|105|96|231|167|1N|E|6|H7
5|24|249|210|112|99|3S|E|9|DA
5|24|52|254|22|8|3S|W|9|DT
5|24|75|132|108|245|2S|W|9|DT
5|24|218|46|104|145|2S|W|9|DT
5|25|174|280|278|143|5H|W|11|CA
5|25|26|124|13|271|5C|N|11|SK
5|25|141|131|139|228|5C|N|11|H3
5|25|193|232|110|119|5H|E|11|C7
5|25|147|138|182|68|6C|N|12|SK
5|25|105|96|231|167|5H|W|11|CA
5|25|249|210|112|99|5C|N|11|SK
5|25|52|254|22|8|5S|E|11|H4
5|25|75|132|108|245|6C|N|12|SK
5|25|218|46|104|145|6H|E|11|D2
5|26|174|280|278|143|2S|E|7|C7
5|26|26|124|13|271|2H|W|6|CK
5|26|141|131|139|228|2D|E|7|HJ
5|26|193|232|110|119|2D|E|8|D9
5|26|147|138|182|68|2H|W|8|CA
5|26|105|96|231|167|2S|E|8|HJ
5|26|249|210|112|99|2S|E|8|C5
5|26|52|254|22|8|2H|W|6|CA
5|26|75|132|108|245|2D|E|8|HJ
5|26|218|46|104|145|3H|W|6|CA
5|27|174|280|278|143|4H|E|12|C2
5|27|26|124|13|271|4H|E|12|D2
5|27|141|131|139|228|4H|E|12|C3
5|27|193|232|110|119|4H|W|11|H4
5|27|147|138|182|68|4H|W|11|DK
5|27|105|96|231|167|3D|N|8|S9
5|27|249|210|112|99|4H|W|11|H4
5|27|52|254|22|8|4H|E|10|D2
5|27|75|132|108|245|4H|E|12|C7
5|27|218|46|104|145|4H|E|12|C2
5|28|174|280|278|143|4H|W|12|DA
5|28|26|124|13|271|6C|E|11|DA
5|28|141|131|139|228|4H|W|12|DA
5|28|193|232|110|119|4H|W|12|DK
5|28|147|138|182|68|4H|W|12|DA
5|28|105|96|231|167|5H|W|12|DA
5|28|249|210|112|99|4H|W|12|DK
5|28|52|254|22|8|4H|E|12|DA
5|28|75|132|108|245|4H|W|12|DA
5|28|218|46|104|145|4H|W|12|DA
5|29|174|280|278|143|2N|E|7|D2
5|29|26|124|13|271|2N|E|9|H6
5|29|141|131|139|228|2N|E|9|H6
5|29|193|232|110|119|3N|E|9|H4
5|29|147|138|182|68|3N|E|9|H6
5|29|105|96|231|167|3N|E|9|H8
5|29|249|210|112|99|2N|E|9|H9
5|29|52|254|22|8|3N|E|9|H6
5|29|75|132|108|245|3H|S|7|S2
5|29|218|46|104|145|2N|E|9|H8
5|3|174|280|278|143|6N|N|13|H6
5|3|248|124|56|271|6N|N|13|C5
5|3|139|131|235|228|6N|N|13|C3
5|3|193|232|110|119|7H|S|12|S6
5|3|96|105|167|231|7N|N|13|S2
5|3|138|153|68|48|6S|S|13|C6
5|3|35|17|140|202|7H|S|13|C7
5|3|52|249|22|112|6N|S|13|H3
5|3|83|132|118|245|6N|N|13|C3
5|3|218|46|104|145|6N|N|13|S2
5|30|174|280|278|143|3C|E|9|SK
5|30|26|124|13|271|3H|E|11|C6
5|30|141|131|139|228|4D|N|8|CK
5|30|193|232|110|119|2C|W|9|D4
5|30|147|138|182|68|2D|S|8|CQ
5|30|105|96|231|167|2D|S|8|CK
5|30|249|210|112|99|5C|E|9|SK
5|30|52|254|22|8|4C|E|11|DA
5|30|75|132|108|245|4C|E|9|SK
5|30|218|46|104|145|3H|E|11|SK
5|31|174|280|278|143|4H|N|12|S8
5|31|26|124|13|271|4H|N|12|D8
5|31|141|131|139|228|4H|N|12|D8
5|31|193|232|110|119|5H|N|12|S2
5|31|147|138|182|68|4H|N|12|D6
5|31|105|96|231|167|4H|N|12|S2
5|31|249|210|112|99|5H|N|12|S4
5|31|52|254|22|8|4H|S|12|D2
5|31|75|132|108|245|5H|N|12|D8
5|31|218|46|104|145|5H|N|12|S4
5|32|174|280|278|143|2C|N|8|DA
5|32|26|124|13|271|2D|W|7|CA
5|32|141|131|139|228|2C|N|9|DA
5|32|193|232|110|119|3S|W|6|CK
5|32|147|138|182|68|2S|N|7|DA
5|32|105|96|231|167|2N|W|6|CK
5|32|249|210|112|99|2C|N|8|C9
5|32|52|254|22|8|2C|N|9|C9
5|32|75|132|108|245|2C|N|8|C6
5|32|218|46|104|145|2C|N|10|DA
5|4|174|280|278|143|3D|W|10|HA
5|4|248|124|56|271|3D|E|10|H9
5|4|139|131|235|228|3D|E|9|HA
5|4|193|232|110|119|3N|W|10|H4
5|4|96|105|167|231|3N|W|10|HK
5|4|138|153|68|48|5D|E|10|C5
5|4|35|17|140|202|3N|W|10|HA
5|4|52|249|22|112|3N|W|10|SQ
5|4|83|132|118|245|3D|E|10|S6
5|4|218|46|104|145|3D|E|10|H9
5|5|174|280|278|143|2N|S|7|S7
5|5|248|124|56|271|1N|S|5|D5
5|5|139|131|235|228|1H|E|5|HT
5|5|193|232|110|119|1N|S|6|D4
5|5|96|105|167|231|3C|N|7|C2
5|5|138|153|68|48|1N|S|6|D5
5|5|35|17|140|202|1N|E|7|S4
5|5|52|249|22|112|1N|S|7|D5
5|5|83|132|118|245|2H|N|8|CT
5|5|218|46|104|145|1H|E|6|HT
5|6|174|280|278|143|2S|S|9|S6
5|6|248|124|56|271|2C|S|10|S6
5|6|139|131|235|228|4S|N|10|DA
5|6|193|232|110|119|2S|S|10|S3
5|6|96|105|167|231|2S|N|9|S2
5|6|138|153|68|48|3S|N|9|H9
5|6|35|17|140|202|2S|N|10|S4
5|6|52|249|22|112|4S|N|11|S4
5|6|83|132|118|245|2S|N|11|CQ
5|6|218|46|104|145|4S|N|9|H7
5|7|174|280|278|143|4H|N|11|CK
5|7|248|124|56|271|4H|N|11|DJ
5|7|139|131|235|228|5H|N|11|DJ
5|7|193|232|110|119|4H|S|12|HT
5|7|96|105|167|231|4H|S|12|H9
5|7|138|153|68|48|4H|N|11|DJ
5|7|35|17|140|202|5H|N|11|DJ
5|7|52|249|22|112|4H|N|11|DJ
5|7|83|132|118|245|4H|N|11|DJ
5|7|218|46|104|145|4H|S|12|HT
5|8|174|280|278|143|3D|W|9|CJ
5|8|248|124|56|271|5D|W|11|CJ
5|8|139|131|235|228|2D|E|7|SA
5|8|193|232|110|119|4D|E|10|HK
5|8|96|105|167|231|4C|W|10|CJ
5|8|138|153|68|48|2D|E|8|HQ
5|8|35|17|140|202|3D|E|8|HK
5|8|52|249|22|112|2D|E|8|HK
5|8|83|132|118|245|3D|E|8|HK
5|8|218|46|104|145|4D|E|7|HK
5|9|174|280|278|143|4H|S|12|CJ
5|9|248|124|56|271|4H|N|11|S2
5|9|139|131|235|228|2D|E|8|D4
5|9|193|232|110|119|4H|S|11|CJ
5|9|96|105|167|231|4H|N|11|CK
5|9|138|153|68|48|4H|N|11|DK
5|9|35|17|140|202|4H|N|11|S6
5|9|52|249|22|112|4H|N|11|S6
5|9|83|132|118|245|4H|N|11|S2
5|9|218|46|104|145|4H|N|11|S2
6|1|131|124|228|271|6D|E|12|SA
6|1|174|193|278|110|6D|W|12|S2
6|1|105|139|231|235|6D|E|12|SA
6|1|232|138|119|68|5D|E|12|SA
6|1|218|147|104|182|5D|W|12|S2
6|1|153|132|48|245|4S|S|10|HA
6|1|280|210|143|99|4H|W|8|S2
6|1|52|248|22|56|4S|S|10|HA
6|1|46|254|145|8|5D|W|12|S2
6|1|249|83|112|118|5D|W|13|C8
6|10|131|124|228|271|4H|N|12|S6
6|10|174|193|278|110|5D|W|11|HA
6|10|105|139|231|235|6D|E|12|SA
6|10|232|138|119|68|4S|S|13|C3
6|10|218|147|104|182|5H|N|12|DA
6|10|153|132|48|245|4S|N|12|DA
6|10|280|210|143|99|5D|E|11|SK
6|10|52|248|22|56|4S|S|13|C3
6|10|46|254|145|8|5H|S|12|S8
6|10|249|83|112|118|6H|S|12|DK
6|11|131|124|228|271|6C|W|13|HK
6|11|174|193|278|110|3N|W|13|HK
6|11|105|139|231|235|6C|W|13|DK
6|11|232|138|119|68|6H|E|11|DQ
6|11|218|147|104|182|6C|W|13|CT
6|11|153|132|48|245|5H|E|11|DQ
6|11|280|210|143|99|3N|W|13|D6
6|11|52|248|22|56|4H|W|11|DQ
6|11|46|254|145|8|5H|W|11|D8
6|11|249|83|112|118|6H|W|11|S2
6|12|131|124|228|271|4H|S|13|S6
6|12|174|193|278|110|6H|N|12|H4
6|12|105|139|231|235|6H|N|12|DA
6|12|232|138|119|68|4H|S|12|H8
6|12|218|147|104|182|4H|S|13|S2
6|12|153|132|48|245|6H|S|13|H6
6|12|280|210|143|99|4H|S|12|D3
6|12|52|248|22|56|4H|S|13|H9
6|12|46|254|145|8|5D|E|11|HA
6|12|249|83|112|118|4N|N|13|ST
6|13|131|124|228|271|3N|W|11|S2
6|13|174|193|278|110|3N|W|12|H7
6|13|105|139|231|235|3N|W|11|H6
6|13|232|138|119|68|3N|E|12|H3
6|13|218|147|104|182|3N|W|11|H7
6|13|153|132|48|245|3D|E|12|HA
6|13|280|210|143|99|3N|E|11|S2
6|13|52|248|22|56|3D|W|12|H6
6|13|46|254|145|8|3N|W|11|H7
6|13|249|83|112|118|5D|W|11|H6
6|14|131|124|228|271|2S|N|9|C3
6|14|174|193|278|110|2S|N|9|S5
6|14|105|139|231|235|2S|N|7|C2
6|14|232|138|119|68|4C|S|8|D6
6|14|218|147|104|182|2H|N|8|H7
6|14|153|132|48|245|4C|S|9|D5
6|14|280|210|143|99|4C|S|9|D5
6|14|52|248|22|56|4D|E|9|H2
6|14|46|254|145|8|2S|N|9|C2
6|14|249|83|112|118|2S|N|9|C3
6|15|131|124|228|271|3H|E|8|S3
6|15|174|193|278|110|3H|E|9|CA
6|15|105|139|231|235|4S|S|10|DA
6|15|232|138|119|68|3N|S|7|DJ
6|15|218|147|104|182|4S|S|6|DA
6|15|153|132|48|245|4S|S|7|C3
6|15|280|210|143|99|3N|N|7|DJ
6|15|52|248|22|56|3S|S|6|DA
6|15|46|254|145|8|3N|S|7|DJ
6|15|249|83|112|118|3N|S|7|DA
6|16|131|124|228|271|5C|S|11|DK
6|16|174|193|278|110|3C|N|10|C9
6|16|105|139|231|235|1H|S|9|DK
6|16|232|138|119|68|5C|N|11|SJ
6|16|218|147|104|182|4D|E|9|SA
6|16|153|132|48|245|3C|N|12|SJ
6|16|280|210|143|99|4D|E|9|SA
6|16|52|248|22|56|5C|N|11|ST
6|16|46|254|145|8|5C|N|11|C9
6|16|249|83|112|118|5C|S|11|DK
6|17|131|124|228|271|4H|W|11|DA
6|17|174|193|278|110|4S|E|10|D5
6|17|105|141|231|235|4H|W|11|DA
6|17|232|138|119|68|2H|W|11|DA
6|17|218|96|104|167|4H|W|10|DK
6|17|153|132|48|245|2H|W|10|S2
6|17|210|26|99|13|5S|E|10|H9
6|17|280|17|143|202|4S|E|9|D7
6|17|75|254|108|8|5D|N|11|H5
6|17|249|83|112|118|5S|E|10|H8
6|18|131|124|228|271|4S|E|9|HK
6|18|174|193|278|110|3N|W|5|C4
6|18|105|141|231|235|2D|W|7|HT
6|18|232|138|119|68|6D|W|12|CA
6|18|218|96|104|167|4S|E|9|HK
6|18|153|132|48|245|4S|E|8|HK
6|18|210|26|99|13|4S|E|9|HK
6|18|280|17|143|202|5D|W|7|D5
6|18|75|254|108|8|3S|E|9|HK
6|18|249|83|112|118|3N|W|5|C5
6|19|131|124|228|271|4S|N|10|CA
6|19|174|193|278|110|3N|E|9|S9
6|19|105|141|231|235|2N|E|10|S9
6|19|232|138|119|68|3N|E|10|S9
6|19|218|96|104|167|4S|N|10|CK
6|19|153|132|48|245|4S|N|10|CK
6|19|210|26|99|13|3N|E|10|S9
6|19|280|17|143|202|3N|E|10|S9
6|19|75|254|108|8|3N|E|10|H3
6|19|249|83|112|118|2S|N|6|CK
6|2|131|124|228|271|3H|N|9|DK
6|2|174|193|278|110|4H|N|10|DK
6|2|105|139|231|235|4H|N|10|DK
6|2|232|138|119|68|4H|N|10|DK
6|2|218|147|104|182|4H|N|9|DK
6|2|153|132|48|245|2H|N|9|DK
6|2|280|210|143|99|3H|N|9|DK
6|2|52|248|22|56|4H|N|9|DK
6|2|46|254|145|8|2H|N|9|DK
6|2|249|83|112|118|2H|N|10|DK
6|20|131|124|228|271|3S|N|10|C3
6|20|174|193|278|110|4S|N|10|C3
6|20|105|141|231|235|4S|N|10|C4
6|20|232|138|119|68|4S|N|9|CA
6|20|218|96|104|167|3S|N|10|DQ
6|20|153|132|48|245|2S|N|10|C3
6|20|210|26|99|13|4S|N|10|SA
6|20|280|17|143|202|4S|N|10|SA
6|20|75|254|108|8|2S|N|10|DQ
6|20|249|83|112|118|4S|N|9|C3
6|21|131|124|228|271|1D|E|4|ST
6|21|174|193|278|110|1N|N|9|S6
6|21|105|141|231|235|2N|S|8|S2
6|21|232|138|119|68|1N|W|5|D2
6|21|218|96|104|167|1N|E|7|DQ
6|21|153|132|48|245|1N|E|5|H3
6|21|210|26|99|13|1N|E|5|H3
6|21|280|17|143|202|1N|E|4|ST
6|21|75|254|108|8|1N|N|9|S9
6|21|249|83|112|118|1N|E|5|H3
6|22|131|124|228|271|1N|E|8|C6
6|22|174|193|278|110|3S|E|7|C6
6|22|105|141|231|235|1S|E|8|C4
6|22|232|138|119|68|2H|W|7|S9
6|22|218|96|104|167|1S|E|8|C6
6|22|153|132|48|245|3C|N|9|S4
6|22|210|26|99|13|3D|E|9|C6
6|22|280|17|143|202|3C|N|9|HA
6|22|75|254|108|8|1S|E|9|DT
6|22|249|83|112|118|3D|E|9|C4
6|23|131|124|228|271|3H|S|8|C3
6|23|174|193|278|110|3D|N|8|S7
6|23|105|141|231|235|2S|W|8|HJ
6|23|232|138|119|68|3H|S|8|C2
6|23|218|96|104|167|2S|W|7|HJ
6|23|153|132|48|245|4S|W|10|HJ
6|23|210|26|99|13|4S|W|10|HJ
6|23|280|17|143|202|4H|S|8|D2
6|23|75|254|108|8|3S|W|8|HJ
6|23|249|83|112|118|3H|S|8|SA
6|24|131|124|228|271|6C|N|13|H3
6|24|174|193|278|110|3D|W|9|S6
6|24|105|141|231|235|6C|S|13|DK
6|24|232|138|119|68|7C|S|13|DK
6|24|218|96|104|167|6N|N|12|DT
6|24|153|132|48|245|6C|S|13|DK
6|24|210|26|99|13|6N|N|12|DT
6|24|280|17|143|202|6C|S|13|H3
6|24|75|254|108|8|6C|N|13|DT
6|24|249|83|112|118|6C|S|13|DK
6|25|131|124|228|271|6S|N|12|C6
6|25|174|193|278|110|6S|N|12|C5
6|25|105|141|231|235|4S|N|12|C2
6|25|232|138|119|68|4S|N|11|C2
6|25|218|96|104|167|4S|N|11|C3
6|25|153|132|48|245|6S|N|13|DA
6|25|210|26|99|13|4S|N|11|C5
6|25|280|17|143|202|4S|N|12|C3
6|25|75|254|108|8|5S|N|11|H5
6|25|249|83|112|118|6S|N|12|H3
6|26|131|124|228|271|4H|W|13|S4
6|26|174|193|278|110|5C|E|11|DK
6|26|105|141|231|235|4H|W|13|S4
6|26|232|138|119|68|6C|E|11|DK
6|26|218|96|104|167|6C|E|11|DK
6|26|153|132|48|245|6C|E|11|DK
6|26|210|26|99|13|6H|W|11|DA
6|26|280|17|143|202|3N|W|13|S6
6|26|75|254|108|8|6C|E|11|DK
6|26|249|83|112|118|6C|E|11|DK
6|27|131|124|228|271|3D|S|9|H5
6|27|174|193|278|110|2S|S|7|H9
6|27|105|141|231|235|2S|N|6|C5
6|27|232|138|119|68|5D|S|9|H5
6|27|218|96|104|167|2S|N|7|C5
6|27|153|132|48|245|3D|S|10|H5
6|27|210|26|99|13|3D|S|10|H8
6|27|280|17|143|202|2D|S|9|D2
6|27|75|254|108|8|3D|S|9|CK
6|27|249|83|112|118|2S|N|6|C4
6|28|131|124|228|271|5C|E|12|H4
6|28|174|193|278|110|5C|E|10|S8
6|28|105|141|231|235|6C|W|11|S6
6|28|232|138|119|68|5C|E|11|H3
6|28|218|96|104|167|4C|W|12|HQ
6|28|153|132|48|245|5C|E|11|H6
6|28|210|26|99|13|5C|W|12|HQ
6|28|280|17|143|202|4D|E|10|CQ
6|28|75|254|108|8|5C|W|12|HQ
6|28|249|83|112|118|3D|E|11|CQ
6|29|131|124|228|271|5D|S|11|S6
6|29|174|193|278|110|5D|N|10|CQ
6|29|105|141|231|235|3C|E|9|DA
6|29|232|138|119|68|5D|N|10|CQ
6|29|218|96|104|167|6D|S|10|S3
6|29|153|132|48|245|5D|S|10|S3
6|29|210|26|99|13|3D|S|10|S9
6|29|280|17|143|202|5D|S|9|H6
6|29|75|254|108|8|5D|N|11|S7
6|29|249|83|112|118|3N|S|8|H5
6|3|131|124|228|271|4H|W|11|CA
6|3|174|193|278|110|4H|W|12|D3
6|3|105|139|231|235|4H|W|12|D5
6|3|232|138|119|68|4H|W|12|D5
6|3|218|147|104|182|4H|W|11|S5
6|3|153|132|48|245|4H|E|10|C5
6|3|280|210|143|99|4H|W|11|S7
6|3|52|248|22|56|4H|W|12|S3
6|3|46|254|145|8|4H|W|11|S5
6|3|249|83|112|118|4H|E|11|SQ
6|30|131|124|228|271|3N|E|9|SJ
6|30|174|193|278|110|3N|E|9|SJ
6|30|105|141|231|235|1N|W|9|HK
6|30|232|138|119|68|3N|W|9|HK
6|30|218|96|104|167|1N|E|8|D2
6|30|153|132|48|245|1N|W|8|HK
6|30|210|26|99|13|3N|E|8|H5
6|30|280|17|143|202|3N|W|8|HK
6|30|75|254|108|8|3N|E|8|D5
6|30|249|83|112|118|3N|E|9|D2
6|31|131|124|228|271|4S|S|12|D5
6|31|174|193|278|110|4S|S|13|C8
6|31|105|141|231|235|4S|S|11|C6
6|31|232|138|119|68|3N|S|11|D3
6|31|218|96|104|167|4S|S|12|D3
6|31|153|132|48|245|4S|S|12|C4
6|31|210|26|99|13|1C|S|11|SJ
6|31|280|17|143|202|4S|S|12|C6
6|31|75|254|108|8|4S|S|12|HQ
6|31|249|83|112|118|4S|S|13|C4
6|32|131|124|228|271|2D|W|6|D5
6|32|174|193|278|110|3N|N|10|D2
6|32|105|141|231|235|3N|S|10|H6
6|32|232|138|119|68|3N|N|10|D3
6|32|218|96|104|167|3N|N|10|D5
6|32|153|132|48|245|3N|N|10|D5
6|32|210|26|99|13|3N|N|10|D3
6|32|280|17|143|202|3N|N|10|D5
6|32|75|254|108|8|3N|N|10|D5
6|32|249|83|112|118|3N|N|10|D2
6|4|131|124|228|271|3N|W|8|CQ
6|4|174|193|278|110|3N|W|7|CQ
6|4|105|139|231|235|3N|W|7|CQ
6|4|232|138|119|68|3N|W|8|C5
6|4|218|147|104|182|3N|W|8|CQ
6|4|153|132|48|245|3N|W|8|CQ
6|4|280|210|143|99|3N|W|9|CQ
6|4|52|248|22|56|3N|W|8|CQ
6|4|46|254|145|8|3N|W|8|CQ
6|4|249|83|112|118|3N|W|7|CQ
6|5|131|124|228|271|7S|S|13|C6
6|5|174|193|278|110|6S|N|12|HT
6|5|105|139|231|235|7H|N|13|CA
6|5|232|138|119|68|7H|N|13|H7
6|5|218|147|104|182|7S|S|13|C6
6|5|153|132|48|245|6S|S|12|C6
6|5|280|210|143|99|6S|S|12|C6
6|5|52|248|22|56|6H|N|12|ST
6|5|46|254|145|8|6H|N|12|DT
6|5|249|83|112|118|6H|N|12|DT
6|6|131|124|228|271|1S|S|5|DA
6|6|174|193|278|110|2S|S|6|DA
6|6|105|139|231|235|1S|S|5|DA
6|6|232|138|119|68|1N|W|8|S5
6|6|218|147|104|182|2H|E|9|HT
6|6|153|132|48|245|1S|S|5|DA
6|6|280|210|143|99|1S|S|6|DA
6|6|52|248|22|56|1S|S|5|DA
6|6|46|254|145|8|1N|W|8|C4
6|6|249|83|112|118|2D|W|8|SA
6|7|131|124|228|271|3H|S|9|S5
6|7|174|193|278|110|3H|S|9|S5
6|7|105|139|231|235|2H|S|9|C6
6|7|232|138|119|68|3H|S|9|S6
6|7|218|147|104|182|3C|W|9|HA
6|7|153|132|48|245|3H|S|9|C4
6|7|280|210|143|99|4H|S|9|C4
6|7|52|248|22|56|4S|E|6|DT
6|7|46|254|145|8|3H|N|9|H3
6|7|249|83|112|118|3H|S|9|DA
6|8|131|124|228|271|5D|N|11|C5
6|8|174|193|278|110|5D|N|11|CJ
6|8|105|139|231|235|5D|N|11|D3
6|8|232|138|119|68|4S|E|10|CK
6|8|218|147|104|182|5S|E|10|DA
6|8|153|132|48|245|5D|N|11|D3
6|8|280|210|143|99|5S|E|11|CK
6|8|52|248|22|56|5D|S|11|S3
6|8|46|254|145|8|5S|E|11|CK
6|8|249|83|112|118|5D|N|11|H2
6|9|131|124|228|271|3N|W|10|SJ
6|9|174|193|278|110|3N|W|11|DT
6|9|105|139|231|235|3N|W|9|H3
6|9|232|138|119|68|3N|W|10|D5
6|9|218|147|104|182|4N|W|10|SJ
6|9|153|132|48|245|3N|W|10|H3
6|9|280|210|143|99|5S|W|8|H6
6|9|52|248|22|56|4N|W|10|SJ
6|9|46|254|145|8|3N|W|11|SJ
6|9|249|83|112|118|2H|S|6|SK
7|1|174|138|278|68|4H|N|10|CQ
7|1|105|268|231|29|5H|N|10|CQ
7|1|155|147|139|182|5H|N|10|C8
7|1|96|232|167|119|5H|N|11|C2
7|1|135|17|196|202|5H|S|10|CK
7|1|52|193|22|110|5C|W|11|HA
7|1|248|83|56|118|5H|N|10|CQ
7|1|46|26|145|13|4H|N|10|CQ
7|1|35|120|140|245|4H|N|10|CQ
7|1|218|249|104|112|5H|N|10|CQ
7|10|174|138|278|68|2N|N|7|S2
7|10|105|268|231|29|3N|N|7|S2
7|10|155|147|139|182|1H|E|8|CA
7|10|96|232|167|119|1H|E|8|CK
7|10|135|17|196|202|2N|N|7|S2
7|10|52|193|22|110|3N|N|10|H3
7|10|248|83|56|118|2N|N|10|H2
7|10|46|26|145|13|2N|N|10|H5
7|10|35|120|140|245|3S|W|9|DA
7|10|218|249|104|112|3N|N|7|S2
7|11|174|138|278|68|3H|W|9|S7
7|11|105|268|231|29|4H|W|8|SA
7|11|155|147|139|182|2S|S|9|H3
7|11|96|232|167|119|3S|N|9|SK
7|11|135|17|196|202|1N|E|6|S3
7|11|52|193|22|110|2S|S|9|H9
7|11|248|83|56|118|2S|N|9|D3
7|11|46|26|145|13|3N|W|6|S5
7|11|35|120|140|245|3S|S|9|H4
7|11|218|249|104|112|3N|E|6|S3
7|12|174|138|278|68|3N|W|12|S4
7|12|105|268|231|29|3N|W|11|HK
7|12|155|147|139|182|3N|E|12|C3
7|12|96|232|167|119|6D|W|12|S4
7|12|135|17|196|202|3N|E|12|C6
7|12|52|193|22|110|3N|E|11|H6
7|12|248|83|56|118|3N|E|12|C2
7|12|46|26|145|13|3N|E|11|H6
7|12|35|120|140|245|3N|W|12|S4
7|12|218|249|104|112|3N|E|11|H6
7|13|174|138|278|68|1N|S|6|SJ
7|13|105|268|231|29|5D|N|11|S3
7|13|155|147|139|182|3C|N|9|S5
7|13|96|232|167|119|4D|N|10|S2
7|13|135|17|196|202|2N|S|7|SJ
7|13|52|193|22|110|2N|S|5|SJ
7|13|248|83|56|118|2S|W|8|HQ
7|13|46|26|145|13|3N|S|5|SJ
7|13|35|120|140|245|5D|N|11|S3
7|13|218|249|104|112|3C|N|10|C2
7|14|174|138|278|68|3H|E|8|DK
7|14|105|268|231|29|2H|W|10|H8
7|14|155|147|139|182|3H|W|9|H9
7|14|96|232|167|119|4H|E|8|DK
7|14|135|17|196|202|4H|E|9|DK
7|14|52|193|22|110|2H|W|10|H3
7|14|248|83|56|118|2H|W|9|D4
7|14|46|26|145|13|2H|E|9|DK
7|14|35|120|140|245|2H|W|9|C5
7|14|218|249|104|112|4H|E|9|DK
7|15|174|138|278|68|6H|N|11|DQ
7|15|105|268|231|29|6H|S|10|C2
7|15|155|147|139|182|6H|S|12|DQ
7|15|96|232|167|119|4H|S|11|H2
7|15|135|17|196|202|4H|N|11|DQ
7|15|52|193|22|110|4H|S|11|DT
7|15|248|83|56|118|4H|N|12|DQ
7|15|46|26|145|13|7N|N|12|HT
7|15|35|120|140|245|4H|S|11|H4
7|15|218|249|104|112|6H|S|11|S4
7|16|174|138|278|68|3N|W|6|H3
7|16|105|268|231|29|3H|N|9|DA
7|16|155|147|139|182|4H|N|9|DA
7|16|96|232|167|119|3H|S|8|CA
7|16|135|17|196|202|4C|W|10|HA
7|16|52|193|22|110|3H|N|9|DK
7|16|248|83|56|118|3C|E|9|H5
7|16|46|26|145|13|3H|S|8|S9
7|16|35|120|140|245|2N|E|8|S6
7|16|218|249|104|112|4H|N|10|DK
7|17|124|138|271|68|1N|W|9|H6
7|17|105|268|231|29|3D|W|10|D2
7|17|141|147|235|182|3D|E|10|HK
7|17|153|232|48|119|3D|E|10|C7
7|17|131|210|228|99|2N|W|9|H2
7|17|52|135|22|196|2N|W|8|H6
7|17|26|83|13|118|2S|S|8|SK
7|17|75|280|108|143|2D|W|10|HK
7|17|35|132|140|245|1N|E|8|C6
7|17|218|249|104|112|3N|W|9|H6
7|18|124|138|271|68|5H|E|11|S9
7|18|105|268|231|29|6H|E|12|S9
7|18|141|147|235|182|6H|E|11|S9
7|18|153|232|48|119|6H|E|12|S9
7|18|131|210|228|99|6C|S|12|HK
7|18|52|135|22|196|6H|E|12|CA
7|18|26|83|13|118|7S|N|13|DA
7|18|75|280|108|143|6H|E|12|CA
7|18|35|132|140|245|5H|E|11|CA
7|18|218|249|104|112|5H|E|11|S9
7|19|124|138|271|68|4C|S|10|C2
7|19|105|268|231|29|3C|S|9|HA
7|19|141|147|235|182|3C|S|9|DA
7|19|153|232|48|119|3N|N|6|DJ
7|19|131|210|228|99|3S|E|7|DQ
7|19|52|135|22|196|3N|N|8|S4
7|19|26|83|13|118|2C|S|10|C2
7|19|75|280|108|143|4C|S|9|DK
7|19|35|132|140|245|1N|N|8|S4
7|19|218|249|104|112|3N|N|7|S4
7|2|174|138|278|68|6H|E|13|CQ
7|2|105|268|231|29|4H|E|13|CQ
7|2|155|147|139|182|4H|E|12|CQ
7|2|96|232|167|119|6H|W|13|C6
7|2|135|17|196|202|4H|E|13|CQ
7|2|52|193|22|110|4H|W|13|S4
7|2|248|83|56|118|4H|W|12|S7
7|2|46|26|145|13|5H|W|13|D5
7|2|35|120|140|245|4H|E|11|CQ
7|2|218|249|104|112|4H|W|13|S7
7|20|124|138|271|68|1N|S|9|H6
7|20|105|268|231|29|3N|N|11|C2
7|20|141|147|235|182|3N|S|9|H5
7|20|153|232|48|119|3N|N|10|HT
7|20|131|210|228|99|3N|N|10|C2
7|20|52|135|22|196|3N|S|9|H6
7|20|26|83|13|118|3N|N|10|HT
7|20|75|280|108|143|3N|S|10|H6
7|20|35|132|140|245|3N|N|10|C2
7|20|218|249|104|112|3N|S|10|H6
7|21|124|138|271|68|3N|W|9|H3
7|21|105|268|231|29|2H|W|10|D2
7|21|141|147|235|182|3H|E|9|D5
7|21|153|232|48|119|4H|E|8|D5
7|21|131|210|228|99|2C|S|8|DJ
7|21|52|135|22|196|2H|W|10|D2
7|21|26|83|13|118|1N|N|4|H6
7|21|75|280|108|143|3C|S|8|H8
7|21|35|132|140|245|3C|N|8|H6
7|21|218|249|104|112|2H|W|10|D6
7|22|124|138|271|68|4H|E|11|DQ
7|22|105|268|231|29|4S|S|10|D6
7|22|141|147|235|182|3N|E|11|C3
7|22|153|232|48|119|4H|E|12|DQ
7|22|131|210|228|99|3N|E|12|S2
7|22|52|135|22|196|4H|E|12|DQ
7|22|26|83|13|118|4H|E|10|DQ
7|22|75|280|108|143|4H|W|11|SK
7|22|35|132|140|245|4H|E|11|DQ
7|22|218|249|104|112|4H|E|10|ST
7|23|124|138|271|68|3N|N|9|D4
7|23|105|268|231|29|2H|N|7|CT
7|23|141|147|235|182|3C|N|7|H5
7|23|153|232|48|119|3N|N|8|D5
7|23|131|210|228|99|3N|N|8|D2
7|23|52|135|22|196|2N|N|7|S6
7|23|26|83|13|118|3N|S|9|D5
7|23|75|280|108|143|2C|N|7|S3
7|23|35|132|140|245|3N|N|8|DA
7|23|218|249|104|112|2H|N|8|CT
7|24|124|138|271|68|1N|S|6|S3
7|24|105|268|231|29|3N|N|7|CJ
7|24|141|147|235|182|4H|S|6|C2
7|24|153|232|48|119|3D|N|9|H9
7|24|131|210|228|99|3N|N|7|CQ
7|24|52|135|22|196|3N|S|4|C9
7|24|26|83|13|118|3D|N|10|SJ
7|24|75|280|108|143|3N|S|6|S6
7|24|35|132|140|245|3D|S|9|C2
7|24|218|249|104|112|3N|S|10|S3
7|25|124|138|271|68|6N|N|11|C7
7|25|105|268|231|29|3N|N|11|S5
7|25|141|147|235|182|4H|S|11|D2
7|25|153|232|48|119|6S|S|11|CT
7|25|131|210|228|99|3N|N|11|C9
7|25|52|135|22|196|4N|N|11|C9
7|25|26|83|13|118|6N|S|11|HT
7|25|75|280|108|143|6S|S|11|H5
7|25|35|132|140|245|3N|N|11|HT
7|25|218|249|104|112|6N|N|11|S5
7|26|124|138|271|68|3N|E|11|H5
7|26|105|268|231|29|3N|E|10|H3
7|26|141|147|235|182|3N|E|11|S2
7|26|153|232|48|119|3N|E|9|H5
7|26|131|210|228|99|3N|W|12|H3
7|26|52|135|22|196|3N|E|12|S2
7|26|26|83|13|118|3N|E|12|S2
7|26|75|280|108|143|3N|E|11|S4
7|26|35|132|140|245|3N|E|11|S4
7|26|218|249|104|112|3N|E|12|S2
7|27|124|138|271|68|3N|E|9|ST
7|27|105|268|231|29|3N|E|10|CJ
7|27|141|147|235|182|3N|E|9|ST
7|27|153|232|48|119|4H|W|10|C9
7|27|131|210|228|99|3N|E|11|ST
7|27|52|135|22|196|3N|E|6|ST
7|27|26|83|13|118|3N|E|9|C6
7|27|75|280|108|143|3N|E|10|CT
7|27|35|132|140|245|3N|E|9|H3
7|27|218|249|104|112|3N|E|5|ST
7|28|124|138|271|68|4H|S|9|C5
7|28|105|268|231|29|1N|E|6|HK
7|28|141|147|235|182|1N|E|6|HQ
7|28|153|232|48|119|1N|E|7|HK
7|28|131|210|228|99|1C|E|7|HK
7|28|52|135|22|196|1C|E|6|HK
7|28|26|83|13|118|4H|S|9|C2
7|28|75|280|108|143|2C|E|7|HK
7|28|35|132|140|245|3H|N|9|CK
7|28|218|249|104|112|3H|S|9|H3
7|29|124|138|271|68|1H|S|8|D3
7|29|105|268|231|29|1N|E|6|H3
7|29|141|147|235|182|1N|E|7|H5
7|29|153|232|48|119|1N|E|7|H3
7|29|131|210|228|99|2C|E|7|HA
7|29|52|135|22|196|1N|S|8|C5
7|29|26|83|13|118|1N|S|6|HJ
7|29|75|280|108|143|2C|E|7|S2
7|29|35|132|140|245|1N|E|7|H2
7|29|218|249|104|112|1N|E|6|H3
7|3|174|138|278|68|4S|S|10|CQ
7|3|105|268|231|29|4S|S|9|CQ
7|3|155|147|139|182|4S|S|9|CQ
7|3|96|232|167|119|4S|S|10|CQ
7|3|135|17|196|202|3S|S|11|CQ
7|3|52|193|22|110|4S|S|10|CQ
7|3|248|83|56|118|4S|S|10|CQ
7|3|46|26|145|13|3S|S|10|CQ
7|3|35|120|140|245|2H|S|9|CQ
7|3|218|249|104|112|4S|S|10|CQ
7|30|124|138|271|68|6N|E|12|CJ
7|30|105|268|231|29|6S|E|12|S2
7|30|141|147|235|182|6N|E|12|CJ
7|30|153|232|48|119|3N|E|12|CJ
7|30|131|210|228|99|3N|E|12|CJ
7|30|52|135|22|196|6N|E|10|CJ
7|30|26|83|13|118|3N|E|13|CJ
7|30|75|280|108|143|6N|E|13|CJ
7|30|35|132|140|245|6N|E|12|CJ
7|30|218|249|104|112|6S|W|12|HK
7|31|124|138|271|68|4H|N|10|CJ
7|31|105|268|231|29|5D|E|9|D3
7|31|141|147|235|182|4H|S|10|SJ
7|31|153|232|48|119|4H|S|10|S5
7|31|131|210|228|99|4H|S|10|SJ
7|31|52|135|22|196|4H|S|10|CJ
7|31|26|83|13|118|3D|E|8|SA
7|31|75|280|108|143|4H|S|10|CJ
7|31|35|132|140|245|4H|S|11|SJ
7|31|218|249|104|112|4H|S|11|SJ
7|32|124|138|271|68|4H|W|8|C4
7|32|105|268|231|29|4S|E|10|D6
7|32|141|147|235|182|4S|W|9|S4
7|32|153|232|48|119|4S|W|11|DA
7|32|131|210|228|99|4S|W|10|C4
7|32|52|135|22|196|3N|W|10|H9
7|32|26|83|13|118|3S|E|9|H9
7|32|75|280|108|143|4H|W|7|C4
7|32|35|132|140|245|4H|W|10|C4
7|32|218|249|104|112|3N|W|10|HQ
7|4|174|138|278|68|4S|N|10|D9
7|4|105|268|231|29|4S|N|10|C5
7|4|155|147|139|182|4S|N|10|ST
7|4|96|232|167|119|4S|N|10|C3
7|4|135|17|196|202|4S|N|10|D6
7|4|52|193|22|110|4S|N|10|D9
7|4|248|83|56|118|3N|S|9|D2
7|4|46|26|145|13|4S|N|10|D6
7|4|35|120|140|245|4S|N|10|D3
7|4|218|249|104|112|4S|N|10|S4
7|5|174|138|278|68|4S|S|8|HK
7|5|105|268|231|29|4S|S|8|HA
7|5|155|147|139|182|4S|N|9|HA
7|5|96|232|167|119|5C|N|11|S2
7|5|135|17|196|202|5C|N|10|S4
7|5|52|193|22|110|5C|N|10|S4
7|5|248|83|56|118|4S|N|9|H3
7|5|46|26|145|13|4S|S|9|HK
7|5|35|120|140|245|3N|N|7|H3
7|5|218|249|104|112|4H|E|10|CA
7|6|174|138|278|68|5C|N|11|SK
7|6|105|268|231|29|5C|N|11|SA
7|6|155|147|139|182|4C|N|11|SA
7|6|96|232|167|119|5C|N|11|SA
7|6|135|17|196|202|6D|S|9|S8
7|6|52|193|22|110|5C|N|11|SK
7|6|248|83|56|118|4S|E|10|HA
7|6|46|26|145|13|5C|N|11|CK
7|6|35|120|140|245|4C|S|11|S6
7|6|218|249|104|112|3C|N|11|SK
7|7|174|138|278|68|5H|W|10|S3
7|7|105|268|231|29|4S|S|9|HK
7|7|155|147|139|182|5S|S|11|HK
7|7|96|232|167|119|4H|E|10|DQ
7|7|135|17|196|202|5H|E|11|DQ
7|7|52|193|22|110|5H|W|10|S2
7|7|248|83|56|118|3C|N|9|HA
7|7|46|26|145|13|4H|W|8|D4
7|7|35|120|140|245|4H|E|10|H5
7|7|218|249|104|112|4S|S|10|HK
7|8|174|138|278|68|4C|N|8|S2
7|8|105|268|231|29|3S|W|10|DA
7|8|155|147|139|182|3S|W|8|S5
7|8|96|232|167|119|3C|N|9|HQ
7|8|135|17|196|202|2S|W|8|DK
7|8|52|193|22|110|3D|S|9|SA
7|8|248|83|56|118|2S|W|8|DA
7|8|46|26|145|13|3S|W|8|DA
7|8|35|120|140|245|3S|W|8|DA
7|8|218|249|104|112|3S|W|9|DA
7|9|174|138|278|68|4S|S|10|CQ
7|9|105|268|231|29|4S|N|9|DA
7|9|155|147|139|182|4S|S|10|H5
7|9|96|232|167|119|4S|S|9|D3
7|9|135|17|196|202|3C|E|9|HA
7|9|52|193|22|110|4S|S|10|CQ
7|9|248|83|56|118|2N|N|7|H9
7|9|46|26|145|13|4S|N|9|DK
7|9|35|120|140|245|4S|N|9|DA
7|9|218|249|104|112|4S|S|10|CQ
8|1|96|268|167|29|3C|E|10|HK
8|1|174|153|278|48|3C|E|10|HK
8|1|132|232|104|119|3C|E|10|HK
8|1|155|120|139|218|3C|E|10|HK
8|1|210|105|99|231|3N|E|9|HK
8|1|138|17|68|202|3D|E|9|HK
8|1|75|193|108|110|3C|E|9|HK
8|1|135|46|196|145|1N|E|10|HK
8|1|35|248|140|56|2H|N|8|D6
8|1|280|249|143|112|3D|E|8|HK
8|10|96|268|167|29|3N|S|8|H2
8|10|174|153|278|48|3N|S|8|H7
8|10|132|232|104|119|3N|N|8|H4
8|10|155|120|139|218|3N|S|8|H9
8|10|210|105|99|231|3N|S|8|H7
8|10|138|17|68|202|3N|S|11|H7
8|10|75|193|108|110|3N|S|8|H9
8|10|135|46|196|145|3N|N|8|H3
8|10|35|248|140|56|3N|S|8|H6
8|10|280|249|143|112|3N|S|8|H9
8|11|96|268|167|29|3N|W|11|H2
8|11|174|153|278|48|6D|E|11|H5
8|11|132|232|104|119|7N|W|12|D6
8|11|155|120|139|218|6D|E|12|H7
8|11|210|105|99|231|3N|W|10|D8
8|11|138|17|68|202|6D|W|11|D6
8|11|75|193|108|110|3N|E|11|H5
8|11|135|46|196|145|6D|E|12|SJ
8|11|35|248|140|56|5D|W|11|D3
8|11|280|249|143|112|3N|W|11|D8
8|12|96|268|167|29|3N|S|9|C2
8|12|174|153|278|48|4S|N|10|C8
8|12|132|232|104|119|3N|S|9|S4
8|12|155|120|139|218|3N|S|10|C2
8|12|210|105|99|231|3N|S|11|S4
8|12|138|17|68|202|3N|S|10|H3
8|12|75|193|108|110|3N|N|9|D7
8|12|135|46|196|145|3N|N|8|D5
8|12|35|248|140|56|3N|S|10|H2
8|12|280|249|143|112|3N|S|9|D9
8|13|96|268|167|29|3C|W|11|H5
8|13|174|153|278|48|1S|N|7|H4
8|13|132|232|104|119|3N|E|7|ST
8|13|155|120|139|218|2S|N|8|D3
8|13|210|105|99|231|2N|E|8|ST
8|13|138|17|68|202|2N|E|8|ST
8|13|75|193|108|110|1S|N|8|D3
8|13|135|46|196|145|3N|W|8|SQ
8|13|35|248|140|56|2S|N|8|D3
8|13|280|249|143|112|1S|N|9|HA
8|14|96|268|167|29|4H|E|10|C2
8|14|174|153|278|48|4H|E|10|C9
8|14|132|232|104|119|4H|E|10|S2
8|14|155|120|139|218|4H|W|11|H4
8|14|210|105|99|231|3H|E|10|S2
8|14|138|17|68|202|4H|W|10|CQ
8|14|75|193|108|110|2H|E|10|S4
8|14|135|46|196|145|4H|E|10|C9
8|14|35|248|140|56|3N|E|9|S3
8|14|280|249|143|112|4H|W|10|CQ
8|15|96|268|167|29|1N|E|6|HQ
8|15|174|153|278|48|2C|S|7|DA
8|15|132|232|104|119|1N|W|6|S5
8|15|155|120|139|218|1N|W|6|H6
8|15|210|105|99|231|2C|S|8|HA
8|15|138|17|68|202|1N|E|6|S9
8|15|75|193|108|110|2S|S|7|C3
8|15|135|46|196|145|1N|E|5|HQ
8|15|35|248|140|56|2S|S|6|DA
8|15|280|249|143|112|1N|W|5|H7
8|16|96|268|167|29|3N|W|11|D8
8|16|174|153|278|48|3N|W|10|D4
8|16|132|232|104|119|3N|W|11|D6
8|16|155|120|139|218|3N|W|10|HQ
8|16|210|105|99|231|3N|W|11|D8
8|16|138|17|68|202|3N|W|12|D6
8|16|75|193|108|110|3N|W|9|D4
8|16|135|46|196|145|3N|W|11|D8
8|16|35|248|140|56|3N|W|10|D4
8|16|280|249|143|112|3N|W|11|D8
8|17|147|124|182|271|5H|S|11|ST
8|17|174|96|278|167|4S|W|9|H5
8|17|120|141|245|235|3D|W|10|S3
8|17|155|132|139|104|P||0
8|17|210|105|99|231|4S|N|10|C4
8|17|138|52|68|22|4S|N|10|C4
8|17|46|193|145|110|4H|N|9|DK
8|17|131|83|228|118|5C|S|10|S3
8|17|35|26|140|13|5C|E|12|S3
8|17|280|249|143|112|5C|E|11|SK
8|18|147|124|182|271|6H|N|10|C6
8|18|174|96|278|167|5H|N|10|D8
8|18|120|141|245|235|3S|W|7|HQ
8|18|155|132|139|104|P||0
8|18|210|105|99|231|3N|N|8|SA
8|18|138|52|68|22|6C|S|12|SQ
8|18|46|193|145|110|4S|S|9|H8
8|18|131|83|228|118|2S|S|9|SJ
8|18|35|26|140|13|5D|S|11|SA
8|18|280|249|143|112|4S|W|8|HT
8|19|147|124|182|271|6C|W|12|HA
8|19|174|96|278|167|7C|W|12|HA
8|19|120|141|245|235|4S|W|10|H7
8|19|155|132|139|104|4S|E|10|H7
8|19|210|105|99|231|5D|W|13|HT
8|19|138|52|68|22|5H|N|11|H4
8|19|46|193|145|110|5D|S|11|H6
8|19|131|83|228|118|5D|S|9|HJ
8|19|35|26|140|13|4H|N|11|S2
8|19|280|249|143|112|4H|N|12|CA
8|2|96|268|167|29|3C|E|11|S7
8|2|174|153|278|48|3N|W|7|D5
8|2|132|232|104|119|5C|E|11|S7
8|2|155|120|139|218|3N|W|10|ST
8|2|210|105|99|231|3D|S|9|CQ
8|2|138|17|68|202|3C|E|11|DK
8|2|75|193|108|110|3C|E|12|S7
8|2|135|46|196|145|4N|W|10|D7
8|2|35|248|140|56|3N|W|10|ST
8|2|280|249|143|112|4C|E|11|S7
8|20|147|124|182|271|4S|N|8|H2
8|20|174|96|278|167|5C|W|11|S4
8|20|120|141|245|235|3C|E|8|HT
8|20|155|132|139|104|1N|N|7|CK
8|20|210|105|99|231|6N|S|12|S2
8|20|138|52|68|22|6N|S|12|D6
8|20|46|193|145|110|3N|S|10|D8
8|20|131|83|228|118|3N|S|9|D7
8|20|35|26|140|13|4H|N|10|CQ
8|20|280|249|143|112|3H|N|10|H5
8|21|147|124|182|271|3N|E|12|S9
8|21|174|96|278|167|3N|E|10|H8
8|21|120|141|245|235|2S|W|7|HQ
8|21|155|132|139|104|1S|W|8|SJ
8|21|210|105|99|231|4S|N|12|H3
8|21|138|52|68|22|4S|N|12|D3
8|21|46|193|145|110|4H|E|11|S3
8|21|131|83|228|118|4H|E|11|S3
8|21|35|26|140|13|2D|N|9|SK
8|21|280|249|143|112|2H|E|6|ST
8|22|147|124|182|271|2H|S|8|D4
8|22|174|96|278|167|1N|E|7|HT
8|22|120|141|245|235|4S|S|9|HK
8|22|155|132|139|104|3S|S|9|CQ
8|22|210|105|99|231|6H|W|12|SJ
8|22|138|52|68|22|4H|W|11|SJ
8|22|46|193|145|110|3N|E|7|H3
8|22|131|83|228|118|3N|W|9|H3
8|22|35|26|140|13|3N|E|11|H2
8|22|280|249|143|112|3N|E|11|C5
8|23|147|124|182|271|6N|S|12|D5
8|23|174|96|278|167|6C|S|12|S7
8|23|120|141|245|235|4S|S|9|DT
8|23|155|132|139|104|3S|S|9|C6
8|23|210|105|99|231|2H|W|7|S3
8|23|138|52|68|22|1N|N|7|ST
8|23|46|193|145|110|3N|E|10|S4
8|23|131|83|228|118|3N|E|10|S3
8|23|35|26|140|13|4S|W|10|HT
8|23|280|249|143|112|3N|E|10|D8
8|24|147|124|182|271|3N|N|10|H6
8|24|174|96|278|167|4S|N|11|HJ
8|24|120|141|245|235|1N|N|5|DQ
8|24|155|132|139|104|2H|N|9|DQ
8|24|210|105|99|231|4H|N|9|H2
8|24|138|52|68|22|3N|S|8|S5
8|24|46|193|145|110|5C|N|11|SA
8|24|131|83|228|118|5C|N|11|SA
8|24|35|26|140|13|3C|W|9|H2
8|24|280|249|143|112|3N|E|7|H5
8|25|147|124|182|271|4H|N|8|D4
8|25|174|96|278|167|3D|E|10|H6
8|25|120|141|245|235|4S|S|9|C6
8|25|155|132|139|104|5C|N|12|D6
8|25|210|105|99|231|3N|S|9|D2
8|25|138|52|68|22|5C|N|11|D5
8|25|46|193|145|110|P||0
8|25|131|83|228|118|2N|W|7|HK
8|25|35|26|140|13|2H|S|9|CK
8|25|280|249|143|112|3H|N|9|C8
8|26|147|124|182|271|3N|N|6|S2
8|26|174|96|278|167|3C|S|9|S8
8|26|120|141|245|235|2N|N|8|HJ
8|26|155|132|139|104|3N|N|10|H8
8|26|210|105|99|231|3N|E|9|DT
8|26|138|52|68|22|3N|E|10|HJ
8|26|46|193|145|110|4S|E|9|HA
8|26|131|83|228|118|1S|E|11|SQ
8|26|35|26|140|13|3C|E|11|CA
8|26|280|249|143|112|2C|E|11|S2
8|27|147|124|182|271|2D|W|9|H4
8|27|174|96|278|167|3N|W|9|H3
8|27|120|141|245|235|1N|E|6|D4
8|27|155|132|139|104|3D|N|6|DQ
8|27|210|105|99|231|1N|W|11|CT
8|27|138|52|68|22|2C|S|8|DJ
8|27|46|193|145|110|1N|N|7|H2
8|27|131|83|228|118|1N|N|7|H2
8|27|35|26|140|13|3H|N|8|S4
8|27|280|249|143|112|2H|N|10|HA
8|28|147|124|182|271|4S|N|5|H4
8|28|174|96|278|167|3N|S|9|C6
8|28|120|141|245|235|6C|E|12|S7
8|28|155|132|139|104|3N|W|11|DT
8|28|210|105|99|231|7N|E|13|H2
8|28|138|52|68|22|6N|W|13|D5
8|28|46|193|145|110|3N|W|8|D5
8|28|131|83|228|118|3N|W|8|D6
8|28|35|26|140|13|3N|N|10|C7
8|28|280|249|143|112|2S|E|8|DQ
8|29|147|124|182|271|6C|N|10|DK
8|29|174|96|278|167|4S|W|10|C4
8|29|120|141|245|235|4H|W|9|CK
8|29|155|132|139|104|4H|W|8|CK
8|29|210|105|99|231|5S|E|11|CK
8|29|138|52|68|22|6S|W|11|DT
8|29|46|193|145|110|6N|N|12|C6
8|29|131|83|228|118|6N|N|13|D5
8|29|35|26|140|13|4S|N|10|DA
8|29|280|249|143|112|4S|N|10|DK
8|3|96|268|167|29|5S|E|12|H2
8|3|174|153|278|48|6S|E|12|C3
8|3|132|232|104|119|6H|N|12|HJ
8|3|155|120|139|218|6S|E|12|C6
8|3|210|105|99|231|4S|E|12|H5
8|3|138|17|68|202|4S|E|12|H2
8|3|75|193|108|110|3S|E|12|H5
8|3|135|46|196|145|4S|E|12|H2
8|3|35|248|140|56|5C|W|9|HA
8|3|280|249|143|112|6S|E|12|H5
8|30|147|124|182|271|4S|N|12|CK
8|30|174|96|278|167|4S|N|13|SJ
8|30|120|141|245|235|4D|S|10|SA
8|30|155|132|139|104|3N|N|8|SJ
8|30|210|105|99|231|3N|W|8|C5
8|30|138|52|68|22|3N|W|8|C2
8|30|46|193|145|110|6S|E|13|CA
8|30|131|83|228|118|5S|E|13|CA
8|30|35|26|140|13|3N|W|9|H3
8|30|280|249|143|112|3N|W|9|S3
8|31|147|124|182|271|4S|W|11|S8
8|31|174|96|278|167|4S|W|11|S4
8|31|120|141|245|235|3N|E|9|C3
8|31|155|132|139|104|3N|E|9|S8
8|31|210|105|99|231|3S|S|10|DA
8|31|138|52|68|22|5D|W|8|S8
8|31|46|193|145|110|3H|S|9|D3
8|31|131|83|228|118|4D|E|7|H3
8|31|35|26|140|13|3N|W|10|CJ
8|31|280|249|143|112|3N|W|10|CT
8|32|147|124|182|271|6N|S|12|DK
8|32|174|96|278|167|6N|N|13|D3
8|32|120|141|245|235|4D|W|11|CK
8|32|155|132|139|104|5C|N|11|HK
8|32|210|105|99|231|6H|S|12|H2
8|32|138|52|68|22|6N|S|11|CJ
8|32|46|193|145|110|2C|W|7|S2
8|32|131|83|228|118|2C|W|8|S2
8|32|35|26|140|13|2H|W|10|H3
8|32|280|249|143|112|2H|W|12|H2
8|4|96|268|167|29|3D|W|10|HQ
8|4|174|153|278|48|3D|W|8|D2
8|4|132|232|104|119|2S|N|8|CT
8|4|155|120|139|218|2S|N|8|D6
8|4|210|105|99|231|2S|N|9|CT
8|4|138|17|68|202|2S|N|8|DT
8|4|75|193|108|110|2D|E|10|SQ
8|4|135|46|196|145|2D|W|8|ST
8|4|35|248|140|56|2H|E|7|SQ
8|4|280|249|143|112|2D|W|10|ST
8|5|96|268|167|29|5C|E|11|DK
8|5|174|153|278|48|5C|E|11|DA
8|5|132|232|104|119|5C|E|11|DA
8|5|155|120|139|218|4H|N|10|DQ
8|5|210|105|99|231|5C|E|11|DA
8|5|138|17|68|202|3H|N|10|DQ
8|5|75|193|108|110|3H|N|10|DQ
8|5|135|46|196|145|4H|S|11|SK
8|5|35|248|140|56|4H|N|10|DQ
8|5|280|249|143|112|4H|N|10|DQ
8|6|96|268|167|29|3N|E|11|S2
8|6|174|153|278|48|3N|W|11|SA
8|6|132|232|104|119|4N|E|11|S3
8|6|155|120|139|218|3N|E|12|S4
8|6|210|105|99|231|3N|E|11|S3
8|6|138|17|68|202|3N|E|11|H9
8|6|75|193|108|110|3N|E|11|S2
8|6|135|46|196|145|5C|W|12|HJ
8|6|35|248|140|56|3N|E|11|S2
8|6|280|249|143|112|6C|E|12|S2
8|7|96|268|167|29|5S|N|12|D2
8|7|174|153|278|48|6S|S|12|H2
8|7|132|232|104|119|6S|N|12|DQ
8|7|155|120|139|218|4S|N|12|C3
8|7|210|105|99|231|4S|N|12|C8
8|7|138|17|68|202|6S|S|12|S2
8|7|75|193|108|110|6S|N|12|HQ
8|7|135|46|196|145|6S|N|12|S5
8|7|35|248|140|56|4S|S|12|DT
8|7|280|249|143|112|4S|N|12|HQ
8|8|96|268|167|29|4S|S|9|D2
8|8|174|153|278|48|3H|S|9|H3
8|8|132|232|104|119|3S|S|9|H3
8|8|155|120|139|218|4H|E|9|H6
8|8|210|105|99|231|3S|S|9|H4
8|8|138|17|68|202|4H|E|9|H2
8|8|75|193|108|110|4H|E|10|H2
8|8|135|46|196|145|3S|N|8|H4
8|8|35|248|140|56|3S|S|9|H4
8|8|280|249|143|112|4S|S|8|H3
8|9|96|268|167|29|3D|N|10|D2
8|9|174|153|278|48|2N|S|10|D9
8|9|132|232|104|119|3N|N|7|H2
8|9|155|120|139|218|2D|N|10|DJ
8|9|210|105|99|231|2N|N|10|H8
8|9|138|17|68|202|3N|N|10|H8
8|9|75|193|108|110|3N|N|10|H2
8|9|135|46|196|145|3N|N|10|H8
8|9|35|248|140|56|2N|N|9|DJ
8|9|280|249|143|112|2D|N|11|S6
9|1|124|141|271|235|4S|S|12|D2
9|1|155|268|139|29|6C|N|10|DA
9|1|153|17|48|202|4S|S|11|D2
9|1|210|147|99|182|5S|S|11|D5
9|1|138|83|68|118|6S|S|12|D9
9|1|75|105|108|231|5D|E|11|H6
9|1|193|35|110|140|5D|E|11|CK
9|1|249|131|112|228|4S|S|11|D9
9|1|280|218|143|104|4H|N|7|CT
9|1|132|248|245|56|4S|S|12|D9
9|10|124|141|271|235|3D|N|7|H7
9|10|155|268|139|29|1N|W|6|D6
9|10|153|17|48|202|3D|N|7|H7
9|10|210|147|99|182|1N|E|6|CT
9|10|138|83|68|118|2C|N|7|CQ
9|10|75|105|108|231|1N|E|7|C4
9|10|193|35|110|140|1N|W|7|C4
9|10|249|131|112|228|2D|N|7|H2
9|10|280|218|143|104|3D|N|7|H2
9|10|132|248|245|56|1N|E|7|CT
9|11|124|141|271|235|4S|N|9|DK
9|11|155|268|139|29|4S|N|11|C6
9|11|153|17|48|202|4H|S|11|S7
9|11|210|147|99|182|4S|N|10|S2
9|11|138|83|68|118|4H|N|10|DK
9|11|75|105|108|231|4H|S|10|S7
9|11|193|35|110|140|1S|N|10|C6
9|11|249|131|112|228|4S|N|10|S3
9|11|280|218|143|104|4H|N|10|C2
9|11|132|248|245|56|4H|N|10|S5
9|12|124|141|271|235|5C|W|11|SJ
9|12|155|268|139|29|3S|S|9|DT
9|12|153|17|48|202|5C|W|8|SJ
9|12|210|147|99|182|5S|S|10|DT
9|12|138|83|68|118|4H|N|10|CK
9|12|75|105|108|231|3N|S|11|DT
9|12|193|35|110|140|4S|N|10|CA
9|12|249|131|112|228|5C|W|11|C5
9|12|280|218|143|104|3S|N|10|CK
9|12|132|248|245|56|4H|S|10|DT
9|13|124|141|271|235|2H|S|9|HA
9|13|155|268|139|29|2H|S|9|D6
9|13|153|17|48|202|3C|E|9|HQ
9|13|210|147|99|182|2H|S|9|C6
9|13|138|83|68|118|1N|S|8|D5
9|13|75|105|108|231|2H|S|9|D3
9|13|193|35|110|140|2H|S|9|D5
9|13|249|131|112|228|1N|S|7|S7
9|13|280|218|143|104|1N|S|8|D3
9|13|132|248|245|56|2H|S|9|C5
9|14|124|141|271|235|4S|S|10|H7
9|14|155|268|139|29|4S|S|10|H9
9|14|153|17|48|202|3S|S|11|C6
9|14|210|147|99|182|4S|S|11|CT
9|14|138|83|68|118|4S|S|10|CT
9|14|75|105|108|231|4S|S|10|H7
9|14|193|35|110|140|4S|S|10|H9
9|14|249|131|112|228|4S|S|10|CT
9|14|280|218|143|104|4S|S|10|H9
9|14|132|248|245|56|4S|S|10|H5
9|15|124|141|271|235|3D|W|9|CQ
9|15|155|268|139|29|2D|W|9|D6
9|15|153|17|48|202|3S|E|8|CK
9|15|210|147|99|182|3N|S|5|D2
9|15|138|83|68|118|2C|S|9|S7
9|15|75|105|108|231|2S|E|6|CA
9|15|193|35|110|140|3N|N|9|S3
9|15|249|131|112|228|3N|S|5|D7
9|15|280|218|143|104|2C|S|9|S7
9|15|132|248|245|56|3N|N|9|SJ
9|16|124|141|271|235|3C|S|12|H4
9|16|155|268|139|29|3D|N|9|HQ
9|16|153|17|48|202|5C|S|12|C4
9|16|210|147|99|182|3C|S|10|H3
9|16|138|83|68|118|3N|N|8|H2
9|16|75|105|108|231|3H|E|7|S7
9|16|193|35|110|140|3N|S|9|D4
9|16|249|131|112|228|3C|S|10|H5
9|16|280|218|143|104|4C|S|10|D7
9|16|132|248|245|56|5C|S|10|H5
9|17|174|141|278|235|4H|E|10|C8
9|17|155|268|139|29|4H|E|11|C3
9|17|153|17|48|202|4H|E|11|SJ
9|17|52|96|22|167|3N|E|10|S3
9|17|138|46|68|145|4H|W|11|DJ
9|17|75|105|108|231|4H|E|11|SJ
9|17|135|35|196|140|4H|W|10|H5
9|17|249|131|112|228|4H|W|11|S7
9|17|26|218|13|104|4H|W|11|C2
9|17|120|248|245|56|4H|E|11|HQ
9|18|174|141|278|235|4S|S|9|D2
9|18|155|268|139|29|3N|S|9|CQ
9|18|153|17|48|202|4S|N|8|DK
9|18|52|96|22|167|3N|N|9|D8
9|18|138|46|68|145|4S|S|8|D4
9|18|75|105|108|231|4S|S|8|H5
9|18|135|35|196|140|4S|S|8|D4
9|18|249|131|112|228|5C|W|8|S8
9|18|26|218|13|104|4S|S|8|D5
9|18|120|248|245|56|4S|S|10|CA
9|19|174|141|278|235|4H|W|9|CK
9|19|155|268|139|29|5C|N|11|DA
9|19|153|17|48|202|5C|N|11|DK
9|19|52|96|22|167|4H|W|10|CK
9|19|138|46|68|145|3N|W|9|CK
9|19|75|105|108|231|5C|N|11|C3
9|19|135|35|196|140|4C|N|10|DK
9|19|249|131|112|228|2H|S|4|S2
9|19|26|218|13|104|4S|N|10|DK
9|19|120|248|245|56|6C|N|12|C5
9|2|124|141|271|235|4S|W|12|H3
9|2|155|268|139|29|6S|W|12|S6
9|2|153|17|48|202|4S|W|11|H4
9|2|210|147|99|182|7S|W|11|S2
9|2|138|83|68|118|4S|W|13|C5
9|2|75|105|108|231|6D|E|12|HK
9|2|193|35|110|140|4S|W|12|S2
9|2|249|131|112|228|4S|W|12|H6
9|2|280|218|143|104|6S|W|13|H3
9|2|132|248|245|56|6S|W|12|S2
9|20|174|141|278|235|3N|W|11|SJ
9|20|155|268|139|29|4H|W|11|CQ
9|20|153|17|48|202|6H|W|11|SJ
9|20|52|96|22|167|4H|E|11|DA
9|20|138|46|68|145|5C|E|12|HT
9|20|75|105|108|231|4H|E|11|S7
9|20|135|35|196|140|6H|E|12|H3
9|20|249|131|112|228|4H|W|11|CQ
9|20|26|218|13|104|4H|E|12|SJ
9|20|120|248|245|56|6C|W|11|SJ
9|21|174|141|278|235|3S|N|9|DA
9|21|155|268|139|29|5D|W|11|SA
9|21|153|17|48|202|6D|W|9|SK
9|21|52|96|22|167|3S|N|8|DK
9|21|138|46|68|145|3D|W|10|SK
9|21|75|105|108|231|4H|W|7|SA
9|21|135|35|196|140|3H|W|9|SK
9|21|249|131|112|228|3H|W|9|SK
9|21|26|218|13|104|4H|W|9|SA
9|21|120|248|245|56|4D|W|9|SA
9|22|174|141|278|235|1N|S|7|S7
9|22|155|268|139|29|4D|N|9|HK
9|22|153|17|48|202|2S|W|10|H5
9|22|52|96|22|167|4H|E|11|D7
9|22|138|46|68|145|4H|E|9|H4
9|22|75|105|108|231|3H|E|9|D9
9|22|135|35|196|140|3H|E|9|DT
9|22|249|131|112|228|4H|E|10|D7
9|22|26|218|13|104|3D|N|9|SJ
9|22|120|248|245|56|2H|E|9|DT
9|23|174|141|278|235|3N|S|9|ST
9|23|155|268|139|29|3N|S|8|ST
9|23|153|17|48|202|5D|S|9|ST
9|23|52|96|22|167|5D|S|11|H6
9|23|138|46|68|145|3D|N|11|HA
9|23|75|105|108|231|3N|S|9|H6
9|23|135|35|196|140|3N|N|9|H5
9|23|249|131|112|228|3N|S|9|ST
9|23|26|218|13|104|3N|S|9|ST
9|23|120|248|245|56|3N|N|9|S2
9|24|174|141|278|235|3N|W|9|DK
9|24|155|268|139|29|4S|E|11|H3
9|24|153|17|48|202|4S|E|11|DQ
9|24|52|96|22|167|4S|E|10|DQ
9|24|138|46|68|145|4S|E|10|DQ
9|24|75|105|108|231|3N|W|10|DK
9|24|135|35|196|140|4S|E|10|DQ
9|24|249|131|112|228|4S|E|11|H8
9|24|26|218|13|104|3N|W|10|DK
9|24|120|248|245|56|4S|E|11|DQ
9|25|174|141|278|235|3N|N|12|SJ
9|25|155|268|139|29|6N|N|12|SJ
9|25|153|17|48|202|3N|N|12|SJ
9|25|52|96|22|167|6D|S|12|HT
9|25|138|46|68|145|3N|S|12|HT
9|25|75|105|108|231|4H|N|10|SJ
9|25|135|35|196|140|3N|N|12|SJ
9|25|249|131|112|228|3N|N|12|SJ
9|25|26|218|13|104|3N|N|12|SJ
9|25|120|248|245|56|3N|N|12|H6
9|26|174|141|278|235|2N|W|7|CK
9|26|155|268|139|29|2N|W|8|C2
9|26|153|17|48|202|2S|N|7|H7
9|26|52|96|22|167|2N|W|7|CK
9|26|138|46|68|145|2N|W|7|CK
9|26|75|105|108|231|2N|W|7|CK
9|26|135|35|196|140|2S|E|7|H2
9|26|249|131|112|228|2N|W|7|CK
9|26|26|218|13|104|2S|N|7|H6
9|26|120|248|245|56|3N|W|9|CK
9|27|174|141|278|235|3N|N|10|C4
9|27|155|268|139|29|3N|N|10|C3
9|27|153|17|48|202|3N|N|10|H5
9|27|52|96|22|167|3N|N|9|CJ
9|27|138|46|68|145|3N|N|10|C4
9|27|75|105|108|231|3N|N|10|C6
9|27|135|35|196|140|3N|N|10|C3
9|27|249|131|112|228|3D|E|10|HK
9|27|26|218|13|104|3N|S|10|C8
9|27|120|248|245|56|3N|N|10|C3
9|28|174|141|278|235|2S|W|8|SJ
9|28|155|268|139|29|5D|S|12|SA
9|28|153|17|48|202|4S|W|10|SJ
9|28|52|96|22|167|4S|W|7|SJ
9|28|138|46|68|145|4S|W|9|CA
9|28|75|105|108|231|4S|E|9|HA
9|28|135|35|196|140|4S|W|9|SJ
9|28|249|131|112|228|3S|W|8|SJ
9|28|26|218|13|104|4S|E|8|SJ
9|28|120|248|245|56|4S|W|8|SJ
9|29|174|141|278|235|6H|N|12|DK
9|29|155|268|139|29|6H|N|12|DK
9|29|153|17|48|202|6S|N|12|DK
9|29|52|96|22|167|6H|S|12|DK
9|29|138|46|68|145|6S|N|12|S2
9|29|75|105|108|231|4S|N|12|DK
9|29|135|35|196|140|7H|N|12|H3
9|29|249|131|112|228|4H|N|12|DK
9|29|26|218|13|104|6H|N|11|DK
9|29|120|248|245|56|6H|N|12|H3
9|3|124|141|271|235|2H|N|9|D3
9|3|155|268|139|29|4H|S|10|CK
9|3|153|17|48|202|3H|S|9|C6
9|3|210|147|99|182|4H|S|9|CK
9|3|138|83|68|118|3D|W|9|HA
9|3|75|105|108|231|4H|S|9|CK
9|3|193|35|110|140|2D|W|9|HK
9|3|249|131|112|228|3H|S|9|CK
9|3|280|218|143|104|4H|S|9|CK
9|3|132|248|245|56|4D|W|9|HA
9|30|174|141|278|235|P||0
9|30|155|268|139|29|2H|S|10|C5
9|30|153|17|48|202|P||0
9|30|52|96|22|167|2H|N|9|DQ
9|30|138|46|68|145|3H|N|10|SQ
9|30|75|105|108|231|3C|S|10|S4
9|30|135|35|196|140|2S|E|7|CK
9|30|249|131|112|228|2C|E|2|CK
9|30|26|218|13|104|4H|N|10|SQ
9|30|120|248|245|56|3S|E|7|CK
9|31|174|141|278|235|4S|N|9|H4
9|31|155|268|139|29|4S|N|9|HQ
9|31|153|17|48|202|4S|N|9|DT
9|31|138|46|68|145|4S|S|10|H9
9|31|75|105|108|231|3S|S|9|CQ
9|31|135|35|196|140|4S|N|10|S5
9|31|249|131|112|228|4S|S|9|CQ
9|31|26|218|13|104|4S|S|9|CQ
9|31|120|248|245|56|4S|N|9|D9
9|32|174|141|278|235|3N|N|9|S4
9|32|155|268|139|29|3N|N|9|H6
9|32|153|17|48|202|3N|N|9|H3
9|32|52|96|22|167|2C|N|10|S2
9|32|138|46|68|145|3N|S|9|D6
9|32|75|105|108|231|2C|N|9|H3
9|32|135|35|196|140|3N|N|9|H2
9|32|249|131|112|228|3N|N|10|H2
9|32|26|218|13|104|3N|N|10|C8
9|32|120|248|245|56|2C|N|10|S3
9|4|124|141|271|235|2H|S|9|S2
9|4|155|268|139|29|3H|S|11|C6
9|4|153|17|48|202|2H|S|11|C5
9|4|210|147|99|182|2H|N|10|C3
9|4|138|83|68|118|3H|S|11|D4
9|4|75|105|108|231|2H|N|10|S6
9|4|193|35|110|140|2H|N|11|S9
9|4|249|131|112|228|2H|S|11|D4
9|4|280|218|143|104|2H|S|11|C4
9|4|132|248|245|56|2H|S|11|D4
9|5|124|141|271|235|2S|E|8|DA
9|5|155|268|139|29|5D|N|11|H5
9|5|153|17|48|202|5D|N|11|SJ
9|5|210|147|99|182|3S|E|8|HA
9|5|138|83|68|118|2S|E|9|S2
9|5|75|105|108|231|4D|N|11|SJ
9|5|193|35|110|140|4D|N|11|SJ
9|5|249|131|112|228|5D|N|11|ST
9|5|280|218|143|104|5D|N|11|ST
9|5|132|248|245|56|3D|N|11|S5
9|6|124|141|271|235|2H|N|9|H2
9|6|155|268|139|29|2D|E|6|HJ
9|6|153|17|48|202|1N|E|7|D3
9|6|210|147|99|182|2H|N|8|D9
9|6|138|83|68|118|1N|N|7|DQ
9|6|75|105|108|231|1N|E|7|D4
9|6|193|35|110|140|2H|S|8|D9
9|6|249|131|112|228|2H|S|7|D9
9|6|280|218|143|104|2H|N|8|H3
9|6|132|248|245|56|1H|S|7|D5
9|7|124|141|271|235|3D|W|7|S5
9|7|155|268|139|29|2S|S|8|CK
9|7|153|17|48|202|2S|S|8|CA
9|7|210|147|99|182|2S|S|8|CA
9|7|138|83|68|118|3D|W|8|S3
9|7|75|105|108|231|1N|E|6|SK
9|7|193|35|110|140|1N|E|3|SK
9|7|249|131|112|228|2S|S|8|CA
9|7|280|218|143|104|2S|S|7|CA
9|7|132|248|245|56|2S|S|8|CK
9|8|124|141|271|235|P||0
9|8|155|268|139|29|2S|N|7|DA
9|8|153|17|48|202|1N|E|5|S3
9|8|210|147|99|182|1S|N|8|DK
9|8|138|83|68|118|1N|W|5|H3
9|8|75|105|108|231|3C|E|8|S4
9|8|193|35|110|140|1N|E|5|S4
9|8|249|131|112|228|1H|W|7|CJ
9|8|280|218|143|104|1N|W|7|S2
9|8|132|248|245|56|1N|E|6|HA
9|9|124|141|271|235|3N|N|10|HQ
9|9|155|268|139|29|3N|N|9|C3
9|9|153|17|48|202|3N|S|10|D7
9|9|210|147|99|182|3N|S|10|D2
9|9|138|83|68|118|3N|N|10|DK
9|9|75|105|108|231|3N|N|9|HQ
9|9|193|35|110|140|3N|S|10|D6
9|9|249|131|112|228|3N|N|10|ST
9|9|280|218|143|104|3N|S|10|DQ
9|9|132|248|245|56|3N|S|10|ST
