1|1|225|98|50|114|3N|W|10|C2
1|1|233|123|283|165|3D|W|10|CK
1|1|38|243|212|109|3D|W|10|CQ
1|1|192|55|281|12|3N|W|10|C8
1|1|163|42|73|176|3N|E|9|C6
1|1|263|37|261|276|3D|W|10|CK
1|1|137|142|4|208|3N|E|9|S4
1|1|185|253|87|267|3D|W|11|CK
1|1|257|53|171|103|2D|W|10|CQ
1|1|183|266|128|41|3D|W|11|CK
1|10|225|98|50|114|3S|W|10|S6
1|10|233|123|283|165|2H|S|7|DA
1|10|38|243|212|109|2S|E|10|CA
1|10|192|55|281|12|4S|W|10|C4
1|10|163|42|73|176|4S|W|10|SJ
1|10|263|37|261|276|4S|W|10|C4
1|10|137|142|4|208|4S|E|10|CK
1|10|185|253|87|267|4S|W|10|C4
1|10|257|53|171|103|3S|E|10|CA
1|10|183|266|128|41|2S|E|10|CK
1|11|225|98|50|114|4S|N|9|D3
1|11|233|123|283|165|3D|S|9|SA
1|11|38|243|212|109|3D|S|9|SA
1|11|192|55|281|12|2C|W|9|C2
1|11|163|42|73|176|3N|S|9|CJ
1|11|263|37|261|276|3N|S|9|C7
1|11|137|142|4|208|3D|S|10|CJ
1|11|185|253|87|267|3D|N|9|CA
1|11|257|53|171|103|4DX|S|9|SA
1|11|183|266|128|41|3D|S|9|CJ
1|12|225|98|50|114|4S|W|11|H3
1|12|233|123|283|165|4S|W|11|CA
1|12|38|243|212|109|4S|W|11|DJ
1|12|192|55|281|12|4S|W|12|DQ
1|12|163|42|73|176|4S|W|11|DQ
1|12|263|37|261|276|6S|W|12|CA
1|12|137|142|4|208|3N|E|11|C4
1|12|185|253|87|267|4S|W|12|DQ
1|12|257|53|171|103|4S|W|12|DJ
1|12|183|266|128|41|4S|W|11|DQ
1|13|225|98|50|114|2H|W|8|H3
1|13|233|123|283|165|2S|S|7|HJ
1|13|38|243|212|109|2N|E|6|C5
1|13|192|55|281|12|3H|E|8|C5
1|13|163|42|73|176|2H|W|7|CQ
1|13|263|37|261|276|2H|W|8|CQ
1|13|137|142|4|208|1N|W|7|H3
1|13|185|253|87|267|2H|W|8|CQ
1|13|257|53|171|103|2H|W|7|C6
1|13|183|266|128|41|2H|E|8|S5
1|14|225|98|50|114|4S|N|10|CK
1|14|233|123|283|165|2N|E|7|S5
1|14|38|243|212|109|1N|E|7|S5
1|14|192|55|281|12|1N|W|7|S4
1|14|163|42|73|176|3D|W|8|HK
1|14|263|37|261|276|3S|S|10|DA
1|14|137|142|4|208|3C|W|8|HA
1|14|185|253|87|267|3D|W|9|HA
1|14|257|53|171|103|2S|S|9|DA
1|14|183|266|128|41|1N|W|7|S4
1|15|225|98|50|114|2H|S|9|D8
1|15|233|123|283|165|1N|S|7|S2
1|15|38|243|212|109|2S|E|10|DA
1|15|192|55|281|12|2H|S|10|H2
1|15|163|42|73|176|1H|S|9|D7
1|15|263|37|261|276|2H|S|10|H2
1|15|137|142|4|208|3H|S|9|H9
1|15|185|253|87|267|3H|S|10|C7
1|15|257|53|171|103|1N|S|7|S2
1|15|183|266|128|41|2S|E|8|DK
1|16|225|98|50|114|6N|W|10|H7
1|16|233|123|283|165|5S|E|8|HQ
1|16|38|243|212|109|3N|W|11|DJ
1|16|192|55|281|12|3N|E|10|ST
1|16|163|42|73|176|6C|E|12|H3
1|16|263|37|261|276|3N|E|10|ST
1|16|137|142|4|208|3N|W|11|DT
1|16|185|253|87|267|3N|W|12|DT
1|16|257|53|171|103|3NX|E|11|H3
1|16|183|266|128|41|4N|W|11|DK
1|17|225|273|50|121|5S|S|10|HA
1|17|98|123|114|165|4S|S|9|CJ
1|17|38|243|212|109|4S|S|9|CJ
1|17|192|55|281|12|5H|E|11|CA
1|17|163|226|73|45|4S|S|9|C3
1|17|263|37|261|276|5H|E|11|CA
1|17|289|234|184|91|5H|E|9|CA
1|17|185|253|87|267|4S|S|9|CJ
1|17|266|183|41|53|4S|S|9|CJ
1|17|223|242|128|217|4S|S|9|CJ
1|18|225|273|50|121|4S|N|10|DA
1|18|98|123|114|165|4S|S|10|DQ
1|18|38|243|212|109|4S|N|11|DA
1|18|192|55|281|12|5S|N|10|DK
1|18|163|226|73|45|4S|N|10|DA
1|18|263|37|261|276|5D|W|11|SK
1|18|289|234|184|91|4S|N|10|DK
1|18|185|253|87|267|3S|S|10|DQ
1|18|266|183|41|53|5DX|E|10|CJ
1|18|223|242|128|217|4S|N|11|DA
1|19|225|273|50|121|5C|E|11|DA
1|19|98|123|114|165|3N|W|10|D6
1|19|38|243|212|109|3N|W|11|D8
1|19|192|55|281|12|6N|E|10|S5
1|19|163|226|73|45|3N|W|11|D9
1|19|263|37|261|276|6N|W|12|D9
1|19|289|234|184|91|3N|E|11|S5
1|19|185|253|87|267|6N|W|12|D9
1|19|266|183|41|53|6N|W|12|DA
1|19|223|242|128|217|3N|W|11|D8
1|2|225|98|50|114|3N|N|9|D9
1|2|233|123|283|165|4H|N|11|DT
1|2|38|243|212|109|3N|N|11|DT
1|2|192|55|281|12|3N|N|10|S5
1|2|163|42|73|176|2N|N|9|D4
1|2|263|37|261|276|3N|N|11|D4
1|2|137|142|4|208|3N|N|11|D4
1|2|185|253|87|267|3N|N|8|D4
1|2|257|53|171|103|3C|S|10|S4
1|2|183|266|128|41|3N|N|8|D3
1|20|225|273|50|121|1N|S|7|ST
1|20|98|123|114|165|3S|S|9|D7
1|20|38|243|212|109|4S|S|7|ST
1|20|192|55|281|12|3S|S|7|D4
1|20|163|226|73|45|3S|S|9|S6
1|20|263|37|261|276|3S|S|8|S7
1|20|289|234|184|91|2S|S|8|D4
1|20|185|253|87|267|2S|S|8|D4
1|20|266|183|41|53|3S|S|8|H7
1|20|223|242|128|217|1S|S|9|C2
1|21|225|273|50|121|5S|N|11|HA
1|21|98|123|114|165|5D|W|10|CA
1|21|38|243|212|109|3D|W|11|SA
1|21|192|55|281|12|3N|E|7|C6
1|21|163|226|73|45|4S|N|8|HA
1|21|263|37|261|276|5D|W|10|SA
1|21|289|234|184|91|5D|W|11|SA
1|21|185|253|87|267|3S|N|8|HQ
1|21|266|183|41|53|5D|W|11|SA
1|21|223|242|128|217|4S|N|10|DA
1|22|225|273|50|121|4H|E|9|H3
1|22|98|123|114|165|5D|S|11|HQ
1|22|38|243|212|109|4H|E|10|C8
1|22|192|55|281|12|4H|E|10|DA
1|22|163|226|73|45|4H|E|9|H3
1|22|263|37|261|276|4H|E|9|DA
1|22|289|234|184|91|4H|E|8|C2
1|22|185|253|87|267|4H|E|9|DA
1|22|266|183|41|53|4H|E|9|H3
1|22|223|242|128|217|2H|E|10|C8
1|23|225|273|50|121|1N|N|8|D3
1|23|98|123|114|165|2N|N|8|S3
1|23|38|243|212|109|4H|N|9|D4
1|23|192|55|281|12|4H|N|9|C2
1|23|163|226|73|45|4H|S|9|S7
1|23|263|37|261|276|4H|N|10|D4
1|23|289|234|184|91|1N|N|8|D4
1|23|185|253|87|267|4H|N|9|C3
1|23|266|183|41|53|1N|N|7|S3
1|23|223|242|128|217|4H|S|11|C7
1|24|225|273|50|121|4H|S|9|DK
1|24|98|123|114|165|3N|N|7|DQ
1|24|38|243|212|109|3N|N|7|DQ
1|24|192|55|281|12|3N|N|10|H3
1|24|163|226|73|45|3N|N|10|DQ
1|24|263|37|261|276|3N|N|8|DQ
1|24|289|234|184|91|3N|N|7|DQ
1|24|185|253|87|267|3N|N|9|DQ
1|24|266|183|41|53|3N|N|7|DQ
1|24|223|242|128|217|3N|N|7|DQ
1|25|225|273|50|121|3N|E|9|CT
1|25|98|123|114|165|2S|W|8|HT
1|25|38|243|212|109|3S|W|9|CJ
1|25|192|55|281|12|3D|S|9|SA
1|25|163|226|73|45|2S|W|8|HT
1|25|263|37|261|276|2S|W|8|CQ
1|25|289|234|184|91|2S|W|8|C5
1|25|185|253|87|267|2S|W|8|CQ
1|25|266|183|41|53|2S|W|8|CJ
1|25|223|242|128|217|3H|S|6|SA
1|26|225|273|50|121|4H|N|12|H9
1|26|98|123|114|165|6D|S|12|S4
1|26|38|243|212|109|6H|N|12|S3
1|26|192|55|281|12|3N|S|12|DJ
1|26|163|226|73|45|5D|N|12|S2
1|26|263|37|261|276|5D|N|12|S9
1|26|289|234|184|91|3N|N|11|S3
1|26|266|183|41|53|6D|S|12|C4
1|26|223|242|128|217|6D|N|12|S8
1|27|225|273|50|121|6C|N|13|CT
1|27|98|123|114|165|3N|N|13|D3
1|27|38|243|212|109|6C|N|13|D9
1|27|192|55|281|12|6C|N|12|H2
1|27|163|226|73|45|6D|N|12|SA
1|27|263|37|261|276|3N|N|13|H2
1|27|289|234|184|91|3N|N|12|H2
1|27|185|253|87|267|6C|N|12|H2
1|27|266|183|41|53|3N|N|13|H2
1|27|223|242|128|217|6C|N|12|CT
1|28|225|273|50|121|2S|N|9|DA
1|28|98|123|114|165|3S|N|7|DA
1|28|38|243|212|109|3S|N|9|DA
1|28|192|55|281|12|4H|E|10|H7
1|28|163|226|73|45|2S|N|10|C3
1|28|263|37|261|276|4H|W|9|CQ
1|28|289|234|184|91|3C|E|9|S3
1|28|185|253|87|267|3S|N|8|DA
1|28|266|183|41|53|2S|N|9|DA
1|28|223|242|128|217|4H|W|10|CQ
1|29|225|273|50|121|4S|W|10|H2
1|29|98|123|114|165|4S|E|10|C3
1|29|38|243|212|109|4S|W|11|C9
1|29|192|55|281|12|4S|W|10|CT
1|29|163|226|73|45|4S|W|10|CT
1|29|263|37|261|276|4S|W|11|D2
1|29|289|234|184|91|4S|W|10|D6
1|29|185|253|87|267|4S|W|11|CT
1|29|266|183|41|53|4S|W|10|C9
1|29|223|242|128|217|4S|W|10|C9
1|3|225|98|50|114|2H|N|9|S3
1|3|233|123|283|165|3H|N|9|HJ
1|3|38|243|212|109|2S|E|7|H5
1|3|192|55|281|12|2H|N|10|DA
1|3|163|42|73|176|2H|N|10|DA
1|3|263|37|261|276|3C|W|9|D3
1|3|137|142|4|208|2H|N|10|S4
1|3|185|253|87|267|2H|N|8|S4
1|3|257|53|171|103|2H|N|9|DA
1|3|183|266|128|41|2H|N|8|S3
1|30|225|273|50|121|4C|N|8|SJ
1|30|98|123|114|165|4S|W|9|CQ
1|30|38|243|212|109|4H|N|9|SJ
1|30|192|55|281|12|5H|S|11|SK
1|30|163|226|73|45|3S|W|9|CQ
1|30|263|37|261|276|3N|S|6|SK
1|30|289|234|184|91|3S|W|9|CQ
1|30|185|253|87|267|3N|S|6|S6
1|30|266|183|41|53|3S|W|9|CQ
1|30|223|242|128|217|4H|N|9|SJ
1|31|225|273|50|121|4S|E|10|H6
1|31|98|123|114|165|4S|E|10|H6
1|31|38|243|212|109|5D|S|10|S4
1|31|192|55|281|12|5C|S|11|CA
1|31|163|226|73|45|6C|S|12|S4
1|31|263|37|261|276|5H|N|11|S4
1|31|289|234|184|91|3N|N|9|D9
1|31|185|253|87|267|5C|S|11|S4
1|31|266|183|41|53|4HX|N|11|SJ
1|31|223|242|128|217|5H|N|11|SJ
1|32|225|273|50|121|5H|N|11|DA
1|32|98|123|114|165|4H|N|9|DA
1|32|38|243|212|109|4H|N|10|DA
1|32|192|55|281|12|4S|E|9|HA
1|32|163|226|73|45|4S|E|10|C6
1|32|263|37|261|276|5H|N|11|DA
1|32|289|234|184|91|4S|E|9|S2
1|32|185|253|87|267|4S|E|9|S4
1|32|266|183|41|53|5HX|N|10|DA
1|32|223|242|128|217|4H|N|10|DA
1|4|225|98|50|114|4S|N|10|C3
1|4|233|123|283|165|4S|N|10|DA
1|4|38|243|212|109|4S|N|10|DA
1|4|192|55|281|12|4S|N|10|DK
1|4|163|42|73|176|4S|N|10|DA
1|4|263|37|261|276|4S|N|11|DA
1|4|137|142|4|208|3S|N|10|DA
1|4|185|253|87|267|4S|N|10|DA
1|4|257|53|171|103|4S|N|10|DA
1|4|183|266|128|41|4S|N|10|DK
1|5|225|98|50|114|2S|E|8|DQ
1|5|233|123|283|165|2S|E|7|DQ
1|5|38|243|212|109|2S|E|8|D4
1|5|192|55|281|12|2S|E|8|DQ
1|5|163|42|73|176|2S|E|8|D3
1|5|263|37|261|276|2S|E|9|DQ
1|5|137|142|4|208|2S|W|8|C8
1|5|185|253|87|267|3S|W|8|C9
1|5|257|53|171|103|2H|W|8|C6
1|5|183|266|128|41|2S|E|7|DQ
1|6|225|98|50|114|5D|S|9|CK
1|6|233|123|283|165|4S|W|10|CJ
1|6|38|243|212|109|3S|W|10|HT
1|6|192|55|281|12|4S|W|10|HJ
1|6|163|42|73|176|3H|W|9|HJ
1|6|263|37|261|276|3S|W|10|CJ
1|6|137|142|4|208|3D|N|10|S2
1|6|185|253|87|267|3S|W|9|S5
1|6|257|53|171|103|3N|S|6|SQ
1|6|183|266|128|41|5D|N|11|S4
1|7|225|98|50|114|4H|E|10|S2
1|7|233|123|283|165|4S|N|10|CA
1|7|38|243|212|109|4H|W|10|SK
1|7|192|55|281|12|4H|E|10|ST
1|7|163|42|73|176|4S|N|10|CA
1|7|263|37|261|276|4S|N|10|CK
1|7|137|142|4|208|4H|E|10|S5
1|7|185|253|87|267|4S|N|10|CA
1|7|257|53|171|103|4H|E|10|D8
1|7|183|266|128|41|3H|E|11|ST
1|8|225|98|50|114|6C|S|11|DT
1|8|233|123|283|165|6D|E|12|CA
1|8|38|243|212|109|5C|S|11|D3
1|8|192|55|281|12|5C|S|11|D3
1|8|163|42|73|176|4C|S|11|D5
1|8|263|37|261|276|5C|S|11|D3
1|8|137|142|4|208|5CX|S|11|DQ
1|8|185|253|87|267|5C|S|11|D3
1|8|257|53|171|103|6C|S|11|DT
1|8|183|266|128|41|5C|S|11|DQ
1|9|225|98|50|114|4S|W|11|CK
1|9|233|123|283|165|5C|N|11|SJ
1|9|38|243|212|109|3S|W|11|CQ
1|9|192|55|281|12|4S|W|10|CK
1|9|163|42|73|176|3S|W|9|CK
1|9|263|37|261|276|3S|W|9|CK
1|9|137|142|4|208|4S|W|8|CK
1|9|185|253|87|267|4S|W|10|CK
1|9|257|53|171|103|3S|W|9|CQ
1|9|183|266|128|41|4S|W|10|CK
2|1|243|123|109|165|4S|W|9|DK
2|1|225|192|50|281|4S|W|9|H3
2|1|263|55|261|12|3N|W|7|C4
2|1|38|42|212|176|4S|W|9|DQ
2|1|142|37|208|276|3S|W|8|H9
2|1|163|234|73|91|2S|W|9|H5
2|1|223|137|183|4|3N|E|8|HK
2|1|289|53|184|103|3N|E|5|HK
2|1|233|257|283|171|4SX|W|8|DK
2|1|242|98|217|114|3N|W|9|S4
2|10|243|123|109|165|1N|E|5|H9
2|10|225|192|50|281|2DX|E|6|D3
2|10|263|55|261|12|3S|S|8|D7
2|10|38|42|212|176|1S|E|5|C2
2|10|142|37|208|276|3D|E|7|H7
2|10|163|234|73|91|3H|S|8|D4
2|10|223|137|183|4|3H|S|8|H5
2|10|289|53|184|103|2H|S|8|D2
2|10|233|257|283|171|2H|S|8|D3
2|10|242|98|217|114|3H|S|8|D3
2|11|243|123|109|165|2S|W|8|S3
2|11|225|192|50|281|3C|N|8|S7
2|11|263|55|261|12|2S|W|9|DA
2|11|38|42|212|176|2S|W|9|DA
2|11|142|37|208|276|3C|N|8|S5
2|11|163|234|73|91|3S|W|9|DK
2|11|223|137|183|4|2S|W|9|DA
2|11|289|53|184|103|2S|W|9|D2
2|11|233|257|283|171|2S|W|9|DA
2|11|242|98|217|114|1S|W|9|S3
2|12|243|123|109|165|3N|W|7|D6
2|12|225|192|50|281|3N|W|8|H9
2|12|263|55|261|12|4S|W|11|C4
2|12|38|42|212|176|3N|E|7|D3
2|12|142|37|208|276|4S|W|11|C2
2|12|163|234|73|91|3N|W|8|H9
2|12|223|137|183|4|4S|W|10|D6
2|12|289|53|184|103|3N|W|11|D2
2|12|233|257|283|171|4S|W|11|D4
2|12|242|98|217|114|4N|W|9|H2
2|13|243|123|109|165|1N|S|5|HJ
2|13|225|192|50|281|2N|W|6|C2
2|13|263|55|261|12|3N|W|8|C6
2|13|38|42|212|176|2N|W|7|C6
2|13|142|37|208|276|2S|S|7|HJ
2|13|163|234|73|91|3C|W|7|H3
2|13|223|137|183|4|2N|W|6|C6
2|13|289|53|184|103|2N|W|6|C6
2|13|233|257|283|171|4HX|E|7|SK
2|13|242|98|217|114|2N|W|6|C6
2|14|243|123|109|165|3N|E|10|H2
2|14|225|192|50|281|3N|E|9|ST
2|14|263|55|261|12|3N|E|9|H2
2|14|38|42|212|176|3N|E|10|S9
2|14|142|37|208|276|3N|E|9|H2
2|14|163|234|73|91|3N|E|9|H3
2|14|223|137|183|4|3HX|N|8|CK
2|14|289|53|184|103|3N|E|10|ST
2|14|233|257|283|171|3N|E|9|D4
2|14|242|98|217|114|3N|E|9|H2
2|15|243|123|109|165|3S|E|9|DA
2|15|225|192|50|281|4S|E|9|DK
2|15|263|55|261|12|3S|E|10|DA
2|15|38|42|212|176|2S|E|10|DK
2|15|142|37|208|276|3S|E|10|DA
2|15|163|234|73|91|3H|W|10|D6
2|15|223|137|183|4|2N|S|7|ST
2|15|289|53|184|103|3D|N|8|SA
2|15|233|257|283|171|1NXX|S|7|HT
2|15|242|98|217|114|3S|E|10|DA
2|16|243|123|109|165|4H|W|9|D4
2|16|225|192|50|281|4H|W|9|C5
2|16|263|55|261|12|2H|W|9|D4
2|16|38|42|212|176|3H|E|9|DA
2|16|142|37|208|276|4H|E|9|DA
2|16|163|234|73|91|4H|E|9|DK
2|16|223|137|183|4|4H|E|9|DA
2|16|289|53|184|103|4H|E|9|DA
2|16|233|257|283|171|3H|E|9|S3
2|16|242|98|217|114|4H|W|9|C4
2|17|192|123|281|165|5D|S|9|H4
2|17|225|243|50|109|2N|S|8|H8
2|17|226|55|45|12|3D|S|9|H4
2|17|38|42|212|176|3N|S|8|H4
2|17|142|37|208|276|3N|S|8|H4
2|17|163|185|73|87|3D|S|9|H9
2|17|223|253|128|267|2H|E|8|HK
2|17|137|53|4|103|1N|S|8|C6
2|17|233|257|283|171|3D|S|9|H9
2|17|266|273|41|121|4D|S|9|H4
2|18|192|123|281|165|4N|W|8|CA
2|18|225|243|50|109|4H|W|10|D3
2|18|226|55|45|12|3N|W|8|C2
2|18|38|42|212|176|3N|E|8|CQ
2|18|142|37|208|276|5D|E|12|S2
2|18|163|185|73|87|5D|E|12|S3
2|18|223|253|128|267|5D|W|12|CK
2|18|137|53|4|103|5D|E|12|CK
2|18|233|257|283|171|3N|W|8|C7
2|18|266|273|41|121|3N|W|8|C2
2|19|192|123|281|165|6S|N|12|HT
2|19|225|243|50|109|4S|S|13|H2
2|19|226|55|45|12|6S|S|13|S5
2|19|38|42|212|176|6S|S|13|S5
2|19|142|37|208|276|7S|S|13|S6
2|19|163|185|73|87|4S|S|13|SJ
2|19|223|253|128|267|4S|S|13|SJ
2|19|137|53|4|103|6S|S|13|S5
2|19|233|257|283|171|4S|S|13|SJ
2|19|266|273|41|121|6S|S|13|H2
2|2|243|123|109|165|3N|E|11|D4
2|2|225|192|50|281|4S|W|9|D7
2|2|263|55|261|12|3N|W|10|DT
2|2|38|42|212|176|2H|E|9|SA
2|2|142|37|208|276|4S|E|9|D2
2|2|163|234|73|91|3S|E|11|D4
2|2|223|137|183|4|4S|W|9|C2
2|2|289|53|184|103|1N|W|10|DT
2|2|233|257|283|171|3N|W|9|DT
2|2|242|98|217|114|1N|W|9|DT
2|20|192|123|281|165|1N|N|8|S2
2|20|225|243|50|109|P||0
2|20|226|55|45|12|2H|S|7|DK
2|20|38|42|212|176|1N|N|8|S2
2|20|142|37|208|276|2H|S|7|DA
2|20|163|185|73|87|2S|E|9|HK
2|20|223|253|128|267|2H|S|8|DA
2|20|137|53|4|103|2S|E|8|HK
2|20|233|257|283|171|1N|N|8|S2
2|20|266|273|41|121|1N|N|8|C2
2|21|192|123|281|165|2S|S|7|DA
2|21|225|243|50|109|1H|N|4|CK
2|21|226|55|45|12|3S|S|7|DK
2|21|38|42|212|176|3N|W|9|SK
2|21|142|37|208|276|3N|W|9|SK
2|21|163|185|73|87|1H|N|4|CK
2|21|223|253|128|267|2S|S|8|DA
2|21|137|53|4|103|1H|N|4|CK
2|21|233|257|283|171|1H|N|4|CQ
2|21|266|273|41|121|1H|N|4|CK
2|22|192|123|281|165|2N|W|8|S6
2|22|225|243|50|109|3S|W|7|H3
2|22|226|55|45|12|2N|W|7|C2
2|22|38|42|212|176|3N|W|8|H6
2|22|142|37|208|276|4S|W|7|DA
2|22|163|185|73|87|3S|E|8|D6
2|22|223|253|128|267|4SX|E|7|D9
2|22|137|53|4|103|4SX|W|7|H6
2|22|233|257|283|171|3S|E|7|DT
2|22|266|273|41|121|4SX|W|7|H3
2|23|192|123|281|165|4S|N|11|CK
2|23|225|243|50|109|6S|S|12|HJ
2|23|226|55|45|12|4S|N|11|CK
2|23|38|42|212|176|3N|N|11|CK
2|23|142|37|208|276|6SX|N|11|CK
2|23|163|185|73|87|4S|N|11|CK
2|23|223|253|128|267|6S|N|11|CK
2|23|137|53|4|103|4S|S|11|HJ
2|23|233|257|283|171|6S|N|11|CQ
2|23|266|273|41|121|7S|N|11|CK
2|24|192|123|281|165|5H|E|10|D3
2|24|225|243|50|109|5S|S|9|H2
2|24|226|55|45|12|5HX|E|10|D7
2|24|38|42|212|176|4H|E|10|D3
2|24|142|37|208|276|5S|S|9|DA
2|24|163|185|73|87|5SX|S|9|H4
2|24|223|253|128|267|4SX|S|9|H4
2|24|137|53|4|103|4SX|S|9|H8
2|24|233|257|283|171|4S|S|9|H6
2|24|266|273|41|121|4S|S|9|H4
2|25|192|123|281|165|6C|S|13|C6
2|25|225|243|50|109|6C|S|11|HA
2|25|226|55|45|12|6S|N|11|H4
2|25|38|42|212|176|4S|S|13|S7
2|25|142|37|208|276|4S|N|13|CJ
2|25|163|185|73|87|5S|N|13|CJ
2|25|223|253|128|267|4S|N|11|H4
2|25|137|53|4|103|4S|N|13|CJ
2|25|233|257|283|171|5S|N|12|H2
2|25|266|273|41|121|6C|S|13|S8
2|26|192|123|281|165|2HX|W|7|SJ
2|26|225|243|50|109|4C|S|9|D2
2|26|226|55|45|12|3N|E|8|CA
2|26|38|42|212|176|3NX|W|8|CT
2|26|142|37|208|276|2HX|W|7|SJ
2|26|163|185|73|87|3D|E|10|CQ
2|26|223|253|128|267|2HX|W|7|SJ
2|26|137|53|4|103|4D|E|9|CA
2|26|233|257|283|171|3D|E|9|CA
2|26|266|273|41|121|3H|W|7|CJ
2|27|192|123|281|165|4S|N|11|DK
2|27|225|243|50|109|4S|N|9|DK
2|27|226|55|45|12|4S|N|10|DK
2|27|38|42|212|176|4SX|N|10|DK
2|27|142|37|208|276|4S|N|11|DK
2|27|163|185|73|87|4S|N|10|DK
2|27|223|253|128|267|4S|N|11|DK
2|27|137|53|4|103|4S|N|11|DK
2|27|233|257|283|171|4S|N|10|D4
2|27|266|273|41|121|4S|S|10|D6
2|28|192|123|281|165|4H|N|9|D2
2|28|225|243|50|109|3N|S|9|S6
2|28|226|55|45|12|3N|S|9|DJ
2|28|38|42|212|176|4H|S|9|C4
2|28|142|37|208|276|4H|N|9|D2
2|28|163|185|73|87|4H|N|8|D6
2|28|223|253|128|267|4H|N|10|D4
2|28|137|53|4|103|4H|S|10|DJ
2|28|233|257|283|171|3N|S|9|S3
2|28|266|273|41|121|4H|N|9|D2
2|29|192|123|281|165|4S|E|12|C2
2|29|225|243|50|109|4S|E|11|H6
2|29|226|55|45|12|4S|E|11|H6
2|29|38|42|212|176|4S|E|11|C9
2|29|142|37|208|276|4S|E|11|H5
2|29|163|185|73|87|4S|E|12|C5
2|29|223|253|128|267|4S|E|11|H5
2|29|137|53|4|103|4S|E|11|C5
2|29|233|257|283|171|4S|E|11|C9
2|29|266|273|41|121|4S|E|11|H6
2|3|243|123|109|165|1N|W|7|S5
2|3|225|192|50|281|2S|N|8|C2
2|3|263|55|261|12|4H|W|8|CQ
2|3|38|42|212|176|2S|N|8|H3
2|3|142|37|208|276|3S|N|9|C7
2|3|163|234|73|91|2S|N|9|H6
2|3|223|137|183|4|3H|E|7|S7
2|3|289|53|184|103|3S|N|9|C7
2|3|233|257|283|171|2S|N|9|C3
2|3|242|98|217|114|3SX|N|8|S6
2|30|192|123|281|165|3N|S|10|CA
2|30|225|243|50|109|4H|N|9|CJ
2|30|226|55|45|12|4SX|W|9|C7
2|30|38|42|212|176|4H|N|9|CJ
2|30|142|37|208|276|3N|S|10|C8
2|30|163|185|73|87|3D|S|9|CA
2|30|223|253|128|267|3D|S|9|CA
2|30|137|53|4|103|4H|N|9|CJ
2|30|233|257|283|171|3N|S|10|SQ
2|30|266|273|41|121|5D|S|9|CA
2|31|192|123|281|165|3S|E|9|C9
2|31|225|243|50|109|4S|E|9|C9
2|31|226|55|45|12|3N|W|8|CQ
2|31|38|42|212|176|4S|E|9|C9
2|31|142|37|208|276|4S|E|10|C9
2|31|163|185|73|87|4S|E|9|C9
2|31|223|253|128|267|3C|N|8|S9
2|31|137|53|4|103|2S|W|8|CQ
2|31|233|257|283|171|3N|E|8|D5
2|31|266|273|41|121|3C|N|8|ST
2|32|192|123|281|165|2H|S|10|SJ
2|32|225|243|50|109|4H|N|10|SJ
2|32|226|55|45|12|3H|S|10|SJ
2|32|38|42|212|176|4H|S|10|DA
2|32|142|37|208|276|3H|S|8|C7
2|32|163|185|73|87|3D|E|10|D5
2|32|223|253|128|267|4H|S|9|C3
2|32|137|53|4|103|2H|S|11|SJ
2|32|233|257|283|171|4HX|S|9|DA
2|32|266|273|41|121|3H|S|9|DA
2|4|243|123|109|165|4H|N|12|S2
2|4|225|192|50|281|6H|S|12|C2
2|4|263|55|261|12|4H|N|11|CJ
2|4|38|42|212|176|4H|N|11|CJ
2|4|142|37|208|276|3N|N|11|CJ
2|4|163|234|73|91|4H|N|11|ST
2|4|223|137|183|4|4H|N|11|CJ
2|4|289|53|184|103|4H|S|11|C2
2|4|233|257|283|171|4H|N|11|C5
2|4|242|98|217|114|4H|N|11|H2
2|5|243|123|109|165|3N|E|6|H9
2|5|225|192|50|281|3N|W|6|CJ
2|5|263|55|261|12|3N|E|6|C6
2|5|38|42|212|176|3N|W|6|CT
2|5|142|37|208|276|3N|E|6|C4
2|5|163|234|73|91|3N|W|6|CJ
2|5|223|137|183|4|3N|W|6|HK
2|5|289|53|184|103|3N|E|6|H7
2|5|233|257|283|171|3D|E|6|H6
2|5|242|98|217|114|3N|W|6|CJ
2|6|243|123|109|165|5H|W|11|SJ
2|6|225|192|50|281|5S|S|10|HA
2|6|263|55|261|12|6S|S|11|HA
2|6|38|42|212|176|6SX|S|10|HA
2|6|142|37|208|276|6H|W|11|DJ
2|6|163|234|73|91|5S|S|11|HK
2|6|223|137|183|4|5SX|S|11|HA
2|6|289|53|184|103|5SX|S|11|HA
2|6|233|257|283|171|6SX|S|11|DA
2|6|242|98|217|114|4S|S|11|HK
2|7|243|123|109|165|3H|N|11|SQ
2|7|225|192|50|281|2SX|W|6|D9
2|7|263|55|261|12|2SX|W|6|D4
2|7|38|42|212|176|2SX|W|6|CQ
2|7|142|37|208|276|3N|N|9|H5
2|7|163|234|73|91|3N|N|9|H5
2|7|223|137|183|4|2SX|W|7|D4
2|7|289|53|184|103|3N|S|8|SJ
2|7|233|257|283|171|2SX|W|6|D9
2|7|242|98|217|114|3N|N|9|H2
2|8|243|123|109|165|4HX|W|8|CJ
2|8|225|192|50|281|5D|N|10|SQ
2|8|263|55|261|12|3H|W|8|SA
2|8|38|42|212|176|4HX|W|7|SA
2|8|142|37|208|276|4H|W|8|SA
2|8|163|234|73|91|3H|W|8|SA
2|8|223|137|183|4|4H|E|10|C7
2|8|289|53|184|103|4HX|W|7|HA
2|8|233|257|283|171|4HX|W|8|CJ
2|8|242|98|217|114|5D|N|11|SJ
2|9|243|123|109|165|2H|E|7|DA
2|9|225|192|50|281|3S|W|10|D3
2|9|263|55|261|12|3S|W|9|HA
2|9|38|42|212|176|3S|W|10|D6
2|9|142|37|208|276|4S|W|10|D6
2|9|163|234|73|91|5DX|N|7|SJ
2|9|223|137|183|4|2S|W|10|D6
2|9|289|53|184|103|3S|W|10|D2
2|9|233|257|283|171|4S|W|9|D4
2|9|242|98|217|114|4S|W|10|D3
3|1|225|226|50|45|4H|S|8|D3
3|1|263|123|261|165|4H|S|8|ST
3|1|38|234|212|91|4SX|W|8|H7
3|1|185|55|87|12|4H|N|6|S9
3|1|163|183|73|103|4H|S|8|D3
3|1|223|37|128|276|4H|S|7|ST
3|1|289|242|184|217|4H|S|9|ST
3|1|266|253|41|267|4H|S|8|D3
3|1|192|273|281|121|4H|S|8|ST
3|1|233|243|283|109|4S|W|10|H4
3|10|225|226|50|45|2S|W|8|C2
3|10|263|123|261|165|3S|W|8|C5
3|10|38|234|212|91|2S|W|8|C5
3|10|185|55|87|12|2S|W|8|C5
3|10|163|183|73|103|2S|W|8|HJ
3|10|223|37|128|276|3D|E|8|CA
3|10|289|242|184|217|2S|W|8|C5
3|10|266|253|41|267|2S|W|8|HJ
3|10|192|273|281|121|2D|E|9|S2
3|10|233|243|283|109|2S|W|8|HJ
3|11|225|226|50|45|5D|W|11|SK
3|11|263|123|261|165|5S|N|11|CA
3|11|38|234|212|91|4H|E|10|HK
3|11|185|55|87|12|3D|W|10|SK
3|11|163|183|73|103|4D|W|10|SK
3|11|223|37|128|276|3S|N|8|CK
3|11|289|242|184|217|4D|W|10|SK
3|11|266|253|41|267|4D|W|10|SQ
3|11|192|273|281|121|4H|E|10|S8
3|11|233|243|283|109|4C|N|10|HQ
3|12|225|226|50|45|3N|S|11|H6
3|12|263|123|261|165|4H|S|9|C3
3|12|38|234|212|91|1S|E|5|D3
3|12|185|55|87|12|3H|S|9|DA
3|12|163|183|73|103|2H|N|9|D9
3|12|223|37|128|276|3N|S|10|H2
3|12|289|242|184|217|3N|S|10|H2
3|12|266|253|41|267|3N|N|10|HT
3|12|192|273|281|121|3N|N|10|S7
3|12|233|243|283|109|1H|W|7|CA
3|13|225|226|50|45|1N|E|5|S9
3|13|263|123|261|165|1N|E|6|S4
3|13|38|234|212|91|1N|N|6|D3
3|13|185|55|87|12|1N|E|6|S9
3|13|163|183|73|103|1N|E|6|S4
3|13|223|37|128|276|1N|E|6|S5
3|13|289|242|184|217|P||0
3|13|266|253|41|267|1N|N|6|D3
3|13|192|273|281|121|1N|N|6|D3
3|13|233|243|283|109|1N|E|5|S8
3|14|225|226|50|45|4H|N|10|CT
3|14|263|123|261|165|3N|S|7|SQ
3|14|38|234|212|91|4H|N|11|CT
3|14|185|55|87|12|3H|N|10|DA
3|14|163|183|73|103|5D|N|11|CT
3|14|223|37|128|276|4H|N|10|S4
3|14|289|242|184|217|5C|S|9|SQ
3|14|266|253|41|267|3H|N|9|CT
3|14|192|273|281|121|3H|N|10|CT
3|14|233|243|283|109|4H|N|11|S5
3|15|225|226|50|45|3S|S|11|C3
3|15|263|123|261|165|4S|S|11|CK
3|15|38|234|212|91|4S|S|11|CK
3|15|185|55|87|12|4S|S|11|CK
3|15|163|183|73|103|4S|S|10|CK
3|15|223|37|128|276|4S|S|11|CK
3|15|289|242|184|217|4S|S|11|CK
3|15|266|253|41|267|1N|S|8|CK
3|15|192|273|281|121|4S|S|10|CK
3|15|233|243|283|109|4S|S|11|CK
3|16|225|226|50|45|4H|W|11|DK
3|16|263|123|261|165|4H|W|11|H4
3|16|38|234|212|91|4H|W|11|H4
3|16|185|55|87|12|4H|W|11|DK
3|16|163|183|73|103|4H|W|11|H9
3|16|223|37|128|276|4H|W|11|DK
3|16|289|242|184|217|4H|W|11|DK
3|16|266|253|41|267|4H|W|11|H4
3|16|192|273|281|121|4H|W|11|SA
3|16|233|243|283|109|5H|W|12|DK
3|17|123|226|165|45|6S|N|13|C2
3|17|42|225|176|50|4S|S|12|HJ
3|17|38|234|212|91|6S|N|13|D8
3|17|142|55|208|12|6S|N|12|H5
3|17|163|183|73|103|6S|N|12|H5
3|17|223|37|128|276|6S|S|13|C5
3|17|289|242|184|217|6N|S|12|H6
3|17|257|137|171|4|6S|N|13|C8
3|17|192|273|281|121|6S|S|12|S2
3|17|233|243|283|109|6S|S|12|S2
3|18|123|226|165|45|4S|S|12|D2
3|18|42|225|176|50|4S|N|12|S5
3|18|38|234|212|91|4S|S|11|C7
3|18|142|55|208|12|4S|S|11|S5
3|18|163|183|73|103|4S|N|11|D4
3|18|223|37|128|276|4S|N|11|C5
3|18|289|242|184|217|4S|N|11|SJ
3|18|257|137|171|4|4S|N|11|C3
3|18|192|273|281|121|4S|N|12|C3
3|18|233|243|283|109|4S|N|11|SJ
3|19|123|226|165|45|4H|S|10|SK
3|19|42|225|176|50|6N|N|12|DQ
3|19|38|234|212|91|4H|S|10|SK
3|19|142|55|208|12|3N|N|10|DQ
3|19|163|183|73|103|4H|S|10|SK
3|19|223|37|128|276|4H|S|10|SK
3|19|289|242|184|217|4H|S|10|SK
3|19|257|137|171|4|4H|S|10|SK
3|19|192|273|281|121|4H|S|10|SK
3|19|233|243|283|109|4H|S|10|SK
3|2|225|226|50|45|3N|E|12|D9
3|2|263|123|261|165|3N|E|12|D6
3|2|38|234|212|91|3N|W|12|D5
3|2|185|55|87|12|3N|E|11|D9
3|2|163|183|73|103|3N|E|11|D9
3|2|223|37|128|276|3N|W|12|D5
3|2|289|242|184|217|3N|E|10|D9
3|2|266|253|41|267|3N|E|11|D9
3|2|192|273|281|121|3N|E|12|D6
3|2|233|243|283|109|3N|E|11|D3
3|20|123|226|165|45|3N|W|11|H2
3|20|42|225|176|50|3N|W|9|H5
3|20|38|234|212|91|3N|W|8|D3
3|20|142|55|208|12|3N|E|10|D4
3|20|163|183|73|103|3N|W|10|H5
3|20|223|37|128|276|3N|W|10|H5
3|20|289|242|184|217|3N|W|10|H5
3|20|257|137|171|4|3N|W|10|H2
3|20|192|273|281|121|3N|W|9|H5
3|20|233|243|283|109|3N|W|10|H5
3|21|123|226|165|45|3N|S|10|SA
3|21|42|225|176|50|5C|N|9|DK
3|21|38|234|212|91|3D|W|9|C5
3|21|142|55|208|12|3N|S|10|SK
3|21|163|183|73|103|1N|S|9|SK
3|21|223|37|128|276|3C|S|9|SA
3|21|289|242|184|217|4C|S|9|SA
3|21|257|137|171|4|4C|S|9|SA
3|21|192|273|281|121|3N|S|9|SK
3|21|233|243|283|109|4C|S|10|SA
3|22|123|226|165|45|3N|S|10|SA
3|22|42|225|176|50|4H|N|8|D5
3|22|38|234|212|91|3N|S|6|DQ
3|22|142|55|208|12|3N|S|6|DQ
3|22|163|183|73|103|3N|S|8|DQ
3|22|223|37|128|276|3N|S|6|DQ
3|22|289|242|184|217|3N|S|6|DQ
3|22|257|137|171|4|2S|N|9|DK
3|22|192|273|281|121|3N|S|9|SA
3|22|233|243|283|109|3N|S|11|DQ
3|23|123|226|165|45|4S|E|11|HJ
3|23|42|225|176|50|4S|E|10|HJ
3|23|38|234|212|91|4S|E|10|HT
3|23|142|55|208|12|4S|E|11|HJ
3|23|163|183|73|103|4S|E|10|HJ
3|23|223|37|128|276|4S|E|11|HJ
3|23|289|242|184|217|4S|E|10|C2
3|23|257|137|171|4|4S|E|10|HJ
3|23|192|273|281|121|4S|E|11|S2
3|23|233|243|283|109|4S|E|11|HJ
3|24|123|226|165|45|3N|N|7|H2
3|24|42|225|176|50|3H|W|7|DQ
3|24|38|234|212|91|3H|W|9|DJ
3|24|142|55|208|12|3S|N|8|H2
3|24|163|183|73|103|3H|W|7|DQ
3|24|223|37|128|276|3S|N|6|H5
3|24|289|242|184|217|5D|N|9|CA
3|24|257|137|171|4|4H|W|10|DJ
3|24|192|273|281|121|3H|W|9|DQ
3|24|233|243|283|109|3S|N|9|H5
3|25|123|226|165|45|3H|N|10|C2
3|25|42|225|176|50|3H|S|9|DK
3|25|38|234|212|91|4C|E|9|H9
3|25|142|55|208|12|4C|W|9|HK
3|25|163|183|73|103|3H|S|9|CA
3|25|223|37|128|276|4C|W|9|HA
3|25|289|242|184|217|4C|E|9|H7
3|25|257|137|171|4|4C|E|9|H3
3|25|192|273|281|121|3D|W|10|HA
3|25|233|243|283|109|3H|S|9|HK
3|26|123|226|165|45|2S|W|8|HA
3|26|42|225|176|50|2S|W|8|DQ
3|26|38|234|212|91|2H|N|7|C4
3|26|142|55|208|12|2H|N|9|D4
3|26|163|183|73|103|2S|W|9|HA
3|26|223|37|128|276|2S|W|9|CJ
3|26|289|242|184|217|2S|W|8|HA
3|26|257|137|171|4|2D|S|8|CA
3|26|192|273|281|121|1N|W|6|H6
3|26|233|243|283|109|2H|N|7|C4
3|27|123|226|165|45|4H|E|10|HA
3|27|42|225|176|50|4H|E|10|HA
3|27|38|234|212|91|3H|E|11|D3
3|27|142|55|208|12|3N|E|10|S3
3|27|163|183|73|103|1N|S|7|H3
3|27|223|37|128|276|1N|S|4|H3
3|27|289|242|184|217|3H|E|10|HA
3|27|257|137|171|4|1N|S|7|H3
3|27|192|273|281|121|2C|N|8|S2
3|27|233|243|283|109|3S|N|6|H4
3|28|123|226|165|45|2H|W|8|H4
3|28|42|225|176|50|2H|W|8|CA
3|28|38|234|212|91|1H|W|8|DA
3|28|142|55|208|12|2H|W|8|DA
3|28|163|183|73|103|3D|N|9|HA
3|28|223|37|128|276|3D|N|10|HA
3|28|289|242|184|217|3N|S|7|HJ
3|28|257|137|171|4|2H|W|8|DA
3|28|192|273|281|121|2H|W|8|CA
3|28|233|243|283|109|2H|W|8|DA
3|29|123|226|165|45|3C|N|9|HA
3|29|42|225|176|50|5D|S|12|CJ
3|29|38|234|212|91|4S|N|9|H8
3|29|142|55|208|12|4S|N|10|HK
3|29|163|183|73|103|5S|N|10|HA
3|29|223|37|128|276|4S|N|11|HK
3|29|289|242|184|217|4S|N|10|H8
3|29|257|137|171|4|6S|N|10|HK
3|29|192|273|281|121|4S|N|9|HT
3|29|233|243|283|109|6D|S|10|HA
3|3|225|226|50|45|4S|E|10|S9
3|3|263|123|261|165|4S|E|11|D8
3|3|38|234|212|91|4S|E|11|D8
3|3|185|55|87|12|4S|E|11|D9
3|3|163|183|73|103|4S|E|11|S9
3|3|223|37|128|276|5S|E|11|D5
3|3|289|242|184|217|4S|E|12|D8
3|3|266|253|41|267|4S|E|11|S9
3|3|192|273|281|121|4S|E|11|D8
3|3|233|243|283|109|4S|E|11|C4
3|30|123|226|165|45|3S|E|9|HQ
3|30|42|225|176|50|5C|N|8|D2
3|30|38|234|212|91|4S|E|10|HJ
3|30|142|55|208|12|5C|N|8|SA
3|30|163|183|73|103|3C|N|8|D2
3|30|223|37|128|276|5H|N|8|SA
3|30|289|242|184|217|4C|N|8|D2
3|30|257|137|171|4|6C|N|12|D2
3|30|192|273|281|121|4C|N|8|D2
3|30|233|243|283|109|5C|N|8|SA
3|31|123|226|165|45|3N|W|9|C3
3|31|42|225|176|50|3N|W|6|CT
3|31|38|234|212|91|3N|W|9|C6
3|31|142|55|208|12|3N|W|9|CT
3|31|163|183|73|103|3N|W|9|H8
3|31|223|37|128|276|3N|W|9|C6
3|31|289|242|184|217|3N|W|9|C9
3|31|257|137|171|4|3N|W|9|C4
3|31|192|273|281|121|3N|W|10|H7
3|31|233|243|283|109|3N|W|8|CT
3|32|123|226|165|45|3S|W|9|ST
3|32|42|225|176|50|2S|W|9|DK
3|32|38|234|212|91|2S|W|8|S9
3|32|142|55|208|12|2S|W|8|ST
3|32|163|183|73|103|2S|E|6|DK
3|32|223|37|128|276|3S|W|9|DK
3|32|289|242|184|217|3D|N|8|CK
3|32|257|137|171|4|3D|N|9|CK
3|32|192|273|281|121|3D|N|7|S8
3|32|233|243|283|109|3H|S|7|SA
3|4|225|226|50|45|2D|S|9|HA
3|4|263|123|261|165|2D|S|9|HA
3|4|38|234|212|91|2S|S|10|HA
3|4|185|55|87|12|2S|S|8|HK
3|4|163|183|73|103|2C|N|6|H6
3|4|223|37|128|276|2D|S|10|HA
3|4|289|242|184|217|2S|N|8|H4
3|4|266|253|41|267|3H|W|7|D4
3|4|192|273|281|121|P||0
3|4|233|243|283|109|2S|N|8|H4
3|5|225|226|50|45|4D|W|10|C2
3|5|263|123|261|165|3D|W|10|D3
3|5|38|234|212|91|3D|W|9|S2
3|5|185|55|87|12|3D|W|9|S2
3|5|163|183|73|103|1N|W|9|C4
3|5|223|37|128|276|3S|S|8|CA
3|5|289|242|184|217|1N|W|5|S2
3|5|266|253|41|267|2D|E|9|S4
3|5|192|273|281|121|3D|W|9|S2
3|5|233|243|283|109|2S|S|8|CA
3|6|225|226|50|45|3D|S|8|H9
3|6|263|123|261|165|3D|S|9|H5
3|6|38|234|212|91|2S|N|5|C9
3|6|185|55|87|12|2H|S|10|H5
3|6|163|183|73|103|2S|N|7|H6
3|6|223|37|128|276|2H|S|9|CA
3|6|289|242|184|217|3D|S|9|H5
3|6|266|253|41|267|2H|S|7|S3
3|6|192|273|281|121|3S|N|5|SA
3|6|233|243|283|109|2D|S|9|H5
3|7|225|226|50|45|3N|S|8|HK
3|7|263|123|261|165|3D|S|10|HK
3|7|38|234|212|91|3N|S|9|HK
3|7|185|55|87|12|3N|S|9|HK
3|7|163|183|73|103|2D|S|8|HK
3|7|223|37|128|276|2H|W|7|SA
3|7|289|242|184|217|2N|S|8|HK
3|7|266|253|41|267|3N|S|7|HK
3|7|192|273|281|121|3N|S|7|HK
3|7|233|243|283|109|3N|S|9|HK
3|8|225|226|50|45|3N|E|10|S3
3|8|263|123|261|165|4N|W|7|H7
3|8|38|234|212|91|6N|E|8|HJ
3|8|185|55|87|12|3N|W|10|S5
3|8|163|183|73|103|3N|E|10|S5
3|8|223|37|128|276|3N|E|10|S4
3|8|289|242|184|217|3N|E|9|S4
3|8|266|253|41|267|3N|E|9|S3
3|8|192|273|281|121|3N|E|9|S4
3|8|233|243|283|109|3N|E|9|S4
3|9|225|226|50|45|5C|N|8|SA
3|9|263|123|261|165|4H|E|10|D3
3|9|38|234|212|91|4H|E|10|S3
3|9|185|55|87|12|4H|W|10|SJ
3|9|163|183|73|103|4H|E|10|DT
3|9|223|37|128|276|4H|W|10|SJ
3|9|289|242|184|217|4H|E|10|H3
3|9|266|253|41|267|4H|E|10|DT
3|9|192|273|281|121|4H|W|10|SJ
3|9|233|243|283|109|4H|E|10|DT
4|1|142|123|208|165|2D|S|9|H9
4|1|225|185|50|87|3D|S|10|C4
4|1|223|55|128|12|3D|S|9|C5
4|1|38|183|212|53|1H|N|8|D4
4|1|257|37|171|276|2N|E|4|DA
4|1|47|266|70|41|3S|W|7|DK
4|1|281|226|203|45|4D|N|9|D5
4|1|42|192|176|243|1N|S|10|S7
4|10|142|123|208|165|4S|W|9|S4
4|10|225|185|50|87|2H|S|7|S2
4|10|223|55|128|12|2N|E|7|ST
4|10|38|183|212|53|2S|W|8|C9
4|10|257|37|171|276|3S|W|8|CJ
4|10|47|266|70|41|2N|E|7|C3
4|10|273|289|121|184|4S|W|8|D5
4|10|281|226|203|45|3S|W|8|D5
4|10|42|192|176|243|3S|W|8|CJ
4|11|142|123|208|165|3N|E|7|S9
4|11|225|185|50|87|4C|W|10|SA
4|11|223|55|128|12|4S|N|10|HA
4|11|38|183|212|53|4C|W|10|SK
4|11|257|37|171|276|5C|W|10|SK
4|11|47|266|70|41|4S|N|10|HA
4|11|273|289|121|184|5C|W|10|SA
4|11|281|226|203|45|3N|E|10|H2
4|11|42|192|176|243|3N|E|7|S4
4|12|142|123|208|165|5C|N|10|HA
4|12|225|185|50|87|5C|N|11|SA
4|12|223|55|128|12|5H|E|11|CA
4|12|38|183|212|53|5C|S|10|CQ
4|12|257|37|171|276|4S|E|8|CK
4|12|273|289|121|184|4S|E|5|C7
4|12|281|226|203|45|5C|S|10|DK
4|12|42|192|176|243|5C|N|11|SA
4|13|142|123|208|165|4S|E|12|D8
4|13|225|185|50|87|6D|E|11|HJ
4|13|223|55|128|12|6D|E|11|HJ
4|13|38|183|212|53|3N|E|12|HT
4|13|257|37|171|276|3N|E|12|HJ
4|13|47|266|70|41|3N|E|12|HJ
4|13|273|289|121|184|3N|E|12|HJ
4|13|281|226|203|45|3N|E|12|HJ
4|13|42|192|176|243|3N|E|12|HJ
4|14|142|123|208|165|2N|E|7|DJ
4|14|225|185|50|87|3C|W|9|D6
4|14|223|55|128|12|3C|W|9|C2
4|14|38|183|212|53|2N|E|7|DT
4|14|257|37|171|276|2C|W|9|HK
4|14|47|266|70|41|3C|W|8|D8
4|14|281|226|203|45|1N|E|8|H2
4|14|42|192|176|243|3N|W|7|ST
4|15|142|123|208|165|4H|S|11|DQ
4|15|225|185|50|87|3N|S|10|DQ
4|15|223|55|128|12|4S|W|10|HA
4|15|38|183|212|53|3N|N|10|S4
4|15|257|37|171|276|4H|S|11|DQ
4|15|47|266|70|41|4H|S|10|DJ
4|15|281|226|203|45|4H|S|11|DQ
4|15|42|192|176|243|4H|S|10|DQ
4|16|142|123|208|165|5C|S|11|SA
4|16|225|185|50|87|5C|S|11|SA
4|16|223|55|128|12|4S|W|10|HA
4|16|38|183|212|53|5S|W|11|HK
4|16|257|37|171|276|5C|S|11|SA
4|16|47|266|70|41|3S|W|9|C9
4|16|281|226|203|45|4S|W|9|C7
4|16|42|192|176|243|4S|W|10|HA
4|17|234|123|91|165|4H|N|12|H6
4|17|225|185|50|87|4H|N|12|D2
4|17|223|55|128|12|4H|N|12|H5
4|17|38|53|212|103|4H|N|12|H4
4|17|71|37|217|276|4H|N|11|D2
4|17|47|266|70|41|4H|N|12|H6
4|17|273|289|121|184|4H|S|12|C7
4|17|137|98|4|114|6H|N|12|H5
4|17|281|226|203|45|4H|S|13|C2
4|17|42|192|261|243|4H|N|12|H6
4|18|234|123|91|165|4H|W|9|DK
4|18|225|185|50|87|3S|N|9|CA
4|18|223|55|128|12|4H|W|8|SA
4|18|38|53|212|103|4S|N|10|CA
4|18|71|37|217|276|4S|N|10|CA
4|18|47|266|70|41|5C|E|9|S2
4|18|273|289|121|184|4S|N|10|CA
4|18|137|98|4|114|3S|N|10|CK
4|18|281|226|203|45|2S|N|11|CA
4|18|42|192|261|243|3S|N|9|CA
4|19|234|123|91|165|3S|S|9|S4
4|19|225|185|50|87|1N|S|9|H4
4|19|223|55|128|12|2N|N|9|S5
4|19|38|53|212|103|1N|N|9|S6
4|19|71|37|217|276|1N|N|9|S6
4|19|47|266|70|41|2N|N|9|S8
4|19|273|289|121|184|P||0
4|19|137|98|4|114|2N|N|9|S6
4|19|281|226|203|45|2N|N|9|S8
4|19|42|192|261|243|2N|N|9|S6
4|2|142|123|208|165|2N|W|10|D2
4|2|225|185|50|87|3N|W|8|D2
4|2|223|55|128|12|2N|W|8|D2
4|2|38|183|212|53|2N|W|9|SJ
4|2|257|37|171|276|3N|W|7|D8
4|2|47|266|70|41|4S|E|10|HQ
4|2|281|226|203|45|2N|W|10|D2
4|2|42|192|176|243|3N|W|7|D2
4|20|234|123|91|165|3N|W|9|S6
4|20|225|185|50|87|3N|W|8|D3
4|20|223|55|128|12|3N|W|10|HT
4|20|38|53|212|103|3N|E|10|S6
4|20|71|37|217|276|4N|E|6|H6
4|20|47|266|70|41|3N|W|9|S3
4|20|273|289|121|184|6N|E|12|S6
4|20|137|98|4|114|3N|W|9|S3
4|20|281|226|203|45|3N|E|10|S6
4|20|42|192|261|243|3N|W|10|S3
4|21|234|123|91|165|4H|S|10|SA
4|21|225|185|50|87|4H|S|9|D9
4|21|223|55|128|12|3H|S|9|D9
4|21|38|53|212|103|3H|S|8|DT
4|21|71|37|217|276|3H|S|9|SA
4|21|47|266|70|41|4S|E|10|H8
4|21|273|289|121|184|3H|S|9|D6
4|21|137|98|4|114|3H|S|10|HK
4|21|281|226|203|45|3H|S|9|DT
4|21|42|192|261|243|2H|S|9|DT
4|22|234|123|91|165|2C|S|11|SQ
4|22|225|185|50|87|2C|S|11|SQ
4|22|223|55|128|12|3N|S|10|SQ
4|22|38|53|212|103|1N|N|11|D5
4|22|71|37|217|276|1N|N|10|S6
4|22|47|266|70|41|3N|S|10|SQ
4|22|273|289|121|184|3C|S|12|C5
4|22|137|98|4|114|1N|N|10|D5
4|22|281|226|203|45|1N|N|10|S7
4|22|42|192|261|243|3N|S|10|SQ
4|23|234|123|91|165|3C|N|10|DA
4|23|225|185|50|87|1N|S|9|HQ
4|23|223|55|128|12|1N|S|10|HQ
4|23|38|53|212|103|2C|N|10|DA
4|23|71|37|217|276|1N|S|9|DT
4|23|47|266|70|41|3N|S|10|S6
4|23|273|289|121|184|1N|S|10|S6
4|23|137|98|4|114|4C|N|10|DK
4|23|281|226|203|45|2C|N|9|DA
4|23|42|192|261|243|1N|S|9|DT
4|24|234|123|91|165|3C|S|11|S5
4|24|225|185|50|87|3N|N|11|D6
4|24|223|55|128|12|5C|S|11|S5
4|24|38|53|212|103|3N|N|10|DJ
4|24|71|37|217|276|5D|E|11|CA
4|24|47|266|70|41|4D|E|12|HT
4|24|273|289|121|184|3N|N|10|D5
4|24|137|98|4|114|3N|N|9|DJ
4|24|281|226|203|45|4D|E|9|CA
4|24|42|192|261|243|4D|E|10|CA
4|25|234|123|91|165|6H|E|12|D9
4|25|225|185|50|87|5H|E|11|DT
4|25|223|55|128|12|6H|E|11|SA
4|25|38|53|212|103|6H|E|11|SA
4|25|71|37|217|276|4S|E|11|DT
4|25|47|266|70|41|6H|E|12|CA
4|25|273|289|121|184|6H|E|12|CA
4|25|137|98|4|114|6H|E|12|DT
4|25|281|226|203|45|6H|E|11|DT
4|25|42|192|261|243|5H|E|11|D9
4|26|234|123|91|165|3N|E|8|C3
4|26|225|185|50|87|1N|E|7|C3
4|26|223|55|128|12|3N|E|9|H6
4|26|38|53|212|103|1N|W|8|S5
4|26|71|37|217|276|1N|E|8|D4
4|26|47|266|70|41|1N|E|8|C2
4|26|273|289|121|184|1N|W|7|S5
4|26|137|98|4|114|1N|E|9|H6
4|26|281|226|203|45|1N|W|9|D7
4|26|42|192|261|243|1N|E|7|C3
4|27|234|123|91|165|3C|E|8|D3
4|27|225|185|50|87|P||0
4|27|223|55|128|12|3D|S|10|HT
4|27|38|53|212|103|1N|W|6|D4
4|27|71|37|217|276|3C|E|7|S6
4|27|47|266|70|41|2D|S|10|HT
4|27|273|289|121|184|1N|W|6|S4
4|27|137|98|4|114|1N|E|5|H5
4|27|281|226|203|45|3C|E|7|S6
4|27|42|192|261|243|2D|S|10|HT
4|28|234|123|91|165|4H|N|11|CA
4|28|225|185|50|87|4H|N|11|CA
4|28|223|55|128|12|4H|N|12|CA
4|28|38|53|212|103|4H|N|11|CA
4|28|71|37|217|276|4H|N|11|CA
4|28|47|266|70|41|6H|N|11|CA
4|28|273|289|121|184|4H|N|11|CA
4|28|137|98|4|114|4H|N|12|CA
4|28|281|226|203|45|4H|N|12|CA
4|28|42|192|261|243|4H|N|11|CA
4|29|234|123|91|165|5D|S|11|HK
4|29|225|185|50|87|5C|S|11|HK
4|29|223|55|128|12|5C|N|10|HA
4|29|38|53|212|103|5D|S|11|HK
4|29|71|37|217|276|4C|S|11|C5
4|29|47|266|70|41|5C|N|10|HA
4|29|273|289|121|184|5D|S|10|HK
4|29|137|98|4|114|5C|S|10|HQ
4|29|281|226|203|45|5D|S|11|HK
4|29|42|192|261|243|5D|S|10|HK
4|3|142|123|208|165|1N|N|7|DT
4|3|225|185|50|87|1N|N|7|DT
4|3|223|55|128|12|1N|N|8|S2
4|3|38|183|212|53|2H|S|8|CJ
4|3|257|37|171|276|2N|E|5|H6
4|3|47|266|70|41|1N|N|7|DJ
4|3|281|226|203|45|1N|N|5|DJ
4|3|42|192|176|243|1N|N|7|DJ
4|30|234|123|91|165|5D|E|11|SQ
4|30|225|185|50|87|3N|E|11|H4
4|30|223|55|128|12|3N|E|11|H4
4|30|38|53|212|103|5C|W|11|S8
4|30|71|37|217|276|3N|W|12|DJ
4|30|47|266|70|41|3N|E|12|D4
4|30|273|289|121|184|4H|W|10|S4
4|30|137|98|4|114|3N|E|9|SQ
4|30|281|226|203|45|3N|W|11|SQ
4|30|42|192|261|243|3N|W|12|CJ
4|31|234|123|91|165|4S|S|12|H8
4|31|225|185|50|87|4S|S|12|D3
4|31|223|55|128|12|4S|S|12|H8
4|31|38|53|212|103|4S|S|13|D3
4|31|71|37|217|276|4S|S|12|C4
4|31|47|266|70|41|4S|S|12|C4
4|31|273|289|121|184|4S|S|12|C3
4|31|137|98|4|114|4S|S|13|D3
4|31|281|226|203|45|4S|S|13|H4
4|31|42|192|261|243|4S|S|12|C3
4|32|234|123|91|165|4C|S|9|SA
4|32|225|185|50|87|3N|N|8|C9
4|32|223|55|128|12|2H|E|8|CA
4|32|38|53|212|103|3N|N|9|D4
4|32|71|37|217|276|3N|S|8|S7
4|32|47|266|70|41|3N|N|11|S6
4|32|273|289|121|184|3N|N|9|SJ
4|32|137|98|4|114|3N|S|8|S7
4|32|281|226|203|45|3N|S|9|S2
4|32|42|192|261|243|3N|N|7|SJ
4|4|142|123|208|165|4S|W|8|CA
4|4|225|185|50|87|4S|W|8|D8
4|4|223|55|128|12|4S|W|9|CA
4|4|38|183|212|53|4S|E|8|DQ
4|4|257|37|171|276|4S|W|9|D8
4|4|47|266|70|41|4S|E|10|DK
4|4|281|226|203|45|4S|W|9|D5
4|4|42|192|176|243|4S|W|8|CA
4|5|142|123|208|165|4H|W|9|S2
4|5|225|185|50|87|4H|W|9|S6
4|5|223|55|128|12|4H|W|10|S2
4|5|38|183|212|53|3N|W|10|S2
4|5|257|37|171|276|3N|W|8|S6
4|5|47|266|70|41|3N|W|9|S5
4|5|281|226|203|45|3N|W|8|S2
4|5|42|192|176|243|3N|W|8|S2
4|6|142|123|208|165|3D|S|8|CA
4|6|225|185|50|87|3C|W|9|DA
4|6|223|55|128|12|3H|E|5|D2
4|6|38|183|212|53|3H|S|7|CA
4|6|257|37|171|276|1N|S|5|CA
4|6|47|266|70|41|3D|S|9|CK
4|6|281|226|203|45|3N|S|5|C7
4|6|42|192|176|243|3D|S|9|CA
4|7|142|123|208|165|6S|E|13|H9
4|7|225|185|50|87|6S|E|13|HK
4|7|223|55|128|12|6S|E|13|D2
4|7|38|183|212|53|6S|W|12|CQ
4|7|257|37|171|276|4S|E|12|D9
4|7|47|266|70|41|6S|W|13|CK
4|7|273|289|121|184|6S|W|13|HK
4|7|281|226|203|45|4S|E|13|DT
4|7|42|192|176|243|5S|E|12|C5
4|8|142|123|208|165|5H|N|9|C9
4|8|225|185|50|87|5C|W|11|HA
4|8|223|55|128|12|5H|N|10|C2
4|8|38|183|212|53|4S|W|10|HK
4|8|257|37|171|276|5H|N|10|C9
4|8|47|266|70|41|4S|W|10|HA
4|8|273|289|121|184|4H|N|10|S4
4|8|281|226|203|45|4H|N|10|C4
4|8|42|192|176|243|4H|N|10|C5
4|9|142|123|208|165|1N|N|7|CT
4|9|225|185|50|87|2S|S|6|D7
4|9|223|55|128|12|1N|E|8|S4
4|9|38|183|212|53|2S|N|6|DK
4|9|257|37|171|276|2S|S|7|H6
4|9|47|266|70|41|1N|N|6|CT
4|9|273|289|121|184|P||0
4|9|281|226|203|45|2S|N|6|DA
4|9|42|192|176|243|P||0
5|1|225|53|50|103|3D|W|8|HK
5|1|223|123|183|165|4H|E|8|S9
5|1|38|71|212|217|2S|N|7|D9
5|1|257|55|171|12|2D|W|8|C8
5|1|47|253|70|267|2N|W|8|D5
5|1|137|37|4|276|3N|W|9|SQ
5|1|142|192|208|243|3D|W|8|D2
5|1|281|234|203|91|3S|N|7|D9
5|1|42|98|176|114|4H|E|8|S6
5|1|273|226|121|45|4H|E|8|S4
5|10|225|53|50|103|3D|E|10|HT
5|10|223|123|183|165|3N|W|10|H3
5|10|38|71|212|217|3S|W|7|C2
5|10|257|55|171|12|4S|W|9|C3
5|10|47|253|70|267|3D|E|8|HT
5|10|137|37|4|276|4S|W|9|HA
5|10|142|192|208|243|3D|E|9|HT
5|10|281|234|203|91|5C|E|8|HT
5|10|42|98|176|114|3D|E|9|CT
5|10|273|226|121|45|3N|E|9|HT
5|11|225|53|50|103|5D|S|11|H8
5|11|223|123|183|165|3H|W|7|D7
5|11|38|71|212|217|3N|S|6|H8
5|11|257|55|171|12|4D|S|11|H9
5|11|47|253|70|267|4C|N|11|H6
5|11|137|37|4|276|5D|S|11|H4
5|11|142|192|208|243|5D|S|11|H8
5|11|281|234|203|91|4H|E|8|D7
5|11|42|98|176|114|5D|S|11|HK
5|11|273|226|121|45|3H|W|9|D7
5|12|225|53|50|103|2H|E|9|C3
5|12|223|123|183|165|2H|E|9|C5
5|12|38|71|212|217|2H|E|9|S2
5|12|257|55|171|12|2H|W|9|DQ
5|12|47|253|70|267|2H|E|9|S9
5|12|137|37|4|276|2H|E|9|C5
5|12|142|192|208|243|2H|E|9|C5
5|12|281|234|203|91|2H|E|9|D4
5|12|42|98|176|114|2H|W|9|DK
5|12|273|226|121|45|2H|E|10|S2
5|13|225|53|50|103|1N|S|9|SA
5|13|223|123|183|165|2D|E|7|H4
5|13|38|71|212|217|2C|S|5|SA
5|13|257|55|171|12|2D|E|7|H4
5|13|47|253|70|267|2D|E|6|H5
5|13|137|37|4|276|2H|N|7|DK
5|13|142|192|208|243|2H|N|6|DA
5|13|281|234|203|91|2C|S|7|SA
5|13|42|98|176|114|2C|S|6|SA
5|13|273|226|121|45|2C|S|5|SA
5|14|225|53|50|103|3N|E|9|SK
5|14|223|123|183|165|3N|E|9|SK
5|14|38|71|212|217|3S|S|9|DA
5|14|257|55|171|12|5D|E|11|SQ
5|14|47|253|70|267|4D|E|10|SK
5|14|137|37|4|276|3N|E|8|SK
5|14|142|192|208|243|4D|E|10|SK
5|14|281|234|203|91|4D|E|10|SK
5|14|42|98|176|114|3N|E|9|SK
5|14|273|226|121|45|3S|S|9|CA
5|15|225|53|50|103|4D|N|10|H5
5|15|223|123|183|165|3D|N|10|D2
5|15|38|71|212|217|5D|N|11|H3
5|15|257|55|171|12|4C|W|10|DK
5|15|47|253|70|267|4H|W|7|DA
5|15|137|37|4|276|1H|W|6|C4
5|15|142|192|208|243|3D|N|9|H5
5|15|281|234|203|91|2C|W|9|DA
5|15|42|98|176|114|3N|E|8|SK
5|15|273|226|121|45|3C|W|8|DA
5|16|225|53|50|103|3N|N|8|DT
5|16|223|123|183|165|3N|N|9|D5
5|16|38|71|212|217|2S|N|9|C8
5|16|257|55|171|12|3N|N|6|D9
5|16|47|253|70|267|3N|N|7|D5
5|16|137|37|4|276|3N|N|6|D5
5|16|142|192|208|243|3N|N|7|D5
5|16|281|234|203|91|3N|N|8|DT
5|16|42|98|176|114|3N|N|8|DT
5|16|273|226|121|45|3N|N|8|DT
5|17|225|223|50|128|2D|S|6|C7
5|17|53|123|103|165|2D|S|6|C7
5|17|38|71|212|217|2S|S|8|DA
5|17|257|55|171|12|2S|S|6|DA
5|17|47|289|70|184|2D|S|7|C7
5|17|253|37|267|276|2D|S|6|C7
5|17|142|192|208|243|2S|S|7|C5
5|17|281|185|203|87|2S|S|6|C7
5|17|42|98|176|114|3D|S|6|C7
5|17|273|226|121|45|2H|E|7|DK
5|18|225|223|50|128|4H|N|10|D2
5|18|53|123|103|165|4S|N|10|H3
5|18|38|71|212|217|4H|S|10|SQ
5|18|257|55|171|12|4H|S|10|DJ
5|18|47|289|70|184|4H|N|10|D5
5|18|253|37|267|276|4H|S|11|SQ
5|18|142|192|208|243|4H|N|11|S3
5|18|281|185|203|87|4H|S|10|DJ
5|18|42|98|176|114|4H|S|10|DT
5|18|273|226|121|45|5H|N|10|H3
5|19|225|223|50|128|4S|S|10|C3
5|19|53|123|103|165|5H|N|11|CQ
5|19|38|71|212|217|5H|N|10|CQ
5|19|257|55|171|12|5H|N|10|CQ
5|19|47|289|70|184|4H|N|11|CQ
5|19|253|37|267|276|4H|N|10|CQ
5|19|142|192|208|243|4S|S|10|C6
5|19|281|185|203|87|5S|S|11|DA
5|19|42|98|176|114|4H|N|11|CJ
5|19|273|226|121|45|4H|N|11|CQ
5|2|225|53|50|103|2S|S|5|C2
5|2|223|123|183|165|2N|E|6|SJ
5|2|38|71|212|217|2S|S|5|HA
5|2|257|55|171|12|2S|S|7|HA
5|2|47|253|70|267|2N|E|8|ST
5|2|137|37|4|276|4H|W|7|S8
5|2|142|192|208|243|3H|W|6|S7
5|2|281|234|203|91|3H|W|8|CA
5|2|42|98|176|114|2H|W|8|S7
5|2|273|226|121|45|2N|E|6|SJ
5|20|225|223|50|128|4S|N|10|HK
5|20|53|123|103|165|3H|W|9|D4
5|20|38|71|212|217|4S|N|10|HK
5|20|257|55|171|12|4S|N|10|HK
5|20|47|289|70|184|4S|N|10|HK
5|20|253|37|267|276|4S|N|10|HK
5|20|142|192|208|243|4S|N|9|HK
5|20|281|185|203|87|5D|S|10|HA
5|20|42|98|176|114|5D|S|11|HA
5|20|273|226|121|45|4S|N|10|HK
5|21|225|223|50|128|2S|E|9|S2
5|21|53|123|103|165|3D|E|9|HA
5|21|38|71|212|217|2H|N|8|CA
5|21|257|55|171|12|3S|W|9|HT
5|21|47|289|70|184|3D|E|8|HA
5|21|253|37|267|276|4D|E|9|HA
5|21|142|192|208|243|3D|E|9|S9
5|21|281|185|203|87|2S|E|9|C8
5|21|42|98|176|114|4D|E|9|HA
5|21|273|226|121|45|2H|N|7|CA
5|22|225|223|50|128|5D|E|10|S7
5|22|53|123|103|165|6D|W|10|CA
5|22|38|71|212|217|3H|S|10|D3
5|22|257|55|171|12|4S|E|6|HA
5|22|47|289|70|184|5D|E|11|HA
5|22|253|37|267|276|3N|W|9|S4
5|22|142|192|208|243|5D|E|11|HA
5|22|281|185|203|87|4S|W|9|CA
5|22|42|98|176|114|6D|E|10|HA
5|22|273|226|121|45|3N|W|9|H9
5|23|225|223|50|128|3N|S|10|H3
5|23|53|123|103|165|3N|S|11|H6
5|23|38|71|212|217|3N|S|11|H7
5|23|257|55|171|12|3D|N|10|H5
5|23|47|289|70|184|2D|S|10|DJ
5|23|253|37|267|276|2D|S|10|S7
5|23|142|192|208|243|3N|S|11|H7
5|23|281|185|203|87|3N|S|11|H7
5|23|42|98|176|114|2D|S|11|D9
5|23|273|226|121|45|3D|N|10|H6
5|24|225|223|50|128|2S|W|9|DT
5|24|53|123|103|165|3S|W|9|DT
5|24|38|71|212|217|2S|W|9|D7
5|24|257|55|171|12|1N|E|9|C6
5|24|47|289|70|184|3S|W|9|DT
5|24|253|37|267|276|2S|W|9|DT
5|24|142|192|208|243|3S|E|9|H7
5|24|281|185|203|87|1N|E|9|D3
5|24|42|98|176|114|3S|E|9|C2
5|24|273|226|121|45|3S|W|9|DT
5|25|225|223|50|128|5C|N|11|SK
5|25|53|123|103|165|4S|E|11|H4
5|25|38|71|212|217|5H|W|11|CK
5|25|257|55|171|12|5H|W|11|CK
5|25|47|289|70|184|5H|E|11|C9
5|25|253|37|267|276|5C|N|11|SK
5|25|142|192|208|243|6C|N|12|SK
5|25|281|185|203|87|5S|E|11|H4
5|25|42|98|176|114|4H|W|11|CA
5|25|273|226|121|45|4C|N|10|SK
5|26|225|223|50|128|2H|W|7|CA
5|26|53|123|103|165|2H|W|5|CA
5|26|38|71|212|217|2H|W|6|CK
5|26|257|55|171|12|2S|E|7|C6
5|26|47|289|70|184|2D|E|8|D6
5|26|253|37|267|276|2H|W|6|CA
5|26|142|192|208|243|2H|W|8|CA
5|26|281|185|203|87|2H|W|7|CA
5|26|42|98|176|114|2N|S|8|D8
5|26|273|226|121|45|2S|E|6|C5
5|27|225|223|50|128|4H|E|12|C3
5|27|53|123|103|165|4H|W|10|DK
5|27|38|71|212|217|4H|W|11|CJ
5|27|257|55|171|12|4H|E|12|C2
5|27|47|289|70|184|4H|E|11|D4
5|27|253|37|267|276|4H|E|11|D2
5|27|142|192|208|243|4H|W|9|DK
5|27|281|185|203|87|4H|W|11|CJ
5|27|42|98|176|114|4H|E|12|C3
5|27|273|226|121|45|3H|E|11|D2
5|28|225|223|50|128|4H|W|12|DA
5|28|53|123|103|165|4H|W|12|DA
5|28|38|71|212|217|4H|W|11|DK
5|28|257|55|171|12|4H|W|12|DK
5|28|47|289|70|184|4H|W|12|DA
5|28|253|37|267|276|4H|W|12|DA
5|28|142|192|208|243|4H|W|11|DA
5|28|281|185|203|87|4H|W|12|DA
5|28|42|98|176|114|4H|W|12|DA
5|28|273|226|121|45|4H|W|12|DA
5|29|225|223|50|128|3H|S|9|D2
5|29|53|123|103|165|3N|E|9|H8
5|29|38|71|212|217|3D|E|8|HA
5|29|257|55|171|12|3N|E|9|H4
5|29|47|289|70|184|4H|S|10|D3
5|29|253|37|267|276|2N|E|8|C6
5|29|142|192|208|243|4C|N|10|CA
5|29|281|185|203|87|2N|E|8|D4
5|29|42|98|176|114|2N|E|9|H8
5|29|273|226|121|45|3N|E|9|H8
5|3|225|53|50|103|6N|S|13|C2
5|3|223|123|183|165|7S|S|12|D9
5|3|38|71|212|217|7N|N|13|C3
5|3|257|55|171|12|7H|S|13|D3
5|3|47|253|70|267|7N|N|13
5|3|137|37|4|276|7H|N|12|C5
5|3|142|192|208|243|6H|S|12|D3
5|3|281|234|203|91|7S|S|13|S6
5|3|42|98|176|114|6S|S|13|D3
5|3|273|226|121|45|6S|S|13|S6
5|30|225|223|50|128|4C|E|9|SK
5|30|53|123|103|165|4C|E|11|SK
5|30|38|71|212|217|4C|E|9|SQ
5|30|257|55|171|12|3D|S|8|CK
5|30|47|289|70|184|3D|N|8|HK
5|30|253|37|267|276|3D|S|8|CA
5|30|142|192|208|243|5D|S|10|CK
5|30|281|185|203|87|3H|E|9|SK
5|30|42|98|176|114|3N|N|3|HQ
5|30|273|226|121|45|3N|E|11|S3
5|31|225|223|50|128|4H|N|12|S8
5|31|53|123|103|165|5H|N|12|S2
5|31|38|71|212|217|2H|S|12|S3
5|31|257|55|171|12|4H|N|12|H7
5|31|47|289|70|184|4H|N|12|S8
5|31|253|37|267|276|4H|N|12|D6
5|31|142|192|208|243|4H|N|12|C9
5|31|281|185|203|87|4H|N|12|S8
5|31|42|98|176|114|4H|N|12|D6
5|31|273|226|121|45|4H|S|12|D3
5|32|225|223|50|128|2H|S|6|S3
5|32|53|123|103|165|2C|N|9|C6
5|32|38|71|212|217|3C|S|8|HA
5|32|257|55|171|12|2N|W|6|CK
5|32|47|289|70|184|3S|W|6|CA
5|32|253|37|267|276|2C|N|9|C6
5|32|142|192|208|243|2C|N|9|C9
5|32|281|185|203|87|2H|W|8|CA
5|32|42|98|176|114|3C|N|8|DK
5|32|273|226|121|45|3C|N|10|DA
5|4|225|53|50|103|4D|E|10|H9
5|4|223|123|183|165|3N|W|10|H5
5|4|38|71|212|217|3N|W|10|H5
5|4|257|55|171|12|3D|W|9|HK
5|4|47|253|70|267|3N|W|9|C2
5|4|137|37|4|276|3N|W|10|H5
5|4|142|192|208|243|1N|W|10|H5
5|4|281|234|203|91|3D|E|10|H2
5|4|42|98|176|114|3N|W|10|H5
5|4|273|226|121|45|3D|E|9|H2
5|5|225|53|50|103|1N|S|4|D5
5|5|223|123|183|165|2N|S|7|H8
5|5|38|71|212|217|1N|S|6|D5
5|5|257|55|171|12|2S|N|8|S8
5|5|47|253|70|267|1N|S|4|D5
5|5|137|37|4|276|2N|S|8|D5
5|5|142|192|208|243|2N|S|5|S5
5|5|281|234|203|91|2N|S|8|S5
5|5|42|98|176|114|2N|S|5|D9
5|5|273|226|121|45|2N|S|7|H8
5|6|225|53|50|103|3C|S|9|D2
5|6|223|123|183|165|2S|N|11|DA
5|6|38|71|212|217|2S|N|9|S7
5|6|257|55|171|12|4S|N|11|CQ
5|6|47|253|70|267|4S|N|11|S6
5|6|137|37|4|276|3C|S|9|S3
5|6|142|192|208|243|2S|N|10|S8
5|6|281|234|203|91|4S|N|10|DA
5|6|42|98|176|114|2S|N|9|S4
5|6|273|226|121|45|2S|N|11|H7
5|7|225|53|50|103|4H|S|11|CA
5|7|223|123|183|165|4H|N|11|DJ
5|7|38|71|212|217|4H|N|11|DJ
5|7|257|55|171|12|4H|S|11|DA
5|7|47|253|70|267|4H|S|12|HT
5|7|137|37|4|276|4H|N|11|C4
5|7|142|192|208|243|4H|S|11|HT
5|7|281|234|203|91|4H|N|12|H5
5|7|42|98|176|114|4H|S|12|HT
5|7|273|226|121|45|4H|S|12|HT
5|8|225|53|50|103|5C|N|8|DA
5|8|223|123|183|165|3D|W|9|CJ
5|8|38|71|212|217|5D|E|11|HQ
5|8|257|55|171|12|3N|W|5|CJ
5|8|47|253|70|267|3H|N|10|DA
5|8|137|37|4|276|3H|N|10|DA
5|8|142|192|208|243|3D|E|7|HK
5|8|281|234|203|91|3H|N|7|S5
5|8|42|98|176|114|3D|E|7|HK
5|8|273|226|121|45|3N|S|8|D4
5|9|225|53|50|103|4H|N|11|S2
5|9|223|123|183|165|4H|N|11|DJ
5|9|38|71|212|217|2D|E|8|H9
5|9|257|55|171|12|4H|N|12|S6
5|9|47|253|70|267|4H|N|11|S6
5|9|137|37|4|276|4H|N|11|DJ
5|9|142|192|208|243|4H|N|11|ST
5|9|281|234|203|91|4H|N|11|DJ
5|9|42|98|176|114|4H|N|11|S6
5|9|273|226|121|45|3D|E|5|HT
6|1|266|123|41|165|5D|W|12|H4
6|1|225|71|50|217|4S|S|6|HA
6|1|137|38|4|212|6D|W|12|S3
6|1|55|253|12|267|5D|E|12|SA
6|1|273|37|121|276|5D|E|12|SA
6|1|47|98|70|114|5D|E|12|SA
6|1|281|183|203|103|5D|E|13|D7
6|1|223|192|128|243|5D|E|12|SA
6|1|42|234|176|91|5D|W|12|S3
6|1|185|226|87|45|5D|E|12|SA
6|10|266|123|41|165|5S|S|12|D7
6|10|225|71|50|217|4S|S|13|S4
6|10|137|38|4|212|5H|N|12|S5
6|10|55|253|12|267|4S|S|12|D7
6|10|273|37|121|276|4S|S|13|C3
6|10|47|98|70|114|5D|E|11|SA
6|10|281|183|203|103|4S|S|13|C3
6|10|223|192|128|243|4S|S|13|C6
6|10|42|234|176|91|6D|E|12|SA
6|10|185|226|87|45|5H|S|12|C5
6|11|266|123|41|165|6H|W|11|S6
6|11|225|71|50|217|5C|W|13|D8
6|11|137|38|4|212|6S|W|13|DK
6|11|55|253|12|267|6N|W|12|S2
6|11|273|37|121|276|6H|E|11|DQ
6|11|47|98|70|114|6C|W|13|HK
6|11|281|183|203|103|6C|W|13|HK
6|11|223|192|128|243|6H|W|11|D6
6|11|42|234|176|91|6H|E|11|DQ
6|11|185|226|87|45|4H|W|11|D6
6|12|266|123|41|165|5H|S|13|H9
6|12|225|71|50|217|5H|S|12|H2
6|12|137|38|4|212|5H|S|12|D2
6|12|55|253|12|267|6C|N|12|DA
6|12|273|37|121|276|4H|S|13|S2
6|12|47|98|70|114|4H|S|13|H6
6|12|281|183|203|103|4H|S|13|S4
6|12|223|192|128|243|6H|S|13|CQ
6|12|42|234|176|91|4H|S|12|H4
6|12|185|226|87|45|4H|S|12|H6
6|13|266|123|41|165|3N|W|11|H7
6|13|225|71|50|217|3C|E|9|SQ
6|13|137|38|4|212|3N|E|7|SQ
6|13|55|253|12|267|3N|W|12|H6
6|13|273|37|121|276|3N|W|12|H6
6|13|47|98|70|114|5D|W|12|H7
6|13|281|183|203|103|5D|E|12|H6
6|13|223|192|128|243|3N|W|12|H6
6|13|42|234|176|91|3N|W|10|S4
6|13|185|226|87|45|2N|W|12|H7
6|14|266|123|41|165|4C|S|9|D6
6|14|225|71|50|217|2H|N|8|H7
6|14|137|38|4|212|2S|N|10|S8
6|14|55|253|12|267|3D|W|9|H2
6|14|273|37|121|276|2S|N|9|C2
6|14|47|98|70|114|3S|N|7|DA
6|14|281|183|203|103|2S|N|9|C2
6|14|223|192|128|243|2S|N|9|C2
6|14|42|234|176|91|2H|N|9|C3
6|14|185|226|87|45|2S|N|9|S5
6|15|266|123|41|165|3D|W|9|SJ
6|15|225|71|50|217|3N|S|7|DJ
6|15|137|38|4|212|3S|S|6|C2
6|15|55|253|12|267|3S|S|7|C2
6|15|273|37|121|276|3D|E|9|SJ
6|15|47|98|70|114|3D|W|9|SJ
6|15|281|183|203|103|3D|W|8|SJ
6|15|223|192|128|243|3N|S|8|DJ
6|15|42|234|176|91|4D|W|10|SJ
6|15|185|226|87|45|2S|S|6|DA
6|16|266|123|41|165|5C|S|10|CJ
6|16|225|71|50|217|5S|W|11|CK
6|16|137|38|4|212|2C|S|11|DQ
6|16|55|253|12|267|5C|N|11|DA
6|16|273|37|121|276|5C|N|11|DA
6|16|47|98|70|114|4C|N|12|SK
6|16|281|183|203|103|3C|N|10|C9
6|16|223|192|128|243|5C|N|10|DA
6|16|42|234|176|91|3D|E|10|CA
6|16|185|226|87|45|3C|N|10|DA
6|17|257|123|171|165|5S|E|11|D2
6|17|225|266|50|41|4H|W|10|DA
6|17|137|38|4|212|4H|W|10|S2
6|17|55|289|12|184|4H|W|10|DK
6|17|273|37|121|276|2H|W|10|DQ
6|17|47|98|70|114|4H|W|11|DA
6|17|192|53|243|103|3H|W|11|DA
6|17|183|281|128|203|5D|N|11|H6
6|17|42|142|176|208|4S|E|12|SA
6|17|185|226|87|45|3H|W|11|S2
6|18|257|123|171|165|4S|E|9|HQ
6|18|225|266|50|41|4S|E|8|HK
6|18|137|38|4|212|4S|W|10|HT
6|18|55|289|12|184|3D|W|8|HT
6|18|273|37|121|276|4S|E|8|HK
6|18|47|98|70|114|3N|W|5|C5
6|18|192|53|243|103|4S|E|9|HK
6|18|183|281|128|203|4S|W|9|HK
6|18|42|142|176|208|4H|S|10|DA
6|18|185|226|87|45|4S|E|10|C9
6|19|257|123|171|165|3C|E|10|S9
6|19|225|266|50|41|3N|E|10|H3
6|19|137|38|4|212|3N|E|9|S9
6|19|55|289|12|184|3N|W|11|HT
6|19|273|37|121|276|3N|E|11|H5
6|19|47|98|70|114|3N|E|9|S9
6|19|192|53|243|103|3N|E|9|S8
6|19|183|281|128|203|3N|E|9|S9
6|19|42|142|176|208|3N|E|9|S9
6|19|185|226|87|45|3N|E|10|H5
6|2|266|123|41|165|4H|N|9|DK
6|2|225|71|50|217|4H|N|9|DK
6|2|137|38|4|212|4H|N|10|DQ
6|2|55|253|12|267|3H|N|10|DK
6|2|273|37|121|276|4H|N|10|DK
6|2|47|98|70|114|3N|N|7|DQ
6|2|281|183|203|103|3H|N|10|DK
6|2|223|192|128|243|4H|N|10|DK
6|2|42|234|176|91|3H|N|10|CA
6|2|185|226|87|45|4H|N|11|DK
6|20|257|123|171|165|4S|N|10|C2
6|20|225|266|50|41|4S|N|10|DQ
6|20|137|38|4|212|4D|S|7|ST
6|20|55|289|12|184|4S|N|10|SA
6|20|273|37|121|276|3H|N|10|C2
6|20|47|98|70|114|4S|N|10|D5
6|20|192|53|243|103|3H|S|10|C4
6|20|183|281|128|203|4S|N|10|C4
6|20|42|142|176|208|4S|N|9|C4
6|20|185|226|87|45|4S|N|10|SA
6|21|257|123|171|165|1N|E|5|ST
6|21|225|266|50|41|1N|E|5|ST
6|21|137|38|4|212|1N|E|6|DQ
6|21|55|289|12|184|1N|N|8|C9
6|21|273|37|121|276|1N|E|6|DQ
6|21|47|98|70|114|2C|W|6|SQ
6|21|192|53|243|103|1N|E|6|H3
6|21|183|281|128|203|2N|S|8|HT
6|21|42|142|176|208|1N|E|8|H4
6|21|185|226|87|45|1N|E|5|ST
6|22|257|123|171|165|3C|N|9|DQ
6|22|225|266|50|41|1N|S|7|H3
6|22|137|38|4|212|3C|N|9|DJ
6|22|55|289|12|184|3C|N|9|DQ
6|22|273|37|121|276|1N|W|8|C5
6|22|47|98|70|114|3C|N|9|DJ
6|22|192|53|243|103|3C|N|9|HA
6|22|183|281|128|203|1N|W|8|C5
6|22|42|142|176|208|2H|W|9|S9
6|22|185|226|87|45|3N|W|8|C6
6|23|257|123|171|165|4H|S|10|D2
6|23|225|266|50|41|3D|N|9|S9
6|23|137|38|4|212|3H|S|9|C4
6|23|55|289|12|184|3N|N|7|S7
6|23|273|37|121|276|3D|N|8|S7
6|23|47|98|70|114|4D|N|10|S9
6|23|192|53|243|103|3N|N|8|S9
6|23|183|281|128|203|3D|N|8|S8
6|23|42|142|176|208|3N|N|9|S9
6|23|185|226|87|45|4H|S|10|SA
6|24|257|123|171|165|5N|N|13|D2
6|24|225|266|50|41|6N|N|12|S9
6|24|137|38|4|212|6N|N|13|S2
6|24|55|289|12|184|6N|N|13|H9
6|24|273|37|121|276|6N|N|13|S2
6|24|47|98|70|114|2D|E|8|SA
6|24|192|53|243|103|6H|N|13|ST
6|24|183|281|128|203|6N|N|12|DT
6|24|42|142|176|208|6N|N|13|H5
6|24|185|226|87|45|7C|N|13|C2
6|25|257|123|171|165|6S|N|11|C3
6|25|225|266|50|41|4S|N|12|ST
6|25|137|38|4|212|4S|N|12|C3
6|25|55|289|12|184|6S|N|12|H3
6|25|273|37|121|276|6S|N|12|H5
6|25|47|98|70|114|4S|N|12|C5
6|25|192|53|243|103|4S|N|12|C3
6|25|183|281|128|203|6S|N|12|H3
6|25|42|142|176|208|4S|N|13|C5
6|25|185|226|87|45|6S|N|12|DA
6|26|257|123|171|165|6C|E|11|DQ
6|26|225|266|50|41|3N|E|9|DK
6|26|137|38|4|212|6C|E|11|DK
6|26|55|289|12|184|4H|W|13|S6
6|26|273|37|121|276|6H|W|11|DA
6|26|47|98|70|114|5C|W|11|DA
6|26|192|53|243|103|5H|W|11|DA
6|26|183|281|128|203|4H|E|13|S6
6|26|42|142|176|208|6C|E|11|DK
6|26|185|226|87|45|4H|W|13|S7
6|27|257|123|171|165|3D|S|9|CK
6|27|225|266|50|41|1N|S|10|H9
6|27|137|38|4|212|2D|S|10|D5
6|27|55|289|12|184|2S|N|7|C5
6|27|273|37|121|276|2D|S|9|H8
6|27|47|98|70|114|2D|S|9|CK
6|27|192|53|243|103|3D|S|9|CK
6|27|183|281|128|203|2S|N|6|C5
6|27|42|142|176|208|2C|E|6|DQ
6|27|185|226|87|45|2H|W|6|D2
6|28|257|123|171|165|5D|E|11|HQ
6|28|225|266|50|41|4C|E|11|H4
6|28|137|38|4|212|3D|W|12|HQ
6|28|55|289|12|184|5C|E|11|H6
6|28|273|37|121|276|5C|W|11|HQ
6|28|47|98|70|114|5D|E|11|CQ
6|28|192|53|243|103|2D|E|10|S4
6|28|183|281|128|203|3N|W|6|H2
6|28|42|142|176|208|5C|W|11|HQ
6|28|185|226|87|45|5C|E|11|HQ
6|29|257|123|171|165|5D|N|10|CQ
6|29|225|266|50|41|6D|N|10|CJ
6|29|137|38|4|212|3N|N|9|CJ
6|29|55|289|12|184|3N|S|9|S9
6|29|273|37|121|276|2S|E|8|C9
6|29|47|98|70|114|3N|S|9|S9
6|29|192|53|243|103|3N|N|9|CQ
6|29|183|281|128|203|3N|S|9|H4
6|29|42|142|176|208|3N|S|7|S3
6|29|185|226|87|45|3N|S|9|S3
6|3|266|123|41|165|6H|E|12|SJ
6|3|225|71|50|217|4H|E|11|SQ
6|3|137|38|4|212|4H|E|11|C7
6|3|55|253|12|267|4H|W|10|CA
6|3|273|37|121|276|4H|W|11|S2
6|3|47|98|70|114|4H|W|12|D3
6|3|281|183|203|103|5H|E|11|SQ
6|3|223|192|128|243|4H|W|12|C2
6|3|42|234|176|91|4H|W|11|CA
6|3|185|226|87|45|4H|W|11|D9
6|30|257|123|171|165|3N|W|8|HJ
6|30|225|266|50|41|1N|E|9|SJ
6|30|137|38|4|212|3N|W|8|HK
6|30|55|289|12|184|1N|W|9|HK
6|30|273|37|121|276|3N|E|9|SJ
6|30|47|98|70|114|3N|E|9|SJ
6|30|192|53|243|103|3N|E|9|SJ
6|30|183|281|128|203|3N|W|8|HK
6|30|42|142|176|208|3N|E|8|H2
6|30|185|226|87|45|3N|W|8|HK
6|31|257|123|171|165|4S|S|12|D3
6|31|225|266|50|41|4S|S|10|HJ
6|31|137|38|4|212|4S|S|10|HJ
6|31|55|289|12|184|4S|S|12|D3
6|31|273|37|121|276|4S|S|11|HQ
6|31|47|98|70|114|3N|S|12|H5
6|31|192|53|243|103|4S|S|12|C6
6|31|183|281|128|203|4S|S|12|D3
6|31|42|142|176|208|4S|S|12|D3
6|31|185|226|87|45|4S|S|12|C4
6|32|257|123|171|165|4H|S|11|DA
6|32|225|266|50|41|3N|N|10|D3
6|32|137|38|4|212|3N|N|10|D5
6|32|55|289|12|184|3N|N|10|D5
6|32|273|37|121|276|3N|N|10|D5
6|32|47|98|70|114|3N|N|10|D5
6|32|192|53|243|103|3N|N|10|D5
6|32|183|281|128|203|3N|N|10|D2
6|32|42|142|176|208|3N|N|10|D4
6|32|185|226|87|45|3N|N|11|SJ
6|4|266|123|41|165|3N|W|7|CQ
6|4|225|71|50|217|3N|W|7|CQ
6|4|137|38|4|212|3N|W|8|CQ
6|4|55|253|12|267|3N|W|9|CQ
6|4|273|37|121|276|1N|W|8|CQ
6|4|47|98|70|114|3N|W|8|CQ
6|4|281|183|203|103|3N|W|8|CQ
6|4|223|192|128|243|3N|W|8|CQ
6|4|42|234|176|91|3N|W|7|CQ
6|4|185|226|87|45|3N|W|8|CQ
6|5|266|123|41|165|7S|S|12|C3
6|5|225|71|50|217|6S|S|12|H3
6|5|137|38|4|212|7H|N|13|H8
6|5|55|253|12|267|6H|N|13|DT
6|5|273|37|121|276|6H|N|13|CA
6|5|47|98|70|114|6H|N|12|H8
6|5|281|183|203|103|6S|S|12|H7
6|5|223|192|128|243|6H|N|13|HT
6|5|42|234|176|91|6H|N|13|DT
6|5|185|226|87|45|6S|S|12|S4
6|6|266|123|41|165|1S|S|6|H7
6|6|225|71|50|217|2C|S|7|DA
6|6|137|38|4|212|1N|E|9|S2
6|6|55|253|12|267|1S|S|6|DA
6|6|273|37|121|276|1S|S|6|DA
6|6|47|98|70|114|1S|S|6|DK
6|6|281|183|203|103|1N|W|9|S5
6|6|223|192|128|243|1S|S|6|DA
6|6|42|234|176|91|1D|W|9|HA
6|6|185|226|87|45|1N|E|7|C2
6|7|266|123|41|165|3H|S|10|C6
6|7|225|71|50|217|3H|S|9|C2
6|7|137|38|4|212|4C|W|8|HA
6|7|55|253|12|267|5C|E|8|HK
6|7|273|37|121|276|3H|S|9|C6
6|7|47|98|70|114|3H|S|10|C6
6|7|281|183|203|103|3H|S|9|C6
6|7|223|192|128|243|4H|S|9|S6
6|7|42|234|176|91|5C|E|10|HK
6|7|185|226|87|45|3H|S|10|C4
6|8|266|123|41|165|5D|N|11|SA
6|8|225|71|50|217|6H|E|11|DA
6|8|137|38|4|212|5D|S|11|S5
6|8|55|253|12|267|5S|E|10|DA
6|8|273|37|121|276|5D|N|11|SA
6|8|47|98|70|114|5H|W|11|CK
6|8|281|183|203|103|5D|S|11|S5
6|8|223|192|128|243|5D|N|11|D3
6|8|42|234|176|91|5D|N|11|D3
6|8|185|226|87|45|5H|E|11|CK
6|9|266|123|41|165|3N|W|9|DT
6|9|225|71|50|217|3N|W|9|H6
6|9|137|38|4|212|4S|W|9|H6
6|9|55|253|12|267|3N|W|11|SJ
6|9|273|37|121|276|3N|E|9|HT
6|9|47|98|70|114|4N|E|10|SJ
6|9|281|183|203|103|4N|E|8|HT
6|9|223|192|128|243|3N|W|10|H3
6|9|42|234|176|91|3N|W|9|H3
6|9|185|226|87|45|4S|W|8|H7
7|1|225|253|50|267|4H|N|10|CQ
7|1|137|123|4|165|5C|E|11|H7
7|1|38|47|212|70|6H|N|10|CQ
7|1|163|55|73|12|5H|N|10|CQ
7|1|266|192|41|243|5H|N|10|CQ
7|1|107|257|203|171|5C|E|11|C3
7|1|223|42|128|176|5C|W|11|HA
7|1|263|183|261|53|4H|N|9|CQ
7|1|142|233|208|283|7C|W|13|HA
7|1|98|91|114|87|5H|N|10|CQ
7|10|225|253|50|267|1N|N|10|H5
7|10|137|123|4|165|4H|E|10|CA
7|10|38|47|212|70|2N|N|10|H5
7|10|163|55|73|12|2N|N|7|S2
7|10|266|192|41|243|3C|S|10|H8
7|10|107|257|203|171|3C|S|10|H9
7|10|223|42|128|176|2N|N|10|H5
7|10|263|183|261|53|3D|S|9|H8
7|10|142|233|208|283|3N|N|7|SQ
7|10|98|91|114|87|2N|N|10|H5
7|11|225|253|50|267|3H|W|8|D6
7|11|137|123|4|165|2D|E|9|S6
7|11|38|47|212|70|3S|N|9|HQ
7|11|163|55|73|12|3H|W|10|D6
7|11|266|192|41|243|3S|S|9|DA
7|11|107|257|203|171|3N|E|6|S3
7|11|223|42|128|176|2H|W|7|D4
7|11|263|183|261|53|1D|N|5|HQ
7|11|142|233|208|283|1D|N|5|SK
7|11|98|91|114|87|1N|N|5|D9
7|12|225|253|50|267|3N|E|12|C8
7|12|137|123|4|165|6D|E|11|HA
7|12|38|47|212|70|3N|E|12|SK
7|12|163|55|73|12|4D|E|11|C4
7|12|266|192|41|243|3N|W|12|C5
7|12|107|257|203|171|3N|W|12|S5
7|12|223|42|128|176|3N|E|12|C6
7|12|263|183|261|53|3N|E|12|C6
7|12|142|233|208|283|3N|E|12|C8
7|12|98|91|114|87|3N|W|12|S5
7|13|225|253|50|267|5C|N|8|S2
7|13|137|123|4|165|3S|W|8|H6
7|13|38|47|212|70|1N|S|6|SJ
7|13|163|55|73|12|3D|N|9|S2
7|13|266|192|41|243|3S|W|9|HJ
7|13|107|257|203|171|3S|E|8|C3
7|13|223|42|128|176|4D|N|9|S2
7|13|263|183|261|53|3C|N|8|S7
7|13|142|233|208|283|3S|E|8|C3
7|13|98|91|114|87|2D|N|9|S7
7|14|225|253|50|267|1N|N|7|S9
7|14|137|123|4|165|3H|E|9|DK
7|14|38|47|212|70|1N|W|7|D3
7|14|163|55|73|12|3C|N|7|HA
7|14|266|192|41|243|2C|E|8|DQ
7|14|107|257|203|171|3H|E|8|DK
7|14|223|42|128|176|1N|W|7|D3
7|14|263|183|261|53|2D|S|8|SJ
7|14|142|233|208|283|4H|E|9|DK
7|14|98|91|114|87|3D|S|8|HQ
7|15|225|253|50|267|6H|S|12|DT
7|15|137|123|4|165|6H|S|12|D6
7|15|38|47|212|70|4H|S|11|DT
7|15|163|55|73|12|6H|S|12|DT
7|15|266|192|41|243|6H|S|12|DT
7|15|107|257|203|171|4H|N|12|DJ
7|15|223|42|128|176|4H|N|12|DQ
7|15|263|183|261|53|6H|S|12|C6
7|15|142|233|208|283|4H|N|11|DQ
7|15|98|91|114|87|6H|S|12|H7
7|16|225|253|50|267|3C|W|10|SK
7|16|137|123|4|165|3H|S|8|ST
7|16|38|47|212|70|3H|S|9|CA
7|16|163|55|73|12|3C|W|10|D4
7|16|266|192|41|243|4H|N|10|DA
7|16|107|257|203|171|3S|E|8|H5
7|16|223|42|128|176|5C|W|9|HA
7|16|263|183|261|53|5C|W|9|HA
7|16|142|233|208|283|3H|S|9|CA
7|16|98|91|114|87|5C|W|9|HA
7|17|123|253|165|267|2N|W|9|H6
7|17|137|225|4|50|5D|E|10|C7
7|17|38|47|212|70|2D|E|10|C7
7|17|163|55|73|12|3N|E|10|S3
7|17|71|243|242|109|2N|W|9|H6
7|17|107|257|203|171|2N|E|8|C7
7|17|183|226|53|45|3N|E|8|C7
7|17|263|223|261|128|3D|E|10|C7
7|17|142|233|208|283|2N|E|8|C7
7|17|98|91|114|87|2N|E|8|C6
7|18|123|253|165|267|5H|W|11|CA
7|18|137|225|4|50|5S|N|11|DA
7|18|38|47|212|70|6C|S|12|HK
7|18|163|55|73|12|6H|E|12|CK
7|18|71|243|242|109|6C|S|12|H2
7|18|107|257|203|171|5H|E|11|CA
7|18|183|226|53|45|6C|S|11|SJ
7|18|263|223|261|128|6C|S|10|HK
7|18|142|233|208|283|5S|N|6|HA
7|18|98|91|114|87|5H|E|11|S9
7|19|123|253|165|267|3C|N|9|HA
7|19|137|225|4|50|3N|N|8|S4
7|19|38|47|212|70|3C|S|9|HA
7|19|163|55|73|12|2N|N|6|DJ
7|19|71|243|242|109|2N|N|8|S4
7|19|107|257|203|171|3N|N|7|S6
7|19|183|226|53|45|3C|S|9|HA
7|19|263|223|261|128|2C|S|10|CT
7|19|142|233|208|283|2N|N|6|D6
7|19|98|91|114|87|5C|S|11|DA
7|2|225|253|50|267|4H|E|13|CQ
7|2|137|123|4|165|6N|E|12|CQ
7|2|38|47|212|70|6H|E|12|CJ
7|2|163|55|73|12|6H|E|12|D3
7|2|266|192|41|243|4H|E|12|CJ
7|2|107|257|203|171|5H|E|12|DT
7|2|223|42|128|176|6H|E|12|CQ
7|2|263|183|261|53|4H|E|12|CQ
7|2|142|233|208|283|3N|E|12|CQ
7|2|98|91|114|87|6N|E|10|D9
7|20|123|253|165|267|3N|S|9|H6
7|20|137|225|4|50|3N|N|10|HT
7|20|38|47|212|70|3N|S|10|H6
7|20|163|55|73|12|3N|S|9|H6
7|20|71|243|242|109|2N|S|9|H6
7|20|107|257|203|171|3N|S|9|H5
7|20|183|226|53|45|3N|S|9|H5
7|20|263|223|261|128|3N|S|9|H6
7|20|142|233|208|283|3N|N|10|HT
7|20|98|91|114|87|2N|S|9|H6
7|21|123|253|165|267|3N|W|9|H3
7|21|137|225|4|50|2H|W|10|CK
7|21|38|47|212|70|3N|W|9|D2
7|21|163|55|73|12|2N|W|9|H3
7|21|71|243|242|109|3H|W|10|D2
7|21|107|257|203|171|2H|W|10|D2
7|21|183|226|53|45|4H|W|9|D2
7|21|263|223|261|128|2H|W|10|D2
7|21|142|233|208|283|2N|W|9|H3
7|21|98|91|114|87|3H|W|9|CK
7|22|123|253|165|267|4H|E|10|S7
7|22|137|225|4|50|4H|E|12|C3
7|22|38|47|212|70|4H|E|10|DQ
7|22|163|55|73|12|3D|W|12|SK
7|22|71|243|242|109|3N|E|10|C3
7|22|107|257|203|171|3H|E|11|S9
7|22|183|226|53|45|4H|E|10|ST
7|22|263|223|261|128|4H|E|11|DQ
7|22|142|233|208|283|5D|E|11|ST
7|22|98|91|114|87|4H|E|11|DQ
7|23|123|253|165|267|3N|N|7|H2
7|23|137|225|4|50|3N|N|9|H5
7|23|38|47|212|70|3N|N|7|D5
7|23|163|55|73|12|2N|N|8|H2
7|23|71|243|242|109|3N|N|9|H2
7|23|107|257|203|171|3N|N|7|H5
7|23|183|226|53|45|2H|S|7|D7
7|23|263|223|261|128|2N|N|7|S6
7|23|142|233|208|283|3N|N|7|D4
7|23|98|91|114|87|3N|N|9|D5
7|24|123|253|165|267|5D|S|10|S6
7|24|137|225|4|50|4D|N|8|HT
7|24|38|47|212|70|3N|S|10|S6
7|24|163|55|73|12|5D|N|11|CA
7|24|71|243|242|109|3N|S|9|S3
7|24|107|257|203|171|4D|N|10|H9
7|24|183|226|53|45|3N|S|10|S5
7|24|263|223|261|128|4C|E|9|C6
7|24|142|233|208|283|3N|N|6|HT
7|24|98|91|114|87|3N|S|7|S6
7|25|123|253|165|267|6N|N|10|D3
7|25|137|225|4|50|6H|S|10|CT
7|25|38|47|212|70|6H|S|11|CT
7|25|163|55|73|12|3N|N|11|HT
7|25|71|243|242|109|4S|S|11|CT
7|25|107|257|203|171|3N|N|11|HT
7|25|183|226|53|45|4N|N|11|C3
7|25|263|223|261|128|6N|N|11|S2
7|25|142|233|208|283|6N|N|10|D7
7|25|98|91|114|87|3N|N|11|HT
7|26|123|253|165|267|3N|E|11|H2
7|26|137|225|4|50|3N|E|11|H8
7|26|38|47|212|70|3N|W|11|H5
7|26|163|55|73|12|3N|E|11|H5
7|26|71|243|242|109|3N|W|12|H2
7|26|107|257|203|171|3N|E|9|S2
7|26|183|226|53|45|3N|E|11|H5
7|26|263|223|261|128|3N|W|12|H2
7|26|142|233|208|283|3N|E|11|S2
7|26|98|91|114|87|3N|E|10|S2
7|27|123|253|165|267|3N|E|7|CT
7|27|137|225|4|50|6D|W|11|C6
7|27|38|47|212|70|3N|E|11|S9
7|27|163|55|73|12|3N|E|11|H2
7|27|71|243|242|109|3N|E|10|CJ
7|27|107|257|203|171|3N|E|8|ST
7|27|183|226|53|45|3N|W|9|S2
7|27|263|223|261|128|3N|E|10|H3
7|27|142|233|208|283|3N|E|9|ST
7|27|98|91|114|87|3N|W|10|HT
7|28|123|253|165|267|1C|E|6|HK
7|28|137|225|4|50|2S|E|8|HK
7|28|38|47|212|70|3C|E|6|HQ
7|28|163|55|73|12|3S|E|6|HK
7|28|71|243|242|109|1C|E|8|HK
7|28|107|257|203|171|1S|E|7|HK
7|28|183|226|53|45|1N|E|6|HK
7|28|263|223|261|128|4H|S|9|S2
7|28|142|233|208|283|1C|E|6|HK
7|28|98|91|114|87|1C|E|7|HQ
7|29|123|253|165|267|2S|N|9|CA
7|29|137|225|4|50|1N|N|7|C2
7|29|38|47|212|70|1N|E|7|H3
7|29|163|55|73|12|1N|E|5|H3
7|29|71|243|242|109|1N|E|6|H3
7|29|107|257|203|171|1H|S|7|SJ
7|29|183|226|53|45|1N|S|9|D5
7|29|263|223|261|128|2S|N|8|C6
7|29|142|233|208|283|2S|N|9|H4
7|29|98|91|114|87|1S|N|8|CA
7|3|225|253|50|267|4S|S|10|CQ
7|3|137|123|4|165|4H|S|10|H4
7|3|38|47|212|70|2H|S|8|CQ
7|3|163|55|73|12|4S|S|10|CQ
7|3|266|192|41|243|4S|S|9|CQ
7|3|107|257|203|171|4S|S|10|CJ
7|3|223|42|128|176|4S|S|9|CQ
7|3|263|183|261|53|2H|S|7|CQ
7|3|142|233|208|283|2H|S|10|H4
7|3|98|91|114|87|4S|S|9|CQ
7|30|123|253|165|267|3N|E|13|CJ
7|30|137|225|4|50|3N|E|12|CJ
7|30|38|47|212|70|6N|E|12|CT
7|30|163|55|73|12|3N|E|12|H2
7|30|71|243|242|109|3N|E|12|DJ
7|30|107|257|203|171|3N|E|12|DJ
7|30|183|226|53|45|6N|E|12|CJ
7|30|263|223|261|128|3N|E|12|CJ
7|30|142|233|208|283|6N|E|12|CJ
7|30|98|91|114|87|6N|E|12|CT
7|31|123|253|165|267|4H|S|10|SJ
7|31|137|225|4|50|5H|S|11|DA
7|31|38|47|212|70|4S|W|10|D5
7|31|163|55|73|12|4S|W|9|H5
7|31|71|243|242|109|4H|S|10|CJ
7|31|107|257|203|171|4H|S|10|CT
7|31|183|226|53|45|4H|S|10|S4
7|31|263|223|261|128|5H|S|11|CJ
7|31|142|233|208|283|4H|S|11|S4
7|31|98|91|114|87|4H|S|11|CJ
7|32|123|253|165|267|4S|W|12|S2
7|32|137|225|4|50|3N|E|8|D6
7|32|38|47|212|70|4S|E|11|D6
7|32|163|55|73|12|4S|W|9|C4
7|32|71|243|242|109|5S|W|9|DA
7|32|107|257|203|171|4S|W|9|H7
7|32|183|226|53|45|4S|W|8|CK
7|32|263|223|261|128|4S|W|11|S4
7|32|142|233|208|283|4S|W|10|H7
7|32|98|91|114|87|3N|E|8|D6
7|4|225|253|50|267|6S|S|10|DJ
7|4|137|123|4|165|4S|N|10|S4
7|4|38|47|212|70|4S|S|10|D2
7|4|163|55|73|12|4S|N|10|S4
7|4|266|192|41|243|4S|N|10|C3
7|4|107|257|203|171|4S|N|10|D3
7|4|223|42|128|176|4S|N|10|D6
7|4|263|183|261|53|4S|N|10|C3
7|4|142|233|208|283|4S|N|10|S4
7|4|98|91|114|87|4S|N|10|S4
7|5|225|253|50|267|3N|N|9|DT
7|5|137|123|4|165|4S|S|9|HA
7|5|38|47|212|70|4S|S|9|HA
7|5|163|55|73|12|4S|S|9|HK
7|5|266|192|41|243|5H|E|11|HQ
7|5|107|257|203|171|3N|S|12|S3
7|5|223|42|128|176|4S|S|10|HA
7|5|263|183|261|53|3N|N|7
7|5|142|233|208|283|4S|S|8|HA
7|5|98|91|114|87|4S|S|9|HA
7|6|225|253|50|267|4H|S|5|S2
7|6|137|123|4|165|5C|N|11|SA
7|6|38|47|212|70|4S|E|10|DT
7|6|163|55|73|12|5C|S|11|S9
7|6|266|192|41|243|3N|S|6|S9
7|6|107|257|203|171|4S|E|10|DJ
7|6|223|42|128|176|5C|N|11|SA
7|6|263|183|261|53|3C|S|11|S8
7|6|142|233|208|283|5C|N|11|SA
7|6|98|91|114|87|3C|N|11|SA
7|7|225|253|50|267|5H|W|11|CA
7|7|137|123|4|165|5H|E|11|SA
7|7|38|47|212|70|5H|E|11|DJ
7|7|163|55|73|12|4H|E|10|C7
7|7|266|192|41|243|5H|E|11|SA
7|7|107|257|203|171|4H|E|10|DQ
7|7|223|42|128|176|5S|S|11|HA
7|7|263|183|261|53|5H|E|12|SA
7|7|142|233|208|283|4H|E|10|C6
7|7|98|91|114|87|5D|E|11|C7
7|8|225|253|50|267|3S|W|8|DA
7|8|137|123|4|165|3S|W|8|DA
7|8|38|47|212|70|3S|W|8|DK
7|8|163|55|73|12|3S|W|8|DA
7|8|266|192|41|243|4S|W|8|DK
7|8|107|257|203|171|3S|W|8|DA
7|8|223|42|128|176|4C|N|9|HQ
7|8|263|183|261|53|3C|N|9|S7
7|8|142|233|208|283|3S|W|8|DA
7|8|98|91|114|87|3S|W|9|DK
7|9|225|253|50|267|2S|S|10|CQ
7|9|137|123|4|165|1S|S|10|CQ
7|9|38|47|212|70|3S|S|10|CQ
7|9|163|55|73|12|3C|E|7|HK
7|9|266|192|41|243|4S|S|10|CQ
7|9|107|257|203|171|4S|N|8|DK
7|9|223|42|128|176|2C|W|8|C3
7|9|263|183|261|53|4S|S|9|CQ
7|9|142|233|208|283|4S|S|10|CQ
7|9|98|91|114|87|3C|E|6|ST
8|1|163|225|73|50|3C|E|10|HK
8|1|123|47|165|70|3C|E|10|HK
8|1|233|55|283|12|2S|W|8|H5
8|1|38|98|212|114|3C|E|10|HQ
8|1|107|253|203|267|3C|E|10|HK
8|1|137|243|4|109|3C|E|9|HK
8|1|263|257|261|171|2H|N|7|SA
8|1|266|42|41|176|3C|E|9|HQ
8|1|142|223|208|183|3C|E|10|HK
8|1|53|91|103|87|2C|E|10|HK
8|10|163|225|73|50|3N|S|8|H9
8|10|123|47|165|70|3N|S|10|H9
8|10|233|55|283|12|3N|S|8|H7
8|10|38|98|212|114|3N|S|8|H7
8|10|107|253|203|267|3N|S|8|H7
8|10|137|243|4|109|3N|S|10|H7
8|10|263|257|261|171|3N|S|9|H6
8|10|266|42|41|176|3N|S|8|H7
8|10|142|223|208|183|3N|S|8|H7
8|10|53|91|103|87|3N|S|10|H7
8|11|163|225|73|50|3N|W|12|DT
8|11|123|47|165|70|3N|W|12|D8
8|11|233|55|283|12|6D|E|12|S3
8|11|38|98|212|114|3N|W|11|H3
8|11|107|253|203|267|6D|E|12|S4
8|11|137|243|4|109|6D|W|11|D6
8|11|263|257|261|171|6D|W|12|D8
8|11|266|42|41|176|3N|E|10|SJ
8|11|142|223|208|183|3N|E|11|S4
8|11|53|91|103|87|3N|W|11|H3
8|12|163|225|73|50|4S|N|10|D7
8|12|123|47|165|70|3N|S|11|S4
8|12|233|55|283|12|3N|S|10|H3
8|12|38|98|212|114|3N|N|10|H9
8|12|107|253|203|267|3N|S|9|C6
8|12|137|243|4|109|4H|N|8|D5
8|12|263|257|261|171|3N|S|10|H6
8|12|266|42|41|176|3N|S|10|H3
8|12|142|223|208|183|3N|S|10|H3
8|12|53|91|103|87|3N|S|10|H3
8|13|163|225|73|50|3C|W|11|SA
8|13|123|47|165|70|3C|W|11|CJ
8|13|233|55|283|12|3C|W|11|SA
8|13|38|98|212|114|4C|W|11|C7
8|13|107|253|203|267|3N|E|8|ST
8|13|137|243|4|109|3H|E|5|ST
8|13|263|257|261|171|3H|E|6|ST
8|13|266|42|41|176|2N|W|8|SQ
8|13|142|223|208|183|3C|W|11|CJ
8|13|53|91|103|87|2H|E|7|ST
8|14|163|225|73|50|2H|W|10|CQ
8|14|123|47|165|70|4H|W|11|CQ
8|14|233|55|283|12|4H|E|10|S2
8|14|38|98|212|114|4H|E|10|S4
8|14|107|253|203|267|4H|E|10|C3
8|14|137|243|4|109|4H|W|9|CQ
8|14|263|257|261|171|2H|E|10|C3
8|14|266|42|41|176|4H|W|11|CJ
8|14|142|223|208|183|3H|E|10|S4
8|14|53|91|103|87|4H|E|10|S7
8|15|163|225|73|50|1N|W|6|HJ
8|15|123|47|165|70|1N|E|6|HQ
8|15|233|55|283|12|2S|S|8|HA
8|15|38|98|212|114|2S|S|7|C7
8|15|107|253|203|267|1N|E|7|HQ
8|15|137|243|4|109|1N|E|6|HQ
8|15|263|257|261|171|1N|W|6|H7
8|15|266|42|41|176|1N|E|5|HQ
8|15|142|223|208|183|1N|E|5|HQ
8|15|53|91|103|87|1N|W|5|HJ
8|16|163|225|73|50|3N|W|10|D9
8|16|123|47|165|70|3N|W|11|D9
8|16|233|55|283|12|3N|W|10|D9
8|16|38|98|212|114|3N|W|9|D8
8|16|107|253|203|267|3N|W|11|D6
8|16|137|243|4|109|3N|W|9|HQ
8|16|263|257|261|171|3N|W|10|D6
8|16|266|42|41|176|3N|W|11|D4
8|16|142|223|208|183|2S|N|8|S2
8|16|53|91|103|87|3N|W|11|D8
8|2|163|225|73|50|6C|E|10|S7
8|2|123|47|165|70|4C|E|11|S7
8|2|233|55|283|12|3D|S|7|CQ
8|2|38|98|212|114|3N|E|13|H6
8|2|107|253|203|267|3C|E|11|S7
8|2|137|243|4|109|5C|E|11|S7
8|2|263|257|261|171|5C|E|11|DK
8|2|266|42|41|176|3N|W|12|ST
8|2|142|223|208|183|6C|E|12|S7
8|2|53|91|103|87|5C|E|11|HQ
8|3|163|225|73|50|6S|E|12|H3
8|3|123|47|165|70|5S|E|11|H7
8|3|233|55|283|12|4S|E|12|H4
8|3|38|98|212|114|6S|E|12|C6
8|3|107|253|203|267|6S|E|12|C6
8|3|137|243|4|109|5S|E|12|H7
8|3|263|257|261|171|4S|E|12|H2
8|3|266|42|41|176|4S|E|12|H5
8|3|142|223|208|183|4S|W|12|HA
8|3|53|91|103|87|5S|E|12|H5
8|4|163|225|73|50|2H|E|8|SQ
8|4|123|47|165|70|2D|W|8|ST
8|4|233|55|283|12|2D|W|9|ST
8|4|38|98|212|114|2S|N|7|CT
8|4|107|253|203|267|2H|E|8|SQ
8|4|137|243|4|109|3D|W|8|S4
8|4|263|257|261|171|2H|E|8|SQ
8|4|266|42|41|176|2H|E|7|SQ
8|4|142|223|208|183|1N|W|6|S4
8|4|53|91|103|87|2S|N|6|CT
8|5|163|225|73|50|4H|N|11|SK
8|5|123|47|165|70|5H|N|10|DQ
8|5|233|55|283|12|5C|E|11|DA
8|5|38|98|212|114|5C|E|11|C6
8|5|107|253|203|267|5H|N|10|HJ
8|5|137|243|4|109|4H|N|10|DQ
8|5|263|257|261|171|5C|E|11|HA
8|5|266|42|41|176|3H|N|9|CA
8|5|142|223|208|183|4C|E|9|DA
8|5|53|91|103|87|2D|W|7|SJ
8|6|163|225|73|50|3N|E|11|S3
8|6|123|47|165|70|3N|E|9|S3
8|6|233|55|283|12|6C|W|12|SA
8|6|38|98|212|114|3N|E|11|S3
8|6|107|253|203|267|3N|E|11|S3
8|6|137|243|4|109|3N|E|11|S3
8|6|263|257|261|171|3N|W|10|H5
8|6|266|42|41|176|3N|E|11|S2
8|6|142|223|208|183|6C|W|12|HJ
8|6|53|91|103|87|3N|E|11|S3
8|7|163|225|73|50|4S|N|11|DQ
8|7|123|47|165|70|4S|N|12|S5
8|7|233|55|283|12|4S|N|12|S4
8|7|38|98|212|114|4S|N|12|DJ
8|7|107|253|203|267|4S|S|12|DT
8|7|137|243|4|109|4S|N|12|DQ
8|7|263|257|261|171|4S|N|12|DJ
8|7|266|42|41|176|4S|S|12|S2
8|7|142|223|208|183|4S|N|11|D5
8|7|53|91|103|87|6S|N|12|DQ
8|8|163|225|73|50|5H|E|9|H2
8|8|123|47|165|70|3S|S|9|HT
8|8|233|55|283|12|4S|N|9|H3
8|8|38|98|212|114|4S|S|10|C2
8|8|107|253|203|267|4H|E|9|C4
8|8|137|243|4|109|4S|S|9|H3
8|8|263|257|261|171|3S|S|8|H2
8|8|266|42|41|176|4H|E|9|SA
8|8|142|223|208|183|3S|S|8|H3
8|8|53|91|103|87|4S|S|9|H5
8|9|163|225|73|50|3D|N|9|DJ
8|9|123|47|165|70|3D|N|11|DJ
8|9|233|55|283|12|3D|N|10|DJ
8|9|38|98|212|114|2H|E|8|DA
8|9|107|253|203|267|3N|N|10|H8
8|9|137|243|4|109|3D|N|11|C9
8|9|263|257|261|171|4D|N|9|DJ
8|9|266|42|41|176|3D|N|11|DJ
8|9|142|223|208|183|3N|N|10|H8
8|9|53|91|103|87|2N|N|8|H8
9|1|225|55|50|12|4S|S|12|D2
9|1|38|123|212|165|6S|S|12|D2
9|1|163|192|73|109|5S|S|12|D2
9|1|107|47|203|70|4D|E|9|C3
9|1|137|226|4|45|4S|S|11|D9
9|1|263|253|261|267|5D|E|11|CT
9|1|71|185|242|87|5D|E|9|SA
9|1|142|257|208|171|4S|S|12|D9
9|1|223|98|128|114|5D|E|11|C3
9|1|233|183|283|103|4S|S|11|D2
9|10|225|55|50|12|1N|E|7|C3
9|10|38|123|212|165|2H|E|8|C7
9|10|163|192|73|109|2H|E|8|S5
9|10|107|47|203|70|2H|E|7|SJ
9|10|137|226|4|45|2H|E|8|SJ
9|10|263|253|261|267|1N|W|8|D6
9|10|71|185|242|87|1N|W|6|D6
9|10|142|257|208|171|1N|E|7|CT
9|10|223|98|128|114|2H|E|8|CT
9|10|233|183|283|103|3D|N|7|SA
9|11|225|55|50|12|2S|N|10|DK
9|11|38|123|212|165|4H|N|11|S6
9|11|163|192|73|109|4S|N|10|S2
9|11|107|47|203|70|4S|N|11|S2
9|11|137|226|4|45|3S|N|11|S3
9|11|263|253|261|267|4S|N|10|S2
9|11|71|185|242|87|4S|N|10|S2
9|11|142|257|208|171|4S|N|9|S2
9|11|223|98|128|114|3N|N|12|C5
9|11|233|183|283|103|3N|N|12|C6
9|12|225|55|50|12|3N|S|9|DT
9|12|38|123|212|165|5C|W|8|ST
9|12|163|192|73|109|4S|N|10|H8
9|12|107|47|203|70|5C|W|11|SJ
9|12|137|226|4|45|5C|W|11|S2
9|12|263|253|261|267|5C|E|11|SA
9|12|71|185|242|87|5S|S|11|DT
9|12|142|257|208|171|3N|S|9|DT
9|12|223|98|128|114|4H|N|10|CK
9|12|233|183|283|103|4S|S|10|C4
9|13|225|55|50|12|1N|S|8|D3
9|13|38|123|212|165|2H|S|8|D6
9|13|163|192|73|109|3H|N|8|C6
9|13|107|47|203|70|2H|S|9|C5
9|13|137|226|4|45|2H|S|8|D5
9|13|263|253|261|267|3H|S|10|C5
9|13|71|185|242|87|4H|S|9|D6
9|13|142|257|208|171|1N|N|8|C7
9|13|223|98|128|114|2N|S|8|D4
9|13|233|183|283|103|3N|S|7|D6
9|14|225|55|50|12|4S|N|10|CT
9|14|38|123|212|165|6S|S|10|CT
9|14|163|192|73|109|4S|S|11|CT
9|14|107|47|203|70|4S|S|10|CT
9|14|137|226|4|45|4S|S|10|C7
9|14|263|253|261|267|4S|S|10|H9
9|14|71|185|242|87|4S|S|12|H9
9|14|142|257|208|171|4S|S|10|H9
9|14|223|98|128|114|4S|S|11|D5
9|14|233|183|283|103|4S|S|10|C9
9|15|225|55|50|12|3D|W|9|CQ
9|15|38|123|212|165|3D|W|9|SQ
9|15|163|192|73|109|2N|S|5|D8
9|15|107|47|203|70|3D|W|9|CQ
9|15|137|226|4|45|3N|S|7|HJ
9|15|263|253|261|267|3D|W|9|CQ
9|15|71|185|242|87|4C|S|9|DA
9|15|142|257|208|171|3D|W|9|CQ
9|15|223|98|128|114|4D|W|10|SK
9|15|233|183|283|103|3N|N|9|SJ
9|16|225|55|50|12|5C|S|10|HK
9|16|38|123|212|165|5C|S|10|H4
9|16|163|192|73|109|5C|S|10|H4
9|16|107|47|203|70|3C|S|10|H5
9|16|137|226|4|45|3C|S|10|H5
9|16|263|253|261|267|3C|S|10|H2
9|16|71|185|242|87|3C|S|10|H4
9|16|142|257|208|171|6C|S|11|H5
9|16|223|98|128|114|5C|S|10|H4
9|16|233|183|283|103|3C|S|10|H4
9|17|225|55|50|12|3N|E|10|SJ
9|17|38|123|212|165|4H|E|10|S7
9|17|163|192|73|109|4H|W|10|S9
9|17|107|47|203|70|4C|S|10|H8
9|17|137|226|4|45|4N|E|11|HQ
9|17|42|253|176|267|4H|E|10|D3
9|17|71|185|242|87|4H|E|11|S2
9|17|142|266|208|41|4H|E|11|SJ
9|17|223|98|128|114|4H|E|10|S3
9|17|233|53|283|103|4H|E|10|C8
9|18|225|55|50|12|4S|S|9|D2
9|18|38|123|212|165|4S|S|8|D2
9|18|163|192|73|109|4S|S|9|D2
9|18|107|47|203|70|2S|S|8|D4
9|18|137|226|4|45|3S|S|8|D4
9|18|42|253|176|267|4S|S|8|D4
9|18|71|185|242|87|4S|S|8|D4
9|18|142|266|208|41|4S|S|8|D4
9|18|223|98|128|114|4S|S|8|D4
9|18|233|53|283|103|4S|N|8|H5
9|19|225|55|50|12|5CX|N|11|DK
9|19|38|123|212|165|4H|W|9|CQ
9|19|163|192|73|109|3N|W|9|CK
9|19|107|47|203|70|4H|W|10|CK
9|19|137|226|4|45|5C|N|11|DK
9|19|42|253|176|267|5H|W|11|CK
9|19|71|185|242|87|5C|N|11|DK
9|19|142|266|208|41|4H|W|9|CK
9|19|223|98|128|114|6C|N|12|DT
9|2|225|55|50|12|4S|W|12|H2
9|2|38|123|212|165|6S|W|12|S2
9|2|163|192|73|109|6S|W|12|S2
9|2|107|47|203|70|4S|W|12|DQ
9|2|137|226|4|45|4S|W|13|DQ
9|2|263|253|261|267|4S|W|11|S2
9|2|71|185|242|87|6S|W|12|S2
9|2|142|257|208|171|4S|W|13|H4
9|2|223|98|128|114|4S|W|13|H6
9|2|233|183|283|103|5S|W|11|H3
9|20|225|55|50|12|4H|E|11|C2
9|20|38|123|212|165|4H|W|11|D7
9|20|163|192|73|109|3N|W|11|SJ
9|20|107|47|203|70|6H|W|11|SJ
9|20|137|226|4|45|6H|W|11|SJ
9|20|42|253|176|267|6H|W|11|SJ
9|20|71|185|242|87|3N|W|11|SJ
9|20|142|266|208|41|3N|W|11|SJ
9|20|223|98|128|114|6H|W|11|CQ
9|20|233|53|283|103|4H|W|11|SJ
9|21|225|55|50|12|5D|E|11|S3
9|21|38|123|212|165|4S|N|10|DA
9|21|163|192|73|109|5C|E|9|S2
9|21|107|47|203|70|4H|W|10|SA
9|21|137|226|4|45|2H|W|9|SA
9|21|42|253|176|267|4S|N|10|H4
9|21|71|185|242|87|4H|W|9|SA
9|21|142|266|208|41|5D|W|11|SA
9|21|223|98|128|114|4H|W|9|SK
9|21|233|53|283|103|5D|W|10|SA
9|22|225|55|50|12|5C|N|11|D2
9|22|38|123|212|165|3S|W|10|DK
9|22|163|192|73|109|5D|S|11|HA
9|22|107|47|203|70|2S|W|10|DA
9|22|137|226|4|45|6H|E|10|H4
9|22|42|253|176|267|4H|E|8|D7
9|22|71|185|242|87|2H|E|10|D7
9|22|142|266|208|41|2H|E|9|DT
9|22|223|98|128|114|3H|W|10|DA
9|22|233|53|283|103|5D|N|11|SJ
9|23|225|55|50|12|5D|S|11|H2
9|23|38|123|212|165|5D|N|11|HA
9|23|163|192|73|109|3N|S|7|ST
9|23|107|47|203|70|3N|N|9|H5
9|23|137|226|4|45|5D|S|11|D7
9|23|42|253|176|267|3N|N|8|S2
9|23|71|185|242|87|3D|N|11|S7
9|23|142|266|208|41|5D|N|10|D5
9|23|223|98|128|114|3N|N|7|S4
9|23|233|53|283|103|3N|N|8|S2
9|24|225|55|50|12|4S|E|11|DQ
9|24|38|123|212|165|4S|E|10|H8
9|24|163|192|73|109|4S|E|10|DQ
9|24|107|47|203|70|4S|E|11|DQ
9|24|137|226|4|45|6D|S|12|S7
9|24|42|253|176|267|4S|E|10|DQ
9|24|71|185|242|87|4S|E|10|DQ
9|24|142|266|208|41|4S|E|10|DQ
9|24|223|98|128|114|4S|E|10|DQ
9|24|233|53|283|103|4S|E|10|DQ
9|25|225|55|50|12|3N|N|12|SJ
9|25|38|123|212|165|3N|S|10|CQ
9|25|163|192|73|109|3N|N|12|SJ
9|25|107|47|203|70|6N|S|10|CQ
9|25|137|226|4|45|3N|N|12|SJ
9|25|42|253|176|267|3N|N|11|H6
9|25|71|185|242|87|3N|N|12|SJ
9|25|142|266|208|41|3N|S|11|HT
9|25|223|98|128|114|5D|S|12|SA
9|25|233|53|283|103|3N|S|12|H9
9|26|225|55|50|12|2N|W|7|CK
9|26|38|123|212|165|2H|S|7|DK
9|26|163|192|73|109|2N|W|7|CK
9|26|107|47|203|70|2S|N|8|H9
9|26|137|226|4|45|2H|S|8|C3
9|26|42|253|176|267|2S|N|8|H7
9|26|71|185|242|87|2N|E|7|H2
9|26|142|266|208|41|2N|E|7|H4
9|26|223|98|128|114|2N|W|7|CK
9|26|233|53|283|103|2S|N|8|H3
9|27|225|55|50|12|3N|N|10|C9
9|27|38|123|212|165|1H|E|7|H3
9|27|163|192|73|109|3N|N|10|C4
9|27|107|47|203|70|3N|N|9|C4
9|27|137|226|4|45|3N|N|10|C3
9|27|42|253|176|267|3N|N|10|C6
9|27|71|185|242|87|3N|N|10|C4
9|27|142|266|208|41|3N|N|10|C3
9|27|223|98|128|114|4C|E|10|DQ
9|27|233|53|283|103|3N|N|10|C3
9|28|225|55|50|12|4S|W|8|SJ
9|28|38|123|212|165|4S|W|8|SJ
9|28|163|192|73|109|4S|W|8|SJ
9|28|107|47|203|70|4S|W|8|SJ
9|28|137|226|4|45|4S|W|8|SJ
9|28|42|253|176|267|4S|E|8|SJ
9|28|71|185|242|87|2S|W|8|SJ
9|28|142|266|208|41|4S|W|8|SJ
9|28|223|98|128|114|3S|W|9|DA
9|28|233|53|283|103|3D|S|11|SA
9|29|225|55|50|12|4H|N|12|DK
9|29|38|123|212|165|6H|N|12|DK
9|29|163|192|73|109|4S|N|12|DK
9|29|107|47|203|70|6H|N|12|DK
9|29|137|226|4|45|4H|N|12|DK
9|29|42|253|176|267|4S|N|12|D5
9|29|71|185|242|87|4S|N|12|DK
9|29|142|266|208|41|4H|N|12|DQ
9|29|223|98|128|114|6H|N|12|DQ
9|29|233|53|283|103|6H|N|12|DK
9|3|225|55|50|12|3H|S|9|DA
9|3|38|123|212|165|4H|S|9|CK
9|3|163|192|73|109|3D|W|10|HK
9|3|107|47|203|70|2H|S|9|CK
9|3|137|226|4|45|3H|S|9|H3
9|3|263|253|261|267|4D|W|9|HA
9|3|71|185|242|87|3D|W|9|SK
9|3|142|257|208|171|2H|S|9|CQ
9|3|223|98|128|114|4C|W|9|HA
9|3|233|183|283|103|3H|S|9|CK
9|30|225|55|50|12|2H|N|10|DK
9|30|38|123|212|165|5C|S|11|DA
9|30|163|192|73|109|2H|S|10|DA
9|30|107|47|203|70|3S|W|9|D8
9|30|137|226|4|45|2H|S|10|DA
9|30|42|253|176|267|P||0
9|30|71|185|242|87|3S|W|7|D8
9|30|142|266|208|41|3S|W|6|D8
9|30|223|98|128|114|3H|N|10|DQ
9|30|233|53|283|103|3N|N|8|SQ
9|31|225|55|50|12|4S|N|9|HQ
9|31|38|123|212|165|4S|N|10|HQ
9|31|163|192|73|109|4S|S|9|CQ
9|31|107|47|203|70|4S|S|9|CQ
9|31|137|226|4|45|4S|N|9|HQ
9|31|42|253|176|267|4S|N|8|HQ
9|31|71|185|242|87|4S|S|9|HQ
9|31|142|266|208|41|4S|N|8|HJ
9|31|223|98|128|114|4S|N|9|DT
9|31|233|53|283|103|4S|S|10|CQ
9|32|225|55|50|12|3N|N|9|C8
9|32|38|123|212|165|3N|S|10|DJ
9|32|163|192|73|109|3N|N|9|H3
9|32|107|47|203|70|2C|N|10|S3
9|32|137|226|4|45|2D|N|9|S3
9|32|42|253|176|267|3N|S|10|DJ
9|32|71|185|242|87|3N|N|9|H3
9|32|142|266|208|41|3N|N|9|H2
9|32|223|98|128|114|3N|N|9|H3
9|32|233|53|283|103|3N|N|11|S4
9|4|225|55|50|12|2H|S|10|C5
9|4|38|123|212|165|2H|N|10|S6
9|4|163|192|73|109|2N|E|7|SJ
9|4|107|47|203|70|3D|E|8|H5
9|4|137|226|4|45|2H|S|11|D4
9|4|263|253|261|267|2H|S|10|S2
9|4|71|185|242|87|2H|S|11|D3
9|4|142|257|208|171|2H|S|11|D4
9|4|223|98|128|114|2H|S|11|D3
9|4|233|183|283|103|3D|W|7|D5
9|5|225|55|50|12|4D|N|11|SJ
9|5|38|123|212|165|5D|N|11|S3
9|5|163|192|73|109|3S|E|7|H8
9|5|107|47|203|70|2S|E|9|S2
9|5|137|226|4|45|5D|N|11|S3
9|5|263|253|261|267|3S|E|9|S2
9|5|71|185|242|87|5D|N|11|ST
9|5|142|257|208|171|2S|E|9|S2
9|5|223|98|128|114|4S|E|8|HA
9|5|233|183|283|103|3D|N|11|SJ
9|6|225|55|50|12|2S|S|7|D7
9|6|38|123|212|165|2H|N|8|H2
9|6|163|192|73|109|1N|E|7|D3
9|6|107|47|203|70|2D|E|7|D3
9|6|137|226|4|45|2H|N|9|SA
9|6|263|253|261|267|1N|E|6|HT
9|6|71|185|242|87|2D|E|6|HJ
9|6|142|257|208|171|2C|W|9|HK
9|6|223|98|128|114|1N|E|6|HJ
9|6|233|183|283|103|1N|E|6|HJ
9|7|225|55|50|12|2S|S|8|CK
9|7|38|123|212|165|2S|S|8|CA
9|7|163|192|73|109|2S|S|8|CA
9|7|107|47|203|70|3D|W|8|S3
9|7|137|226|4|45|2D|W|6|S5
9|7|263|253|261|267|2S|S|8|CA
9|7|71|185|242|87|2S|S|7|CA
9|7|142|257|208|171|2S|S|8|CK
9|7|223|98|128|114|3D|W|8|S3
9|7|233|183|283|103|2S|S|7|CA
9|8|225|55|50|12|2S|N|7|DK
9|8|38|123|212|165|1N|W|5|D4
9|8|163|192|73|109|2S|N|8|DA
9|8|107|47|203|70|2H|W|6|CJ
9|8|137|226|4|45|P||0
9|8|263|253|261|267|P||0
9|8|71|185|242|87|2S|N|8|DA
9|8|142|257|208|171|1N|E|5|S3
9|8|223|98|128|114|2S|N|8|DK
9|8|233|183|283|103|1S|N|8|DA
9|9|225|55|50|12|3N|N|10|HQ
9|9|38|123|212|165|3N|N|11|ST
9|9|163|192|73|109|3N|S|10|CT
9|9|107|47|203|70|3N|S|9|SJ
9|9|137|226|4|45|3N|S|10|C6
9|9|263|253|261|267|3N|N|9|C3
9|9|71|185|242|87|1D|N|10|HQ
9|9|142|257|208|171|3N|S|10|CT
9|9|223|98|128|114|3N|S|10|C9
9|9|233|183|283|103|3N|N|10|C3
