1|1|276|283|181|265|4H|E|7|CT
1|1|92|249|25|175|2H|S|6|H8
1|1|255|38|58|224|3N|E|7|H5
1|1|27|28|70|82|2N|E|7|CT
1|1|11|30|83|143|2N|E|7|H4
1|1|259|67|210|80|3N|E|5|C9
1|1|52|35|232|169|1N|E|6|CT
1|1|286|124|229|131|2N|E|7|H4
1|1|75|53|33|1|1N|E|7|S5
1|1|9|207|178|77|2D|W|6|SK
1|10|276|283|181|265|4H|S|11|C9
1|10|92|249|25|175|5H|S|11|CJ
1|10|255|38|58|224|6H|S|11|CT
1|10|11|30|83|143|4H|S|9|CJ
1|10|259|67|210|80|6H|S|11|CJ
1|10|52|35|232|169|6H|S|12|DA
1|10|286|124|229|131|6H|S|11|DA
1|10|75|53|33|1|6H|S|11|C3
1|10|9|207|178|77|3N|N|9|H6
1|11|276|283|181|265|6H|W|12|C9
1|11|92|249|25|175|6H|W|12|D4
1|11|255|38|58|224|6H|W|12|H4
1|11|27|28|70|82|6H|W|12|D4
1|11|11|30|83|143|5H|W|12|C2
1|11|259|67|210|80|6H|W|12|H4
1|11|52|35|232|169|6H|W|12|HJ
1|11|286|124|229|131|5H|W|12|C8
1|11|75|53|33|1|6H|W|12|D4
1|11|9|207|178|77|6H|W|12|D6
1|12|276|283|181|265|2H|W|7|SA
1|12|92|249|25|175|2H|W|8|SA
1|12|255|38|58|224|2H|W|8|CJ
1|12|27|28|70|82|3C|S|8|S2
1|12|11|30|83|143|3C|S|9|S3
1|12|259|67|210|80|3C|S|8|HA
1|12|52|35|232|169|2S|N|9|HT
1|12|286|124|229|131|2N|S|7|H4
1|12|75|53|33|1|2H|W|8|H9
1|12|9|207|178|77|2S|N|8|HJ
1|13|276|283|181|265|2S|N|8|DA
1|13|92|249|25|175|2H|W|8|SK
1|13|255|38|58|224|2H|W|8|SA
1|13|27|28|70|82|2N|S|8|HQ
1|13|11|30|83|143|2S|N|6|DA
1|13|259|67|210|80|2S|N|7|DA
1|13|52|35|232|169|2H|W|8|SA
1|13|286|124|229|131|2H|W|8|SK
1|13|75|53|33|1|2S|N|8|DA
1|13|9|207|178|77|2S|N|6|DA
1|14|276|283|181|265|2N|E|4|D5
1|14|92|249|25|175|1N|W|8|HK
1|14|255|38|58|224|1H|W|6|S3
1|14|27|28|70|82|1N|W|7|HK
1|14|11|30|83|143|2D|S|8|CQ
1|14|259|67|210|80|1H|W|6|S2
1|14|52|35|232|169|1H|W|6|S3
1|14|286|124|229|131|2D|S|9|DA
1|14|75|53|33|1|1N|W|8|S4
1|14|9|207|178|77|3C|W|7|HA
1|15|276|283|181|265|3N|E|11|D6
1|15|92|249|25|175|2S|E|13|H9
1|15|255|38|58|224|4S|E|11|H8
1|15|27|28|70|82|4S|E|11|DT
1|15|11|30|83|143|4S|W|11|D2
1|15|259|67|210|80|4S|E|11|S2
1|15|52|35|232|169|4S|W|10|D3
1|15|286|124|229|131|4S|W|11|H2
1|15|75|53|33|1|4S|E|13|S8
1|15|9|207|178|77|4S|E|11|DT
1|16|276|283|181|265|3S|S|8|H8
1|16|92|249|25|175|3N|N|7|H3
1|16|255|38|58|224|3N|N|7|C6
1|16|27|28|70|82|3S|S|7|D8
1|16|11|30|83|143|3D|S|10|C8
1|16|259|67|210|80|5D|S|9|D5
1|16|52|35|232|169|3D|N|12|C6
1|16|286|124|229|131|3N|N|7|H3
1|16|75|53|33|1|3D|S|10|S3
1|16|9|207|178|77|5D|S|9|C8
1|17|249|283|175|265|2H|N|10|H4
1|17|92|276|25|181|1D|E|7|SJ
1|17|222|2|13|191|2S|S|11|C5
1|17|27|28|70|82|4S|S|11|D3
1|17|11|30|83|143|4S|S|10|C9
1|17|4|67|6|80|4S|S|11|C5
1|17|52|35|232|169|2S|S|9|C9
1|17|159|124|228|131|2H|N|9|H2
1|17|75|53|33|1|2S|S|11|C5
1|17|9|207|178|77|1C|E|8|HJ
1|18|249|283|175|265|1N|W|6|SJ
1|18|92|276|25|181|2D|W|3|CK
1|18|222|2|13|191|2H|N|10|C9
1|18|27|28|70|82|2S|N|8|H6
1|18|11|30|83|143|1N|W|6|SJ
1|18|4|67|6|80|4S|N|9|CT
1|18|52|35|232|169|2H|N|10|C9
1|18|159|124|228|131|2N|E|7|S3
1|18|75|53|33|1|2S|N|9|CT
1|18|9|207|178|77|2C|W|6|SJ
1|19|249|283|175|265|4S|S|11|S7
1|19|92|276|25|181|4H|N|9|D8
1|19|222|2|13|191|6H|S|10|S7
1|19|27|28|70|82|4H|S|10|S5
1|19|11|30|83|143|4H|S|10|ST
1|19|4|67|6|80|7H|S|9|D6
1|19|52|35|232|169|4H|S|10|ST
1|19|159|124|228|131|4H|S|10|D4
1|19|75|53|33|1|4H|S|10|ST
1|19|9|207|178|77|4S|N|9|DQ
1|2|276|283|181|265|2S|S|9|H8
1|2|92|249|25|175|4C|S|10|C7
1|2|255|38|58|224|5HX|W|10|S2
1|2|27|28|70|82|5HX|E|10|CK
1|2|11|30|83|143|5HX|E|10|CK
1|2|259|67|210|80|3N|S|4|H7
1|2|52|35|232|169|3C|N|9|H5
1|2|286|124|229|131|6SX|S|8|CA
1|2|75|53|33|1|6HX|E|10|CK
1|2|9|207|178|77|6HX|W|10|D3
1|20|249|283|175|265|6H|W|13|C7
1|20|92|276|25|181|6H|W|12|DK
1|20|222|2|13|191|6H|W|12|DK
1|20|27|28|70|82|6H|W|13|S6
1|20|11|30|83|143|6H|W|12|DK
1|20|4|67|6|80|6H|W|12|DK
1|20|52|35|232|169|6S|E|13|CK
1|20|159|124|228|131|6H|W|12|DK
1|20|75|53|33|1|5H|W|12|DK
1|20|9|207|178|77|6H|W|12|DA
1|21|249|283|175|265|3S|S|7|SA
1|21|92|276|25|181|4D|E|10|CT
1|21|222|2|13|191|4H|W|9|CA
1|21|27|28|70|82|3S|S|7|DA
1|21|11|30|83|143|3D|E|10|CT
1|21|4|67|6|80|4D|W|9|CA
1|21|52|35|232|169|3S|S|9|C8
1|21|159|124|228|131|2SX|N|8|S9
1|21|75|53|33|1|2S|S|8|H2
1|21|9|207|178|77|4SX|N|7|S3
1|22|249|283|175|265|4S|W|11|D5
1|22|92|276|25|181|5S|W|11|HT
1|22|222|2|13|191|4S|W|11|D4
1|22|27|28|70|82|5S|W|11|D4
1|22|11|30|83|143|4S|W|10|H2
1|22|4|67|6|80|4S|W|11|ST
1|22|52|35|232|169|4S|E|11|C9
1|22|159|124|228|131|4S|W|10|HT
1|22|75|53|33|1|4S|E|11|C2
1|22|9|207|178|77|5S|W|11|D9
1|23|249|283|175|265|3C|W|10|HQ
1|23|92|276|25|181|2S|E|10|H2
1|23|222|2|13|191|2S|E|9|C2
1|23|27|28|70|82|5C|W|10|HQ
1|23|11|30|83|143|4C|W|10|HQ
1|23|4|67|6|80|2S|E|10|C3
1|23|52|35|232|169|2S|E|10|H5
1|23|159|124|228|131|3C|W|10|HQ
1|23|75|53|33|1|2S|E|10|C2
1|23|9|207|178|77|3C|W|10|D9
1|24|249|283|175|265|2S|N|8|CK
1|24|92|276|25|181|2C|W|7|SQ
1|24|222|2|13|191|1N|W|7|S6
1|24|27|28|70|82|2N|S|8|C8
1|24|11|30|83|143|2C|W|7|SQ
1|24|4|67|6|80|2C|W|7|SQ
1|24|52|35|232|169|2C|W|8|SQ
1|24|159|124|228|131|2C|W|8|SQ
1|24|75|53|33|1|2S|N|5|CK
1|24|9|207|178|77|2N|S|5|C8
1|25|249|283|175|265|3N|W|9|H7
1|25|92|276|25|181|4C|S|8|S6
1|25|222|2|13|191|4D|W|10|HT
1|25|27|28|70|82|3D|E|11|HT
1|25|11|30|83|143|3D|E|10|HT
1|25|4|67|6|80|5D|E|11|C5
1|25|52|35|232|169|3D|E|9|HT
1|25|159|124|228|131|2S|S|7|D3
1|25|75|53|33|1|3D|E|10|H5
1|25|9|207|178|77|3D|E|11|HT
1|26|249|283|175|265|2S|N|4|HJ
1|26|92|276|25|181|3N|S|7|SJ
1|26|222|2|13|191|2S|N|5|C3
1|26|27|28|70|82|2N|S|9|C8
1|26|11|30|83|143|2S|E|8|DJ
1|26|4|67|6|80|2N|S|7|C5
1|26|52|35|232|169|2S|E|8|C6
1|26|159|124|228|131|2N|N|8|C7
1|26|75|53|33|1|3N|S|7|SJ
1|26|9|207|178|77|3N|N|8|HJ
1|27|249|283|175|265|4HX|S|9|S9
1|27|92|276|25|181|3N|S|6|HQ
1|27|222|2|13|191|3H|W|10|D3
1|27|27|28|70|82|3H|W|9|SA
1|27|11|30|83|143|4S|N|7|H8
1|27|4|67|6|80|3D|N|11|C4
1|27|52|35|232|169|4S|N|8|HK
1|27|159|124|228|131|3H|W|9|SA
1|27|75|53|33|1|3H|E|10|S2
1|27|9|207|178|77|4H|E|9|S2
1|28|249|283|175|265|3N|N|11|D6
1|28|92|276|25|181|6N|N|11|ST
1|28|222|2|13|191|3N|N|11|C8
1|28|27|28|70|82|3N|N|11|D5
1|28|11|30|83|143|6N|N|12|SJ
1|28|4|67|6|80|6C|N|11|SJ
1|28|52|35|232|169|6C|N|12|D5
1|28|159|124|228|131|3N|S|10|C5
1|28|75|53|33|1|3N|N|10|S6
1|28|9|207|178|77|3N|N|13|D5
1|29|249|283|175|265|3N|N|10|S4
1|29|92|276|25|181|3N|N|10|S2
1|29|222|2|13|191|3N|N|11|C7
1|29|27|28|70|82|3N|N|11|C7
1|29|11|30|83|143|3N|N|10|C4
1|29|4|67|6|80|3N|N|11|C7
1|29|52|35|232|169|3N|N|10|C7
1|29|159|124|228|131|3N|N|10|C4
1|29|75|53|33|1|3N|N|11|C8
1|29|9|207|178|77|4H|N|11|SQ
1|3|276|283|181|265|2C|W|6|C3
1|3|92|249|25|175|3N|N|6|HJ
1|3|255|38|58|224|2D|S|9|H4
1|3|27|28|70|82|3D|N|9|CJ
1|3|11|30|83|143|2H|E|8|C8
1|3|259|67|210|80|2SX|E|7|CK
1|3|52|35|232|169|3D|N|8|D4
1|3|286|124|229|131|3D|N|10|D5
1|3|75|53|33|1|4D|N|10|CJ
1|3|9|207|178|77|2C|N|6|D5
1|30|249|283|175|265|1N|S|8|HK
1|30|92|276|25|181|3N|N|8|H9
1|30|222|2|13|191|2D|N|8|D6
1|30|27|28|70|82|2D|N|8|D6
1|30|11|30|83|143|2N|N|8|SK
1|30|4|67|6|80|3N|N|8|SJ
1|30|52|35|232|169|2D|N|8|D3
1|30|159|124|228|131|2N|N|8|C5
1|30|75|53|33|1|1D|N|8|HK
1|30|9|207|178|77|2N|S|8|C5
1|31|249|283|175|265|3N|W|10|S5
1|31|92|276|25|181|3N|W|9|S5
1|31|222|2|13|191|3N|W|10|S6
1|31|27|28|70|82|3N|W|9|S5
1|31|11|30|83|143|3N|W|9|S5
1|31|4|67|6|80|2N|E|10|S5
1|31|52|35|232|169|3N|W|10|S2
1|31|159|124|228|131|3N|E|8|H5
1|31|75|53|33|1|1N|W|9|S6
1|31|9|207|178|77|1N|W|9|S2
1|32|249|283|175|265|3N|E|10|H4
1|32|92|276|25|181|3N|W|9|SJ
1|32|222|2|13|191|3N|E|9|S3
1|32|27|28|70|82|4H|E|10|H6
1|32|11|30|83|143|3N|W|10|CJ
1|32|4|67|6|80|3N|W|9|S4
1|32|52|35|232|169|3N|E|12|D3
1|32|159|124|228|131|4H|E|10|C6
1|32|75|53|33|1|3N|E|9|S7
1|32|9|207|178|77|4H|E|10|H4
1|4|276|283|181|265|1N|N|6|S2
1|4|92|249|25|175|1N|S|7|H7
1|4|255|38|58|224|1N|S|5|D9
1|4|27|28|70|82|1N|S|5|D5
1|4|11|30|83|143|2C|N|8|D2
1|4|259|67|210|80|1N|N|8|S4
1|4|52|35|232|169|1S|N|8|D2
1|4|286|124|229|131|1N|S|8|D3
1|4|75|53|33|1|1N|S|6|D3
1|4|9|207|178|77|1N|N|7|C2
1|5|276|283|181|265|5C|N|11|SA
1|5|92|249|25|175|5C|N|11|H3
1|5|255|38|58|224|4S|W|9|H2
1|5|27|28|70|82|3N|N|9|SJ
1|5|11|30|83|143|2S|E|9|CA
1|5|259|67|210|80|5C|N|11|SA
1|5|52|35|232|169|4SX|E|8|CA
1|5|286|124|229|131|4C|S|11|S6
1|5|75|53|33|1|4C|S|11|CJ
1|5|9|207|178|77|5C|N|11|C3
1|6|276|283|181|265|3N|S|9|S3
1|6|92|249|25|175|3N|S|10|SQ
1|6|255|38|58|224|3N|S|9|SJ
1|6|27|28|70|82|3N|N|10|S8
1|6|11|30|83|143|3N|S|10|SQ
1|6|259|67|210|80|3N|S|11|S5
1|6|52|35|232|169|3N|S|10|SQ
1|6|286|124|229|131|3N|S|9|SQ
1|6|75|53|33|1|3N|S|9|HJ
1|6|9|207|178|77|3N|S|9|SQ
1|7|276|283|181|265|4H|W|10|DA
1|7|92|249|25|175|4H|W|10|DK
1|7|255|38|58|224|3N|W|9|DA
1|7|27|28|70|82|4H|W|11|DA
1|7|11|30|83|143|4H|W|10|DA
1|7|259|67|210|80|4H|W|10|DK
1|7|52|35|232|169|4H|W|10|DA
1|7|286|124|229|131|4H|W|10|DK
1|7|75|53|33|1|4H|W|11|DA
1|7|9|207|178|77|4H|W|11|DK
1|8|276|283|181|265|6H|N|13|S3
1|8|92|249|25|175|6H|N|13|S3
1|8|255|38|58|224|6N|N|13|S2
1|8|27|28|70|82|6N|N|12|S3
1|8|11|30|83|143|6H|N|13|S3
1|8|259|67|210|80|6H|N|13|S3
1|8|52|35|232|169|4N|S|12|SJ
1|8|286|124|229|131|6H|N|13|S3
1|8|75|53|33|1|2N|S|12|SJ
1|8|9|207|178|77|7H|N|13|D7
1|9|276|283|181|265|3N|S|9|S5
1|9|92|249|25|175|3N|S|10|ST
1|9|255|38|58|224|3N|S|12|S7
1|9|27|28|70|82|3N|S|9|ST
1|9|11|30|83|143|3N|S|9|S9
1|9|259|67|210|80|5C|S|11|ST
1|9|52|35|232|169|3N|S|11|ST
1|9|286|124|229|131|3N|S|9|ST
1|9|75|53|33|1|3N|S|9|ST
1|9|9|207|178|77|3N|S|9|S7
2|1|38|276|224|181|1N|N|7|HJ
2|1|249|2|175|191|2D|S|7|C9
2|1|259|255|210|58|2D|S|7|CT
2|1|222|4|13|6|2N|N|7|HJ
2|1|286|11|229|83|2H|E|8|HQ
2|1|67|35|80|169|1N|N|6|HT
2|1|9|124|178|172|1N|N|7|HT
2|1|52|53|232|1|1N|N|7|HJ
2|1|92|75|25|33|2N|N|3|D9
2|1|207|283|77|265|2D|S|9|DA
2|10|38|276|224|181|3N|N|10|S4
2|10|249|2|175|191|4H|N|10|H6
2|10|259|255|210|58|4H|S|10|C3
2|10|222|4|13|6|3N|N|10|S5
2|10|286|11|229|83|4H|N|10|CJ
2|10|67|35|80|169|4H|N|10|CJ
2|10|9|124|178|172|3N|S|9|DT
2|10|52|53|232|1|3N|N|9|C4
2|10|92|75|25|33|4H|S|10|DT
2|10|207|283|77|265|4H|N|10|CJ
2|11|38|276|224|181|2S|S|7|D9
2|11|249|2|175|191|2S|S|7|D9
2|11|259|255|210|58|3N|E|8|HJ
2|11|222|4|13|6|3S|S|8|D6
2|11|286|11|229|83|2S|S|8|C6
2|11|67|35|80|169|1S|S|7|D9
2|11|9|124|178|172|3C|N|6|HK
2|11|52|53|232|1|3H|E|9|SA
2|11|92|75|25|33|2S|S|7|D9
2|11|207|283|77|265|2S|S|7|D9
2|12|38|276|224|181|2C|N|7|HK
2|12|249|2|175|191|3D|W|8|SJ
2|12|259|255|210|58|2H|N|7|SK
2|12|222|4|13|6|2D|W|8|SJ
2|12|286|11|229|83|2H|N|6|D7
2|12|67|35|80|169|2D|E|8|SJ
2|12|9|124|178|172|4S|S|9|H5
2|12|52|53|232|1|2H|N|7|DT
2|12|92|75|25|33|1N|S|7|C2
2|12|207|283|77|265|2H|N|7|D3
2|13|38|276|224|181|2H|N|10|SQ
2|13|249|2|175|191|2D|W|7|HK
2|13|259|255|210|58|4HX|N|9|CK
2|13|222|4|13|6|2H|N|10|D7
2|13|286|11|229|83|2H|N|11|D3
2|13|67|35|80|169|2H|N|10|CK
2|13|9|124|178|172|4H|N|10|SQ
2|13|52|53|232|1|2H|N|10|SQ
2|13|92|75|25|33|2H|N|10|D3
2|13|207|283|77|265|2H|N|10|SQ
2|14|38|276|224|181|4S|W|10|S8
2|14|249|2|175|191|4S|E|10|C9
2|14|259|255|210|58|4S|E|10|C8
2|14|222|4|13|6|4S|W|12|H6
2|14|286|11|229|83|4S|E|11|C9
2|14|67|35|80|169|4S|E|10|C8
2|14|9|124|178|172|4S|E|11|C9
2|14|52|53|232|1|4S|W|11|CK
2|14|92|75|25|33|4S|W|11|H6
2|14|207|283|77|265|4S|W|10|CK
2|15|38|276|224|181|3N|W|11|C5
2|15|249|2|175|191|3N|W|8|H6
2|15|259|255|210|58|3N|W|10|S8
2|15|222|4|13|6|3N|W|9|H3
2|15|286|11|229|83|3N|W|6|H2
2|15|67|35|80|169|3N|W|9|H2
2|15|9|124|178|172|5N|W|10|H2
2|15|52|53|232|1|3N|W|10|S7
2|15|92|75|25|33|3N|W|6|H2
2|15|207|283|77|265|3N|W|11|D3
2|16|38|276|224|181|4S|S|7|CA
2|16|249|2|175|191|3C|W|10|DA
2|16|259|255|210|58|3C|W|10|HK
2|16|222|4|13|6|6H|W|10|S6
2|16|286|11|229|83|3C|W|10|HK
2|16|67|35|80|169|3C|W|10|HK
2|16|9|124|178|172|4H|W|9|DA
2|16|52|53|232|1|3C|W|10|DA
2|16|92|75|25|33|4H|W|10|S4
2|16|207|283|77|265|6HX|W|10|S3
2|17|38|249|224|175|3N|S|9|S4
2|17|276|27|181|70|3N|S|11|S6
2|17|259|28|210|82|3N|S|9|S6
2|17|222|30|13|143|3N|S|9|S9
2|17|286|11|229|83|3N|S|9|S6
2|17|67|159|80|228|3N|S|9|S4
2|17|9|124|178|172|3N|S|10|S4
2|17|52|53|232|1|1SX|E|6|HQ
2|17|283|75|265|33|3N|S|9|S4
2|17|207|92|77|25|3N|S|9|S6
2|18|38|249|224|175|2S|S|9|D5
2|18|276|27|181|70|3N|S|7|HQ
2|18|259|28|210|82|3S|N|8|C7
2|18|222|30|13|143|1N|S|9|C3
2|18|286|11|229|83|2S|S|9|D4
2|18|67|159|80|228|2S|S|9|D5
2|18|9|124|178|172|3N|S|7|HQ
2|18|52|53|232|1|2S|S|9|HQ
2|18|283|75|265|33|1N|S|8|S4
2|18|207|92|77|25|2S|S|8|HQ
2|19|38|249|224|175|7DX|N|8|SA
2|19|276|27|181|70|7S|E|13|DA
2|19|259|28|210|82|7H|W|13|D6
2|19|222|30|13|143|5DX|S|8|HA
2|19|286|11|229|83|7DX|S|7|HA
2|19|67|159|80|228|6H|W|13|D6
2|19|9|124|178|172|6S|E|13|DK
2|19|52|53|232|1|7DX|S|7|HA
2|19|283|75|265|33|5H|W|13|SJ
2|19|207|92|77|25|7DX|S|9|C7
2|2|38|276|224|181|4H|N|12|H3
2|2|249|2|175|191|4H|N|12|SA
2|2|259|255|210|58|6C|S|12|S3
2|2|222|4|13|6|4SX|W|6|DQ
2|2|286|11|229|83|3N|S|7|S4
2|2|67|35|80|169|6C|S|12|S5
2|2|9|124|178|172|4SX|W|6|DA
2|2|52|53|232|1|6C|S|12|S4
2|2|92|75|25|33|5H|N|12|SA
2|2|207|283|77|265|5C|S|13|C5
2|20|38|249|224|175|4S|E|11|H6
2|20|276|27|181|70|3N|W|9|H6
2|20|259|28|210|82|4S|W|10|D9
2|20|222|30|13|143|4S|W|9|D9
2|20|286|11|229|83|4S|W|10|H7
2|20|67|159|80|228|4S|W|10|H6
2|20|9|124|178|172|4S|E|10|D4
2|20|52|53|232|1|5S|W|10|H3
2|20|283|75|265|33|4S|W|10|D4
2|20|207|92|77|25|4S|W|10|H4
2|21|38|249|224|175|5C|S|11|DK
2|21|276|27|181|70|4D|W|10|CA
2|21|259|28|210|82|5C|N|11|DQ
2|21|222|30|13|143|6C|S|11|D6
2|21|286|11|229|83|3N|N|10|H6
2|21|67|159|80|228|5C|S|11|DA
2|21|9|124|178|172|3DX|W|10|CK
2|21|52|53|232|1|5C|N|12|DQ
2|21|283|75|265|33|3S|S|8|DA
2|21|207|92|77|25|6C|N|12|DQ
2|22|38|249|224|175|3N|E|10|CJ
2|22|276|27|181|70|5D|E|9|SA
2|22|259|28|210|82|3N|E|10|SA
2|22|222|30|13|143|3N|E|10|CJ
2|22|286|11|229|83|3N|W|10|CT
2|22|67|159|80|228|5D|E|9|SK
2|22|9|124|178|172|3N|E|10|CT
2|22|52|53|232|1|4H|E|9|SA
2|22|283|75|265|33|3N|E|10|CT
2|22|207|92|77|25|3N|E|10|C7
2|23|38|249|224|175|2D|S|9|D5
2|23|276|27|181|70|2S|S|8|HJ
2|23|259|28|210|82|2S|S|7|HJ
2|23|222|30|13|143|2S|E|5|DA
2|23|286|11|229|83|3S|S|9|HJ
2|23|67|159|80|228|2S|N|9|HA
2|23|9|124|178|172|2S|S|8|CJ
2|23|52|53|232|1|1N|S|8|HJ
2|23|283|75|265|33|2S|S|8|CJ
2|23|207|92|77|25|4HX|W|6|D8
2|24|38|249|224|175|3N|E|10|HJ
2|24|276|27|181|70|3N|W|9|S6
2|24|259|28|210|82|3N|E|6|C9
2|24|222|30|13|143|3N|E|11|S2
2|24|286|11|229|83|3N|W|10|S6
2|24|67|159|80|228|3N|E|9|C9
2|24|9|124|178|172|4N|E|8|C9
2|24|52|53|232|1|3N|E|10|HQ
2|24|283|75|265|33|3N|E|11|S7
2|24|207|92|77|25|3N|E|9|S2
2|25|38|249|224|175|4HX|N|7|CJ
2|25|276|27|181|70|4S|W|8|H4
2|25|259|28|210|82|4HX|N|7|CJ
2|25|222|30|13|143|4HX|N|5|CJ
2|25|286|11|229|83|4S|E|9|H4
2|25|67|159|80|228|4HX|N|7|CJ
2|25|9|124|178|172|4HX|N|6|CJ
2|25|52|53|232|1|5HX|N|5|DA
2|25|283|75|265|33|3N|W|9|S5
2|25|207|92|77|25|4HX|N|6|CJ
2|26|38|249|224|175|2N|S|6|HJ
2|26|276|27|181|70|3N|S|7|S6
2|26|259|28|210|82|2CX|N|7|S4
2|26|222|30|13|143|3H|E|8|C6
2|26|286|11|229|83|2S|E|7|HA
2|26|67|159|80|228|3N|S|5|S6
2|26|9|124|178|172|2S|E|8|SK
2|26|52|53|232|1|2S|E|7|HA
2|26|283|75|265|33|2S|E|7|SA
2|26|207|92|77|25|1N|S|6|HJ
2|27|38|249|224|175|3N|S|7|SA
2|27|276|27|181|70|3S|W|9|C4
2|27|259|28|210|82|2H|S|7|SA
2|27|222|30|13|143|2S|W|8|C4
2|27|286|11|229|83|3D|S|8|SA
2|27|67|159|80|228|2H|N|8|S9
2|27|9|124|178|172|1N|N|7|S3
2|27|52|53|232|1|2C|N|9|S4
2|27|283|75|265|33|2C|N|8|S3
2|27|207|92|77|25|3N|S|7|SA
2|28|38|249|224|175|4HX|W|9|SK
2|28|276|27|181|70|6C|N|11|DA
2|28|259|28|210|82|5HX|W|9|CT
2|28|222|30|13|143|5C|N|11|DA
2|28|286|11|229|83|6CX|N|11|DA
2|28|67|159|80|228|6C|N|11|DA
2|28|9|124|178|172|5C|N|11|DA
2|28|52|53|232|1|6CX|N|11|DA
2|28|283|75|265|33|5SX|N|9|DA
2|28|207|92|77|25|5HX|W|10|CT
2|29|38|249|224|175|3N|S|12|C5
2|29|276|27|181|70|4S|S|12|C6
2|29|259|28|210|82|4S|S|12|C5
2|29|222|30|13|143|4S|S|12|D6
2|29|286|11|229|83|4S|S|12|C5
2|29|67|159|80|228|4S|S|12|C3
2|29|9|124|178|172|4S|S|12|HA
2|29|52|53|232|1|4S|S|11|HA
2|29|283|75|265|33|4S|S|12|HA
2|29|207|92|77|25|4S|S|12|C5
2|3|38|276|224|181|3N|E|12|ST
2|3|249|2|175|191|3N|E|12|C3
2|3|259|255|210|58|3N|E|12|SJ
2|3|222|4|13|6|3N|E|11|SJ
2|3|286|11|229|83|3N|E|12|SJ
2|3|67|35|80|169|3N|E|9|SJ
2|3|9|124|178|172|3N|E|10|SJ
2|3|52|53|232|1|3N|E|12|SJ
2|3|92|75|25|33|3N|W|12|S6
2|3|207|283|77|265|6N|W|11|H8
2|30|38|249|224|175|4S|E|13|CQ
2|30|276|27|181|70|4S|E|13|CK
2|30|259|28|210|82|4S|W|13|CK
2|30|222|30|13|143|4S|E|13|CK
2|30|286|11|229|83|6S|E|13|CK
2|30|67|159|80|228|4S|E|13|CK
2|30|9|124|178|172|4S|E|13|CK
2|30|52|53|232|1|4S|E|12|CJ
2|30|283|75|265|33|4S|E|13|CK
2|30|207|92|77|25|6S|E|13|CK
2|31|38|249|224|175|4S|N|11|D3
2|31|276|27|181|70|4S|N|11|D7
2|31|259|28|210|82|4S|S|11|C5
2|31|222|30|13|143|5S|N|11|D7
2|31|286|11|229|83|4S|N|10|D2
2|31|67|159|80|228|5S|N|11|D3
2|31|9|124|178|172|6S|N|11|D2
2|31|52|53|232|1|4S|N|13|C2
2|31|283|75|265|33|4S|N|11|D2
2|31|207|92|77|25|4S|N|13|C2
2|32|38|249|224|175|4H|E|11|SA
2|32|276|27|181|70|4H|E|11|SA
2|32|259|28|210|82|4H|E|11|SK
2|32|222|30|13|143|5H|E|11|SA
2|32|286|11|229|83|4H|E|11|SK
2|32|67|159|80|228|4H|E|11|SK
2|32|9|124|178|172|4H|E|11|SJ
2|32|52|53|232|1|4H|E|11|DJ
2|32|283|75|265|33|4H|E|11|SK
2|32|207|92|77|25|4H|E|11|SA
2|4|38|276|224|181|4S|W|9|C7
2|4|249|2|175|191|4S|W|10|D9
2|4|259|255|210|58|4SXX|W|9|HK
2|4|222|4|13|6|4S|W|9|D2
2|4|286|11|229|83|4S|W|10|CT
2|4|67|35|80|169|4S|W|11|C7
2|4|9|124|178|172|5DX|S|6|SK
2|4|52|53|232|1|4S|W|10|D9
2|4|92|75|25|33|4S|W|11|CT
2|4|207|283|77|265|4S|W|10|C4
2|5|38|276|224|181|2C|S|6|H3
2|5|249|2|175|191|2C|E|7|H5
2|5|259|255|210|58|2S|W|6|H2
2|5|222|4|13|6|2H|S|7|H5
2|5|286|11|229|83|2H|S|7|H3
2|5|67|35|80|169|2H|S|7|S7
2|5|9|124|178|172|2CX|E|7|DJ
2|5|52|53|232|1|2H|S|8|C3
2|5|92|75|25|33|2N|W|7|S3
2|5|207|283|77|265|2D|N|6|CA
2|6|38|276|224|181|4S|E|9|DQ
2|6|249|2|175|191|4S|E|8|DK
2|6|259|255|210|58|4S|E|10|DK
2|6|222|4|13|6|5HX|S|8|S5
2|6|286|11|229|83|4S|E|8|DQ
2|6|67|35|80|169|3N|E|9|H5
2|6|9|124|178|172|4SX|E|9|DK
2|6|52|53|232|1|4S|E|10|DK
2|6|92|75|25|33|4S|E|9|DK
2|6|207|283|77|265|4S|E|9|DK
2|7|38|276|224|181|3N|W|10|C5
2|7|249|2|175|191|3N|W|11|D7
2|7|259|255|210|58|3N|W|10|HT
2|7|222|4|13|6|2D|E|10|H6
2|7|286|11|229|83|3N|W|10|HT
2|7|67|35|80|169|3N|W|11|S9
2|7|9|124|178|172|3N|W|11|S9
2|7|52|53|232|1|3N|W|10|HT
2|7|92|75|25|33|3N|W|11|HT
2|7|207|283|77|265|3N|W|10|HT
2|8|38|276|224|181|6S|S|11|D5
2|8|249|2|175|191|6H|N|12|H5
2|8|259|255|210|58|4H|N|11|H5
2|8|222|4|13|6|3N|N|11|C6
2|8|286|11|229|83|4H|N|12|H5
2|8|67|35|80|169|5S|S|11|C5
2|8|9|124|178|172|4H|N|12|H5
2|8|52|53|232|1|4H|N|11|H5
2|8|92|75|25|33|4H|N|11|C5
2|8|207|283|77|265|4H|N|12|H8
2|9|38|276|224|181|4S|S|8|D4
2|9|249|2|175|191|4S|S|10|DT
2|9|259|255|210|58|3N|S|9|C3
2|9|222|4|13|6|4S|S|10|D6
2|9|286|11|229|83|2S|S|10|DJ
2|9|67|35|80|169|4S|S|10|DJ
2|9|9|124|178|172|4S|S|10|S2
2|9|52|53|232|1|4S|S|9|D2
2|9|92|75|25|33|4S|S|10|DJ
2|9|207|283|77|265|4S|S|10|DJ
3|1|276|30|181|143|4D|N|11|HT
3|1|4|249|6|175|4D|S|11|HA
3|1|222|35|13|169|4HX|W|7|S6
3|1|159|255|228|58|4S|S|11|HA
3|1|11|53|83|1|4HX|W|7|S6
3|1|9|67|178|80|5D|N|11|HT
3|1|52|75|232|33|4S|S|10|D7
3|1|207|124|77|131|4HX|W|7|S6
3|1|38|283|224|265|5D|N|11|HT
3|1|92|27|25|70|5D|N|11|HT
3|10|276|30|181|143|3H|S|8|H6
3|10|4|249|6|175|1N|W|6|HK
3|10|222|35|13|169|2H|N|9|CA
3|10|159|255|228|58|2H|N|9|CA
3|10|11|53|83|1|2H|N|8|D4
3|10|9|67|178|80|3N|N|7|S5
3|10|52|75|232|33|3N|N|6|C7
3|10|207|124|77|131|2N|N|8|C8
3|10|38|283|224|265|3H|N|9|CA
3|10|92|27|25|70|3N|N|6|CA
3|11|276|30|181|143|4S|S|10|C5
3|11|4|249|6|175|4S|S|11|DA
3|11|222|35|13|169|4S|S|11|H2
3|11|159|255|228|58|4S|S|11|H7
3|11|11|53|83|1|4S|S|11|C3
3|11|9|67|178|80|4S|S|11|S8
3|11|52|75|232|33|4S|S|10|HT
3|11|207|124|77|131|4S|N|11|H3
3|11|38|283|224|265|4S|N|11|H8
3|11|92|27|25|70|4S|N|11|D5
3|12|276|30|181|143|1N|W|8|DT
3|12|4|249|6|175|2N|E|9|H2
3|12|222|35|13|169|1N|W|9|D9
3|12|159|255|228|58|2H|E|9|DA
3|12|11|53|83|1|1N|W|7|DT
3|12|9|67|178|80|1N|W|8|S2
3|12|52|75|232|33|1N|W|9|S3
3|12|207|124|77|131|3N|W|8|S2
3|12|38|283|224|265|1N|W|8|S2
3|12|92|27|25|70|3N|W|8|S2
3|13|276|30|181|143|3H|W|10|D4
3|13|4|249|6|175|4H|W|10|S5
3|13|222|35|13|169|3D|S|8|HA
3|13|159|255|228|58|2H|W|9|S3
3|13|11|53|83|1|2H|W|10|S2
3|13|9|67|178|80|3D|N|8|D5
3|13|52|75|232|33|3H|W|9|D8
3|13|207|124|77|131|3D|S|8|D9
3|13|38|283|224|265|4H|W|9|D4
3|13|92|27|25|70|3H|W|10|D2
3|14|276|30|181|143|4HX|W|11|DA
3|14|4|249|6|175|4H|W|10|DK
3|14|222|35|13|169|4H|W|12|DA
3|14|159|255|228|58|5DX|N|10|HA
3|14|11|53|83|1|6DX|N|10|HA
3|14|9|67|178|80|5HX|W|11|DK
3|14|52|75|232|33|5HX|W|11|DA
3|14|207|124|77|131|4H|W|10|DA
3|14|38|283|224|265|4HX|W|11|DK
3|14|92|27|25|70|5DX|N|10|HA
3|15|276|30|181|143|4SX|W|9|DA
3|15|4|249|6|175|4SX|W|9|DA
3|15|222|35|13|169|4H|S|8|SA
3|15|159|255|228|58|3S|W|9|DA
3|15|11|53|83|1|3H|N|11|H3
3|15|9|67|178|80|3H|N|11|H3
3|15|52|75|232|33|4HX|W|9|DA
3|15|207|124|77|131|4S|W|9|DA
3|15|38|283|224|265|3S|W|9|DK
3|15|92|27|25|70|4S|W|9|DK
3|16|276|30|181|143|2S|E|8|DT
3|16|4|249|6|175|2S|E|7|DT
3|16|222|35|13|169|3S|E|9|D6
3|16|159|255|228|58|2H|W|7|DA
3|16|11|53|83|1|3S|E|9|DT
3|16|9|67|178|80|2S|E|9|C7
3|16|52|75|232|33|3D|N|9|SA
3|16|207|124|77|131|5DX|N|9|SA
3|16|38|283|224|265|4S|E|8|D9
3|16|92|27|25|70|4S|E|9|DT
3|17|276|4|181|6|5HX|W|9|SA
3|17|259|249|210|175|2S|N|10|HA
3|17|222|286|13|229|4S|N|9|HA
3|17|159|28|228|82|3S|N|9|C8
3|17|11|53|83|1|4S|N|9|C8
3|17|9|67|178|80|6D|S|8|CK
3|17|52|75|232|33|6CX|W|11|SA
3|17|207|124|77|131|6D|N|10|HA
3|17|38|283|224|265|4S|N|8|C6
3|17|92|27|25|70|4S|N|8|D6
3|18|276|4|181|6|5D|E|10|H4
3|18|259|249|210|175|3D|E|10|S8
3|18|222|286|13|229|3D|W|10|HA
3|18|159|28|228|82|4D|E|9|D4
3|18|11|53|83|1|3C|S|9|S4
3|18|9|67|178|80|3D|W|10|D2
3|18|52|75|232|33|1N|S|6|DA
3|18|207|124|77|131|3N|E|3|H3
3|18|38|283|224|265|4D|E|10|H3
3|18|92|27|25|70|3D|E|9|D4
3|19|276|4|181|6|3N|S|10|SJ
3|19|259|249|210|175|5C|N|12|DQ
3|19|222|286|13|229|3N|N|10|S5
3|19|159|28|228|82|3N|S|10|SJ
3|19|11|53|83|1|3N|S|10|SJ
3|19|9|67|178|80|3N|S|10|SJ
3|19|52|75|232|33|4H|S|10|SJ
3|19|207|124|77|131|3N|S|10|SJ
3|19|38|283|224|265|3N|N|10|S5
3|19|92|27|25|70|3N|S|10|SJ
3|2|276|30|181|143|3N|W|10|H4
3|2|4|249|6|175|3N|W|8|C7
3|2|222|35|13|169|3C|E|10|SJ
3|2|159|255|228|58|3N|W|9|H5
3|2|11|53|83|1|4S|E|9|CK
3|2|9|67|178|80|3N|E|10|D7
3|2|52|75|232|33|2N|W|8|C7
3|2|207|124|77|131|3N|W|9|H4
3|2|38|283|224|265|3N|W|7|H4
3|2|92|27|25|70|3N|W|10|H4
3|20|276|4|181|6|3H|W|10|H4
3|20|259|249|210|175|4S|E|10|D5
3|20|222|286|13|229|4H|W|11|S3
3|20|159|28|228|82|2H|W|11|S4
3|20|11|53|83|1|2H|W|10|S3
3|20|9|67|178|80|1N|N|4|S8
3|20|52|75|232|33|3H|W|11|D5
3|20|207|124|77|131|2S|E|9|H7
3|20|38|283|224|265|4H|E|9|CA
3|20|92|27|25|70|4H|W|10|D4
3|21|276|4|181|6|3D|E|9|HA
3|21|259|249|210|175|5DX|E|8|HK
3|21|222|286|13|229|3D|E|9|HA
3|21|159|28|228|82|2H|S|8|CA
3|21|11|53|83|1|3C|E|9|HA
3|21|9|67|178|80|2C|W|8|H9
3|21|52|75|232|33|2H|S|8|CA
3|21|207|124|77|131|3S|N|8|C4
3|21|38|283|224|265|2H|S|6|CK
3|21|92|27|25|70|1N|W|5|H9
3|22|276|4|181|6|2H|E|9|CT
3|22|259|249|210|175|3H|E|8|CT
3|22|222|286|13|229|4HX|W|9|SK
3|22|159|28|228|82|5DX|S|8|CJ
3|22|11|53|83|1|3H|W|8|SK
3|22|9|67|178|80|3S|N|9|S6
3|22|52|75|232|33|2H|W|9|CT
3|22|207|124|77|131|2H|E|8|S3
3|22|38|283|224|265|3H|W|8|SQ
3|22|92|27|25|70|3H|E|10|CT
3|23|276|4|181|6|4C|S|9|DT
3|23|259|249|210|175|3S|E|9|HK
3|23|222|286|13|229|4S|E|10|HA
3|23|159|28|228|82|3S|E|9|HA
3|23|11|53|83|1|4C|S|9|ST
3|23|9|67|178|80|5C|S|9|ST
3|23|52|75|232|33|5C|S|9|DJ
3|23|207|124|77|131|5C|S|9|ST
3|23|38|283|224|265|4S|E|9|HK
3|23|92|27|25|70|3S|W|9|H3
3|24|276|4|181|6|6H|W|12|S7
3|24|259|249|210|175|6H|W|13|S7
3|24|222|286|13|229|6H|W|12|DQ
3|24|159|28|228|82|4SX|N|6|C9
3|24|11|53|83|1|6H|W|13|S7
3|24|9|67|178|80|5H|W|13|S7
3|24|52|75|232|33|5H|W|13|S7
3|24|207|124|77|131|6H|W|13|S7
3|24|38|283|224|265|6H|W|13|S7
3|24|92|27|25|70|6H|W|12|S7
3|25|276|4|181|6|3N|N|10|H3
3|25|259|249|210|175|4H|N|10|SA
3|25|222|286|13|229|3N|N|10|S5
3|25|159|28|228|82|3N|S|10|DT
3|25|11|53|83|1|2D|N|9|C5
3|25|9|67|178|80|4H|S|9|D7
3|25|52|75|232|33|3N|S|10|SQ
3|25|207|124|77|131|3N|S|10|SQ
3|25|38|283|224|265|3N|N|9|S4
3|25|92|27|25|70|3N|N|10|D5
3|26|276|4|181|6|5D|W|10|CK
3|26|259|249|210|175|4SX|N|9|S3
3|26|222|286|13|229|3D|W|9|CK
3|26|159|28|228|82|3D|W|10|CK
3|26|11|53|83|1|3D|W|9|CK
3|26|9|67|178|80|2S|N|9|S3
3|26|52|75|232|33|4S|N|8|D3
3|26|207|124|77|131|3H|W|9|CK
3|26|38|283|224|265|4H|W|7|CQ
3|26|92|27|25|70|3S|N|8|S3
3|27|276|4|181|6|3N|W|9|S3
3|27|259|249|210|175|5D|W|12|S9
3|27|222|286|13|229|3N|W|9|S3
3|27|159|28|228|82|3N|W|9|S2
3|27|11|53|83|1|5D|W|12|C8
3|27|9|67|178|80|6DX|W|13|C8
3|27|52|75|232|33|6D|W|12|C3
3|27|207|124|77|131|3N|W|10|C4
3|27|38|283|224|265|3N|W|9|S3
3|27|92|27|25|70|3N|E|13|C5
3|28|276|4|181|6|2H|E|9|D2
3|28|259|249|210|175|4H|E|9|SK
3|28|222|286|13|229|1N|W|8|C5
3|28|159|28|228|82|2H|E|9|D4
3|28|11|53|83|1|2H|E|9|D2
3|28|9|67|178|80|1S|W|8|C2
3|28|52|75|232|33|2S|W|7|H5
3|28|207|124|77|131|2H|E|8|SK
3|28|38|283|224|265|2H|E|8|H5
3|28|92|27|25|70|2H|E|9|D2
3|29|276|4|181|6|4H|N|12|SJ
3|29|259|249|210|175|4SX|E|5|H9
3|29|222|286|13|229|4H|N|12|D6
3|29|159|28|228|82|4H|N|12|D7
3|29|11|53|83|1|4H|N|12|D7
3|29|9|67|178|80|3N|S|11|S3
3|29|52|75|232|33|3N|S|12|S3
3|29|207|124|77|131|4H|N|12|C3
3|29|38|283|224|265|4H|N|12|S7
3|29|92|27|25|70|4H|N|12|C3
3|3|276|30|181|143|4S|N|9|CK
3|3|4|249|6|175|4S|N|11|H2
3|3|222|35|13|169|4S|N|9|CA
3|3|159|255|228|58|3H|S|9|H4
3|3|11|53|83|1|4S|N|10|CK
3|3|9|67|178|80|4S|N|10|CK
3|3|52|75|232|33|2S|S|9|CA
3|3|207|124|77|131|4S|N|9|H2
3|3|38|283|224|265|4S|N|9|CK
3|3|92|27|25|70|4S|N|10|CK
3|30|276|4|181|6|4S|S|10|HK
3|30|259|249|210|175|3D|S|11|HA
3|30|222|286|13|229|3D|S|11|CJ
3|30|159|28|228|82|3S|S|10|CJ
3|30|11|53|83|1|3D|S|11|CJ
3|30|9|67|178|80|4HX|W|7|C5
3|30|52|75|232|33|5C|S|11|CJ
3|30|207|124|77|131|4C|E|8|DJ
3|30|38|283|224|265|4D|S|11|CJ
3|30|92|27|25|70|3D|S|11|CJ
3|31|276|4|181|6|3D|E|8|HT
3|31|259|249|210|175|2S|N|8|SA
3|31|222|286|13|229|1N|W|7|H5
3|31|159|28|228|82|2D|E|9|HT
3|31|11|53|83|1|3D|E|8|HT
3|31|9|67|178|80|2S|N|8|HJ
3|31|52|75|232|33|1N|N|6|D6
3|31|207|124|77|131|3D|E|9|HT
3|31|38|283|224|265|1N|W|9|H5
3|31|92|27|25|70|2H|W|7|HK
3|32|276|4|181|6|4H|W|11|DJ
3|32|259|249|210|175|4H|W|10|DJ
3|32|222|286|13|229|4H|W|9|DJ
3|32|159|28|228|82|4H|W|10|C8
3|32|11|53|83|1|3N|E|8|S5
3|32|9|67|178|80|4H|W|11|DJ
3|32|52|75|232|33|4H|W|11|DJ
3|32|207|124|77|131|3N|E|10|C4
3|32|38|283|224|265|4H|W|10|DT
3|32|92|27|25|70|4H|E|9|DJ
3|4|276|30|181|143|3N|N|10|DK
3|4|4|249|6|175|3N|S|10|S7
3|4|222|35|13|169|3N|S|10|DT
3|4|159|255|228|58|3N|S|10|C9
3|4|11|53|83|1|3N|S|9|S8
3|4|9|67|178|80|3N|S|9|H6
3|4|52|75|232|33|4H|S|11|DT
3|4|207|124|77|131|3N|N|10|DA
3|4|38|283|224|265|3N|S|10|C5
3|4|92|27|25|70|3N|N|9|H7
3|5|276|30|181|143|2S|E|10|DA
3|5|4|249|6|175|2S|E|9|S3
3|5|222|35|13|169|2S|E|9|C8
3|5|159|255|228|58|2S|E|9|DA
3|5|11|53|83|1|2H|W|8|DK
3|5|9|67|178|80|3H|W|9|DK
3|5|52|75|232|33|3H|W|9|DK
3|5|207|124|77|131|3C|N|8|H9
3|5|38|283|224|265|2H|W|9|DQ
3|5|92|27|25|70|2S|E|9|DA
3|6|276|30|181|143|4S|N|11|CJ
3|6|4|249|6|175|4S|N|11|CJ
3|6|222|35|13|169|4S|N|11|CJ
3|6|159|255|228|58|2S|N|11|CJ
3|6|11|53|83|1|4S|N|11|CJ
3|6|9|67|178|80|4S|N|11|H7
3|6|52|75|232|33|4S|N|11|CJ
3|6|207|124|77|131|4S|N|11|H8
3|6|38|283|224|265|4S|N|11|CJ
3|6|92|27|25|70|4S|N|11|CJ
3|7|276|30|181|143|2H|W|5|CQ
3|7|4|249|6|175|2H|W|7|SK
3|7|222|35|13|169|2H|W|5|SK
3|7|159|255|228|58|2D|N|8|D5
3|7|11|53|83|1|1N|S|7|S8
3|7|9|67|178|80|1N|S|7|S6
3|7|52|75|232|33|3H|W|5|CQ
3|7|207|124|77|131|2H|W|6|SK
3|7|38|283|224|265|1N|E|6|C5
3|7|92|27|25|70|2C|S|7|H2
3|8|276|30|181|143|4H|W|13|S3
3|8|4|249|6|175|5D|E|12|ST
3|8|222|35|13|169|7CX|N|8|CA
3|8|159|255|228|58|4H|E|13|D5
3|8|11|53|83|1|3N|W|13|S3
3|8|9|67|178|80|4H|E|13|D2
3|8|52|75|232|33|4H|E|13|CT
3|8|207|124|77|131|4H|W|13|C5
3|8|38|283|224|265|6H|E|13|CT
3|8|92|27|25|70|5D|E|13|C8
3|9|276|30|181|143|3N|S|9|S9
3|9|4|249|6|175|2D|S|9|H6
3|9|222|35|13|169|3N|S|8|H6
3|9|159|255|228|58|3N|S|9|S5
3|9|11|53|83|1|3N|S|7|ST
3|9|9|67|178|80|3N|S|9|S8
3|9|52|75|232|33|3N|N|9|DK
3|9|207|124|77|131|3N|S|9|S9
3|9|38|283|224|265|3N|N|8|HQ
3|9|92|27|25|70|2S|W|6|H8
4|1|159|249|228|175|2S|W|7|D2
4|1|276|35|181|169|2H|E|6|CK
4|1|9|255|178|58|2H|E|6|CK
4|1|28|53|82|1|2H|E|7|CK
4|1|75|67|33|80|1N|N|6|H4
4|1|11|207|83|77|2H|E|7|CK
4|1|23|124|250|131|1N|N|7|H4
4|1|52|92|232|25|1N|N|7|SA
4|1|27|30|70|143|1N|N|7|SA
4|1|4|2|6|191|1N|N|7|H4
4|10|159|249|228|175|2N|W|6|CJ
4|10|276|35|181|169|1N|S|7|S4
4|10|9|255|178|58|3D|E|9|DA
4|10|28|53|82|1|2N|W|7|CJ
4|10|75|67|33|80|3N|W|7|CJ
4|10|11|207|83|77|4S|W|9|S7
4|10|23|124|250|131|2N|W|9|CJ
4|10|52|92|232|25|4S|W|8|CJ
4|10|27|30|70|143|3S|W|9|CJ
4|10|4|2|6|191|3S|W|8|CJ
4|11|159|249|228|175|6C|E|12|C4
4|11|276|35|181|169|3N|W|11|D5
4|11|9|255|178|58|5C|E|11|HQ
4|11|28|53|82|1|3N|W|11|D5
4|11|75|67|33|80|4S|W|10|D6
4|11|11|207|83|77|3N|W|11|D5
4|11|23|124|250|131|3N|W|11|D5
4|11|52|92|232|25|3N|W|11|D3
4|11|27|30|70|143|3N|W|11|D5
4|11|4|2|6|191|3N|W|11|D5
4|12|159|249|228|175|3D|W|10|S3
4|12|276|35|181|169|1N|E|8|HK
4|12|9|255|178|58|2H|N|6|SA
4|12|28|53|82|1|1N|W|8|HQ
4|12|75|67|33|80|1H|N|6|SA
4|12|11|207|83|77|1N|E|8|HK
4|12|23|124|250|131|2D|W|9|HA
4|12|52|92|232|25|2S|S|7|CA
4|12|27|30|70|143|1N|W|8|HQ
4|12|4|2|6|191|3D|W|9|D3
4|13|159|249|228|175|2N|E|8|C9
4|13|276|35|181|169|2N|E|7|C7
4|13|9|255|178|58|2D|W|10|D3
4|13|28|53|82|1|2D|W|9|CQ
4|13|75|67|33|80|2D|W|8|CQ
4|13|11|207|83|77|2N|E|8|C7
4|13|23|124|250|131|2N|W|7|S2
4|13|52|92|232|25|2N|E|8|C9
4|13|27|30|70|143|2D|W|9|D3
4|13|4|2|6|191|2N|E|7|C7
4|14|159|249|228|175|3N|S|8|S5
4|14|276|35|181|169|3N|N|7|D7
4|14|9|255|178|58|3N|S|7|H8
4|14|28|53|82|1|3N|S|8|H5
4|14|75|67|33|80|2N|S|6|H5
4|14|11|207|83|77|3N|S|7|DT
4|14|23|124|250|131|1N|S|8|H8
4|14|52|92|232|25|3N|S|7|H5
4|14|27|30|70|143|3S|N|7|CQ
4|14|4|2|6|191|3N|S|8|C9
4|15|159|249|228|175|4H|W|10|D4
4|15|276|35|181|169|4H|W|10|D7
4|15|9|255|178|58|4H|E|10|DK
4|15|28|53|82|1|4H|W|10|DA
4|15|75|67|33|80|2H|E|10|C8
4|15|11|207|83|77|4H|W|10|D7
4|15|23|124|250|131|2S|W|7|H4
4|15|52|92|232|25|4H|W|11|H4
4|15|27|30|70|143|4H|W|10|D7
4|15|4|2|6|191|4H|W|10|D7
4|16|159|249|228|175|4S|S|9|H5
4|16|276|35|181|169|4S|S|11|CA
4|16|9|255|178|58|3S|S|9|H5
4|16|28|53|82|1|4S|S|10|H6
4|16|75|67|33|80|4S|S|10|H6
4|16|11|207|83|77|4S|S|9|CA
4|16|23|124|250|131|4S|S|9|H3
4|16|52|92|232|25|4S|S|9|H6
4|16|27|30|70|143|4S|S|9|H5
4|16|4|2|6|191|4S|S|9|H5
4|17|35|249|169|175|3H|N|7|C9
4|17|276|286|181|229|3N|S|6|CQ
4|17|9|222|178|13|3H|N|6|C8
4|17|28|53|82|1|3N|S|7|CQ
4|17|75|67|33|80|2N|S|6|CQ
4|17|11|207|83|77|3N|S|6|CQ
4|17|23|124|250|131|3N|S|6|CQ
4|17|52|92|232|25|2H|S|7|DA
4|17|27|259|70|210|2N|S|5|CQ
4|17|4|2|6|191|2N|S|6|CJ
4|18|35|249|169|175|3N|E|7|HQ
4|18|276|286|181|229|3N|E|7|HK
4|18|9|222|178|13|3N|E|7|HK
4|18|28|53|82|1|1N|E|7|HQ
4|18|75|67|33|80|4C|E|9|HK
4|18|11|207|83|77|3N|E|7|HK
4|18|23|124|250|131|1N|E|7|HK
4|18|52|92|232|25|3N|E|7|HQ
4|18|27|259|70|210|3N|E|7|HK
4|18|4|2|6|191|3N|E|7|HK
4|19|35|249|169|175|5H|W|11|S3
4|19|276|286|181|229|5H|E|11|SA
4|19|9|222|178|13|4SX|S|9|HA
4|19|28|53|82|1|5H|E|10|CK
4|19|75|67|33|80|5H|E|11|HT
4|19|11|207|83|77|4H|W|11|S3
4|19|23|124|250|131|4H|W|10|C6
4|19|52|92|232|25|4SX|N|9|SJ
4|19|4|2|6|191|4H|W|10|C3
4|2|159|249|228|175|6H|E|12|S4
4|2|276|35|181|169|4H|E|12|H7
4|2|9|255|178|58|6H|E|12|SK
4|2|28|53|82|1|6H|E|12|H2
4|2|75|67|33|80|4H|E|12|S7
4|2|11|207|83|77|6H|E|12|SK
4|2|23|124|250|131|6H|E|12|DJ
4|2|52|92|232|25|5H|E|12|SK
4|2|27|30|70|143|4H|E|12|S3
4|2|4|2|6|191|5H|E|12|SK
4|20|35|249|169|175|3H|S|9|CA
4|20|276|286|181|229|P||0
4|20|9|222|178|13|3H|S|7|H6
4|20|28|53|82|1|3H|S|7|S8
4|20|75|67|33|80|3H|S|8|H6
4|20|11|207|83|77|P||0
4|20|23|124|250|131|2H|S|7|H8
4|20|52|92|232|25|3H|S|9|CA
4|20|27|259|70|210|3H|S|8|S6
4|20|4|2|6|191|2H|S|8|S6
4|21|35|249|169|175|3N|N|9|C3
4|21|276|286|181|229|3N|N|10|C3
4|21|9|222|178|13|3N|N|10|ST
4|21|28|53|82|1|3N|S|10|D4
4|21|75|67|33|80|3N|N|10|ST
4|21|11|207|83|77|3N|N|10|C3
4|21|23|124|250|131|3N|N|10|ST
4|21|52|92|232|25|3N|S|10|S4
4|21|27|259|70|210|3N|N|10|C3
4|21|4|2|6|191|3N|N|10|C3
4|22|35|249|169|175|3N|S|8|SA
4|22|276|286|181|229|3N|S|9|H8
4|22|9|222|178|13|3N|S|10|H8
4|22|28|53|82|1|3N|S|9|C3
4|22|75|67|33|80|3N|S|9|DJ
4|22|11|207|83|77|3N|S|11|H4
4|22|23|124|250|131|3N|S|9|C3
4|22|52|92|232|25|3N|S|9|H4
4|22|27|259|70|210|4H|N|9|S6
4|22|4|2|6|191|4H|N|8|D5
4|23|35|249|169|175|5S|N|11|DA
4|23|276|286|181|229|4S|N|11|HQ
4|23|9|222|178|13|5HX|W|9|D2
4|23|28|53|82|1|4S|N|12|HQ
4|23|75|67|33|80|4S|N|12|DQ
4|23|11|207|83|77|4SX|N|11|S2
4|23|23|124|250|131|4S|N|11|HQ
4|23|52|92|232|25|4S|N|11|HQ
4|23|27|259|70|210|5HX|W|9|CA
4|23|4|2|6|191|5S|N|11|HJ
4|24|35|249|169|175|1N|E|8|SK
4|24|276|286|181|229|2C|W|8|CA
4|24|9|222|178|13|1N|E|8|SK
4|24|28|53|82|1|2C|W|7|SA
4|24|75|67|33|80|2C|W|7
4|24|11|207|83|77|2C|W|8|CA
4|24|23|124|250|131|2C|W|8|C5
4|24|52|92|232|25|1N|E|7|SK
4|24|27|259|70|210|1N|E|7|SK
4|24|4|2|6|191|3C|S|6|DK
4|25|35|249|169|175|1N|N|9|D6
4|25|276|286|181|229|3N|N|9|D6
4|25|9|222|178|13|2DX|E|7|SJ
4|25|28|53|82|1|1N|N|8|D3
4|25|75|67|33|80|1N|N|6|D2
4|25|11|207|83|77|1N|N|8|D6
4|25|23|124|250|131|2D|E|7|SJ
4|25|52|92|232|25|1N|N|8|D6
4|25|27|259|70|210|3N|N|8|D6
4|25|4|2|6|191|1N|N|6|D6
4|26|35|249|169|175|4H|W|11|DJ
4|26|276|286|181|229|4H|E|11|S6
4|26|9|222|178|13|4H|W|11|SA
4|26|28|53|82|1|4H|W|11|CJ
4|26|75|67|33|80|4H|W|11|H7
4|26|11|207|83|77|4H|W|11|CJ
4|26|23|124|250|131|4H|W|11|SA
4|26|52|92|232|25|4H|W|11|CJ
4|26|27|259|70|210|4H|W|11|CJ
4|26|4|2|6|191|4H|W|11|H7
4|27|35|249|169|175|1N|N|7|S3
4|27|276|286|181|229|2C|E|5|D7
4|27|9|222|178|13|1N|N|6|S3
4|27|28|53|82|1|2S|W|5|H6
4|27|75|67|33|80|1N|W|6|C6
4|27|11|207|83|77|2CX|N|8|DT
4|27|23|124|250|131|1N|S|8|C4
4|27|52|92|232|25|3C|N|9|DT
4|27|27|259|70|210|3D|N|8|SA
4|27|4|2|6|191|1N|N|8|S3
4|28|35|249|169|175|2H|S|9|CA
4|28|276|286|181|229|2S|W|7|HQ
4|28|9|222|178|13|3C|W|8|HQ
4|28|28|53|82|1|2S|W|8|DQ
4|28|75|67|33|80|2H|S|10|CK
4|28|11|207|83|77|3C|W|8|HQ
4|28|23|124|250|131|2H|S|9|CA
4|28|52|92|232|25|2H|S|10|CK
4|28|27|259|70|210|4H|S|9|CK
4|28|4|2|6|191|2H|S|9|CK
4|29|35|249|169|175|3N|S|9|S5
4|29|276|286|181|229|3N|S|8|ST
4|29|9|222|178|13|3N|N|8|H3
4|29|28|53|82|1|3N|S|9|S5
4|29|75|67|33|80|3N|S|9|S5
4|29|11|207|83|77|3N|S|9|S5
4|29|23|124|250|131|3N|S|8|S5
4|29|52|92|232|25|3N|S|7|S5
4|29|27|259|70|210|3N|S|9|S5
4|29|4|2|6|191|3N|S|8|S5
4|3|159|249|228|175|2C|E|11|SA
4|3|276|35|181|169|3N|E|12|S3
4|3|9|255|178|58|3C|E|10|SK
4|3|28|53|82|1|3C|E|10|SK
4|3|75|67|33|80|2N|E|11|DT
4|3|11|207|83|77|2N|E|5|H3
4|3|23|124|250|131|2N|E|7|H3
4|3|52|92|232|25|1NX|S|2|D5
4|3|27|30|70|143|3H|N|7|CA
4|3|4|2|6|191|2C|E|11|DT
4|30|35|249|169|175|6D|E|12|SQ
4|30|276|286|181|229|5D|E|11|H4
4|30|9|222|178|13|3N|W|10|CJ
4|30|28|53|82|1|5D|E|11|H6
4|30|75|67|33|80|5D|E|12|SQ
4|30|11|207|83|77|6D|E|11|D3
4|30|23|124|250|131|4N|E|10|S5
4|30|52|92|232|25|3N|W|11|CJ
4|30|27|259|70|210|6D|E|12|CA
4|30|4|2|6|191|3N|W|10|CJ
4|31|35|249|169|175|5DX|E|8|D5
4|31|276|286|181|229|3H|N|9|SQ
4|31|9|222|178|13|5DX|E|8|H9
4|31|28|53|82|1|4HX|N|9|H5
4|31|75|67|33|80|3H|N|10|SQ
4|31|11|207|83|77|3N|S|8|D7
4|31|23|124|250|131|5DX|E|8|DT
4|31|52|92|232|25|3H|N|10|SQ
4|31|27|259|70|210|4H|N|10|SQ
4|31|4|2|6|191|3N|S|7|D7
4|32|35|249|169|175|4S|S|11|CA
4|32|276|286|181|229|5CX|W|9|S4
4|32|9|222|178|13|2H|S|11|CA
4|32|28|53|82|1|4S|S|11|C5
4|32|75|67|33|80|4H|S|11|CK
4|32|11|207|83|77|4S|S|11|CA
4|32|23|124|250|131|4S|S|11|CA
4|32|52|92|232|25|4H|N|10|C4
4|32|27|259|70|210|4S|S|11|CK
4|32|4|2|6|191|4H|N|10|C4
4|4|159|249|228|175|3N|S|11|H7
4|4|276|35|181|169|3N|S|10|H5
4|4|9|255|178|58|4S|S|10|D6
4|4|28|53|82|1|3N|S|10|S8
4|4|75|67|33|80|3N|N|11|H3
4|4|11|207|83|77|3N|N|10|D3
4|4|23|124|250|131|3N|N|11|H4
4|4|52|92|232|25|3N|N|11|D3
4|4|27|30|70|143|3N|S|10|D5
4|4|4|2|6|191|3N|N|9|D5
4|5|159|249|228|175|3H|W|9|S4
4|5|276|35|181|169|3H|W|9|ST
4|5|9|255|178|58|3S|S|9|D3
4|5|28|53|82|1|4S|S|8|CQ
4|5|75|67|33|80|3C|E|8|H4
4|5|11|207|83|77|5SX|N|8|HT
4|5|23|124|250|131|3N|E|5|SQ
4|5|52|92|232|25|3N|E|5|SQ
4|5|27|30|70|143|4H|W|7|S8
4|5|4|2|6|191|4HX|W|9|S8
4|6|159|249|228|175|2D|N|7|CK
4|6|276|35|181|169|1N|E|7|SA
4|6|9|255|178|58|1N|E|7|H3
4|6|28|53|82|1|2H|E|7|SA
4|6|75|67|33|80|1N|E|7|HT
4|6|11|207|83|77|1C|E|7|D2
4|6|23|124|250|131|2S|N|6|CK
4|6|52|92|232|25|1S|S|7|H7
4|6|27|30|70|143|1N|E|7|H9
4|6|4|2|6|191|1N|S|7|H6
4|7|159|249|228|175|3H|W|9|S6
4|7|276|35|181|169|4H|W|8|S6
4|7|9|255|178|58|3H|W|9|S6
4|7|28|53|82|1|3N|W|7|C7
4|7|75|67|33|80|2S|E|9|C2
4|7|11|207|83|77|4H|W|8|C6
4|7|23|124|250|131|2S|W|10|C6
4|7|52|92|232|25|2H|E|8|C3
4|7|27|30|70|143|1S|W|9|C7
4|7|4|2|6|191|1S|W|9|H2
4|8|159|249|228|175|2H|S|9|SA
4|8|276|35|181|169|2H|S|9|SA
4|8|9|255|178|58|2H|S|8|D4
4|8|28|53|82|1|2H|S|8|SA
4|8|75|67|33|80|2H|S|7|HT
4|8|11|207|83|77|4H|S|8|SA
4|8|23|124|250|131|2D|W|8|S9
4|8|52|92|232|25|2H|S|9|SA
4|8|27|30|70|143|2H|S|8|SA
4|8|4|2|6|191|2H|S|9|SA
4|9|159|249|228|175|6C|W|9|ST
4|9|276|35|181|169|3C|W|11|ST
4|9|9|255|178|58|5C|W|11|ST
4|9|28|53|82|1|5C|W|11|ST
4|9|75|67|33|80|3N|E|9|S6
4|9|11|207|83|77|5C|W|11|ST
4|9|23|124|250|131|3N|E|8|S3
4|9|52|92|232|25|3N|E|9|S3
4|9|27|30|70|143|3N|E|8|S3
4|9|4|2|6|191|5C|W|11|ST
5|1|249|53|175|1|2N|W|7|H8
5|1|9|276|178|181|2N|E|7|S7
5|1|222|75|13|33|3D|W|9|SK
5|1|207|255|77|58|3N|W|9|S5
5|1|11|124|83|172|3N|W|8|SK
5|1|52|67|232|80|3N|W|9|SQ
5|1|159|38|228|224|3N|W|7|S5
5|1|2|35|191|169|2S|N|5|H3
5|1|259|92|210|25|3N|W|8|SK
5|1|283|30|265|143|2N|E|8|C6
5|10|249|53|175|1|3D|N|9|SK
5|10|9|276|178|181|3S|E|5|DK
5|10|222|75|13|33|2S|E|7|DK
5|10|207|255|77|58|3H|S|9|CK
5|10|11|124|83|172|4S|E|6|DK
5|10|52|67|232|80|3H|S|8|CK
5|10|159|38|228|224|2S|E|9|DK
5|10|2|35|191|169|3S|E|8|DK
5|10|259|92|210|25|3H|S|9|CK
5|10|283|30|265|143|3N|N|10|SK
5|11|249|53|175|1|1C|S|8|H2
5|11|9|276|178|181|3H|S|9|C2
5|11|222|75|13|33|1C|S|7|S8
5|11|207|255|77|58|1C|S|7|DA
5|11|11|124|83|172|3N|S|7|D3
5|11|52|67|232|80|1N|S|7|D3
5|11|159|38|228|224|1N|S|7|D3
5|11|2|35|191|169|1C|N|7|SA
5|11|259|92|210|25|4H|S|9|C6
5|11|283|30|265|143|1C|S|6|SA
5|12|249|53|175|1|6H|S|13|C3
5|12|9|276|178|181|6N|S|12|SQ
5|12|222|75|13|33|3N|S|12|SQ
5|12|207|255|77|58|6SX|W|7|S7
5|12|11|124|83|172|6N|S|12|SQ
5|12|52|67|232|80|6D|N|12|HJ
5|12|159|38|228|224|4S|W|7|DA
5|12|2|35|191|169|6N|N|12|SQ
5|12|259|92|210|25|6D|N|12|SA
5|12|283|30|265|143|5D|N|12|SA
5|13|249|53|175|1|3N|W|8|S3
5|13|9|276|178|181|3N|E|10|SQ
5|13|222|75|13|33|3N|W|9|H6
5|13|207|255|77|58|3N|W|11|H3
5|13|11|124|83|172|3N|W|11|D6
5|13|52|67|232|80|3N|W|9|H6
5|13|159|38|228|224|3N|W|10|H4
5|13|2|35|191|169|3N|W|9|H6
5|13|259|92|210|25|3N|W|10|H6
5|13|283|30|265|143|3N|E|10|SQ
5|14|249|53|175|1|3N|S|8|DT
5|14|9|276|178|181|3N|S|9|H3
5|14|222|75|13|33|3N|S|9|H6
5|14|207|255|77|58|3N|S|8|H2
5|14|11|124|83|172|3N|S|8|H3
5|14|52|67|232|80|3N|S|8|C7
5|14|159|38|228|224|1N|S|10|H3
5|14|2|35|191|169|3N|N|8|DT
5|14|259|92|210|25|3N|S|9|H3
5|14|283|30|265|143|3N|S|8|H3
5|15|249|53|175|1|4S|S|10|HT
5|15|9|276|178|181|5CX|E|9|SK
5|15|222|75|13|33|4S|S|10|CA
5|15|207|255|77|58|5S|S|10|CA
5|15|11|124|83|172|4S|S|10|HT
5|15|52|67|232|80|4S|S|10|CA
5|15|159|38|228|224|4S|S|10|HT
5|15|2|35|191|169|4S|N|10|HT
5|15|259|92|210|25|4S|S|10|HT
5|15|283|30|265|143|4S|S|10|HT
5|16|249|53|175|1|4S|E|11|S5
5|16|9|276|178|181|3N|E|10|DJ
5|16|222|75|13|33|4S|E|10|C2
5|16|207|255|77|58|4S|E|10|S2
5|16|11|124|83|172|4S|E|10|C4
5|16|52|67|232|80|3N|E|10|D6
5|16|159|38|228|224|4S|E|10|C5
5|16|2|35|191|169|4S|E|10|S5
5|16|259|92|210|25|4S|E|10|C4
5|16|283|30|265|143|4S|E|10|C5
5|17|249|53|175|1|4S|E|8|D4
5|17|9|276|178|181|3S|E|8|H4
5|17|28|207|82|77|4S|E|8|H4
5|17|75|222|33|13|1N|E|8|D5
5|17|11|124|83|172|1NX|N|6|DK
5|17|52|67|232|80|4S|E|8|H7
5|17|159|38|228|224|4S|E|8|H7
5|17|2|286|191|229|2S|E|8|C7
5|17|4|23|6|250|2S|E|8|C7
5|17|283|30|265|143|4S|W|8|CA
5|18|249|53|175|1|1N|S|7|S3
5|18|9|276|178|181|1N|S|7|S3
5|18|28|207|82|77|3N|S|6|S2
5|18|75|222|33|13|1N|S|7|S3
5|18|11|124|83|172|1NX|E|6|C2
5|18|52|67|232|80|1NX|E|6|C2
5|18|159|38|228|224|3N|N|8|CA
5|18|2|286|191|229|1N|N|8|S4
5|18|4|23|6|250|1N|S|8|S3
5|18|283|30|265|143|1N|S|7|S3
5|19|249|53|175|1|3H|E|10|C7
5|19|9|276|178|181|4D|S|8|H7
5|19|28|207|82|77|4D|S|9|SA
5|19|75|222|33|13|5DX|N|9|ST
5|19|11|124|83|172|5DX|S|8|SA
5|19|52|67|232|80|5S|W|10|DA
5|19|159|38|228|224|3D|S|8|SK
5|19|2|286|191|229|4H|E|10|S5
5|19|4|23|6|250|5D|S|9|SA
5|19|283|30|265|143|4H|E|9|S7
5|2|249|53|175|1|3C|S|8|H8
5|2|9|276|178|181|2S|W|8|HJ
5|2|222|75|13|33|3N|W|7|HQ
5|2|207|255|77|58|2D|E|10|D3
5|2|11|124|83|172|3D|E|9|C9
5|2|52|67|232|80|3CX|S|7|H8
5|2|159|38|228|224|3D|E|10|S7
5|2|2|35|191|169|2C|S|8|HA
5|2|259|92|210|25|2D|E|10|D2
5|2|283|30|265|143|2D|E|8|CK
5|20|249|53|175|1|6N|W|12|ST
5|20|9|276|178|181|6C|W|13|ST
5|20|28|207|82|77|6N|W|12|H4
5|20|75|222|33|13|6C|W|13|S7
5|20|11|124|83|172|7C|W|11|ST
5|20|52|67|232|80|6C|W|12|C4
5|20|159|38|228|224|6C|W|13|ST
5|20|2|286|191|229|4N|W|12|S2
5|20|4|23|6|250|3N|W|12|ST
5|20|283|30|265|143|6D|E|11|S5
5|21|249|53|175|1|4S|S|13|HQ
5|21|9|276|178|181|4S|S|13|HQ
5|21|28|207|82|77|4S|S|12|H6
5|21|75|222|33|13|4S|S|13|HQ
5|21|11|124|83|172|4S|S|13|HQ
5|21|52|67|232|80|4S|S|13|HQ
5|21|159|38|228|224|5S|S|11|HJ
5|21|2|286|191|229|4S|N|13|HQ
5|21|4|23|6|250|4S|S|13|HQ
5|21|283|30|265|143|4S|S|13|D6
5|22|249|53|175|1|4S|N|12|H7
5|22|9|276|178|181|4S|N|12|H7
5|22|28|207|82|77|4S|N|12|H4
5|22|75|222|33|13|5S|N|12|S8
5|22|11|124|83|172|4S|N|12|S7
5|22|52|67|232|80|4S|N|12|H7
5|22|159|38|228|224|4S|N|12|S7
5|22|2|286|191|229|6S|S|12|H3
5|22|4|23|6|250|4S|N|12|H5
5|22|283|30|265|143|4S|N|12|H6
5|23|249|53|175|1|4S|S|9|DA
5|23|9|276|178|181|3S|N|9|HA
5|23|28|207|82|77|3C|E|9|H6
5|23|75|222|33|13|4S|S|9|DA
5|23|11|124|83|172|2H|N|10|S4
5|23|52|67|232|80|3S|S|9|DK
5|23|159|38|228|224|4H|N|8|C3
5|23|2|286|191|229|2S|N|9|H3
5|23|4|23|6|250|2S|S|8|DA
5|23|283|30|265|143|4H|N|8|S4
5|24|249|53|175|1|3H|E|5|SJ
5|24|9|276|178|181|2S|W|6|C2
5|24|28|207|82|77|2H|W|7|H2
5|24|75|222|33|13|3S|W|6|D7
5|24|11|124|83|172|2H|W|8|D7
5|24|52|67|232|80|2H|N|6|C5
5|24|159|38|228|224|3C|W|7|D7
5|24|2|286|191|229|2H|W|6|D3
5|24|4|23|6|250|1C|W|6|C2
5|24|283|30|265|143|4CX|E|6|D7
5|25|249|53|175|1|3S|E|8|CJ
5|25|9|276|178|181|3N|W|5|D5
5|25|28|207|82|77|4SX|E|7|D2
5|25|75|222|33|13|3S|E|11|D3
5|25|11|124|83|172|4SX|E|9|D3
5|25|52|67|232|80|2S|E|8|D3
5|25|159|38|228|224|4S|E|8|D3
5|25|2|286|191|229|5C|E|6|CJ
5|25|4|23|6|250|4S|E|7|D2
5|25|283|30|265|143|5DX|S|7|S5
5|26|249|53|175|1|4H|N|11|S2
5|26|9|276|178|181|3H|N|11|S9
5|26|28|207|82|77|4HX|N|10|S9
5|26|75|222|33|13|4H|N|9|S2
5|26|11|124|83|172|2S|W|9|CQ
5|26|52|67|232|80|3H|N|11|S2
5|26|159|38|228|224|4H|N|10|S2
5|26|2|286|191|229|4HX|S|9|S9
5|26|4|23|6|250|4H|N|11|S9
5|26|283|30|265|143|4H|N|10|S9
5|27|249|53|175|1|2S|S|7|ST
5|27|9|276|178|181|2H|W|6|D2
5|27|28|207|82|77|1N|W|4|C4
5|27|75|222|33|13|1N|S|7|D8
5|27|11|124|83|172|2S|S|8|ST
5|27|52|67|232|80|1N|S|8|ST
5|27|159|38|228|224|2S|S|7|S9
5|27|2|286|191|229|1S|N|7|ST
5|27|4|23|6|250|1N|S|8|D8
5|27|283|30|265|143|2C|N|8|DA
5|28|249|53|175|1|4S|W|10|S5
5|28|9|276|178|181|4S|W|10|HK
5|28|28|207|82|77|4S|W|10|D6
5|28|75|222|33|13|4S|W|10|HK
5|28|11|124|83|172|3D|E|6|CA
5|28|52|67|232|80|4S|W|10|D3
5|28|159|38|228|224|4S|W|10|D3
5|28|2|286|191|229|4S|W|10|D4
5|28|4|23|6|250|4S|W|10|HK
5|28|283|30|265|143|4S|W|10|D3
5|29|249|53|175|1|4H|S|11|C6
5|29|9|276|178|181|4H|N|11|H6
5|29|28|207|82|77|4H|N|11|CK
5|29|75|222|33|13|4H|N|11|CK
5|29|11|124|83|172|4H|S|11|C6
5|29|52|67|232|80|3H|S|11|S5
5|29|159|38|228|224|2H|S|11|S2
5|29|2|286|191|229|2C|E|6|H3
5|29|4|23|6|250|3N|S|9|S2
5|29|283|30|265|143|2C|E|7|C2
5|3|249|53|175|1|3H|W|9|DT
5|3|9|276|178|181|4H|W|8|C2
5|3|222|75|13|33|3H|W|9|C2
5|3|207|255|77|58|3H|W|9|C5
5|3|11|124|83|172|4H|W|9|D5
5|3|52|67|232|80|2H|W|9|H7
5|3|159|38|228|224|4H|W|9|DT
5|3|2|35|191|169|3H|W|9|H7
5|3|259|92|210|25|4H|W|8|C2
5|3|283|30|265|143|3H|W|9|DT
5|30|249|53|175|1|6C|E|12|HT
5|30|9|276|178|181|6N|W|12|HT
5|30|28|207|82|77|6N|E|10|HT
5|30|75|222|33|13|6N|E|12|S8
5|30|11|124|83|172|3N|E|12|HT
5|30|52|67|232|80|6N|E|12|S8
5|30|159|38|228|224|6N|W|12|D5
5|30|2|286|191|229|6C|W|12|D8
5|30|4|23|6|250|4C|W|12|D8
5|30|283|30|265|143|6N|W|12|C5
5|31|249|53|175|1|2H|E|10|S8
5|31|9|276|178|181|4H|E|10|D2
5|31|28|207|82|77|4H|E|11|D2
5|31|75|222|33|13|4H|E|10|S2
5|31|11|124|83|172|4H|W|10|DJ
5|31|52|67|232|80|4H|E|11|S8
5|31|159|38|228|224|4H|E|10|D3
5|31|2|286|191|229|4H|E|10|S9
5|31|4|23|6|250|3H|E|10|S2
5|31|283|30|265|143|4H|E|10|D3
5|32|249|53|175|1|4H|N|7|H4
5|32|9|276|178|181|2SX|W|6|HK
5|32|28|207|82|77|4H|S|8|H2
5|32|75|222|33|13|4H|N|8|H4
5|32|11|124|83|172|4H|N|8|H4
5|32|52|67|232|80|4H|N|8|H4
5|32|159|38|228|224|4H|N|8|D4
5|32|2|286|191|229|4H|S|8|D4
5|32|4|23|6|250|4H|N|9|D4
5|32|283|30|265|143|4H|N|8|H4
5|4|249|53|175|1|2N|W|8|SK
5|4|9|276|178|181|2S|N|5|DA
5|4|222|75|13|33|2N|W|8|D7
5|4|207|255|77|58|3N|W|7|SK
5|4|11|124|83|172|1N|E|8|D3
5|4|52|67|232|80|2C|S|6|S5
5|4|159|38|228|224|1N|W|8|SK
5|4|2|35|191|169|2N|W|7|SQ
5|4|259|92|210|25|2N|E|8|D9
5|4|283|30|265|143|2DX|N|5|D2
5|5|249|53|175|1|6H|E|12|CA
5|5|9|276|178|181|6H|E|12|CA
5|5|222|75|13|33|7H|E|12|CA
5|5|207|255|77|58|6H|E|12|CA
5|5|11|124|83|172|6H|W|13|S5
5|5|52|67|232|80|6H|E|12|CA
5|5|159|38|228|224|6H|E|12|CA
5|5|2|35|191|169|6H|E|12|CA
5|5|259|92|210|25|6H|E|12|CA
5|5|283|30|265|143|6H|E|12|CA
5|6|249|53|175|1|3N|W|12|SQ
5|6|9|276|178|181|3N|W|11|H8
5|6|222|75|13|33|4SX|S|8|S6
5|6|207|255|77|58|3N|E|12|DT
5|6|11|124|83|172|3N|E|10|DT
5|6|52|67|232|80|5C|E|9|S7
5|6|159|38|228|224|4SX|S|8|S4
5|6|2|35|191|169|5C|E|9|D9
5|6|259|92|210|25|3SX|N|8|CA
5|6|283|30|265|143|3N|E|11|S7
5|7|249|53|175|1|3N|E|12|H3
5|7|9|276|178|181|3N|E|10|H3
5|7|222|75|13|33|3N|W|7|H5
5|7|207|255|77|58|3N|E|10|SJ
5|7|11|124|83|172|3N|E|8|H3
5|7|52|67|232|80|3N|E|10|DT
5|7|159|38|228|224|3N|W|7|H6
5|7|2|35|191|169|3N|E|11|H4
5|7|259|92|210|25|3N|E|10|SJ
5|7|283|30|265|143|3N|E|11|H2
5|8|249|53|175|1|3N|N|9|C7
5|8|9|276|178|181|3D|N|10|HA
5|8|222|75|13|33|2H|W|10|DA
5|8|207|255|77|58|3NX|N|7|HA
5|8|11|124|83|172|5D|N|9|HA
5|8|52|67|232|80|1N|N|7|C7
5|8|159|38|228|224|3DX|N|10|HA
5|8|2|35|191|169|2N|S|5|S2
5|8|259|92|210|25|3DX|N|9|C7
5|8|283|30|265|143|1N|N|8|C2
5|9|249|53|175|1|2D|N|10|S9
5|9|9|276|178|181|3N|S|9|S8
5|9|222|75|13|33|3N|S|9|S7
5|9|207|255|77|58|2N|S|8|S2
5|9|11|124|83|172|3N|S|11|CJ
5|9|52|67|232|80|3D|N|9|S9
5|9|159|38|228|224|3N|S|9|S8
5|9|2|35|191|169|1N|N|8|S8
5|9|259|92|210|25|3N|N|9|S9
5|9|283|30|265|143|2C|S|10|D6
6|1|207|249|77|175|2N|N|8|D6
6|1|276|75|181|33|3H|W|5|S5
6|1|52|255|232|58|2H|S|8|D2
6|1|222|124|13|131|2N|S|10|HA
6|1|283|67|265|80|2N|N|8|H7
6|1|11|92|83|25|3N|N|8|C4
6|1|38|53|224|1|1N|N|7|C4
6|1|9|27|178|70|3N|N|8|C4
6|1|259|286|210|229|2N|S|8|DJ
6|1|35|4|169|6|2N|S|7|HK
6|10|207|249|77|175|1N|E|8|SA
6|10|276|75|181|33|1N|E|8|SA
6|10|52|255|232|58|1N|E|7|SA
6|10|222|124|13|131|1N|E|9|SA
6|10|283|67|265|80|2D|E|7|SK
6|10|11|92|83|25|1N|E|8|SA
6|10|38|53|224|1|2D|E|9|SK
6|10|9|27|178|70|1N|E|9|SK
6|10|259|286|210|229|2N|E|9|SA
6|10|35|4|169|6|1N|E|9|SK
6|11|207|249|77|175|5S|W|10|CJ
6|11|276|75|181|33|4S|W|10|H7
6|11|52|255|232|58|4S|E|10|H8
6|11|222|124|13|131|4S|W|11|H2
6|11|283|67|265|80|4S|W|11|H7
6|11|11|92|83|25|5C|S|8|SK
6|11|38|53|224|1|4S|W|10|H2
6|11|9|27|178|70|4S|W|10|CJ
6|11|259|286|210|229|4S|W|10|CJ
6|11|35|4|169|6|5S|W|11|H7
6|12|207|249|77|175|5D|E|9|C9
6|12|276|75|181|33|3N|W|8|CK
6|12|52|255|232|58|6C|W|9|CK
6|12|222|124|13|131|3N|W|9|CK
6|12|283|67|265|80|3N|W|8|CK
6|12|11|92|83|25|3N|W|8|CK
6|12|38|53|224|1|5DX|W|9|D5
6|12|9|27|178|70|3NX|W|8|CK
6|12|259|286|210|229|3N|W|8|CK
6|12|35|4|169|6|3NX|W|7|H2
6|13|207|249|77|175|3N|N|12|H7
6|13|276|75|181|33|3N|S|12|HJ
6|13|52|255|232|58|3N|N|12|H7
6|13|222|124|13|131|3N|N|12|S3
6|13|283|67|265|80|3N|N|12|S3
6|13|11|92|83|25|3N|N|10|D2
6|13|38|53|224|1|3N|N|12|H7
6|13|9|27|178|70|3N|N|12|H7
6|13|259|286|210|229|3N|N|12|H7
6|13|35|4|169|6|3N|N|12|H5
6|14|207|249|77|175|4S|N|9|CK
6|14|276|75|181|33|4S|N|9|HK
6|14|52|255|232|58|4S|N|9|HK
6|14|222|124|13|131|4S|N|9|CA
6|14|283|67|265|80|4S|N|9|HK
6|14|11|92|83|25|4S|N|9|HA
6|14|38|53|224|1|4S|N|9|HK
6|14|9|27|178|70|4S|N|9|HJ
6|14|259|286|210|229|6S|N|9|CK
6|14|35|4|169|6|4S|N|9|HK
6|15|207|249|77|175|5H|S|11|SA
6|15|276|75|181|33|4H|S|11|SA
6|15|52|255|232|58|4SX|W|10|DA
6|15|222|124|13|131|5SX|W|11|DA
6|15|283|67|265|80|5H|N|9|ST
6|15|11|92|83|25|5H|S|10|SA
6|15|38|53|224|1|3S|W|11|DK
6|15|9|27|178|70|5H|S|10|SA
6|15|259|286|210|229|4S|W|10|DK
6|15|35|4|169|6|4S|W|10|DA
6|16|207|249|77|175|3S|N|8|H7
6|16|276|75|181|33|3S|S|7|H6
6|16|52|255|232|58|1N|N|8|D3
6|16|222|124|13|131|2S|N|8|D3
6|16|283|67|265|80|2S|N|7|D4
6|16|11|92|83|25|3D|E|9|SK
6|16|38|53|224|1|2H|W|7|DK
6|16|9|27|178|70|2HX|W|8|DK
6|16|259|286|210|229|1N|S|7|CT
6|16|35|4|169|6|2S|N|8|D4
6|17|207|276|77|181|4D|E|11|SA
6|17|249|75|175|33|4D|E|11|S3
6|17|52|28|232|82|5D|E|11|SQ
6|17|255|124|58|131|2HX|E|6|D8
6|17|283|67|265|80|5D|E|11|D8
6|17|11|23|83|250|5D|E|11|C6
6|17|38|53|224|1|3H|E|4|S7
6|17|9|27|178|70|3N|E|9|C7
6|17|259|286|210|229|4D|E|11|C6
6|17|159|30|228|143|2H|S|7|DQ
6|18|207|276|77|181|2S|W|8|DK
6|18|249|75|175|33|2S|W|7|DK
6|18|52|28|232|82|2S|W|8|DK
6|18|255|124|58|131|2S|S|5|CK
6|18|283|67|265|80|3N|W|6|DK
6|18|11|23|83|250|2S|W|7|DK
6|18|38|53|224|1|2SX|S|5|CK
6|18|9|27|178|70|3C|W|7|DK
6|18|259|286|210|229|3D|N|7|H9
6|18|159|30|228|143|3D|N|7|H9
6|19|207|276|77|181|2H|N|7|CT
6|19|249|75|175|33|2H|N|8|CT
6|19|52|28|232|82|2H|N|8|CT
6|19|255|124|58|131|2H|N|9|CT
6|19|283|67|265|80|2H|N|10|CT
6|19|11|23|83|250|4H|N|8|CT
6|19|38|53|224|1|2H|N|9|CT
6|19|9|27|178|70|3H|N|9|CT
6|19|259|286|210|229|3H|N|8|S5
6|19|159|30|228|143|2H|N|8|CT
6|2|207|249|77|175|2C|E|8|C7
6|2|276|75|181|33|1N|W|6|HT
6|2|52|255|232|58|2S|N|8|CA
6|2|222|124|13|131|2N|W|7|HT
6|2|283|67|265|80|3C|E|9|S7
6|2|11|92|83|25|1N|W|7|HT
6|2|38|53|224|1|2S|N|7|S3
6|2|9|27|178|70|1N|W|8|HT
6|2|259|286|210|229|2N|W|7|S4
6|2|35|4|169|6|1N|W|9|HT
6|20|207|276|77|181|2S|N|7|DQ
6|20|249|75|175|33|3C|W|11|SK
6|20|52|28|232|82|3S|N|7|CJ
6|20|255|124|58|131|2D|E|12|SJ
6|20|283|67|265|80|2C|W|10|SK
6|20|11|23|83|250|3N|E|8|SJ
6|20|38|53|224|1|3N|E|9|HJ
6|20|9|27|178|70|3N|E|8|SJ
6|20|259|286|210|229|5C|W|11|SK
6|20|159|30|228|143|2S|N|7|CJ
6|21|207|276|77|181|3H|W|8|S7
6|21|249|75|175|33|2D|W|7|D4
6|21|52|28|232|82|2H|E|8|DT
6|21|255|124|58|131|2N|E|9|C5
6|21|283|67|265|80|1C|N|6|DA
6|21|11|23|83|250|3S|N|7|DA
6|21|38|53|224|1|2N|W|7|S3
6|21|9|27|178|70|1N|N|6|C7
6|21|259|286|210|229|3NX|E|6|H7
6|21|159|30|228|143|1N|N|6|C7
6|22|207|276|77|181|1N|N|7|H6
6|22|249|75|175|33|3C|S|7|HT
6|22|52|28|232|82|2S|W|7|DQ
6|22|255|124|58|131|1N|S|7|S4
6|22|283|67|265|80|1N|S|7|S4
6|22|11|23|83|250|1N|S|9|S4
6|22|38|53|224|1|1N|N|6|H6
6|22|9|27|178|70|1N|S|10|S4
6|22|259|286|210|229|1N|S|9|S3
6|22|159|30|228|143|1N|S|9|S4
6|23|207|276|77|181|3N|W|8|DK
6|23|249|75|175|33|2N|W|10|DK
6|23|52|28|232|82|3N|W|8|DK
6|23|255|124|58|131|2N|E|8|DK
6|23|283|67|265|80|2N|W|8|DK
6|23|11|23|83|250|2N|W|8|DK
6|23|38|53|224|1|3N|W|9|DQ
6|23|9|27|178|70|3N|W|9|S4
6|23|259|286|210|229|3N|W|5|DK
6|23|159|30|228|143|2S|S|4|H4
6|24|207|276|77|181|3H|S|7|C8
6|24|249|75|175|33|3H|S|7|C8
6|24|52|28|232|82|3D|W|9|H4
6|24|255|124|58|131|3D|W|9|H4
6|24|283|67|265|80|4D|W|8|H4
6|24|11|23|83|250|3D|W|9|H5
6|24|38|53|224|1|3N|W|7|H5
6|24|9|27|178|70|2S|W|9|H5
6|24|259|286|210|229|4D|W|9|S2
6|24|159|30|228|143|2D|W|9|H4
6|25|207|276|77|181|3N|E|10|C8
6|25|249|75|175|33|4N|W|11|S7
6|25|52|28|232|82|3N|E|9|C8
6|25|255|124|58|131|6N|E|9|S4
6|25|283|67|265|80|6N|E|10|HA
6|25|11|23|83|250|6H|W|11|CT
6|25|38|53|224|1|6N|E|9|C7
6|25|9|27|178|70|4N|E|10|C8
6|25|259|286|210|229|4H|W|11|S7
6|25|159|30|228|143|3N|E|10|S4
6|26|207|276|77|181|6S|N|12|ST
6|26|249|75|175|33|4S|N|12|D2
6|26|52|28|232|82|4S|S|12|C3
6|26|255|124|58|131|6S|N|12|D9
6|26|283|67|265|80|4S|N|12|D8
6|26|11|23|83|250|4S|N|12|D9
6|26|38|53|224|1|4S|N|12|D9
6|26|9|27|178|70|4S|N|12|H8
6|26|259|286|210|229|6S|S|12|C2
6|26|159|30|228|143|4S|S|12|C2
6|27|207|276|77|181|3S|N|9|CQ
6|27|249|75|175|33|4S|N|10|DJ
6|27|52|28|232|82|3N|W|9|C8
6|27|255|124|58|131|4C|E|7|DA
6|27|283|67|265|80|2S|N|11|CQ
6|27|11|23|83|250|3S|S|9|D8
6|27|38|53|224|1|4SX|S|10|CA
6|27|9|27|178|70|4S|S|9|CA
6|27|259|286|210|229|2C|E|7|H2
6|27|159|30|228|143|3S|N|10|CQ
6|28|207|276|77|181|3H|E|8|CK
6|28|249|75|175|33|3S|N|8|H2
6|28|52|28|232|82|4C|S|9|HQ
6|28|255|124|58|131|2N|E|7|CK
6|28|283|67|265|80|4H|N|5|CA
6|28|11|23|83|250|3H|E|8|CK
6|28|38|53|224|1|3C|N|10|SK
6|28|9|27|178|70|2S|N|9|H3
6|28|259|286|210|229|2S|N|7|H2
6|28|159|30|228|143|3H|E|8|CK
6|29|207|276|77|181|1N|S|8|H4
6|29|249|75|175|33|3N|S|9|H9
6|29|52|28|232|82|1N|S|9|H8
6|29|255|124|58|131|3N|S|9|H9
6|29|283|67|265|80|1N|S|9|H8
6|29|11|23|83|250|3N|S|10|H4
6|29|38|53|224|1|1N|S|10|H9
6|29|9|27|178|70|3N|N|10|HK
6|29|259|286|210|229|2H|W|7|C4
6|29|159|30|228|143|2D|N|10|S7
6|3|207|249|77|175|5DX|W|10|H5
6|3|276|75|181|33|4S|E|9|HA
6|3|52|255|232|58|2H|S|8|DQ
6|3|222|124|13|131|3H|S|8|S2
6|3|283|67|265|80|4S|E|9|HA
6|3|11|92|83|25|2S|E|9|HA
6|3|38|53|224|1|3H|S|7|S2
6|3|9|27|178|70|3S|E|10|HA
6|3|259|286|210|229|4S|E|9|HA
6|3|35|4|169|6|2S|E|10|HA
6|30|207|276|77|181|4S|E|10|H4
6|30|249|75|175|33|4S|E|10|D4
6|30|52|28|232|82|5DX|N|10|HA
6|30|255|124|58|131|5SX|E|9|CA
6|30|283|67|265|80|4S|E|9|CA
6|30|11|23|83|250|3S|E|9|D4
6|30|38|53|224|1|4S|E|9|CA
6|30|9|27|178|70|4S|E|9|CA
6|30|259|286|210|229|6DX|N|10|HA
6|30|159|30|228|143|4S|E|9|CA
6|31|207|276|77|181|5D|N|10|HA
6|31|249|75|175|33|5HX|E|9|C8
6|31|52|28|232|82|5DX|N|10|SA
6|31|255|124|58|131|5DX|N|10|SA
6|31|283|67|265|80|5HX|E|9|C8
6|31|11|23|83|250|5D|N|10|SA
6|31|38|53|224|1|4H|E|10|C8
6|31|9|27|178|70|5S|W|11|CK
6|31|259|286|210|229|6DX|N|10|HK
6|31|159|30|228|143|5DX|N|10|SA
6|32|207|276|77|181|3N|E|10|H8
6|32|249|75|175|33|3N|E|9|D9
6|32|52|28|232|82|3N|E|7|D9
6|32|255|124|58|131|3N|E|9|H2
6|32|283|67|265|80|3N|E|7|D9
6|32|11|23|83|250|4S|W|9|H9
6|32|38|53|224|1|4H|W|5|SK
6|32|9|27|178|70|3N|E|8|D2
6|32|259|286|210|229|3N|E|8|D2
6|32|159|30|228|143|3N|E|11|H2
6|4|207|249|77|175|4S|N|8|C4
6|4|276|75|181|33|4S|N|9|C5
6|4|52|255|232|58|3S|N|9|HJ
6|4|222|124|13|131|4S|N|10|D2
6|4|283|67|265|80|4S|N|9|HJ
6|4|11|92|83|25|4S|N|9|HJ
6|4|38|53|224|1|3S|N|9|C8
6|4|9|27|178|70|4S|N|10|HJ
6|4|259|286|210|229|4S|N|8|HJ
6|4|35|4|169|6|3S|N|9|HJ
6|5|207|249|77|175|2S|S|9|C2
6|5|276|75|181|33|3S|S|9|H7
6|5|52|255|232|58|2S|S|9|C2
6|5|222|124|13|131|1N|S|7|D3
6|5|283|67|265|80|2S|N|9|CQ
6|5|11|92|83|25|2S|N|8|CQ
6|5|38|53|224|1|2S|S|8|C2
6|5|9|27|178|70|2S|N|8|CQ
6|5|259|286|210|229|1N|S|9|H7
6|5|35|4|169|6|2S|S|8|H7
6|6|207|249|77|175|3H|W|7|CQ
6|6|276|75|181|33|3C|S|5|D4
6|6|52|255|232|58|3S|W|7|CQ
6|6|222|124|13|131|2H|N|4|SA
6|6|283|67|265|80|4S|W|8|CQ
6|6|11|92|83|25|2S|W|8|CQ
6|6|38|53|224|1|3C|S|5|D4
6|6|9|27|178|70|3S|W|7|CQ
6|6|259|286|210|229|2H|W|6|CQ
6|6|35|4|169|6|2H|W|7|CQ
6|7|207|249|77|175|2H|S|9|CQ
6|7|276|75|181|33|4H|N|9|C6
6|7|52|255|232|58|2H|S|9|DA
6|7|222|124|13|131|3C|W|10|HA
6|7|283|67|265|80|3C|W|9|HA
6|7|11|92|83|25|2C|W|8|HA
6|7|38|53|224|1|4H|S|9|DK
6|7|9|27|178|70|2H|S|8|DA
6|7|259|286|210|229|4H|N|9|S6
6|7|35|4|169|6|3H|S|9|DA
6|8|207|249|77|175|4S|N|9|C5
6|8|276|75|181|33|3S|N|10|CA
6|8|52|255|232|58|4C|E|11|HT
6|8|222|124|13|131|3N|W|6|S7
6|8|283|67|265|80|4S|S|9|H3
6|8|11|92|83|25|4C|E|10|D2
6|8|38|53|224|1|5CX|E|10|SA
6|8|9|27|178|70|4S|S|9|H6
6|8|259|286|210|229|3S|S|9|H6
6|8|35|4|169|6|4C|E|10|HT
6|9|207|249|77|175|2H|N|8|D9
6|9|276|75|181|33|2N|E|8|H7
6|9|52|255|232|58|2H|N|7|D9
6|9|222|124|13|131|2N|W|8|HJ
6|9|283|67|265|80|2H|N|7|C3
6|9|11|92|83|25|2H|N|8|D4
6|9|38|53|224|1|2H|N|8|D4
6|9|9|27|178|70|3N|W|6|HJ
6|9|259|286|210|229|2H|S|7|CQ
6|9|35|4|169|6|1N|E|8|H2
7|1|276|124|181|131|4S|W|11|H5
7|1|52|249|232|175|4S|W|11|C8
7|1|28|67|82|80|4HX|S|9|SK
7|1|11|255|83|14|4S|W|10|H4
7|1|207|38|77|187|5HX|N|9|S6
7|1|2|75|191|33|5HX|S|9|SA
7|1|9|4|178|6|4S|W|10|C2
7|1|259|53|210|1|4S|W|10|C2
7|1|35|283|169|265|3N|E|11|HQ
7|1|92|286|25|229|4S|E|12|CQ
7|10|276|124|181|131|3N|W|7|D2
7|10|52|249|232|175|1N|W|7|H3
7|10|28|67|82|80|1N|E|8|H2
7|10|11|255|83|14|2H|N|9|D8
7|10|207|38|77|187|2N|W|9|H6
7|10|2|75|191|33|3C|E|7|H5
7|10|9|4|178|6|2N|W|8|SJ
7|10|259|53|210|1|2N|W|9|SJ
7|10|35|283|169|265|3N|W|9|SJ
7|10|92|286|25|229|1N|W|8|H6
7|11|276|124|181|131|3N|S|12|C2
7|11|52|249|232|175|6D|N|13|C6
7|11|28|67|82|80|5D|S|12|CK
7|11|11|255|83|14|6D|N|12|CQ
7|11|207|38|77|187|6D|N|12|C2
7|11|2|75|191|33|5D|N|13|C6
7|11|9|4|178|6|4C|W|8|SQ
7|11|259|53|210|1|3N|N|6|C2
7|11|35|283|169|265|5D|N|13|C6
7|11|92|286|25|229|3C|W|9|DK
7|12|276|124|181|131|4H|W|11|DJ
7|12|52|249|232|175|4H|W|11|DJ
7|12|28|67|82|80|4H|W|11|DJ
7|12|11|255|83|14|4H|W|11|DJ
7|12|207|38|77|187|4H|W|11|DJ
7|12|2|75|191|33|4H|E|11|S7
7|12|9|4|178|6|4H|W|10|DJ
7|12|259|53|210|1|4H|W|11|DJ
7|12|35|283|169|265|4H|W|11|DJ
7|12|92|286|25|229|4H|W|10|DJ
7|13|276|124|181|131|4H|N|7|S7
7|13|52|249|232|175|4HX|N|7|S3
7|13|28|67|82|80|2S|W|10|HK
7|13|11|255|83|14|3S|W|11|HA
7|13|207|38|77|187|5HX|N|7|S6
7|13|2|75|191|33|4HX|N|7|S2
7|13|9|4|178|6|4HX|N|7|S6
7|13|259|53|210|1|3S|W|10|HK
7|13|35|283|169|265|4S|W|10|HA
7|13|92|286|25|229|3H|N|6|S2
7|14|276|124|181|131|4S|E|11|D9
7|14|52|249|232|175|5CX|S|8|S9
7|14|28|67|82|80|4S|E|11|D9
7|14|11|255|83|14|4S|E|11|D9
7|14|207|38|77|187|5HX|S|9|S3
7|14|2|75|191|33|4S|E|11|D9
7|14|9|4|178|6|4S|E|10|D9
7|14|259|53|210|1|5HX|N|10|SK
7|14|35|283|169|265|4S|E|11|D9
7|14|92|286|25|229|4S|E|12|D9
7|15|276|124|181|131|P||0
7|15|52|249|232|175|3S|N|10|S7
7|15|28|67|82|80|3C|S|9|C6
7|15|11|255|83|14|2S|N|9|D5
7|15|207|38|77|187|4S|N|10|S2
7|15|2|75|191|33|4S|N|10|D5
7|15|9|4|178|6|2N|N|7|D2
7|15|259|53|210|1|4S|N|10|D7
7|15|35|283|169|265|4S|N|10|S7
7|15|92|286|25|229|3S|N|10|HA
7|16|276|124|181|131|2S|S|8|D2
7|16|52|249|232|175|2N|N|8|DT
7|16|28|67|82|80|3N|S|6|D9
7|16|11|255|83|14|3N|N|7|H8
7|16|207|38|77|187|2N|N|8|D9
7|16|2|75|191|33|2N|N|8|D6
7|16|9|4|178|6|3N|N|7|DT
7|16|259|53|210|1|3N|N|7|DT
7|16|35|283|169|265|3S|S|8|D4
7|16|92|286|25|229|3N|N|8|DT
7|17|249|124|175|131|6S|E|12|C6
7|17|52|276|232|181|6S|E|13|C4
7|17|255|67|14|80|6S|E|12|H2
7|17|11|28|83|82|6S|E|12|S6
7|17|207|38|77|187|6S|E|12|H2
7|17|2|75|191|33|6S|E|13|S6
7|17|9|30|178|143|6S|E|13|H7
7|17|259|53|210|1|7S|E|13|S6
7|17|286|23|229|250|7S|E|12|S7
7|17|283|35|265|169|6S|E|13|S6
7|18|249|124|175|131|3N|N|10|S8
7|18|52|276|232|181|3N|N|9|C6
7|18|255|67|14|80|3N|N|10|D6
7|18|11|28|83|82|3N|N|10|S8
7|18|207|38|77|187|3N|N|9|D6
7|18|2|75|191|33|3N|N|9|S3
7|18|9|30|178|143|3N|N|9|S9
7|18|259|53|210|1|3N|N|9|S6
7|18|286|23|229|250|3N|S|10|H4
7|18|283|35|265|169|3N|N|9|C6
7|19|249|124|175|131|3N|N|10|S9
7|19|52|276|232|181|3N|S|10|S9
7|19|255|67|14|80|3N|S|10|D2
7|19|11|28|83|82|3N|S|10|D2
7|19|207|38|77|187|3N|S|10|S7
7|19|2|75|191|33|3N|S|10|S9
7|19|9|30|178|143|3N|S|10|S9
7|19|259|53|210|1|3N|S|10|S6
7|19|286|23|229|250|3N|S|10|S7
7|19|283|35|265|169|3N|S|10|D2
7|2|276|124|181|131|3N|S|12|S6
7|2|52|249|232|175|6N|S|12|ST
7|2|28|67|82|80|6C|S|12|DT
7|2|11|255|83|14|6N|S|12|S9
7|2|207|38|77|187|6C|S|12|S6
7|2|2|75|191|33|6C|S|12|D6
7|2|9|4|178|6|3N|S|12|ST
7|2|259|53|210|1|6C|N|12|D6
7|2|35|283|169|265|6C|S|12|DT
7|2|92|286|25|229|6C|S|12|DT
7|20|249|124|175|131|3N|S|8|S9
7|20|52|276|232|181|3H|N|9|S7
7|20|255|67|14|80|4S|E|9|DA
7|20|11|28|83|82|2S|E|8|HT
7|20|207|38|77|187|3S|W|10|DQ
7|20|2|75|191|33|2S|W|7|HQ
7|20|9|30|178|143|5D|S|9|CJ
7|20|259|53|210|1|2S|W|8|HK
7|20|286|23|229|250|2S|W|8|HK
7|20|283|35|265|169|4H|N|9|CK
7|21|249|124|175|131|2C|E|8|DA
7|21|52|276|232|181|3N|E|7|ST
7|21|255|67|14|80|3N|W|11|HT
7|21|11|28|83|82|3N|E|9|ST
7|21|207|38|77|187|3N|W|10|HT
7|21|2|75|191|33|3N|W|11|H9
7|21|9|30|178|143|3N|E|9|DK
7|21|259|53|210|1|3N|E|9|S9
7|21|286|23|229|250|3N|W|7|H9
7|21|283|35|265|169|3N|W|11|HT
7|22|249|124|175|131|1C|S|9|S2
7|22|52|276|232|181|1N|S|8|S2
7|22|255|67|14|80|2N|S|7|S5
7|22|11|28|83|82|2N|S|7|S7
7|22|207|38|77|187|1C|S|8|C3
7|22|2|75|191|33|1C|S|9|S6
7|22|9|30|178|143|3N|S|7|H5
7|22|259|53|210|1|1C|S|9|DQ
7|22|286|23|229|250|1N|S|9|H5
7|22|283|35|265|169|1C|S|10|DQ
7|23|249|124|175|131|2H|N|5|S2
7|23|52|276|232|181|1N|N|5|S3
7|23|255|67|14|80|2H|N|6|S2
7|23|11|28|83|82|2S|S|7|HJ
7|23|207|38|77|187|1N|N|7|S2
7|23|2|75|191|33|1N|N|5|S2
7|23|9|30|178|143|2S|N|7|S5
7|23|259|53|210|1|2H|N|7|S2
7|23|286|23|229|250|1N|N|4|C2
7|23|283|35|265|169|1N|N|5|C2
7|24|249|124|175|131|2S|N|9|HA
7|24|52|276|232|181|2S|N|8|S4
7|24|255|67|14|80|2S|N|9|S4
7|24|11|28|83|82|3S|N|9|S6
7|24|207|38|77|187|5CX|E|10|SA
7|24|2|75|191|33|3S|N|9|S2
7|24|9|30|178|143|3S|N|9|DK
7|24|259|53|210|1|4S|N|9|S4
7|24|286|23|229|250|2S|N|9|HA
7|24|283|35|265|169|4S|N|9|S7
7|25|249|124|175|131|6H|S|11|SK
7|25|52|276|232|181|5H|S|11|SK
7|25|255|67|14|80|4H|S|11|CA
7|25|11|28|83|82|6H|S|10|D7
7|25|207|38|77|187|5H|S|10|D7
7|25|2|75|191|33|6H|N|11|SK
7|25|9|30|178|143|4H|S|11|SK
7|25|259|53|210|1|4H|N|11|SJ
7|25|286|23|229|250|4H|N|11|SJ
7|25|283|35|265|169|5H|S|11|SK
7|26|249|124|175|131|2S|E|10|CT
7|26|52|276|232|181|2S|E|10|D5
7|26|255|67|14|80|4S|E|10|C9
7|26|11|28|83|82|4S|E|10|C6
7|26|207|38|77|187|2S|E|11|SA
7|26|2|75|191|33|4S|E|10|C5
7|26|9|30|178|143|2S|E|10|C6
7|26|259|53|210|1|2S|E|9|C6
7|26|286|23|229|250|2S|E|10|C2
7|26|283|35|265|169|2S|E|11|SA
7|27|249|124|175|131|4H|S|9|D6
7|27|52|276|232|181|3H|N|9|DK
7|27|255|67|14|80|3H|S|10|D4
7|27|11|28|83|82|4H|S|9|H2
7|27|207|38|77|187|3H|N|9|DQ
7|27|2|75|191|33|1C|S|6|D4
7|27|9|30|178|143|4H|N|9|DK
7|27|259|53|210|1|4H|N|9|DK
7|27|286|23|229|250|3H|N|9|DK
7|27|283|35|265|169|4H|N|9|DK
7|28|249|124|175|131|3N|E|9|H2
7|28|52|276|232|181|1S|N|6|D8
7|28|255|67|14|80|3N|E|8|SJ
7|28|11|28|83|82|3N|E|8|H5
7|28|207|38|77|187|1S|N|7|C3
7|28|2|75|191|33|3N|E|7|SJ
7|28|9|30|178|143|3N|E|9|SJ
7|28|259|53|210|1|3N|E|9|SJ
7|28|286|23|229|250|3N|E|8|H5
7|28|283|35|265|169|2N|E|8|SJ
7|29|249|124|175|131|3N|E|7|S3
7|29|52|276|232|181|3H|N|8|CJ
7|29|255|67|14|80|3N|E|8|H6
7|29|11|28|83|82|3N|E|8|H7
7|29|207|38|77|187|3N|E|9|H7
7|29|2|75|191|33|3N|E|6|H7
7|29|9|30|178|143|3N|E|7|H7
7|29|259|53|210|1|2H|N|6|H2
7|29|286|23|229|250|3N|E|7|H7
7|29|283|35|265|169|3N|E|7|H6
7|3|276|124|181|131|2S|N|8|C2
7|3|52|249|232|175|2S|N|9|C2
7|3|28|67|82|80|4S|S|8|CA
7|3|11|255|83|14|2S|N|8|C2
7|3|207|38|77|187|4S|N|9|C5
7|3|2|75|191|33|1N|N|7|C7
7|3|9|4|178|6|2S|N|8|C2
7|3|259|53|210|1|2S|N|9|C5
7|3|35|283|169|265|1N|N|6|C2
7|3|92|286|25|229|4S|N|9|C2
7|30|249|124|175|131|6H|S|12|D4
7|30|52|276|232|181|6H|S|12|D4
7|30|255|67|14|80|6H|S|12|D4
7|30|11|28|83|82|6H|S|11|D4
7|30|207|38|77|187|6H|S|12|D4
7|30|2|75|191|33|6H|S|12|D4
7|30|9|30|178|143|4H|S|12|D4
7|30|259|53|210|1|4H|S|12|D6
7|30|286|23|229|250|6H|N|12|CJ
7|30|283|35|265|169|4H|S|12|S3
7|31|249|124|175|131|4S|N|12|C5
7|31|52|276|232|181|4S|N|12|C3
7|31|255|67|14|80|4S|S|11|HA
7|31|11|28|83|82|4S|S|12|DJ
7|31|207|38|77|187|4S|S|10|HA
7|31|2|75|191|33|4S|S|12|DJ
7|31|9|30|178|143|4S|S|12|DJ
7|31|259|53|210|1|4S|S|10|HA
7|31|286|23|229|250|4S|S|10|HA
7|31|283|35|265|169|4S|S|12|DJ
7|32|249|124|175|131|3S|S|6|CK
7|32|52|276|232|181|2N|N|7|DK
7|32|255|67|14|80|2N|N|6|DA
7|32|11|28|83|82|3S|N|7|DK
7|32|207|38|77|187|4H|W|10|SA
7|32|2|75|191|33|2S|S|7|D8
7|32|9|30|178|143|3HX|W|10|DQ
7|32|259|53|210|1|4SX|S|7|D9
7|32|286|23|229|250|2H|W|9|HA
7|32|283|35|265|169|3H|E|8|SJ
7|4|276|124|181|131|4H|W|8|D5
7|4|52|249|232|175|4S|E|8|H5
7|4|28|67|82|80|3S|E|9|H5
7|4|11|255|83|14|4S|E|8|H5
7|4|207|38|77|187|5DX|S|11|S2
7|4|2|75|191|33|4S|E|8|H5
7|4|9|4|178|6|4SX|E|6|H5
7|4|259|53|210|1|5SX|E|7|DA
7|4|35|283|169|265|4H|W|8|D5
7|4|92|286|25|229|4S|E|6|H5
7|5|276|124|181|131|4H|W|11|S3
7|5|52|249|232|175|4H|W|11|S2
7|5|28|67|82|80|4H|W|11|S3
7|5|11|255|83|14|4H|W|11|S6
7|5|207|38|77|187|4H|W|11|S2
7|5|2|75|191|33|4H|W|11|S3
7|5|9|4|178|6|4H|W|11|S6
7|5|259|53|210|1|4H|W|11|S3
7|5|35|283|169|265|4H|W|11|S2
7|5|92|286|25|229|4S|W|11|S3
7|6|276|124|181|131|1N|E|7|H3
7|6|52|249|232|175|2H|S|8|H2
7|6|28|67|82|80|1N|E|6|H3
7|6|11|255|83|14|1N|W|6|S7
7|6|207|38|77|187|1N|E|7|H3
7|6|2|75|191|33|1N|E|7|H3
7|6|9|4|178|6|2S|N|8|DA
7|6|259|53|210|1|3S|N|8|C4
7|6|35|283|169|265|2D|E|6|H3
7|6|92|286|25|229|1N|E|7|H3
7|7|276|124|181|131|4S|N|8|DT
7|7|52|249|232|175|4D|W|8|HA
7|7|28|67|82|80|4S|S|9|DT
7|7|11|255|83|14|3D|W|8|CK
7|7|207|38|77|187|3D|W|9|HA
7|7|2|75|191|33|3D|W|9|HA
7|7|9|4|178|6|3D|W|9|HA
7|7|259|53|210|1|4S|N|9|DT
7|7|35|283|169|265|4S|N|8|DT
7|7|92|286|25|229|5D|W|9|HA
7|8|276|124|181|131|3N|N|10|ST
7|8|52|249|232|175|4H|S|9|S2
7|8|28|67|82|80|3N|N|11|SJ
7|8|11|255|83|14|4SX|E|7|HJ
7|8|207|38|77|187|3N|N|10|SJ
7|8|2|75|191|33|3N|N|12|ST
7|8|9|4|178|6|4C|N|11|SJ
7|8|259|53|210|1|3N|N|10|SJ
7|8|35|283|169|265|4SX|E|7|HJ
7|8|92|286|25|229|3N|N|7|ST
7|9|276|124|181|131|4H|W|11|D4
7|9|52|249|232|175|4H|E|11|DK
7|9|28|67|82|80|4H|E|11|DK
7|9|11|255|83|14|4H|E|12|DK
7|9|207|38|77|187|4H|E|11|DK
7|9|2|75|191|33|4H|W|10|CJ
7|9|9|4|178|6|4H|W|10|CQ
7|9|259|53|210|1|4H|E|12|DK
7|9|35|283|169|265|4H|E|12|DK
7|9|92|286|25|229|4H|W|10|D2
8|1|11|249|83|175|4S|N|9|C6
8|1|276|67|181|80|4S|N|10|C6
8|1|92|222|25|13|4S|N|9|C6
8|1|255|23|14|250|4S|N|9|C6
8|1|2|124|191|131|2S|N|8|C6
8|1|52|27|232|134|4S|N|9|C6
8|1|4|75|6|33|4S|N|9|C6
8|1|207|30|77|143|4S|N|9|C6
8|1|35|53|169|1|4S|N|9|C6
8|1|9|286|178|229|4S|N|10|H3
8|10|276|67|181|80|4S|E|11|H9
8|10|255|23|14|250|6S|E|11|CJ
8|10|2|124|191|131|6H|E|11|CT
8|10|52|27|232|134|4S|E|11|CJ
8|10|4|75|6|33|4S|E|10|CJ
8|10|207|30|77|143|6N|E|9|CJ
8|10|35|53|169|1|5S|E|11|H9
8|10|9|286|178|229|6S|E|11|CJ
8|11|11|249|83|175|5H|W|7|DA
8|11|276|67|181|80|5DX|N|10|H6
8|11|92|222|25|13|4S|E|11|H2
8|11|255|23|14|250|5S|E|11|DK
8|11|2|124|191|131|4S|E|9|DT
8|11|52|27|232|134|5DX|N|10|H6
8|11|4|75|6|33|5SX|E|9|C2
8|11|207|30|77|143|5DX|N|10|SJ
8|11|35|53|169|1|5DX|N|10|SJ
8|11|9|286|178|229|5DX|N|10|SJ
8|12|11|249|83|175|2S|W|11|S2
8|12|276|67|181|80|2S|E|10|D3
8|12|92|222|25|13|4S|E|10|C7
8|12|255|23|14|250|2S|W|11|DA
8|12|2|124|191|131|1N|W|9|S5
8|12|52|27|232|134|4S|E|11|D2
8|12|4|75|6|33|1N|W|8|DA
8|12|207|30|77|143|3S|E|10|D2
8|12|35|53|169|1|2C|E|9|SK
8|12|9|286|178|229|4S|W|10|S6
8|13|11|249|83|175|4H|N|7|D7
8|13|276|67|181|80|5SX|E|5|SA
8|13|92|222|25|13|4H|N|11|ST
8|13|255|23|14|250|3N|S|9|DQ
8|13|2|124|191|131|3N|S|9|DQ
8|13|52|27|232|134|3N|S|8|C5
8|13|4|75|6|33|5C|S|9|DQ
8|13|207|30|77|143|3N|S|8|DQ
8|13|35|53|169|1|3N|S|8|DQ
8|13|9|286|178|229|4H|N|8|D3
8|14|11|249|83|175|3N|W|10|HK
8|14|276|67|181|80|3S|E|10|CT
8|14|92|222|25|13|3N|W|9|HK
8|14|255|23|14|250|4S|W|10|HK
8|14|2|124|191|131|4S|E|11|HA
8|14|52|27|232|134|3N|W|10|HK
8|14|4|75|6|33|3N|W|9|HK
8|14|207|30|77|143|4S|W|10|HK
8|14|35|53|169|1|3D|W|10|HK
8|14|9|286|178|229|3N|W|9|HK
8|15|11|249|83|175|2C|N|9|DA
8|15|276|67|181|80|1N|N|8|D5
8|15|92|222|25|13|2DX|E|7|S6
8|15|255|23|14|250|3S|S|8|D3
8|15|2|124|191|131|1N|N|8|D6
8|15|52|27|232|134|1N|N|8|D5
8|15|4|75|6|33|1N|N|8|D6
8|15|207|30|77|143|1N|N|8|D5
8|15|35|53|169|1|1N|N|8|D5
8|15|9|286|178|229|3C|N|9|DK
8|16|11|249|83|175|2H|N|8|CT
8|16|276|67|181|80|1N|N|6|ST
8|16|92|222|25|13|1N|N|7|S9
8|16|255|23|14|250|1N|S|7|S4
8|16|2|124|191|131|1N|N|7|ST
8|16|52|27|232|134|1N|S|6|S4
8|16|4|75|6|33|1N|N|5|ST
8|16|207|30|77|143|1N|N|7|ST
8|16|35|53|169|1|1N|N|6|S2
8|16|9|286|178|229|1N|N|5|S9
8|17|11|249|83|175|4S|N|10|H5
8|17|276|67|181|80|4S|N|10|H2
8|17|283|28|265|82|4S|N|10|H2
8|17|255|23|14|250|4S|N|11|H5
8|17|38|124|187|131|4S|S|10|HA
8|17|52|27|232|134|4S|N|10|H2
8|17|4|75|6|33|4S|S|10|HA
8|17|207|259|77|210|4S|N|11|H2
8|17|35|53|169|1|3S|N|10|H2
8|17|9|286|178|229|4S|N|10|H5
8|18|11|249|83|175|4D|E|10|HJ
8|18|276|67|181|80|5DX|W|10|CQ
8|18|283|28|265|82|5D|W|10|CQ
8|18|255|23|14|250|3NX|S|7|D2
8|18|38|124|187|131|3C|S|9|HA
8|18|52|27|232|134|3C|S|9|HK
8|18|4|75|6|33|1N|W|6|CQ
8|18|207|259|77|210|5D|W|10|CQ
8|18|35|53|169|1|5D|E|10|CQ
8|18|9|286|178|229|4D|E|10|HJ
8|19|11|249|83|175|5S|E|11|CA
8|19|276|67|181|80|5CX|S|9|C6
8|19|283|28|265|82|5H|E|9|CA
8|19|255|23|14|250|5S|E|11|H3
8|19|38|124|187|131|5S|E|11|H3
8|19|52|27|232|134|5S|W|11|CQ
8|19|4|75|6|33|5CX|S|9|S9
8|19|207|259|77|210|5CX|S|9|S7
8|19|35|53|169|1|5CX|S|10|S7
8|19|9|286|178|229|4S|E|12|CK
8|2|11|249|83|175|5DX|W|7|CA
8|2|276|67|181|80|4D|W|9|DA
8|2|92|222|25|13|4SX|E|7|HA
8|2|255|23|14|250|3N|N|9|C2
8|2|2|124|191|131|3SX|E|7|HA
8|2|52|27|232|134|4DX|W|8|DA
8|2|4|75|6|33|4DX|W|8|CA
8|2|207|30|77|143|5C|N|10|S6
8|2|35|53|169|1|5CX|N|10|S6
8|2|9|286|178|229|5C|N|10|S5
8|20|11|249|83|175|3N|S|10|HT
8|20|276|67|181|80|3N|N|11|DJ
8|20|283|28|265|82|3N|N|8|ST
8|20|255|23|14|250|3N|N|11|DJ
8|20|38|124|187|131|3N|N|10|DT
8|20|52|27|232|134|3N|N|11|S6
8|20|4|75|6|33|3N|N|10|DJ
8|20|207|259|77|210|3S|E|6|CQ
8|20|35|53|169|1|3N|S|8|S5
8|20|9|286|178|229|3N|S|11|SQ
8|21|11|249|83|175|6N|S|13|S9
8|21|276|67|181|80|6N|S|13|S8
8|21|283|28|265|82|6H|N|13|SJ
8|21|255|23|14|250|6N|S|12|S9
8|21|38|124|187|131|6N|N|13|C5
8|21|52|27|232|134|6N|S|13|S9
8|21|4|75|6|33|6N|N|13|SJ
8|21|207|259|77|210|6N|N|13|C5
8|21|35|53|169|1|7N|S|13|S9
8|21|9|286|178|229|6N|S|13|S9
8|22|11|249|83|175|4H|N|11|S2
8|22|276|67|181|80|4SX|W|9|HA
8|22|283|28|265|82|4H|N|13|S3
8|22|255|23|14|250|4H|N|11|S2
8|22|38|124|187|131|4H|N|11|S5
8|22|52|27|232|134|4H|N|13|S3
8|22|4|75|6|33|4H|N|11|S4
8|22|207|259|77|210|4H|N|11|S3
8|22|35|53|169|1|4H|N|13|S4
8|22|9|286|178|229|4H|N|13|S2
8|23|11|249|83|175|4S|N|11|D5
8|23|276|67|181|80|4S|S|10|C9
8|23|283|28|265|82|6S|N|10|H6
8|23|255|23|14|250|4S|N|11|S6
8|23|38|124|187|131|4S|S|11|D9
8|23|52|27|232|134|3N|S|10|D7
8|23|4|75|6|33|4S|S|11|D9
8|23|207|259|77|210|4S|S|11|D7
8|23|35|53|169|1|4S|S|10|D9
8|23|9|286|178|229|4S|N|10|D5
8|24|11|249|83|175|3S|W|9|HT
8|24|276|67|181|80|3S|W|9|CA
8|24|283|28|265|82|3S|W|8|CA
8|24|255|23|14|250|4S|W|9|H9
8|24|38|124|187|131|2S|W|10|H8
8|24|52|27|232|134|3S|W|9|S7
8|24|4|75|6|33|2H|N|8|SK
8|24|207|259|77|210|3D|E|9|C6
8|24|35|53|169|1|3S|W|9|S7
8|24|9|286|178|229|3S|W|10|CA
8|25|11|249|83|175|3D|S|10|H8
8|25|276|67|181|80|2D|S|9|CA
8|25|283|28|265|82|3S|S|10|H4
8|25|255|23|14|250|3H|N|8|CQ
8|25|38|124|187|131|3D|S|9|H4
8|25|52|27|232|134|3D|S|10|H8
8|25|4|75|6|33|2D|S|8|S2
8|25|207|259|77|210|3C|E|10|S7
8|25|35|53|169|1|3S|S|11|H4
8|25|9|286|178|229|3C|E|10|S8
8|26|11|249|83|175|4S|S|11|HK
8|26|276|67|181|80|4S|N|11|HQ
8|26|283|28|265|82|4S|S|11|HK
8|26|255|23|14|250|4S|N|11|H6
8|26|38|124|187|131|4S|S|11|HA
8|26|52|27|232|134|4S|N|12|HQ
8|26|4|75|6|33|4S|N|11|HQ
8|26|207|259|77|210|4S|N|10|C3
8|26|35|53|169|1|4S|S|11|HA
8|26|9|286|178|229|4S|N|11|H6
8|27|11|249|83|175|4C|E|9|C2
8|27|276|67|181|80|3H|S|6|S7
8|27|283|28|265|82|2C|W|9|SA
8|27|255|23|14|250|5C|E|9|C5
8|27|38|124|187|131|3C|E|10|DJ
8|27|52|27|232|134|4S|N|9|DA
8|27|4|75|6|33|3S|N|9|DA
8|27|207|259|77|210|5CX|E|9|SA
8|27|35|53|169|1|4C|E|10|C3
8|27|9|286|178|229|4CX|W|10|SK
8|28|11|249|83|175|3N|E|9|HT
8|28|276|67|181|80|3N|E|8|S5
8|28|283|28|265|82|2N|E|9|HT
8|28|255|23|14|250|2H|E|9|D3
8|28|38|124|187|131|2H|E|8|DJ
8|28|52|27|232|134|2N|E|8|HT
8|28|4|75|6|33|1N|W|7|HA
8|28|207|259|77|210|2H|E|9|D3
8|28|35|53|169|1|2N|E|9|S4
8|28|9|286|178|229|3C|W|9|C6
8|29|11|249|83|175|3N|W|7|S6
8|29|276|67|181|80|3N|W|10|H6
8|29|283|28|265|82|4H|E|9|H3
8|29|255|23|14|250|3H|E|8|S5
8|29|38|124|187|131|3NX|W|8|S6
8|29|52|27|232|134|3S|N|6|HA
8|29|4|75|6|33|3N|W|8|S6
8|29|207|259|77|210|3N|W|5|S6
8|29|35|53|169|1|4HX|E|8|D9
8|29|9|286|178|229|3N|W|9|D2
8|3|11|249|83|175|2N|E|7|C3
8|3|276|67|181|80|2D|W|8|D3
8|3|92|222|25|13|3N|E|8|D6
8|3|255|23|14|250|3C|E|8|SQ
8|3|2|124|191|131|2D|W|6|ST
8|3|52|27|232|134|2H|W|8|H3
8|3|4|75|6|33|2D|W|8|ST
8|3|207|30|77|143|2D|W|6|D3
8|3|35|53|169|1|2C|E|9|SQ
8|3|9|286|178|229|2D|W|9|CK
8|30|11|249|83|175|5C|W|10|D5
8|30|276|67|181|80|3HX|N|7|C6
8|30|283|28|265|82|4HX|N|7|C6
8|30|255|23|14|250|5HX|N|8|C2
8|30|38|124|187|131|4HX|N|7|C9
8|30|52|27|232|134|4HX|N|8|C2
8|30|4|75|6|33|2H|N|8|C6
8|30|207|259|77|210|3HX|N|7|SK
8|30|35|53|169|1|3H|N|7|C6
8|30|9|286|178|229|4HX|N|7|C4
8|31|11|249|83|175|1N|W|6|SJ
8|31|276|67|181|80|2D|E|7|CJ
8|31|283|28|265|82|1N|W|7|ST
8|31|255|23|14|250|2D|W|7|D2
8|31|38|124|187|131|1N|W|6|H7
8|31|52|27|232|134|2S|N|8|HJ
8|31|4|75|6|33|1N|E|6|CJ
8|31|207|259|77|210|1N|W|6|S3
8|31|35|53|169|1|1N|W|6|ST
8|31|9|286|178|229|1N|E|7|DT
8|32|11|249|83|175|1H|W|10|S3
8|32|276|67|181|80|1N|W|7|D9
8|32|283|28|265|82|P||0
8|32|255|23|14|250|2H|W|8|S2
8|32|38|124|187|131|2H|W|8|D7
8|32|52|27|232|134|1N|N|8|S5
8|32|4|75|6|33|1N|W|9|D7
8|32|207|259|77|210|2H|E|9|H6
8|32|35|53|169|1|3H|E|8|DJ
8|32|9|286|178|229|2H|W|7|CQ
8|4|11|249|83|175|4S|W|9|D4
8|4|276|67|181|80|3S|W|7|D4
8|4|92|222|25|13|3S|W|9|D4
8|4|255|23|14|250|3S|W|6|D4
8|4|2|124|191|131|4S|W|9|D4
8|4|52|27|232|134|3S|W|9|D4
8|4|4|75|6|33|4S|W|8|ST
8|4|207|30|77|143|3S|W|7|D4
8|4|35|53|169|1|3S|W|9|HA
8|4|9|286|178|229|4S|W|9|D4
8|5|11|249|83|175|1H|N|10|SJ
8|5|276|67|181|80|4H|N|10|SJ
8|5|92|222|25|13|4H|N|10|SJ
8|5|255|23|14|250|4H|N|11|DA
8|5|2|124|191|131|1H|N|10|SJ
8|5|52|27|232|134|4S|S|10|DQ
8|5|4|75|6|33|1H|N|10|SJ
8|5|207|30|77|143|1H|N|10|SJ
8|5|35|53|169|1|4S|S|10|DQ
8|5|9|286|178|229|4H|N|11|DA
8|6|11|249|83|175|3N|S|12|ST
8|6|276|67|181|80|3N|S|10|C8
8|6|92|222|25|13|3N|S|10|H6
8|6|255|23|14|250|3N|S|11|C8
8|6|2|124|191|131|3N|S|10|S2
8|6|52|27|232|134|3NX|N|11|CK
8|6|4|75|6|33|3N|S|10|S5
8|6|207|30|77|143|3N|S|11|C8
8|6|35|53|169|1|3N|S|9|S3
8|6|9|286|178|229|3N|S|10|S3
8|7|11|249|83|175|3D|S|10|HQ
8|7|276|67|181|80|2S|W|8|D4
8|7|92|222|25|13|2S|W|9|C8
8|7|255|23|14|250|3H|E|9|DK
8|7|2|124|191|131|1N|S|8|S7
8|7|52|27|232|134|3D|S|8|C5
8|7|4|75|6|33|2S|W|9|D2
8|7|207|30|77|143|1N|S|8|S7
8|7|35|53|169|1|2S|E|9|DK
8|7|9|286|178|229|3D|S|7|HQ
8|8|11|249|83|175|3S|W|10|H3
8|8|276|67|181|80|1N|W|10|D8
8|8|92|222|25|13|4S|E|8|H6
8|8|255|23|14|250|5DX|N|9|HA
8|8|2|124|191|131|2H|S|9|CA
8|8|52|27|232|134|3D|N|9|HA
8|8|4|75|6|33|4SX|E|10|SJ
8|8|207|30|77|143|1N|W|7|D8
8|8|35|53|169|1|2H|S|9|CA
8|8|9|286|178|229|4S|E|10|HQ
8|9|276|67|181|80|4H|S|10|CJ
8|9|255|23|14|250|4H|S|10|CJ
8|9|2|124|191|131|2H|N|10|C3
8|9|52|27|232|134|4H|N|10|C4
8|9|4|75|6|33|4H|N|10|C5
8|9|207|30|77|143|4H|N|10|C4
8|9|35|53|169|1|4H|N|9|SA
8|9|9|286|178|229|4H|S|10|CJ
9|1|276|222|181|13|1NX|N|6|DT
9|1|255|249|28|175|1N|E|6|C2
9|1|11|27|83|134|2C|N|9|H3
9|1|38|67|187|80|1N|N|7|CQ
9|1|52|30|232|143|1N|E|8|S4
9|1|259|124|210|131|2H|W|7|CK
9|1|207|286|77|229|1N|N|6|D2
9|1|35|75|169|33|1N|E|5|S4
9|1|9|283|178|265|2D|S|7|HJ
9|1|92|53|25|1|1N|N|7|CQ
9|10|276|222|181|13|3C|S|10|S7
9|10|255|249|28|175|3N|N|8|HJ
9|10|11|27|83|134|2C|S|10|D6
9|10|38|67|187|80|2C|S|10|D6
9|10|52|30|232|143|3C|S|10|S7
9|10|259|124|210|131|3C|S|10|H5
9|10|207|286|77|229|3N|N|8|HJ
9|10|35|75|169|33|3C|S|10|H4
9|10|9|283|178|265|3N|N|10|DQ
9|10|92|53|25|1|3N|N|8|S5
9|11|276|222|181|13|3N|S|11|H6
9|11|255|249|28|175|7NX|N|12|SA
9|11|11|27|83|134|6S|N|9|CK
9|11|38|67|187|80|3N|S|11|H6
9|11|52|30|232|143|6D|S|12|H3
9|11|259|124|210|131|6NX|N|10|CK
9|11|207|286|77|229|3N|S|13|H6
9|11|35|75|169|33|3N|S|12|H6
9|11|9|283|178|265|3N|S|10|CK
9|11|92|53|25|1|3N|S|11|H6
9|12|276|222|181|13|4H|W|11|SA
9|12|255|249|28|175|5C|E|11|DK
9|12|11|27|83|134|4H|E|11|C7
9|12|38|67|187|80|3H|W|10|SK
9|12|52|30|232|143|5C|E|11|DK
9|12|259|124|210|131|5C|E|11|DA
9|12|207|286|77|229|3C|W|11|SA
9|12|35|75|169|33|3H|W|11|SA
9|12|9|283|178|265|2H|E|11|DK
9|12|92|53|25|1|4H|W|11|SK
9|13|276|222|181|13|3N|N|9|C8
9|13|255|249|28|175|4S|S|8|H2
9|13|11|27|83|134|2S|S|8|H3
9|13|38|67|187|80|3S|S|8|CK
9|13|52|30|232|143|3S|S|8|DJ
9|13|259|124|210|131|3N|N|9|C4
9|13|207|286|77|229|4S|S|7|H3
9|13|35|75|169|33|3S|S|8|H3
9|13|9|283|178|265|3N|N|8|HJ
9|13|92|53|25|1|3N|N|8|C3
9|14|276|222|181|13|4S|N|8|D9
9|14|255|249|28|175|4S|S|8|D2
9|14|11|27|83|134|4S|N|9|D9
9|14|38|67|187|80|4S|N|10|D9
9|14|52|30|232|143|4S|S|9|CA
9|14|259|124|210|131|4S|N|9|D9
9|14|207|286|77|229|5CX|E|8|HA
9|14|35|75|169|33|4S|N|9|D9
9|14|9|283|178|265|4S|N|9|CQ
9|14|92|53|25|1|4S|N|8|D9
9|15|276|222|181|13|4H|N|10|CK
9|15|255|249|28|175|4H|N|10|CA
9|15|11|27|83|134|4H|N|10|CK
9|15|38|67|187|80|5H|N|10|CK
9|15|52|30|232|143|4H|N|10|CK
9|15|259|124|210|131|4H|N|10|CK
9|15|207|286|77|229|4H|N|10|CK
9|15|35|75|169|33|5CX|E|7|DA
9|15|9|283|178|265|4H|N|10|CK
9|15|92|53|25|1|5CX|E|9|DK
9|16|276|222|181|13|4H|N|9|C5
9|16|255|249|28|175|4H|S|10|H2
9|16|11|27|83|134|1N|N|8|H6
9|16|38|67|187|80|2H|N|9|H5
9|16|52|30|232|143|4H|S|9|CK
9|16|259|124|210|131|4H|N|9|S7
9|16|207|286|77|229|1N|N|8|D2
9|16|35|75|169|33|2H|N|8|C3
9|16|9|283|178|265|3H|S|9|CK
9|16|92|53|25|1|1N|N|8|H8
9|17|276|28|181|82|3N|S|11|C6
9|17|222|249|13|175|5C|S|10|HA
9|17|67|27|80|134|3N|N|10|H2
9|17|38|11|187|83|3N|N|12|D3
9|17|52|30|232|143|3N|N|12|H2
9|17|4|124|6|131|3N|S|9|H9
9|17|207|286|77|229|3N|N|9|C7
9|17|35|75|169|33|3N|S|9|HA
9|17|9|23|178|250|3N|N|7|C7
9|17|92|53|25|1|3N|S|9|C6
9|18|276|28|181|82|1N|W|8|S7
9|18|222|249|13|175|3C|N|8|DJ
9|18|67|27|80|134|3H|W|7|C6
9|18|38|11|187|83|4H|E|7|CA
9|18|52|30|232|143|2H|E|9|ST
9|18|4|124|6|131|2H|W|7|D8
9|18|35|75|169|33|2H|W|8|D9
9|18|9|23|178|250|3H|E|8|ST
9|18|92|53|25|1|2H|E|10|ST
9|19|276|28|181|82|5S|E|13|DA
9|19|222|249|13|175|5H|W|8|D8
9|19|67|27|80|134|5S|E|12|DA
9|19|38|11|187|83|6S|E|11|C5
9|19|52|30|232|143|5S|E|13|DA
9|19|4|124|6|131|5S|E|12|DA
9|19|207|286|77|229|5S|E|12|DA
9|19|35|75|169|33|6D|S|11|HA
9|19|9|23|178|250|5HX|W|9|CA
9|19|92|53|25|1|5S|E|13|DA
9|2|276|222|181|13|4H|N|11|SK
9|2|255|249|28|175|5H|S|11|S2
9|2|11|27|83|134|4H|S|11|C4
9|2|38|67|187|80|4H|N|12|H5
9|2|52|30|232|143|4H|S|11|S5
9|2|259|124|210|131|4H|N|12|H5
9|2|207|286|77|229|4H|N|11|D4
9|2|35|75|169|33|4H|N|11|H8
9|2|9|283|178|265|4H|S|12|C2
9|2|92|53|25|1|5H|S|11|S3
9|20|276|28|181|82|3N|W|9|H2
9|20|222|249|13|175|2HX|N|6|H6
9|20|67|27|80|134|3N|W|9|C6
9|20|38|11|187|83|3N|W|8|H2
9|20|52|30|232|143|3N|E|8|DJ
9|20|4|124|6|131|3N|W|9|C6
9|20|207|286|77|229|3N|W|10|C6
9|20|35|75|169|33|3N|W|9|C6
9|20|9|23|178|250|3N|W|9|C4
9|20|92|53|25|1|3N|E|9|S7
9|21|276|28|181|82|3N|E|10|S3
9|21|222|249|13|175|3N|E|10|H6
9|21|67|27|80|134|3N|E|10|S3
9|21|38|11|187|83|2HX|N|6|SQ
9|21|52|30|232|143|3N|E|10|H4
9|21|4|124|6|131|2D|W|8|S6
9|21|207|286|77|229|2N|W|8|C6
9|21|35|75|169|33|2N|W|10|H6
9|21|9|23|178|250|3N|W|9|H5
9|21|92|53|25|1|3N|E|9|H7
9|22|276|28|181|82|2HX|N|8|D3
9|22|222|249|13|175|5C|E|8|C5
9|22|67|27|80|134|2H|N|8|D3
9|22|38|11|187|83|3N|E|6|H8
9|22|52|30|232|143|3H|N|8|D3
9|22|4|124|6|131|3H|S|8|CK
9|22|207|286|77|229|3H|S|8|CQ
9|22|35|75|169|33|3H|S|8|D5
9|22|9|23|178|250|3HX|S|9|H3
9|22|92|53|25|1|3H|S|8|CK
9|23|276|28|181|82|2S|E|9|HK
9|23|222|249|13|175|3S|E|9|HK
9|23|67|27|80|134|3C|S|8|S5
9|23|38|11|187|83|1N|S|7|H5
9|23|52|30|232|143|3C|S|9|S3
9|23|4|124|6|131|1S|E|9|HK
9|23|207|286|77|229|3S|E|9|DK
9|23|35|75|169|33|3S|E|9|HK
9|23|9|23|178|250|3S|E|10|HK
9|23|92|53|25|1|3N|N|5|SK
9|24|276|28|181|82|5S|E|11|H3
9|24|222|249|13|175|6D|E|11|D2
9|24|67|27|80|134|6D|W|11|H3
9|24|38|11|187|83|4S|E|11|H3
9|24|52|30|232|143|3C|W|5|C3
9|24|4|124|6|131|4S|E|10|C8
9|24|207|286|77|229|6D|W|11|CA
9|24|35|75|169|33|3D|W|11|HT
9|24|9|23|178|250|5S|E|11|H3
9|24|92|53|25|1|5D|E|11|C8
9|25|276|28|181|82|3N|N|8|HQ
9|25|222|249|13|175|4S|N|12|ST
9|25|67|27|80|134|6S|N|13|C2
9|25|38|11|187|83|4S|N|13|DK
9|25|52|30|232|143|6S|N|12|S5
9|25|4|124|6|131|4S|N|13|S9
9|25|207|286|77|229|3N|N|8|H7
9|25|35|75|169|33|4S|N|13|DK
9|25|9|23|178|250|6N|N|12|ST
9|25|92|53|25|1|3N|N|8|H5
9|26|276|28|181|82|3N|E|7|H5
9|26|222|249|13|175|3N|E|7|H7
9|26|67|27|80|134|3N|E|7|H7
9|26|38|11|187|83|3N|E|7|H7
9|26|52|30|232|143|5D|W|11|HA
9|26|4|124|6|131|4C|E|10|H7
9|26|207|286|77|229|5D|W|13|C4
9|26|35|75|169|33|3N|W|11|S3
9|26|9|23|178|250|3N|E|7|H2
9|26|92|53|25|1|3N|E|13|ST
9|27|276|28|181|82|3N|S|12|C5
9|27|222|249|13|175|6H|N|12|C5
9|27|67|27|80|134|6H|N|12|SJ
9|27|38|11|187|83|6H|N|12|C7
9|27|52|30|232|143|6H|N|12|D3
9|27|4|124|6|131|6H|N|12|DT
9|27|207|286|77|229|6H|N|12|C7
9|27|35|75|169|33|4H|N|12|DJ
9|27|9|23|178|250|4H|N|12|C7
9|27|92|53|25|1|6S|N|12|C7
9|28|276|28|181|82|3N|S|11|H3
9|28|222|249|13|175|3N|N|10|HQ
9|28|67|27|80|134|3N|N|8|HQ
9|28|38|11|187|83|3N|N|9|HQ
9|28|52|30|232|143|1N|S|11|S3
9|28|4|124|6|131|3N|N|11|HQ
9|28|207|286|77|229|3N|N|8|HQ
9|28|35|75|169|33|3N|N|11|HQ
9|28|9|23|178|250|3C|S|10|H5
9|28|92|53|25|1|3N|N|9|H8
9|29|276|28|181|82|4H|N|8|C7
9|29|222|249|13|175|2N|N|9|D4
9|29|67|27|80|134|1S|S|8|CK
9|29|38|11|187|83|2H|S|8|CA
9|29|52|30|232|143|2H|S|7|CA
9|29|4|124|6|131|2N|N|10|HJ
9|29|207|286|77|229|2H|N|7|CK
9|29|35|75|169|33|3H|N|8|C3
9|29|9|23|178|250|2N|N|7|D4
9|29|92|53|25|1|2N|N|8|D4
9|3|276|222|181|13|4H|N|10|SA
9|3|255|249|28|175|1N|S|9|S2
9|3|11|27|83|134|3S|E|8|HA
9|3|38|67|187|80|4H|N|10|SK
9|3|52|30|232|143|2SX|E|8|HA
9|3|259|124|210|131|1N|N|10|S7
9|3|207|286|77|229|3S|E|8|HA
9|3|35|75|169|33|4H|N|10|SA
9|3|9|283|178|265|3H|N|10|SA
9|3|92|53|25|1|4H|N|10|SK
9|30|276|28|181|82|2S|N|7|D4
9|30|222|249|13|175|2DX|E|6|DA
9|30|67|27|80|134|2S|N|8|D6
9|30|38|11|187|83|1N|S|7|D2
9|30|52|30|232|143|1N|S|9|D2
9|30|4|124|6|131|2S|N|9|D4
9|30|207|286|77|229|1N|S|7|D5
9|30|35|75|169|33|1N|S|7|D6
9|30|9|23|178|250|2S|N|9|D6
9|30|92|53|25|1|2S|N|7|D4
9|31|276|28|181|82|2H|W|8|D7
9|31|222|249|13|175|2H|W|8|SK
9|31|67|27|80|134|2H|W|7|SQ
9|31|38|11|187|83|1N|S|6|HT
9|31|52|30|232|143|3D|S|10|ST
9|31|4|124|6|131|3N|N|8|S5
9|31|207|286|77|229|2H|W|8|SK
9|31|35|75|169|33|3H|W|8|D7
9|31|9|23|178|250|2H|W|9|SK
9|31|92|53|25|1|2H|W|8|D6
9|32|276|28|181|82|3D|E|10|H6
9|32|222|249|13|175|2D|E|10|H6
9|32|67|27|80|134|2D|E|9|H6
9|32|38|11|187|83|2H|S|8|CT
9|32|52|30|232|143|2H|S|8|CT
9|32|4|124|6|131|2H|S|8|CT
9|32|207|286|77|229|3D|E|9|H3
9|32|35|75|169|33|2H|S|8|S8
9|32|9|23|178|250|4H|S|8|CT
9|32|92|53|25|1|2D|E|8|H6
9|4|276|222|181|13|1N|S|6|S6
9|4|255|249|28|175|1N|E|5|D7
9|4|11|27|83|134|1N|E|5|D8
9|4|38|67|187|80|1N|E|6|C3
9|4|52|30|232|143|2S|S|9|S5
9|4|259|124|210|131|1N|E|5|D7
9|4|207|286|77|229|1N|E|4|S5
9|4|35|75|169|33|2H|W|6|SA
9|4|9|283|178|265|P||0
9|4|92|53|25|1|1N|E|8|C3
9|5|276|222|181|13|3S|N|8|ST
9|5|255|249|28|175|4S|N|10|HA
9|5|11|27|83|134|3C|W|9|D5
9|5|38|67|187|80|4H|N|9|C6
9|5|52|30|232|143|4S|N|8|HA
9|5|259|124|210|131|3S|N|9|S9
9|5|207|286|77|229|5CX|E|10|SA
9|5|35|75|169|33|4H|N|11|HA
9|5|9|283|178|265|3S|N|8|C2
9|5|92|53|25|1|4S|N|8|ST
9|6|276|222|181|13|3C|S|9|SA
9|6|255|249|28|175|4H|S|9|SA
9|6|11|27|83|134|4H|S|9|SK
9|6|38|67|187|80|4H|S|9|SK
9|6|52|30|232|143|4H|S|9|SA
9|6|259|124|210|131|4H|S|9|SA
9|6|207|286|77|229|4H|S|9|SK
9|6|35|75|169|33|2SX|W|8|CA
9|6|9|283|178|265|4H|S|9|SA
9|6|92|53|25|1|4H|S|9|SA
9|7|276|222|181|13|4H|W|8|CT
9|7|255|249|28|175|3H|W|7|D7
9|7|11|27|83|134|3C|W|6|D6
9|7|38|67|187|80|2H|E|9|S2
9|7|52|30|232|143|3H|W|3|CT
9|7|259|124|210|131|3H|E|8|C7
9|7|207|286|77|229|4H|E|7|C5
9|7|35|75|169|33|2H|W|6|D6
9|7|9|283|178|265|4H|W|6|C2
9|7|92|53|25|1|4H|W|5|CT
9|8|276|222|181|13|2H|W|9|DA
9|8|255|249|28|175|2H|W|9|DA
9|8|11|27|83|134|3C|W|9|DA
9|8|38|67|187|80|3H|W|8|DK
9|8|52|30|232|143|4C|W|9|DA
9|8|259|124|210|131|5C|W|9|DK
9|8|207|286|77|229|2N|E|10|HT
9|8|35|75|169|33|3H|W|10|DA
9|8|9|283|178|265|2C|W|9|DK
9|8|92|53|25|1|5C|W|9|DK
9|9|276|222|181|13|4S|E|10|DA
9|9|255|249|28|175|4H|E|10|DQ
9|9|11|27|83|134|4S|E|11|DA
9|9|38|67|187|80|6C|E|12|DJ
9|9|52|30|232|143|4S|E|10|DA
9|9|259|124|210|131|6DX|S|7|SA
9|9|207|286|77|229|4H|W|9|DQ
9|9|35|75|169|33|4S|E|10|DA
9|9|9|283|178|265|4S|W|11|DQ
9|9|92|53|25|1|4S|W|12|C3
