1|1|16|168|212|170|1NX|N|8|H6
1|1|117|54|173|22|2N|E|6|H3
1|1|242|50|288|148|1N|N|7|H6
1|1|163|8|10|280|2N|E|8|H4
1|1|138|7|153|105|1N|E|5|S7
1|1|266|260|262|274|1NX|N|6|H6
1|1|66|272|63|289|1N|E|7|CT
1|1|248|43|290|87|3N|W|5|S4
1|1|20|215|199|247|1N|E|8|CT
1|1|51|57|162|12|2N|E|6|H4
1|10|16|168|212|170|6H|S|11|DA
1|10|117|54|173|22|4H|S|10|DA
1|10|242|50|288|148|3N|N|10|C9
1|10|163|8|10|280|4H|S|11|DA
1|10|138|7|153|105|6H|S|12|DA
1|10|266|260|262|274|4H|S|12|DA
1|10|66|272|63|289|4H|S|11|CT
1|10|248|43|290|87|6H|S|11|DA
1|10|20|215|199|247|4H|S|12|DA
1|10|51|57|162|12|4H|S|11|DA
1|11|16|168|212|170|6H|W|12|C4
1|11|117|54|173|22|6H|E|12|S3
1|11|242|50|288|148|6H|W|12|C9
1|11|163|8|10|280|6H|W|12|D2
1|11|138|7|153|105|6H|W|12|SQ
1|11|266|260|262|274|6H|W|12|SQ
1|11|66|272|63|289|6H|W|12|D4
1|11|248|43|290|87|7H|W|12|C9
1|11|20|215|199|247|6H|W|12|C3
1|11|51|57|162|12|6H|W|12|SQ
1|12|16|168|212|170|2N|S|7|H3
1|12|117|54|173|22|3C|S|7|HA
1|12|242|50|288|148|2H|W|7|CJ
1|12|163|8|10|280|2H|W|8|SA
1|12|138|7|153|105|2S|N|8|HT
1|12|266|260|262|274|2H|W|7|CJ
1|12|66|272|63|289|2H|W|8|SA
1|12|248|43|290|87|2N|S|8|S3
1|12|20|215|199|247|2H|W|7|H5
1|12|51|57|162|12|3C|S|10|S2
1|13|16|168|212|170|2H|W|9|SK
1|13|117|54|173|22|3H|W|8|SA
1|13|242|50|288|148|2N|E|7|DQ
1|13|163|8|10|280|3HX|W|8|SA
1|13|138|7|153|105|2N|E|5|DQ
1|13|266|260|262|274|3H|W|8|SA
1|13|66|272|63|289|2S|N|8|DK
1|13|248|43|290|87|2H|W|8|SK
1|13|20|215|199|247|3H|W|8|SA
1|13|51|57|162|12|2N|E|6|S7
1|14|16|168|212|170|3N|E|5|D5
1|14|117|54|173|22|1N|W|7|D9
1|14|242|50|288|148|2H|W|7|D9
1|14|163|8|10|280|1N|W|7|D9
1|14|138|7|153|105|2H|N|6|DQ
1|14|266|260|262|274|1N|W|8|HK
1|14|66|272|63|289|1N|N|5|CT
1|14|248|43|290|87|1N|W|7|D9
1|14|20|215|199|247|2N|W|7|CA
1|14|51|57|162|12|2D|S|8|CQ
1|15|16|168|212|170|4S|W|10|H7
1|15|117|54|173|22|4S|W|10|H2
1|15|242|50|288|148|4S|W|11|H2
1|15|163|8|10|280|4S|W|11|H2
1|15|138|7|153|105|4S|E|11|D4
1|15|266|260|262|274|4S|E|11|DT
1|15|66|272|63|289|4S|W|11|H3
1|15|248|43|290|87|4S|W|11|H2
1|15|20|215|199|247|4S|W|11|H3
1|15|51|57|162|12|4S|W|11|CA
1|16|16|168|212|170|2S|S|8|C8
1|16|117|54|173|22|2N|S|6|S3
1|16|242|50|288|148|2S|S|8|H7
1|16|163|8|10|280|2S|S|8|H4
1|16|138|7|153|105|5D|S|9|ST
1|16|266|260|262|274|3S|S|8|C8
1|16|66|272|63|289|3N|N|6|C2
1|16|248|43|290|87|3N|N|7|H8
1|16|20|215|199|247|5D|S|9|H2
1|16|51|57|162|12|3NX|N|8|S8
1|17|16|100|212|17|1N|S|8|C5
1|17|117|54|173|22|3S|S|9|HQ
1|17|8|50|280|148|2S|S|11|C9
1|17|89|242|160|288|1H|N|10|DA
1|17|292|7|193|105|2S|S|9|C9
1|17|266|260|262|274|1S|N|11|H5
1|17|43|272|87|289|4S|S|11|D3
1|17|248|3|290|128|3S|S|11|C9
1|17|20|215|199|247|2S|S|11|C5
1|17|51|57|162|12|4S|S|11|C5
1|18|16|100|212|17|1N|E|7|S4
1|18|117|54|173|22|2H|N|7|SQ
1|18|8|50|280|148|2H|S|7|SA
1|18|89|242|160|288|2H|S|8|H5
1|18|292|7|193|105|4SX|N|9|CT
1|18|266|260|262|274|2C|W|5|SJ
1|18|43|272|87|289|2S|N|8|D5
1|18|248|3|290|128|2H|S|7|SA
1|18|20|215|199|247|2S|N|9|CT
1|18|51|57|162|12|1N|W|5|SJ
1|19|16|100|212|17|4H|S|10|ST
1|19|117|54|173|22|4S|S|10|ST
1|19|8|50|280|148|4H|S|12|H9
1|19|89|242|160|288|4H|S|10|D4
1|19|292|7|193|105|4S|S|11|H9
1|19|266|260|262|274|4S|N|10|DQ
1|19|43|272|87|289|4H|S|9|C5
1|19|248|3|290|128|4S|S|11|H4
1|19|20|215|199|247|4H|S|9|D4
1|19|51|57|162|12|6H|S|9|ST
1|2|16|168|212|170|3S|S|10|HQ
1|2|117|54|173|22|5H|E|10|S3
1|2|242|50|288|148|5HX|W|10|S2
1|2|163|8|10|280|6HX|E|10|CK
1|2|138|7|153|105|4H|E|10|CK
1|2|266|260|262|274|5HX|E|10|CK
1|2|66|272|63|289|5S|S|10|HQ
1|2|248|43|290|87|5C|N|10|DA
1|2|20|215|199|247|5CX|N|10|H5
1|2|51|57|162|12|3N|S|4|HQ
1|20|16|100|212|17|6H|W|12|DK
1|20|117|54|173|22|6H|E|12|DK
1|20|8|50|280|148|6H|W|12|DK
1|20|89|242|160|288|5H|W|13|C4
1|20|292|7|193|105|6H|W|12|DK
1|20|266|260|262|274|6H|W|12|DK
1|20|43|272|87|289|4H|W|13|C7
1|20|248|3|290|128|7H|W|12|DK
1|20|20|215|199|247|6H|W|13|S5
1|20|51|57|162|12|6H|W|12|DK
1|21|16|100|212|17|4H|W|8|CK
1|21|117|54|173|22|2S|S|7|SA
1|21|8|50|280|148|3D|E|10|CT
1|21|89|242|160|288|3D|E|10|S4
1|21|292|7|193|105|3D|E|9|CT
1|21|266|260|262|274|3D|E|10|CT
1|21|43|272|87|289|3D|E|10|CT
1|21|248|3|290|128|3D|E|8|CT
1|21|20|215|199|247|3S|S|8|H2
1|21|51|57|162|12|3D|E|10|CT
1|22|16|100|212|17|4S|W|11|D4
1|22|117|54|173|22|5H|W|10|ST
1|22|8|50|280|148|6S|W|11|D2
1|22|89|242|160|288|4S|W|11|D4
1|22|292|7|193|105|6S|W|11|H3
1|22|266|260|262|274|4S|W|11|D2
1|22|43|272|87|289|4S|W|8|HT
1|22|248|3|290|128|4S|W|11|D2
1|22|20|215|199|247|4S|W|10|H3
1|22|51|57|162|12|5S|W|11|D4
1|23|16|100|212|17|2S|E|10|H4
1|23|117|54|173|22|2S|W|10|H5
1|23|8|50|280|148|4S|W|10|H3
1|23|89|242|160|288|3S|E|10|H8
1|23|292|7|193|105|4S|E|9|SA
1|23|266|260|262|274|3C|W|10|HQ
1|23|43|272|87|289|3H|N|8|SJ
1|23|248|3|290|128|4SX|E|10|H5
1|23|20|215|199|247|2S|E|11|SA
1|23|51|57|162|12|4S|E|11|SA
1|24|16|100|212|17|2C|W|8|SQ
1|24|117|54|173|22|2SX|N|8|CK
1|24|8|50|280|148|2C|W|7|SQ
1|24|89|242|160|288|2SX|N|5|CK
1|24|292|7|193|105|3S|N|7|CK
1|24|266|260|262|274|2C|W|9|DJ
1|24|43|272|87|289|3N|S|8|CQ
1|24|248|3|290|128|2S|N|8|CK
1|24|20|215|199|247|2N|S|7|CA
1|24|51|57|162|12|2C|W|8|SQ
1|25|16|100|212|17|5D|W|10|CA
1|25|117|54|173|22|3N|W|5|CA
1|25|8|50|280|148|4D|W|11|CA
1|25|89|242|160|288|2D|E|10|H4
1|25|292|7|193|105|3S|N|5|DQ
1|25|266|260|262|274|3C|S|9|S6
1|25|43|272|87|289|3D|E|10|HT
1|25|248|3|290|128|5D|W|10|H7
1|25|20|215|199|247|3N|W|4|S3
1|25|51|57|162|12|4D|E|10|HT
1|26|16|100|212|17|2S|N|5|HJ
1|26|117|54|173|22|3N|N|8|HJ
1|26|8|50|280|148|2SX|E|8|DJ
1|26|89|242|160|288|2SX|E|8|C4
1|26|292|7|193|105|2SX|E|8|DJ
1|26|266|260|262|274|2S|W|8|H2
1|26|43|272|87|289|3N|N|8|HT
1|26|248|3|290|128|2SX|E|8|DJ
1|26|20|215|199|247|2SX|E|8|DJ
1|26|51|57|162|12|3N|N|8|HJ
1|27|16|100|212|17|3H|W|10|D3
1|27|117|54|173|22|4HX|W|10|D3
1|27|8|50|280|148|5D|S|10|HQ
1|27|89|242|160|288|3H|W|10|D4
1|27|292|7|193|105|4HX|W|10|D3
1|27|266|260|262|274|3H|W|10|H7
1|27|43|272|87|289|3H|W|10|H7
1|27|248|3|290|128|4D|N|10|H8
1|27|20|215|199|247|3N|E|8|C5
1|27|51|57|162|12|5DX|N|10|HK
1|28|16|100|212|17|6C|N|12|SJ
1|28|117|54|173|22|3N|N|11|DJ
1|28|8|50|280|148|3N|N|12|S6
1|28|89|242|160|288|6N|N|12|C8
1|28|292|7|193|105|6N|N|12|ST
1|28|266|260|262|274|6C|N|12|D5
1|28|43|272|87|289|3N|N|10|ST
1|28|248|3|290|128|3N|N|13|D5
1|28|20|215|199|247|3N|N|11|SJ
1|28|51|57|162|12|3N|N|12|D5
1|29|16|100|212|17|3N|N|11|C8
1|29|117|54|173|22|3N|N|11|C3
1|29|8|50|280|148|3N|N|10|S3
1|29|89|242|160|288|3N|N|11|C7
1|29|292|7|193|105|3N|N|11|C4
1|29|266|260|262|274|3N|N|10|S5
1|29|43|272|87|289|3N|N|10|C7
1|29|248|3|290|128|3N|N|11|C8
1|29|20|215|199|247|3N|N|9|C3
1|29|51|57|162|12|3N|N|9|C4
1|3|16|168|212|170|2H|E|7|C3
1|3|117|54|173|22|2H|E|9|C8
1|3|242|50|288|148|1N|N|7|HT
1|3|163|8|10|280|2H|E|9|C8
1|3|138|7|153|105|3D|N|9|CJ
1|3|266|260|262|274|2H|E|8|D4
1|3|66|272|63|289|3D|S|8|H4
1|3|248|43|290|87|2H|E|8|C8
1|3|20|215|199|247|2H|E|8|C4
1|3|51|57|162|12|2H|W|8|CA
1|30|16|100|212|17|2D|N|8|H7
1|30|117|54|173|22|2N|S|9|HK
1|30|8|50|280|148|2N|S|9|HK
1|30|89|242|160|288|2H|W|7|S4
1|30|292|7|193|105|1S|S|7|HK
1|30|266|260|262|274|3N|N|8|C5
1|30|43|272|87|289|2N|N|8|C5
1|30|248|3|290|128|3N|N|8|C5
1|30|20|215|199|247|2N|S|8|HK
1|30|51|57|162|12|3N|N|8|SK
1|31|16|100|212|17|3N|W|11|S5
1|31|117|54|173|22|3N|W|9|S5
1|31|8|50|280|148|3N|W|9|S5
1|31|89|242|160|288|3N|W|9|HJ
1|31|292|7|193|105|3N|W|8|HJ
1|31|266|260|262|274|3N|W|9|S2
1|31|43|272|87|289|3N|W|9|S2
1|31|248|3|290|128|3N|W|10|S5
1|31|20|215|199|247|3N|W|9|S3
1|31|51|57|162|12|3N|W|10|S5
1|32|16|100|212|17|4H|W|8|SJ
1|32|117|54|173|22|4H|W|10|S3
1|32|8|50|280|148|3N|E|9|S3
1|32|89|242|160|288|3N|E|9|SJ
1|32|292|7|193|105|3N|E|9|S3
1|32|266|260|262|274|3N|E|10|H2
1|32|43|272|87|289|3N|E|9|S7
1|32|248|3|290|128|4H|E|10|SA
1|32|20|215|199|247|3N|W|9|S3
1|32|51|57|162|12|3N|W|9|SJ
1|4|16|168|212|170|1N|S|7|DT
1|4|117|54|173|22|2C|N|7|D3
1|4|242|50|288|148|1N|N|6|C2
1|4|163|8|10|280|1N|S|7|SK
1|4|138|7|153|105|1S|N|6|D2
1|4|266|260|262|274|1N|N|8|C2
1|4|66|272|63|289|3C|N|9|D8
1|4|248|43|290|87|1N|S|7|DT
1|4|20|215|199|247|2C|N|8|H8
1|4|51|57|162|12|2C|N|8|HA
1|5|16|168|212|170|4C|S|11|S7
1|5|117|54|173|22|4SX|E|9|H3
1|5|242|50|288|148|4SX|E|8|CA
1|5|163|8|10|280|5C|N|11|SA
1|5|138|7|153|105|5C|N|11|SA
1|5|266|260|262|274|5C|S|11|S6
1|5|66|272|63|289|3S|E|8|CA
1|5|248|43|290|87|4H|N|9|C3
1|5|20|215|199|247|5C|N|11|SA
1|5|51|57|162|12|4SX|E|8|CA
1|6|16|168|212|170|3N|S|11|S3
1|6|117|54|173|22|3N|S|11|SQ
1|6|242|50|288|148|3N|S|10|SQ
1|6|163|8|10|280|3N|S|11|SQ
1|6|138|7|153|105|3N|N|10|SQ
1|6|266|260|262|274|3N|S|9|SQ
1|6|66|272|63|289|3N|N|10|S8
1|6|248|43|290|87|3N|S|7|S3
1|6|20|215|199|247|3N|S|11|SQ
1|6|51|57|162|12|3N|S|10|S5
1|7|16|168|212|170|4N|E|8|D6
1|7|117|54|173|22|4H|W|11|DA
1|7|242|50|288|148|4H|W|11|DA
1|7|163|8|10|280|4H|W|10|DA
1|7|138|7|153|105|4H|W|12|DK
1|7|266|260|262|274|4H|W|11|DK
1|7|66|272|63|289|4H|W|11|DK
1|7|248|43|290|87|4H|W|10|DK
1|7|20|215|199|247|4H|W|11|DA
1|7|51|57|162|12|4H|W|10|DA
1|8|16|168|212|170|6H|N|13|S3
1|8|117|54|173|22|6H|N|13|S3
1|8|242|50|288|148|7H|N|13|S3
1|8|163|8|10|280|6H|N|13|S3
1|8|138|7|153|105|6H|S|13|SJ
1|8|266|260|262|274|6H|N|13|DJ
1|8|66|272|63|289|6H|N|13|H3
1|8|248|43|290|87|6H|N|13|S3
1|8|20|215|199|247|6H|N|13|S3
1|8|51|57|162|12|7H|N|13|H4
1|9|16|168|212|170|3N|S|11|ST
1|9|117|54|173|22|3N|S|9|ST
1|9|242|50|288|148|3N|S|10|S9
1|9|163|8|10|280|3N|S|9|ST
1|9|138|7|153|105|3N|S|11|S9
1|9|266|260|262|274|3N|S|10|S9
1|9|66|272|63|289|3N|S|9|S3
1|9|248|43|290|87|3N|S|11|ST
1|9|20|215|199|247|3N|S|9|ST
1|9|51|57|162|12|3N|S|8|S9
2|1|89|54|160|22|2D|S|5|D3
2|1|16|163|212|10|2D|S|7|CT
2|1|7|103|105|115|2H|W|7|C5
2|1|242|266|288|262|2D|S|7|CT
2|1|272|292|289|193|2D|S|4|DA
2|1|138|248|153|290|1N|N|4|HT
2|1|215|3|247|128|2D|S|9|DK
2|1|66|51|63|162|2HX|E|9|HQ
2|1|100|57|17|12|2H|W|8|SJ
2|1|20|168|199|170|2H|E|6|D2
2|10|89|54|160|22|4H|S|11|DT
2|10|16|163|212|10|4H|N|10|CJ
2|10|7|103|105|115|3N|N|10|S5
2|10|242|266|288|262|4H|S|11|H4
2|10|272|292|289|193|4H|S|10|DT
2|10|138|248|153|290|4H|N|10|CJ
2|10|215|3|247|128|4H|N|11|S2
2|10|66|51|63|162|3N|N|11|S5
2|10|100|57|17|12|4H|N|10|CJ
2|10|20|168|199|170|4H|N|10|CJ
2|11|89|54|160|22|3H|W|9|S5
2|11|16|163|212|10|2N|E|8|S7
2|11|7|103|105|115|3H|W|9|S6
2|11|242|266|288|262|3H|W|9|S6
2|11|272|292|289|193|2S|S|7|D9
2|11|138|248|153|290|3S|S|7|D9
2|11|215|3|247|128|3H|W|9|S5
2|11|66|51|63|162|2S|S|7|D8
2|11|100|57|17|12|3H|W|9|S5
2|11|20|168|199|170|2N|E|9|S7
2|12|89|54|160|22|2S|S|9|S5
2|12|16|163|212|10|1NX|E|7|H9
2|12|7|103|105|115|2D|W|8|SJ
2|12|242|266|288|262|3S|S|8|H8
2|12|272|292|289|193|1H|N|7|DT
2|12|138|248|153|290|2S|S|8|S6
2|12|215|3|247|128|2D|E|9|D2
2|12|66|51|63|162|1N|E|7|S7
2|12|100|57|17|12|2H|N|7|DT
2|12|20|168|199|170|1N|E|7|S7
2|13|89|54|160|22|2H|N|10|SQ
2|13|16|163|212|10|4H|N|10|SQ
2|13|7|103|105|115|2H|N|10|SJ
2|13|242|266|288|262|2H|N|10|SQ
2|13|272|292|289|193|2S|W|7|HK
2|13|138|248|153|290|2S|W|6|HK
2|13|215|3|247|128|2H|N|11|SQ
2|13|66|51|63|162|2H|N|10|SQ
2|13|100|57|17|12|3H|N|10|CK
2|13|20|168|199|170|2H|N|10|SQ
2|14|89|54|160|22|4S|E|12|H9
2|14|16|163|212|10|4S|W|11|CQ
2|14|7|103|105|115|4S|E|11|C9
2|14|242|266|288|262|4S|E|11|C4
2|14|272|292|289|193|4S|E|10|C9
2|14|138|248|153|290|4S|W|12|CK
2|14|215|3|247|128|3N|W|9|CK
2|14|66|51|63|162|3N|W|10|CK
2|14|100|57|17|12|3N|W|10|CQ
2|14|20|168|199|170|4S|E|10|H4
2|15|89|54|160|22|3N|W|10|C9
2|15|16|163|212|10|3N|W|9|D3
2|15|7|103|105|115|4N|W|9|C9
2|15|242|266|288|262|3N|W|10|D2
2|15|272|292|289|193|3N|E|8|CQ
2|15|138|248|153|290|3D|E|11|H7
2|15|215|3|247|128|4D|E|10|S6
2|15|66|51|63|162|3N|W|11|D3
2|15|100|57|17|12|3N|W|11|D2
2|15|20|168|199|170|3N|W|10|S8
2|16|89|54|160|22|3N|E|9|S5
2|16|16|163|212|10|4SX|S|6|CA
2|16|7|103|105|115|4H|E|10|D8
2|16|242|266|288|262|3C|W|10|DA
2|16|272|292|289|193|4H|W|10|S3
2|16|138|248|153|290|3C|W|11|HK
2|16|215|3|247|128|4H|W|10|CQ
2|16|66|51|63|162|4H|W|10|S4
2|16|100|57|17|12|3C|W|10|HK
2|16|20|168|199|170|4H|W|10|DA
2|17|89|54|160|22|3N|S|9|S6
2|17|16|163|212|10|3N|S|9|S4
2|17|7|8|105|280|4HX|N|10|SK
2|17|242|266|288|262|3N|S|10|S4
2|17|272|260|289|274|1SX|E|7|HQ
2|17|138|248|153|290|3N|S|10|S6
2|17|215|66|247|63|3N|S|9|C5
2|17|43|51|87|162|3NX|S|9|S9
2|17|100|20|17|199|3N|S|10|S6
2|17|57|117|12|173|5D|N|11|D3
2|18|89|54|160|22|2S|S|8|HQ
2|18|16|163|212|10|2S|N|8|DT
2|18|7|8|105|280|2S|N|9|DT
2|18|242|266|288|262|1N|S|9|S4
2|18|272|260|289|274|2S|S|9|D4
2|18|138|248|153|290|2S|S|9|D5
2|18|215|66|247|63|2S|S|8|HQ
2|18|43|51|87|162|1N|S|9|C3
2|18|100|20|17|199|2S|S|9|HQ
2|18|57|117|12|173|2S|N|8|H3
2|19|89|54|160|22|6S|W|13|C6
2|19|16|163|212|10|6S|E|13|DA
2|19|7|8|105|280|7S|E|13|DA
2|19|242|266|288|262|7DX|S|9|C7
2|19|272|260|289|274|7H|W|13|D6
2|19|138|248|153|290|6H|W|13|SJ
2|19|215|66|247|63|7DX|S|9|C6
2|19|43|51|87|162|7S|E|13|DK
2|19|100|20|17|199|7H|W|13|C2
2|19|57|117|12|173|7DX|S|10|C7
2|2|89|54|160|22|6C|S|12|S2
2|2|16|163|212|10|6C|S|12|S3
2|2|7|103|105|115|6C|S|12|SK
2|2|242|266|288|262|4H|N|13|C9
2|2|272|292|289|193|6C|S|12|S4
2|2|138|248|153|290|4SX|W|6|S5
2|2|215|3|247|128|6C|S|12|S5
2|2|66|51|63|162|6SX|W|6|DK
2|2|100|57|17|12|5H|N|12|SA
2|2|20|168|199|170|6C|S|12|S3
2|20|89|54|160|22|4S|W|11|H6
2|20|16|163|212|10|4S|W|10|H6
2|20|7|8|105|280|4S|W|11|C5
2|20|242|266|288|262|4S|W|12|H4
2|20|272|260|289|274|4S|W|11|C6
2|20|138|248|153|290|5C|E|10|HJ
2|20|215|66|247|63|4S|W|9|D9
2|20|43|51|87|162|3N|E|11|HJ
2|20|100|20|17|199|4S|W|11|H6
2|20|57|117|12|173|4S|W|11|ST
2|21|89|54|160|22|5DX|W|10|CA
2|21|16|163|212|10|5DX|W|10|CK
2|21|7|8|105|280|5DX|W|10|D8
2|21|242|266|288|262|6C|S|12|DK
2|21|272|260|289|274|3C|S|11|H9
2|21|138|248|153|290|5C|N|11|DQ
2|21|215|66|247|63|5C|N|11|DQ
2|21|43|51|87|162|5DX|W|10|D8
2|21|100|20|17|199|6C|N|11|DQ
2|21|57|117|12|173|5C|S|11|DA
2|22|89|54|160|22|3N|E|10|C3
2|22|16|163|212|10|3N|E|10|CA
2|22|7|8|105|280|3N|E|10|SA
2|22|242|266|288|262|3N|E|10|SA
2|22|272|260|289|274|3N|E|10|CJ
2|22|138|248|153|290|3N|E|10|CA
2|22|215|66|247|63|4SX|S|8|DA
2|22|43|51|87|162|3N|E|10|CJ
2|22|100|20|17|199|3N|E|10|C2
2|22|57|117|12|173|3N|E|10|CJ
2|23|89|54|160|22|2S|S|9|HJ
2|23|16|163|212|10|2D|S|9|HJ
2|23|7|8|105|280|2S|N|8|HA
2|23|242|266|288|262|2S|N|9|HA
2|23|272|260|289|274|2N|S|8|HJ
2|23|138|248|153|290|2S|E|5|DA
2|23|215|66|247|63|2S|S|8|HJ
2|23|43|51|87|162|5HX|W|10|H6
2|23|100|20|17|199|2SX|E|5|DK
2|23|57|117|12|173|2S|S|8|HJ
2|24|89|54|160|22|3N|E|10|HQ
2|24|16|163|212|10|4H|W|10|S3
2|24|7|8|105|280|3N|W|10|S6
2|24|242|266|288|262|3N|E|11|S2
2|24|272|260|289|274|3N|W|11|HJ
2|24|138|248|153|290|3N|W|10|S3
2|24|215|66|247|63|3N|W|9|H5
2|24|43|51|87|162|3N|W|8|D8
2|24|100|20|17|199|3N|E|10|S2
2|24|57|117|12|173|3N|E|10|S2
2|25|89|54|160|22|3N|E|9|D5
2|25|16|163|212|10|3N|E|9|CQ
2|25|7|8|105|280|3N|E|8|H3
2|25|242|266|288|262|5C|E|10|D4
2|25|272|260|289|274|5C|E|9|D5
2|25|138|248|153|290|3N|E|8|H8
2|25|215|66|247|63|5C|E|10|D5
2|25|43|51|87|162|6C|E|11|H5
2|25|100|20|17|199|5C|W|10|DK
2|25|57|117|12|173|3N|W|8|D5
2|26|89|54|160|22|1N|S|6|HJ
2|26|16|163|212|10|2S|E|7|SA
2|26|7|8|105|280|2N|S|6|S2
2|26|242|266|288|262|1N|S|7|HJ
2|26|272|260|289|274|1N|S|6|HJ
2|26|138|248|153|290|2S|E|7|HA
2|26|215|66|247|63|4H|E|10|HK
2|26|43|51|87|162|4H|E|10|HA
2|26|100|20|17|199|2N|S|6|HJ
2|26|57|117|12|173|3CX|N|7|DK
2|27|89|54|160|22|2S|W|8|C9
2|27|16|163|212|10|3H|S|8|SA
2|27|7|8|105|280|3H|S|9|SA
2|27|242|266|288|262|1S|W|9|C2
2|27|272|260|289|274|3C|S|7|SA
2|27|138|248|153|290|4H|S|8|SA
2|27|215|66|247|63|4HX|S|9|SK
2|27|43|51|87|162|3H|S|8|SA
2|27|100|20|17|199|3C|S|7|SA
2|27|57|117|12|173|3S|W|8|H4
2|28|89|54|160|22|6DX|E|11|SQ
2|28|16|163|212|10|5C|N|11|DA
2|28|7|8|105|280|5C|S|11|D8
2|28|242|266|288|262|5C|N|11|DA
2|28|272|260|289|274|4HX|W|9|SK
2|28|138|248|153|290|6C|N|11|DK
2|28|215|66|247|63|6C|N|11|DA
2|28|43|51|87|162|5S|N|9|DA
2|28|100|20|17|199|6C|N|11|DA
2|28|57|117|12|173|5DX|E|10|DT
2|29|89|54|160|22|4S|N|11|C7
2|29|16|163|212|10|4S|S|12|D6
2|29|7|8|105|280|4S|N|11|H4
2|29|242|266|288|262|6N|S|12|C2
2|29|272|260|289|274|4S|N|11|H3
2|29|138|248|153|290|4S|S|11|C3
2|29|215|66|247|63|4S|N|11|H3
2|29|43|51|87|162|5S|N|10|D3
2|29|100|20|17|199|4S|N|11|H3
2|29|57|117|12|173|3N|S|12|C5
2|3|89|54|160|22|3N|E|11|C3
2|3|16|163|212|10|3N|E|11|C3
2|3|7|103|105|115|3N|E|10|H4
2|3|242|266|288|262|3N|E|12|DK
2|3|272|292|289|193|3N|E|11|SJ
2|3|138|248|153|290|3N|E|12|SJ
2|3|215|3|247|128|3N|W|12|C5
2|3|66|51|63|162|3N|E|12|SJ
2|3|100|57|17|12|3N|E|12|SJ
2|3|20|168|199|170|3N|E|10|H4
2|30|89|54|160|22|4S|E|13|CK
2|30|16|163|212|10|4S|E|13|CK
2|30|7|8|105|280|4S|E|13|CK
2|30|242|266|288|262|4S|E|13|CK
2|30|272|260|289|274|4S|E|13|CQ
2|30|138|248|153|290|4S|E|13|CK
2|30|215|66|247|63|4S|E|13|CK
2|30|43|51|87|162|6S|E|13|CK
2|30|100|20|17|199|5S|E|13|CK
2|30|57|117|12|173|4S|E|13|CK
2|31|89|54|160|22|6S|N|12|S3
2|31|16|163|212|10|4S|N|11|D9
2|31|7|8|105|280|4S|N|13|C3
2|31|242|266|288|262|4S|N|11|D7
2|31|272|260|289|274|4S|N|11|D3
2|31|138|248|153|290|4S|N|11|S3
2|31|215|66|247|63|6S|N|11|D8
2|31|43|51|87|162|4S|N|12|C2
2|31|100|20|17|199|4S|N|10|H6
2|31|57|117|12|173|4S|N|11|D8
2|32|89|54|160|22|5H|E|11|SA
2|32|16|163|212|10|3N|W|9|S7
2|32|7|8|105|280|4H|E|11|SK
2|32|242|266|288|262|4H|E|11|SA
2|32|272|260|289|274|4H|E|11|SK
2|32|138|248|153|290|4H|E|11|SK
2|32|215|66|247|63|4H|E|11|SK
2|32|43|51|87|162|3N|E|12|S3
2|32|100|20|17|199|4H|E|11|SA
2|32|57|117|12|173|4H|E|11|SK
2|4|89|54|160|22|4S|W|10|C4
2|4|16|163|212|10|3S|W|9|HK
2|4|7|103|105|115|4S|W|11|D9
2|4|242|266|288|262|4H|E|7|DK
2|4|272|292|289|193|4S|W|11|C4
2|4|138|248|153|290|4S|E|9|CT
2|4|215|3|247|128|4S|W|11|C9
2|4|66|51|63|162|4S|W|11|CT
2|4|100|57|17|12|5SX|W|9|D2
2|4|20|168|199|170|4S|W|11|C7
2|5|89|54|160|22|1N|S|6|S9
2|5|16|163|212|10|2H|S|8|C3
2|5|7|103|105|115|2H|S|7|H2
2|5|242|266|288|262|2H|S|8|H3
2|5|272|292|289|193|2H|S|8|H3
2|5|138|248|153|290|2CX|E|8|DJ
2|5|215|3|247|128|3CX|E|5|DJ
2|5|66|51|63|162|3H|S|8|C8
2|5|100|57|17|12|3H|S|8|H3
2|5|20|168|199|170|1N|E|6|H2
2|6|89|54|160|22|4S|E|9|DK
2|6|16|163|212|10|4S|E|9|DK
2|6|7|103|105|115|4S|E|9|DK
2|6|242|266|288|262|4S|E|9|DK
2|6|272|292|289|193|4S|E|9|DK
2|6|138|248|153|290|4S|E|9|DK
2|6|215|3|247|128|4SX|E|8|DQ
2|6|66|51|63|162|4S|E|9|DQ
2|6|100|57|17|12|4SX|W|9|C3
2|6|20|168|199|170|3N|E|9|DK
2|7|89|54|160|22|3N|E|11|CJ
2|7|16|163|212|10|3N|W|11|HT
2|7|7|103|105|115|3N|W|11|H9
2|7|242|266|288|262|3N|W|10|C7
2|7|272|292|289|193|3N|W|11|HT
2|7|138|248|153|290|3N|W|11|HT
2|7|215|3|247|128|3N|W|10|H9
2|7|66|51|63|162|3N|W|11|HT
2|7|100|57|17|12|3N|W|11|D6
2|7|20|168|199|170|3N|W|10|HT
2|8|89|54|160|22|4S|N|11|H4
2|8|16|163|212|10|5H|N|12|H5
2|8|7|103|105|115|4H|N|11|H5
2|8|242|266|288|262|4H|N|12|H7
2|8|272|292|289|193|4H|N|12|H8
2|8|138|248|153|290|6H|N|12|H2
2|8|215|3|247|128|4H|N|12|C2
2|8|66|51|63|162|4H|N|12|H3
2|8|100|57|17|12|4H|N|12|C3
2|8|20|168|199|170|4H|N|12|D2
2|9|89|54|160|22|2S|S|9|C2
2|9|16|163|212|10|2S|S|9|DJ
2|9|7|103|105|115|4S|S|10|S2
2|9|242|266|288|262|4S|S|10|DJ
2|9|272|292|289|193|4S|S|9|DJ
2|9|138|248|153|290|4S|S|10|DJ
2|9|215|3|247|128|4S|S|10|DJ
2|9|66|51|63|162|4S|S|10|DJ
2|9|100|57|17|12|4S|S|10|H9
2|9|20|168|199|170|4S|S|9|DJ
3|1|16|7|212|105|5D|S|11|HA
3|1|266|54|262|22|4D|S|11|HA
3|1|242|116|288|15|4S|S|10|HA
3|1|272|103|289|115|3N|S|6|HA
3|1|260|215|274|247|5D|N|11|HT
3|1|51|292|162|193|5D|N|11|HT
3|1|3|49|128|12|4HX|W|7|S6
3|1|57|43|199|87|5D|S|11|HA
3|1|89|168|160|170|4D|N|11|HT
3|1|100|50|17|148|4S|S|10|HA
3|10|16|7|212|105|3D|N|7|CK
3|10|266|54|262|22|2C|E|6|DK
3|10|242|116|288|15|3H|N|9|CA
3|10|272|103|289|115|3H|N|6|CK
3|10|260|215|274|247|2S|E|6|D6
3|10|51|292|162|193|2S|W|7|HK
3|10|3|49|128|12|4H|N|9|CA
3|10|57|43|199|87|2D|S|8|CJ
3|10|89|168|160|170|3H|N|9|D9
3|10|100|50|17|148|3H|N|9|CA
3|11|16|7|212|105|4S|S|11|DA
3|11|266|54|262|22|4S|S|11|DA
3|11|242|116|288|15|4S|S|10|C3
3|11|272|103|289|115|4S|S|11|S8
3|11|260|215|274|247|4S|S|11|DA
3|11|51|292|162|193|3N|N|8|D5
3|11|3|49|128|12|4S|S|10|C2
3|11|57|43|199|87|4S|N|11|D2
3|11|89|168|160|170|4S|S|10|H7
3|11|100|50|17|148|4S|S|11|DA
3|12|16|7|212|105|3N|E|8|DA
3|12|266|54|262|22|1N|W|8|S3
3|12|242|116|288|15|2N|W|8|S2
3|12|272|103|289|115|1N|W|7|C5
3|12|260|215|274|247|1N|W|8|C2
3|12|51|292|162|193|2C|E|9|DA
3|12|3|49|128|12|1N|W|8|DT
3|12|57|43|199|87|1N|W|8|C9
3|12|89|168|160|170|1N|W|10|S2
3|12|100|50|17|148|2H|W|8|DA
3|13|16|7|212|105|3H|W|10|HK
3|13|266|54|262|22|3H|W|10|D8
3|13|242|116|288|15|3D|S|8|D9
3|13|272|103|289|115|3H|W|9|D2
3|13|260|215|274|247|3D|S|7|HA
3|13|51|292|162|193|3C|W|10|C4
3|13|3|49|128|12|4H|W|9|D3
3|13|57|43|199|87|2H|W|9|S2
3|13|89|168|160|170|4H|W|9|D8
3|13|100|50|17|148|3H|W|10|D4
3|14|16|7|212|105|4SX|S|9|HQ
3|14|266|54|262|22|5DX|N|10|HA
3|14|242|116|288|15|5H|W|11|DA
3|14|272|103|289|115|4H|W|10|DK
3|14|260|215|274|247|4H|W|10|DA
3|14|51|292|162|193|4SX|S|9|D8
3|14|3|49|128|12|5D|N|10|HA
3|14|57|43|199|87|5H|W|11|DA
3|14|89|168|160|170|5DX|N|8|D8
3|14|100|50|17|148|5H|W|11|DK
3|15|16|7|212|105|4SX|W|9|DK
3|15|266|54|262|22|4SX|W|9|DK
3|15|242|116|288|15|4SX|W|9|DA
3|15|272|103|289|115|2S|W|9|DK
3|15|260|215|274|247|4H|N|9|D5
3|15|51|292|162|193|4H|S|11|D2
3|15|3|49|128|12|3S|W|9|DA
3|15|57|43|199|87|3S|W|9|DK
3|15|89|168|160|170|4S|W|9|DA
3|15|100|50|17|148|3H|S|11|D3
3|16|16|7|212|105|3N|E|8|DT
3|16|266|54|262|22|3S|E|9|DT
3|16|242|116|288|15|4SX|E|9|DT
3|16|272|103|289|115|2S|E|9|D9
3|16|260|215|274|247|3S|E|9|DT
3|16|51|292|162|193|4S|E|9|C7
3|16|3|49|128|12|3S|E|9|DT
3|16|57|43|199|87|2S|E|9|DT
3|16|89|168|160|170|2S|E|9|DT
3|16|100|50|17|148|5DX|N|9|SA
3|17|16|7|212|105|5CX|W|11|SA
3|17|266|54|262|22|5CX|W|11|SA
3|17|8|116|280|15|3S|N|9|C8
3|17|272|103|289|115|5CX|W|10|DA
3|17|138|215|153|247|4S|N|10|D2
3|17|51|292|162|193|4S|N|9|CA
3|17|3|49|128|12|5CX|W|11|DA
3|17|57|66|199|63|5D|S|9|CA
3|17|50|168|148|170|4S|N|8|D5
3|17|117|163|173|10|4S|N|9|HA
3|18|16|7|212|105|5DX|E|10|H3
3|18|266|54|262|22|5D|E|10|S2
3|18|8|116|280|15|2D|W|10|HA
3|18|272|103|289|115|4D|E|10|H2
3|18|138|215|153|247|4DX|E|10|S8
3|18|51|292|162|193|3H|S|7|D2
3|18|3|49|128|12|2D|W|10|D9
3|18|57|66|199|63|5DX|E|10|CA
3|18|50|168|148|170|4C|S|10|S7
3|18|117|163|173|10|4C|S|10|S7
3|19|16|7|212|105|3N|N|10|S5
3|19|266|54|262|22|3N|S|10|SJ
3|19|8|116|280|15|4H|N|10|DQ
3|19|272|103|289|115|3N|S|10|ST
3|19|138|215|153|247|3N|S|11|SJ
3|19|51|292|162|193|3N|S|10|SJ
3|19|3|49|128|12|3N|S|10|SJ
3|19|57|66|199|63|3N|S|10|SJ
3|19|50|168|148|170|5C|S|11|HK
3|19|117|163|173|10|3N|S|10|SJ
3|2|16|7|212|105|3N|W|9|D8
3|2|266|54|262|22|3C|W|10|H5
3|2|242|116|288|15|3N|W|7|H4
3|2|272|103|289|115|3C|E|10|SJ
3|2|260|215|274|247|3N|W|8|D5
3|2|51|292|162|193|3N|W|8|C7
3|2|3|49|128|12|3N|W|7|D4
3|2|57|43|199|87|3N|W|9|S8
3|2|89|168|160|170|3N|W|8|CT
3|2|100|50|17|148|3N|W|9|C7
3|20|16|7|212|105|2S|E|9|H5
3|20|266|54|262|22|2S|E|9|D2
3|20|8|116|280|15|4H|W|10|S4
3|20|272|103|289|115|2H|W|10|D4
3|20|138|215|153|247|2H|W|10|D4
3|20|51|292|162|193|1N|N|6|S6
3|20|3|49|128|12|1N|N|6|S6
3|20|57|66|199|63|2H|W|10|S3
3|20|50|168|148|170|2H|W|12|S4
3|20|117|163|173|10|4H|W|11|S3
3|21|16|7|212|105|2H|S|9|CA
3|21|266|54|262|22|4C|W|9|H9
3|21|8|116|280|15|2H|N|8|SA
3|21|272|103|289|115|2H|N|9|H3
3|21|138|215|153|247|5CX|E|10|HK
3|21|51|292|162|193|2H|S|9|S5
3|21|3|49|128|12|3C|E|9|HA
3|21|57|66|199|63|4SX|N|9|C4
3|21|50|168|148|170|4SX|N|9|D6
3|21|117|163|173|10|2H|N|8|SA
3|22|16|7|212|105|3D|S|8|CJ
3|22|266|54|262|22|2H|E|8|S3
3|22|8|116|280|15|3H|W|8|SK
3|22|272|103|289|115|3H|W|9|CT
3|22|138|215|153|247|3D|S|9|HQ
3|22|51|292|162|193|2H|E|9|CT
3|22|3|49|128|12|3H|W|7|SK
3|22|57|66|199|63|3S|N|8|H6
3|22|50|168|148|170|2H|E|9|CT
3|22|117|163|173|10|2S|N|9|S6
3|23|16|7|212|105|4S|E|9|HA
3|23|266|54|262|22|4S|E|10|HK
3|23|8|116|280|15|3S|W|9|H5
3|23|272|103|289|115|4S|W|9|HK
3|23|138|215|153|247|4SX|E|9|HK
3|23|51|292|162|193|3D|N|9|DA
3|23|3|49|128|12|3S|E|9|HA
3|23|57|66|199|63|4S|W|9|C3
3|23|50|168|148|170|4S|E|9|HA
3|23|117|163|173|10|4S|E|9|HQ
3|24|16|7|212|105|6C|E|13|D6
3|24|266|54|262|22|4H|W|13|S7
3|24|8|116|280|15|6H|W|13|S7
3|24|272|103|289|115|6H|W|13|S7
3|24|138|215|153|247|4SX|S|6|HJ
3|24|51|292|162|193|4SX|S|6|HJ
3|24|3|49|128|12|5C|E|10|D6
3|24|57|66|199|63|6H|W|13|S7
3|24|50|168|148|170|4N|E|13|CJ
3|24|117|163|173|10|7C|E|13|H3
3|25|16|7|212|105|3N|S|9|D9
3|25|266|54|262|22|3N|S|10|SQ
3|25|8|116|280|15|3N|S|9|D9
3|25|272|103|289|115|3N|S|10|D7
3|25|138|215|153|247|3N|N|10|S5
3|25|51|292|162|193|3N|N|10|S5
3|25|3|49|128|12|3N|S|10|DT
3|25|57|66|199|63|3N|N|9|D6
3|25|50|168|148|170|3N|N|9|S6
3|25|117|163|173|10|3N|N|10|D3
3|26|16|7|212|105|2D|W|10|CK
3|26|266|54|262|22|3D|W|9|CK
3|26|8|116|280|15|3D|W|10|CK
3|26|272|103|289|115|4D|W|9|CQ
3|26|138|215|153|247|1S|N|8|D9
3|26|51|292|162|193|2SX|N|8|S3
3|26|3|49|128|12|3D|W|9|HA
3|26|57|66|199|63|4H|W|6|CK
3|26|50|168|148|170|3SX|N|9|S3
3|26|117|163|173|10|4D|W|9|HA
3|27|16|7|212|105|6D|W|12|C7
3|27|266|54|262|22|6D|W|12|S2
3|27|8|116|280|15|3N|W|12|C7
3|27|272|103|289|115|3N|W|9|S3
3|27|138|215|153|247|6D|W|12|HA
3|27|51|292|162|193|4N|W|12|S3
3|27|3|49|128|12|4D|W|12|S3
3|27|57|66|199|63|7D|W|12|C4
3|27|50|168|148|170|6D|E|12|HA
3|27|117|163|173|10|5D|E|13|HJ
3|28|16|7|212|105|2H|E|9|D2
3|28|266|54|262|22|2H|E|9|D4
3|28|8|116|280|15|3N|N|5|HK
3|28|272|103|289|115|2H|E|9|CJ
3|28|138|215|153|247|3H|E|8|SK
3|28|51|292|162|193|2H|E|8|H2
3|28|3|49|128|12|4SX|W|6|H5
3|28|57|66|199|63|2H|E|8|H9
3|28|50|168|148|170|2H|E|8|SK
3|28|117|163|173|10|2H|E|9|S3
3|29|16|7|212|105|4H|N|12|ST
3|29|266|54|262|22|4H|N|12|D7
3|29|8|116|280|15|4H|N|13|D7
3|29|272|103|289|115|4H|N|12|C2
3|29|138|215|153|247|4H|N|12|SJ
3|29|51|292|162|193|3N|S|12|CK
3|29|3|49|128|12|4H|N|12|D7
3|29|57|66|199|63|4H|N|12|SJ
3|29|50|168|148|170|4H|N|12|D2
3|29|117|163|173|10|4H|N|12|D3
3|3|16|7|212|105|4S|N|10|CK
3|3|266|54|262|22|4S|N|11|H2
3|3|242|116|288|15|4S|N|9|CK
3|3|272|103|289|115|2S|N|9|CQ
3|3|260|215|274|247|4S|N|9|CK
3|3|51|292|162|193|4S|N|9|CQ
3|3|3|49|128|12|4S|S|9|H5
3|3|57|43|199|87|4S|N|9|CK
3|3|89|168|160|170|4S|N|9|CK
3|3|100|50|17|148|4S|N|10|CK
3|30|16|7|212|105|3D|S|11|CJ
3|30|266|54|262|22|5CX|E|9|HJ
3|30|8|116|280|15|4SX|S|8|CJ
3|30|272|103|289|115|4D|S|11|HQ
3|30|138|215|153|247|5D|S|11|CJ
3|30|51|292|162|193|3S|S|10|CJ
3|30|3|49|128|12|4D|S|11|CJ
3|30|57|66|199|63|4SX|S|10|CJ
3|30|50|168|148|170|3D|S|10|CJ
3|30|117|163|173|10|5DX|S|11|H3
3|31|16|7|212|105|1N|W|10|H5
3|31|266|54|262|22|2S|S|8|C4
3|31|8|116|280|15|2D|E|8|HT
3|31|272|103|289|115|3D|E|8|HT
3|31|138|215|153|247|1N|W|6|H5
3|31|51|292|162|193|1N|W|9|H5
3|31|3|49|128|12|3C|W|7|SQ
3|31|57|66|199|63|1N|N|6|D6
3|31|50|168|148|170|2H|N|6|HJ
3|31|117|163|173|10|3N|E|5|SQ
3|32|16|7|212|105|3N|W|8|S5
3|32|266|54|262|22|4H|W|10|DJ
3|32|8|116|280|15|2S|S|5|H3
3|32|272|103|289|115|3N|W|12|DT
3|32|138|215|153|247|4H|W|11|DJ
3|32|51|292|162|193|2H|W|11|DJ
3|32|3|49|128|12|4H|W|11|C5
3|32|57|66|199|63|4H|W|11|DJ
3|32|50|168|148|170|4H|W|11|DJ
3|32|117|163|173|10|4H|E|11|D3
3|4|16|7|212|105|3N|S|10|DT
3|4|266|54|262|22|3N|N|10|DA
3|4|242|116|288|15|3N|N|10|H4
3|4|272|103|289|115|3N|N|10|DK
3|4|260|215|274|247|3N|N|10|CT
3|4|51|292|162|193|3N|N|9|DA
3|4|3|49|128|12|3N|S|9|H3
3|4|57|43|199|87|4H|N|10|DA
3|4|89|168|160|170|3N|N|10|DK
3|4|100|50|17|148|3N|S|9|H3
3|5|16|7|212|105|2S|E|9|S6
3|5|266|54|262|22|2H|W|9|DK
3|5|242|116|288|15|2S|E|8|HJ
3|5|272|103|289|115|2H|W|9|DQ
3|5|260|215|274|247|2S|E|9|S5
3|5|51|292|162|193|2S|E|9|HJ
3|5|3|49|128|12|1N|S|7|H5
3|5|57|43|199|87|2S|E|8|S3
3|5|89|168|160|170|2S|E|9|D8
3|5|100|50|17|148|2H|W|10|DQ
3|6|16|7|212|105|4S|N|11|CJ
3|6|266|54|262|22|4S|N|11|CJ
3|6|242|116|288|15|4S|N|11|CJ
3|6|272|103|289|115|3N|S|10|CA
3|6|260|215|274|247|4S|N|11|CJ
3|6|51|292|162|193|4S|N|11|CJ
3|6|3|49|128|12|4S|S|11|CA
3|6|57|43|199|87|4S|N|11|CJ
3|6|89|168|160|170|1S|N|13|D3
3|6|100|50|17|148|4S|N|11|CJ
3|7|16|7|212|105|1N|S|7|H2
3|7|266|54|262|22|2H|W|6|SK
3|7|242|116|288|15|3D|N|8|HA
3|7|272|103|289|115|2H|W|7|CQ
3|7|260|215|274|247|2H|E|6|SK
3|7|51|292|162|193|2C|S|8|H2
3|7|3|49|128|12|2H|E|6|S3
3|7|57|43|199|87|2S|S|8|S3
3|7|89|168|160|170|1N|S|7|H5
3|7|100|50|17|148|2H|S|6|C4
3|8|16|7|212|105|4H|W|13|DJ
3|8|266|54|262|22|4H|W|13|C5
3|8|242|116|288|15|5H|E|12|S7
3|8|272|103|289|115|4H|W|13|C2
3|8|260|215|274|247|4H|E|13|DJ
3|8|51|292|162|193|4S|E|5|D2
3|8|3|49|128|12|4H|W|13|C2
3|8|57|43|199|87|5CX|S|8|HT
3|8|89|168|160|170|4H|E|13|D2
3|8|100|50|17|148|4H|E|13|D2
3|9|16|7|212|105|3D|S|10|H5
3|9|266|54|262|22|4D|S|9|H6
3|9|242|116|288|15|3N|N|8|HQ
3|9|272|103|289|115|3N|S|7|ST
3|9|260|215|274|247|3N|N|8|HQ
3|9|51|292|162|193|3N|S|9|S5
3|9|3|49|128|12|3N|S|8|ST
3|9|57|43|199|87|1N|S|9|S8
3|9|89|168|160|170|2S|W|6|D2
3|9|100|50|17|148|3N|S|9|S9
4|1|116|54|15|22|2H|E|7|CK
4|1|16|272|212|289|2D|W|7|ST
4|1|215|223|247|122|1N|E|6|S6
4|1|103|96|115|257|2H|E|7|CK
4|1|20|260|199|274|1S|N|6|H3
4|1|138|57|153|12|2S|E|6|CA
4|1|168|3|170|128|1N|N|6|H4
4|1|66|117|63|173|2D|W|8|ST
4|1|163|7|10|105|2H|E|7|CK
4|1|266|50|262|148|2H|E|6|CK
4|10|116|54|15|22|4S|W|9|CJ
4|10|16|272|212|289|3S|W|9|CJ
4|10|215|223|247|122|2N|W|7|CJ
4|10|103|96|115|257|2N|W|7|CJ
4|10|20|260|199|274|2S|W|9|CJ
4|10|138|57|153|12|2N|W|8|CJ
4|10|168|3|170|128|4S|W|9|CJ
4|10|66|117|63|173|2S|W|8|CJ
4|10|163|7|10|105|3N|W|7|CJ
4|10|266|50|262|148|2S|W|8|CJ
4|11|116|54|15|22|6C|E|12|HQ
4|11|16|272|212|289|3N|W|11|D5
4|11|215|223|247|122|4N|W|11|D5
4|11|103|96|115|257|6C|E|11|DK
4|11|20|260|199|274|6C|E|12|S2
4|11|138|57|153|12|6C|E|13|D2
4|11|168|3|170|128|3N|E|11|D2
4|11|66|117|63|173|3N|W|11|D5
4|11|163|7|10|105|3N|W|11|D3
4|11|266|50|262|148|3N|W|11|D3
4|12|116|54|15|22|1N|W|8|HQ
4|12|16|272|212|289|2S|S|5|CK
4|12|215|223|247|122|2H|N|6|SA
4|12|103|96|115|257|1N|W|8|HQ
4|12|20|260|199|274|3D|W|9|D3
4|12|138|57|153|12|1N|W|8|HQ
4|12|168|3|170|128|1N|W|8|HQ
4|12|66|117|63|173|1N|W|8|HQ
4|12|163|7|10|105|2S|S|7|CA
4|12|266|50|262|148|1N|W|9|HQ
4|13|116|54|15|22|2N|E|8|C7
4|13|16|272|212|289|2D|W|8|D2
4|13|215|223|247|122|2N|E|7|C7
4|13|103|96|115|257|2D|W|7|D2
4|13|20|260|199|274|2N|E|9|C7
4|13|138|57|153|12|1S|N|6|CK
4|13|168|3|170|128|1N|N|6|C5
4|13|66|117|63|173|1N|N|7|C3
4|13|163|7|10|105|2N|W|8|C9
4|13|266|50|262|148|2N|E|7|C8
4|14|116|54|15|22|3N|S|8|H5
4|14|16|272|212|289|2S|N|8|CQ
4|14|215|223|247|122|3N|S|8|H5
4|14|103|96|115|257|1N|S|7|H8
4|14|20|260|199|274|1N|S|7|H8
4|14|138|57|153|12|3N|N|8|H6
4|14|168|3|170|128|3N|S|8|H8
4|14|66|117|63|173|3N|S|7|H8
4|14|163|7|10|105|3N|S|7|H8
4|14|266|50|262|148|3N|S|7|H8
4|15|116|54|15|22|4H|W|10|D9
4|15|16|272|212|289|5CX|E|10|DK
4|15|215|223|247|122|4H|W|10|D7
4|15|103|96|115|257|4H|E|10|C8
4|15|20|260|199|274|4H|W|10|D7
4|15|138|57|153|12|5C|W|10|D7
4|15|168|3|170|128|3N|W|7|D3
4|15|66|117|63|173|4HX|W|9|D7
4|15|163|7|10|105|4H|W|11|S2
4|15|266|50|262|148|4H|E|10|DK
4|16|116|54|15|22|3N|S|9|C7
4|16|16|272|212|289|4S|S|10|H6
4|16|215|223|247|122|4S|N|9|H4
4|16|103|96|115|257|2D|N|10|H2
4|16|20|260|199|274|5S|N|10|DQ
4|16|138|57|153|12|2HX|E|7|D8
4|16|168|3|170|128|4S|N|10|H9
4|16|66|117|63|173|2HX|E|7|D8
4|16|163|7|10|105|2D|N|8|C2
4|16|266|50|262|148|4S|S|8|H5
4|17|116|54|15|22|2N|S|6|CQ
4|17|220|102|104|112|3H|N|6|DJ
4|17|215|223|247|122|3N|S|5|CQ
4|17|8|96|280|257|2H|N|8|C9
4|17|20|260|199|274|2S|S|7|CQ
4|17|292|57|193|12|2C|W|8|S2
4|17|168|43|170|87|2N|S|6|CQ
4|17|66|117|63|173|3H|S|8|CQ
4|17|89|7|160|105|3N|S|6|CQ
4|17|266|50|262|148|4S|S|8|CQ
4|18|116|54|15|22|3N|E|7|HK
4|18|220|102|104|112|3N|E|7|HK
4|18|215|223|247|122|2N|E|7|HQ
4|18|8|96|280|257|2N|E|6|H6
4|18|20|260|199|274|3N|E|7|HK
4|18|292|57|193|12|3N|E|7|HQ
4|18|168|43|170|87|3N|E|7|HK
4|18|66|117|63|173|2N|E|7|HQ
4|18|89|7|160|105|3N|E|7|HQ
4|18|266|50|262|148|2N|E|7|HK
4|19|116|54|15|22|5H|E|11|SA
4|19|220|102|104|112|5SX|S|8|HA
4|19|215|223|247|122|4H|W|11|S3
4|19|8|96|280|257|4SX|S|10|HA
4|19|20|260|199|274|5H|W|12|SK
4|19|292|57|193|12|5SX|S|9|HK
4|19|168|43|170|87|5H|E|10|CK
4|19|66|117|63|173|5SX|N|9|SJ
4|19|89|7|160|105|5SX|N|9|SJ
4|19|266|50|262|148|4S|S|9|HA
4|2|116|54|15|22|6H|E|12|SK
4|2|16|272|212|289|6H|E|12|S7
4|2|215|223|247|122|6H|E|12|H3
4|2|103|96|115|257|6H|E|12|H7
4|2|20|260|199|274|6H|E|12|S7
4|2|138|57|153|12|6H|E|12|SK
4|2|168|3|170|128|5H|E|12|SK
4|2|66|117|63|173|6H|E|12|SK
4|2|163|7|10|105|4H|E|12|SK
4|2|266|50|262|148|5H|E|12|H7
4|20|116|54|15|22|3H|S|9|S6
4|20|220|102|104|112|3H|S|7|H6
4|20|215|223|247|122|2H|S|7|H6
4|20|8|96|280|257|4H|S|9|H6
4|20|20|260|199|274|3H|S|7|H8
4|20|292|57|193|12|2C|N|6|SA
4|20|168|43|170|87|2H|S|8|CA
4|20|66|117|63|173|3H|S|7|H6
4|20|89|7|160|105|3H|S|8|S3
4|20|266|50|262|148|3H|S|8|H6
4|21|116|54|15|22|3N|N|10|C3
4|21|220|102|104|112|3N|N|12|C4
4|21|215|223|247|122|3N|N|8|C3
4|21|8|96|280|257|3N|N|10|C2
4|21|20|260|199|274|3N|N|9|C3
4|21|292|57|193|12|3N|N|10|C2
4|21|168|43|170|87|3N|N|10|C2
4|21|66|117|63|173|3N|N|10|C4
4|21|89|7|160|105|3N|N|12|C3
4|21|266|50|262|148|3N|N|10|H2
4|22|116|54|15|22|3N|S|9|DJ
4|22|220|102|104|112|4H|N|9|D6
4|22|215|223|247|122|3N|S|8|C5
4|22|8|96|280|257|3N|S|9|C3
4|22|20|260|199|274|3N|S|9|H4
4|22|292|57|193|12|3N|S|9|SA
4|22|168|43|170|87|3N|S|9|C7
4|22|66|117|63|173|3N|S|10|DJ
4|22|89|7|160|105|3N|S|10|DJ
4|22|266|50|262|148|3N|S|9|C3
4|23|116|54|15|22|4S|N|12|HQ
4|23|220|102|104|112|5S|N|11|DA
4|23|215|223|247|122|4S|N|11|HQ
4|23|8|96|280|257|4HX|W|9|CA
4|23|20|260|199|274|5HX|W|9|CA
4|23|292|57|193|12|5DX|S|8|HK
4|23|168|43|170|87|4S|S|11|HA
4|23|66|117|63|173|5HX|W|9|CA
4|23|89|7|160|105|4S|N|12|HQ
4|23|266|50|262|148|5HX|W|9|CA
4|24|116|54|15|22|1N|E|8|SK
4|24|220|102|104|112|2C|W|8|SA
4|24|215|223|247|122|2C|W|9|S4
4|24|8|96|280|257|1N|E|6|SK
4|24|20|260|199|274|2C|W|6|CA
4|24|292|57|193|12|1N|E|6|DT
4|24|168|43|170|87|1N|E|8|SK
4|24|66|117|63|173|2C|W|8|DQ
4|24|89|7|160|105|2S|N|6|H9
4|24|266|50|262|148|2H|W|7|DQ
4|25|116|54|15|22|2H|S|7|C6
4|25|220|102|104|112|1N|N|7|D6
4|25|215|223|247|122|3N|N|8|HJ
4|25|8|96|280|257|2H|S|8|DA
4|25|20|260|199|274|1N|N|6|D6
4|25|292|57|193|12|1N|N|8|D6
4|25|168|43|170|87|1N|N|5|D3
4|25|66|117|63|173|3N|N|8|D7
4|25|89|7|160|105|2N|N|5|D6
4|25|266|50|262|148|3N|N|8|D6
4|26|116|54|15|22|4H|W|10|SA
4|26|220|102|104|112|4H|E|11|S4
4|26|215|223|247|122|4H|W|11|SA
4|26|8|96|280|257|4H|E|11|S5
4|26|20|260|199|274|4H|W|10|CJ
4|26|292|57|193|12|4H|W|11|SA
4|26|168|43|170|87|4H|W|11|CJ
4|26|66|117|63|173|4H|W|11|DJ
4|26|89|7|160|105|4H|W|11|D5
4|26|266|50|262|148|4H|W|11|CJ
4|27|116|54|15|22|3D|N|8|DT
4|27|220|102|104|112|2DX|S|8|DA
4|27|215|223|247|122|1N|N|6|S3
4|27|8|96|280|257|1N|N|7|S3
4|27|20|260|199|274|2N|N|7|H5
4|27|292|57|193|12|3C|S|9|SJ
4|27|168|43|170|87|2C|N|8|DT
4|27|66|117|63|173|1NX|E|6|H4
4|27|89|7|160|105|3N|S|6|SJ
4|27|266|50|262|148|3CX|E|5|D7
4|28|116|54|15|22|2S|W|7|HQ
4|28|220|102|104|112|2S|E|7|HK
4|28|215|223|247|122|2H|S|10|CA
4|28|8|96|280|257|2S|W|7|HQ
4|28|20|260|199|274|3H|S|9|CA
4|28|292|57|193|12|2S|W|8|HQ
4|28|168|43|170|87|2H|S|10|CA
4|28|66|117|63|173|2H|S|10|CQ
4|28|89|7|160|105|3H|S|9|CK
4|28|266|50|262|148|4H|S|9|CA
4|29|116|54|15|22|3N|N|9|SJ
4|29|220|102|104|112|3N|S|8|ST
4|29|215|223|247|122|3N|S|9|S4
4|29|8|96|280|257|3N|S|8|ST
4|29|20|260|199|274|3N|S|9|S9
4|29|292|57|193|12|3N|S|9|S5
4|29|168|43|170|87|3N|S|9|ST
4|29|66|117|63|173|3N|S|9|S9
4|29|89|7|160|105|3N|S|9|S5
4|29|266|50|262|148|3N|S|9|S9
4|3|116|54|15|22|2C|E|11|SA
4|3|16|272|212|289|2H|N|7|CK
4|3|215|223|247|122|3C|E|10|SK
4|3|103|96|115|257|3H|N|8|CK
4|3|20|260|199|274|3H|N|7|CA
4|3|138|57|153|12|3N|E|7|SA
4|3|168|3|170|128|3H|N|7|CA
4|3|66|117|63|173|3C|E|11|HQ
4|3|163|7|10|105|2HX|N|8|CA
4|3|266|50|262|148|3C|E|9|SA
4|30|116|54|15|22|3N|W|10|CJ
4|30|220|102|104|112|3N|W|10|CJ
4|30|215|223|247|122|3N|W|10|CJ
4|30|8|96|280|257|5D|E|12|H4
4|30|20|260|199|274|6D|W|12|CJ
4|30|292|57|193|12|3N|W|10|CJ
4|30|168|43|170|87|3D|E|11|H4
4|30|66|117|63|173|3N|W|11|CJ
4|30|89|7|160|105|5D|E|11|H4
4|30|266|50|262|148|3N|W|10|CJ
4|31|116|54|15|22|3N|N|8|SQ
4|31|220|102|104|112|3H|N|9|SQ
4|31|215|223|247|122|4H|N|10|SQ
4|31|8|96|280|257|5DX|E|8|H7
4|31|20|260|199|274|3N|S|6|D7
4|31|292|57|193|12|3N|S|9|D7
4|31|168|43|170|87|3N|S|9|D6
4|31|66|117|63|173|4H|N|9|SQ
4|31|89|7|160|105|4H|N|9|SQ
4|31|266|50|262|148|4H|N|9|SQ
4|32|116|54|15|22|3S|S|11|CA
4|32|220|102|104|112|4H|S|10|CA
4|32|215|223|247|122|2S|S|11|CA
4|32|8|96|280|257|2H|S|10|CA
4|32|20|260|199|274|4S|S|11|CA
4|32|292|57|193|12|3S|N|11|C2
4|32|168|43|170|87|4S|S|11|CA
4|32|66|117|63|173|6S|S|11|CA
4|32|89|7|160|105|2S|S|11|CK
4|32|266|50|262|148|2S|S|11|CA
4|4|116|54|15|22|3N|S|11|D5
4|4|16|272|212|289|3N|N|11|D3
4|4|215|223|247|122|3N|N|10|D3
4|4|103|96|115|257|3N|N|11|S8
4|4|20|260|199|274|3N|N|10|D3
4|4|138|57|153|12|3N|N|11|H4
4|4|168|3|170|128|3N|N|10|S8
4|4|66|117|63|173|3N|N|10|D4
4|4|163|7|10|105|3N|N|10|D3
4|4|266|50|262|148|3N|N|10|D3
4|5|116|54|15|22|4HX|W|9|D9
4|5|16|272|212|289|2H|W|7|S8
4|5|215|223|247|122|3S|S|8|CQ
4|5|103|96|115|257|3S|S|9|CQ
4|5|20|260|199|274|3H|W|9|C6
4|5|138|57|153|12|4S|S|8|D3
4|5|168|3|170|128|4S|N|9|HT
4|5|66|117|63|173|5H|W|9|S8
4|5|163|7|10|105|5C|E|8|SA
4|5|266|50|262|148|4H|W|9|S4
4|6|116|54|15|22|1S|N|7|CK
4|6|16|272|212|289|1N|E|6|HT
4|6|215|223|247|122|1N|E|6|SA
4|6|103|96|115|257|1N|E|7|H3
4|6|20|260|199|274|1N|W|6|D4
4|6|138|57|153|12|1N|E|7|HT
4|6|168|3|170|128|1N|E|6|HT
4|6|66|117|63|173|1N|E|8|HT
4|6|163|7|10|105|1N|E|7|HT
4|6|266|50|262|148|1N|E|7|HT
4|7|116|54|15|22|3H|W|9|S6
4|7|16|272|212|289|1S|W|10|C7
4|7|215|223|247|122|2S|W|9|C7
4|7|103|96|115|257|3H|W|8|S6
4|7|20|260|199|274|4H|W|8|C7
4|7|138|57|153|12|4H|W|8|S6
4|7|168|3|170|128|3H|W|9|C6
4|7|66|117|63|173|3N|W|8|C9
4|7|163|7|10|105|3H|W|8|S6
4|7|266|50|262|148|4S|W|9|D4
4|8|116|54|15|22|2H|S|8|SA
4|8|16|272|212|289|2H|S|8|SA
4|8|215|223|247|122|2H|S|8|SA
4|8|103|96|115|257|2H|S|8|SA
4|8|20|260|199|274|3C|N|5|DQ
4|8|138|57|153|12|2S|W|7|H6
4|8|168|3|170|128|2H|S|7|SA
4|8|66|117|63|173|4H|S|7|H3
4|8|163|7|10|105|2H|S|8|SA
4|8|266|50|262|148|2H|S|10|SA
4|9|116|54|15|22|5C|W|11|ST
4|9|16|272|212|289|5C|W|11|ST
4|9|215|223|247|122|4N|E|8|S6
4|9|103|96|115|257|5C|W|11|ST
4|9|20|260|199|274|3N|E|7|S6
4|9|138|57|153|12|3N|E|8|S6
4|9|168|3|170|128|6CX|W|12|DK
4|9|66|117|63|173|5C|W|11|ST
4|9|163|7|10|105|3N|E|8|S3
4|9|266|50|262|148|5C|W|11|S2
5|1|220|96|104|257|3N|E|11|H6
5|1|215|16|247|212|3N|W|8|SQ
5|1|8|57|280|12|5C|W|11|SK
5|1|20|103|199|115|2DX|S|4|H3
5|1|138|66|153|63|3C|E|10|S6
5|1|43|292|87|193|1N|W|9|SK
5|1|102|163|112|10|3N|W|8|SK
5|1|89|272|160|289|2S|S|5|H3
5|1|7|117|105|173|2N|W|9|SQ
5|1|168|266|170|262|3N|E|9|S5
5|10|220|96|104|257|5D|N|9|SA
5|10|215|16|247|212|2S|E|7|DK
5|10|8|57|280|12|5DX|N|10|SA
5|10|20|103|199|115|3S|E|8|DK
5|10|138|66|153|63|3H|S|8|CK
5|10|43|292|87|193|4D|N|10|C7
5|10|102|163|112|10|2S|E|6|DK
5|10|89|272|160|289|4H|N|9|SK
5|10|7|117|105|173|3D|N|10|SA
5|10|168|266|170|262|2S|E|7|H2
5|11|220|96|104|257|1C|S|7|C3
5|11|215|16|247|212|4S|S|9|DA
5|11|8|57|280|12|1C|S|6|C2
5|11|20|103|199|115|1C|S|6|C3
5|11|138|66|153|63|1N|S|7|D3
5|11|43|292|87|193|4H|S|8|C2
5|11|102|163|112|10|2H|S|9|C6
5|11|89|272|160|289|2C|S|7|DA
5|11|7|117|105|173|3H|S|9|C6
5|11|168|266|170|262|1C|S|5|S2
5|12|220|96|104|257|6N|S|12|SQ
5|12|215|16|247|212|4H|S|13|D6
5|12|8|57|280|12|5H|S|11|C3
5|12|20|103|199|115|6N|S|13|H4
5|12|138|66|153|63|6D|N|12|SA
5|12|43|292|87|193|6N|S|12|SQ
5|12|102|163|112|10|3N|S|12|SQ
5|12|89|272|160|289|6D|N|12|SA
5|12|7|117|105|173|7SX|W|7|S7
5|12|168|266|170|262|6N|S|12|SQ
5|13|220|96|104|257|3N|W|10|H6
5|13|215|16|247|212|3N|W|11|D8
5|13|8|57|280|12|3N|W|11|H6
5|13|20|103|199|115|3N|W|9|H6
5|13|138|66|153|63|3N|W|8|S3
5|13|43|292|87|193|3N|W|9|H4
5|13|102|163|112|10|3N|W|10|D8
5|13|89|272|160|289|3N|W|11|H9
5|13|7|117|105|173|3N|W|10|H3
5|13|168|266|170|262|3N|W|8|S2
5|14|220|96|104|257|3N|S|9|C7
5|14|215|16|247|212|3N|S|9|C3
5|14|8|57|280|12|3N|S|8|H3
5|14|20|103|199|115|3N|S|9|H3
5|14|138|66|153|63|3N|S|9|D8
5|14|43|292|87|193|3N|S|8|C7
5|14|102|163|112|10|3N|N|9|H2
5|14|89|272|160|289|3N|S|8|H3
5|14|7|117|105|173|3N|S|8|C3
5|14|168|266|170|262|3N|S|8|H2
5|15|220|96|104|257|4S|S|10|CA
5|15|215|16|247|212|5S|S|10|CA
5|15|8|57|280|12|5CX|E|8|SA
5|15|20|103|199|115|4S|S|10|HT
5|15|138|66|153|63|5CX|E|10|SK
5|15|43|292|87|193|5CX|E|8|C2
5|15|102|163|112|10|3N|N|9|CT
5|15|89|272|160|289|3S|S|10|HT
5|15|7|117|105|173|4S|S|10|HT
5|15|168|266|170|262|4S|S|10|HT
5|16|220|96|104|257|4S|E|10|S3
5|16|215|16|247|212|4S|E|10|S5
5|16|8|57|280|12|4S|E|10|D6
5|16|20|103|199|115|4S|E|10|C4
5|16|138|66|153|63|5S|E|10|S7
5|16|43|292|87|193|3N|E|10|D6
5|16|102|163|112|10|6S|W|10|D9
5|16|89|272|160|289|3N|E|9|D9
5|16|7|117|105|173|4S|W|10|C7
5|16|168|266|170|262|4S|E|10|S7
5|17|220|96|104|257|2S|W|8|CA
5|17|215|54|247|22|2S|E|8|C7
5|17|223|57|122|12|3N|E|7|H2
5|17|20|103|199|115|1N|E|7|H4
5|17|138|3|153|128|3S|W|8|S6
5|17|43|260|87|274|2S|E|8|C2
5|17|116|50|15|148|3S|E|8|H4
5|17|163|272|10|289|2S|E|8|D4
5|17|7|117|105|173|2S|E|8|C6
5|17|168|266|170|262|4S|W|8|D2
5|18|220|96|104|257|1N|S|7|S5
5|18|215|54|247|22|1N|S|7|S3
5|18|223|57|122|12|1N|S|8|S2
5|18|20|103|199|115|1N|S|7|S3
5|18|138|3|153|128|1N|S|8|C3
5|18|43|260|87|274|3N|S|7|S3
5|18|116|50|15|148|2N|S|7|S3
5|18|163|272|10|289|3N|S|7|S3
5|18|7|117|105|173|3N|S|8|D3
5|18|168|266|170|262|1N|S|7|S3
5|19|220|96|104|257|4H|E|10|D4
5|19|215|54|247|22|4H|E|10|S5
5|19|223|57|122|12|4H|E|10|DK
5|19|20|103|199|115|5S|W|11|DA
5|19|138|3|153|128|3N|N|8|H5
5|19|43|260|87|274|2H|E|10|S7
5|19|116|50|15|148|3D|S|8|SA
5|19|163|272|10|289|4D|S|8|SK
5|19|7|117|105|173|5DX|N|8|DQ
5|19|168|266|170|262|3D|S|9|SK
5|2|220|96|104|257|2D|E|9|S7
5|2|215|16|247|212|3D|E|10|D2
5|2|8|57|280|12|2D|E|8|CT
5|2|20|103|199|115|2S|W|9|S2
5|2|138|66|153|63|2D|E|9|D2
5|2|43|292|87|193|2D|W|8|HQ
5|2|102|163|112|10|3D|E|9|CT
5|2|89|272|160|289|2D|E|9|CT
5|2|7|117|105|173|3D|E|7|C9
5|2|168|266|170|262|2D|E|10|D4
5|20|220|96|104|257|6DX|E|11|S3
5|20|215|54|247|22|6C|W|12|DQ
5|20|223|57|122|12|6C|W|12|DQ
5|20|20|103|199|115|6D|E|11|S2
5|20|138|3|153|128|5C|W|13|DQ
5|20|43|260|87|274|6N|E|12|S5
5|20|116|50|15|148|3N|E|12|S2
5|20|163|272|10|289|6C|W|12|DQ
5|20|7|117|105|173|3N|E|12|H4
5|20|168|266|170|262|6N|E|12|C3
5|21|220|96|104|257|6S|S|13|HQ
5|21|215|54|247|22|4S|S|13|HQ
5|21|223|57|122|12|5HX|E|6|S2
5|21|20|103|199|115|4S|S|13|HJ
5|21|138|3|153|128|4S|S|13|HQ
5|21|43|260|87|274|4S|S|13|HQ
5|21|116|50|15|148|6D|N|13|H2
5|21|163|272|10|289|4S|S|13|HJ
5|21|7|117|105|173|4S|S|13|HQ
5|21|168|266|170|262|4S|S|13|HQ
5|22|220|96|104|257|4S|S|12|D6
5|22|215|54|247|22|4S|N|12|S7
5|22|223|57|122|12|5S|N|12|DK
5|22|20|103|199|115|6S|N|12|S7
5|22|138|3|153|128|6S|N|12|S8
5|22|43|260|87|274|4S|N|12|S8
5|22|116|50|15|148|4S|N|12|S8
5|22|163|272|10|289|4S|N|12|S7
5|22|7|117|105|173|4S|N|12|D9
5|22|168|266|170|262|6S|N|12|H6
5|23|220|96|104|257|3S|N|9|D7
5|23|215|54|247|22|4S|N|9|D6
5|23|223|57|122|12|4C|W|9|H2
5|23|20|103|199|115|2S|S|9|C4
5|23|138|3|153|128|3S|S|8|C4
5|23|43|260|87|274|2S|N|9|C9
5|23|116|50|15|148|4S|S|9|DA
5|23|163|272|10|289|4S|N|9|HA
5|23|7|117|105|173|4D|W|9|H3
5|23|168|266|170|262|3H|S|9|DK
5|24|220|96|104|257|1C|W|7|C4
5|24|215|54|247|22|2D|S|8|CA
5|24|223|57|122|12|3D|S|9|CK
5|24|20|103|199|115|2N|N|5|H2
5|24|138|3|153|128|1C|W|7|C2
5|24|43|260|87|274|2D|S|9|CA
5|24|116|50|15|148|3D|S|9|CA
5|24|163|272|10|289|2H|W|7|D7
5|24|7|117|105|173|3S|W|7|CQ
5|24|168|266|170|262|2S|E|6|DA
5|25|220|96|104|257|4S|E|8|D3
5|25|215|54|247|22|3N|E|6|D2
5|25|223|57|122|12|4SX|E|9|D2
5|25|20|103|199|115|4S|E|9|CJ
5|25|138|3|153|128|2S|E|8|D2
5|25|43|260|87|274|3S|E|8|D3
5|25|116|50|15|148|4S|E|7|D2
5|25|163|272|10|289|4S|E|9|D3
5|25|7|117|105|173|4S|E|9|D3
5|25|168|266|170|262|3S|E|9|D3
5|26|220|96|104|257|3S|W|9|H5
5|26|215|54|247|22|4H|N|10|S2
5|26|223|57|122|12|3S|W|8|CQ
5|26|20|103|199|115|2N|N|9|S9
5|26|138|3|153|128|4H|N|10|S9
5|26|43|260|87|274|2S|W|9|H5
5|26|116|50|15|148|4H|N|10|S9
5|26|163|272|10|289|2S|W|8|CQ
5|26|7|117|105|173|4H|N|10|S9
5|26|168|266|170|262|4H|N|11|S9
5|27|220|96|104|257|2S|S|7|ST
5|27|215|54|247|22|1S|N|7|DA
5|27|223|57|122|12|1N|E|6|DT
5|27|20|103|199|115|1H|W|6|C5
5|27|138|3|153|128|2S|S|8|C2
5|27|43|260|87|274|2S|N|8|DA
5|27|116|50|15|148|2S|S|7|ST
5|27|163|272|10|289|1N|W|5|D4
5|27|7|117|105|173|2S|S|8|D4
5|27|168|266|170|262|1N|E|6|DT
5|28|220|96|104|257|4S|W|10|HK
5|28|215|54|247|22|4S|W|10|HK
5|28|223|57|122|12|4S|W|10|D2
5|28|20|103|199|115|4S|W|9|CJ
5|28|138|3|153|128|4S|W|10|D6
5|28|43|260|87|274|4S|W|10|D3
5|28|116|50|15|148|4S|W|10|D2
5|28|163|272|10|289|4S|W|9|CJ
5|28|7|117|105|173|4S|W|10|HK
5|28|168|266|170|262|4S|W|10|HK
5|29|220|96|104|257|2H|S|11|C4
5|29|215|54|247|22|2H|S|11|D8
5|29|223|57|122|12|2H|S|11|S2
5|29|20|103|199|115|4H|N|11|CQ
5|29|138|3|153|128|4H|N|11|CK
5|29|43|260|87|274|4H|N|11|CK
5|29|116|50|15|148|4S|S|7|C4
5|29|163|272|10|289|4H|N|11|CQ
5|29|7|117|105|173|2H|N|11|C6
5|29|168|266|170|262|2H|S|11|S2
5|3|220|96|104|257|4H|W|9|C6
5|3|215|16|247|212|4H|W|8|C2
5|3|8|57|280|12|P||0
5|3|20|103|199|115|P||0
5|3|138|66|153|63|4H|W|9|C2
5|3|43|292|87|193|P||0
5|3|102|163|112|10|4H|W|9|S3
5|3|89|272|160|289|P||0
5|3|7|117|105|173|4H|W|9|C5
5|3|168|266|170|262|3H|W|10|HT
5|30|220|96|104|257|3N|E|12|S8
5|30|215|54|247|22|6N|E|10|HT
5|30|223|57|122|12|6C|E|11|HT
5|30|20|103|199|115|3N|E|12|D4
5|30|138|3|153|128|6N|E|11|H9
5|30|43|260|87|274|6N|E|12|S7
5|30|116|50|15|148|6N|E|12|S6
5|30|163|272|10|289|6C|E|12|S7
5|30|7|117|105|173|6N|E|12|HT
5|30|168|266|170|262|6C|E|12|HT
5|31|220|96|104|257|4H|E|10|HJ
5|31|215|54|247|22|4H|E|10|S2
5|31|223|57|122|12|2H|E|10|S2
5|31|20|103|199|115|4H|E|10|D2
5|31|43|260|87|274|3H|E|11|H4
5|31|163|272|10|289|3H|E|9|S9
5|31|168|266|170|262|2H|E|10|H2
5|32|220|96|104|257|4H|N|9|D3
5|32|215|54|247|22|4H|N|8|CK
5|32|223|57|122|12|3H|N|8|CK
5|32|20|103|199|115|4H|N|8|CK
5|32|43|260|87|274|4H|N|9|CK
5|32|163|272|10|289|4H|N|9|CK
5|32|168|266|170|262|5H|N|9|D3
5|4|220|96|104|257|3N|W|8|SK
5|4|215|16|247|212|2N|W|8|D7
5|4|8|57|280|12|3N|W|7|SK
5|4|20|103|199|115|3N|W|8|SK
5|4|138|66|153|63|3N|E|6|C5
5|4|43|292|87|193|2N|W|9|SK
5|4|102|163|112|10|3N|W|8|C4
5|4|89|272|160|289|2H|W|8|SK
5|4|7|117|105|173|2N|W|8|SK
5|4|168|266|170|262|3N|W|8|SK
5|5|220|96|104|257|6H|E|12|CA
5|5|215|16|247|212|6H|W|12|C8
5|5|8|57|280|12|7NX|W|13|D3
5|5|20|103|199|115|6H|W|12|C8
5|5|138|66|153|63|6H|E|12|CA
5|5|43|292|87|193|6H|W|12|C9
5|5|102|163|112|10|6H|E|12|CA
5|5|89|272|160|289|6H|E|13|D4
5|5|7|117|105|173|6H|W|12|C4
5|5|168|266|170|262|6N|W|12|C4
5|6|220|96|104|257|4SX|S|8|S5
5|6|215|16|247|212|3N|E|10|DT
5|6|8|57|280|12|3N|W|11|SQ
5|6|20|103|199|115|4HX|N|7|H6
5|6|138|66|153|63|3N|E|11|D9
5|6|43|292|87|193|5C|E|10|S7
5|6|102|163|112|10|3N|E|11|S5
5|6|89|272|160|289|6D|W|9|SQ
5|6|7|117|105|173|3N|E|11|D3
5|6|168|266|170|262|3N|E|11|S7
5|7|220|96|104|257|3N|E|12|H3
5|7|215|16|247|212|3N|E|11|H3
5|7|8|57|280|12|3N|E|8|H3
5|7|20|103|199|115|3N|E|11|H3
5|7|138|66|153|63|3N|E|11|H3
5|7|43|292|87|193|3N|W|8|H6
5|7|102|163|112|10|5C|E|10|H3
5|7|89|272|160|289|3N|E|8|H3
5|7|7|117|105|173|3N|E|11|H4
5|7|168|266|170|262|3C|E|10|SJ
5|8|220|96|104|257|4D|N|9|HA
5|8|215|16|247|212|2H|W|7|S5
5|8|8|57|280|12|2N|N|5|S2
5|8|20|103|199|115|2HX|W|8|DK
5|8|138|66|153|63|4DX|N|9|C7
5|8|43|292|87|193|3N|N|7|S2
5|8|102|163|112|10|3D|N|9|C2
5|8|89|272|160|289|3D|N|9|HA
5|8|7|117|105|173|2H|W|7|DA
5|8|168|266|170|262|2H|W|8|DA
5|9|220|96|104|257|3N|S|8|S7
5|9|215|16|247|212|3N|S|9|S8
5|9|8|57|280|12|2S|W|7|C7
5|9|20|103|199|115|2C|S|10|CJ
5|9|138|66|153|63|3N|S|9|H3
5|9|43|292|87|193|4C|S|10|D9
5|9|102|163|112|10|3N|S|9|H8
5|9|89|272|160|289|3N|S|7|CJ
5|9|7|117|105|173|3C|S|10|D6
5|9|168|266|170|262|1N|S|9|S7
6|1|20|16|199|212|2N|N|7|D7
6|1|220|57|104|12|2N|S|8|C4
6|1|3|103|128|115|1N|S|8|D4
6|1|8|43|280|87|1S|N|9|D6
6|1|168|260|170|274|2N|S|8|DJ
6|1|292|117|193|173|2N|S|7|HQ
6|1|163|96|10|257|1N|S|7|D2
6|1|215|89|247|160|2DX|E|6|DA
6|1|7|116|105|15|3H|S|9|HA
6|1|102|266|112|262|2C|N|8|HK
6|10|20|16|199|212|1N|E|8|SA
6|10|220|57|104|12|2D|E|8|SA
6|10|3|103|128|115|2D|E|7|SA
6|10|8|43|280|87|2H|W|7|CT
6|10|168|260|170|274|1N|E|8|SA
6|10|292|117|193|173|2N|E|7|SA
6|10|163|96|10|257|1N|E|7|H6
6|10|215|89|247|160|2N|E|7|SK
6|10|7|116|105|15|2D|E|9|SA
6|10|102|266|112|262|2H|W|9|CT
6|11|20|16|199|212|5D|N|8|CA
6|11|220|57|104|12|4S|W|11|H4
6|11|3|103|128|115|4S|W|10|H7
6|11|8|43|280|87|4S|W|11|H7
6|11|168|260|170|274|5SX|W|10|H7
6|11|292|117|193|173|4S|W|11|H2
6|11|163|96|10|257|4S|W|10|H7
6|11|215|89|247|160|5SX|W|10|H2
6|11|7|116|105|15|4S|W|10|CJ
6|11|102|266|112|262|4S|W|10|H2
6|12|20|16|199|212|4N|E|8|DJ
6|12|220|57|104|12|3NX|W|8|CK
6|12|3|103|128|115|3N|W|9|CK
6|12|8|43|280|87|5D|W|9|CK
6|12|168|260|170|274|6D|W|9|D5
6|12|292|117|193|173|5HX|E|10|C2
6|12|163|96|10|257|5C|W|10|S6
6|12|215|89|247|160|3N|W|8|CK
6|12|7|116|105|15|3N|W|8|CK
6|12|102|266|112|262|3N|W|9|CK
6|13|20|16|199|212|3N|N|12|H5
6|13|220|57|104|12|3N|N|12|H3
6|13|3|103|128|115|3N|N|12|H7
6|13|8|43|280|87|3N|N|12|S2
6|13|168|260|170|274|3N|N|11|H7
6|13|292|117|193|173|3N|N|12|H7
6|13|163|96|10|257|5D|S|11|S2
6|13|215|89|247|160|5D|N|11|S3
6|13|7|116|105|15|3N|N|10|H3
6|13|102|266|112|262|3N|S|12|SJ
6|14|20|16|199|212|4S|N|9|CA
6|14|220|57|104|12|4S|N|9|HK
6|14|3|103|128|115|4S|N|9|HQ
6|14|8|43|280|87|4S|N|9|CA
6|14|168|260|170|274|4S|N|9|HK
6|14|292|117|193|173|4S|N|9|HK
6|14|163|96|10|257|4S|N|9|CA
6|14|215|89|247|160|2S|N|10|H2
6|14|7|116|105|15|4S|N|9|HK
6|14|102|266|112|262|4S|N|9|HK
6|15|20|16|199|212|6H|S|10|SA
6|15|220|57|104|12|5D|N|9|SQ
6|15|3|103|128|115|5H|N|11|SA
6|15|8|43|280|87|4SX|E|9|HK
6|15|168|260|170|274|5H|S|10|D8
6|15|292|117|193|173|4SX|W|11|DA
6|15|163|96|10|257|4H|S|10|SA
6|15|215|89|247|160|4S|E|10|CJ
6|15|7|116|105|15|5H|S|11|SA
6|15|102|266|112|262|3S|W|11|DA
6|16|20|16|199|212|2S|N|8|D4
6|16|220|57|104|12|2H|W|8|H9
6|16|3|103|128|115|4D|E|8|SK
6|16|8|43|280|87|3C|W|6|ST
6|16|168|260|170|274|2S|N|8|D4
6|16|292|117|193|173|2S|N|6|D4
6|16|163|96|10|257|2H|W|8|H7
6|16|215|89|247|160|3D|E|8|SK
6|16|7|116|105|15|2S|N|8|D5
6|16|102|266|112|262|2S|N|7|H2
6|17|57|16|12|212|5DX|E|11|D8
6|17|54|20|22|199|3D|E|11|C6
6|17|3|223|128|122|5D|E|11|HK
6|17|8|66|280|63|3N|E|9|C4
6|17|117|292|173|193|3D|E|11|D8
6|17|138|168|153|170|3D|W|11|D6
6|17|89|96|160|257|2H|E|6|S7
6|17|215|50|247|148|3D|E|11|SK
6|17|7|102|105|112|3D|W|11|SA
6|17|272|266|289|262|3D|E|11|C6
6|18|57|16|12|212|2S|W|7|DK
6|18|54|20|22|199|1SX|S|7|CA
6|18|3|223|128|122|2S|E|9|CJ
6|18|8|66|280|63|2S|E|7|CJ
6|18|117|292|173|193|3N|W|6|DK
6|18|138|168|153|170|2S|E|7|D7
6|18|89|96|160|257|2S|S|5|CK
6|18|215|50|247|148|2S|E|7|CJ
6|18|7|102|105|112|2S|W|8|DK
6|18|272|266|289|262|2S|E|7|CJ
6|19|57|16|12|212|2H|N|8|CT
6|19|54|20|22|199|3H|N|9|H3
6|19|3|223|128|122|4H|N|7|CT
6|19|8|66|280|63|3H|N|8|CT
6|19|117|292|173|193|3H|N|8|CT
6|19|138|168|153|170|4H|N|9|CT
6|19|89|96|160|257|4H|S|8|HA
6|19|215|50|247|148|2H|N|9|CT
6|19|7|102|105|112|3H|N|8|CT
6|19|272|266|289|262|2H|N|8|CT
6|2|20|16|199|212|1N|W|8|H7
6|2|220|57|104|12|2S|N|8|CK
6|2|3|103|128|115|2S|N|7|S3
6|2|8|43|280|87|2S|N|8|CA
6|2|168|260|170|274|1N|W|8|HT
6|2|292|117|193|173|1N|W|8|HT
6|2|163|96|10|257|1N|E|7|H3
6|2|215|89|247|160|1N|E|9|H6
6|2|7|116|105|15|1N|E|7|H6
6|2|102|266|112|262|3S|N|6|CK
6|20|57|16|12|212|3N|E|8|SJ
6|20|54|20|22|199|3N|E|9|H2
6|20|3|223|128|122|3S|N|7|CJ
6|20|8|66|280|63|3S|N|7|CJ
6|20|117|292|173|193|3N|E|8|SJ
6|20|138|168|153|170|3S|N|7|DQ
6|20|89|96|160|257|3N|E|8|SJ
6|20|215|50|247|148|3N|E|8|SJ
6|20|7|102|105|112|3N|E|8|SJ
6|20|272|266|289|262|3C|W|10|H7
6|21|57|16|12|212|2S|N|7|DA
6|21|54|20|22|199|2C|W|8|S2
6|21|3|223|128|122|1N|N|5|C7
6|21|8|66|280|63|3H|W|9|D4
6|21|117|292|173|193|2H|E|8|H7
6|21|138|168|153|170|1N|N|6|C2
6|21|89|96|160|257|2C|W|9|S3
6|21|215|50|247|148|2S|E|7|DT
6|21|7|102|105|112|2H|W|6|S7
6|21|272|266|289|262|2H|W|8|S3
6|22|57|16|12|212|1N|S|10|S4
6|22|54|20|22|199|1N|N|7|H6
6|22|3|223|128|122|1N|S|7|S4
6|22|8|66|280|63|2S|W|7|DQ
6|22|117|292|173|193|3S|W|7|H3
6|22|138|168|153|170|1N|N|7|H2
6|22|89|96|160|257|1N|S|7|S3
6|22|215|50|247|148|1N|S|9|S4
6|22|7|102|105|112|1N|N|7|H6
6|22|272|266|289|262|1N|S|7|S3
6|23|57|16|12|212|3N|W|9|DK
6|23|54|20|22|199|4DX|N|7|D5
6|23|3|223|128|122|3N|W|9|DK
6|23|8|66|280|63|3N|W|8|DK
6|23|117|292|173|193|3DX|N|7|H3
6|23|138|168|153|170|3N|W|9|DK
6|23|89|96|160|257|3DX|N|7|CK
6|23|215|50|247|148|3N|E|8|DK
6|23|7|102|105|112|1N|W|7|DK
6|23|272|266|289|262|2N|W|8|DQ
6|24|57|16|12|212|3H|S|7|C8
6|24|54|20|22|199|3H|S|7|C6
6|24|3|223|128|122|3D|W|10|H4
6|24|8|66|280|63|2D|W|10|H4
6|24|117|292|173|193|3HX|S|7|C8
6|24|138|168|153|170|4S|W|8|CA
6|24|89|96|160|257|3H|S|7|C8
6|24|215|50|247|148|4S|W|9|H5
6|24|7|102|105|112|4S|W|8|H4
6|24|272|266|289|262|3D|W|9|D4
6|25|57|16|12|212|6D|E|10|D2
6|25|54|20|22|199|3N|E|9|C7
6|25|3|223|128|122|3N|W|11|H4
6|25|8|66|280|63|6D|E|10|C8
6|25|117|292|173|193|3N|E|10|C8
6|25|138|168|153|170|3N|W|11|S7
6|25|89|96|160|257|6N|E|9|C8
6|25|215|50|247|148|6N|W|11|CT
6|25|7|102|105|112|6C|E|9|C8
6|25|272|266|289|262|3N|E|10|C7
6|26|57|16|12|212|4S|S|12|C3
6|26|54|20|22|199|6S|N|12|CJ
6|26|3|223|128|122|4S|N|12|CJ
6|26|8|66|280|63|4S|N|12|D8
6|26|117|292|173|193|4S|N|12|H3
6|26|138|168|153|170|6S|N|12|H8
6|26|89|96|160|257|4S|N|12|H8
6|26|215|50|247|148|5S|N|12|D2
6|26|7|102|105|112|4S|N|12|CJ
6|26|272|266|289|262|4S|S|12|D2
6|27|57|16|12|212|5C|E|9|DK
6|27|54|20|22|199|3S|S|9|D2
6|27|3|223|128|122|4SX|S|10|D2
6|27|8|66|280|63|2C|E|9|H2
6|27|117|292|173|193|4S|S|9|D3
6|27|138|168|153|170|2S|S|9|D7
6|27|89|96|160|257|4C|E|8|DK
6|27|215|50|247|148|4S|S|10|CA
6|27|7|102|105|112|3C|E|8|DA
6|27|272|266|289|262|3S|S|9|D8
6|28|57|16|12|212|2D|N|6|D5
6|28|54|20|22|199|4H|E|10|CK
6|28|3|223|128|122|P||0
6|28|8|66|280|63|2S|N|7|H2
6|28|117|292|173|193|3H|E|8|CK
6|28|138|168|153|170|3S|N|9|H2
6|28|89|96|160|257|4S|N|6|H2
6|28|215|50|247|148|3H|W|8|CK
6|28|7|102|105|112|2S|N|7|H4
6|28|272|266|289|262|2S|S|8|C2
6|29|57|16|12|212|2S|E|6|DA
6|29|54|20|22|199|1N|S|8|H4
6|29|3|223|128|122|1N|S|8|H4
6|29|8|66|280|63|3N|S|9|H8
6|29|117|292|173|193|2D|S|10|HJ
6|29|138|168|153|170|3C|S|9|H2
6|29|89|96|160|257|3N|S|8|H8
6|29|215|50|247|148|3N|S|8|H2
6|29|7|102|105|112|1H|W|6|C8
6|29|272|266|289|262|2D|N|9|S6
6|3|20|16|199|212|3H|S|7|S2
6|3|220|57|104|12|4D|W|9|C3
6|3|3|103|128|115|2S|E|10|HA
6|3|8|43|280|87|2H|S|8|DQ
6|3|168|260|170|274|4SX|E|9|HA
6|3|292|117|193|173|3D|W|11|D2
6|3|163|96|10|257|2S|E|9|HA
6|3|215|89|247|160|4H|S|8|S2
6|3|7|116|105|15|3H|S|8|DQ
6|3|102|266|112|262|3S|E|10|HA
6|30|57|16|12|212|5DX|N|10|HA
6|30|54|20|22|199|4S|E|11|H7
6|30|3|223|128|122|5SX|E|10|D4
6|30|8|66|280|63|5S|E|8|CA
6|30|117|292|173|193|3S|E|9|S3
6|30|138|168|153|170|4S|E|9|CA
6|30|89|96|160|257|2S|E|9|D6
6|30|215|50|247|148|3S|E|10|CA
6|30|7|102|105|112|5DX|N|9|SK
6|30|272|266|289|262|5DX|N|10|HK
6|31|57|16|12|212|5D|N|11|SK
6|31|54|20|22|199|6H|E|9|C8
6|31|3|223|128|122|5DX|N|10|SA
6|31|8|66|280|63|5DX|N|10|HK
6|31|117|292|173|193|5D|N|10|H3
6|31|138|168|153|170|5D|E|9|DA
6|31|89|96|160|257|5D|N|10|HA
6|31|215|50|247|148|5DX|N|10|SA
6|31|7|102|105|112|4D|N|10|HA
6|31|272|266|289|262|4H|E|9|C8
6|32|57|16|12|212|4S|W|9|DA
6|32|54|20|22|199|4H|W|5|SK
6|32|3|223|128|122|3N|E|10|HK
6|32|8|66|280|63|3N|E|7|HA
6|32|117|292|173|193|4N|E|9|H3
6|32|138|168|153|170|4SX|W|10|H6
6|32|89|96|160|257|3N|E|7|D2
6|32|215|50|247|148|4D|N|9|HQ
6|32|7|102|105|112|3S|W|9|H9
6|32|272|266|289|262|2S|W|9|DA
6|4|20|16|199|212|4S|N|9|HJ
6|4|220|57|104|12|4S|N|10|H6
6|4|3|103|128|115|4S|N|9|HT
6|4|8|43|280|87|4S|N|9|C4
6|4|168|260|170|274|4S|N|9|HJ
6|4|292|117|193|173|4S|N|9|HJ
6|4|163|96|10|257|2S|N|9|HJ
6|4|215|89|247|160|4S|N|9|C6
6|4|7|116|105|15|3S|N|9|D3
6|4|102|266|112|262|2DX|E|10|C7
6|5|20|16|199|212|1N|S|7|H7
6|5|220|57|104|12|2S|S|10|D6
6|5|3|103|128|115|2S|N|9|SJ
6|5|8|43|280|87|1NX|S|7|H5
6|5|168|260|170|274|2S|S|9|H5
6|5|292|117|193|173|2S|S|9|C2
6|5|163|96|10|257|3S|N|8|CQ
6|5|215|89|247|160|2S|S|9|H2
6|5|7|116|105|15|2S|N|9|CQ
6|5|102|266|112|262|3S|S|8|H5
6|6|20|16|199|212|2H|W|8|D2
6|6|220|57|104|12|2S|W|7|CQ
6|6|3|103|128|115|3C|S|6|D5
6|6|8|43|280|87|3S|W|8|CQ
6|6|168|260|170|274|2S|W|8|CQ
6|6|292|117|193|173|3C|S|5|SA
6|6|163|96|10|257|2S|W|8|CQ
6|6|215|89|247|160|3S|W|7|CQ
6|6|7|116|105|15|2H|W|7|CQ
6|6|102|266|112|262|2H|W|6|CQ
6|7|20|16|199|212|3C|W|10|HA
6|7|220|57|104|12|3H|N|9|CA
6|7|3|103|128|115|3H|S|9|CJ
6|7|8|43|280|87|2H|N|9|CA
6|7|168|260|170|274|2H|S|9|DA
6|7|292|117|193|173|2C|W|9|C7
6|7|163|96|10|257|2C|W|9|HA
6|7|215|89|247|160|4C|W|9|HK
6|7|7|116|105|15|2C|W|9|HK
6|7|102|266|112|262|1S|W|8|S2
6|8|20|16|199|212|3N|E|6|S3
6|8|220|57|104|12|3C|E|10|SA
6|8|3|103|128|115|4C|E|10|D2
6|8|8|43|280|87|3S|S|9|S5
6|8|168|260|170|274|3D|S|8|CK
6|8|292|117|193|173|3S|S|9|C5
6|8|163|96|10|257|4S|S|9|H6
6|8|215|89|247|160|3S|S|10|C6
6|8|7|116|105|15|4S|N|10|CA
6|8|102|266|112|262|3S|N|10|C3
6|9|20|16|199|212|1N|E|9|S8
6|9|220|57|104|12|2N|E|9|C5
6|9|3|103|128|115|2H|N|7|C3
6|9|8|43|280|87|2N|E|8|H2
6|9|168|260|170|274|2H|S|7|C4
6|9|292|117|193|173|1N|E|9|S8
6|9|163|96|10|257|2H|S|8|D2
6|9|215|89|247|160|2H|N|8|D4
6|9|7|116|105|15|1N|W|8|HJ
6|9|102|266|112|262|2N|W|8|H4
7|1|54|43|22|87|4SX|W|11|C2
7|1|66|220|63|104|4S|W|11|C2
7|1|223|260|122|274|5S|E|10|CK
7|1|138|242|153|288|4S|E|10|CK
7|1|20|163|199|10|4S|W|10|C2
7|1|89|57|160|12|5HX|S|9|DK
7|1|51|7|162|105|4S|W|10|C2
7|1|266|96|262|257|4S|W|11|C8
7|1|102|168|112|170|5S|N|10|C2
7|1|100|248|17|290|5HX|S|8|H7
7|10|54|43|22|87|1N|W|7|H6
7|10|66|220|63|104|2N|W|8|H6
7|10|223|260|122|274|2N|W|8|H3
7|10|138|242|153|288|2S|E|8|H5
7|10|20|163|199|10|1N|W|8|H6
7|10|89|57|160|12|2N|W|9|SJ
7|10|51|7|162|105|1N|E|7|H3
7|10|266|96|262|257|1N|W|8|H4
7|10|102|168|112|170|2HX|N|9|D4
7|10|100|248|17|290|1N|W|8|H4
7|11|54|43|22|87|6D|N|13|CQ
7|11|66|220|63|104|5D|N|12|C6
7|11|223|260|122|274|5D|N|13|C3
7|11|138|242|153|288|7CX|W|9|SQ
7|11|20|163|199|10|5CX|W|9|DK
7|11|89|57|160|12|4D|N|12|C2
7|11|51|7|162|105|6D|S|13|C6
7|11|266|96|262|257|5D|N|13|DJ
7|11|102|168|112|170|5C|E|9|DA
7|11|100|248|17|290|5D|N|12|C6
7|12|54|43|22|87|4H|E|11|D8
7|12|66|220|63|104|4H|E|11|D8
7|12|223|260|122|274|4H|W|11|DJ
7|12|138|242|153|288|4H|E|11|DQ
7|12|20|163|199|10|4H|E|9|S4
7|12|89|57|160|12|4H|W|11|DJ
7|12|51|7|162|105|4H|E|11|D8
7|12|266|96|262|257|4H|E|10|S2
7|12|102|168|112|170|4H|E|10|DQ
7|12|100|248|17|290|4H|E|11|H3
7|13|54|43|22|87|4S|W|10|HK
7|13|66|220|63|104|4HX|N|6|S2
7|13|223|260|122|274|2S|W|11|HA
7|13|138|242|153|288|4HX|N|7|S2
7|13|20|163|199|10|3H|N|6|HQ
7|13|89|57|160|12|3S|W|11|HA
7|13|51|7|162|105|2S|W|10|HA
7|13|266|96|262|257|3HX|N|7|HQ
7|13|102|168|112|170|3H|N|7|S6
7|13|100|248|17|290|4C|W|10|HK
7|14|54|43|22|87|4S|E|11|D9
7|14|66|220|63|104|6CX|N|9|DK
7|14|223|260|122|274|4S|E|11|D9
7|14|138|242|153|288|5HX|N|10|SA
7|14|20|163|199|10|5H|S|10|ST
7|14|89|57|160|12|5S|E|10|HA
7|14|51|7|162|105|4S|E|10|HA
7|14|266|96|262|257|4S|E|11|D9
7|14|102|168|112|170|4S|E|10|CT
7|14|100|248|17|290|4S|E|10|HA
7|15|54|43|22|87|4S|N|10|S5
7|15|66|220|63|104|5DX|E|7|S4
7|15|223|260|122|274|3S|N|10|D7
7|15|138|242|153|288|4S|N|10|D9
7|15|20|163|199|10|4S|N|10|S7
7|15|89|57|160|12|4S|N|10|D7
7|15|51|7|162|105|2S|N|9|D5
7|15|266|96|262|257|2S|N|10|D9
7|15|102|168|112|170|3S|N|10|S2
7|15|100|248|17|290|4S|N|10|S7
7|16|54|43|22|87|2S|S|9|D4
7|16|66|220|63|104|3N|N|8|DT
7|16|223|260|122|274|2S|S|9|D4
7|16|138|242|153|288|3N|N|9|H8
7|16|20|163|199|10|2N|N|6|DT
7|16|89|57|160|12|3N|W|8|C6
7|16|51|7|162|105|2C|N|7|H2
7|16|266|96|262|257|2DX|E|9|CA
7|16|102|168|112|170|3N|N|8|DT
7|16|100|248|17|290|3N|N|8|DT
7|17|54|66|22|63|6S|E|12|H3
7|17|3|220|128|104|6S|E|13|C9
7|17|103|260|115|274|6S|E|12|C4
7|17|138|242|153|288|4S|E|13|DQ
7|17|20|50|199|148|6S|E|12|S6
7|17|89|57|160|12|7S|E|13|S6
7|17|51|266|162|262|7S|E|13|C2
7|17|7|96|105|257|7S|E|13|S3
7|17|102|168|112|170|7S|E|13|S6
7|17|117|248|173|290|6S|E|12|S7
7|18|54|66|22|63|3N|N|10|S8
7|18|3|220|128|104|3N|N|8|S4
7|18|103|260|115|274|3N|N|9|C6
7|18|138|242|153|288|2H|W|5|CA
7|18|20|50|199|148|3N|N|10|S4
7|18|89|57|160|12|3N|N|10|S4
7|18|51|266|162|262|3N|N|10|S3
7|18|7|96|105|257|3N|N|10|S3
7|18|102|168|112|170|4N|S|9|C5
7|18|117|248|173|290|3N|N|9|S3
7|19|54|66|22|63|3N|S|10|S7
7|19|3|220|128|104|3N|S|10|S7
7|19|103|260|115|274|3N|S|10|S7
7|19|138|242|153|288|3N|S|10|S7
7|19|20|50|199|148|3N|S|10|D2
7|19|89|57|160|12|3N|S|10|HJ
7|19|51|266|162|262|3N|S|10|D7
7|19|7|96|105|257|3N|S|10|D3
7|19|102|168|112|170|3N|S|10|S5
7|19|117|248|173|290|3N|S|10|D2
7|2|54|43|22|87|3N|S|12|ST
7|2|66|220|63|104|6C|S|12|DT
7|2|223|260|122|274|3N|S|12|DT
7|2|138|242|153|288|6C|S|12|H2
7|2|20|163|199|10|6C|S|12|C7
7|2|89|57|160|12|6C|S|12|C7
7|2|51|7|162|105|6C|N|12|C2
7|2|266|96|262|257|4N|S|12|S2
7|2|102|168|112|170|6C|S|12|H5
7|2|100|248|17|290|3N|N|12|S2
7|20|54|66|22|63|3N|S|8|ST
7|20|3|220|128|104|3S|W|8|HK
7|20|103|260|115|274|3S|W|8|HQ
7|20|138|242|153|288|4D|S|9|SA
7|20|20|50|199|148|3S|W|8|HK
7|20|89|57|160|12|3N|S|7|H5
7|20|51|266|162|262|3N|S|6|S5
7|20|7|96|105|257|3S|W|8|HK
7|20|102|168|112|170|2S|W|8|HK
7|20|117|248|173|290|4SX|W|8|HK
7|21|54|66|22|63|3N|W|11|HT
7|21|3|220|128|104|3N|W|9|HT
7|21|103|260|115|274|3N|E|8|DA
7|21|138|242|153|288|3N|E|8|D2
7|21|20|50|199|148|3N|E|8|D2
7|21|89|57|160|12|3N|E|9|S3
7|21|51|266|162|262|3N|E|9|ST
7|21|7|96|105|257|3N|E|8|DA
7|21|102|168|112|170|3N|W|11|HT
7|21|117|248|173|290|3N|E|9|ST
7|22|54|66|22|63|1N|S|9|H5
7|22|3|220|128|104|2H|E|8|DA
7|22|103|260|115|274|2N|S|9|S2
7|22|138|242|153|288|1N|S|7|S2
7|22|20|50|199|148|2C|S|9|C3
7|22|89|57|160|12|1N|S|8|H5
7|22|51|266|162|262|2N|S|8|S3
7|22|7|96|105|257|3C|S|8|S5
7|22|102|168|112|170|1N|S|8|S3
7|22|117|248|173|290|1C|S|9|DQ
7|23|54|66|22|63|1N|N|5|C2
7|23|3|220|128|104|3D|W|9|SQ
7|23|103|260|115|274|2S|S|7|C4
7|23|138|242|153|288|2S|S|6|C3
7|23|20|50|199|148|1N|N|6|C2
7|23|89|57|160|12|1N|N|7|S2
7|23|51|266|162|262|2H|N|5|S3
7|23|7|96|105|257|2S|S|7|C3
7|23|102|168|112|170|1N|E|7|S6
7|23|117|248|173|290|1N|N|6|C3
7|24|54|66|22|63|3C|E|10|SK
7|24|3|220|128|104|3C|E|10|SA
7|24|103|260|115|274|3S|N|9|S6
7|24|138|242|153|288|4S|N|10|S4
7|24|20|50|199|148|3S|N|9|S6
7|24|89|57|160|12|5C|E|10|SA
7|24|51|266|162|262|3S|N|9|S6
7|24|7|96|105|257|3S|N|9|S7
7|24|102|168|112|170|4C|E|10|SA
7|24|117|248|173|290|2S|N|10|SJ
7|25|54|66|22|63|5H|S|12|SK
7|25|3|220|128|104|5H|S|11|SK
7|25|103|260|115|274|6HX|S|11|CA
7|25|138|242|153|288|6H|N|10|DA
7|25|20|50|199|148|4H|N|10|C8
7|25|89|57|160|12|4H|N|11|C8
7|25|51|266|162|262|4SX|W|10|H5
7|25|7|96|105|257|5H|S|10|CA
7|25|102|168|112|170|6H|N|11|SJ
7|25|117|248|173|290|5H|S|11|SK
7|26|54|66|22|63|2S|E|11|D5
7|26|3|220|128|104|2S|W|10|CK
7|26|103|260|115|274|2S|E|9|C6
7|26|138|242|153|288|3S|E|9|D8
7|26|20|50|199|148|2S|E|9|C9
7|26|89|57|160|12|4S|E|10|CT
7|26|51|266|162|262|4S|E|9|HK
7|26|7|96|105|257|2H|W|10|CA
7|26|102|168|112|170|4S|E|9|CT
7|26|117|248|173|290|3S|E|10|C3
7|27|54|66|22|63|3H|N|9|DQ
7|27|3|220|128|104|4H|S|9|D3
7|27|103|260|115|274|4H|S|9|S7
7|27|138|242|153|288|2H|N|10|DK
7|27|20|50|199|148|2H|N|9|DK
7|27|89|57|160|12|4H|S|9|D2
7|27|51|266|162|262|4H|S|9|D3
7|27|7|96|105|257|3H|S|10|D5
7|27|102|168|112|170|3H|S|9|D3
7|27|117|248|173|290|3S|N|9|DK
7|28|54|66|22|63|3N|E|8|SJ
7|28|3|220|128|104|3N|E|8|SJ
7|28|103|260|115|274|2HX|S|5|ST
7|28|138|242|153|288|3N|E|8|SJ
7|28|20|50|199|148|2N|E|8|SJ
7|28|89|57|160|12|3N|E|9|SJ
7|28|51|266|162|262|2D|W|6|SK
7|28|7|96|105|257|3N|E|6|SJ
7|28|102|168|112|170|3N|E|8|SJ
7|28|117|248|173|290|3N|E|8|S3
7|29|54|66|22|63|3N|E|10|S4
7|29|3|220|128|104|2HX|N|6|H2
7|29|103|260|115|274|4S|E|7|H6
7|29|138|242|153|288|4D|W|7|H9
7|29|20|50|199|148|4S|E|7|CA
7|29|89|57|160|12|3N|E|8|H7
7|29|51|266|162|262|3H|N|6|HA
7|29|7|96|105|257|2N|W|7|H2
7|29|102|168|112|170|3N|E|7|S4
7|29|117|248|173|290|3N|E|7|H7
7|3|54|43|22|87|3S|S|8|H5
7|3|66|220|63|104|3N|N|7|C5
7|3|223|260|122|274|4S|N|8|C7
7|3|138|242|153|288|4S|N|8|C2
7|3|20|163|199|10|4S|N|9|C2
7|3|89|57|160|12|4S|N|8|C5
7|3|51|7|162|105|2S|N|8|C2
7|3|266|96|262|257|2S|S|7|H5
7|3|102|168|112|170|2S|N|9|C5
7|3|100|248|17|290|3S|S|8|H5
7|30|54|66|22|63|4SX|W|8|HK
7|30|3|220|128|104|4SX|W|7|HK
7|30|103|260|115|274|4H|S|11|D4
7|30|138|242|153|288|4SX|W|8|HA
7|30|20|50|199|148|5H|S|11|D4
7|30|89|57|160|12|4H|S|12|S3
7|30|51|266|162|262|4H|N|12|CJ
7|30|7|96|105|257|6H|S|12|ST
7|30|102|168|112|170|6D|N|9|S6
7|30|117|248|173|290|4H|S|11|D4
7|31|54|66|22|63|4S|S|11|HA
7|31|3|220|128|104|4S|S|10|HA
7|31|103|260|115|274|4S|S|12|DJ
7|31|138|242|153|288|3N|S|12|DJ
7|31|20|50|199|148|4S|S|11|HA
7|31|89|57|160|12|4S|N|11|C3
7|31|51|266|162|262|4S|S|10|HA
7|31|7|96|105|257|4S|S|10|HA
7|31|102|168|112|170|4S|S|11|HA
7|31|117|248|173|290|4S|S|12|DJ
7|32|54|66|22|63|2DX|E|9|H4
7|32|3|220|128|104|1NX|N|5|DQ
7|32|103|260|115|274|3H|W|9|C5
7|32|138|242|153|288|2H|W|10|DQ
7|32|20|50|199|148|2H|W|9|DQ
7|32|89|57|160|12|3H|W|9|D6
7|32|51|266|162|262|3H|E|10|H9
7|32|7|96|105|257|2H|E|10|HA
7|32|102|168|112|170|4HX|W|10|HA
7|32|117|248|173|290|2DX|E|7|H3
7|4|54|43|22|87|2S|E|7|H5
7|4|66|220|63|104|4SX|E|8|H5
7|4|223|260|122|274|4H|W|8|DT
7|4|138|242|153|288|3HX|E|8|DT
7|4|20|163|199|10|4HX|W|8|S4
7|4|89|57|160|12|4S|E|9|H5
7|4|51|7|162|105|4S|E|9|DA
7|4|266|96|262|257|4S|E|7|H5
7|4|102|168|112|170|3S|W|9|DA
7|4|100|248|17|290|4S|E|9|H5
7|5|54|43|22|87|4H|W|11|S3
7|5|66|220|63|104|4H|W|11|C8
7|5|223|260|122|274|4H|W|11|S3
7|5|138|242|153|288|3H|W|11|S3
7|5|20|163|199|10|4H|W|11|S3
7|5|89|57|160|12|4H|E|11|S6
7|5|51|7|162|105|4H|W|11|S3
7|5|266|96|262|257|4H|W|11|S2
7|5|102|168|112|170|4H|W|11|S6
7|5|100|248|17|290|4H|W|11|S2
7|6|54|43|22|87|2S|N|8|C6
7|6|66|220|63|104|2S|N|8|C6
7|6|223|260|122|274|1N|E|6|H3
7|6|138|242|153|288|2S|N|9|CK
7|6|20|163|199|10|2S|N|7|C7
7|6|89|57|160|12|1N|W|7|S3
7|6|51|7|162|105|1N|E|7|H5
7|6|266|96|262|257|2S|N|8|C6
7|6|102|168|112|170|1N|E|6|H4
7|6|100|248|17|290|1N|E|7|H6
7|7|54|43|22|87|5DX|W|9|HA
7|7|66|220|63|104|4S|N|8|C9
7|7|223|260|122|274|4H|S|10|DA
7|7|138|242|153|288|4S|N|9|DT
7|7|20|163|199|10|3H|S|8|DA
7|7|89|57|160|12|4S|N|8|DT
7|7|51|7|162|105|4S|N|8|DT
7|7|266|96|262|257|3NX|E|8|SK
7|7|102|168|112|170|4S|N|9|DT
7|7|100|248|17|290|4S|N|8|DT
7|8|54|43|22|87|3N|N|10|SJ
7|8|66|220|63|104|3N|N|12|SJ
7|8|223|260|122|274|3N|N|10|ST
7|8|138|242|153|288|3N|N|10|SJ
7|8|20|163|199|10|3N|N|7|SK
7|8|89|57|160|12|3N|N|8|SJ
7|8|51|7|162|105|3N|N|10|ST
7|8|266|96|262|257|3N|N|7|SJ
7|8|102|168|112|170|3N|N|10|SJ
7|8|100|248|17|290|3N|N|10|SJ
7|9|54|43|22|87|4H|E|11|DK
7|9|66|220|63|104|4H|E|12|DQ
7|9|223|260|122|274|4H|W|9|CQ
7|9|138|242|153|288|4H|E|11|DK
7|9|20|163|199|10|4H|E|12|DK
7|9|89|57|160|12|4H|E|11|DK
7|9|51|7|162|105|4H|E|12|DK
7|9|266|96|262|257|4H|E|11|DK
7|9|102|168|112|170|4H|W|11|S3
7|9|100|248|17|290|4H|E|11|DK
8|1|138|54|153|22|4S|N|9|C3
8|1|220|260|104|274|4S|N|9|C5
8|1|168|223|170|122|4S|N|9|C6
8|1|242|100|288|17|4S|N|10|DJ
8|1|163|43|10|87|4S|N|9|C6
8|1|3|50|128|148|4S|N|9|C6
8|1|266|57|262|12|4S|N|9|C6
8|1|20|7|199|105|4S|N|9|DJ
8|1|15|96|112|257|4S|N|9|C6
8|1|51|248|162|290|3DX|E|7|S7
8|10|138|54|153|22|6S|E|11|CJ
8|10|220|260|104|274|4N|E|10|D7
8|10|168|223|170|122|6S|E|11|C2
8|10|242|100|288|17|4S|E|11|CJ
8|10|163|43|10|87|6N|E|10|CJ
8|10|3|50|128|148|6S|E|11|CJ
8|10|20|7|199|105|6S|E|11|CJ
8|10|51|248|162|290|6N|E|9|H9
8|11|138|54|153|22|4S|E|10|H2
8|11|220|260|104|274|5DX|N|10|DQ
8|11|168|223|170|122|4S|E|11|S3
8|11|242|100|288|17|4S|E|10|DT
8|11|163|43|10|87|4S|E|10|C2
8|11|3|50|128|148|4S|E|10|DK
8|11|266|57|262|12|4S|E|10|D4
8|11|20|7|199|105|5DX|N|10|DQ
8|11|15|96|112|257|5S|E|11|DK
8|11|51|248|162|290|4S|E|11|C4
8|12|138|54|153|22|2D|W|8|DQ
8|12|220|260|104|274|2S|E|9|C6
8|12|168|223|170|122|4S|E|11|D2
8|12|242|100|288|17|2S|E|10|C4
8|12|163|43|10|87|2D|W|7|S2
8|12|3|50|128|148|2S|E|9|HT
8|12|266|57|262|12|4S|E|11|C4
8|12|20|7|199|105|4S|E|9|H4
8|12|15|96|112|257|2S|E|10|D7
8|12|51|248|162|290|4S|W|10|S5
8|13|138|54|153|22|4H|N|8|DK
8|13|220|260|104|274|4S|S|9|DQ
8|13|168|223|170|122|4S|N|10|HA
8|13|242|100|288|17|4H|N|11|ST
8|13|163|43|10|87|4H|S|9|S2
8|13|3|50|128|148|4S|S|10|DQ
8|13|266|57|262|12|4H|N|9|ST
8|13|20|7|199|105|3N|S|8|C3
8|13|15|96|112|257|4S|S|9|C4
8|13|51|248|162|290|4S|S|9|DQ
8|14|138|54|153|22|3S|W|10|HK
8|14|220|260|104|274|3N|W|11|HK
8|14|168|223|170|122|3N|W|9|HK
8|14|242|100|288|17|3N|W|10|HK
8|14|163|43|10|87|4S|E|10|HA
8|14|3|50|128|148|3N|W|9|HK
8|14|266|57|262|12|3N|W|8|HK
8|14|20|7|199|105|3N|W|9|HK
8|14|15|96|112|257|4S|E|11|DQ
8|14|51|248|162|290|4S|E|10|ST
8|15|138|54|153|22|1N|N|8|D5
8|15|220|260|104|274|1N|N|8|DA
8|15|168|223|170|122|1N|N|8|DA
8|15|242|100|288|17|1N|E|6|H7
8|15|163|43|10|87|2N|S|8|D3
8|15|3|50|128|148|1N|S|8|D3
8|15|266|57|262|12|1S|S|7|D7
8|15|20|7|199|105|1N|N|8|DK
8|15|15|96|112|257|3C|S|10|H3
8|15|51|248|162|290|2D|E|6|D2
8|16|138|54|153|22|1N|N|5|ST
8|16|220|260|104|274|1N|N|7|ST
8|16|168|223|170|122|1N|N|6|ST
8|16|242|100|288|17|1N|S|5|S5
8|16|163|43|10|87|1N|S|6|SQ
8|16|3|50|128|148|1N|N|5|ST
8|16|266|57|262|12|1N|S|6|S4
8|16|20|7|199|105|1N|N|6|ST
8|16|15|96|112|257|1N|N|6|S9
8|16|51|248|162|290|1N|N|7|S4
8|17|138|54|153|22|4S|N|10|H2
8|17|220|260|104|274|4S|N|10|H6
8|17|100|103|17|115|3S|N|10|H5
8|17|223|117|122|173|4S|N|9|H3
8|17|50|43|148|87|4S|N|10|HQ
8|17|3|163|128|10|4S|S|10|HA
8|17|266|57|262|12|4S|S|10|HK
8|17|20|7|199|105|3S|N|9|H5
8|17|15|96|112|257|3S|N|10|H5
8|17|51|248|162|290|4S|N|10|H5
8|18|138|54|153|22|3D|E|10|HJ
8|18|220|260|104|274|4D|W|10|SQ
8|18|100|103|17|115|5D|W|10|CQ
8|18|223|117|122|173|3D|W|10|CQ
8|18|50|43|148|87|5DX|W|10|CQ
8|18|3|163|128|10|5DX|W|10|CQ
8|18|266|57|262|12|5DX|W|10|CQ
8|18|20|7|199|105|5DX|W|10|DJ
8|18|15|96|112|257|5D|E|10|CA
8|18|51|248|162|290|5D|E|10|CA
8|19|138|54|153|22|5S|W|12|CQ
8|19|220|260|104|274|5S|W|11|S4
8|19|100|103|17|115|4S|W|11|CQ
8|19|223|117|122|173|4S|E|11|CK
8|19|50|43|148|87|4S|E|11|CA
8|19|3|163|128|10|5CX|S|9|S5
8|19|266|57|262|12|5CX|S|9|S7
8|19|20|7|199|105|4S|E|11|H3
8|19|15|96|112|257|5S|E|11|CA
8|19|51|248|162|290|5S|E|11|CQ
8|2|138|54|153|22|5CX|N|10|S3
8|2|220|260|104|274|3N|N|10|C4
8|2|168|223|170|122|5C|N|10|S6
8|2|242|100|288|17|4SX|E|5|CT
8|2|163|43|10|87|5C|N|10|S5
8|2|3|50|128|148|6CX|N|9|S5
8|2|266|57|262|12|5CX|N|10|C9
8|2|20|7|199|105|5C|N|10|S5
8|2|15|96|112|257|5HX|S|9|DK
8|2|51|248|162|290|5CX|N|10|S5
8|20|138|54|153|22|3N|S|11|S5
8|20|220|260|104|274|3N|N|11|DT
8|20|100|103|17|115|5CX|N|9|H3
8|20|223|117|122|173|3N|S|11|S2
8|20|50|43|148|87|3C|N|10|H3
8|20|3|163|128|10|3N|N|8|ST
8|20|266|57|262|12|3N|N|8|ST
8|20|20|7|199|105|3N|S|11|S5
8|20|15|96|112|257|3N|N|8|ST
8|20|51|248|162|290|3N|S|11|S5
8|21|138|54|153|22|6N|S|13|H6
8|21|220|260|104|274|7N|S|13|S9
8|21|100|103|17|115|6N|N|13|C5
8|21|223|117|122|173|7N|S|13|H6
8|21|50|43|148|87|6N|S|12|S4
8|21|3|163|128|10|6N|S|13|S9
8|21|266|57|262|12|6N|N|13|C5
8|21|20|7|199|105|6N|N|13|SJ
8|21|15|96|112|257|4N|S|13|C4
8|21|51|248|162|290|6N|N|13|SJ
8|22|138|54|153|22|4H|N|11|S3
8|22|220|260|104|274|4H|N|13|S6
8|22|100|103|17|115|2H|N|13|S2
8|22|223|117|122|173|4H|N|11|S2
8|22|50|43|148|87|4H|N|11|S2
8|22|3|163|128|10|4H|N|11|S2
8|22|266|57|262|12|4H|N|11|S4
8|22|20|7|199|105|4H|N|13|S2
8|22|15|96|112|257|2H|N|13|S2
8|22|51|248|162|290|3H|N|11|S2
8|23|138|54|153|22|4S|S|11|D7
8|23|220|260|104|274|4S|S|11|D7
8|23|100|103|17|115|4S|S|11|D7
8|23|223|117|122|173|4S|N|10|H7
8|23|50|43|148|87|4S|N|11|D5
8|23|3|163|128|10|4S|N|10|C4
8|23|266|57|262|12|4S|N|11|D2
8|23|20|7|199|105|4S|S|11|D4
8|23|15|96|112|257|4S|N|10|H7
8|23|51|248|162|290|4S|S|11|D3
8|24|138|54|153|22|3S|W|9|HT
8|24|220|260|104|274|3S|W|8|HT
8|24|100|103|17|115|3S|W|8|ST
8|24|223|117|122|173|2S|W|9|CA
8|24|50|43|148|87|4S|W|9|CA
8|24|3|163|128|10|2S|W|9|CK
8|24|266|57|262|12|3S|W|9|CA
8|24|20|7|199|105|3S|W|9|CA
8|24|15|96|112|257|3N|W|8|H9
8|24|51|248|162|290|2S|W|8|HT
8|25|138|54|153|22|3D|S|10|CA
8|25|220|260|104|274|3D|S|8|H8
8|25|100|103|17|115|3N|E|8|D7
8|25|223|117|122|173|3D|S|9|CA
8|25|50|43|148|87|3D|S|8|CA
8|25|3|163|128|10|1D|S|9|H8
8|25|266|57|262|12|4C|E|10|S7
8|25|20|7|199|105|3D|S|9|H8
8|25|15|96|112|257|4C|E|11|H7
8|25|51|248|162|290|3S|S|9|CA
8|26|138|54|153|22|4S|S|11|HK
8|26|220|260|104|274|4S|N|11|H6
8|26|100|103|17|115|4S|S|11|HA
8|26|223|117|122|173|4S|N|11|H6
8|26|50|43|148|87|4S|S|11|HA
8|26|3|163|128|10|4S|S|10|HA
8|26|266|57|262|12|4S|S|11|HK
8|26|20|7|199|105|4S|S|11|HA
8|26|15|96|112|257|4S|S|11|HK
8|26|51|248|162|290|4S|N|11|H6
8|27|138|54|153|22|4S|N|8|DA
8|27|220|260|104|274|5C|E|11|HQ
8|27|100|103|17|115|3C|E|10|C2
8|27|223|117|122|173|3S|N|7|DA
8|27|50|43|148|87|4C|E|11|HQ
8|27|3|163|128|10|3D|W|7|SK
8|27|266|57|262|12|3C|E|9|HQ
8|27|20|7|199|105|5C|E|9|SA
8|27|15|96|112|257|4S|N|8|DA
8|27|51|248|162|290|3D|W|7|SK
8|28|138|54|153|22|2N|E|8|C5
8|28|220|260|104|274|1N|N|6|S3
8|28|100|103|17|115|2N|E|9|HT
8|28|223|117|122|173|2N|E|8|S4
8|28|50|43|148|87|2C|W|8|HA
8|28|3|163|128|10|2C|W|8|DQ
8|28|266|57|262|12|2C|W|8|HK
8|28|20|7|199|105|5CX|W|9|HA
8|28|15|96|112|257|1N|E|9|HT
8|28|51|248|162|290|2N|E|8|D5
8|29|138|54|153|22|4N|W|10|D3
8|29|220|260|104|274|3N|W|7|S4
8|29|100|103|17|115|3N|W|10|S6
8|29|223|117|122|173|3N|W|10|D3
8|29|50|43|148|87|3H|E|8|S5
8|29|3|163|128|10|3N|W|8|S6
8|29|266|57|262|12|3H|E|8|S5
8|29|20|7|199|105|3N|W|7|S6
8|29|15|96|112|257|3N|W|10|D3
8|29|51|248|162|290|3N|W|8|S3
8|3|138|54|153|22|2D|W|7|CK
8|3|220|260|104|274|3C|E|8|SQ
8|3|168|223|170|122|3C|E|9|SQ
8|3|242|100|288|17|2D|W|8|D4
8|3|163|43|10|87|3N|E|10|SQ
8|3|3|50|128|148|2D|W|6|CK
8|3|266|57|262|12|3S|E|8|C5
8|3|20|7|199|105|3C|E|10|DT
8|3|15|96|112|257|2D|W|7|D3
8|3|51|248|162|290|2D|W|8|ST
8|30|138|54|153|22|4H|N|7|C3
8|30|220|260|104|274|4H|N|7|D3
8|30|100|103|17|115|4H|N|7|C4
8|30|223|117|122|173|4C|W|10|SJ
8|30|50|43|148|87|4HX|N|7|C3
8|30|3|163|128|10|4HX|N|7|C4
8|30|266|57|262|12|4HX|N|7|C2
8|30|20|7|199|105|3H|N|7|C4
8|30|15|96|112|257|2HX|N|7|D2
8|30|51|248|162|290|4H|N|7|C5
8|31|138|54|153|22|2D|W|7|D2
8|31|220|260|104|274|3S|N|10|DA
8|31|100|103|17|115|1N|W|6|C2
8|31|223|117|122|173|2S|S|8|DK
8|31|50|43|148|87|1N|W|5|S3
8|31|3|163|128|10|1N|E|7|H8
8|31|266|57|262|12|1N|W|5|H8
8|31|20|7|199|105|2D|W|7|D2
8|31|15|96|112|257|1N|W|5|ST
8|31|51|248|162|290|1N|E|6|H4
8|32|138|54|153|22|2H|W|7|D7
8|32|220|260|104|274|2H|E|9|HT
8|32|100|103|17|115|1H|W|9|S7
8|32|223|117|122|173|1H|W|8|D7
8|32|50|43|148|87|2H|E|8|DJ
8|32|3|163|128|10|3S|S|7|HA
8|32|266|57|262|12|P||0
8|32|20|7|199|105|2N|E|6|C5
8|32|15|96|112|257|2H|E|7|DJ
8|32|51|248|162|290|2H|E|8|CQ
8|4|138|54|153|22|4S|W|8|D4
8|4|220|260|104|274|3S|W|9|D4
8|4|168|223|170|122|3S|W|8|ST
8|4|242|100|288|17|4S|W|9|D4
8|4|163|43|10|87|3S|W|9|D4
8|4|3|50|128|148|3S|W|6|D4
8|4|266|57|262|12|3S|W|9|D4
8|4|20|7|199|105|4S|W|8|S5
8|4|51|248|162|290|4S|E|9|D4
8|5|138|54|153|22|4S|S|10|DQ
8|5|220|260|104|274|5H|N|10|SJ
8|5|168|223|170|122|4H|N|10|SJ
8|5|242|100|288|17|4H|N|10|SJ
8|5|163|43|10|87|4S|S|10|DQ
8|5|3|50|128|148|4H|N|10|SJ
8|5|266|57|262|12|5CX|E|9|S7
8|5|20|7|199|105|4S|S|10|DJ
8|5|15|96|112|257|4H|N|10|SJ
8|5|51|248|162|290|4S|S|10|DQ
8|6|138|54|153|22|3N|S|10|S3
8|6|220|260|104|274|3N|N|11|S3
8|6|168|223|170|122|3N|S|10|S3
8|6|242|100|288|17|3N|S|11|S9
8|6|163|43|10|87|3N|S|10|ST
8|6|3|50|128|148|3N|S|11|C8
8|6|266|57|262|12|3N|S|10|H6
8|6|20|7|199|105|3N|S|10|ST
8|6|15|96|112|257|3N|S|10|ST
8|6|51|248|162|290|3N|S|9|C8
8|7|138|54|153|22|2S|E|9|DK
8|7|220|260|104|274|2S|W|8|D6
8|7|168|223|170|122|2S|W|9|C6
8|7|242|100|288|17|3D|S|9|HQ
8|7|163|43|10|87|2S|W|9|D5
8|7|3|50|128|148|2S|W|7|D4
8|7|266|57|262|12|3H|E|9|DK
8|7|20|7|199|105|2S|E|8|DK
8|7|15|96|112|257|2S|W|8|D4
8|7|51|248|162|290|1N|S|8|S8
8|8|138|54|153|22|2S|E|10|SJ
8|8|220|260|104|274|5DX|N|9|HQ
8|8|168|223|170|122|4S|E|10|HQ
8|8|242|100|288|17|4SX|E|10|DA
8|8|163|43|10|87|4S|E|10|DA
8|8|3|50|128|148|2S|E|10|CJ
8|8|266|57|262|12|2S|W|10|D7
8|8|20|7|199|105|4S|E|10|DA
8|8|15|96|112|257|3H|S|9|CA
8|8|51|248|162|290|4S|E|10|H7
8|9|138|54|153|22|4H|N|9|SA
8|9|220|260|104|274|4H|S|10|D9
8|9|168|223|170|122|4H|S|10|CJ
8|9|242|100|288|17|4H|N|9|SA
8|9|163|43|10|87|4H|S|10|H7
8|9|3|50|128|148|4H|N|9|SA
8|9|20|7|199|105|4H|N|9|SA
8|9|51|248|162|290|4H|S|10|CJ
9|1|54|223|22|122|1N|E|6|S2
9|1|242|220|288|104|2H|W|6|CA
9|1|138|163|153|10|1N|E|8|S4
9|1|89|260|160|274|1N|N|6|D2
9|1|3|7|128|105|1NX|N|6|D2
9|1|266|66|262|63|1N|N|6|D2
9|1|20|248|199|290|1N|N|6|CQ
9|1|102|57|112|12|2C|N|7|H5
9|1|96|117|257|173|2C|S|7|HJ
9|1|100|51|17|162|1N|E|7|C5
9|10|54|223|22|122|2N|N|9|HJ
9|10|242|220|288|104|3N|S|8|H5
9|10|138|163|153|10|1SX|E|6|C5
9|10|89|260|160|274|3C|S|9|D6
9|10|3|7|128|105|3C|S|9|D7
9|10|266|66|262|63|2N|S|10|D6
9|10|20|248|199|290|3C|S|9|D7
9|10|102|57|112|12|3C|S|10|S9
9|10|96|117|257|173|2S|E|7|HA
9|10|100|51|17|162|3N|S|8|S7
9|11|54|223|22|122|4N|S|10|CJ
9|11|242|220|288|104|3N|S|12|H7
9|11|138|163|153|10|3N|S|12|H3
9|11|89|260|160|274|3N|N|10|CK
9|11|3|7|128|105|3N|S|11|S7
9|11|266|66|262|63|6NX|N|10|CK
9|11|20|248|199|290|6D|S|12|H5
9|11|102|57|112|12|3N|S|12|H6
9|11|96|117|257|173|3N|S|11|H6
9|11|100|51|17|162|3N|S|12|H6
9|12|54|223|22|122|4H|W|11|SK
9|12|242|220|288|104|4H|W|11|SK
9|12|138|163|153|10|3H|W|11|SK
9|12|89|260|160|274|5D|W|5|SA
9|12|3|7|128|105|4H|W|11|SK
9|12|266|66|262|63|4H|W|11|SK
9|12|20|248|199|290|4H|W|11|SK
9|12|102|57|112|12|4C|E|11|DK
9|12|96|117|257|173|4H|W|11|SK
9|12|100|51|17|162|4H|W|11|SK
9|13|54|223|22|122|3CX|W|5|D3
9|13|242|220|288|104|3N|N|7|HJ
9|13|138|163|153|10|3S|S|8|H3
9|13|89|260|160|274|4SX|S|8|H3
9|13|3|7|128|105|3N|N|9|C3
9|13|266|66|262|63|3N|N|8|HJ
9|13|20|248|199|290|2S|S|8|H3
9|13|102|57|112|12|3S|S|8|DJ
9|13|96|117|257|173|3S|S|8|DJ
9|13|100|51|17|162|3S|S|7|DJ
9|14|54|223|22|122|4S|N|8|D9
9|14|242|220|288|104|5CX|W|8|SA
9|14|138|163|153|10|4S|N|8|D9
9|14|89|260|160|274|4S|N|8|D9
9|14|3|7|128|105|3D|S|8|CA
9|14|266|66|262|63|4S|N|8|D9
9|14|20|248|199|290|4S|N|8|D9
9|14|102|57|112|12|4S|N|9|D9
9|14|96|117|257|173|4S|S|9|CK
9|14|100|51|17|162|4S|N|8|D9
9|15|54|223|22|122|5CX|E|8|DK
9|15|242|220|288|104|4H|N|11|CK
9|15|138|163|153|10|4H|N|10|CK
9|15|89|260|160|274|4H|N|10|CK
9|15|3|7|128|105|4H|N|10|CK
9|15|266|66|262|63|4HX|N|11|CK
9|15|20|248|199|290|5H|N|10|CK
9|15|102|57|112|12|5H|N|10|CK
9|15|96|117|257|173|4SX|E|5|DA
9|15|100|51|17|162|4H|N|10|CK
9|16|54|223|22|122|1N|N|8|D2
9|16|242|220|288|104|3H|S|9|CK
9|16|138|163|153|10|1N|N|6|C3
9|16|89|260|160|274|4H|S|8|CK
9|16|3|7|128|105|3H|S|9|CK
9|16|266|66|262|63|4H|S|9|CK
9|16|20|248|199|290|1N|N|8|S2
9|16|102|57|112|12|4H|N|8|H6
9|16|96|117|257|173|3N|S|6|CK
9|16|100|51|17|162|2H|N|9|H6
9|17|54|103|22|115|3N|N|9|C7
9|17|242|220|288|104|3N|S|9|C7
9|17|138|50|153|148|3N|N|9|C7
9|17|89|260|160|274|4D|N|10|H2
9|17|66|7|63|105|3N|S|9|H9
9|17|266|43|262|87|3N|S|10|H5
9|17|20|248|199|290|3N|N|10|H2
9|17|102|57|112|12|3N|S|9|H5
9|17|96|168|257|170|3N|S|9|H5
9|17|117|51|173|162|3N|S|9|H5
9|18|54|103|22|115|1N|W|8|S7
9|18|242|220|288|104|2S|W|7|D9
9|18|138|50|153|148|2N|W|6|S7
9|18|89|260|160|274|2H|W|7|C5
9|18|66|7|63|105|3H|E|9|ST
9|18|266|43|262|87|4H|E|9|ST
9|18|20|248|199|290|2H|E|7|ST
9|18|102|57|112|12|3H|W|9|HJ
9|18|96|168|257|170|2H|E|9|DA
9|18|117|51|173|162|2H|E|8|H3
9|19|54|103|22|115|6DX|S|11|HA
9|19|242|220|288|104|5S|W|11|DA
9|19|138|50|153|148|5HX|W|10|D2
9|19|89|260|160|274|5H|W|9|CA
9|19|66|7|63|105|6S|E|13|DA
9|19|266|43|262|87|6SX|E|11|DA
9|19|20|248|199|290|5S|E|13|DA
9|19|102|57|112|12|5S|E|10|H7
9|19|96|168|257|170|6HX|W|10|CA
9|2|54|223|22|122|4H|N|12|SK
9|2|242|220|288|104|2D|S|11|C4
9|2|138|163|153|10|6H|S|12|S5
9|2|89|260|160|274|4H|N|11|CQ
9|2|3|7|128|105|4H|S|11|C2
9|2|266|66|262|63|4H|S|11|C4
9|2|20|248|199|290|4H|N|11|SK
9|2|102|57|112|12|4H|N|11|H5
9|2|96|117|257|173|4H|N|11|CQ
9|2|100|51|17|162|5H|S|12|S6
9|20|54|103|22|115|3N|W|10|C6
9|20|242|220|288|104|3N|E|9|C6
9|20|138|50|153|148|3N|E|8|DJ
9|20|89|260|160|274|3N|W|9|C6
9|20|66|7|63|105|3N|W|8|D4
9|20|266|43|262|87|3N|E|8|DJ
9|20|20|248|199|290|3N|W|9|C6
9|20|102|57|112|12|3N|E|8|DJ
9|20|96|168|257|170|3N|W|9|C4
9|20|117|51|173|162|3N|E|8|DJ
9|21|54|103|22|115|3N|E|8|H4
9|21|242|220|288|104|3N|W|10|H6
9|21|138|50|153|148|3N|E|10|H4
9|21|89|260|160|274|3N|E|9|S3
9|21|66|7|63|105|3N|E|10|S2
9|21|266|43|262|87|3N|E|8|H3
9|21|20|248|199|290|3N|E|10|S3
9|21|102|57|112|12|2D|E|7|CA
9|21|96|168|257|170|1HX|N|4|SQ
9|21|117|51|173|162|3N|E|9|H3
9|22|54|103|22|115|2H|N|8|C6
9|22|242|220|288|104|3HX|N|8|CK
9|22|138|50|153|148|4C|E|9|D9
9|22|89|260|160|274|3H|S|8|CK
9|22|66|7|63|105|3H|S|8|D5
9|22|266|43|262|87|4H|S|8|CK
9|22|20|248|199|290|5D|E|10|HA
9|22|102|57|112|12|3H|S|8|CK
9|22|96|168|257|170|3HX|S|8|H3
9|22|117|51|173|162|5C|W|9|H3
9|23|54|103|22|115|4SX|E|9|DK
9|23|242|220|288|104|4S|E|9|DK
9|23|138|50|153|148|3C|S|9|S3
9|23|89|260|160|274|2S|E|9|HK
9|23|66|7|63|105|4H|N|5|SK
9|23|266|43|262|87|3S|E|9|HK
9|23|20|248|199|290|3S|E|9|DK
9|23|102|57|112|12|3S|E|9|HK
9|23|96|168|257|170|3S|E|9|CQ
9|23|117|51|173|162|3S|E|9
9|24|54|103|22|115|3N|E|10|C8
9|24|242|220|288|104|5D|E|11|D2
9|24|138|50|153|148|3D|W|11|HT
9|24|89|260|160|274|5D|E|10|H3
9|24|66|7|63|105|4S|E|11|C8
9|24|266|43|262|87|5D|E|11|D7
9|24|20|248|199|290|4S|E|10|C8
9|24|102|57|112|12|5D|E|11|D7
9|24|96|168|257|170|3D|W|11|CA
9|24|117|51|173|162|5D|E|11|CA
9|25|54|103|22|115|4S|N|11|ST
9|25|242|220|288|104|4S|S|13|ST
9|25|138|50|153|148|4S|N|13|H5
9|25|89|260|160|274|4S|N|12|C2
9|25|66|7|63|105|4S|N|13|S4
9|25|266|43|262|87|4S|N|10|C8
9|25|20|248|199|290|4S|N|13|ST
9|25|102|57|112|12|4S|N|13|H7
9|25|96|168|257|170|3N|N|8|H5
9|25|117|51|173|162|3N|N|8|H3
9|26|54|103|22|115|3N|E|11|DJ
9|26|242|220|288|104|3N|W|7|H2
9|26|138|50|153|148|3N|E|7|H7
9|26|89|260|160|274|5C|E|11|H7
9|26|66|7|63|105|5C|E|10|H7
9|26|266|43|262|87|3N|E|11|SJ
9|26|20|248|199|290|3N|E|7|H7
9|26|102|57|112|12|3N|E|7|HK
9|26|96|168|257|170|3N|E|7|H2
9|26|117|51|173|162|3N|E|7|H9
9|27|54|103|22|115|6N|S|12|H4
9|27|242|220|288|104|6C|N|7|SJ
9|27|138|50|153|148|6H|N|12|D8
9|27|89|260|160|274|6H|N|12|DJ
9|27|66|7|63|105|3N|S|12|C5
9|27|266|43|262|87|6H|N|12|H6
9|27|20|248|199|290|4H|N|12|DJ
9|27|102|57|112|12|6H|N|12|DJ
9|27|96|168|257|170|6H|S|12|D4
9|27|117|51|173|162|6H|N|12|DJ
9|28|54|103|22|115|3N|S|8|H3
9|28|242|220|288|104|2C|S|10|H6
9|28|138|50|153|148|2C|S|10|H5
9|28|89|260|160|274|1N|S|9|DK
9|28|66|7|63|105|2C|S|10|H5
9|28|266|43|262|87|3N|N|10|S5
9|28|20|248|199|290|2C|S|10|H5
9|28|102|57|112|12|2C|S|9|H5
9|28|96|168|257|170|2C|S|9|H5
9|28|117|51|173|162|3N|N|9|HQ
9|29|54|103|22|115|2N|N|8|D4
9|29|242|220|288|104|2N|N|9|D5
9|29|138|50|153|148|2H|S|7|CA
9|29|89|260|160|274|2N|N|8|D4
9|29|66|7|63|105|4S|S|6|CA
9|29|266|43|262|87|2N|N|7|D5
9|29|20|248|199|290|2N|N|8|D4
9|29|102|57|112|12|2H|N|8|C9
9|29|96|168|257|170|2S|S|7|S3
9|29|117|51|173|162|2N|N|8|D3
9|3|54|223|22|122|4H|N|10|SK
9|3|242|220|288|104|4H|N|10|SA
9|3|138|163|153|10|3C|N|9|SA
9|3|89|260|160|274|4H|S|10|SA
9|3|3|7|128|105|1N|N|6|SA
9|3|266|66|262|63|4H|N|10|SK
9|3|20|248|199|290|5C|N|10|SK
9|3|102|57|112|12|3S|E|9|CT
9|3|96|117|257|173|1N|N|9|S7
9|3|100|51|17|162|4H|N|11|SA
9|30|54|103|22|115|1N|S|8|D2
9|30|242|220|288|104|2S|S|8|D6
9|30|138|50|153|148|1N|S|6|D2
9|30|89|260|160|274|2S|N|8|D6
9|30|66|7|63|105|1N|S|8|D2
9|30|266|43|262|87|2S|N|10|D6
9|30|20|248|199|290|2S|N|7|D6
9|30|102|57|112|12|2S|N|10|D4
9|30|96|168|257|170|2S|S|9|D7
9|30|117|51|173|162|2S|N|7|D4
9|31|54|103|22|115|2H|W|8|SK
9|31|242|220|288|104|2H|E|8|D7
9|31|138|50|153|148|2H|W|8|SK
9|31|89|260|160|274|3H|W|7|D6
9|31|66|7|63|105|3D|N|8|H5
9|31|266|43|262|87|1N|S|6|HT
9|31|20|248|199|290|2H|W|8|D6
9|31|102|57|112|12|2H|W|6|SK
9|31|96|168|257|170|2H|W|8|D7
9|31|117|51|173|162|4HX|W|7|D6
9|32|54|103|22|115|3D|E|8|H6
9|32|242|220|288|104|3D|W|9|H3
9|32|138|50|153|148|4D|E|9|H6
9|32|89|260|160|274|2D|E|8|H6
9|32|66|7|63|105|2H|S|8|CT
9|32|266|43|262|87|3D|E|10|H3
9|32|20|248|199|290|2H|S|8|CT
9|32|102|57|112|12|2D|E|8|H6
9|32|96|168|257|170|2H|S|8|H4
9|32|117|51|173|162|2H|S|8|CT
9|4|54|223|22|122|1N|E|7|D7
9|4|242|220|288|104|1N|S|6|S6
9|4|138|163|153|10|2H|N|8|C6
9|4|89|260|160|274|1N|S|5|S2
9|4|3|7|128|105|1N|E|6|D7
9|4|266|66|262|63|1N|E|6|S3
9|4|20|248|199|290|1N|E|7|C3
9|4|102|57|112|12|1N|E|7|C3
9|4|96|117|257|173|2S|S|8|S2
9|4|100|51|17|162|1N|E|7|C3
9|5|54|223|22|122|5C|E|10|SK
9|5|242|220|288|104|4C|W|10|SA
9|5|138|163|153|10|4S|S|8|HA
9|5|89|260|160|274|3D|S|7|HJ
9|5|3|7|128|105|4C|W|10|SK
9|5|266|66|262|63|3S|N|9|S3
9|5|20|248|199|290|4H|N|9|HA
9|5|102|57|112|12|3C|W|10|SA
9|5|96|117|257|173|3S|S|8|C8
9|5|100|51|17|162|4HX|N|8|CK
9|6|54|223|22|122|4H|S|9|SA
9|6|242|220|288|104|4H|S|9|SK
9|6|138|163|153|10|4H|S|9|SA
9|6|89|260|160|274|4H|S|9|SA
9|6|3|7|128|105|4H|S|9|SA
9|6|266|66|262|63|4H|S|9|SA
9|6|20|248|199|290|3H|S|10|SA
9|6|102|57|112|12|3C|S|9|SK
9|6|96|117|257|173|4SX|W|7|S6
9|6|100|51|17|162|4H|S|9|SA
9|7|54|223|22|122|4H|W|8|CT
9|7|242|220|288|104|4HX|W|10|D2
9|7|138|163|153|10|2H|W|7|C9
9|7|89|260|160|274|4H|W|5|C2
9|7|3|7|128|105|2D|S|5|CK
9|7|266|66|262|63|4H|W|4|CT
9|7|20|248|199|290|2D|S|7|CK
9|7|102|57|112|12|3H|W|7|CT
9|7|96|117|257|173|3C|W|7|HK
9|7|100|51|17|162|3D|S|8|SQ
9|8|54|223|22|122|2DX|N|8|CA
9|8|242|220|288|104|3H|W|9|DA
9|8|138|163|153|10|4S|E|8|DQ
9|8|89|260|160|274|3H|W|8|DA
9|8|3|7|128|105|3C|W|10|DA
9|8|266|66|262|63|2H|W|8|DK
9|8|20|248|199|290|3C|W|10|DK
9|8|102|57|112|12|2DX|N|9|CA
9|8|96|117|257|173|3C|W|10|DK
9|8|100|51|17|162|4S|E|6|DQ
9|9|54|223|22|122|5S|E|10|DK
9|9|242|220|288|104|6C|W|12|DQ
9|9|138|163|153|10|3S|W|11|D3
9|9|89|260|160|274|3C|W|11|DQ
9|9|3|7|128|105|5DX|S|7|SA
9|9|266|66|262|63|6C|W|11|DQ
9|9|20|248|199|290|4S|E|10|DA
9|9|102|57|112|12|5S|E|10|DA
9|9|96|117|257|173|4S|E|10|DK
9|9|100|51|17|162|7DX|S|8|SA
