1|1|46|129|144|171|3D|W|8|SK
1|1|118|119|174|86|1N|E|6|S5
1|1|246|64|277|281|1NX|N|7|D6
1|1|258|177|182|68|2N|E|8|CT
1|1|269|273|285|41|2N|E|8|H4
1|1|157|32|180|19|1NX|N|7|D6
1|1|188|233|130|45|2S|W|6|DJ
1|1|42|21|186|226|1N|E|6|S5
1|1|142|154|218|156|2S|W|7|HA
1|1|123|194|279|90|1N|N|7|SA
1|10|46|129|144|171|4H|S|11|CJ
1|10|118|119|174|86|4H|S|11|C7
1|10|246|64|277|281|6H|S|11|C3
1|10|258|177|182|68|6H|S|12|CJ
1|10|269|273|285|41|2SX|W|3|D4
1|10|157|32|180|19|4H|S|12|DA
1|10|188|233|130|45|6H|S|12|DA
1|10|42|21|186|226|6H|S|11|DA
1|10|142|154|218|156|6H|S|11|CJ
1|10|123|194|279|90|6H|S|11|DA
1|11|46|129|144|171|6H|W|12|SQ
1|11|118|119|174|86|6H|W|12|HJ
1|11|246|64|277|281|6H|W|13|H4
1|11|258|177|182|68|6H|W|12|D4
1|11|269|273|285|41|6H|W|12|SQ
1|11|157|32|180|19|5H|W|12|C8
1|11|188|233|130|45|4H|W|12|SQ
1|11|42|21|186|226|6H|W|12|HJ
1|11|142|154|218|156|6H|W|12|C4
1|11|123|194|279|90|6H|W|12|HJ
1|12|46|129|144|171|3S|N|7|HQ
1|12|118|119|174|86|2H|W|8|CJ
1|12|246|64|277|281|2H|W|8|CJ
1|12|258|177|182|68|1N|S|7|H4
1|12|269|273|285|41|2S|N|9|HJ
1|12|157|32|180|19|2H|W|8|CJ
1|12|188|233|130|45|3C|S|9|S3
1|12|42|21|186|226|2H|W|7|CJ
1|12|142|154|218|156|2H|W|8|SK
1|12|123|194|279|90|2H|W|8|SA
1|13|46|129|144|171|2S|N|6|DA
1|13|118|119|174|86|1N|S|5|HQ
1|13|246|64|277|281|2S|N|6|DA
1|13|258|177|182|68|3H|W|7|SK
1|13|269|273|285|41|2S|N|7|DK
1|13|157|32|180|19|2S|N|8|DA
1|13|188|233|130|45|3HX|W|8|SA
1|13|42|21|186|226|2HX|W|7|SA
1|13|142|154|218|156|2S|N|8|DA
1|13|123|194|279|90|2S|N|6|DA
1|14|46|129|144|171|1N|W|7|D9
1|14|118|119|174|86|1N|W|7|HA
1|14|246|64|277|281|2H|N|6|DQ
1|14|258|177|182|68|1N|E|4|D5
1|14|269|273|285|41|1N|W|5|D8
1|14|157|32|180|19|1N|W|8|D9
1|14|188|233|130|45|1N|W|8|S2
1|14|42|21|186|226|1N|W|6|D8
1|14|142|154|218|156|1N|W|6|HK
1|14|123|194|279|90|1N|W|8|HA
1|15|46|129|144|171|4S|W|11|H2
1|15|118|119|174|86|4S|W|10|H3
1|15|246|64|277|281|4S|E|11|DT
1|15|258|177|182|68|4S|W|11|H3
1|15|269|273|285|41|4S|W|11|H3
1|15|157|32|180|19|4S|W|11|H2
1|15|188|233|130|45|4S|W|10|H3
1|15|42|21|186|226|4S|W|11|H3
1|15|142|154|218|156|4S|W|10|H3
1|15|123|194|279|90|4S|E|11|D9
1|16|46|129|144|171|3N|N|10|C6
1|16|118|119|174|86|5D|S|9|H5
1|16|246|64|277|281|3S|S|9|C5
1|16|258|177|182|68|1S|S|7|D4
1|16|269|273|285|41|2S|S|7|H5
1|16|157|32|180|19|3S|S|8|C5
1|16|188|233|130|45|3S|S|7|C8
1|16|42|21|186|226|3N|N|7|H5
1|16|142|154|218|156|2S|S|8|D4
1|16|123|194|279|90|6NX|N|6|S7
1|17|78|129|110|171|2N|S|9|C9
1|17|147|119|34|86|4S|N|10|CA
1|17|246|64|277|281|2S|S|11|C5
1|17|258|151|182|65|2D|W|6|HA
1|17|24|264|209|216|1N|E|5|SJ
1|17|157|32|180|19|3D|W|6|HK
1|17|188|233|130|45|1S|S|11|C9
1|17|42|21|186|226|4S|S|11|C4
1|17|142|154|218|156|4S|S|11|C9
1|17|29|243|189|95|3N|N|12|CT
1|18|78|129|110|171|2S|N|8|CT
1|18|147|119|34|86|2S|N|9|D8
1|18|246|64|277|281|1S|N|9|C2
1|18|258|151|182|65|2N|W|6|CK
1|18|24|264|209|216|1NX|E|7|CA
1|18|157|32|180|19|2H|S|7|SA
1|18|188|233|130|45|2S|N|9|CT
1|18|42|21|186|226|4S|N|9|CT
1|18|142|154|218|156|2S|N|8|CT
1|18|29|243|189|95|3S|N|8|C9
1|19|78|129|110|171|4S|N|10|H5
1|19|147|119|34|86|4S|S|11|HT
1|19|246|64|277|281|4H|S|9|ST
1|19|258|151|182|65|5H|S|10|ST
1|19|24|264|209|216|4H|N|9|ST
1|19|157|32|180|19|4H|S|10|ST
1|19|188|233|130|45|4S|S|10|H5
1|19|42|21|186|226|6H|S|10|D4
1|19|142|154|218|156|4H|S|9|ST
1|19|29|243|189|95|4S|N|10|H5
1|2|46|129|144|171|5HX|E|10|CK
1|2|118|119|174|86|5C|N|10|DA
1|2|246|64|277|281|3S|N|10|H7
1|2|258|177|182|68|5HX|E|10|CK
1|2|269|273|285|41|5HX|E|10|CK
1|2|157|32|180|19|5S|S|10|HQ
1|2|188|233|130|45|6CX|N|10|DA
1|2|42|21|186|226|4S|S|9|HQ
1|2|142|154|218|156|5S|S|10|HQ
1|2|123|194|279|90|4H|E|10|CK
1|20|78|129|110|171|6H|W|13|C7
1|20|147|119|34|86|4H|W|12|DK
1|20|246|64|277|281|6S|E|12|DA
1|20|258|151|182|65|7HX|W|12|DK
1|20|24|264|209|216|6H|W|13|C7
1|20|157|32|180|19|6H|W|12|DQ
1|20|188|233|130|45|6H|E|13|CK
1|20|42|21|186|226|4H|W|12|DK
1|20|142|154|218|156|7H|W|12|DK
1|20|29|243|189|95|6H|E|13|CK
1|21|78|129|110|171|3S|N|7|S9
1|21|147|119|34|86|2S|S|8|H9
1|21|246|64|277|281|2S|N|8|HT
1|21|258|151|182|65|3S|N|8|S3
1|21|24|264|209|216|2S|S|8|H4
1|21|157|32|180|19|2S|S|8|C4
1|21|188|233|130|45|2S|N|7|D7
1|21|42|21|186|226|3D|E|10|CT
1|21|142|154|218|156|3SX|S|8|H4
1|21|29|243|189|95|2S|S|9|H4
1|22|78|129|110|171|4S|W|11|H9
1|22|147|119|34|86|4S|W|11|H9
1|22|246|64|277|281|5H|E|9|C9
1|22|258|151|182|65|4S|W|11|D4
1|22|24|264|209|216|5S|E|11|H4
1|22|157|32|180|19|4S|W|11|H9
1|22|188|233|130|45|4S|W|11|D4
1|22|42|21|186|226|4S|W|11|D4
1|22|142|154|218|156|4S|E|11|D4
1|22|29|243|189|95|5S|E|11|DA
1|23|78|129|110|171|4H|E|5|SA
1|23|147|119|34|86|2S|E|10|H4
1|23|246|64|277|281|3C|W|10|HQ
1|23|258|151|182|65|3S|E|10|C2
1|23|24|264|209|216|3S|E|10|C3
1|23|157|32|180|19|3H|N|8|SQ
1|23|188|233|130|45|4S|E|10|SA
1|23|42|21|186|226|3C|W|10|HQ
1|23|142|154|218|156|2S|E|10|H4
1|23|29|243|189|95|4H|N|8|SQ
1|24|78|129|110|171|2D|N|7|CK
1|24|147|119|34|86|2C|W|7|SQ
1|24|246|64|277|281|2SX|W|6|DJ
1|24|258|151|182|65|1N|S|5|C2
1|24|24|264|209|216|1N|W|6|SQ
1|24|157|32|180|19|3D|E|6|D5
1|24|188|233|130|45|2C|W|8|SQ
1|24|42|21|186|226|2C|W|7|SQ
1|24|142|154|218|156|2C|W|8|SQ
1|24|29|243|189|95|2C|W|8|SQ
1|25|78|129|110|171|5DX|E|10|HT
1|25|147|119|34|86|3D|E|10|HT
1|25|246|64|277|281|3D|W|10|CA
1|25|258|151|182|65|3D|E|10|HT
1|25|24|264|209|216|5D|E|11|HT
1|25|157|32|180|19|4D|E|10|HT
1|25|188|233|130|45|3N|E|5|C4
1|25|42|21|186|226|3D|E|10|HT
1|25|142|154|218|156|3D|E|10|HT
1|25|29|243|189|95|4D|E|10|D5
1|26|78|129|110|171|2SX|E|8|DJ
1|26|147|119|34|86|2S|N|6|DK
1|26|246|64|277|281|3D|S|6|SJ
1|26|258|151|182|65|3N|S|8|C2
1|26|24|264|209|216|2N|S|8|C2
1|26|157|32|180|19|3D|S|8|SJ
1|26|188|233|130|45|2SX|E|8|DJ
1|26|42|21|186|226|3N|S|9|SJ
1|26|142|154|218|156|2S|W|8|H7
1|26|29|243|189|95|3N|S|8|SJ
1|27|78|129|110|171|3H|W|10|SA
1|27|147|119|34|86|3N|E|6|D5
1|27|246|64|277|281|4S|N|10|H9
1|27|258|151|182|65|3H|W|10|D3
1|27|24|264|209|216|3H|W|10|D9
1|27|157|32|180|19|4S|N|8|H9
1|27|188|233|130|45|4S|N|8|H8
1|27|42|21|186|226|3H|W|10|H7
1|27|142|154|218|156|4D|S|10|HQ
1|27|29|243|189|95|3NX|E|6|D5
1|28|78|129|110|171|6N|N|12|D5
1|28|147|119|34|86|6N|N|12|S7
1|28|246|64|277|281|3N|N|11|C8
1|28|258|151|182|65|3N|N|10|D6
1|28|24|264|209|216|6N|N|10|C8
1|28|157|32|180|19|6N|S|11|D7
1|28|188|233|130|45|6N|N|12|S7
1|28|42|21|186|226|3N|N|10|D5
1|28|142|154|218|156|3N|N|11|D5
1|28|29|243|189|95|6C|S|12|D7
1|29|78|129|110|171|3N|N|10|C4
1|29|147|119|34|86|3N|N|10|C3
1|29|246|64|277|281|3N|N|11|C6
1|29|258|151|182|65|3N|N|10|C3
1|29|24|264|209|216|3N|N|11|C3
1|29|157|32|180|19|3N|N|9|C4
1|29|188|233|130|45|3N|N|10|C3
1|29|42|21|186|226|3N|N|10|C4
1|29|142|154|218|156|3N|N|11|C7
1|29|29|243|189|95|3N|N|9|C7
1|3|46|129|144|171|2N|N|8|HT
1|3|118|119|174|86|3H|E|8|CA
1|3|246|64|277|281|2H|E|7|C8
1|3|258|177|182|68|3D|N|9|CJ
1|3|269|273|285|41|3D|N|8|CJ
1|3|157|32|180|19|2H|E|8|C8
1|3|188|233|130|45|3C|N|8|D5
1|3|42|21|186|226|3C|N|8|HA
1|3|142|154|218|156|2N|N|7|H8
1|3|123|194|279|90|2C|N|7|S6
1|30|78|129|110|171|2N|N|8|C5
1|30|147|119|34|86|3N|N|8|SK
1|30|246|64|277|281|2N|N|9|H7
1|30|258|151|182|65|3N|N|7|SK
1|30|24|264|209|216|3N|S|8|HK
1|30|157|32|180|19|2N|S|8|HK
1|30|188|233|130|45|3N|S|8|HK
1|30|42|21|186|226|2N|S|8|HK
1|30|142|154|218|156|3N|S|8|HK
1|30|29|243|189|95|3N|S|8|HK
1|31|78|129|110|171|3N|W|10|S2
1|31|147|119|34|86|3N|W|9|S5
1|31|246|64|277|281|2N|W|10|S5
1|31|258|151|182|65|3N|W|9|S5
1|31|24|264|209|216|1N|W|10|S2
1|31|157|32|180|19|1N|W|10|S2
1|31|188|233|130|45|3N|W|9|S5
1|31|42|21|186|226|3N|W|9|S5
1|31|142|154|218|156|1N|W|9|S5
1|31|29|243|189|95|3N|W|9|S5
1|32|78|129|110|171|3N|W|12|D8
1|32|147|119|34|86|5C|E|10|D5
1|32|246|64|277|281|3N|W|9|S4
1|32|258|151|182|65|3N|W|9|SJ
1|32|24|264|209|216|4H|E|11|H2
1|32|157|32|180|19|3N|W|9|ST
1|32|188|233|130|45|3N|E|10|H9
1|32|42|21|186|226|4H|W|10|SJ
1|32|142|154|218|156|3N|W|9|SJ
1|32|29|243|189|95|4H|W|11|CJ
1|4|46|129|144|171|1N|S|6|D3
1|4|118|119|174|86|1N|S|6|D5
1|4|246|64|277|281|1N|W|6|S5
1|4|258|177|182|68|1S|N|7|S2
1|4|269|273|285|41|1N|N|7|C2
1|4|157|32|180|19|1N|N|7|C2
1|4|188|233|130|45|1N|N|6|H3
1|4|42|21|186|226|1N|S|7|SK
1|4|142|154|218|156|1N|S|6|D3
1|4|123|194|279|90|1S|N|6|S4
1|5|46|129|144|171|5C|S|11|S6
1|5|118|119|174|86|4SX|E|9|CA
1|5|246|64|277|281|4S|E|9|CA
1|5|258|177|182|68|5C|N|11|SA
1|5|269|273|285|41|4HX|N|8|H3
1|5|157|32|180|19|5H|N|8|SA
1|5|188|233|130|45|5S|N|8|SA
1|5|42|21|186|226|5C|S|11|S6
1|5|142|154|218|156|4SX|E|9|CA
1|5|123|194|279|90|3S|E|8|CA
1|6|46|129|144|171|3N|S|9|SQ
1|6|118|119|174|86|3N|N|11|S4
1|6|246|64|277|281|3N|S|9|SQ
1|6|258|177|182|68|3N|S|9|SQ
1|6|269|273|285|41|3N|S|11|SQ
1|6|157|32|180|19|3N|S|10|SQ
1|6|188|233|130|45|3N|S|11|S3
1|6|42|21|186|226|3N|S|10|SQ
1|6|142|154|218|156|3N|S|10|SQ
1|6|123|194|279|90|3N|S|9|S5
1|7|46|129|144|171|4H|W|11|DA
1|7|118|119|174|86|4H|W|10|DA
1|7|246|64|277|281|3H|W|11|DA
1|7|258|177|182|68|4H|W|10|DK
1|7|269|273|285|41|4H|W|10|DA
1|7|157|32|180|19|4H|W|11|DK
1|7|188|233|130|45|4H|W|11|DA
1|7|42|21|186|226|4H|W|11|DK
1|7|142|154|218|156|4H|W|11|DA
1|7|123|194|279|90|4H|W|11|DK
1|8|46|129|144|171|6H|N|13|S3
1|8|118|119|174|86|6H|N|13|C3
1|8|246|64|277|281|7N|N|12|D6
1|8|258|177|182|68|6H|N|13|S3
1|8|269|273|285|41|6H|S|13|SJ
1|8|157|32|180|19|6H|N|13|S3
1|8|188|233|130|45|6H|N|13|S4
1|8|42|21|186|226|6H|N|13|S3
1|8|142|154|218|156|6H|N|13|S3
1|8|123|194|279|90|6H|S|13|SJ
1|9|46|129|144|171|3N|S|11|S9
1|9|118|119|174|86|3N|S|9|ST
1|9|246|64|277|281|3N|S|10|S7
1|9|258|177|182|68|3N|S|11|S7
1|9|269|273|285|41|3N|S|11|S3
1|9|157|32|180|19|3N|S|9|ST
1|9|188|233|130|45|3N|S|11|ST
1|9|42|21|186|226|3N|S|10|S7
1|9|142|154|218|156|3N|S|9|S7
1|9|123|194|279|90|3N|S|12|S9
2|1|258|46|182|144|3D|S|8|C3
2|1|78|64|110|281|3H|E|7|SK
2|1|273|151|41|65|1N|N|7|HJ
2|1|177|264|68|216|2N|N|7|HJ
2|1|42|269|186|285|1N|N|7|HJ
2|1|24|233|209|45|2H|E|6|C4
2|1|29|188|189|145|2D|S|5|D3
2|1|21|154|130|156|3N|E|5|SK
2|1|118|194|174|90|2D|S|8|DA
2|1|243|129|95|171|2H|E|7|SK
2|10|258|46|182|144|4H|N|10|H6
2|10|78|64|110|281|4H|S|10|D3
2|10|273|151|41|65|4H|S|11|DT
2|10|177|264|68|216|3N|S|9|H4
2|10|42|269|186|285|4H|N|10|CJ
2|10|24|233|209|45|4H|N|10|CJ
2|10|29|188|189|145|4H|S|11|DT
2|10|21|154|130|156|4H|S|10|DT
2|10|118|194|174|90|4H|N|10|C5
2|10|243|129|95|171|4H|S|12|DT
2|11|258|46|182|144|3HX|W|8|S5
2|11|78|64|110|281|3H|E|9|SA
2|11|273|151|41|65|2N|E|9|SA
2|11|177|264|68|216|4C|N|7|HK
2|11|42|269|186|285|3HX|W|9|S5
2|11|24|233|209|45|3H|W|8|H6
2|11|29|188|189|145|3HX|W|8|S6
2|11|21|154|130|156|3S|S|7|D9
2|11|118|194|174|90|4H|W|9|S5
2|11|243|129|95|171|3H|W|9|S5
2|12|258|46|182|144|1N|S|6|C2
2|12|78|64|110|281|2S|S|8|D6
2|12|273|151|41|65|2D|E|9|D2
2|12|177|264|68|216|2H|N|8|D3
2|12|42|269|186|285|2H|N|4|DT
2|12|24|233|209|45|2H|N|7|D3
2|12|29|188|189|145|2D|W|8|SJ
2|12|21|154|130|156|1N|S|6|D6
2|12|118|194|174|90|2H|N|6|D3
2|12|243|129|95|171|2H|N|8|C4
2|13|258|46|182|144|2H|N|9|D3
2|13|78|64|110|281|3H|N|10|SQ
2|13|273|151|41|65|2H|N|10|SQ
2|13|177|264|68|216|3H|N|10|SQ
2|13|42|269|186|285|2H|N|10|CK
2|13|24|233|209|45|2H|N|10|CK
2|13|29|188|189|145|2H|N|10|D6
2|13|21|154|130|156|2S|W|6|HK
2|13|118|194|174|90|2H|N|9|CK
2|13|243|129|95|171|2H|N|9|D7
2|14|258|46|182|144|4S|W|10|H6
2|14|78|64|110|281|3N|E|10|C4
2|14|273|151|41|65|4S|E|12|CQ
2|14|177|264|68|216|4S|E|11|C9
2|14|42|269|186|285|4S|E|10|C5
2|14|24|233|209|45|4S|E|11|H8
2|14|29|188|189|145|4S|E|10|C9
2|14|21|154|130|156|4S|E|11|C9
2|14|118|194|174|90|6S|W|11|CK
2|14|243|129|95|171|4S|E|11|C5
2|15|258|46|182|144|3N|W|10|S8
2|15|78|64|110|281|3N|W|9|D5
2|15|273|151|41|65|3N|W|9|H6
2|15|177|264|68|216|3N|W|10|C9
2|15|42|269|186|285|3N|W|9|C5
2|15|24|233|209|45|3N|W|10|C9
2|15|29|188|189|145|4D|E|10|S4
2|15|21|154|130|156|3N|E|11|H4
2|15|118|194|174|90|3N|W|9|C9
2|15|243|129|95|171|3N|W|10|D3
2|16|258|46|182|144|3C|W|10|S4
2|16|78|64|110|281|5C|W|10|DA
2|16|273|151|41|65|3C|W|10|S3
2|16|177|264|68|216|4H|E|10|SK
2|16|42|269|186|285|4C|E|10|SK
2|16|24|233|209|45|4H|W|10|S3
2|16|29|188|189|145|4S|S|7|CA
2|16|21|154|130|156|4SX|N|8|CA
2|16|118|194|174|90|3SX|S|7|CA
2|16|243|129|95|171|3C|W|10|HK
2|17|258|119|182|86|3N|S|9|S4
2|17|78|64|110|281|3N|S|9|S6
2|17|273|151|41|65|6D|N|10|D3
2|17|246|157|277|180|1SX|E|6|HQ
2|17|42|32|186|19|3N|S|9|S6
2|17|269|233|285|45|1SX|E|7|HQ
2|17|29|188|189|145|1SX|E|6|HQ
2|17|21|123|130|279|3N|S|9|S4
2|17|118|194|174|90|1S|E|6|HQ
2|17|142|147|218|34|3N|S|9|S9
2|18|258|119|182|86|2S|S|8|HQ
2|18|78|64|110|281|3N|N|8|C6
2|18|273|151|41|65|2S|N|8|DT
2|18|246|157|277|180|2S|N|8|DT
2|18|42|32|186|19|2S|S|8|HQ
2|18|269|233|285|45|2S|S|8|HQ
2|18|29|188|189|145|2S|N|9|D9
2|18|21|123|130|279|1N|S|8|S7
2|18|118|194|174|90|2S|N|8|DT
2|18|142|147|218|34|2S|S|8|HQ
2|19|258|119|182|86|6H|W|13|D6
2|19|78|64|110|281|5H|W|12|SJ
2|19|273|151|41|65|6H|E|12|SJ
2|19|246|157|277|180|6S|E|13|DA
2|19|42|32|186|19|5H|W|13|C6
2|19|269|233|285|45|6H|W|13|SJ
2|19|29|188|189|145|5H|W|13|SJ
2|19|21|123|130|279|4S|E|13|DA
2|19|118|194|174|90|6S|E|13|DA
2|19|142|147|218|34|4S|E|13|DA
2|2|258|46|182|144|4SX|W|6|DK
2|2|78|64|110|281|6C|S|12|S2
2|2|273|151|41|65|5C|S|12|S3
2|2|177|264|68|216|6SX|W|6|S6
2|2|42|269|186|285|5C|S|12|S4
2|2|24|233|209|45|5C|S|12|S2
2|2|29|188|189|145|6H|S|13|D7
2|2|21|154|130|156|4SX|W|7|DA
2|2|118|194|174|90|5C|N|13|C4
2|2|243|129|95|171|4SX|W|6|DK
2|20|258|119|182|86|4S|W|10|H3
2|20|78|64|110|281|4S|W|9|D4
2|20|273|151|41|65|4S|W|10|H4
2|20|246|157|277|180|4S|W|11|H7
2|20|42|32|186|19|4S|W|11|C6
2|20|269|233|285|45|4S|W|11|C6
2|20|29|188|189|145|4S|W|10|H5
2|20|21|123|130|279|5S|W|10|H3
2|20|118|194|174|90|4S|E|10|D4
2|20|142|147|218|34|3N|W|11|C6
2|22|258|119|182|86|4H|E|9|SA
2|22|78|64|110|281|3N|W|10|S4
2|22|273|151|41|65|4H|E|9|SA
2|22|246|157|277|180|3N|E|10|SA
2|22|42|32|186|19|3N|E|10|CJ
2|22|269|233|285|45|3N|E|10|SK
2|22|29|188|189|145|3N|E|10|CJ
2|22|21|123|130|279|4H|E|9|SA
2|22|118|194|174|90|5D|E|9|SA
2|22|142|147|218|34|4H|E|10|SA
2|23|258|119|182|86|4SX|S|8|HJ
2|23|78|64|110|281|2S|S|9|HJ
2|23|273|151|41|65|2S|N|8|HA
2|23|246|157|277|180|2S|S|9|HT
2|23|42|32|186|19|2D|S|9|HJ
2|23|269|233|285|45|4SX|S|8|HJ
2|23|29|188|189|145|2S|N|8|HK
2|23|21|123|130|279|5CX|E|10|SQ
2|23|118|194|174|90|4H|W|7|D4
2|23|142|147|218|34|2D|S|9|HJ
2|24|258|119|182|86|3N|W|11|S2
2|24|78|64|110|281|3N|W|9|S6
2|24|273|151|41|65|3N|E|9|S7
2|24|246|157|277|180|3N|E|11|S2
2|24|42|32|186|19|3N|E|11|HQ
2|24|269|233|285|45|3N|W|11|S2
2|24|29|188|189|145|3N|E|9|S4
2|24|21|123|130|279|3N|W|9|S6
2|24|118|194|174|90|3N|E|10|HQ
2|24|142|147|218|34|4S|E|10|HQ
2|25|258|119|182|86|3N|E|10|H3
2|25|78|64|110|281|4N|E|9|H5
2|25|273|151|41|65|3N|E|9|H5
2|25|246|157|277|180|3N|E|9|H3
2|25|42|32|186|19|4N|E|8|S4
2|25|269|233|285|45|3N|W|8|H3
2|25|29|188|189|145|5DX|W|9|H2
2|25|21|123|130|279|4HX|S|6|CA
2|25|118|194|174|90|3N|W|8|H4
2|25|142|147|218|34|4HX|N|6|CJ
2|26|258|119|182|86|2S|E|7|SA
2|26|78|64|110|281|2H|W|9|S6
2|26|273|151|41|65|3H|E|10|HA
2|26|246|157|277|180|2D|S|7|S2
2|26|42|32|186|19|4HX|E|9|SA
2|26|269|233|285|45|1N|S|6|HJ
2|26|29|188|189|145|2H|W|9|D3
2|26|21|123|130|279|1N|S|6|HJ
2|26|118|194|174|90|2S|E|7|HA
2|26|142|147|218|34|1NX|S|7|HJ
2|27|258|119|182|86|3C|S|9|SA
2|27|78|64|110|281|2S|W|8|C3
2|27|273|151|41|65|3SX|W|8|C3
2|27|246|157|277|180|2H|S|7|SK
2|27|42|32|186|19|3H|S|8|SA
2|27|269|233|285|45|3C|S|9|SA
2|27|29|188|189|145|3H|S|8|SA
2|27|21|123|130|279|2S|W|8|C4
2|27|118|194|174|90|3C|N|9|S4
2|27|142|147|218|34|3N|S|7|SA
2|28|258|119|182|86|5DX|E|11|D4
2|28|78|64|110|281|5C|N|11|DA
2|28|273|151|41|65|5C|N|11|DA
2|28|246|157|277|180|6DX|W|9|CT
2|28|42|32|186|19|3HX|W|10|SA
2|28|269|233|285|45|6C|N|11|DA
2|28|29|188|189|145|5DX|E|10|HK
2|28|21|123|130|279|4HX|W|8|SA
2|28|118|194|174|90|6C|N|11|DA
2|28|142|147|218|34|4HX|W|10|SA
2|29|258|119|182|86|4S|S|11|C3
2|29|78|64|110|281|4S|S|11|C5
2|29|273|151|41|65|4S|N|11|D7
2|29|246|157|277|180|4S|N|10|D7
2|29|42|32|186|19|4S|N|12|D4
2|29|269|233|285|45|5S|N|12|C4
2|29|29|188|189|145|5S|N|11|H3
2|29|21|123|130|279|6S|S|12|HA
2|29|118|194|174|90|4S|S|12|C5
2|29|142|147|218|34|6S|S|12|HA
2|3|258|46|182|144|3HX|S|4|S7
2|3|78|64|110|281|3N|W|12|C4
2|3|273|151|41|65|3N|E|11|C6
2|3|177|264|68|216|3N|W|10|H8
2|3|42|269|186|285|4N|W|12|S3
2|3|24|233|209|45|3N|E|11|SJ
2|3|29|188|189|145|3N|E|10|SJ
2|3|21|154|130|156|2D|W|12|C5
2|3|118|194|174|90|3N|W|10|H8
2|3|243|129|95|171|3N|E|11|SJ
2|30|258|119|182|86|4S|E|13|CK
2|30|78|64|110|281|4N|E|13|CK
2|30|273|151|41|65|4S|E|13|CQ
2|30|246|157|277|180|4S|E|13|HK
2|30|42|32|186|19|4S|E|13|CK
2|30|269|233|285|45|6S|E|13|CK
2|30|29|188|189|145|4S|E|13|CK
2|30|21|123|130|279|4S|E|13|HK
2|30|118|194|174|90|4S|E|13|CK
2|30|142|147|218|34|4S|E|13|CK
2|31|258|119|182|86|4S|N|10|H6
2|31|78|64|110|281|4S|N|11|DK
2|31|273|151|41|65|4S|N|11|C2
2|31|246|157|277|180|5DX|E|8|SA
2|31|42|32|186|19|4S|N|10|D6
2|31|269|233|285|45|6S|S|12|C3
2|31|29|188|189|145|5S|N|11|D7
2|31|21|123|130|279|5S|N|11|D7
2|31|118|194|174|90|4S|N|11|S5
2|31|142|147|218|34|5DX|E|7|D6
2|32|258|119|182|86|4H|W|11|C2
2|32|78|64|110|281|4H|E|11|SA
2|32|273|151|41|65|4H|E|11|SK
2|32|246|157|277|180|4H|E|11|SA
2|32|42|32|186|19|4H|E|11|SA
2|32|269|233|285|45|4H|W|11|SK
2|32|29|188|189|145|4H|W|11|HT
2|32|21|123|130|279|4H|E|11|SA
2|32|118|194|174|90|3N|W|9|S4
2|32|142|147|218|34|4H|E|11|SA
2|4|258|46|182|144|4S|W|10|D2
2|4|78|64|110|281|4S|W|9|D9
2|4|273|151|41|65|4S|W|9|D9
2|4|177|264|68|216|4S|W|11|CT
2|4|42|269|186|285|4S|W|9|D2
2|4|24|233|209|45|4S|W|9|D9
2|4|29|188|189|145|4S|W|10|D9
2|4|21|154|130|156|4S|W|9|D9
2|4|118|194|174|90|4S|W|10|C9
2|4|243|129|95|171|4S|W|11|D2
2|5|258|46|182|144|2N|E|6|CJ
2|5|78|64|110|281|2H|S|8|H3
2|5|273|151|41|65|3CX|E|6|DJ
2|5|177|264|68|216|2H|S|9|D2
2|5|42|269|186|285|3CX|E|8|H2
2|5|24|233|209|45|2H|S|8|H3
2|5|29|188|189|145|3H|S|8|H6
2|5|21|154|130|156|2N|E|7|CJ
2|5|118|194|174|90|2H|S|9|D5
2|5|243|129|95|171|2H|S|9|D5
2|6|258|46|182|144|4S|E|9|DQ
2|6|78|64|110|281|4S|E|8|DK
2|6|273|151|41|65|4S|E|9|DQ
2|6|177|264|68|216|4SX|E|9|DK
2|6|42|269|186|285|4S|E|9|DK
2|6|24|233|209|45|5HX|S|7|SA
2|6|29|188|189|145|4S|W|8|DK
2|6|21|154|130|156|4S|E|9|DK
2|6|118|194|174|90|3N|E|9|DK
2|6|243|129|95|171|4SX|E|10|DK
2|7|258|46|182|144|3N|W|11|HT
2|7|78|64|110|281|3N|W|10|H5
2|7|273|151|41|65|3N|W|11|H5
2|7|177|264|68|216|3N|W|10|C7
2|7|42|269|186|285|3N|W|9|HT
2|7|24|233|209|45|3N|E|11|D8
2|7|29|188|189|145|3N|W|10|C7
2|7|21|154|130|156|3N|W|11|HT
2|7|118|194|174|90|3N|W|11|H9
2|7|243|129|95|171|3N|W|11|HT
2|8|258|46|182|144|6H|N|11|C2
2|8|78|64|110|281|5H|N|12|H5
2|8|273|151|41|65|4H|N|12|H6
2|8|177|264|68|216|4S|N|11|C2
2|8|42|269|186|285|4H|N|12|H6
2|8|24|233|209|45|6H|N|12|H8
2|8|29|188|189|145|4S|S|11|HJ
2|8|21|154|130|156|4S|N|11|H8
2|8|118|194|174|90|4H|N|12|H5
2|8|243|129|95|171|4H|N|11|H5
2|9|258|46|182|144|4S|S|11|DJ
2|9|78|64|110|281|4S|S|10|DJ
2|9|273|151|41|65|4S|S|10|DJ
2|9|177|264|68|216|4S|S|10|DJ
2|9|42|269|186|285|4S|S|10|DJ
2|9|24|233|209|45|4S|S|10|DJ
2|9|29|188|189|145|4S|S|9|D5
2|9|21|154|130|156|4S|S|9|DJ
2|9|118|194|174|90|4S|S|10|DJ
2|9|243|129|95|171|4S|S|10|DJ
3|1|46|264|144|216|4HX|W|7|S6
3|1|157|78|180|110|5D|N|11|HT
3|1|151|233|65|45|6D|S|11|HA
3|1|42|177|186|68|3HX|W|7|S6
3|1|269|154|285|156|5D|N|11|HT
3|1|29|24|189|209|5D|S|11|HA
3|1|130|194|145|90|3HX|W|7|S6
3|1|243|226|95|188|5S|S|10|HA
3|1|258|129|182|171|5S|S|10|HK
3|1|147|64|34|281|3N|E|1|DK
3|10|46|264|144|216|2CX|W|6|HK
3|10|157|78|180|110|2N|N|7|C7
3|10|151|233|65|45|1N|S|7|S8
3|10|42|177|186|68|2N|S|9|D2
3|10|269|154|285|156|3D|S|8|CJ
3|10|29|24|189|209|3N|N|8|C3
3|10|130|194|145|90|4DX|S|6|CJ
3|10|243|226|95|188|3D|S|7|CJ
3|10|258|129|182|171|3C|S|5|H6
3|10|147|64|34|281|2H|S|8|D2
3|11|46|264|144|216|4S|S|11|H7
3|11|157|78|180|110|4S|S|11|C5
3|11|151|233|65|45|4S|S|10|H7
3|11|42|177|186|68|4S|S|10|H2
3|11|269|154|285|156|5DX|E|6|CK
3|11|29|24|189|209|4S|S|11|DA
3|11|130|194|145|90|4S|N|10|C6
3|11|243|226|95|188|4S|S|11|C3
3|11|258|129|182|171|4S|S|10|S8
3|11|147|64|34|281|3N|N|8|D5
3|12|46|264|144|216|3N|E|8|D4
3|12|157|78|180|110|1N|W|7|DT
3|12|151|233|65|45|1N|W|8|DT
3|12|42|177|186|68|1N|W|8|D9
3|12|269|154|285|156|3N|E|8|DA
3|12|29|24|189|209|3N|W|8|C3
3|12|130|194|145|90|1N|W|8|S2
3|12|243|226|95|188|3N|W|8|D9
3|12|258|129|182|171|1N|W|9|S2
3|12|147|64|34|281|1N|E|9|H5
3|13|46|264|144|216|3H|W|9|D8
3|13|157|78|180|110|2H|W|10|D4
3|13|151|233|65|45|2H|W|10|S3
3|13|42|177|186|68|2H|W|8|D4
3|13|269|154|285|156|2H|W|10|S5
3|13|29|24|189|209|3D|S|8|CT
3|13|130|194|145|90|2H|W|10|S2
3|13|243|226|95|188|3H|W|10|DK
3|13|258|129|182|171|2D|S|7|CT
3|13|147|64|34|281|3D|S|8|HA
3|14|46|264|144|216|2S|S|9|HQ
3|14|157|78|180|110|4S|S|7|HQ
3|14|151|233|65|45|4SX|S|7|HQ
3|14|42|177|186|68|5DX|N|9|D9
3|14|269|154|285|156|5D|N|10|H8
3|14|29|24|189|209|5H|W|11|DA
3|14|130|194|145|90|4H|W|10|DA
3|14|243|226|95|188|4H|W|11|DK
3|14|258|129|182|171|5HX|W|11|DK
3|14|147|64|34|281|5HX|W|11|DA
3|15|46|264|144|216|4H|N|8|S3
3|15|157|78|180|110|4S|W|9|DK
3|15|151|233|65|45|5H|S|11|H9
3|15|42|177|186|68|3H|S|11|D2
3|15|269|154|285|156|4SX|W|9|DA
3|15|29|24|189|209|3H|N|9|D6
3|15|130|194|145|90|2S|W|10|DA
3|15|243|226|95|188|4H|S|8|SA
3|15|258|129|182|171|4SX|W|9|DK
3|15|147|64|34|281|4S|W|9|DA
3|16|46|264|144|216|4S|E|9|DT
3|16|157|78|180|110|4D|N|9|SA
3|16|151|233|65|45|4S|E|9|D7
3|16|42|177|186|68|4S|E|9|D4
3|16|269|154|285|156|3S|E|8|DT
3|16|29|24|189|209|3D|N|9|SA
3|16|130|194|145|90|2S|E|8|D4
3|16|243|226|95|188|4S|E|8|D9
3|16|258|129|182|171|3S|E|8|DT
3|16|147|64|34|281|3S|E|9|DT
3|17|46|264|144|216|5CX|W|11|DA
3|17|273|119|41|86|4SX|N|9|D8
3|17|246|233|277|45|4S|N|9|C6
3|17|42|177|186|68|4SX|N|8|D6
3|17|32|154|19|156|4S|N|9|HA
3|17|29|24|189|209|5D|S|8|S5
3|17|130|194|145|90|4S|N|9|D3
3|17|142|226|218|188|5D|S|10|CA
3|17|258|118|182|174|2S|N|9|D3
3|17|147|64|34|281|4S|N|9|C8
3|18|46|264|144|216|4D|E|10|CA
3|18|273|119|41|86|5DX|E|9|CA
3|18|246|233|277|45|4H|S|8|D6
3|18|42|177|186|68|3DX|E|10|H3
3|18|32|154|19|156|3H|S|8|D6
3|18|29|24|189|209|5D|E|10|CA
3|18|130|194|145|90|3D|E|10|H3
3|18|142|226|218|188|3H|S|7|DJ
3|18|258|118|182|174|5DX|E|10|H2
3|18|147|64|34|281|5D|E|9|H3
3|19|46|264|144|216|3N|S|10|SJ
3|19|273|119|41|86|3N|S|10|SJ
3|19|246|233|277|45|3N|S|10|SJ
3|19|42|177|186|68|5C|S|11|HK
3|19|32|154|19|156|3N|S|10|SJ
3|19|29|24|189|209|3N|S|10|SJ
3|19|130|194|145|90|3N|S|10|SJ
3|19|142|226|218|188|3N|N|10|S4
3|19|258|118|182|174|3N|S|10|SJ
3|19|147|64|34|281|3N|N|10|S2
3|2|46|264|144|216|3N|W|10|H4
3|2|157|78|180|110|3N|W|9|H5
3|2|151|233|65|45|3N|W|8|C4
3|2|42|177|186|68|3N|W|10|H4
3|2|269|154|285|156|3N|W|10|H4
3|2|29|24|189|209|3N|W|9|D5
3|2|130|194|145|90|3N|W|7|H4
3|2|243|226|95|188|3N|W|9|C7
3|2|258|129|182|171|5C|E|10|H7
3|2|147|64|34|281|3C|E|10|DA
3|20|46|264|144|216|3DX|S|5|SJ
3|20|273|119|41|86|2H|W|10|S4
3|20|246|233|277|45|2H|W|11|D5
3|20|42|177|186|68|2H|W|10|CA
3|20|32|154|19|156|1N|N|7|S7
3|20|29|24|189|209|2H|W|11|D5
3|20|130|194|145|90|2H|W|10|D5
3|20|142|226|218|188|2H|W|10|D4
3|20|258|118|182|174|2S|E|9|H5
3|20|147|64|34|281|3H|W|10|D5
3|21|46|264|144|216|2H|S|9|CA
3|21|273|119|41|86|3C|E|9|HK
3|21|246|233|277|45|3H|S|8|ST
3|21|42|177|186|68|2H|N|7|D3
3|21|32|154|19|156|4C|E|9|HA
3|21|29|24|189|209|3C|E|10|HA
3|21|130|194|145|90|2S|S|9|CA
3|21|142|226|218|188|2H|S|9|CA
3|21|258|118|182|174|3C|W|9|H9
3|21|147|64|34|281|2H|S|8|ST
3|22|46|264|144|216|2S|N|9|S6
3|22|273|119|41|86|4H|W|8|SQ
3|22|246|233|277|45|3D|S|11|CJ
3|22|42|177|186|68|3H|W|8|SK
3|22|32|154|19|156|3D|S|9|CJ
3|22|29|24|189|209|2H|E|8|CT
3|22|130|194|145|90|3D|S|7|CJ
3|22|142|226|218|188|3H|W|8|SK
3|22|258|118|182|174|3H|W|8|SK
3|22|147|64|34|281|3H|W|8|SK
3|23|46|264|144|216|5CX|S|10|HT
3|23|273|119|41|86|4C|S|9|DJ
3|23|246|233|277|45|4S|E|10|HA
3|23|42|177|186|68|4SX|E|9|HA
3|23|32|154|19|156|3S|E|9|HA
3|23|29|24|189|209|5D|N|10|SA
3|23|130|194|145|90|4S|E|10|HQ
3|23|142|226|218|188|2S|E|9|HA
3|23|258|118|182|174|4S|E|9|HK
3|23|147|64|34|281|4SX|W|9|CK
3|24|46|264|144|216|4SX|S|6|D8
3|24|273|119|41|86|4SX|S|6|C3
3|24|246|233|277|45|6H|W|12|S7
3|24|42|177|186|68|5H|W|13|S7
3|24|32|154|19|156|6H|W|13|S2
3|24|29|24|189|209|5H|W|13|S7
3|24|130|194|145|90|6H|W|13|S7
3|24|142|226|218|188|4SX|S|6|D5
3|24|258|118|182|174|4SX|S|6|D8
3|24|147|64|34|281|6N|E|12|D6
3|25|46|264|144|216|3N|S|8|H8
3|25|273|119|41|86|3N|S|10|D3
3|25|246|233|277|45|3N|S|9|D3
3|25|42|177|186|68|3N|S|10|D6
3|25|32|154|19|156|3N|N|12|HK
3|25|29|24|189|209|3N|S|10|DT
3|25|130|194|145|90|3N|N|9|S5
3|25|142|226|218|188|3N|S|10|C2
3|25|258|118|182|174|3N|S|11|SQ
3|25|147|64|34|281|3C|N|10|S5
3|26|46|264|144|216|4S|N|8|D3
3|26|273|119|41|86|3S|N|7|D3
3|26|246|233|277|45|3S|N|8|D3
3|26|42|177|186|68|4SX|N|8|D6
3|26|32|154|19|156|3S|N|9|S3
3|26|29|24|189|209|2D|W|10|CK
3|26|130|194|145|90|2S|N|8|D5
3|26|142|226|218|188|3D|W|10|S4
3|26|258|118|182|174|3D|W|9|HA
3|26|147|64|34|281|4S|N|9|D9
3|27|46|264|144|216|3N|W|12|C4
3|27|273|119|41|86|5D|W|12|HJ
3|27|246|233|277|45|3N|W|9|C8
3|27|42|177|186|68|6D|W|12|C4
3|27|32|154|19|156|3N|W|9|S3
3|27|29|24|189|209|3N|W|9|S3
3|27|130|194|145|90|6D|W|13|C4
3|27|142|226|218|188|5D|W|12|S3
3|27|258|118|182|174|5D|W|12|C8
3|27|147|64|34|281|5D|E|12|S7
3|28|46|264|144|216|1N|E|8|C5
3|28|273|119|41|86|2H|E|9|D3
3|28|246|233|277|45|2H|E|9|D4
3|28|42|177|186|68|2S|W|8|H6
3|28|32|154|19|156|2H|E|6|D2
3|28|29|24|189|209|2H|E|9|DJ
3|28|130|194|145|90|2H|E|9|D2
3|28|142|226|218|188|3H|E|8|SK
3|28|258|118|182|174|3H|E|9|D2
3|28|147|64|34|281|3H|E|9|D2
3|29|46|264|144|216|4H|N|12|D6
3|29|273|119|41|86|4H|N|12|D6
3|29|246|233|277|45|4H|N|12|D6
3|29|42|177|186|68|4H|N|12|D6
3|29|32|154|19|156|4H|N|9|C7
3|29|29|24|189|209|6S|N|12|DQ
3|29|130|194|145|90|4H|N|12|D6
3|29|142|226|218|188|4H|N|11|C3
3|29|258|118|182|174|3N|S|11|CK
3|29|147|64|34|281|4H|N|13|D7
3|3|46|264|144|216|4S|N|9|CK
3|3|157|78|180|110|4S|N|9|CK
3|3|151|233|65|45|4S|N|9|CK
3|3|42|177|186|68|4S|N|9|CK
3|3|269|154|285|156|4S|S|9|H4
3|3|29|24|189|209|4S|N|10|CK
3|3|130|194|145|90|2N|S|10|H5
3|3|243|226|95|188|4S|N|10|CK
3|3|258|129|182|171|4S|N|9|CK
3|3|147|64|34|281|3S|N|9|CK
3|30|46|264|144|216|3D|S|11|CJ
3|30|273|119|41|86|5CX|E|8|HJ
3|30|246|233|277|45|4D|S|11|CJ
3|30|42|177|186|68|5CX|E|9|DT
3|30|32|154|19|156|4D|S|10|C8
3|30|29|24|189|209|5D|S|10|CJ
3|30|130|194|145|90|4S|S|8|CJ
3|30|142|226|218|188|5CX|E|9|HJ
3|30|258|118|182|174|3C|E|10|DJ
3|31|46|264|144|216|1N|W|7|SQ
3|31|273|119|41|86|1S|S|7|ST
3|31|246|233|277|45|2S|N|8|HJ
3|31|42|177|186|68|1N|W|3|SQ
3|31|32|154|19|156|1N|W|10|H5
3|31|29|24|189|209|1N|W|8|H5
3|31|130|194|145|90|1N|W|9|H5
3|31|142|226|218|188|3D|E|7|HT
3|31|258|118|182|174|3D|E|9|HT
3|31|147|64|34|281|3D|E|7|HT
3|32|46|264|144|216|4H|W|10|C8
3|32|273|119|41|86|4H|W|11|DT
3|32|246|233|277|45|4H|W|10|DJ
3|32|42|177|186|68|4H|W|10|DJ
3|32|32|154|19|156|1N|W|12|C5
3|32|29|24|189|209|4H|W|11|DJ
3|32|130|194|145|90|4H|W|12|DJ
3|32|142|226|218|188|4H|W|12|C5
3|32|258|118|182|174|4H|W|10|DJ
3|32|147|64|34|281|4H|W|12|C5
3|4|46|264|144|216|3N|N|9|C5
3|4|157|78|180|110|3N|S|10|C2
3|4|151|233|65|45|3N|S|10|CT
3|4|42|177|186|68|3N|S|9|DT
3|4|269|154|285|156|3N|N|9|C8
3|4|29|24|189|209|3N|S|10|CT
3|4|130|194|145|90|3N|N|10|DQ
3|4|243|226|95|188|3N|N|10|DA
3|4|258|129|182|171|3N|S|10|DT
3|4|147|64|34|281|3N|N|10|H2
3|5|46|264|144|216|2S|E|9|S2
3|5|157|78|180|110|2H|W|9|DQ
3|5|151|233|65|45|1N|S|7|H4
3|5|42|177|186|68|2S|E|9|S3
3|5|269|154|285|156|2H|W|9|DK
3|5|29|24|189|209|2S|E|9|HJ
3|5|130|194|145|90|2H|W|9|DK
3|5|243|226|95|188|2H|W|9|DK
3|5|258|129|182|171|2S|E|9|HJ
3|5|147|64|34|281|2S|E|9|C5
3|6|46|264|144|216|4S|N|11|H2
3|6|157|78|180|110|4S|N|11|CJ
3|6|151|233|65|45|4S|N|11|H2
3|6|42|177|186|68|2S|N|12|H8
3|6|269|154|285|156|4S|N|11|CJ
3|6|29|24|189|209|3N|S|12|CK
3|6|130|194|145|90|4S|N|12|H8
3|6|243|226|95|188|4S|N|11|CJ
3|6|258|129|182|171|4S|N|11|CJ
3|6|147|64|34|281|4S|N|11|CJ
3|7|46|264|144|216|1N|E|5|C5
3|7|157|78|180|110|3D|N|8|HA
3|7|151|233|65|45|2H|E|5|SK
3|7|42|177|186|68|2C|S|7|H2
3|7|269|154|285|156|2S|S|8|H5
3|7|29|24|189|209|3C|N|8|D3
3|7|130|194|145|90|1N|E|5|C2
3|7|243|226|95|188|1N|S|7|H2
3|7|258|129|182|171|1N|E|6|C5
3|7|147|64|34|281|3C|S|7|S6
3|8|46|264|144|216|6D|W|13|C5
3|8|157|78|180|110|5D|W|13|C5
3|8|151|233|65|45|4H|W|13|DJ
3|8|42|177|186|68|6H|W|12|SA
3|8|269|154|285|156|6H|E|13|D2
3|8|29|24|189|209|6H|W|12|SA
3|8|130|194|145|90|4H|E|13|D2
3|8|243|226|95|188|6H|W|13|C2
3|8|258|129|182|171|6H|W|12|SA
3|8|147|64|34|281|6H|W|13|C2
3|9|46|264|144|216|2C|E|7|D2
3|9|157|78|180|110|3N|N|8|HQ
3|9|151|233|65|45|1N|S|9|S5
3|9|42|177|186|68|3N|N|8|HQ
3|9|269|154|285|156|3N|N|9|HQ
3|9|29|24|189|209|3N|N|8|HQ
3|9|130|194|145|90|3N|N|8|HQ
3|9|243|226|95|188|3N|S|9|ST
3|9|258|129|182|171|3N|S|9|S9
3|9|147|64|34|281|3D|S|10|SA
4|1|270|119|268|86|1N|N|6|H2
4|1|46|42|144|186|1N|W|6|CT
4|1|29|177|189|68|2H|W|7|D2
4|1|246|154|277|156|2H|E|7|CK
4|1|142|32|218|209|1S|S|5|DQ
4|1|269|194|285|90|2H|E|7|CK
4|1|118|21|174|136|1N|N|6|SA
4|1|188|129|130|171|2H|E|7|CK
4|1|64|264|281|216|2H|E|8|CK
4|1|157|258|180|182|2H|E|7|CK
4|10|270|119|268|86|2H|E|9|CA
4|10|46|42|144|186|3N|W|7|CJ
4|10|29|177|189|68|2N|W|7|CJ
4|10|246|154|277|156|2N|W|7|CJ
4|10|142|32|218|209|4S|E|9|CA
4|10|269|194|285|90|3S|W|9|CJ
4|10|118|21|174|136|3N|W|7|CJ
4|10|188|129|130|171|4S|W|9|CJ
4|10|64|264|281|216|3N|W|8|CJ
4|10|157|258|180|182|5SX|W|9|CA
4|11|270|119|268|86|3N|W|11|D5
4|11|46|42|144|186|6C|E|11|C4
4|11|29|177|189|68|6C|E|11|C4
4|11|246|154|277|156|6C|E|12|C4
4|11|142|32|218|209|5C|E|11|H4
4|11|269|194|285|90|6C|E|11|HQ
4|11|118|21|174|136|5C|E|11|C4
4|11|188|129|130|171|3N|E|11|HQ
4|11|64|264|281|216|6C|E|11|D2
4|11|157|258|180|182|4S|W|9|D3
4|12|270|119|268|86|1N|W|8|H9
4|12|46|42|144|186|3D|W|9|H7
4|12|29|177|189|68|1N|W|8|HQ
4|12|246|154|277|156|2C|W|9|S3
4|12|142|32|218|209|3D|W|10|D7
4|12|269|194|285|90|1N|W|8|HQ
4|12|118|21|174|136|1N|W|9|HQ
4|12|188|129|130|171|3D|W|9|D7
4|12|64|264|281|216|1N|W|8|D3
4|12|157|258|180|182|1N|E|8|HK
4|13|270|119|268|86|2N|E|10|C7
4|13|46|42|144|186|1N|E|8|C9
4|13|29|177|189|68|P||0
4|13|246|154|277|156|2N|E|7|C7
4|13|142|32|218|209|P||0
4|13|269|194|285|90|2N|E|6|C7
4|13|118|21|174|136|2D|W|8|D3
4|13|188|129|130|171|2N|E|8|C7
4|13|64|264|281|216|2H|W|8|S2
4|13|157|258|180|182|2D|W|9|CQ
4|14|270|119|268|86|5C|N|9|HA
4|14|46|42|144|186|2N|S|8|H5
4|14|29|177|189|68|3N|S|7|H8
4|14|246|154|277|156|2N|S|8|DT
4|14|142|32|218|209|3N|S|9|CT
4|14|269|194|285|90|2N|S|8|S5
4|14|118|21|174|136|1N|S|7|H8
4|14|188|129|130|171|2N|S|7|H8
4|14|64|264|281|216|3N|S|8|S2
4|14|157|258|180|182|1N|S|7|H5
4|15|270|119|268|86|3S|N|6|H2
4|15|46|42|144|186|4H|W|10|S6
4|15|29|177|189|68|4H|W|10|D4
4|15|246|154|277|156|4H|W|10|D4
4|15|142|32|218|209|4H|W|10|D9
4|15|269|194|285|90|4H|W|10|D9
4|15|118|21|174|136|4H|W|10|D7
4|15|188|129|130|171|4H|E|10|DA
4|15|64|264|281|216|4H|W|10|D7
4|15|157|258|180|182|4H|E|10|DK
4|16|270|119|268|86|2S|S|9|H5
4|16|46|42|144|186|4S|S|7|HT
4|16|29|177|189|68|3N|S|9|C7
4|16|246|154|277|156|3N|S|10|C7
4|16|142|32|218|209|4S|N|9|DQ
4|16|269|194|285|90|4S|N|9|C9
4|16|118|21|174|136|3N|S|11|C7
4|16|188|129|130|171|3N|N|10|H4
4|16|64|264|281|216|3N|S|8|C8
4|16|157|258|180|182|4S|S|9|H6
4|17|42|78|186|110|3H|N|6|C9
4|17|46|233|144|45|2D|S|6|CQ
4|17|29|151|189|65|2N|S|6|CQ
4|17|246|154|277|156|2N|S|5|CQ
4|17|142|24|218|209|1N|S|6|CQ
4|17|269|194|285|90|4H|S|9|CQ
4|17|147|21|34|136|2N|S|6|C3
4|17|188|129|130|171|4H|N|8|C9
4|17|64|273|281|41|3CX|W|8|D6
4|17|157|258|180|182|2S|E|7|DQ
4|18|42|78|186|110|3C|E|9|HK
4|18|46|233|144|45|3N|E|7|HK
4|18|29|151|189|65|3N|E|9|S5
4|18|246|154|277|156|2N|E|7|HK
4|18|142|24|218|209|3N|E|7|HK
4|18|269|194|285|90|3N|E|7|HK
4|18|147|21|34|136|2N|E|10|HK
4|18|188|129|130|171|1C|E|9|HK
4|18|64|273|281|41|3C|E|9|HK
4|18|157|258|180|182|3N|E|7|HK
4|19|42|78|186|110|4SX|S|9|HA
4|19|46|233|144|45|4S|S|9|HA
4|19|29|151|189|65|6SX|S|9|HA
4|19|246|154|277|156|5H|W|11|S2
4|19|142|24|218|209|5H|W|12|S3
4|19|269|194|285|90|4SX|N|9|SJ
4|19|147|21|34|136|5SX|S|9|HA
4|19|188|129|130|171|5H|W|11|S3
4|19|64|273|281|41|5H|E|11|S3
4|19|157|258|180|182|4SX|N|9|H4
4|2|270|119|268|86|4H|E|12|S4
4|2|46|42|144|186|6H|E|12|S4
4|2|29|177|189|68|6H|E|12|H3
4|2|246|154|277|156|6H|E|12|DJ
4|2|142|32|218|209|5H|E|12|S4
4|2|269|194|285|90|6H|E|12|DJ
4|2|118|21|174|136|4H|E|12|S4
4|2|188|129|130|171|6H|E|12|S4
4|2|64|264|281|216|4H|E|12|S7
4|2|157|258|180|182|6H|E|12|S4
4|20|42|78|186|110|3H|S|8|S3
4|20|46|233|144|45|3H|S|8|S3
4|20|29|151|189|65|3H|S|7|H6
4|20|246|154|277|156|1N|S|7|C4
4|20|142|24|218|209|3H|S|8|S3
4|20|269|194|285|90|1N|S|7|S8
4|20|147|21|34|136|3H|S|7|S8
4|20|188|129|130|171|1N|S|6|C4
4|20|64|273|281|41|1N|S|7|C6
4|20|157|258|180|182|3H|S|7|H6
4|21|42|78|186|110|3N|N|10|C2
4|21|46|233|144|45|3N|N|10|C2
4|21|29|151|189|65|4S|S|9|S2
4|21|246|154|277|156|3N|N|12|C3
4|21|142|24|218|209|3N|N|10|C2
4|21|269|194|285|90|3N|N|12|C3
4|21|147|21|34|136|3N|N|10|C3
4|21|188|129|130|171|3N|N|12|C3
4|21|64|273|281|41|3N|N|9|ST
4|21|157|258|180|182|4S|S|10|C9
4|22|42|78|186|110|3N|S|8|H5
4|22|46|233|144|45|3N|S|10|H5
4|22|29|151|189|65|3N|S|11|C7
4|22|246|154|277|156|3N|S|10|H5
4|22|142|24|218|209|3N|S|9|C7
4|22|269|194|285|90|3N|S|10|DJ
4|22|147|21|34|136|3N|S|10|C3
4|22|188|129|130|171|3N|S|9|D5
4|22|64|273|281|41|3N|S|10|C6
4|22|157|258|180|182|3N|S|9|H4
4|23|42|78|186|110|5HX|E|9|SK
4|23|46|233|144|45|4S|N|11|DA
4|23|29|151|189|65|4S|N|11|HQ
4|23|246|154|277|156|4S|N|11|HQ
4|23|142|24|218|209|4S|N|11|DA
4|23|269|194|285|90|5HX|W|9|CA
4|23|147|21|34|136|4S|N|12|HQ
4|23|188|129|130|171|5S|N|12|HQ
4|23|64|273|281|41|5S|N|11|DA
4|23|157|258|180|182|4SX|N|12|HQ
4|24|42|78|186|110|2C|W|9|DQ
4|24|46|233|144|45|1N|E|7|SK
4|24|29|151|189|65|1N|E|7|DT
4|24|246|154|277|156|1S|N|6|H9
4|24|142|24|218|209|2D|E|7|SK
4|24|269|194|285|90|2C|W|8|SA
4|24|147|21|34|136|2C|W|8|SA
4|24|188|129|130|171|2C|W|8|SA
4|24|64|273|281|41|1N|E|7|SK
4|24|157|258|180|182|1S|N|6|H9
4|25|42|78|186|110|2DX|W|8|SA
4|25|46|233|144|45|2H|N|7|DA
4|25|29|151|189|65|3N|N|6|D3
4|25|246|154|277|156|1N|N|9|D6
4|25|142|24|218|209|3N|S|9|DK
4|25|269|194|285|90|1N|N|8|D6
4|25|147|21|34|136|1N|N|8|D6
4|25|188|129|130|171|1N|N|9|C3
4|25|64|273|281|41|2N|N|8|HJ
4|25|157|258|180|182|1N|N|6|D6
4|26|42|78|186|110|4H|W|11|SA
4|26|46|233|144|45|4H|W|11|H6
4|26|29|151|189|65|4H|W|11|SA
4|26|246|154|277|156|4H|W|11|CJ
4|26|142|24|218|209|4H|W|11|H4
4|26|269|194|285|90|4H|W|11|CJ
4|26|147|21|34|136|4H|W|11|DJ
4|26|188|129|130|171|4H|W|11|SA
4|26|64|273|281|41|4H|W|10|SA
4|26|157|258|180|182|4H|W|11|DJ
4|27|42|78|186|110|2D|N|8|CT
4|27|46|233|144|45|1N|N|6|S4
4|27|29|151|189|65|2H|S|7|SJ
4|27|246|154|277|156|2NX|W|4|S7
4|27|142|24|218|209|3C|N|9|DT
4|27|269|194|285|90|2HX|S|8|SJ
4|27|147|21|34|136|2N|N|7|S3
4|27|188|129|130|171|2H|S|7|SJ
4|27|64|273|281|41|2HX|S|7|H5
4|27|157|258|180|182|1N|N|7|S3
4|28|42|78|186|110|3H|S|10|CA
4|28|46|233|144|45|2H|S|10|CA
4|28|29|151|189|65|3H|S|8|CA
4|28|246|154|277|156|2S|E|7|HA
4|28|142|24|218|209|2S|E|7|HA
4|28|269|194|285|90|2H|S|9|CA
4|28|147|21|34|136|2S|E|8|HA
4|28|188|129|130|171|2S|E|7|HA
4|28|64|273|281|41|3D|N|10|D3
4|28|157|258|180|182|3H|S|10|CK
4|29|42|78|186|110|3N|S|8|S3
4|29|46|233|144|45|3N|S|6|S3
4|29|29|151|189|65|3N|S|9|CJ
4|29|246|154|277|156|3N|S|9|CJ
4|29|142|24|218|209|3N|S|9|ST
4|29|269|194|285|90|3N|S|8|S9
4|29|147|21|34|136|3N|S|9|S5
4|29|188|129|130|171|3N|S|9|CJ
4|29|64|273|281|41|3N|S|9|S5
4|29|157|258|180|182|3N|S|10|ST
4|3|270|119|268|86|3C|E|11|H2
4|3|46|42|144|186|3C|E|11|SA
4|3|29|177|189|68|2C|E|11|SA
4|3|246|154|277|156|2C|E|10|SA
4|3|142|32|218|209|2S|E|6|H4
4|3|269|194|285|90|3C|E|11|HQ
4|3|118|21|174|136|2H|N|7|CA
4|3|188|129|130|171|3NXX|E|12|S3
4|3|64|264|281|216|3C|E|11|H3
4|3|157|258|180|182|3C|E|10|SK
4|30|42|78|186|110|3N|W|10|CJ
4|30|46|233|144|45|3N|W|10|CJ
4|30|29|151|189|65|5D|W|11|CJ
4|30|246|154|277|156|3N|W|10|CJ
4|30|142|24|218|209|6D|E|11|CA
4|30|269|194|285|90|3N|W|10|CJ
4|30|147|21|34|136|5D|W|11|CJ
4|30|188|129|130|171|6D|E|12|CA
4|30|64|273|281|41|3N|W|10|CJ
4|30|157|258|180|182|5D|E|11|H4
4|31|42|78|186|110|4H|N|9|H5
4|31|46|233|144|45|4H|N|10|SQ
4|31|29|151|189|65|4H|N|9|SQ
4|31|246|154|277|156|4H|N|9|CA
4|31|142|24|218|209|5DX|E|9|DA
4|31|269|194|285|90|4H|S|9|DQ
4|31|147|21|34|136|3H|N|9|SQ
4|31|188|129|130|171|4H|N|9|CA
4|31|64|273|281|41|2H|N|9|SJ
4|31|157|258|180|182|5DX|E|8|D5
4|32|42|78|186|110|4S|N|11|C3
4|32|46|233|144|45|4S|N|11|C3
4|32|29|151|189|65|4S|N|11|S6
4|32|246|154|277|156|4S|N|11|C5
4|32|142|24|218|209|4S|N|11|C2
4|32|269|194|285|90|4S|N|8|C3
4|32|147|21|34|136|4H|N|11|C4
4|32|188|129|130|171|4S|S|11|CK
4|32|64|273|281|41|4S|N|11|DA
4|32|157|258|180|182|4S|S|11|CK
4|4|270|119|268|86|3N|N|10|D4
4|4|46|42|144|186|3N|N|10|D3
4|4|29|177|189|68|2DX|E|5|SQ
4|4|246|154|277|156|3S|S|10|D6
4|4|142|32|218|209|3N|N|11|H2
4|4|269|194|285|90|3N|N|10|D3
4|4|118|21|174|136|3N|N|10|D3
4|4|188|129|130|171|3N|N|10|D3
4|4|64|264|281|216|3N|S|10|H9
4|4|157|258|180|182|3N|N|10|D3
4|5|270|119|268|86|4S|S|10|D3
4|5|46|42|144|186|4H|W|9|S4
4|5|29|177|189|68|4S|S|10|D3
4|5|246|154|277|156|4HX|E|9|D5
4|5|142|32|218|209|2C|E|8|SA
4|5|269|194|285|90|3H|W|7|D9
4|5|118|21|174|136|2S|N|9|HT
4|5|188|129|130|171|5CX|E|9|SA
4|5|64|264|281|216|4S|S|10|D8
4|5|157|258|180|182|4S|S|10|D3
4|6|270|119|268|86|1N|E|7|H3
4|6|46|42|144|186|1N|E|8|HT
4|6|29|177|189|68|1N|E|7|HT
4|6|246|154|277|156|1N|E|7|H3
4|6|142|32|218|209|1H|E|7|SA
4|6|269|194|285|90|1N|E|6|H3
4|6|118|21|174|136|1N|E|7|H9
4|6|188|129|130|171|1N|E|7|H3
4|6|64|264|281|216|1N|E|7|H2
4|6|157|258|180|182|1N|E|6|H9
4|7|270|119|268|86|3N|W|7|C7
4|7|46|42|144|186|2N|W|7|C7
4|7|29|177|189|68|3H|W|8|S6
4|7|246|154|277|156|3N|W|7|C7
4|7|142|32|218|209|3N|W|7|C7
4|7|269|194|285|90|4H|W|8|S6
4|7|118|21|174|136|5D|E|10|SA
4|7|188|129|130|171|1S|W|9|H3
4|7|64|264|281|216|3N|W|7|C7
4|7|157|258|180|182|3N|W|7|C6
4|8|270|119|268|86|4HX|S|8|SA
4|8|46|42|144|186|2H|S|8|SA
4|8|29|177|189|68|2H|S|8|SA
4|8|246|154|277|156|2H|S|11|SA
4|8|142|32|218|209|3C|W|7|C3
4|8|269|194|285|90|3C|N|5|DQ
4|8|118|21|174|136|2S|E|7|HA
4|8|188|129|130|171|2H|S|7|D6
4|8|64|264|281|216|4H|S|8|HT
4|8|157|258|180|182|4H|S|9|SA
4|9|270|119|268|86|4C|W|11|S9
4|9|46|42|144|186|4DX|W|9|ST
4|9|29|177|189|68|5CX|W|11|ST
4|9|246|154|277|156|5C|W|11|ST
4|9|142|32|218|209|5C|W|11|HJ
4|9|269|194|285|90|5C|W|11|ST
4|9|118|21|174|136|3C|E|11|ST
4|9|188|129|130|171|2C|W|11|ST
4|9|64|264|281|216|5C|W|11|ST
4|9|157|258|180|182|5C|W|11|ST
5|1|46|154|144|156|3N|W|8|SK
5|1|123|119|279|86|3N|E|9|C2
5|1|151|194|65|90|3N|W|9|SK
5|1|142|177|218|68|3N|E|7|S7
5|1|32|188|269|145|3HX|S|6|CQ
5|1|21|285|130|24|3N|W|9|SK
5|1|270|64|268|281|3N|E|9|S7
5|1|258|42|182|186|3N|W|7|S5
5|1|273|129|41|171|3N|E|9|S5
5|1|118|264|174|216|1N|E|9|H6
5|10|46|154|144|156|3D|N|9|HQ
5|10|123|119|279|86|2S|E|7|S5
5|10|151|194|65|90|3N|S|9|CK
5|10|142|177|218|68|3H|S|9|CK
5|10|32|188|269|145|3H|S|8|S7
5|10|21|285|130|24|2S|E|6|S6
5|10|270|64|268|281|2S|E|8|DK
5|10|258|42|182|186|4H|S|8|CK
5|10|273|129|41|171|3H|S|9|CK
5|10|118|264|174|216|2S|E|5|DK
5|11|46|154|144|156|1H|S|9|C6
5|11|123|119|279|86|1N|S|7|C6
5|11|151|194|65|90|4H|S|9|C9
5|11|142|177|218|68|1C|S|8|HK
5|11|32|188|269|145|1N|S|6|D3
5|11|21|285|130|24|2N|S|8|C6
5|11|270|64|268|281|2H|N|8|S4
5|11|258|42|182|186|2H|S|9|C6
5|11|273|129|41|171|2H|S|9|C2
5|11|118|264|174|216|1C|S|7|C2
5|12|46|154|144|156|6D|N|12|SA
5|12|123|119|279|86|5D|N|12|SA
5|12|151|194|65|90|6N|S|13|H5
5|12|142|177|218|68|6D|N|12|SA
5|12|32|188|269|145|4SX|W|7|DA
5|12|21|285|130|24|6D|N|12|SA
5|12|270|64|268|281|5SX|W|8|DA
5|12|258|42|182|186|4SX|W|7|DA
5|12|273|129|41|171|4H|S|13|D6
5|12|118|264|174|216|4S|W|7|DK
5|13|46|154|144|156|3N|W|9|S6
5|13|123|119|279|86|3N|W|11|H6
5|13|151|194|65|90|3N|W|8|S2
5|13|142|177|218|68|3N|W|9|D3
5|13|32|188|269|145|3N|W|10|H6
5|13|21|285|130|24|1N|W|10|S3
5|13|270|64|268|281|3N|W|9|H3
5|13|258|42|182|186|3N|W|11|H3
5|13|273|129|41|171|3N|W|8|H4
5|13|118|264|174|216|3N|W|11|H3
5|14|46|154|144|156|1N|S|8|DT
5|14|123|119|279|86|3N|S|9|C6
5|14|151|194|65|90|3N|S|9|H3
5|14|142|177|218|68|3N|S|9|DT
5|14|32|188|269|145|3N|S|8|C7
5|14|21|285|130|24|3N|S|7|DT
5|14|270|64|268|281|3N|S|7|H3
5|14|258|42|182|186|3N|S|9|H3
5|14|273|129|41|171|3N|S|9|H3
5|14|118|264|174|216|3N|S|9|C6
5|15|46|154|144|156|5S|S|10|HT
5|15|123|119|279|86|4S|S|10|HT
5|15|151|194|65|90|4S|S|10|HT
5|15|142|177|218|68|4S|S|10|HT
5|15|32|188|269|145|4S|N|10|H3
5|15|21|285|130|24|5S|S|10|D2
5|15|270|64|268|281|5HX|E|6|SA
5|15|258|42|182|186|4S|N|11|H3
5|15|273|129|41|171|4H|N|7|C6
5|15|118|264|174|216|5CX|E|9|SA
5|16|46|154|144|156|4S|W|10|C7
5|16|123|119|279|86|4S|E|11|S5
5|16|151|194|65|90|4S|E|11|S5
5|16|142|177|218|68|4S|E|10|C4
5|16|32|188|269|145|4S|E|10|C4
5|16|21|285|130|24|4S|W|10|C8
5|16|270|64|268|281|4S|W|10|C4
5|16|258|42|182|186|4S|W|10|DA
5|16|273|129|41|171|4S|E|10|D6
5|16|118|264|174|216|4S|E|10|S7
5|17|78|154|110|156|2S|E|8|D4
5|17|29|119|189|86|1NXX|N|7|DK
5|17|151|194|65|90|3S|W|8|CA
5|17|142|246|218|277|3S|E|8|CK
5|17|24|188|209|145|2N|W|8|S9
5|17|21|32|130|269|4S|E|8|C5
5|17|270|64|268|281|4S|W|8|CA
5|17|258|233|182|45|1S|W|8|CA
5|17|157|147|180|34|2S|W|8|CK
5|17|118|264|174|216|3S|E|8|H2
5|18|78|154|110|156|2N|S|7|S3
5|18|29|119|189|86|1N|S|8|D3
5|18|151|194|65|90|1N|S|7|S3
5|18|142|246|218|277|1N|S|8|S3
5|18|24|188|209|145|1N|S|7|S5
5|18|21|32|130|269|3N|S|7|S3
5|18|270|64|268|281|1N|S|9|H8
5|18|258|233|182|45|1N|S|7|S7
5|18|157|147|180|34|1N|S|8|S3
5|18|118|264|174|216|1N|S|7|H3
5|19|78|154|110|156|5D|S|8|SA
5|19|29|119|189|86|3H|E|9|S7
5|19|151|194|65|90|4H|E|8|S7
5|19|142|246|218|277|6S|W|10|DA
5|19|24|188|209|145|5D|S|9|SA
5|19|21|32|130|269|3D|S|9|SA
5|19|270|64|268|281|5D|S|9|SK
5|19|258|233|182|45|5S|W|10|DA
5|19|157|147|180|34|4D|S|9|SA
5|19|118|264|174|216|3D|S|8|SA
5|2|46|154|144|156|2S|W|8|S2
5|2|123|119|279|86|2S|W|10|CA
5|2|151|194|65|90|2D|E|9|CT
5|2|142|177|218|68|2S|W|7|HQ
5|2|32|188|269|145|2D|E|7|CT
5|2|21|285|130|24|2S|W|7|HQ
5|2|270|64|268|281|2CX|N|8|HA
5|2|258|42|182|186|3D|W|9|HJ
5|2|273|129|41|171|2D|E|9|C9
5|2|118|264|174|216|3C|N|8|HA
5|20|78|154|110|156|3N|W|12|S7
5|20|29|119|189|86|6C|W|12|DQ
5|20|151|194|65|90|6D|E|10|H5
5|20|142|246|218|277|6N|E|12|S2
5|20|24|188|209|145|6C|W|13|ST
5|20|21|32|130|269|6N|E|12|S5
5|20|270|64|268|281|6D|W|10|DQ
5|20|258|233|182|45|6C|W|12|ST
5|20|157|147|180|34|6N|E|12|S5
5|20|118|264|174|216|6C|W|12|S9
5|21|78|154|110|156|4S|S|13|HQ
5|21|29|119|189|86|5S|S|11|HQ
5|21|151|194|65|90|4S|S|12|HQ
5|21|142|246|218|277|4S|S|13|HQ
5|21|24|188|209|145|4S|S|13|HQ
5|21|21|32|130|269|4S|S|13|HQ
5|21|270|64|268|281|4S|S|13|HQ
5|21|258|233|182|45|4S|S|13|HQ
5|21|157|147|180|34|4S|S|13|HQ
5|21|118|264|174|216|4S|S|13|C3
5|22|78|154|110|156|4S|N|12|S7
5|22|29|119|189|86|5S|N|12|H6
5|22|151|194|65|90|4S|N|12|H7
5|22|142|246|218|277|4S|N|12|S8
5|22|24|188|209|145|6S|S|11|CA
5|22|21|32|130|269|4S|N|12|S7
5|22|270|64|268|281|4S|N|12|D5
5|22|258|233|182|45|4S|N|11|D7
5|22|157|147|180|34|4S|N|12|H7
5|22|118|264|174|216|4S|N|11|H6
5|23|78|154|110|156|2H|N|8|S8
5|23|29|119|189|86|3S|S|8|C2
5|23|151|194|65|90|4S|S|8|DA
5|23|142|246|218|277|3S|S|8|DA
5|23|24|188|209|145|2S|S|9|DK
5|23|21|32|130|269|4H|N|9|C9
5|23|270|64|268|281|3D|W|8|H2
5|23|258|233|182|45|4S|S|8|DA
5|23|157|147|180|34|3SX|N|7|D4
5|23|118|264|174|216|3S|S|9|DA
5|24|78|154|110|156|3S|W|6|D7
5|24|29|119|189|86|2D|S|7|CK
5|24|151|194|65|90|3S|W|6|D7
5|24|142|246|218|277|2HX|W|8|D7
5|24|24|188|209|145|3HX|E|6|SJ
5|24|21|32|130|269|2S|E|6|DA
5|24|270|64|268|281|3S|W|6|D7
5|24|258|233|182|45|3D|S|8|CA
5|24|157|147|180|34|3C|W|6|D3
5|24|118|264|174|216|2H|W|6|D7
5|25|78|154|110|156|4S|E|8|D3
5|25|29|119|189|86|4SX|E|9|D3
5|25|151|194|65|90|4S|E|9|D3
5|25|142|246|218|277|3S|E|8|D2
5|25|24|188|209|145|3N|E|5|D3
5|25|21|32|130|269|4S|E|9|D5
5|25|270|64|268|281|4S|E|7|D2
5|25|258|233|182|45|3N|E|8|CJ
5|25|157|147|180|34|3N|W|5|D7
5|25|118|264|174|216|4S|E|7|D3
5|26|78|154|110|156|3D|S|8|DT
5|26|29|119|189|86|4H|N|10|S9
5|26|151|194|65|90|3N|S|9|ST
5|26|142|246|218|277|3S|W|9|H6
5|26|24|188|209|145|4H|N|10|S9
5|26|21|32|130|269|4HX|N|10|S2
5|26|270|64|268|281|4H|N|11|S2
5|26|258|233|182|45|4H|N|9|S9
5|26|157|147|180|34|4HX|N|10|S9
5|26|118|264|174|216|3N|N|9|S9
5|27|78|154|110|156|1S|S|7|D3
5|27|29|119|189|86|2S|S|6|ST
5|27|151|194|65|90|1H|W|6|S5
5|27|142|246|218|277|2S|N|8|C6
5|27|24|188|209|145|2S|S|7|ST
5|27|21|32|130|269|1N|W|4|C5
5|27|270|64|268|281|1N|S|7|ST
5|27|258|233|182|45|2H|W|4|H5
5|27|157|147|180|34|2S|S|8|ST
5|27|118|264|174|216|2S|S|7|ST
5|28|78|154|110|156|4S|W|10|D3
5|28|29|119|189|86|4S|W|10|D3
5|28|151|194|65|90|4S|W|10|D3
5|28|142|246|218|277|4S|W|10|D4
5|28|24|188|209|145|4S|W|10|D3
5|28|21|32|130|269|4S|E|9|CA
5|28|270|64|268|281|4S|W|10|D4
5|28|258|233|182|45|4S|W|10|S2
5|28|157|147|180|34|4S|W|9|CJ
5|28|118|264|174|216|4S|W|10|HK
5|29|78|154|110|156|4H|N|11|CK
5|29|29|119|189|86|2H|S|11|S3
5|29|151|194|65|90|4H|N|11|CK
5|29|142|246|218|277|4H|N|11|CK
5|29|24|188|209|145|4H|N|11|CK
5|29|21|32|130|269|4H|N|11|H2
5|29|270|64|268|281|4H|N|10|CK
5|29|258|233|182|45|3N|S|10|C8
5|29|157|147|180|34|4H|S|11|S2
5|29|118|264|174|216|4H|N|11|CK
5|3|46|154|144|156|3C|S|8|DK
5|3|123|119|279|86|3H|W|9|C5
5|3|151|194|65|90|4H|W|9|C5
5|3|142|177|218|68|P||0
5|3|32|188|269|145|3H|W|9|DT
5|3|21|285|130|24|1N|S|6|H2
5|3|270|64|268|281|4H|W|9|D5
5|3|258|42|182|186|2D|E|9|SQ
5|3|273|129|41|171|1N|S|6|H3
5|3|118|264|174|216|4H|W|9|D5
5|30|78|154|110|156|6C|W|12|D5
5|30|29|119|189|86|6C|W|12|S3
5|30|151|194|65|90|6C|E|12|HT
5|30|142|246|218|277|6C|E|12|D3
5|30|24|188|209|145|6C|E|12|S7
5|30|21|32|130|269|5C|W|12|D5
5|30|270|64|268|281|6C|E|12|HT
5|30|258|233|182|45|6C|W|12|D6
5|30|157|147|180|34|6N|E|12|HT
5|30|118|264|174|216|6C|E|12|HT
5|31|78|154|110|156|4H|E|10|D3
5|31|29|119|189|86|4H|E|11|S8
5|31|151|194|65|90|4H|E|10|D3
5|31|142|246|218|277|4H|E|10|D2
5|31|24|188|209|145|4H|E|10|D5
5|31|21|32|130|269|4H|E|10|D2
5|31|270|64|268|281|3H|E|9|S2
5|31|258|233|182|45|4H|E|10|D2
5|31|157|147|180|34|4H|E|10|D3
5|31|118|264|174|216|2H|E|10|D2
5|32|78|154|110|156|2DX|E|6|HQ
5|32|29|119|189|86|2D|S|6|SQ
5|32|151|194|65|90|3N|S|7|C6
5|32|142|246|218|277|4H|N|9|CK
5|32|24|188|209|145|4H|N|8|H4
5|32|21|32|130|269|2SX|E|6|HQ
5|32|270|64|268|281|2H|N|10|D2
5|32|258|233|182|45|4H|N|10|CK
5|32|157|147|180|34|3N|S|6|C2
5|32|118|264|174|216|3H|N|9|D3
5|4|46|154|144|156|2N|W|7|D7
5|4|123|119|279|86|3N|W|8|SQ
5|4|151|194|65|90|2N|W|9|SK
5|4|142|177|218|68|2N|W|8|SK
5|4|32|188|269|145|3N|W|7|SK
5|4|21|285|130|24|3N|W|8|SK
5|4|270|64|268|281|3N|W|8|SK
5|4|258|42|182|186|2N|W|7|SK
5|4|273|129|41|171|3N|W|7|SK
5|4|118|264|174|216|2N|W|7|SK
5|5|46|154|144|156|6H|W|13|D3
5|5|123|119|279|86|6H|E|13|D6
5|5|151|194|65|90|6H|E|12|CA
5|5|142|177|218|68|6H|W|12|C9
5|5|32|188|269|145|6H|E|13|D4
5|5|21|285|130|24|6H|W|12|C9
5|5|270|64|268|281|6H|E|12|CA
5|5|258|42|182|186|6H|W|12|C9
5|5|273|129|41|171|6H|W|12|C4
5|5|118|264|174|216|6H|E|12|CA
5|6|46|154|144|156|6C|W|9|S2
5|6|123|119|279|86|3N|E|11|D9
5|6|151|194|65|90|6D|E|9|HT
5|6|142|177|218|68|3N|E|10|DT
5|6|32|188|269|145|4SX|N|8|CA
5|6|21|285|130|24|3N|E|11|S5
5|6|270|64|268|281|3N|E|8|S7
5|6|258|42|182|186|3N|E|11|S5
5|6|273|129|41|171|5D|W|9|SJ
5|6|118|264|174|216|3N|E|11|S5
5|7|46|154|144|156|3N|E|11|H3
5|7|123|119|279|86|3N|E|11|H3
5|7|151|194|65|90|3N|E|8|H2
5|7|142|177|218|68|3N|W|8|H5
5|7|32|188|269|145|3N|E|8|H3
5|7|21|285|130|24|3N|W|8|H5
5|7|270|64|268|281|3N|E|11|H3
5|7|258|42|182|186|3N|E|12|H3
5|7|273|129|41|171|6C|E|11|D9
5|7|118|264|174|216|3N|E|11|H3
5|8|46|154|144|156|5D|N|9|HA
5|8|123|119|279|86|3HX|E|8|SK
5|8|151|194|65|90|3NX|N|8|HA
5|8|142|177|218|68|3D|N|8|HA
5|8|32|188|269|145|3D|N|9|CJ
5|8|21|285|130|24|3D|S|9|C5
5|8|270|64|268|281|3D|N|10|HA
5|8|258|42|182|186|3D|N|9|HA
5|8|273|129|41|171|3DX|N|9|HA
5|8|118|264|174|216|3HX|W|8|DA
5|9|46|154|144|156|3N|S|8|S8
5|9|123|119|279|86|3NX|S|9|SJ
5|9|151|194|65|90|1N|S|9|S8
5|9|142|177|218|68|1N|S|8|H3
5|9|32|188|269|145|3N|S|9|H3
5|9|21|285|130|24|3N|S|7|S7
5|9|270|64|268|281|1N|S|9|ST
5|9|258|42|182|186|1N|S|10|S8
5|9|273|129|41|171|3D|N|8|H6
5|9|118|264|174|216|3N|S|10|S4
6|1|194|78|90|110|1N|S|8|D2
6|1|46|142|144|218|2N|S|8|DJ
6|1|130|177|145|68|3N|N|8|D6
6|1|151|188|65|136|2N|S|9|HA
6|1|147|269|34|285|2N|S|8|D5
6|1|32|129|209|171|3N|N|8|H7
6|1|64|154|281|156|2N|S|7|DJ
6|1|123|258|279|182|1S|N|8|D5
6|1|273|233|41|45|2N|N|8|C6
6|1|270|157|268|180|2N|N|8|D4
6|10|194|78|90|110|2H|W|6|CT
6|10|46|142|144|218|1N|E|8|SA
6|10|130|177|145|68|1N|E|8|SA
6|10|151|188|65|136|2H|W|7|CT
6|10|147|269|34|285|2D|E|9|SA
6|10|32|129|209|171|1N|E|8|SA
6|10|64|154|281|156|2N|E|9|SK
6|10|123|258|279|182|2N|E|7|S2
6|10|273|233|41|45|1N|E|9|SA
6|10|270|157|268|180|2D|E|8|SA
6|11|194|78|90|110|4S|W|10|H7
6|11|46|142|144|218|5SX|W|10|H7
6|11|130|177|145|68|4S|W|11|H7
6|11|151|188|65|136|4S|W|10|H7
6|11|147|269|34|285|4S|W|11|H7
6|11|32|129|209|171|4S|W|10|H2
6|11|64|154|281|156|5S|W|11|H2
6|11|123|258|279|182|4S|W|11|H7
6|11|273|233|41|45|4S|W|10|H7
6|11|270|157|268|180|5S|W|10|H2
6|12|194|78|90|110|3N|W|8|CK
6|12|46|142|144|218|3N|W|8|CK
6|12|130|177|145|68|3N|E|8|CK
6|12|151|188|65|136|4S|W|8|S6
6|12|147|269|34|285|3N|W|8|CK
6|12|32|129|209|171|3N|W|8|CK
6|12|64|154|281|156|3N|W|5|S7
6|12|123|258|279|182|3N|W|9|CK
6|12|273|233|41|45|3N|W|8|CK
6|12|270|157|268|180|3N|W|8|CK
6|13|194|78|90|110|3N|S|12|HT
6|13|46|142|144|218|4N|N|12|DT
6|13|130|177|145|68|3N|N|12|H7
6|13|151|188|65|136|5C|N|12|H7
6|13|147|269|34|285|3N|N|12|S3
6|13|32|129|209|171|3N|N|12|S3
6|13|64|154|281|156|3N|N|11|H7
6|13|123|258|279|182|3N|N|12|H5
6|13|273|233|41|45|3N|N|12|H7
6|13|270|157|268|180|3HX|W|6|DA
6|14|194|78|90|110|5S|N|9|CA
6|14|46|142|144|218|4S|S|10|HA
6|14|130|177|145|68|4D|N|9|HA
6|14|151|188|65|136|4S|N|9|CA
6|14|147|269|34|285|4S|N|9|CA
6|14|32|129|209|171|4S|N|9|HK
6|14|64|154|281|156|4S|N|9|CA
6|14|123|258|279|182|4S|N|9|HK
6|14|273|233|41|45|2D|S|9|S6
6|14|270|157|268|180|4S|N|9|HQ
6|15|194|78|90|110|5H|S|10|SA
6|15|46|142|144|218|4SX|W|11|DA
6|15|130|177|145|68|4S|W|11|DA
6|15|151|188|65|136|3S|W|10|DA
6|15|147|269|34|285|5H|S|9|SA
6|15|32|129|209|171|4SX|W|10|DA
6|15|64|154|281|156|4S|W|11|DK
6|15|123|258|279|182|5HX|S|10|H8
6|15|273|233|41|45|5H|S|10|SA
6|15|270|157|268|180|5H|S|10|SA
6|16|194|78|90|110|1N|S|7|CT
6|16|46|142|144|218|1N|W|6|S2
6|16|130|177|145|68|2C|E|6|SK
6|16|151|188|65|136|2D|E|9|SK
6|16|147|269|34|285|2H|W|8|ST
6|16|32|129|209|171|2S|S|8|D2
6|16|64|154|281|156|3S|S|9|D5
6|16|123|258|279|182|3C|W|8|S4
6|16|273|233|41|45|1N|S|8|CJ
6|16|270|157|268|180|2H|W|8|DK
6|17|194|78|90|110|3HX|S|7|DQ
6|17|119|142|86|218|4D|E|11|C4
6|17|130|177|145|68|3D|E|11|C6
6|17|246|188|277|136|3N|E|9|HK
6|17|147|269|34|285|3N|E|9|C7
6|17|24|118|209|174|3N|E|9|C4
6|17|64|154|281|156|3D|E|11|S7
6|17|29|258|189|182|3D|W|11|SA
6|17|273|233|41|45|3D|E|11|C4
6|17|270|264|268|216|3D|W|11|SK
6|18|194|78|90|110|2SXX|S|4|CK
6|18|119|142|86|218|2S|W|7|DK
6|18|130|177|145|68|2S|E|7|HA
6|18|246|188|277|136|2S|E|7|D3
6|18|147|269|34|285|3N|W|8|DK
6|18|24|118|209|174|4SX|E|7|D3
6|18|64|154|281|156|5C|W|9|DK
6|18|29|258|189|182|2S|W|8|DK
6|18|273|233|41|45|2HX|W|8|DQ
6|18|270|264|268|216|3S|E|7|HA
6|19|194|78|90|110|4H|N|7|CT
6|19|119|142|86|218|4H|N|9|CT
6|19|130|177|145|68|2H|N|9|CT
6|19|246|188|277|136|2H|N|10|CT
6|19|147|269|34|285|2H|N|8|CT
6|19|24|118|209|174|2H|N|8|CT
6|19|64|154|281|156|4H|N|7|CT
6|19|29|258|189|182|2H|N|7|CT
6|19|273|233|41|45|4H|N|10|CT
6|19|270|264|268|216|4H|N|7|CT
6|2|194|78|90|110|2S|N|8|D6
6|2|46|142|144|218|1N|W|8|HT
6|2|130|177|145|68|1N|E|7|H6
6|2|151|188|65|136|2S|N|7|CA
6|2|147|269|34|285|2S|N|8|CA
6|2|32|129|209|171|1N|E|8|H6
6|2|64|154|281|156|1N|W|8|HT
6|2|123|258|279|182|1N|W|8|HT
6|2|273|233|41|45|1N|W|8|HT
6|2|270|157|268|180|2S|N|8|CK
6|20|194|78|90|110|2C|W|10|SK
6|20|119|142|86|218|3NX|E|8|SJ
6|20|130|177|145|68|6D|W|12|SK
6|20|246|188|277|136|3C|W|9|SK
6|20|147|269|34|285|5C|W|9|SK
6|20|24|118|209|174|3C|W|10|SK
6|20|64|154|281|156|5D|E|10|HQ
6|20|29|258|189|182|3N|E|8|SJ
6|20|273|233|41|45|4D|E|12|S2
6|20|270|264|268|216|2C|W|10|SK
6|21|194|78|90|110|1N|N|5|C4
6|21|119|142|86|218|3NX|E|8|SA
6|21|130|177|145|68|3N|E|9|S4
6|21|246|188|277|136|2N|E|8|C8
6|21|147|269|34|285|2C|W|8|C2
6|21|24|118|209|174|1N|N|5|C7
6|21|64|154|281|156|2S|N|7|H6
6|21|29|258|189|182|2N|W|6|S3
6|21|273|233|41|45|2H|E|8|S7
6|21|270|264|268|216|2H|E|8|DT
6|22|194|78|90|110|1N|S|8|S6
6|22|119|142|86|218|1N|S|9|S4
6|22|130|177|145|68|1N|S|9|S4
6|22|246|188|277|136|1N|S|9|S4
6|22|147|269|34|285|1N|N|8|H6
6|22|24|118|209|174|1N|S|9|S4
6|22|64|154|281|156|1N|S|6|S4
6|22|29|258|189|182|1N|S|9|S4
6|22|273|233|41|45|1N|S|7|S3
6|22|270|264|268|216|1N|N|9|H2
6|23|194|78|90|110|2H|E|7|DT
6|23|119|142|86|218|3N|W|8|DK
6|23|130|177|145|68|3N|W|7|DK
6|23|246|188|277|136|3D|N|7|CK
6|23|147|269|34|285|3DX|N|7|HJ
6|23|24|118|209|174|3N|W|8|DK
6|23|64|154|281|156|4HX|E|9|DT
6|23|29|258|189|182|2N|W|9|DK
6|23|273|233|41|45|3N|W|8|DK
6|23|270|264|268|216|3DX|N|6|HJ
6|24|194|78|90|110|2S|W|9|H9
6|24|119|142|86|218|4S|W|8|H4
6|24|130|177|145|68|3H|S|7|C8
6|24|246|188|277|136|4S|W|8|H4
6|24|147|269|34|285|5D|E|10|DK
6|24|24|118|209|174|2S|W|8|H4
6|24|64|154|281|156|3S|E|8|H5
6|24|29|258|189|182|2D|W|10|D4
6|24|273|233|41|45|3D|W|9|H4
6|24|270|264|268|216|3S|W|10|D4
6|25|194|78|90|110|3N|E|10|S3
6|25|119|142|86|218|6N|E|10|H3
6|25|130|177|145|68|6D|E|11|HA
6|25|246|188|277|136|3N|E|10|C8
6|25|147|269|34|285|6N|E|9|C8
6|25|24|118|209|174|4N|E|10|C8
6|25|64|154|281|156|3N|E|10|C7
6|25|29|258|189|182|3N|E|10|C8
6|25|273|233|41|45|3N|E|8|C8
6|25|270|264|268|216|3N|E|11|H3
6|26|194|78|90|110|6S|N|12|H8
6|26|119|142|86|218|6S|N|12|CJ
6|26|130|177|145|68|4S|N|12|D9
6|26|246|188|277|136|6S|N|12|D2
6|26|147|269|34|285|4S|N|12|H6
6|26|24|118|209|174|4S|N|12|H8
6|26|64|154|281|156|4S|N|12|H8
6|26|29|258|189|182|4S|N|12|H6
6|26|273|233|41|45|6S|S|12|HA
6|26|270|264|268|216|4S|N|12|H2
6|27|194|78|90|110|3C|E|8|DA
6|27|119|142|86|218|2C|E|7|H2
6|27|130|177|145|68|3C|W|8|SQ
6|27|246|188|277|136|3C|W|8|SQ
6|27|147|269|34|285|4SX|N|10|CQ
6|27|24|118|209|174|3C|E|8|H2
6|27|64|154|281|156|2S|S|9|D8
6|27|29|258|189|182|2C|E|7|H2
6|27|273|233|41|45|3S|S|9|CA
6|27|270|264|268|216|3N|W|9|H7
6|28|194|78|90|110|3C|S|8|HQ
6|28|119|142|86|218|3H|W|7|CK
6|28|130|177|145|68|2S|N|9|D2
6|28|246|188|277|136|3C|N|9|C4
6|28|147|269|34|285|3C|N|9|H3
6|28|24|118|209|174|2H|E|9|CK
6|28|64|154|281|156|2S|N|10|H2
6|28|29|258|189|182|3H|E|8|CK
6|28|273|233|41|45|2D|N|7|D2
6|28|270|264|268|216|2S|S|8|C9
6|29|194|78|90|110|2S|W|7|C8
6|29|119|142|86|218|1N|S|8|H9
6|29|130|177|145|68|3N|S|8|H9
6|29|246|188|277|136|3N|S|10|SA
6|29|147|269|34|285|3N|S|11|SA
6|29|24|118|209|174|1N|S|10|H9
6|29|64|154|281|156|3D|N|10|D3
6|29|29|258|189|182|3N|N|10|S4
6|29|273|233|41|45|2N|S|9|H2
6|29|270|264|268|216|3C|S|7|SA
6|3|194|78|90|110|3D|W|10|H5
6|3|46|142|144|218|3H|S|8|S2
6|3|130|177|145|68|4S|E|8|DA
6|3|151|188|65|136|3S|E|9|DA
6|3|147|269|34|285|3HX|S|7|ST
6|3|32|129|209|171|3N|W|8|H5
6|3|64|154|281|156|3S|E|9|DA
6|3|123|258|279|182|3H|S|7|S2
6|3|273|233|41|45|4S|E|9|HA
6|3|270|157|268|180|3H|S|8|S6
6|30|194|78|90|110|4S|E|10|CA
6|30|119|142|86|218|4S|E|9|CA
6|30|130|177|145|68|1S|E|10|H7
6|30|246|188|277|136|5DX|N|10|HA
6|30|147|269|34|285|5S|E|10|CA
6|30|24|118|209|174|4S|E|9|CA
6|30|64|154|281|156|4S|E|10|H7
6|30|29|258|189|182|5DX|N|10|HK
6|30|273|233|41|45|4S|E|9|CA
6|30|270|264|268|216|4S|E|9|CA
6|31|194|78|90|110|5H|E|10|DA
6|31|119|142|86|218|4H|E|9|C8
6|31|130|177|145|68|5D|N|10|SA
6|31|246|188|277|136|5DX|N|10|HA
6|31|147|269|34|285|4H|E|10|C8
6|31|24|118|209|174|4S|W|11|CA
6|31|64|154|281|156|5D|S|10|S7
6|31|29|258|189|182|5HX|E|10|C8
6|31|273|233|41|45|5DX|N|10|HA
6|31|270|264|268|216|5DX|N|10|HA
6|32|194|78|90|110|4D|N|9|CA
6|32|119|142|86|218|4S|W|9|DA
6|32|130|177|145|68|3N|E|7|HA
6|32|246|188|277|136|3DX|N|7|HQ
6|32|147|269|34|285|3N|E|9|H3
6|32|24|118|209|174|3N|E|9|H2
6|32|64|154|281|156|4DX|N|9|SA
6|32|29|258|189|182|3S|W|10|C2
6|32|273|233|41|45|3D|N|9|SA
6|32|270|264|268|216|3N|E|9|H8
6|4|194|78|90|110|3S|N|9|D2
6|4|46|142|144|218|4S|N|10|C8
6|4|130|177|145|68|2S|N|10|HJ
6|4|151|188|65|136|3S|N|9|C6
6|4|147|269|34|285|4S|N|9|HJ
6|4|32|129|209|171|4S|N|9|HJ
6|4|64|154|281|156|4S|N|8|HJ
6|4|123|258|279|182|3S|N|9|D8
6|4|273|233|41|45|4S|N|9|HJ
6|4|270|157|268|180|2S|N|9|HT
6|5|194|78|90|110|1N|S|7|D3
6|5|46|142|144|218|2S|N|9|CQ
6|5|130|177|145|68|2S|N|9|CQ
6|5|151|188|65|136|1N|S|7|D3
6|5|147|269|34|285|2S|S|9|C6
6|5|32|129|209|171|2S|S|9|S7
6|5|64|154|281|156|2N|S|5|C2
6|5|123|258|279|182|2S|S|8|H7
6|5|273|233|41|45|2S|N|9|CQ
6|5|270|157|268|180|2S|S|8|C2
6|6|194|78|90|110|2S|W|9|CQ
6|6|46|142|144|218|3D|E|5|H5
6|6|130|177|145|68|2S|W|8|CQ
6|6|151|188|65|136|2S|W|7|CQ
6|6|147|269|34|285|2S|W|8|CQ
6|6|32|129|209|171|4S|W|9|CQ
6|6|64|154|281|156|3C|S|7|D5
6|6|123|258|279|182|2S|W|8|CQ
6|6|273|233|41|45|2H|W|6|CQ
6|6|270|157|268|180|3C|S|8|D4
6|7|194|78|90|110|2C|W|10|HA
6|7|46|142|144|218|3H|S|9|CQ
6|7|130|177|145|68|4C|W|9|HA
6|7|151|188|65|136|4H|N|9|CA
6|7|147|269|34|285|3C|W|9|HA
6|7|32|129|209|171|2C|W|9|HA
6|7|64|154|281|156|3H|S|9|CQ
6|7|123|258|279|182|2C|W|9|HK
6|7|273|233|41|45|2H|N|9|CA
6|7|270|157|268|180|3C|W|9|HA
6|8|194|78|90|110|3S|S|10|H6
6|8|46|142|144|218|3C|E|10|HT
6|8|130|177|145|68|4C|E|10|SA
6|8|151|188|65|136|3S|N|10|CA
6|8|147|269|34|285|3S|S|9|H3
6|8|32|129|209|171|5CX|E|10|HT
6|8|64|154|281|156|4S|S|10|C8
6|8|123|258|279|182|3S|S|9|C3
6|8|273|233|41|45|3S|S|10|D5
6|8|270|157|268|180|4S|S|9|H6
6|9|194|78|90|110|2H|S|8|SA
6|9|46|142|144|218|1N|E|8|H2
6|9|130|177|145|68|2H|N|7|D9
6|9|151|188|65|136|2N|E|8|C6
6|9|147|269|34|285|2H|N|7|SQ
6|9|32|129|209|171|3N|W|9|HJ
6|9|64|154|281|156|1N|E|8|S8
6|9|123|258|279|182|1N|E|9|S8
6|9|273|233|41|45|3N|E|8|S6
6|9|270|157|268|180|1N|S|5|D3
7|1|46|226|144|136|3S|W|12|C8
7|1|188|119|130|86|5HX|S|8|H7
7|1|246|32|277|19|5HX|S|8|DK
7|1|269|151|285|65|4S|W|10|C2
7|1|243|287|95|183|5HX|S|8|DQ
7|1|64|194|281|90|4S|W|11|C2
7|1|154|273|156|41|4S|E|11|CK
7|1|157|123|180|279|4S|W|11|C8
7|1|42|129|186|171|4S|W|11|H5
7|1|118|233|174|45|4S|W|11|H4
7|10|46|226|144|136|2H|N|9|D8
7|10|188|119|130|86|2H|N|8|DT
7|10|246|32|277|19|2H|N|8|D4
7|10|269|151|285|65|1N|W|8|H6
7|10|243|287|95|183|2S|E|6|H5
7|10|64|194|281|90|3C|E|8|H5
7|10|154|273|156|41|3C|W|7|H4
7|10|157|123|180|279|3C|E|7|H7
7|10|42|129|186|171|3N|W|9|H6
7|10|118|233|174|45|2N|W|8|H6
7|11|188|119|130|86|6D|N|12|C5
7|11|246|32|277|19|5D|S|13|CA
7|11|269|151|285|65|5D|N|12|C6
7|11|243|287|95|183|5CX|W|9|SQ
7|11|64|194|281|90|3D|N|13|C3
7|11|154|273|156|41|3C|W|9|DK
7|11|157|123|180|279|6D|S|12|CK
7|11|42|129|186|171|5D|N|13|C2
7|11|118|233|174|45|6D|N|12|C6
7|12|46|226|144|136|4H|W|11|DJ
7|12|188|119|130|86|4H|W|11|DJ
7|12|246|32|277|19|4H|E|11|D7
7|12|269|151|285|65|4H|W|10|DJ
7|12|243|287|95|183|4H|W|11|DJ
7|12|64|194|281|90|4H|E|10|D8
7|12|154|273|156|41|4H|E|9|S7
7|12|157|123|180|279|4H|W|10|DT
7|12|42|129|186|171|4H|W|11|DJ
7|12|118|233|174|45|4H|E|11|D7
7|13|46|226|144|136|4S|W|10|HA
7|13|188|119|130|86|2H|N|6|D2
7|13|246|32|277|19|3S|W|10|HA
7|13|269|151|285|65|4H|N|7|S2
7|13|243|287|95|183|4S|W|11|ST
7|13|64|194|281|90|3H|N|6|S7
7|13|154|273|156|41|3H|N|6|S2
7|13|157|123|180|279|4HX|N|6|D3
7|13|42|129|186|171|3H|N|6|S6
7|13|118|233|174|45|2H|N|7|S2
7|14|46|226|144|136|4S|E|10|C3
7|14|188|119|130|86|4S|E|10|HA
7|14|246|32|277|19|4S|E|11|D9
7|14|269|151|285|65|5S|E|10|HA
7|14|243|287|95|183|5HX|N|10|SK
7|14|64|194|281|90|4S|E|11|D9
7|14|154|273|156|41|5HX|S|10|DA
7|14|157|123|180|279|5H|N|10|SA
7|14|42|129|186|171|4S|E|10|HA
7|14|118|233|174|45|4S|E|10|D9
7|15|46|226|144|136|4S|N|10|S7
7|15|188|119|130|86|2N|N|7|D5
7|15|246|32|277|19|4S|N|10|D7
7|15|269|151|285|65|P||0
7|15|243|287|95|183|4S|N|10|S5
7|15|64|194|281|90|2S|N|10|S7
7|15|154|273|156|41|3DX|E|6|D6
7|15|157|123|180|279|4S|N|10|S2
7|15|42|129|186|171|4S|N|9|S2
7|15|118|233|174|45|2S|N|10|S7
7|16|46|226|144|136|3N|N|9|DA
7|16|188|119|130|86|3N|N|8|D7
7|16|246|32|277|19|3N|N|7|DT
7|16|269|151|285|65|3N|N|7|DT
7|16|243|287|95|183|2N|N|5|S8
7|16|64|194|281|90|3N|N|6|D6
7|16|154|273|156|41|2S|S|8|D4
7|16|157|123|180|279|3N|N|8|DT
7|16|42|129|186|171|3N|N|9|DK
7|16|118|233|174|45|3N|N|6|DT
7|17|46|226|144|136|6S|E|12|S7
7|17|188|78|130|110|6S|E|12|H3
7|17|246|32|277|19|6S|E|13|C3
7|17|269|177|285|68|7S|E|12|C6
7|17|243|287|95|183|6S|E|13|S7
7|17|64|142|281|218|7S|E|13|H3
7|17|154|264|156|216|7S|E|13|S6
7|17|273|123|41|279|7S|E|11|S6
7|17|233|129|45|171|7S|E|13|C2
7|17|147|42|34|186|6S|E|12|H7
7|18|46|226|144|136|3N|N|10|S6
7|18|188|78|130|110|3N|N|9|C8
7|18|246|32|277|19|3N|N|9|S8
7|18|269|177|285|68|3N|N|10|S4
7|18|243|287|95|183|3N|S|9|D4
7|18|64|142|281|218|3N|N|9|C9
7|18|154|264|156|216|3N|N|9|S3
7|18|273|123|41|279|3N|N|9|D6
7|18|233|129|45|171|3N|N|8|S4
7|18|147|42|34|186|2HXX|S|8|C9
7|19|46|226|144|136|3N|S|10|D2
7|19|188|78|130|110|3N|S|9|S5
7|19|246|32|277|19|3N|S|10|D2
7|19|269|177|285|68|3N|S|10|S9
7|19|243|287|95|183|3N|S|9|S7
7|19|64|142|281|218|3N|S|10|D2
7|19|154|264|156|216|3N|S|10|D7
7|19|273|123|41|279|3N|S|10|S7
7|19|233|129|45|171|3N|S|10|S7
7|19|147|42|34|186|3N|S|10|D2
7|2|46|226|144|136|6N|S|12|ST
7|2|188|119|130|86|6C|N|13|H6
7|2|246|32|277|19|6C|S|12|DT
7|2|269|151|285|65|6C|S|12|H2
7|2|243|287|95|183|3N|S|12|ST
7|2|64|194|281|90|6C|S|12|S9
7|2|154|273|156|41|6N|S|12|D2
7|2|157|123|180|279|6N|S|12|H5
7|2|42|129|186|171|6C|S|12|H5
7|2|118|233|174|45|6C|N|12|H2
7|20|46|226|144|136|3S|W|8|HK
7|20|188|78|130|110|5DX|S|9|SA
7|20|246|32|277|19|3N|S|7|ST
7|20|269|177|285|68|4D|S|9|H7
7|20|243|287|95|183|3H|N|9|S8
7|20|64|142|281|218|2S|W|8|HK
7|20|154|264|156|216|3S|W|9|HK
7|20|273|123|41|279|2S|W|8|HQ
7|20|233|129|45|171|3H|N|5|CK
7|20|147|42|34|186|P||0
7|21|46|226|144|136|3N|E|9|S3
7|21|188|78|130|110|3N|E|8|S3
7|21|246|32|277|19|3N|E|8|S3
7|21|269|177|285|68|3N|E|10|S3
7|21|243|287|95|183|3N|W|11|H9
7|21|64|142|281|218|3N|E|7|S3
7|21|154|264|156|216|4S|E|8|DA
7|21|273|123|41|279|3N|E|9|ST
7|21|233|129|45|171|3N|E|10|HT
7|21|147|42|34|186|3N|E|9|S3
7|22|46|226|144|136|3C|S|8|S2
7|22|188|78|130|110|2N|S|8|S3
7|22|246|32|277|19|1C|S|9|S2
7|22|269|177|285|68|1N|S|8|S2
7|22|243|287|95|183|1N|S|8|H5
7|22|64|142|281|218|1C|S|9|DQ
7|22|154|264|156|216|1C|S|9|C2
7|22|273|123|41|279|1N|S|8|H5
7|22|233|129|45|171|1C|S|9|D2
7|22|147|42|34|186|1NX|S|8|S3
7|23|46|226|144|136|2S|S|7|C4
7|23|188|78|130|110|2H|N|5|D8
7|23|246|32|277|19|2S|N|6|D9
7|23|269|177|285|68|1N|N|10|S5
7|23|243|287|95|183|1N|E|8|H8
7|23|64|142|281|218|2S|N|7|S2
7|23|154|264|156|216|2S|S|6|C3
7|23|273|123|41|279|2S|S|6|HJ
7|23|233|129|45|171|2H|N|6|S2
7|23|147|42|34|186|2S|N|7|HJ
7|24|46|226|144|136|4C|E|10|SA
7|24|188|78|130|110|4S|N|10|S4
7|24|246|32|277|19|4C|E|10|C7
7|24|269|177|285|68|3S|N|9|S7
7|24|243|287|95|183|2S|N|9|S4
7|24|64|142|281|218|5SX|N|10|CA
7|24|154|264|156|216|5CX|E|10|C7
7|24|273|123|41|279|3S|N|9|S4
7|24|233|129|45|171|4S|N|8|S6
7|24|147|42|34|186|2S|N|9|HA
7|25|46|226|144|136|5H|S|11|SK
7|25|188|78|130|110|5H|N|10|C8
7|25|246|32|277|19|6H|N|10|DA
7|25|269|177|285|68|4H|N|10|C8
7|25|243|287|95|183|5H|S|11|SK
7|25|64|142|281|218|4H|N|10|DA
7|25|154|264|156|216|5H|S|11|SJ
7|25|273|123|41|279|5H|S|11|SK
7|25|233|129|45|171|4SX|W|9|H4
7|25|147|42|34|186|6H|S|11|SK
7|26|46|226|144|136|4S|E|10|HK
7|26|188|78|130|110|3S|W|10|C6
7|26|246|32|277|19|4S|E|10|C2
7|26|269|177|285|68|4S|E|10|C6
7|26|243|287|95|183|2S|E|10|CT
7|26|64|142|281|218|3S|E|10|HK
7|26|154|264|156|216|4S|E|10|CT
7|26|273|123|41|279|2S|E|9|HK
7|26|233|129|45|171|4S|E|10|D5
7|26|147|42|34|186|2S|E|10|C9
7|27|46|226|144|136|3H|N|9|DK
7|27|188|78|130|110|2H|S|9|D3
7|27|246|32|277|19|1N|S|6|D2
7|27|269|177|285|68|4H|S|11|H2
7|27|243|287|95|183|2H|N|9|DK
7|27|64|142|281|218|4H|S|9|D6
7|27|154|264|156|216|3H|S|9|D7
7|27|273|123|41|279|3H|S|9|D3
7|27|233|129|45|171|4H|S|9|DK
7|27|147|42|34|186|4H|N|9|DK
7|28|46|226|144|136|3N|E|8|H5
7|28|188|78|130|110|3N|E|8|SJ
7|28|246|32|277|19|3N|E|7|SJ
7|28|269|177|285|68|3N|E|8|H5
7|28|243|287|95|183|1S|N|6|D5
7|28|64|142|281|218|3N|E|9|SJ
7|28|154|264|156|216|3N|E|8|SJ
7|28|273|123|41|279|3N|E|8|SJ
7|28|233|129|45|171|3N|E|8|H4
7|28|147|42|34|186|3N|E|8|SJ
7|29|46|226|144|136|3N|W|8|D5
7|29|188|78|130|110|2HX|S|6|D7
7|29|246|32|277|19|3N|W|8|D5
7|29|269|177|285|68|3N|W|8|D5
7|29|243|287|95|183|2N|W|9|H9
7|29|64|142|281|218|3N|E|9|H7
7|29|154|264|156|216|3N|W|8|HJ
7|29|273|123|41|279|3N|E|7|H6
7|29|233|129|45|171|3N|W|8|H5
7|29|147|42|34|186|2HX|S|7|D4
7|3|46|226|144|136|4S|S|8|DJ
7|3|188|119|130|86|2S|N|9|C2
7|3|246|32|277|19|2S|S|7|H2
7|3|269|151|285|65|4S|N|8|C2
7|3|243|287|95|183|1N|N|6|C5
7|3|64|194|281|90|4S|N|8|C5
7|3|154|273|156|41|2S|S|9|H5
7|3|157|123|180|279|4S|S|9|H7
7|3|42|129|186|171|2H|S|7|DJ
7|3|118|233|174|45|1N|N|7|C2
7|30|46|226|144|136|6H|S|11|D4
7|30|188|78|130|110|4SX|W|7|HA
7|30|246|32|277|19|6C|S|11|S3
7|30|269|177|285|68|6H|S|12|D4
7|30|243|287|95|183|4SX|W|7|HK
7|30|64|142|281|218|4H|S|11|D4
7|30|154|264|156|216|6H|S|12|D4
7|30|273|123|41|279|5N|S|8|S2
7|30|233|129|45|171|6H|S|12|S3
7|30|147|42|34|186|4SX|W|7|HA
7|31|46|226|144|136|4S|S|11|D4
7|31|188|78|130|110|4S|S|12|D4
7|31|246|32|277|19|4S|S|12|D4
7|31|269|177|285|68|4S|N|9|C3
7|31|243|287|95|183|4S|N|11|H6
7|31|64|142|281|218|4S|N|10|C3
7|31|154|264|156|216|4S|S|10|HA
7|31|273|123|41|279|4S|N|11|C3
7|31|233|129|45|171|4S|S|11|DJ
7|31|147|42|34|186|4S|S|11|HA
7|32|46|226|144|136|2H|W|10|H9
7|32|188|78|130|110|2N|N|9|DJ
7|32|246|32|277|19|2H|E|8|SJ
7|32|269|177|285|68|2D|E|8|SJ
7|32|243|287|95|183|4HX|E|7|ST
7|32|64|142|281|218|3N|N|5|DA
7|32|154|264|156|216|2H|W|10|H9
7|32|273|123|41|279|3HX|W|9|H9
7|32|233|129|45|171|2S|S|6|D9
7|32|147|42|34|186|1NX|N|8|DJ
7|4|46|226|144|136|5D|S|11|S2
7|4|188|119|130|86|4S|E|9|DA
7|4|246|32|277|19|4H|W|8|D5
7|4|269|151|285|65|4S|E|7|H5
7|4|243|287|95|183|4S|E|8|H5
7|4|64|194|281|90|4S|E|8|H2
7|4|154|273|156|41|4S|E|7|H5
7|4|157|123|180|279|3H|W|7|D5
7|4|42|129|186|171|4S|E|9|H5
7|4|118|233|174|45|4S|E|8|H5
7|5|46|226|144|136|4H|W|11|S2
7|5|188|119|130|86|4H|W|11|S3
7|5|246|32|277|19|4H|W|11|C4
7|5|269|151|285|65|5H|W|11|S3
7|5|243|287|95|183|4H|W|11|S3
7|5|64|194|281|90|4H|W|11|S3
7|5|154|273|156|41|6NX|E|10|SA
7|5|157|123|180|279|4H|W|11|S2
7|5|42|129|186|171|4H|W|11|S3
7|5|118|233|174|45|4H|W|11|S3
7|6|46|226|144|136|3S|N|8|DA
7|6|188|119|130|86|3C|E|8|S2
7|6|246|32|277|19|2S|N|7|C4
7|6|269|151|285|65|1N|W|7|S7
7|6|243|287|95|183|2S|N|7|CJ
7|6|64|194|281|90|2S|N|8|C4
7|6|154|273|156|41|2N|W|6|S7
7|6|157|123|180|279|1N|E|6|H6
7|6|42|129|186|171|1N|W|7|S7
7|6|118|233|174|45|1N|E|8|H3
7|7|46|226|144|136|4S|N|9|DT
7|7|188|119|130|86|4H|S|9|DK
7|7|246|32|277|19|3S|N|9|DT
7|7|269|151|285|65|3H|S|8|DA
7|7|243|287|95|183|3D|W|8|CQ
7|7|64|194|281|90|4S|N|9|DT
7|7|154|273|156|41|5DX|W|8|CK
7|7|157|123|180|279|4S|N|9|DT
7|7|42|129|186|171|3N|S|5|DA
7|7|118|233|174|45|3H|S|9|DA
7|8|46|226|144|136|3N|N|11|SJ
7|8|188|119|130|86|3N|N|10|S6
7|8|246|32|277|19|3N|N|10|SJ
7|8|269|151|285|65|3N|N|10|SJ
7|8|243|287|95|183|4H|S|10|S5
7|8|64|194|281|90|4H|S|11|DJ
7|8|154|273|156|41|3N|N|12|SJ
7|8|157|123|180|279|3N|N|10|SJ
7|8|42|129|186|171|3N|N|10|ST
7|8|118|233|174|45|3N|N|10|SJ
7|9|46|226|144|136|4H|W|9|CQ
7|9|188|119|130|86|4H|W|11|CQ
7|9|246|32|277|19|4H|E|12|DK
7|9|269|151|285|65|5DX|S|5|CA
7|9|243|287|95|183|4H|W|10|CQ
7|9|64|194|281|90|4H|E|12|DK
7|9|154|273|156|41|4H|E|11|DK
7|9|157|123|180|279|4H|W|10|CJ
7|9|42|129|186|171|2H|E|11|DK
7|9|118|233|174|45|4H|E|12|DK
8|1|269|46|285|144|4S|N|10|C6
8|1|119|24|86|209|4S|N|9|C6
8|1|118|177|174|68|4S|N|9|C5
8|1|151|129|65|171|4S|N|8|C6
8|1|258|188|182|136|4S|N|9|C6
8|1|130|287|145|183|4S|N|9|C6
8|1|157|194|180|90|4S|N|9|C6
8|1|243|264|95|216|4S|N|9|C6
8|1|42|154|186|156|3DX|E|7|S7
8|1|29|233|189|45|4S|N|9|DJ
8|10|269|46|285|144|4S|E|10|CJ
8|10|119|24|86|209|4S|E|10|CJ
8|10|118|177|174|68|4N|E|10|D5
8|10|151|129|65|171|6S|E|11|CJ
8|10|258|188|182|136|4S|E|11|CJ
8|10|130|287|145|183|6S|E|11|CJ
8|10|157|194|180|90|4N|E|10|CJ
8|10|243|264|95|216|6H|E|11|CJ
8|10|42|154|186|156|6S|E|11|CJ
8|10|29|233|189|45|6N|W|11|DJ
8|11|269|46|285|144|4S|W|10|S6
8|11|119|24|86|209|3S|E|10|D4
8|11|118|177|174|68|5DX|N|10|DQ
8|11|151|129|65|171|5DX|N|10|SJ
8|11|258|188|182|136|5S|E|11|DT
8|11|130|287|145|183|4S|W|11|DA
8|11|157|194|180|90|5DX|N|10|C5
8|11|243|264|95|216|5S|E|10|DT
8|11|42|154|186|156|4S|E|10|D7
8|11|29|233|189|45|5DX|N|10|SJ
8|12|269|46|285|144|2S|E|11|D3
8|12|119|24|86|209|4S|E|10|C4
8|12|118|177|174|68|4S|E|11|C4
8|12|151|129|65|171|4S|E|10|D2
8|12|258|188|182|136|4S|E|10|H4
8|12|130|287|145|183|4S|W|11|S5
8|12|157|194|180|90|1N|W|7|DQ
8|12|243|264|95|216|4S|E|10|C7
8|12|42|154|186|156|4S|W|11|S6
8|12|29|233|189|45|2H|W|6|C3
8|13|269|46|285|144|4S|S|9|H6
8|13|119|24|86|209|4H|N|9|ST
8|13|118|177|174|68|3N|S|9|S4
8|13|151|129|65|171|4S|S|9|C2
8|13|258|188|182|136|5S|S|9|DQ
8|13|130|287|145|183|5H|N|11|ST
8|13|157|194|180|90|3N|S|7|S4
8|13|243|264|95|216|4S|S|9|DQ
8|13|42|154|186|156|4H|N|11|ST
8|13|29|233|189|45|3N|S|8|S2
8|14|269|46|285|144|3N|W|10|HK
8|14|119|24|86|209|3N|W|9|HK
8|14|118|177|174|68|3N|W|10|HK
8|14|151|129|65|171|3N|W|10|HK
8|14|258|188|182|136|3N|W|9|HK
8|14|130|287|145|183|3S|W|10|DT
8|14|157|194|180|90|3N|W|8|HK
8|14|243|264|95|216|3H|S|7|D6
8|14|42|154|186|156|3N|W|9|HK
8|14|29|233|189|45|3N|W|9|HK
8|15|269|46|285|144|2S|N|8|DA
8|15|119|24|86|209|1S|S|6|D3
8|15|118|177|174|68|1N|N|8|D5
8|15|151|129|65|171|2S|S|8|D7
8|15|258|188|182|136|1N|N|8|D5
8|15|130|287|145|183|2C|N|10|SJ
8|15|157|194|180|90|2N|S|8|D3
8|15|243|264|95|216|1N|N|8|D6
8|15|42|154|186|156|2D|E|7|H7
8|15|29|233|189|45|2S|S|8|D3
8|16|269|46|285|144|1N|S|6|S4
8|16|119|24|86|209|1N|S|6|S8
8|16|118|177|174|68|1N|N|6|ST
8|16|151|129|65|171|1N|N|7|D2
8|16|258|188|182|136|1N|N|6|S2
8|16|130|287|145|183|1N|S|6|S4
8|16|157|194|180|90|1N|S|6|S4
8|16|243|264|95|216|1N|N|6|ST
8|16|42|154|186|156|1N|N|5|ST
8|16|29|233|189|45|1N|S|6|SQ
8|17|32|78|19|110|4S|N|10|H5
8|17|119|24|86|209|4S|N|10|H5
8|17|118|246|174|277|4S|N|9|H5
8|17|151|147|65|34|4S|S|10|HA
8|17|258|188|182|136|4S|N|10|H2
8|17|130|287|145|183|4S|N|9|H2
8|17|157|142|180|218|4S|S|10|HA
8|17|243|273|95|41|4C|N|11|H6
8|17|233|123|45|279|4S|S|10|HK
8|17|29|42|189|186|3SX|N|10|H2
8|18|32|78|19|110|4D|W|10|CQ
8|18|119|24|86|209|5D|E|10|CK
8|18|118|246|174|277|3D|W|10|CA
8|18|151|147|65|34|4C|S|8|HA
8|18|258|188|182|136|4D|E|10|CK
8|18|130|287|145|183|5D|W|10|CQ
8|18|157|142|180|218|5DX|W|10|CQ
8|18|243|273|95|41|5D|W|10|SJ
8|18|233|123|45|279|5HX|N|7|C2
8|18|29|42|189|186|4DX|W|10|CQ
8|19|32|78|19|110|4S|W|12|S3
8|19|119|24|86|209|5S|E|12|DT
8|19|118|246|174|277|4S|W|12|CQ
8|19|151|147|65|34|5S|E|11|H3
8|19|258|188|182|136|5S|E|11|CK
8|19|130|287|145|183|4S|E|12|CA
8|19|157|142|180|218|5CX|S|9|C9
8|19|243|273|95|41|5CX|S|9|C5
8|19|233|123|45|279|5S|E|11|CK
8|19|29|42|189|186|6S|W|11|CQ
8|2|269|46|285|144|5C|N|10|S5
8|2|119|24|86|209|5DX|W|7|CK
8|2|118|177|174|68|5DX|W|7|CA
8|2|151|129|65|171|5D|W|8|CA
8|2|258|188|182|136|5CX|N|10|S6
8|2|130|287|145|183|5C|N|9|H5
8|2|157|194|180|90|3N|N|11|C4
8|2|243|264|95|216|6CX|N|9|S5
8|2|42|154|186|156|4H|S|9|DK
8|2|29|233|189|45|6C|N|9|H4
8|20|32|78|19|110|5C|N|9|H3
8|20|119|24|86|209|3N|N|11|S2
8|20|118|246|174|277|3N|S|12|S5
8|20|151|147|65|34|3N|N|8|ST
8|20|258|188|182|136|3N|S|11|S5
8|20|130|287|145|183|3N|N|8|S9
8|20|157|142|180|218|3N|S|11|S5
8|20|243|273|95|41|3N|N|10|ST
8|20|233|123|45|279|3N|N|10|H3
8|20|29|42|189|186|2SX|W|6|SA
8|21|32|78|19|110|6N|S|12|S7
8|21|119|24|86|209|6N|S|13|S4
8|21|118|246|174|277|6N|S|13|S9
8|21|151|147|65|34|6N|N|13|SJ
8|21|258|188|182|136|6N|N|13|C5
8|21|130|287|145|183|6N|S|13|S8
8|21|157|142|180|218|5D|S|10|S9
8|21|243|273|95|41|6N|N|13|SJ
8|21|233|123|45|279|5C|S|12|HT
8|21|29|42|189|186|7N|S|13|S5
8|22|32|78|19|110|4H|N|11|S2
8|22|119|24|86|209|4H|N|13|CJ
8|22|118|246|174|277|3H|N|13|CJ
8|22|151|147|65|34|4H|N|13|CJ
8|22|258|188|182|136|4SX|W|8|HA
8|22|130|287|145|183|4H|N|13|S4
8|22|157|142|180|218|4H|N|11|S4
8|22|243|273|95|41|4H|N|11|S2
8|22|233|123|45|279|4H|N|13|S2
8|22|29|42|189|186|4H|N|13|S2
8|23|32|78|19|110|4S|S|11|H3
8|23|119|24|86|209|5S|N|11|H7
8|23|118|246|174|277|4S|S|11|D9
8|23|151|147|65|34|4S|N|10|D2
8|23|258|188|182|136|4S|S|11|D7
8|23|130|287|145|183|5S|N|11|H6
8|23|157|142|180|218|3N|S|11|H8
8|23|243|273|95|41|4S|S|11|D4
8|23|233|123|45|279|4S|S|11|D7
8|23|29|42|189|186|4S|N|11|H6
8|24|32|78|19|110|4S|W|9|CA
8|24|119|24|86|209|4S|W|9|ST
8|24|118|246|174|277|3S|W|9|CA
8|24|151|147|65|34|3H|N|8|SK
8|24|258|188|182|136|3S|W|9|CA
8|24|130|287|145|183|4S|W|10|CA
8|24|157|142|180|218|3H|N|8|SK
8|24|243|273|95|41|3S|W|8|CA
8|24|233|123|45|279|4S|W|9|CA
8|24|29|42|189|186|2S|W|9|CA
8|25|32|78|19|110|3H|N|8|CQ
8|25|119|24|86|209|2D|S|9|H8
8|25|118|246|174|277|3S|S|10|CA
8|25|151|147|65|34|4C|E|11|H7
8|25|258|188|182|136|4C|E|11|HT
8|25|130|287|145|183|2C|E|10|S5
8|25|157|142|180|218|4S|S|10|H4
8|25|243|273|95|41|2C|E|10|S8
8|25|233|123|45|279|3C|E|11|H7
8|25|29|42|189|186|3C|E|10|S7
8|26|32|78|19|110|4S|S|11|HA
8|26|119|24|86|209|4S|S|11|S4
8|26|118|246|174|277|4S|S|11|HA
8|26|151|147|65|34|4S|S|11|HA
8|26|258|188|182|136|4S|N|11|H6
8|26|130|287|145|183|4S|S|11|HK
8|26|157|142|180|218|4S|N|11|H6
8|26|243|273|95|41|4S|N|11|H6
8|26|233|123|45|279|4S|S|11|HA
8|26|29|42|189|186|4S|S|11|HA
8|27|32|78|19|110|3S|N|10|DA
8|27|119|24|86|209|4D|W|7|SK
8|27|118|246|174|277|4C|E|10|SA
8|27|151|147|65|34|4C|E|10|DQ
8|27|258|188|182|136|5CX|E|10|HQ
8|27|130|287|145|183|4C|E|10|S5
8|27|157|142|180|218|3S|N|8|C7
8|27|243|273|95|41|4C|E|10|DQ
8|27|233|123|45|279|2H|N|8|DA
8|27|29|42|189|186|3S|N|7|DA
8|28|32|78|19|110|1NX|N|6|D9
8|28|119|24|86|209|2C|W|8|HK
8|28|118|246|174|277|1SX|S|6|S9
8|28|151|147|65|34|2H|E|9|D3
8|28|258|188|182|136|2H|E|9|HT
8|28|130|287|145|183|1N|W|9|DQ
8|28|157|142|180|218|2N|E|9|D3
8|28|243|273|95|41|3S|E|7|HT
8|28|233|123|45|279|2N|W|8|H3
8|28|29|42|189|186|2C|W|8|HA
8|29|32|78|19|110|3N|W|8|S6
8|29|119|24|86|209|4N|W|7|S3
8|29|118|246|174|277|2H|E|8|S5
8|29|151|147|65|34|3NX|W|10|S3
8|29|258|188|182|136|3N|W|10|D3
8|29|130|287|145|183|3N|W|9|S6
8|29|157|142|180|218|3N|W|10|D2
8|29|243|273|95|41|4C|W|9|H6
8|29|233|123|45|279|3NX|W|9|H3
8|29|29|42|189|186|3N|W|8|S6
8|3|269|46|285|144|2D|W|7|D3
8|3|119|24|86|209|3N|E|6|C5
8|3|118|177|174|68|3C|E|9|SQ
8|3|151|129|65|171|2H|W|8|CK
8|3|258|188|182|136|2D|W|6|D3
8|3|130|287|145|183|3C|E|8|D5
8|3|157|194|180|90|2D|W|6|D3
8|3|243|264|95|216|3S|E|8|D9
8|3|42|154|186|156|3C|E|9|SQ
8|3|29|233|189|45|2D|W|6|D3
8|30|32|78|19|110|4HX|N|7|C2
8|30|119|24|86|209|3C|W|9|SJ
8|30|118|246|174|277|4HX|N|7|C9
8|30|151|147|65|34|3H|N|7|C6
8|30|258|188|182|136|4S|S|8|CK
8|30|130|287|145|183|4HX|N|8|C5
8|30|157|142|180|218|4HX|N|7|C2
8|30|243|273|95|41|4HX|N|7|C5
8|30|233|123|45|279|4H|N|7|CK
8|30|29|42|189|186|4SX|S|7|CK
8|31|32|78|19|110|1N|W|6|SJ
8|31|119|24|86|209|1N|W|6|S3
8|31|118|246|174|277|1N|W|6|ST
8|31|151|147|65|34|2D|W|6|D2
8|31|258|188|182|136|1N|W|6|C3
8|31|130|287|145|183|1N|E|6|DT
8|31|157|142|180|218|1N|E|5|CJ
8|31|243|273|95|41|1N|W|6|SJ
8|31|233|123|45|279|1N|E|5|DT
8|31|29|42|189|186|1N|E|6|CJ
8|32|32|78|19|110|P||0
8|32|119|24|86|209|1H|W|8|D4
8|32|118|246|174|277|2H|E|8|D7
8|32|151|147|65|34|1N|W|9|D4
8|32|258|188|182|136|2H|E|8|DJ
8|32|130|287|145|183|2H|W|6|D7
8|32|157|142|180|218|2H|W|8|D4
8|32|243|273|95|41|2H|W|8|D9
8|32|233|123|45|279|2H|W|8|D3
8|32|29|42|189|186|3H|W|8|CQ
8|4|269|46|285|144|3S|W|7|D4
8|4|119|24|86|209|4S|W|9|D4
8|4|118|177|174|68|3N|E|8|H6
8|4|151|129|65|171|3S|W|8|D4
8|4|258|188|182|136|2N|W|8|HT
8|4|130|287|145|183|4S|W|9|D3
8|4|157|194|180|90|4S|W|9|D4
8|4|243|264|95|216|4S|W|9|D4
8|4|42|154|186|156|4S|W|9|D4
8|4|29|233|189|45|4S|W|9|D4
8|5|269|46|285|144|5H|N|11|DK
8|5|119|24|86|209|5CX|E|10|H4
8|5|118|177|174|68|4H|N|10|C4
8|5|151|129|65|171|4S|S|11|S4
8|5|258|188|182|136|5CX|E|11|C6
8|5|130|287|145|183|2H|N|10|SJ
8|5|157|194|180|90|4H|N|10|SJ
8|5|243|264|95|216|5C|E|10|H7
8|5|42|154|186|156|4H|N|10|CT
8|5|29|233|189|45|4H|N|10|SJ
8|6|269|46|285|144|3N|S|10|S3
8|6|119|24|86|209|3N|S|9|S2
8|6|118|177|174|68|3N|S|10|S3
8|6|151|129|65|171|3N|S|9|S3
8|6|258|188|182|136|3N|S|10|C8
8|6|130|287|145|183|3N|S|10|S9
8|6|157|194|180|90|3N|S|11|C8
8|6|243|264|95|216|3N|S|9|S2
8|6|42|154|186|156|3N|S|10|S3
8|6|29|233|189|45|3N|S|10|C3
8|7|269|46|285|144|2S|W|9|C8
8|7|119|24|86|209|3D|S|9|HQ
8|7|118|177|174|68|2H|E|9|DK
8|7|151|129|65|171|2D|S|7|HQ
8|7|258|188|182|136|3N|S|8|S7
8|7|130|287|145|183|2H|W|8|D4
8|7|157|194|180|90|3S|W|8|D5
8|7|243|264|95|216|2S|W|7|C8
8|7|42|154|186|156|2S|W|9|C8
8|7|29|233|189|45|2H|E|9|DK
8|8|269|46|285|144|4S|E|10|DA
8|8|119|24|86|209|2S|E|10|H2
8|8|118|177|174|68|2S|E|10|HQ
8|8|151|129|65|171|3S|W|10|D7
8|8|258|188|182|136|3HX|S|8|CA
8|8|130|287|145|183|4D|N|10|S2
8|8|157|194|180|90|2H|S|9|CA
8|8|243|264|95|216|3S|W|10|C5
8|8|42|154|186|156|4S|E|10|HQ
8|8|29|233|189|45|3C|W|10|D7
8|9|269|46|285|144|4H|N|10|C2
8|9|119|24|86|209|4H|S|10|CJ
8|9|118|177|174|68|4H|N|10|SA
8|9|151|129|65|171|4H|S|10|CJ
8|9|258|188|182|136|4H|S|10|CJ
8|9|130|287|145|183|4H|N|10|C4
8|9|157|194|180|90|4H|N|10|C8
8|9|243|264|95|216|4H|S|10|CJ
8|9|42|154|186|156|4H|S|9|D9
8|9|29|233|189|45|4H|N|10|C3
9|1|46|177|144|68|1N|N|8|CQ
9|1|151|78|65|110|2D|E|7|S7
9|1|269|64|285|281|2C|N|7|H5
9|1|287|32|183|19|1N|E|7|S4
9|1|188|264|130|216|2C|S|7|HJ
9|1|273|226|41|136|2C|N|7|H6
9|1|243|233|95|45|1N|E|8|S4
9|1|42|142|186|218|1N|E|7|S4
9|1|154|129|156|171|1N|N|8|CQ
9|1|147|123|34|279|1N|E|8|S4
9|10|46|177|144|68|3C|S|10|D6
9|10|151|78|65|110|3C|S|10|H4
9|10|269|64|285|281|3C|S|10|S7
9|10|287|32|183|19|3N|S|8|D6
9|10|188|264|130|216|3C|S|10|C8
9|10|273|226|41|136|3N|S|8|S7
9|10|243|233|95|45|3C|S|9|S5
9|10|42|142|186|218|2N|N|8|HJ
9|10|154|129|156|171|2S|E|7|HA
9|10|147|123|34|279|3N|N|9|S5
9|11|46|177|144|68|4N|N|10|CK
9|11|151|78|65|110|4N|S|11|H5
9|11|269|64|285|281|6D|S|12|S5
9|11|287|32|183|19|3N|N|10|CQ
9|11|188|264|130|216|3N|S|12|H5
9|11|273|226|41|136|3N|S|12|H6
9|11|243|233|95|45|3N|S|12|H5
9|11|42|142|186|218|3N|S|11|H6
9|11|154|129|156|171|6D|S|12|D4
9|11|147|123|34|279|6N|S|10|S5
9|12|46|177|144|68|4H|W|11|SA
9|12|151|78|65|110|2H|W|11|SA
9|12|269|64|285|281|4H|W|11|SK
9|12|287|32|183|19|4H|E|11|SK
9|12|188|264|130|216|3C|W|10|SA
9|12|273|226|41|136|3H|W|11|SK
9|12|243|233|95|45|3H|W|11|SK
9|12|42|142|186|218|3H|W|11|SA
9|12|154|129|156|171|4H|E|11|DK
9|12|147|123|34|279|4H|E|11|S6
9|13|46|177|144|68|3N|N|8|H5
9|13|151|78|65|110|3N|N|9|C2
9|13|269|64|285|281|3N|N|9|C3
9|13|287|32|183|19|3N|N|8|HJ
9|13|188|264|130|216|4SX|S|8|H3
9|13|273|226|41|136|3N|N|9|H5
9|13|243|233|95|45|3N|N|7|C2
9|13|42|142|186|218|4SX|S|8|H6
9|13|154|129|156|171|4S|S|8|DJ
9|13|147|123|34|279|3N|N|9|HJ
9|14|46|177|144|68|4S|N|9|D9
9|14|151|78|65|110|4S|N|8|D9
9|14|269|64|285|281|4S|N|9|D9
9|14|287|32|183|19|4S|N|11|S3
9|14|188|264|130|216|4S|N|9|D9
9|14|273|226|41|136|4S|S|8|D9
9|14|243|233|95|45|4H|S|9|CA
9|14|42|142|186|218|4S|N|8|D9
9|14|154|129|156|171|4S|N|9|D9
9|14|147|123|34|279|4S|N|10|D9
9|15|46|177|144|68|4H|N|10|CK
9|15|151|78|65|110|4H|N|10|CK
9|15|269|64|285|281|5CX|W|9|HA
9|15|287|32|183|19|4H|N|10|CK
9|15|188|264|130|216|4H|N|10|CK
9|15|273|226|41|136|4H|N|10|CK
9|15|243|233|95|45|4H|N|10|CK
9|15|42|142|186|218|4H|N|10|CK
9|15|154|129|156|171|4H|N|11|CK
9|15|147|123|34|279|4H|N|10|CK
9|16|46|177|144|68|2CX|E|6|C2
9|16|151|78|65|110|4H|S|8|CK
9|16|269|64|285|281|4H|N|8|C5
9|16|287|32|183|19|1N|N|8|D2
9|16|188|264|130|216|4H|S|8|CK
9|16|273|226|41|136|3H|S|8|CK
9|16|243|233|95|45|2H|N|9|S2
9|16|42|142|186|218|4H|N|8|H6
9|16|154|129|156|171|2H|N|8|H6
9|16|147|123|34|279|4H|N|9|H5
9|17|78|246|110|277|3N|S|10|C5
9|17|151|119|65|86|3N|N|9|C2
9|17|24|258|209|182|3N|N|12|H2
9|17|287|32|183|19|3N|S|10|C6
9|17|130|264|145|216|3N|S|11|C8
9|17|157|226|180|188|3N|S|9|C6
9|17|243|233|95|45|4S|S|9|C5
9|17|42|142|186|218|3N|N|11|H2
9|17|123|118|279|174|3N|N|10|C2
9|17|147|29|34|189|3D|N|10|C2
9|18|78|246|110|277|2H|E|9|ST
9|18|151|119|65|86|1N|S|4|HK
9|18|24|258|209|182|2H|E|9|H3
9|18|287|32|183|19|2H|E|8|ST
9|18|130|264|145|216|1N|S|6|D2
9|18|157|226|180|188|3H|E|9|ST
9|18|243|233|95|45|3H|E|7|ST
9|18|42|142|186|218|2H|E|7|ST
9|18|123|118|279|174|2H|E|9|H8
9|18|147|29|34|189|3H|E|9|ST
9|19|78|246|110|277|7DX|S|10|SJ
9|19|151|119|65|86|5S|E|11|C7
9|19|24|258|209|182|6DX|S|10|SJ
9|19|287|32|183|19|6DX|S|11|SJ
9|19|130|264|145|216|5S|W|12|D5
9|19|157|226|180|188|5HX|W|9|D3
9|19|243|233|95|45|6DX|S|10|SJ
9|19|123|118|279|174|5S|E|13|DA
9|19|147|29|34|189|5S|E|12|DA
9|2|46|177|144|68|4HX|N|12|SK
9|2|151|78|65|110|4H|S|11|C2
9|2|269|64|285|281|3CX|E|6|DA
9|2|287|32|183|19|3N|N|10|CQ
9|2|188|264|130|216|2D|S|12|HK
9|2|273|226|41|136|4H|S|11|S6
9|2|243|233|95|45|4H|S|12|C2
9|2|42|142|186|218|3H|N|9|CQ
9|2|154|129|156|171|5H|S|12|S6
9|2|147|123|34|279|4H|N|12|SK
9|20|78|246|110|277|3N|W|9|H7
9|20|151|119|65|86|3N|W|8|S2
9|20|24|258|209|182|3N|W|9|C4
9|20|287|32|183|19|3N|W|8|H2
9|20|130|264|145|216|3N|W|10|H2
9|20|157|226|180|188|3N|E|8|DJ
9|20|243|233|95|45|3N|W|8|H2
9|20|42|142|186|218|2DX|S|7|DK
9|20|123|118|279|174|3N|W|9|C6
9|20|147|29|34|189|3NX|E|9|D3
9|21|78|246|110|277|3N|E|10|S5
9|21|151|119|65|86|3N|E|10|D8
9|21|24|258|209|182|1HX|N|3|SQ
9|21|287|32|183|19|3N|E|9|D5
9|21|130|264|145|216|3N|E|10|H2
9|21|157|226|180|188|3N|E|9|S5
9|21|243|233|95|45|3N|W|9|DT
9|21|42|142|186|218|1DX|S|6|D4
9|21|123|118|279|174|1DX|S|6|CQ
9|21|147|29|34|189|3N|E|10|S6
9|22|78|246|110|277|2H|N|8|D6
9|22|151|119|65|86|3H|S|7|CK
9|22|24|258|209|182|3H|S|8|DK
9|22|287|32|183|19|3D|W|9|SQ
9|22|130|264|145|216|3H|N|9|H5
9|22|157|226|180|188|3H|N|10|SA
9|22|243|233|95|45|3HX|S|8|CK
9|22|42|142|186|218|3S|E|7|D9
9|22|123|118|279|174|3S|W|9|HK
9|22|147|29|34|189|4S|W|8|H6
9|23|78|246|110|277|2S|E|9|DK
9|23|151|119|65|86|3S|E|9|DK
9|23|24|258|209|182|3S|E|9|DK
9|23|287|32|183|19|2S|E|9|DQ
9|23|130|264|145|216|2S|E|9|HK
9|23|157|226|180|188|2S|E|9|HQ
9|23|243|233|95|45|2S|E|9|CQ
9|23|42|142|186|218|3D|S|8|D2
9|23|123|118|279|174|2S|E|9|DK
9|23|147|29|34|189|3D|S|8|S5
9|24|78|246|110|277|5D|W|11|SA
9|24|151|119|65|86|4S|E|11|H3
9|24|24|258|209|182|4S|E|10|C6
9|24|287|32|183|19|3N|E|10|C8
9|24|130|264|145|216|3N|W|9|C4
9|24|157|226|180|188|5D|E|11|C5
9|24|243|233|95|45|4CX|S|8|DA
9|24|42|142|186|218|5D|E|11|D6
9|24|123|118|279|174|3N|W|10|C4
9|24|147|29|34|189|4S|E|10|C6
9|25|78|246|110|277|4S|N|13|H5
9|25|151|119|65|86|4S|N|12|ST
9|25|24|258|209|182|4S|N|13|S5
9|25|287|32|183|19|3N|N|8|H7
9|25|130|264|145|216|3N|N|8|H5
9|25|157|226|180|188|4S|N|13|C2
9|25|243|233|95|45|4S|N|12|H5
9|25|42|142|186|218|4S|N|11|H7
9|25|123|118|279|174|4S|N|12|C2
9|25|147|29|34|189|4S|N|11|C8
9|26|78|246|110|277|5C|E|10|H9
9|26|151|119|65|86|3N|E|7|H5
9|26|24|258|209|182|4S|W|6|HA
9|26|287|32|183|19|3N|E|10|SJ
9|26|130|264|145|216|3N|W|10|S3
9|26|157|226|180|188|5C|E|10|H5
9|26|243|233|95|45|3N|E|12|SJ
9|26|42|142|186|218|3N|E|7|H7
9|26|123|118|279|174|3N|E|12|DJ
9|26|147|29|34|189|3N|E|7|H3
9|27|78|246|110|277|3N|S|12|C5
9|27|151|119|65|86|4H|N|12|DJ
9|27|24|258|209|182|4N|S|13|H3
9|27|287|32|183|19|6S|N|12|DJ
9|27|130|264|145|216|4H|N|12|DJ
9|27|157|226|180|188|6H|N|12|C7
9|27|243|233|95|45|6H|N|12|DJ
9|27|42|142|186|218|3N|S|12|C5
9|27|123|118|279|174|6H|N|12|C7
9|27|147|29|34|189|6H|N|12|C7
9|28|78|246|110|277|3N|N|9|HQ
9|28|151|119|65|86|3C|S|10|S3
9|28|24|258|209|182|2C|S|10|HJ
9|28|287|32|183|19|2C|S|10|H2
9|28|130|264|145|216|3N|N|11|H2
9|28|157|226|180|188|3N|S|7|H5
9|28|243|233|95|45|3N|S|11|H5
9|28|42|142|186|218|3N|N|9|H8
9|28|123|118|279|174|3N|N|10|HQ
9|28|147|29|34|189|3D|N|8|HQ
9|29|78|246|110|277|2H|N|8|D5
9|29|151|119|65|86|2N|N|8|D5
9|29|24|258|209|182|3C|W|7|S9
9|29|287|32|183|19|2H|S|8|CK
9|29|130|264|145|216|3C|W|7|S9
9|29|157|226|180|188|2N|N|9|D4
9|29|243|233|95|45|1S|S|7|CA
9|29|42|142|186|218|2N|N|9|D4
9|29|123|118|279|174|2H|S|7|CA
9|29|147|29|34|189|2H|S|7|CA
9|3|46|177|144|68|4H|N|10|SA
9|3|151|78|65|110|3H|N|11|SA
9|3|269|64|285|281|1N|N|9|S7
9|3|287|32|183|19|3S|E|9|HA
9|3|188|264|130|216|3S|E|8|HA
9|3|273|226|41|136|1N|N|10|S7
9|3|243|233|95|45|4H|N|10|SA
9|3|42|142|186|218|4H|N|10|SK
9|3|154|129|156|171|4H|N|10|SK
9|3|147|123|34|279|4H|N|10|SK
9|30|78|246|110|277|2S|S|8|HA
9|30|151|119|65|86|2S|N|8|HJ
9|30|24|258|209|182|2S|S|8|D5
9|30|287|32|183|19|2S|N|8|HJ
9|30|130|264|145|216|2S|S|8|C4
9|30|157|226|180|188|2S|N|9|D6
9|30|243|233|95|45|2S|N|9|ST
9|30|42|142|186|218|1N|S|9|D2
9|30|123|118|279|174|1N|S|8|D2
9|30|147|29|34|189|2S|N|8|D6
9|31|78|246|110|277|3D|S|8|ST
9|31|151|119|65|86|2H|W|7|S2
9|31|24|258|209|182|3H|W|8|D7
9|31|287|32|183|19|2H|W|8|D6
9|31|130|264|145|216|3H|W|8|D7
9|31|157|226|180|188|3H|W|7|D7
9|31|243|233|95|45|2H|W|7|D6
9|31|42|142|186|218|2H|W|8|SK
9|31|123|118|279|174|2H|W|8|SK
9|31|147|29|34|189|3H|W|8|D7
9|32|78|246|110|277|2D|E|9|H3
9|32|151|119|65|86|2D|E|9|H3
9|32|24|258|209|182|2D|E|9|H3
9|32|287|32|183|19|2D|E|9|H6
9|32|130|264|145|216|2D|E|9|C7
9|32|157|226|180|188|3H|S|8|DA
9|32|243|233|95|45|2H|S|8|C7
9|32|42|142|186|218|2H|S|8|S2
9|32|123|118|279|174|2D|E|9|H6
9|32|147|29|34|189|1N|E|9|H6
9|4|46|177|144|68|1N|E|5|D8
9|4|151|78|65|110|1N|W|6|S3
9|4|269|64|285|281|1N|E|5|D7
9|4|287|32|183|19|1N|E|6|D7
9|4|188|264|130|216|2S|S|10|C5
9|4|273|226|41|136|1N|N|6|HT
9|4|243|233|95|45|1N|S|6|S4
9|4|42|142|186|218|1N|E|9|D6
9|4|154|129|156|171|1N|E|5|D8
9|4|147|123|34|279|1N|E|7|C3
9|5|46|177|144|68|5HX|N|9|HA
9|5|151|78|65|110|2S|N|8|S3
9|5|269|64|285|281|4H|N|9|C6
9|5|287|32|183|19|4C|E|10|SJ
9|5|188|264|130|216|4S|N|8|HA
9|5|273|226|41|136|4S|N|8|HA
9|5|243|233|95|45|4H|N|10|HA
9|5|42|142|186|218|4HX|N|9|HK
9|5|154|129|156|171|4S|N|9|ST
9|5|147|123|34|279|2S|N|10|HA
9|6|46|177|144|68|3H|S|9|SA
9|6|151|78|65|110|3S|W|7|HJ
9|6|269|64|285|281|3H|N|9|S4
9|6|287|32|183|19|4H|S|9|SA
9|6|188|264|130|216|4H|S|9|SA
9|6|273|226|41|136|3H|N|10|SA
9|6|243|233|95|45|4H|S|9|SA
9|6|42|142|186|218|4H|S|9|SA
9|6|154|129|156|171|4H|S|9|SA
9|6|147|123|34|279|4H|S|9|SK
9|7|46|177|144|68|4H|W|5|CT
9|7|151|78|65|110|3H|W|8|CT
9|7|269|64|285|281|3N|E|7|DK
9|7|287|32|183|19|4H|E|9|C9
9|7|188|264|130|216|3H|W|5|CT
9|7|273|226|41|136|4H|E|8|C5
9|7|243|233|95|45|2H|W|6|D6
9|7|42|142|186|218|4H|W|9|C2
9|7|154|129|156|171|4H|W|7|CT
9|7|147|123|34|279|3H|W|7|CT
9|8|46|177|144|68|2H|W|9|DA
9|8|151|78|65|110|5C|W|9|C3
9|8|269|64|285|281|2N|W|6|D7
9|8|287|32|183|19|2S|S|9|S3
9|8|188|264|130|216|3C|W|10|DA
9|8|273|226|41|136|3C|W|9|DK
9|8|243|233|95|45|3H|W|9|D4
9|8|42|142|186|218|3C|W|10|DA
9|8|154|129|156|171|3C|W|9|DA
9|8|147|123|34|279|3H|W|8|DA
9|9|46|177|144|68|4H|W|10|DQ
9|9|151|78|65|110|5SX|E|11|DK
9|9|269|64|285|281|6C|W|11|DQ
9|9|287|32|183|19|3D|S|7|SK
9|9|188|264|130|216|6C|E|12|DA
9|9|273|226|41|136|5S|E|9|DK
9|9|243|233|95|45|4S|E|12|DK
9|9|42|142|186|218|4S|E|10|DA
9|9|154|129|156|171|4H|W|10|DQ
9|9|147|123|34|279|4H|W|9|DQ
