1|1|11|59|17|16|5C|N|11|H3
1|1|22|75|53|58|5C|N|11|D6
1|1|26|83|68|36|3N|N|10|H6
1|1|30|74|71|4|3N|N|10|H6
1|1|34|33|3|64|3H|W|8|HA
1|1|35|56|77|44|4C|N|11|H3
1|1|42|9|43|73|5C|N|11|SA
1|1|45|12|52|40|4C|N|10|H3
1|1|54|39|70|81|3C|N|9|H6
1|1|55|51|63|46|3N|N|10|SJ
1|1|66|79|65|80|3C|N|10
1|1|67|69|2|1|3C|N|11|H3
1|1|7|60|32|27|3SX|E|6|C7
1|1|84|14|21|13|3N|S|8|SJ
1|10|11|59|17|16|4H|E|8|DA
1|10|22|75|53|58|1S|S|5|CK
1|10|26|83|68|36|3H|E|8|C3
1|10|30|74|71|4|3H|W|7|S8
1|10|34|33|3|64|3N|N|7|SQ
1|10|35|56|77|44|3H|E|8|C3
1|10|42|9|43|73|3D|S|8|CA
1|10|45|12|52|40|4HX|E|7|C3
1|10|54|39|70|81|3H|E|8|C3
1|10|55|51|63|46|4H|E|8|DA
1|10|66|79|65|80|4H|E|8|SA
1|10|67|69|2|1|5D|S|11|CA
1|10|7|60|32|27|3D|S|8|DT
1|10|84|14|21|13|3H|E|8|C3
1|11|11|59|17|16|3N|E|8|H7
1|11|22|75|53|58|2N|E|8|H7
1|11|26|83|68|36|3D|E|9|S2
1|11|30|74|71|4|2N|E|9|ST
1|11|34|33|3|64|1HX|N|6|D4
1|11|35|56|77|44|1N|E|10|D9
1|11|42|9|43|73|3N|E|11|H7
1|11|45|12|52|40|2N|E|9|H7
1|11|54|39|70|81|2N|E|8|H7
1|11|55|51|63|46|3N|E|9|H7
1|11|66|79|65|80|3D|W|10|C5
1|11|67|69|2|1|2N|E|6|H7
1|11|7|60|32|27|1N|W|7|HT
1|11|84|14|21|13|3N|E|8|C4
1|12|11|59|17|16|4S|W|11|S8
1|12|22|75|53|58|4S|W|11|S6
1|12|26|83|68|36|4S|W|10|S6
1|12|30|74|71|4|4S|W|11|CA
1|12|34|33|3|64|4S|W|11|DK
1|12|35|56|77|44|4S|W|11|DK
1|12|42|9|43|73|4S|W|11|DK
1|12|45|12|52|40|4S|W|11|DK
1|12|54|39|70|81|4S|E|11|DK
1|12|55|51|63|46|4S|E|11|DK
1|12|66|79|65|80|4S|W|11|DK
1|12|67|69|2|1|4S|W|11|DK
1|12|7|60|32|27|4S|E|11|DK
1|12|84|14|21|13|4S|E|10|DK
1|13|11|59|17|16|4S|N|7|CA
1|13|22|75|53|58|5H|E|10|S5
1|13|26|83|68|36|3S|N|8|CK
1|13|30|74|71|4|3S|N|8|CA
1|13|34|33|3|64|2D|N|5|D2
1|13|35|56|77|44|4SX|N|7|CA
1|13|42|9|43|73|5DX|N|7|CK
1|13|45|12|52|40|3S|N|7|CK
1|13|54|39|70|81|2S|N|7|CA
1|13|55|51|63|46|2S|N|8|CA
1|13|66|79|65|80|4S|N|7|CK
1|13|67|69|2|1|4SX|N|8|CA
1|13|7|60|32|27|4H|E|10|S5
1|13|84|14|21|13|4S|N|8|CA
1|14|11|59|17|16|1N|W|4|C4
1|14|22|75|53|58|2D|E|6|C6
1|14|26|83|68|36|2S|N|8|HK
1|14|30|74|71|4|2S|N|8|S8
1|14|34|33|3|64|1NX|E|7|HQ
1|14|35|56|77|44|2H|S|7|S6
1|14|42|9|43|73|1N|E|6|H2
1|14|45|12|52|40|1N|E|8|H3
1|14|54|39|70|81|1N|N|8|D3
1|14|55|51|63|46|2S|N|9|DQ
1|14|66|79|65|80|1N|W|6|H7
1|14|67|69|2|1|3C|N|10|HA
1|14|7|60|32|27|2C|E|4|HQ
1|14|84|14|21|13|2D|E|6|HQ
1|15|11|59|17|16|3H|N|8|D7
1|15|22|75|53|58|2H|S|8|DK
1|15|26|83|68|36|3H|S|8|DK
1|15|30|74|71|4|3N|N|9|CQ
1|15|34|33|3|64|3H|N|8|D7
1|15|35|56|77|44|4H|N|8|CQ
1|15|42|9|43|73|3C|N|6|D7
1|15|45|12|52|40|2S|E|7|HK
1|15|54|39|70|81|3H|N|8|DA
1|15|55|51|63|46|4H|N|8|D9
1|15|66|79|65|80|3H|N|8|D7
1|15|67|69|2|1|2H|S|8|DA
1|15|7|60|32|27|2S|E|7|HK
1|15|84|14|21|13|3H|S|7|DA
1|16|11|59|17|16|3S|E|10|CK
1|16|22|75|53|58|3D|N|8|H9
1|16|26|83|68|36|3D|N|8|ST
1|16|30|74|71|4|3D|N|7|H9
1|16|34|33|3|64|4S|E|10|CK
1|16|35|56|77|44|3D|N|7|H9
1|16|42|9|43|73|3D|N|7|H9
1|16|45|12|52|40|3S|E|10|CA
1|16|54|39|70|81|4S|E|10|CA
1|16|55|51|63|46|4S|E|10|CK
1|16|66|79|65|80|2H|W|6|DK
1|16|67|69|2|1|3D|N|7|H9
1|16|7|60|32|27|3S|W|10|D5
1|16|84|14|21|13|3D|N|8|H9
1|2|11|59|17|16|3N|N|8|C4
1|2|22|75|53|58|2N|N|7|C8
1|2|26|83|68|36|2N|N|9|H9
1|2|30|74|71|4|2D|S|9|C8
1|2|34|33|3|64|P|S|0
1|2|35|56|77|44|2N|N|9|C3
1|2|42|9|43|73|2N|N|9|C3
1|2|45|12|52|40|1N|E|5|D4
1|2|54|39|70|81|2N|N|9|C4
1|2|55|51|63|46|2N|N|8|C8
1|2|66|79|65|80|1S|E|9
1|2|67|69|2|1|2N|N|8|C3
1|2|7|60|32|27|1N|E|6|D2
1|2|84|14|21|13|2N|N|8|C4
1|3|11|59|17|16|6D|N|12|HQ
1|3|22|75|53|58|7D|N|13|SA
1|3|26|83|68|36|3N|S|12|D8
1|3|30|74|71|4|6C|S|12|H2
1|3|34|33|3|64|6D|S|13|H3
1|3|35|56|77|44|6D|N|13|H9
1|3|42|9|43|73|6C|S|12|H2
1|3|45|12|52|40|6C|S|12|C6
1|3|54|39|70|81|7D|N|13|SA
1|3|55|51|63|46|3N|N|12|HK
1|3|66|79|65|80|6C|S|12
1|3|67|69|2|1|6C|S|12|C5
1|3|7|60|32|27|6D|S|13|S7
1|3|84|14|21|13|6C|S|12|C4
1|4|11|59|17|16|5C|E|8|SA
1|4|22|75|53|58|3SX|S|6|HK
1|4|26|83|68|36|5CX|W|8|S7
1|4|30|74|71|4|3SX|S|6|HK
1|4|34|33|3|64|3C|E|9|SA
1|4|35|56|77|44|4D|W|9|CK
1|4|42|9|43|73|5C|E|8|H7
1|4|45|12|52|40|3C|W|8|S7
1|4|54|39|70|81|3N|E|7|SA
1|4|55|51|63|46|3SX|N|6|HK
1|4|66|79|65|80|5C|E|8|SA
1|4|67|69|2|1|4C|W|8|H6
1|4|7|60|32|27|3N|W|10|C2
1|4|84|14|21|13|5DX|E|9|CA
1|5|11|59|17|16|3N|S|9|D5
1|5|22|75|53|58|2S|W|7|DK
1|5|26|83|68|36|3N|S|9|H2
1|5|30|74|71|4|2D|S|10|S8
1|5|34|33|3|64|3N|S|9|S4
1|5|35|56|77|44|3N|S|9|S4
1|5|42|9|43|73|3N|S|9|S3
1|5|45|12|52|40|3N|S|9|S2
1|5|54|39|70|81|2D|N|10|S3
1|5|55|51|63|46|3N|N|9|S9
1|5|66|79|65|80|2S|W|7|DK
1|5|67|69|2|1|3N|S|9|H3
1|5|7|60|32|27|3N|S|9|S7
1|5|84|14|21|13|3N|S|9|S7
1|6|11|59|17|16|3D|N|11|ST
1|6|22|75|53|58|3C|N|11|ST
1|6|26|83|68|36|5D|S|11|SK
1|6|30|74|71|4|5D|S|11|C4
1|6|34|33|3|64|3D|S|11|SA
1|6|35|56|77|44|3D|S|11|SA
1|6|42|9|43|73|3S|W|10|DK
1|6|45|12|52|40|5D|N|11|ST
1|6|54|39|70|81|5D|N|11|SA
1|6|55|51|63|46|5D|N|11|ST
1|6|66|79|65|80|4SX|W|10|H8
1|6|67|69|2|1|5D|S|11|SA
1|6|7|60|32|27|1SX|E|9|SQ
1|6|84|14|21|13|3D|N|11|C4
1|7|11|59|17|16|5H|E|11|D8
1|7|22|75|53|58|5HX|E|11|SA
1|7|26|83|68|36|5H|W|11|SK
1|7|30|74|71|4|4H|E|11|SA
1|7|34|33|3|64|4H|E|11|SK
1|7|35|56|77|44|4H|W|12|DT
1|7|42|9|43|73|4H|W|11|SK
1|7|45|12|52|40|3S|S|10|HK
1|7|54|39|70|81|5HX|E|12|DT
1|7|55|51|63|46|2S|N|10|S9
1|7|66|79|65|80|4H|E|11|SA
1|7|67|69|2|1|4S|N|9|CA
1|7|7|60|32|27|4SX|N|9|CK
1|7|84|14|21|13|5H|E|11|SK
1|8|11|59|17|16|3N|W|10|H4
1|8|22|75|53|58|3N|W|10|H4
1|8|26|83|68|36|3N|W|10|S6
1|8|30|74|71|4|3N|W|9|C8
1|8|34|33|3|64|3N|W|10|D4
1|8|35|56|77|44|3N|W|10|D4
1|8|42|9|43|73|3N|W|10|D3
1|8|45|12|52|40|3N|W|10|H4
1|8|54|39|70|81|3N|E|7|S2
1|8|55|51|63|46|3N|E|10|S3
1|8|66|79|65|80|3N|W|10|D4
1|8|67|69|2|1|3N|W|10|SJ
1|8|7|60|32|27|3N|W|10|D4
1|8|84|14|21|13|3N|E|10|H4
1|9|11|59|17|16|3N|E|11|D4
1|9|22|75|53|58|3N|E|12|SQ
1|9|26|83|68|36|3N|W|12|D6
1|9|30|74|71|4|3N|W|12|D6
1|9|34|33|3|64|3N|E|12|H3
1|9|35|56|77|44|3N|E|12|D3
1|9|42|9|43|73|3N|W|10|SJ
1|9|45|12|52|40|3N|E|12|D4
1|9|54|39|70|81|3N|E|12|SJ
1|9|55|51|63|46|3N|E|11|SJ
1|9|66|79|65|80|3N|E|12|D4
1|9|67|69|2|1|3N|W|12|D9
1|9|7|60|32|27|3N|W|12|HJ
1|9|84|14|21|13|3N|E|12|D4
2|17|11|79|17|80|4H|W|11|CJ
2|17|14|15|13|20|4S|E|10|S3
2|17|23|43|78|42|4H|E|9|C8
2|17|24|69|10|1|3H|W|10|CJ
2|17|26|7|68|32|4H|W|11|D6
2|17|29|2|41|67|4H|W|10|SA
2|17|3|44|47|56|4H|E|10|SA
2|17|38|48|49|50|4H|E|9|ST
2|17|5|62|8|76|4H|W|11|CJ
2|17|59|81|16|39|4H|W|10|CJ
2|17|63|35|55|77|4H|E|9|ST
2|17|66|70|65|54|4H|E|11|DQ
2|17|72|58|57|75|4SX|S|8|DK
2|17|82|36|61|83|4H|E|10|C8
2|18|11|79|17|80|3C|E|9|H7
2|18|14|15|13|20|2H|W|9|D4
2|18|23|43|78|42|4H|W|9|D5
2|18|24|69|10|1|4H|E|9|D5
2|18|26|7|68|32|2H|W|9|D5
2|18|29|2|41|67|3H|E|10|H6
2|18|3|44|47|56|3H|E|9|D2
2|18|38|48|49|50|3C|W|10|D5
2|18|5|62|8|76|4H|W|9|D7
2|18|59|81|16|39|2H|W|9|D5
2|18|63|35|55|77|2H|E|8|D5
2|18|66|70|65|54|4H|W|9|D5
2|18|72|58|57|75|2N|W|6|D7
2|18|82|36|61|83|4H|W|9|D5
2|19|11|79|17|80|3N|E|11|C9
2|19|14|15|13|20|3N|E|12|C9
2|19|23|43|78|42|3N|E|12|C3
2|19|24|69|10|1|5D|W|10|HA
2|19|26|7|68|32|3N|W|11|C5
2|19|29|2|41|67|3N|W|11|H6
2|19|3|44|47|56|3N|E|9|S8
2|19|38|48|49|50|3N|W|11|C5
2|19|5|62|8|76|3N|E|11|HJ
2|19|59|81|16|39|3N|W|10|C5
2|19|63|35|55|77|3N|E|10|H3
2|19|66|70|65|54|3N|W|11|C5
2|19|72|58|57|75|3N|E|12|C9
2|19|82|36|61|83|3N|W|11|C5
2|20|11|79|17|80|2S|E|8|H8
2|20|14|15|13|20|2S|E|9|H8
2|20|23|43|78|42|3N|W|8|H2
2|20|24|69|10|1|2S|E|7|D4
2|20|26|7|68|32|2S|E|7|D2
2|20|29|2|41|67|2S|E|8|D2
2|20|3|44|47|56|2S|E|8|S4
2|20|38|48|49|50|1S|E|8|D2
2|20|5|62|8|76|2S|E|9|D4
2|20|59|81|16|39|2D|S|4|C3
2|20|63|35|55|77|2S|E|9|D2
2|20|66|70|65|54|2S|E|7|H8
2|20|72|58|57|75|3C|E|10|C5
2|20|82|36|61|83|2S|E|7|D2
2|21|11|79|17|80|3N|E|7|H5
2|21|14|15|13|20|3D|W|8|H3
2|21|23|43|78|42|3N|W|6|C5
2|21|24|69|10|1|3D|E|9|CJ
2|21|26|7|68|32|3D|W|8|H3
2|21|29|2|41|67|3D|W|8|CJ
2|21|3|44|47|56|3D|E|8|D9
2|21|38|48|49|50|2S|E|8|S2
2|21|5|62|8|76|3N|E|5|CJ
2|21|59|81|16|39|2S|E|8|CJ
2|21|63|35|55|77|3D|E|8|CJ
2|21|66|70|65|54|3D|E|8|D4
2|21|72|58|57|75|3D|E|8|CJ
2|21|82|36|61|83|3N|W|7|C5
2|22|11|79|17|80|4H|W|11|S5
2|22|14|15|13|20|3H|E|9|DK
2|22|23|43|78|42|3H|E|7|C7
2|22|24|69|10|1|4H|E|9|DK
2|22|26|7|68|32|3H|E|7|DK
2|22|29|2|41|67|3H|W|8|CK
2|22|3|44|47|56|4H|E|9|DK
2|22|38|48|49|50|3D|S|8|SJ
2|22|5|62|8|76|4D|N|9|SA
2|22|59|81|16|39|3D|S|10|H9
2|22|63|35|55|77|3D|N|11|S2
2|22|66|70|65|54|4H|E|7|DK
2|22|72|58|57|75|3H|E|7|C7
2|22|82|36|61|83|4D|S|10|SJ
2|23|11|79|17|80|4S|N|12|H4
2|23|14|15|13|20|4S|N|12|H4
2|23|23|43|78|42|4S|N|12|H4
2|23|24|69|10|1|4S|S|12|HK
2|23|26|7|68|32|4S|S|12|HK
2|23|29|2|41|67|4S|S|12|HK
2|23|3|44|47|56|4S|N|12|H3
2|23|38|48|49|50|4S|N|12|H4
2|23|5|62|8|76|4S|N|12|H4
2|23|59|81|16|39|4S|S|12|HK
2|23|63|35|55|77|4S|N|12|H4
2|23|66|70|65|54|4S|N|12|H4
2|23|72|58|57|75|4S|N|13|H6
2|23|82|36|61|83|4S|N|13|H5
2|24|11|79|17|80|4SX|N|9|HA
2|24|14|15|13|20|2H|W|8|C2
2|24|23|43|78|42|3S|N|9|D5
2|24|24|69|10|1|3S|N|9|HA
2|24|26|7|68|32|3NX|E|5|SK
2|24|29|2|41|67|3S|S|9|HT
2|24|3|44|47|56|3H|E|8|SK
2|24|38|48|49|50|3S|N|9|HA
2|24|5|62|8|76|2S|N|10|SA
2|24|59|81|16|39|4HX|E|8|SK
2|24|63|35|55|77|4H|E|7|C2
2|24|66|70|65|54|2H|E|8|SK
2|24|72|58|57|75|4SX|N|8|HA
2|24|82|36|61|83|4S|N|8|D5
2|25|11|79|17|80|5C|N|11|D5
2|25|14|15|13|20|2S|S|9|C9
2|25|23|43|78|42|3N|W|8|CA
2|25|24|69|10|1|2S|N|9|C9
2|25|26|7|68|32|2S|S|9|C9
2|25|29|2|41|67|3C|N|10|DT
2|25|3|44|47|56|3C|N|11|DT
2|25|38|48|49|50|2C|N|11|DT
2|25|5|62|8|76|2S|S|8|H3
2|25|59|81|16|39|2C|N|11|CJ
2|25|63|35|55|77|3C|N|9|DT
2|25|66|70|65|54|3D|E|7|C4
2|25|72|58|57|75|1N|W|6|CA
2|25|82|36|61|83|3D|W|8|SK
2|26|11|79|17|80|4C|N|9|S5
2|26|14|15|13|20|2S|E|7|D2
2|26|23|43|78|42|2S|E|7|D2
2|26|24|69|10|1|2S|E|6|D2
2|26|26|7|68|32|2N|N|8|H3
2|26|29|2|41|67|2N|N|7|H3
2|26|3|44|47|56|3N|N|8|S6
2|26|38|48|49|50|2S|E|7|HQ
2|26|5|62|8|76|2S|E|6|CT
2|26|59|81|16|39|2S|E|8|HQ
2|26|63|35|55|77|2S|E|7|HQ
2|26|66|70|65|54|3H|N|6|C8
2|26|72|58|57|75|2S|E|8|HQ
2|26|82|36|61|83|2S|N|7|D5
2|27|11|79|17|80|3N|N|11|S5
2|27|14|15|13|20|4H|S|7|SK
2|27|23|43|78|42|4H|S|8|SK
2|27|24|69|10|1|3N|N|10|S6
2|27|26|7|68|32|3N|N|11|S5
2|27|29|2|41|67|4SX|W|8|CA
2|27|3|44|47|56|3N|N|11|S6
2|27|38|48|49|50|3N|N|11|S6
2|27|5|62|8|76|4SX|W|9
2|27|59|81|16|39|4H|S|8|SK
2|27|63|35|55|77|3N|N|11|S3
2|27|66|70|65|54|3N|N|11|S4
2|27|72|58|57|75|3N|N|12|CQ
2|27|82|36|61|83|4H|N|11|H4
2|28|11|79|17|80|6H|E|12|H3
2|28|14|15|13|20|4H|W|12|C8
2|28|23|43|78|42|4H|W|11|HT
2|28|24|69|10|1|4H|W|11|S6
2|28|26|7|68|32|4H|W|11|H3
2|28|29|2|41|67|6C|W|12|SK
2|28|3|44|47|56|4H|E|12|S9
2|28|38|48|49|50|6H|W|12|S8
2|28|5|62|8|76|6H|W|11|H3
2|28|59|81|16|39|6H|W|12|C8
2|28|63|35|55|77|6H|E|11|S9
2|28|66|70|65|54|4H|W|11|D3
2|28|72|58|57|75|4H|W|11|S9
2|28|82|36|61|83|4H|W|12|S5
2|29|11|79|17|80|4H|S|10|S3
2|29|14|15|13|20|2CX|E|8|DA
2|29|23|43|78|42|3CX|E|8|H2
2|29|24|69|10|1|2H|S|10|C3
2|29|26|7|68|32|2D|S|9|C6
2|29|29|2|41|67|4H|N|9|CK
2|29|3|44|47|56|4H|N|9|C2
2|29|38|48|49|50|4H|S|10|C3
2|29|5|62|8|76|3N|N|9|CA
2|29|59|81|16|39|3C|E|9|C5
2|29|63|35|55|77|3C|E|7|DA
2|29|66|70|65|54|3C|E|7|S2
2|29|72|58|57|75|2S|S|9|C6
2|29|82|36|61|83|4HX|S|10|C5
2|30|11|79|17|80|5D|S|9|H8
2|30|14|15|13|20|3D|S|10|H9
2|30|23|43|78|42|2D|S|10|D3
2|30|24|69|10|1|3N|N|8|S6
2|30|26|7|68|32|2D|S|8|H9
2|30|29|2|41|67|4D|N|10|D3
2|30|3|44|47|56|3N|N|8|CT
2|30|38|48|49|50|2D|S|9|D3
2|30|5|62|8|76|3D|S|9|SA
2|30|59|81|16|39|5D|S|9|SA
2|30|63|35|55|77|3D|N|11|D3
2|30|66|70|65|54|3D|S|10|H8
2|30|72|58|57|75|4D|S|10|H7
2|30|82|36|61|83|2SX|E|6|DK
2|31|11|79|17|80|2D|S|6|SJ
2|31|14|15|13|20|1HX|N|6|S8
2|31|23|43|78|42|1N|E|9|C3
2|31|24|69|10|1|1N|E|8|H7
2|31|26|7|68|32|1HX|N|5|CJ
2|31|29|2|41|67|1HX|N|6|CJ
2|31|3|44|47|56|1HX|N|4|S2
2|31|38|48|49|50|1HX|N|6|S2
2|31|5|62|8|76|4S|W|8|D2
2|31|59|81|16|39|1HX|N|5|CJ
2|31|63|35|55|77|1N|W|8|D2
2|31|66|70|65|54|1N|E|9|S8
2|31|72|58|57|75|1HX|N|6|CJ
2|31|82|36|61|83|1N|E|8|H7
2|32|11|79|17|80|4H|E|10|CQ
2|32|14|15|13|20|5DX|S|11|HK
2|32|23|43|78|42|5H|E|10|CK
2|32|24|69|10|1|5HX|W|10|D8
2|32|26|7|68|32|4H|W|10|CQ
2|32|29|2|41|67|4H|W|10|D2
2|32|3|44|47|56|5HX|E|10|CQ
2|32|38|48|49|50|6DX|S|11|HA
2|32|5|62|8|76|6DX|N|11|C5
2|32|59|81|16|39|5HX|W|10|CQ
2|32|63|35|55|77|4H|E|10|S3
2|32|66|70|65|54|3N|W|6|CQ
2|32|72|58|57|75|5H|W|10|CA
2|32|82|36|61|83|6HX|W|10|CJ
3|1|11|82|17|61|1NX|N|9|H7
3|1|12|2|40|67|2H|E|7|DJ
3|1|24|9|10|73|1N|N|10|H3
3|1|27|58|60|75|3H|E|8|DJ
3|1|28|78|47|23|1N|N|10|H7
3|1|30|33|71|64|1N|N|8|H4
3|1|35|6|77|19|1N|N|8|H7
3|1|45|14|52|13|3C|S|8|C4
3|1|5|53|8|22|1H|E|8|D5
3|1|50|34|48|3|3D|N|7|H6
3|1|59|15|16|20|1NX|N|9|H6
3|1|62|41|76|29|1N|N|8|H2
3|1|66|43|65|38|1N|N|10|H4
3|1|84|69|21|1|1N|N|9|H7
3|10|11|82|17|61|4S|E|7|DK
3|10|12|2|40|67|1S|E|6|D8
3|10|24|9|10|73|2CX|S|5|DA
3|10|27|58|60|75|4S|W|8|DK
3|10|28|78|47|23|2D|W|8|S6
3|10|30|33|71|64|2D|W|7|H2
3|10|35|6|77|19|2S|W|10|DK
3|10|45|14|52|13|2D|W|7|S4
3|10|5|53|8|22|2S|W|6|S6
3|10|50|34|48|3|2H|E|7|D8
3|10|59|15|16|20|2C|E|9|D8
3|10|62|41|76|29|2D|E|7|C2
3|10|66|43|65|38|4S|W|6|DK
3|10|84|69|21|1|2H|E|9|D8
3|11|11|82|17|61|4S|S|8|HQ
3|11|12|2|40|67|3D|W|9|HQ
3|11|24|9|10|73|2SXX|S|8|H3
3|11|27|58|60|75|3S|S|8|D6
3|11|28|78|47|23|3S|S|9|H5
3|11|30|33|71|64|4S|S|8|CJ
3|11|35|6|77|19|4S|S|9|CJ
3|11|45|14|52|13|4D|W|7|HQ
3|11|5|53|8|22|3D|E|7|CA
3|11|50|34|48|3|2S|S|7|CJ
3|11|59|15|16|20|3D|W|8|HQ
3|11|62|41|76|29|3S|S|9|C2
3|11|66|43|65|38|3S|S|8|CJ
3|11|84|69|21|1|4SX|S|8|H8
3|12|11|82|17|61|3N|S|11|DA
3|12|12|2|40|67|4H|N|11|S8
3|12|24|9|10|73|3N|N|11|C4
3|12|27|58|60|75|3N|N|12|C4
3|12|28|78|47|23|4H|N|12|S8
3|12|30|33|71|64|4H|S|11|C9
3|12|35|6|77|19|4H|S|11|C9
3|12|45|14|52|13|3N|S|11|S6
3|12|5|53|8|22|2SX|W|4|CK
3|12|50|34|48|3|3N|S|11|C9
3|12|59|15|16|20|4H|S|11|S7
3|12|62|41|76|29|2SX|W|4|CK
3|12|66|43|65|38|4H|N|12|S8
3|12|84|69|21|1|3N|S|11|S3
3|13|11|82|17|61|3DX|N|6|CJ
3|13|12|2|40|67|4H|E|8|DJ
3|13|24|9|10|73|4H|E|8|DJ
3|13|27|58|60|75|2H|W|7|DJ
3|13|28|78|47|23|4H|E|8|DJ
3|13|30|33|71|64|3D|N|7|CQ
3|13|35|6|77|19|4DX|N|8|ST
3|13|45|14|52|13|3H|E|9|DJ
3|13|5|53|8|22|4H|E|8|DJ
3|13|50|34|48|3|4H|E|8|DJ
3|13|59|15|16|20|4H|E|8|DJ
3|13|62|41|76|29|4H|E|9|S2
3|13|66|43|65|38|4H|E|8|DJ
3|13|84|69|21|1|4H|E|8|DJ
3|14|11|82|17|61|4H|E|12|CT
3|14|12|2|40|67|6H|E|12|CT
3|14|24|9|10|73|6H|W|13|DA
3|14|27|58|60|75|4H|E|13|CT
3|14|28|78|47|23|6H|E|12|CT
3|14|30|33|71|64|6H|E|12|CT
3|14|35|6|77|19|4H|E|13|CT
3|14|45|14|52|13|4H|E|12|CT
3|14|5|53|8|22|6H|W|13|DA
3|14|50|34|48|3|6H|E|12|DT
3|14|59|15|16|20|4H|E|12|CT
3|14|62|41|76|29|6H|W|12|S2
3|14|66|43|65|38|7H|E|13|CT
3|14|84|69|21|1|4H|E|12|CT
3|15|11|82|17|61|3H|E|10|SK
3|15|12|2|40|67|4H|W|10|SA
3|15|24|9|10|73|3D|E|10|CQ
3|15|27|58|60|75|4H|W|10|CJ
3|15|28|78|47|23|3S|N|8|DK
3|15|30|33|71|64|4H|E|10|SA
3|15|35|6|77|19|3N|E|7|D9
3|15|45|14|52|13|4H|W|9|SA
3|15|5|53|8|22|4H|W|10|SA
3|15|50|34|48|3|4H|W|9|SA
3|15|59|15|16|20|4H|W|10|CJ
3|15|62|41|76|29|4H|E|9|SA
3|15|66|43|65|38|4H|W|9|SA
3|15|84|69|21|1|4H|E|10|SA
3|16|11|82|17|61|3N|S|6|C6
3|16|12|2|40|67|2S|E|6|DK
3|16|24|9|10|73|2H|N|6|C2
3|16|27|58|60|75|3S|E|6|DA
3|16|28|78|47|23|3D|S|8|SA
3|16|30|33|71|64|2D|S|8|CK
3|16|35|6|77|19|3D|S|8|SA
3|16|45|14|52|13|2S|E|6|DA
3|16|5|53|8|22|3D|S|8|CK
3|16|50|34|48|3|3D|S|8|SA
3|16|59|15|16|20|2S|E|6|DA
3|16|62|41|76|29|3D|N|8|D2
3|16|66|43|65|38|2S|E|6|DK
3|16|84|69|21|1|3D|S|7|SA
3|2|11|82|17|61|4H|N|8|CA
3|2|12|2|40|67|4H|N|8|CA
3|2|24|9|10|73|3N|S|9|CT
3|2|27|58|60|75|4H|N|8|CA
3|2|28|78|47|23|2H|N|8|D3
3|2|30|33|71|64|3H|N|8|CK
3|2|35|6|77|19|4H|N|8|CA
3|2|45|14|52|13|3N|N|8|S2
3|2|5|53|8|22|3C|W|7|C2
3|2|50|34|48|3|3DX|W|5|ST
3|2|59|15|16|20|4H|N|8|CK
3|2|62|41|76|29|4H|N|8|CA
3|2|66|43|65|38|4HX|N|8|CA
3|2|84|69|21|1|2S|W|7|H2
3|3|11|82|17|61|5C|E|10|HA
3|3|12|2|40|67|5C|W|10|HQ
3|3|24|9|10|73|5C|E|10|CA
3|3|27|58|60|75|5C|E|10|S5
3|3|28|78|47|23|3N|W|7|HQ
3|3|30|33|71|64|4SX|S|7|C8
3|3|35|6|77|19|3N|W|7|HQ
3|3|45|14|52|13|4C|E|10|HA
3|3|5|53|8|22|5C|E|10|HA
3|3|50|34|48|3|3H|N|7|S3
3|3|59|15|16|20|4C|E|10|HA
3|3|62|41|76|29|4S|N|8|D2
3|3|66|43|65|38|4C|E|10|HA
3|3|84|69|21|1|3N|W|7|HQ
3|4|11|82|17|61|4H|N|8|CA
3|4|12|2|40|67|2D|N|11|DA
3|4|24|9|10|73|3D|N|12|DA
3|4|27|58|60|75|4H|N|10|S5
3|4|28|78|47|23|3D|N|12|S3
3|4|30|33|71|64|3D|N|11|S5
3|4|35|6|77|19|4H|N|8|S2
3|4|45|14|52|13|3SX|E|7|H9
3|4|5|53|8|22|4H|N|8|S2
3|4|50|34|48|3|1N|N|9|S4
3|4|59|15|16|20|3D|N|10|DA
3|4|62|41|76|29|5D|N|10|S2
3|4|66|43|65|38|3S|E|7|H9
3|4|84|69|21|1|3D|N|11|S6
3|5|11|82|17|61|2D|W|6|S9
3|5|12|2|40|67|1N|N|8|C4
3|5|24|9|10|73|1N|N|7|C2
3|5|27|58|60|75|1N|N|7|C8
3|5|28|78|47|23|2C|E|6|H3
3|5|30|33|71|64|1N|N|7|C4
3|5|35|6|77|19|1N|N|8|C6
3|5|45|14|52|13|2N|N|6|C3
3|5|5|53|8|22|2D|W|6|S9
3|5|50|34|48|3|2H|S|8|CQ
3|5|59|15|16|20|2D|W|6|S9
3|5|62|41|76|29|1N|S|9|D3
3|5|66|43|65|38|1N|E|6|S5
3|5|84|69|21|1|2S|W|6|HJ
3|6|11|82|17|61|4SX|N|10|CA
3|6|12|2|40|67|4H|W|8|DK
3|6|24|9|10|73|4S|N|10|CA
3|6|27|58|60|75|5DX|N|11|CK
3|6|28|78|47|23|5H|E|8|SA
3|6|30|33|71|64|4HX|W|9|DA
3|6|35|6|77|19|4H|W|10|DK
3|6|45|14|52|13|2S|N|9|CA
3|6|5|53|8|22|4SX|S|10|HK
3|6|50|34|48|3|4H|W|10|CQ
3|6|59|15|16|20|4SX|S|9|HK
3|6|62|41|76|29|4SX|N|7|CA
3|6|66|43|65|38|5D|N|11|CA
3|6|84|69|21|1|5H|E|10|DJ
3|7|11|82|17|61|1H|E|7|DK
3|7|12|2|40|67|1N|W|6|DA
3|7|24|9|10|73|1S|S|5|H2
3|7|27|58|60|75|1H|W|6|DA
3|7|28|78|47|23|1H|W|7|DA
3|7|30|33|71|64|1S|S|6|SJ
3|7|35|6|77|19|2C|E|8|S7
3|7|45|14|52|13|3H|W|6|DA
3|7|5|53|8|22|2H|W|8|DA
3|7|50|34|48|3|1H|W|7|DA
3|7|59|15|16|20|1H|W|7|DA
3|7|62|41|76|29|1H|W|6|DA
3|7|66|43|65|38|1H|W|6|DK
3|7|84|69|21|1|1H|E|6|DA
3|8|11|82|17|61|3S|E|8|HK
3|8|12|2|40|67|5C|S|10|SA
3|8|24|9|10|73|4C|S|10|C3
3|8|27|58|60|75|3C|S|10|DK
3|8|28|78|47|23|5C|N|10|D7
3|8|30|33|71|64|3N|N|6|S6
3|8|35|6|77|19|3S|E|9|C7
3|8|45|14|52|13|5C|N|10|S4
3|8|5|53|8|22|4S|W|8|HK
3|8|50|34|48|3|4C|N|11|D5
3|8|59|15|16|20|4S|E|8|CA
3|8|62|41|76|29|3SX|W|8|S2
3|8|66|43|65|38|5C|S|10|SA
3|8|84|69|21|1|4C|S|10|H5
3|9|11|82|17|61|3N|N|8|S5
3|9|12|2|40|67|1N|N|8|S2
3|9|24|9|10|73|1N|S|10|C5
3|9|27|58|60|75|3S|E|7|HK
3|9|28|78|47|23|1N|S|10|H8
3|9|30|33|71|64|4H|N|10|S2
3|9|35|6|77|19|3D|N|11|S2
3|9|45|14|52|13|3S|E|6|HK
3|9|5|53|8|22|2S|E|7|C2
3|9|50|34|48|3|4H|N|7|C4
3|9|59|15|16|20|2N|N|10|S3
3|9|62|41|76|29|2H|S|10|SK
3|9|66|43|65|38|2H|N|10|C4
3|9|84|69|21|1|3D|N|9|C4
4|17|1|43|69|42|1N|W|7|CK
4|17|14|73|13|9|3S|W|9|CA
4|17|22|36|53|83|3S|E|9|C7
4|17|23|51|78|46|3CX|N|7|SJ
4|17|26|2|68|67|4S|E|10|C7
4|17|27|17|60|11|3H|E|7|C7
4|17|31|33|25|64|2S|E|9|D4
4|17|34|79|3|80|2S|N|3|H2
4|17|4|84|74|21|3C|N|7|SJ
4|17|5|35|8|77|1N|W|7|S4
4|17|55|58|63|75|3S|E|8|C7
4|17|6|50|19|48|4S|E|9|C7
4|17|66|12|65|40|3C|N|7|SJ
4|17|82|57|61|72|4S|W|11|CK
4|18|1|43|69|42|3C|E|8|D5
4|18|14|73|13|9|1N|E|10|H5
4|18|22|36|53|83|2H|S|7|C8
4|18|23|51|78|46|1N|E|10|D8
4|18|26|2|68|67|2S|E|5|D5
4|18|27|17|60|11|3S|W|8|CA
4|18|31|33|25|64|1N|E|7|D4
4|18|34|79|3|80|1N|E|7|H5
4|18|4|84|74|21|1N|E|7|D7
4|18|5|35|8|77|3C|E|8|D4
4|18|55|58|63|75|2C|E|8|D7
4|18|6|50|19|48|1N|W|9|CA
4|18|66|12|65|40|1N|E|7|HT
4|18|82|57|61|72|2S|W|8|CK
4|19|1|43|69|42|5H|W|11|CA
4|19|14|73|13|9|5C|N|10|HQ
4|19|22|36|53|83|5HX|W|11|CA
4|19|23|51|78|46|5C|N|10|HQ
4|19|26|2|68|67|5H|W|11|CA
4|19|27|17|60|11|3N|N|8|HQ
4|19|31|33|25|64|4H|W|11|CA
4|19|34|79|3|80|4S|S|8|HA
4|19|4|84|74|21|5C|S|10|HA
4|19|5|35|8|77|4C|N|10|HQ
4|19|55|58|63|75|4H|E|11|CA
4|19|6|50|19|48|5CX|N|10|HQ
4|19|66|12|65|40|5C|N|10|HQ
4|19|82|57|61|72|5C|S|10|HA
4|20|1|43|69|42|4H|E|11|DQ
4|20|14|73|13|9|4H|W|11|SK
4|20|22|36|53|83|4H|E|11|C6
4|20|23|51|78|46|4H|W|11|SK
4|20|26|2|68|67|4H|W|11|SK
4|20|27|17|60|11|4H|W|11|SK
4|20|31|33|25|64|4H|W|11|SK
4|20|34|79|3|80|4H|W|11|SK
4|20|4|84|74|21|4H|W|11|SK
4|20|5|35|8|77|4H|W|11|SK
4|20|55|58|63|75|4H|E|11|SK
4|20|6|50|19|48|4H|W|11|SK
4|20|66|12|65|40|4S|E|11|SK
4|20|82|57|61|72|4H|W|11|SQ
4|21|1|43|69|42|3S|E|9|HT
4|21|14|73|13|9|3S|E|9|S3
4|21|22|36|53|83|3S|E|9|HT
4|21|23|51|78|46|3S|E|9|DA
4|21|26|2|68|67|3S|E|8|H9
4|21|27|17|60|11|3S|E|8|HT
4|21|31|33|25|64|3S|E|9|HT
4|21|34|79|3|80|4S|E|10|HT
4|21|4|84|74|21|4S|E|10|H9
4|21|5|35|8|77|4S|E|9|HT
4|21|55|58|63|75|3S|E|8|HT
4|21|6|50|19|48|4S|E|9|HT
4|21|66|12|65|40|4S|E|9|HT
4|21|82|57|61|72|4S|E|9|H9
4|22|1|43|69|42|2H|W|7|DA
4|22|14|73|13|9|2SX|E|8|DJ
4|22|22|36|53|83|1N|N|8|S4
4|22|23|51|78|46|2N|N|7|S4
4|22|26|2|68|67|2N|N|7|D6
4|22|27|17|60|11|1N|N|7|S4
4|22|31|33|25|64|2H|W|8|DA
4|22|34|79|3|80|2N|N|7|C5
4|22|4|84|74|21|2C|S|7|HT
4|22|5|35|8|77|1N|N|7|C7
4|22|55|58|63|75|2N|N|6|S2
4|22|6|50|19|48|3N|N|7|S3
4|22|66|12|65|40|2H|W|7|DK
4|22|82|57|61|72|2N|N|6|HA
4|23|1|43|69|42|3N|E|10|C7
4|23|14|73|13|9|3N|E|10|C6
4|23|22|36|53|83|4H|W|10|C2
4|23|23|51|78|46|4H|W|10|C2
4|23|26|2|68|67|4H|W|10|C2
4|23|27|17|60|11|4H|W|10|C2
4|23|31|33|25|64|4H|W|10|C2
4|23|34|79|3|80|4H|W|10|ST
4|23|4|84|74|21|3N|W|9|C8
4|23|5|35|8|77|4H|W|10|C4
4|23|55|58|63|75|4H|E|10|C2
4|23|6|50|19|48|4H|W|10|C2
4|23|66|12|65|40|4H|W|10|C2
4|23|82|57|61|72|4H|W|10|C2
4|24|1|43|69|42|2D|E|10|H4
4|24|14|73|13|9|5D|E|11|S8
4|24|22|36|53|83|3D|E|10|H4
4|24|23|51|78|46|3N|E|8|C2
4|24|26|2|68|67|3N|W|12|S3
4|24|27|17|60|11|5C|S|9|C4
4|24|31|33|25|64|3NX|E|9|S8
4|24|34|79|3|80|3NX|E|10|S8
4|24|4|84|74|21|3N|W|11|S3
4|24|5|35|8|77|3D|E|8|S4
4|24|55|58|63|75|2D|E|10|H7
4|24|6|50|19|48|5D|E|10|S8
4|24|66|12|65|40|3D|E|10|S8
4|24|82|57|61|72|2D|E|11|CT
4|25|1|43|69|42|6H|S|11|S7
4|25|14|73|13|9|4H|S|11|C2
4|25|22|36|53|83|4H|S|11|S8
4|25|23|51|78|46|4H|S|11|C2
4|25|26|2|68|67|4H|S|11|S7
4|25|27|17|60|11|6H|S|11|S7
4|25|31|33|25|64|4H|S|12|C2
4|25|34|79|3|80|4H|S|11|C7
4|25|4|84|74|21|4H|S|10|C2
4|25|5|35|8|77|4H|S|11|S7
4|25|55|58|63|75|6H|N|9|C2
4|25|6|50|19|48|4H|S|11|C2
4|25|66|12|65|40|4H|S|11|C2
4|25|82|57|61|72|4H|S|11|S7
4|26|1|43|69|42|2N|S|8|H5
4|26|14|73|13|9|2D|N|10|D2
4|26|22|36|53|83|3N|S|10|H4
4|26|23|51|78|46|3N|S|9|H4
4|26|26|2|68|67|3N|S|9|H3
4|26|27|17|60|11|3N|S|8|D5
4|26|31|33|25|64|5D|S|11|H3
4|26|34|79|3|80|2D|N|10|CK
4|26|4|84|74|21|2D|N|10|D2
4|26|5|35|8|77|3N|S|9|H4
4|26|55|58|63|75|2N|N|9|H2
4|26|6|50|19|48|3N|S|9|H3
4|26|66|12|65|40|5D|N|9|CK
4|26|82|57|61|72|3N|S|9|H4
4|27|1|43|69|42|2N|S|9|D5
4|27|14|73|13|9|3C|S|10|SA
4|27|22|36|53|83|3C|N|9|SJ
4|27|23|51|78|46|3N|S|8|S4
4|27|26|2|68|67|3N|N|9|H2
4|27|27|17|60|11|2S|W|5|H6
4|27|31|33|25|64|2S|W|6|H6
4|27|34|79|3|80|2DXX|W|8|C3
4|27|4|84|74|21|3C|S|10|SA
4|27|5|35|8|77|4S|W|4|C4
4|27|55|58|63|75|1S|E|6|C8
4|27|6|50|19|48|2DX|W|7|SQ
4|27|66|12|65|40|3C|S|10|SA
4|27|82|57|61|72|3C|S|10|D2
4|28|1|43|69|42|1N|E|6|H3
4|28|14|73|13|9|2S|W|10|SJ
4|28|22|36|53|83|2S|W|8|SJ
4|28|23|51|78|46|1S|W|9|SJ
4|28|26|2|68|67|1S|W|10|SJ
4|28|27|17|60|11|4S|W|10|SJ
4|28|31|33|25|64|2S|W|9|SJ
4|28|34|79|3|80|2S|W|9|ST
4|28|4|84|74|21|2S|W|8|SJ
4|28|5|35|8|77|1N|E|8|H5
4|28|55|58|63|75|1S|E|9|C3
4|28|6|50|19|48|2S|W|9|SJ
4|28|66|12|65|40|2S|E|10|D9
4|28|82|57|61|72|2N|W|9|C2
4|29|1|43|69|42|2S|E|8|D7
4|29|14|73|13|9|3D|N|9|SA
4|29|22|36|53|83|5D|N|10|SA
4|29|23|51|78|46|2S|E|9|D8
4|29|26|2|68|67|3D|N|9|SA
4|29|27|17|60|11|4D|N|9|SK
4|29|31|33|25|64|2S|E|8|D7
4|29|34|79|3|80|2S|E|9|D6
4|29|4|84|74|21|2S|E|9|S2
4|29|5|35|8|77|3D|S|9|SJ
4|29|55|58|63|75|2S|E|8|D8
4|29|6|50|19|48|3N|S|8|SJ
4|29|66|12|65|40|4D|N|9|SK
4|29|82|57|61|72|2S|E|8|D7
4|30|1|43|69|42|5D|S|10|HJ
4|30|14|73|13|9|6D|S|9|HJ
4|30|22|36|53|83|3N|S|10|HJ
4|30|23|51|78|46|5D|N|11|H8
4|30|26|2|68|67|6D|N|10|SA
4|30|27|17|60|11|5D|S|10|HJ
4|30|31|33|25|64|5D|S|10|HJ
4|30|34|79|3|80|3N|S|10|HJ
4|30|4|84|74|21|5D|S|10|HJ
4|30|5|35|8|77|6D|S|9|HJ
4|30|55|58|63|75|5D|N|10|HJ
4|30|6|50|19|48|3N|N|10|S3
4|30|66|12|65|40|3N|S|11|CJ
4|30|82|57|61|72|3N|N|11|S4
4|31|1|43|69|42|1N|W|4|SQ
4|31|14|73|13|9|1NX|S|7|DQ
4|31|22|36|53|83|1N|W|5|SQ
4|31|23|51|78|46|2D|E|8|C8
4|31|26|2|68|67|1N|W|6|H7
4|31|27|17|60|11|3NX|E|6|C8
4|31|31|33|25|64|1H|S|7|SK
4|31|34|79|3|80|1N|W|5|D5
4|31|4|84|74|21|1N|W|7|H7
4|31|5|35|8|77|P|S|0
4|31|55|58|63|75|1N|E|6|H7
4|31|6|50|19|48|3N|W|5|H7
4|31|66|12|65|40|2N|W|6|SQ
4|31|82|57|61|72|1N|W|5|H7
4|32|1|43|69|42|1N|N|7|D3
4|32|14|73|13|9|1N|N|7|D2
4|32|22|36|53|83|1N|N|8|CA
4|32|23|51|78|46|3H|N|8|SK
4|32|26|2|68|67|2S|E|8|H7
4|32|27|17|60|11|3H|N|8|CK
4|32|31|33|25|64|1N|N|7|D2
4|32|34|79|3|80|1N|N|7|D3
4|32|4|84|74|21|1N|N|7|D3
4|32|5|35|8|77|1N|N|7|D3
4|32|55|58|63|75|1N|N|7|D2
4|32|6|50|19|48|1N|N|7|D2
4|32|66|12|65|40|3S|W|9|HK
4|32|82|57|61|72|3H|N|8|CA
5|1|1|62|69|76|4S|E|10|DK
5|1|12|54|40|70|3N|E|10|DQ
5|1|23|14|78|13|4S|W|10|C9
5|1|24|45|10|52|4S|E|10|DK
5|1|26|17|68|11|3N|E|10|DK
5|1|28|7|47|32|4H|E|10|DK
5|1|29|43|41|42|3N|W|9|CK
5|1|31|44|25|56|4S|E|10|DK
5|1|35|50|77|48|4S|E|10|DK
5|1|38|39|49|81|3N|E|10|DK
5|1|4|15|74|20|3N|E|10|DQ
5|1|51|79|46|80|3N|E|10|DK
5|1|73|83|9|3|4S|E|10|C9
5|1|82|59|61|16|3N|E|9|DK
5|10|1|62|69|76|3N|E|12|S6
5|10|12|54|40|70|3N|W|10|D2
5|10|23|14|78|13|3N|E|10|S6
5|10|24|45|10|52|3N|W|9|D2
5|10|26|17|68|11|3N|W|9|D3
5|10|28|7|47|32|3N|W|9|D6
5|10|29|43|41|42|3N|W|9|D3
5|10|31|44|25|56|3N|W|9|S4
5|10|35|50|77|48|3N|W|9|D3
5|10|38|39|49|81|3N|W|10|D3
5|10|4|15|74|20|3N|W|12|H3
5|10|51|79|46|80|3N|W|9|D3
5|10|73|83|9|3|3N|W|11|D2
5|10|82|59|61|16|3N|W|11|D3
5|11|1|62|69|76|4S|E|12|D7
5|11|12|54|40|70|3N|W|9|D3
5|11|23|14|78|13|1N|E|10|H7
5|11|24|45|10|52|3N|E|11|H4
5|11|26|17|68|11|4S|W|10|DK
5|11|28|7|47|32|3N|W|10|D3
5|11|29|43|41|42|5S|W|10|DQ
5|11|31|44|25|56|4S|E|10|CT
5|11|35|50|77|48|4S|W|11|HJ
5|11|38|39|49|81|4S|W|10|HJ
5|11|4|15|74|20|4S|E|10|CT
5|11|51|79|46|80|3N|E|10|H4
5|11|73|83|9|3|3N|W|9|DK
5|11|82|59|61|16|4S|W|10|DQ
5|12|1|62|69|76|3N|E|11|H2
5|12|12|54|40|70|3N|E|11|H2
5|12|23|14|78|13|3N|E|11|HA
5|12|24|45|10|52|3N|E|11|H2
5|12|26|17|68|11|3N|E|11|H4
5|12|28|7|47|32|3N|E|11|H4
5|12|29|43|41|42|3SX|N|6|CA
5|12|31|44|25|56|4SX|N|7|CA
5|12|35|50|77|48|3N|E|11|H4
5|12|38|39|49|81|3N|E|12|HA
5|12|4|15|74|20|3N|E|11|H4
5|12|51|79|46|80|3S|N|6|CA
5|12|73|83|9|3|3N|E|11|H2
5|12|82|59|61|16|3N|E|11|H4
5|13|1|62|69|76|2S|S|9|DQ
5|13|12|54|40|70|2S|S|10|DQ
5|13|23|14|78|13|1N|N|8|H2
5|13|24|45|10|52|4S|N|9|D2
5|13|26|17|68|11|4S|N|9|C3
5|13|28|7|47|32|2S|S|9|DQ
5|13|29|43|41|42|2S|N|10|D2
5|13|31|44|25|56|4S|S|9|S8
5|13|35|50|77|48|2S|S|9|S8
5|13|38|39|49|81|2S|S|9|DQ
5|13|4|15|74|20|2S|S|9|DQ
5|13|51|79|46|80|2S|S|9|DQ
5|13|73|83|9|3|1N|N|8|H3
5|13|82|59|61|16|2S|S|8|DQ
5|14|1|62|69|76|4H|S|9|D6
5|14|12|54|40|70|3N|S|9|S3
5|14|23|14|78|13|3N|S|9|S3
5|14|24|45|10|52|3N|S|9|S3
5|14|26|17|68|11|3N|S|9|SJ
5|14|28|7|47|32|3N|S|10|SJ
5|14|29|43|41|42|3N|S|9|S3
5|14|31|44|25|56|3N|S|9|SJ
5|14|35|50|77|48|4H|S|9|H2
5|14|38|39|49|81|4H|S|9|SJ
5|14|4|15|74|20|3N|S|9|SJ
5|14|51|79|46|80|3N|S|9|S3
5|14|73|83|9|3|3N|S|9|SJ
5|14|82|59|61|16|3N|N|9|S7
5|15|1|62|69|76|4S|W|11|CA
5|15|12|54|40|70|4S|W|11|CK
5|15|23|14|78|13|4S|W|11|CA
5|15|24|45|10|52|4S|W|11|CA
5|15|26|17|68|11|4S|E|11|C3
5|15|28|7|47|32|4S|W|11|CK
5|15|29|43|41|42|1H|W|8|CA
5|15|31|44|25|56|4S|W|10|C2
5|15|35|50|77|48|4H|W|10|CK
5|15|38|39|49|81|1H|W|9|CK
5|15|4|15|74|20|4S|E|10|CA
5|15|51|79|46|80|4S|E|11|C3
5|15|73|83|9|3|4S|W|11|CA
5|15|82|59|61|16|4S|E|11|C5
5|16|1|62|69|76|4H|W|8|CA
5|16|12|54|40|70|3C|N|8|S7
5|16|23|14|78|13|3C|N|8|S7
5|16|24|45|10|52|1N|W|7|CA
5|16|26|17|68|11|2S|S|8|HK
5|16|28|7|47|32|3H|W|8|CQ
5|16|29|43|41|42|4H|W|8|CA
5|16|31|44|25|56|3H|W|8|CA
5|16|35|50|77|48|2H|E|9|DJ
5|16|38|39|49|81|1N|W|7|CA
5|16|4|15|74|20|3D|W|8|C9
5|16|51|79|46|80|1N|W|7|CA
5|16|73|83|9|3|4S|S|8|HK
5|16|82|59|61|16|4H|W|8|CK
5|2|1|62|69|76|3H|E|9|C6
5|2|12|54|40|70|1N|N|7|DQ
5|2|23|14|78|13|3N|S|7|S3
5|2|24|45|10|52|2D|E|9|C6
5|2|26|17|68|11|2D|E|7|C6
5|2|28|7|47|32|4H|W|9|CQ
5|2|29|43|41|42|2N|S|9|S3
5|2|31|44|25|56|1N|S|8|S8
5|2|35|50|77|48|3D|W|9|CK
5|2|38|39|49|81|3C|S|8|DA
5|2|4|15|74|20|3D|E|9|C6
5|2|51|79|46|80|3C|S|8|C5
5|2|73|83|9|3|2N|S|8|S2
5|2|82|59|61|16|3C|S|8|DA
5|3|1|62|69|76|3S|W|9|CT
5|3|12|54|40|70|3S|W|8|CT
5|3|23|14|78|13|3H|N|8|SA
5|3|24|45|10|52|3D|S|8|S5
5|3|26|17|68|11|2H|S|7|S5
5|3|28|7|47|32|5C|S|8|SK
5|3|29|43|41|42|3S|W|8|CT
5|3|31|44|25|56|3C|S|8|S5
5|3|35|50|77|48|3S|W|9|CT
5|3|38|39|49|81|3S|W|8|CT
5|3|4|15|74|20|2H|N|7|D2
5|3|51|79|46|80|4C|S|8|S5
5|3|73|83|9|3|2H|S|6|S7
5|3|82|59|61|16|3S|W|8|CT
5|4|1|62|69|76|4S|N|10|DK
5|4|12|54|40|70|4S|S|11|D3
5|4|23|14|78|13|4S|N|11|DA
5|4|24|45|10|52|4S|N|11|DA
5|4|26|17|68|11|4S|S|11|D3
5|4|28|7|47|32|4S|N|11|DA
5|4|29|43|41|42|4S|N|11|DA
5|4|31|44|25|56|4S|S|13|H4
5|4|35|50|77|48|4S|N|10|DA
5|4|38|39|49|81|4S|N|11|DA
5|4|4|15|74|20|4S|S|12|C6
5|4|51|79|46|80|4S|N|11|DK
5|4|73|83|9|3|4S|N|11|DK
5|4|82|59|61|16|4S|S|11|D2
5|5|1|62|69|76|4S|S|10|S4
5|5|12|54|40|70|4H|S|10|D7
5|5|23|14|78|13|4H|S|10|C2
5|5|24|45|10|52|4H|S|10|S5
5|5|26|17|68|11|4H|S|10|D7
5|5|28|7|47|32|4H|S|10|D4
5|5|29|43|41|42|4H|N|10|D6
5|5|31|44|25|56|3N|N|9|ST
5|5|35|50|77|48|4H|S|10|D7
5|5|38|39|49|81|4H|S|10|D4
5|5|4|15|74|20|3N|S|10|C2
5|5|51|79|46|80|4H|S|10|S5
5|5|73|83|9|3|4H|S|10|S5
5|5|82|59|61|16|3N|S|9|D4
5|6|1|62|69|76|3H|N|7|C4
5|6|12|54|40|70|4H|N|9|H5
5|6|23|14|78|13|3H|N|8|H7
5|6|24|45|10|52|4H|N|8|D5
5|6|26|17|68|11|3H|N|9|C2
5|6|28|7|47|32|3H|N|9|C4
5|6|29|43|41|42|3H|N|8|H7
5|6|31|44|25|56|3H|N|7|D5
5|6|35|50|77|48|3S|E|9|H2
5|6|38|39|49|81|3H|N|8|C4
5|6|4|15|74|20|3H|N|8|D5
5|6|51|79|46|80|3H|N|7|D5
5|6|73|83|9|3|2H|N|10|C5
5|6|82|59|61|16|4H|N|8|H5
5|7|1|62|69|76|3N|S|9|ST
5|7|12|54|40|70|3N|S|9|S9
5|7|23|14|78|13|5C|S|11|CJ
5|7|24|45|10|52|3N|S|9|ST
5|7|26|17|68|11|3N|S|9|ST
5|7|28|7|47|32|3N|S|9|ST
5|7|29|43|41|42|3N|S|9|ST
5|7|31|44|25|56|3N|S|9|S9
5|7|35|50|77|48|5C|N|10|D7
5|7|38|39|49|81|3N|S|9|S4
5|7|4|15|74|20|3N|S|9|DT
5|7|51|79|46|80|3N|S|9|ST
5|7|73|83|9|3|3N|S|9|S4
5|7|82|59|61|16|3N|S|9|ST
5|8|1|62|69|76|4H|N|11|C6
5|8|12|54|40|70|4H|N|11|C9
5|8|23|14|78|13|4H|N|11|H2
5|8|24|45|10|52|4H|N|11|C9
5|8|26|17|68|11|4H|N|11|D2
5|8|28|7|47|32|4H|N|11|C9
5|8|29|43|41|42|4H|N|11|H3
5|8|31|44|25|56|4H|N|11|C9
5|8|35|50|77|48|4H|N|10|H2
5|8|38|39|49|81|4H|N|11|H3
5|8|4|15|74|20|4H|N|10|C9
5|8|51|79|46|80|4H|N|11|C9
5|8|73|83|9|3|4H|N|11|C9
5|8|82|59|61|16|4H|N|11|C9
5|9|1|62|69|76|3C|N|6|HK
5|9|12|54|40|70|3C|N|7|HK
5|9|23|14|78|13|4S|N|8|HK
5|9|24|45|10|52|2S|N|9|CJ
5|9|26|17|68|11|4SX|N|9|CJ
5|9|28|7|47|32|3N|N|6|HK
5|9|29|43|41|42|4S|N|9|D6
5|9|31|44|25|56|3N|S|8|HJ
5|9|35|50|77|48|4S|N|8|D4
5|9|38|39|49|81|4N|S|7|H4
5|9|4|15|74|20|4S|N|7|HK
5|9|51|79|46|80|2S|N|9|HK
5|9|73|83|9|3|4S|N|9|D2
5|9|82|59|61|16|4S|N|9|HK
6|17|1|70|69|54|3D|E|9|H5
6|17|15|78|20|23|3D|E|8|H5
6|17|24|2|10|67|2S|S|5|C9
6|17|27|47|60|28|4H|N|8|S5
6|17|3|38|83|49|3D|E|9|H5
6|17|30|58|71|75|3H|N|10|C3
6|17|31|53|25|22|3D|E|10|H5
6|17|33|14|64|13|3D|E|9|H5
6|17|35|62|77|76|2SX|S|5|C4
6|17|45|44|52|56|2S|S|5|C9
6|17|48|55|50|63|2D|E|9|S6
6|17|57|17|72|11|3D|E|9|H5
6|17|66|81|65|39|3C|E|9|H2
6|17|84|6|21|19|3D|E|9|H5
6|18|1|70|69|54|3N|E|9|ST
6|18|15|78|20|23|3NX|W|8|HT
6|18|24|2|10|67|3N|E|8|D4
6|18|27|47|60|28|3N|E|10|C4
6|18|3|38|83|49|3N|W|9|D9
6|18|30|58|71|75|3N|E|9|ST
6|18|31|53|25|22|3N|E|9|S5
6|18|33|14|64|13|3NX|W|6|D3
6|18|35|62|77|76|3N|W|8|S5
6|18|45|44|52|56|3N|E|9|C4
6|18|48|55|50|63|3N|W|8|D6
6|18|57|17|72|11|3N|W|8|S5
6|18|66|81|65|39|3N|E|9|H4
6|18|84|6|21|19|3N|E|8|D4
6|19|1|70|69|54|1N|N|5|D7
6|19|15|78|20|23|2H|W|5|S2
6|19|24|2|10|67|2N|W|8|C5
6|19|27|47|60|28|3NX|E|8|S5
6|19|3|38|83|49|3C|N|7|H8
6|19|30|58|71|75|3D|E|6|SA
6|19|31|53|25|22|2D|S|6|H8
6|19|33|14|64|13|2N|E|8|S3
6|19|35|62|77|76|2D|S|5|CQ
6|19|45|44|52|56|1N|S|5|D5
6|19|48|55|50|63|3N|E|8|S3
6|19|57|17|72|11|2D|E|6|C3
6|19|66|81|65|39|1N|N|6|D7
6|19|84|6|21|19|1N|N|5|D7
6|20|1|70|69|54|4H|W|11|HT
6|20|15|78|20|23|6H|W|12|H7
6|20|24|2|10|67|6H|W|11|HT
6|20|27|47|60|28|6H|W|11|C2
6|20|3|38|83|49|6H|W|11|H5
6|20|30|58|71|75|4H|W|10|HT
6|20|31|53|25|22|4H|E|11|C3
6|20|33|14|64|13|4H|W|12|H7
6|20|35|62|77|76|5H|E|11|C8
6|20|45|44|52|56|4H|E|11|HT
6|20|48|55|50|63|4H|W|12|HT
6|20|57|17|72|11|4H|W|11|C2
6|20|66|81|65|39|6H|W|12|D2
6|20|84|6|21|19|6H|W|11|H9
6|21|1|70|69|54|3N|S|9|C5
6|21|15|78|20|23|4H|N|10|DK
6|21|24|2|10|67|3N|S|10|D7
6|21|27|47|60|28|4S|S|9|H9
6|21|3|38|83|49|4H|N|10|DA
6|21|30|58|71|75|4S|N|8|DK
6|21|31|53|25|22|3N|S|10|C5
6|21|33|14|64|13|2DX|E|3|D3
6|21|35|62|77|76|4S|S|9|D7
6|21|45|44|52|56|4H|N|9|DA
6|21|48|55|50|63|4S|S|8|D5
6|21|57|17|72|11|3N|S|10|D7
6|21|66|81|65|39|4H|N|10|DA
6|21|84|6|21|19|4H|N|10|H9
6|22|1|70|69|54|4S|W|10|H3
6|22|15|78|20|23|4S|W|10|H3
6|22|24|2|10|67|3S|W|10|H3
6|22|27|47|60|28|4S|W|10|H3
6|22|3|38|83|49|4S|W|10|H2
6|22|30|58|71|75|3S|W|9|H3
6|22|31|53|25|22|4S|E|10|H3
6|22|33|14|64|13|3S|W|10|D8
6|22|35|62|77|76|4S|W|10|H3
6|22|45|44|52|56|4S|W|9|H3
6|22|48|55|50|63|3S|E|10|HA
6|22|57|17|72|11|5HX|S|7|SA
6|22|66|81|65|39|2S|E|10|H3
6|22|84|6|21|19|4S|W|10|H3
6|23|1|70|69|54|4C|W|10|H8
6|23|15|78|20|23|3S|N|9|DK
6|23|24|2|10|67|4D|W|10|H8
6|23|27|47|60|28|3C|W|10|H8
6|23|3|38|83|49|4D|W|10|S5
6|23|30|58|71|75|3S|N|9|DK
6|23|31|53|25|22|5C|E|10|H8
6|23|33|14|64|13|3S|N|9|DA
6|23|35|62|77|76|2S|N|9|DK
6|23|45|44|52|56|2S|N|9|DK
6|23|48|55|50|63|5C|E|10|HK
6|23|57|17|72|11|3S|N|9|DK
6|23|66|81|65|39|2D|E|9|H8
6|23|84|6|21|19|4D|W|10|H8
6|24|1|70|69|54|2S|E|8|HA
6|24|15|78|20|23|3H|S|8|S6
6|24|24|2|10|67|3D|W|6|DT
6|24|27|47|60|28|2N|S|5|HJ
6|24|3|38|83|49|4S|E|9|DA
6|24|30|58|71|75|2S|E|8|HA
6|24|31|53|25|22|4SX|E|9|DA
6|24|33|14|64|13|2S|E|9|CA
6|24|35|62|77|76|5HXX|N|6|CK
6|24|45|44|52|56|4S|E|9|HA
6|24|48|55|50|63|2S|E|8|HA
6|24|57|17|72|11|2S|E|8|HA
6|24|66|81|65|39|3S|E|9|CA
6|24|84|6|21|19|5C|N|7|SA
6|25|1|70|69|54|3N|W|7|D7
6|25|15|78|20|23|3N|E|7|S5
6|25|24|2|10|67|1N|E|7|S5
6|25|27|47|60|28|3N|W|9|H7
6|25|3|38|83|49|3N|E|9|D3
6|25|30|58|71|75|3N|W|10|H7
6|25|31|53|25|22|1N|E|9|S5
6|25|33|14|64|13|3N|E|9|D6
6|25|35|62|77|76|3N|E|9|D3
6|25|45|44|52|56|3N|E|10|D3
6|25|48|55|50|63|3C|E|9|C3
6|25|57|17|72|11|3N|E|9|D3
6|25|66|81|65|39|3N|E|9|D3
6|25|84|6|21|19|3N|E|9|D3
6|26|1|70|69|54|5H|W|10|S9
6|26|15|78|20|23|2S|S|9|DA
6|26|24|2|10|67|4H|E|9|D9
6|26|27|47|60|28|4S|S|8|DK
6|26|3|38|83|49|4S|S|9|DA
6|26|30|58|71|75|4S|S|8|DK
6|26|31|53|25|22|4H|E|11|S3
6|26|33|14|64|13|5HX|E|9|CK
6|26|35|62|77|76|4S|N|9|DQ
6|26|45|44|52|56|3S|S|8|DA
6|26|48|55|50|63|4H|W|11|SJ
6|26|57|17|72|11|4S|S|9|DK
6|26|66|81|65|39|4SX|S|8|DA
6|26|84|6|21|19|3S|S|8|DA
6|27|1|70|69|54|4S|E|9|DK
6|27|15|78|20|23|4S|W|9|HA
6|27|24|2|10|67|3N|E|7|C9
6|27|27|47|60|28|4S|W|9|HA
6|27|3|38|83|49|4S|E|8|C9
6|27|30|58|71|75|4S|E|8|DK
6|27|31|53|25|22|4S|W|8|DJ
6|27|33|14|64|13|4S|E|8|DK
6|27|35|62|77|76|4S|E|8|H3
6|27|45|44|52|56|4S|E|8|C9
6|27|48|55|50|63|4S|E|10|DK
6|27|57|17|72|11|4S|E|8|DK
6|27|66|81|65|39|4S|E|9|DK
6|27|84|6|21|19|4S|E|9|DK
6|28|1|70|69|54|3D|W|9|H5
6|28|15|78|20|23|3D|E|10|CK
6|28|24|2|10|67|3N|W|8|S2
6|28|27|47|60|28|3D|W|9|S3
6|28|3|38|83|49|3N|W|9|S5
6|28|30|58|71|75|3N|W|7|S4
6|28|31|53|25|22|3D|E|10|CA
6|28|33|14|64|13|1N|W|8|S3
6|28|35|62|77|76|3N|W|8|S4
6|28|45|44|52|56|2D|W|8|H9
6|28|48|55|50|63|3N|E|9|S4
6|28|57|17|72|11|1N|W|8|S4
6|28|66|81|65|39|3N|W|9|S5
6|28|84|6|21|19|3N|W|9|S4
6|29|1|70|69|54|3N|S|9|C8
6|29|15|78|20|23|3N|N|7|H6
6|29|24|2|10|67|1N|S|9|C4
6|29|27|47|60|28|3N|S|9|H7
6|29|3|38|83|49|2N|S|9|C4
6|29|30|58|71|75|3N|S|8|C9
6|29|31|53|25|22|2N|S|10|C8
6|29|33|14|64|13|3N|N|9|H2
6|29|35|62|77|76|2N|S|9|H9
6|29|45|44|52|56|1N|S|9|C2
6|29|48|55|50|63|2S|N|9|DT
6|29|57|17|72|11|2N|S|10|C8
6|29|66|81|65|39|1N|S|8|C3
6|29|84|6|21|19|3N|N|9|H2
6|30|1|70|69|54|3S|S|8|CQ
6|30|15|78|20|23|1N|E|6|D3
6|30|24|2|10|67|1N|E|6|D2
6|30|27|47|60|28|4D|N|9|D7
6|30|3|38|83|49|1N|E|6|D3
6|30|30|58|71|75|1N|E|6|D3
6|30|31|53|25|22|3C|E|8|CT
6|30|33|14|64|13|3N|E|6|D2
6|30|35|62|77|76|1N|E|8|D2
6|30|45|44|52|56|2H|W|8|DA
6|30|48|55|50|63|1N|E|6|D2
6|30|57|17|72|11|1N|E|5|D3
6|30|66|81|65|39|3N|E|6|D4
6|30|84|6|21|19|1N|E|6|D3
6|31|1|70|69|54|3N|W|7|C4
6|31|15|78|20|23|3N|W|7|C5
6|31|24|2|10|67|3N|W|7|C2
6|31|27|47|60|28|3N|W|9|C5
6|31|3|38|83|49|3N|W|7|C5
6|31|30|58|71|75|3N|W|7|C4
6|31|31|53|25|22|3N|W|7|C5
6|31|33|14|64|13|2S|E|9|ST
6|31|35|62|77|76|3N|W|7|C4
6|31|45|44|52|56|3N|W|7|C6
6|31|48|55|50|63|3N|E|9|C2
6|31|57|17|72|11|3N|W|7|C5
6|31|66|81|65|39|3N|E|8|C5
6|31|84|6|21|19|3N|W|7|C5
6|32|1|70|69|54|3N|W|10|S5
6|32|15|78|20|23|3N|E|9|S9
6|32|24|2|10|67|3N|W|10|S4
6|32|27|47|60|28|3N|E|9|S9
6|32|3|38|83|49|3N|E|10|S9
6|32|30|58|71|75|3N|W|11|H4
6|32|31|53|25|22|3N|W|9|S7
6|32|33|14|64|13|3N|W|11|H7
6|32|35|62|77|76|3N|W|10|S4
6|32|45|44|52|56|2S|N|6|CK
6|32|48|55|50|63|3N|W|11|H8
6|32|57|17|72|11|6C|E|9|S9
6|32|66|81|65|39|3N|W|10|S7
6|32|84|6|21|19|3N|W|9|S7
7|1|14|58|13|75|4H|N|12|D8
7|1|23|59|78|16|5H|S|11|S4
7|1|27|15|60|20|4H|N|12|D5
7|1|3|29|83|41|4H|N|11|D3
7|1|30|47|71|28|4H|N|11|D7
7|1|31|37|25|48|4H|N|10|C5
7|1|33|82|64|61|4H|S|10|S4
7|1|44|62|56|76|4H|N|10|C5
7|1|51|74|46|4|4H|S|11|C6
7|1|55|43|63|42|4H|N|11|S4
7|1|66|35|65|77|4H|N|12|D6
7|1|69|5|1|8|4H|N|12|C5
7|1|70|45|54|52|4H|N|10|S4
7|1|73|17|9|11|4H|N|11|D8
7|10|14|58|13|75|4S|S|10|C7
7|10|23|59|78|16|4S|S|10|H2
7|10|27|15|60|20|3N|S|10|D4
7|10|3|29|83|41|3N|N|10|HQ
7|10|30|47|71|28|4S|S|10|H5
7|10|31|37|25|48|3N|N|11|D2
7|10|33|82|64|61|4S|S|11|D4
7|10|44|62|56|76|4S|S|10|C7
7|10|51|74|46|4|4S|S|11|D4
7|10|55|43|63|42|4S|N|10|C6
7|10|66|35|65|77|4S|S|10|C7
7|10|69|5|1|8|3N|N|9|HK
7|10|70|45|54|52|3N|N|11|HK
7|10|73|17|9|11|3N|N|11|D5
7|11|14|58|13|75|3N|N|10|D4
7|11|23|59|78|16|3N|N|9|H4
7|11|27|15|60|20|3N|S|10|SJ
7|11|3|29|83|41|3N|N|10|D5
7|11|30|47|71|28|3N|N|8|S4
7|11|31|37|25|48|3N|S|11|SJ
7|11|33|82|64|61|3N|S|9|HJ
7|11|44|62|56|76|3N|S|9|D7
7|11|51|74|46|4|3N|S|10|HQ
7|11|55|43|63|42|3N|N|10|D4
7|11|66|35|65|77|3N|S|10|SJ
7|11|69|5|1|8|3N|S|10|SJ
7|11|70|45|54|52|3N|N|10|D2
7|11|73|17|9|11|3N|S|10|ST
7|12|14|58|13|75|4S|S|10|DK
7|12|23|59|78|16|2S|S|9|HQ
7|12|27|15|60|20|5HX|W|7|S6
7|12|3|29|83|41|4S|S|10|DQ
7|12|30|47|71|28|4S|S|11|HQ
7|12|31|37|25|48|4S|S|11|DK
7|12|33|82|64|61|4S|S|11|DQ
7|12|44|62|56|76|4S|S|10|HQ
7|12|51|74|46|4|4S|S|10|DK
7|12|55|43|63|42|3S|N|10|HQ
7|12|66|35|65|77|3H|W|6|S8
7|12|69|5|1|8|4S|S|9|HQ
7|12|70|45|54|52|4S|N|11|HQ
7|12|73|17|9|11|6S|S|11|DK
7|13|14|58|13|75|1N|W|8|C7
7|13|23|59|78|16|1N|S|8|SK
7|13|27|15|60|20|3N|W|7|ST
7|13|3|29|83|41|2D|W|8|C8
7|13|30|47|71|28|2S|N|7|D5
7|13|31|37|25|48|2H|E|9|C5
7|13|33|82|64|61|2C|E|8|C5
7|13|44|62|56|76|1NX|S|6|S3
7|13|51|74|46|4|2S|N|7|H5
7|13|55|43|63|42|1S|N|7|H6
7|13|66|35|65|77|1N|N|7|H2
7|13|69|5|1|8|2D|E|8|C5
7|13|70|45|54|52|1H|E|8|S3
7|13|73|17|9|11|1N|N|7|H2
7|14|14|58|13|75|4H|N|9|S8
7|14|23|59|78|16|4H|S|9|S3
7|14|27|15|60|20|4H|S|9|D3
7|14|3|29|83|41|4H|S|9|HJ
7|14|30|47|71|28|4H|S|11|H6
7|14|31|37|25|48|4H|S|9|S3
7|14|33|82|64|61|4H|S|9|S3
7|14|44|62|56|76|4H|S|9|S5
7|14|51|74|46|4|4H|N|10|C5
7|14|55|43|63|42|4H|N|9|S7
7|14|66|35|65|77|4H|S|9|C6
7|14|69|5|1|8|4H|N|9|S2
7|14|70|45|54|52|3N|N|9|S3
7|14|73|17|9|11|4H|S|9|S5
7|15|14|58|13|75|4C|W|10|DT
7|15|23|59|78|16|3H|S|8|C3
7|15|27|15|60|20|3H|S|9|C3
7|15|3|29|83|41|3H|S|9|HJ
7|15|30|47|71|28|4H|S|9|D9
7|15|31|37|25|48|2H|S|8|D8
7|15|33|82|64|61|3H|S|9|C3
7|15|44|62|56|76|3H|S|10|D6
7|15|51|74|46|4|2H|S|9|HJ
7|15|55|43|63|42|3C|E|10|DT
7|15|66|35|65|77|2H|S|8|D9
7|15|69|5|1|8|4C|E|11|DT
7|15|70|45|54|52|2D|N|10|HK
7|15|73|17|9|11|4H|S|10|C3
7|16|14|58|13|75|5S|W|11|DJ
7|16|23|59|78|16|4S|W|10|HJ
7|16|27|15|60|20|4S|W|12|DJ
7|16|3|29|83|41|5S|W|12|HJ
7|16|30|47|71|28|4HX|N|9|DQ
7|16|31|37|25|48|4S|W|12|DJ
7|16|33|82|64|61|4S|W|12|C8
7|16|44|62|56|76|4S|W|12|HJ
7|16|51|74|46|4|4S|W|12|DJ
7|16|55|43|63|42|4S|E|11|C8
7|16|66|35|65|77|4S|W|11|C8
7|16|69|5|1|8|4S|W|11|C8
7|16|70|45|54|52|5HX|N|7|CQ
7|16|73|17|9|11|5S|W|12|DJ
7|2|14|58|13|75|3N|N|11|S6
7|2|23|59|78|16|3N|S|11|DJ
7|2|27|15|60|20|6C|N|11|H2
7|2|3|29|83|41|3N|N|11|H3
7|2|30|47|71|28|3N|S|11|S7
7|2|31|37|25|48|6C|N|11|S6
7|2|33|82|64|61|3N|S|10|S7
7|2|44|62|56|76|3N|S|10|S5
7|2|51|74|46|4|3N|S|10|H7
7|2|55|43|63|42|3N|N|11|S7
7|2|66|35|65|77|3N|S|10|H6
7|2|69|5|1|8|6C|N|10|S6
7|2|70|45|54|52|4N|N|11|S4
7|2|73|17|9|11|5DX|W|6|HA
7|3|14|58|13|75|5H|W|9|S3
7|3|23|59|78|16|5C|E|11|DA
7|3|27|15|60|20|5C|E|11|S2
7|3|3|29|83|41|5C|E|11|C9
7|3|30|47|71|28|5C|E|11|S2
7|3|31|37|25|48|5C|E|11|DT
7|3|33|82|64|61|5C|E|11|S2
7|3|44|62|56|76|5C|W|11|S3
7|3|51|74|46|4|3C|E|11|S2
7|3|55|43|63|42|4C|E|11|S2
7|3|66|35|65|77|3C|E|11|S2
7|3|69|5|1|8|5C|E|11|S2
7|3|70|45|54|52|3C|E|11|S2
7|3|73|17|9|11|4S|N|9|D7
7|4|14|58|13|75|4S|W|11|HQ
7|4|23|59|78|16|5C|W|10|HQ
7|4|27|15|60|20|4S|W|10|HQ
7|4|3|29|83|41|4S|E|10|C9
7|4|30|47|71|28|4S|E|10|C9
7|4|31|37|25|48|4S|W|10|HQ
7|4|33|82|64|61|5C|E|10|HA
7|4|44|62|56|76|4S|W|10|HQ
7|4|51|74|46|4|4S|W|10|HQ
7|4|55|43|63|42|4H|N|9|SA
7|4|66|35|65|77|4S|W|10|HQ
7|4|69|5|1|8|4S|E|10|HQ
7|4|70|45|54|52|5HX|N|9|SA
7|4|73|17|9|11|6S|W|10|HQ
7|5|14|58|13|75|2D|N|7|H6
7|5|23|59|78|16|3C|S|10|S5
7|5|27|15|60|20|3N|N|7|DQ
7|5|3|29|83|41|3C|S|9|D5
7|5|30|47|71|28|3N|S|7|S6
7|5|31|37|25|48|3N|N|9|H5
7|5|33|82|64|61|3N|S|7|HA
7|5|44|62|56|76|3N|S|7|S6
7|5|51|74|46|4|3N|S|7|S6
7|5|55|43|63|42|4SX|E|8|CT
7|5|66|35|65|77|3C|S|9|S4
7|5|69|5|1|8|5C|S|10|D5
7|5|70|45|54|52|3N|N|7|S3
7|5|73|17|9|11|3N|N|9|DQ
7|6|14|58|13|75|2S|E|10|HA
7|6|23|59|78|16|1N|W|9|CK
7|6|27|15|60|20|1N|N|6|SJ
7|6|3|29|83|41|2S|E|8|C6
7|6|30|47|71|28|1N|N|7|SJ
7|6|31|37|25|48|1N|W|7|H7
7|6|33|82|64|61|2S|E|8|HA
7|6|44|62|56|76|1N|N|4|SJ
7|6|51|74|46|4|1N|N|6|ST
7|6|55|43|63|42|1N|E|6|H7
7|6|66|35|65|77|1N|W|8|H8
7|6|69|5|1|8|1N|N|5|SJ
7|6|70|45|54|52|1N|N|6|SJ
7|6|73|17|9|11|2C|N|5|HQ
7|7|14|58|13|75|4H|W|11|DA
7|7|23|59|78|16|4H|W|11|DA
7|7|27|15|60|20|4H|W|11|C8
7|7|3|29|83|41|4H|W|11|DA
7|7|30|47|71|28|4H|W|11|C5
7|7|31|37|25|48|4H|W|11|DA
7|7|33|82|64|61|4H|W|10|S3
7|7|44|62|56|76|4H|W|10|S7
7|7|51|74|46|4|4H|W|11|DA
7|7|55|43|63|42|4H|E|11|DA
7|7|66|35|65|77|4SX|N|8|C8
7|7|69|5|1|8|4H|W|11|DA
7|7|70|45|54|52|4H|E|11|DA
7|7|73|17|9|11|4H|W|11|DA
7|8|14|58|13|75|6H|W|13|H2
7|8|23|59|78|16|6H|W|12|C8
7|8|27|15|60|20|6H|W|12|C5
7|8|3|29|83|41|6H|W|13|S8
7|8|30|47|71|28|3N|E|11|S9
7|8|31|37|25|48|6H|W|12|S8
7|8|33|82|64|61|6H|W|12|C4
7|8|44|62|56|76|6H|W|12|C2
7|8|51|74|46|4|4H|W|12|H2
7|8|55|43|63|42|3N|E|11|H3
7|8|66|35|65|77|4H|W|12|S8
7|8|69|5|1|8|6H|E|13|S3
7|8|70|45|54|52|6H|E|13|S8
7|8|73|17|9|11|4H|W|12|C4
7|9|14|58|13|75|1H|N|9|DT
7|9|23|59|78|16|4SX|W|8|HA
7|9|27|15|60|20|6C|N|7|S2
7|9|3|29|83|41|4SX|W|8|HA
7|9|30|47|71|28|4H|N|9|C2
7|9|31|37|25|48|5C|N|11|DT
7|9|33|82|64|61|6C|S|9|S5
7|9|44|62|56|76|5D|S|11|S6
7|9|51|74|46|4|4H|N|8|DT
7|9|55|43|63|42|4SX|E|8|H2
7|9|66|35|65|77|4H|N|9|C2
7|9|69|5|1|8|5C|N|8|S5
7|9|70|45|54|52|4H|N|8|DT
7|9|73|17|9|11|3C|N|11|DT
8|17|11|12|17|40|2H|S|9|S5
8|17|15|1|20|69|2H|S|8|SJ
8|17|24|14|10|13|2H|S|10|D5
8|17|26|58|68|75|2H|N|10|C7
8|17|35|79|77|80|2S|E|7|CJ
8|17|37|73|48|9|2H|S|9|SJ
8|17|38|72|49|57|2H|S|9|SJ
8|17|39|44|81|56|2H|S|9|SJ
8|17|4|60|74|27|2H|S|9|SJ
8|17|5|78|8|23|2H|N|9|DQ
8|17|51|47|46|34|2H|S|9|SJ
8|17|66|62|65|76|2S|E|7|H3
8|17|83|6|3|19|2H|S|9|S6
8|17|84|29|21|41|2H|S|9|ST
8|18|11|12|17|40|4SX|E|9|DA
8|18|15|1|20|69|4H|S|10|CA
8|18|24|14|10|13|4H|S|10|CA
8|18|26|58|68|75|4H|S|10|CQ
8|18|35|79|77|80|4SX|E|9|HA
8|18|37|73|48|9|5HX|S|10|CK
8|18|38|72|49|57|4H|S|10|CK
8|18|39|44|81|56|4SX|E|9|HA
8|18|4|60|74|27|4SX|E|9|HA
8|18|5|78|8|23|4H|S|11|C4
8|18|51|47|46|34|4SX|E|9|SK
8|18|66|62|65|76|5SX|E|9|HA
8|18|83|6|3|19|4D|N|10|CJ
8|18|84|29|21|41|4SX|E|9|HA
8|19|11|12|17|40|1N|N|9|S5
8|19|15|1|20|69|3N|N|6|HQ
8|19|24|14|10|13|3N|S|8|H4
8|19|26|58|68|75|3N|N|7|HQ
8|19|35|79|77|80|2N|N|7|HQ
8|19|37|73|48|9|3N|N|8|HQ
8|19|38|72|49|57|1N|N|9|S7
8|19|39|44|81|56|3N|S|8|HQ
8|19|4|60|74|27|3N|N|8|HQ
8|19|5|78|8|23|3N|S|8|H7
8|19|51|47|46|34|3N|N|9|HQ
8|19|66|62|65|76|3D|S|8|S2
8|19|83|6|3|19|3N|N|8|HQ
8|19|84|29|21|41|3N|N|8|HQ
8|20|11|12|17|40|1N|N|7|C4
8|20|15|1|20|69|1N|N|7|C5
8|20|24|14|10|13|1N|N|8|H8
8|20|26|58|68|75|1N|N|7|C4
8|20|35|79|77|80|1N|N|7|H8
8|20|37|73|48|9|1N|N|7|H9
8|20|38|72|49|57|1N|N|6|C4
8|20|39|44|81|56|1N|S|8|S3
8|20|4|60|74|27|1N|N|8|C4
8|20|5|78|8|23|1N|N|7|H2
8|20|51|47|46|34|1N|N|7|C4
8|20|66|62|65|76|1N|N|7|H8
8|20|83|6|3|19|1N|N|8|H5
8|20|84|29|21|41|1N|N|7|H8
8|21|11|12|17|40|1N|S|7|ST
8|21|15|1|20|69|1N|S|7|ST
8|21|24|14|10|13|2D|S|6|ST
8|21|26|58|68|75|3C|N|9|D9
8|21|35|79|77|80|1N|S|6|D6
8|21|37|73|48|9|1N|S|7|ST
8|21|38|72|49|57|1N|S|6|D6
8|21|39|44|81|56|2H|S|8|D9
8|21|4|60|74|27|1N|S|6|D6
8|21|5|78|8|23|2C|N|10|D9
8|21|51|47|46|34|2DX|S|6|D5
8|21|66|62|65|76|2DX|S|6|S6
8|21|83|6|3|19|1N|S|5|S6
8|21|84|29|21|41|1N|S|7|ST
8|22|11|12|17|40|2N|N|8|CT
8|22|15|1|20|69|4S|S|10|C6
8|22|24|14|10|13|4S|N|9|HQ
8|22|26|58|68|75|4S|N|10|HQ
8|22|35|79|77|80|4S|N|10|HQ
8|22|37|73|48|9|3S|S|10|S7
8|22|38|72|49|57|1S|N|8|HQ
8|22|39|44|81|56|4S|S|9|HQ
8|22|4|60|74|27|4S|N|9|HQ
8|22|5|78|8|23|4S|N|10|D6
8|22|51|47|46|34|4S|N|9|HQ
8|22|66|62|65|76|4S|N|9|HQ
8|22|83|6|3|19|4S|N|10|DJ
8|22|84|29|21|41|4S|N|10|HQ
8|23|11|12|17|40|4H|N|9|DK
8|23|15|1|20|69|4H|N|10|DA
8|23|24|14|10|13|4H|N|9|DA
8|23|26|58|68|75|2S|S|8|D6
8|23|35|79|77|80|3S|S|10|D2
8|23|37|73|48|9|2S|S|10|H8
8|23|38|72|49|57|4S|S|9|D2
8|23|39|44|81|56|2S|N|10|D2
8|23|4|60|74|27|2S|S|9|D2
8|23|5|78|8|23|4H|S|9|D2
8|23|51|47|46|34|3H|N|9|DK
8|23|66|62|65|76|2S|N|8|CJ
8|23|83|6|3|19|3C|E|9|SA
8|23|84|29|21|41|3S|S|9|D6
8|24|11|12|17|40|3N|E|9|HQ
8|24|15|1|20|69|3N|W|9|HJ
8|24|24|14|10|13|3N|E|10|HJ
8|24|26|58|68|75|3N|W|10|S9
8|24|35|79|77|80|3N|E|9|C2
8|24|37|73|48|9|3N|W|8|HJ
8|24|38|72|49|57|3N|E|8|S6
8|24|39|44|81|56|3N|E|8|HJ
8|24|4|60|74|27|3N|E|9|S6
8|24|5|78|8|23|3N|E|9|S6
8|24|51|47|46|34|3N|W|9|HJ
8|24|66|62|65|76|3N|W|9|HJ
8|24|83|6|3|19|3N|E|7|D6
8|24|84|29|21|41|3N|W|8|HJ
8|25|11|12|17|40|4H|W|10|D3
8|25|15|1|20|69|4H|W|10|H6
8|25|24|14|10|13|4S|E|8|D2
8|25|26|58|68|75|5C|E|10|D2
8|25|35|79|77|80|5H|E|11|SQ
8|25|37|73|48|9|4H|W|10|HJ
8|25|38|72|49|57|6H|E|10|CT
8|25|39|44|81|56|6C|E|10|D4
8|25|4|60|74|27|6H|W|10|DA
8|25|5|78|8|23|5S|E|6|S2
8|25|51|47|46|34|5H|W|11|DA
8|25|66|62|65|76|6C|E|8|D3
8|25|83|6|3|19|4H|W|10|H6
8|25|84|29|21|41|6H|W|10|DA
8|26|11|12|17|40|1N|E|9|C8
8|26|15|1|20|69|1N|W|9|CJ
8|26|24|14|10|13|1N|E|8|C2
8|26|26|58|68|75|2S|S|8|CK
8|26|35|79|77|80|1N|E|8|C6
8|26|37|73|48|9|1N|E|8|CJ
8|26|38|72|49|57|1N|E|9|CJ
8|26|39|44|81|56|1N|E|9|C6
8|26|4|60|74|27|1N|E|9|C7
8|26|5|78|8|23|1N|E|8|C6
8|26|51|47|46|34|1N|E|8|C6
8|26|66|62|65|76|2DX|N|8|D3
8|26|83|6|3|19|1N|E|9|CJ
8|26|84|29|21|41|1N|E|8|C7
8|27|11|12|17|40|4H|E|10|HJ
8|27|15|1|20|69|4H|W|12|CK
8|27|24|14|10|13|4H|E|11|CJ
8|27|26|58|68|75|4H|E|10|CJ
8|27|35|79|77|80|4H|E|11|CJ
8|27|37|73|48|9|3N|E|10|HJ
8|27|38|72|49|57|4H|E|10|S2
8|27|39|44|81|56|4H|E|11|CA
8|27|4|60|74|27|4H|W|11|S8
8|27|5|78|8|23|3N|E|10|S3
8|27|51|47|46|34|4H|E|11|CJ
8|27|66|62|65|76|4H|E|11|DA
8|27|83|6|3|19|4H|E|10|S6
8|27|84|29|21|41|4H|E|9|S2
8|28|11|12|17|40|7D|S|13|D3
8|28|15|1|20|69|7D|N|13|H2
8|28|24|14|10|13|7D|N|13|DJ
8|28|26|58|68|75|7D|S|13|D3
8|28|35|79|77|80|3N|S|13|H3
8|28|37|73|48|9|7D|N|13|S2
8|28|38|72|49|57|7D|N|13|S2
8|28|39|44|81|56|7D|N|13|D3
8|28|4|60|74|27|6D|S|13|D2
8|28|5|78|8|23|7D|N|13|D4
8|28|51|47|46|34|7D|N|13|D4
8|28|66|62|65|76|2SX|E|4|DK
8|28|83|6|3|19|6D|S|13|S6
8|28|84|29|21|41|6D|N|13|S2
8|29|11|12|17|40|2S|S|10|HA
8|29|15|1|20|69|2S|S|9|D2
8|29|24|14|10|13|2S|N|9|D2
8|29|26|58|68|75|2S|S|9|D5
8|29|35|79|77|80|2S|S|9|HA
8|29|37|73|48|9|2S|S|9|D2
8|29|38|72|49|57|2S|S|10|HA
8|29|39|44|81|56|2S|S|9|D2
8|29|4|60|74|27|2S|S|10|HA
8|29|5|78|8|23|2S|S|10|HA
8|29|51|47|46|34|2S|S|11|HA
8|29|66|62|65|76|2S|S|10|HA
8|29|83|6|3|19|2S|S|9|D6
8|29|84|29|21|41|2S|S|8|D2
8|30|11|12|17|40|7DX|N|10|SJ
8|30|15|1|20|69|5D|N|10|SJ
8|30|24|14|10|13|3N|N|7|SJ
8|30|26|58|68|75|5D|N|10|SJ
8|30|35|79|77|80|4SX|E|8|H3
8|30|37|73|48|9|5H|S|9|S6
8|30|38|72|49|57|6NX|N|8|SJ
8|30|39|44|81|56|4H|N|10|SQ
8|30|4|60|74|27|4H|N|9|SJ
8|30|5|78|8|23|3N|N|7|S4
8|30|51|47|46|34|4H|S|10|S3
8|30|66|62|65|76|4H|N|9|C2
8|30|83|6|3|19|4H|S|10|S6
8|30|84|29|21|41|4SX|E|8|H3
8|31|11|12|17|40|4S|N|10|D2
8|31|15|1|20|69|4S|N|10|D2
8|31|24|14|10|13|5CX|W|7|S6
8|31|26|58|68|75|4S|N|10|D2
8|31|35|79|77|80|4S|N|10|CJ
8|31|37|73|48|9|4S|N|12|CJ
8|31|38|72|49|57|4S|N|10|CJ
8|31|39|44|81|56|4S|S|11|CJ
8|31|4|60|74|27|4S|N|11|CJ
8|31|5|78|8|23|4S|N|11|CJ
8|31|51|47|46|34|4S|N|10|CJ
8|31|66|62|65|76|4S|N|11|CJ
8|31|83|6|3|19|4S|N|10|D6
8|31|84|29|21|41|4S|N|9|D2
8|32|11|12|17|40|5CX|W|10|ST
8|32|15|1|20|69|3SX|S|6|D7
8|32|24|14|10|13|4H|E|10|C5
8|32|26|58|68|75|3N|W|9|ST
8|32|35|79|77|80|3N|E|9|DJ
8|32|37|73|48|9|4SX|S|5|CA
8|32|38|72|49|57|2SX|S|4|CK
8|32|39|44|81|56|3N|E|9|S9
8|32|4|60|74|27|3N|W|9|ST
8|32|5|78|8|23|3N|W|9|ST
8|32|51|47|46|34|3N|W|9|ST
8|32|66|62|65|76|3N|E|9|SQ
8|32|83|6|3|19|2DX|S|4|CA
8|32|84|29|21|41|4SX|S|6|H5
9|1|14|2|13|67|3N|W|7|HJ
9|1|23|71|78|30|3C|E|10|S2
9|1|31|35|25|77|5C|E|10|S2
9|1|38|53|49|22|2N|W|7|HJ
9|1|39|48|81|50|2SX|S|8|H7
9|1|47|57|34|72|3N|W|6|HJ
9|1|54|83|70|3|5C|E|10|HA
9|1|55|84|63|21|5C|E|10|HA
9|1|6|17|19|11|3N|W|6|HJ
9|1|66|5|65|8|5C|E|10|HA
9|1|69|45|1|52|5C|W|10|HJ
9|1|7|58|32|75|3N|W|6|HJ
9|1|79|43|80|42|5C|W|10|HJ
9|1|82|15|61|20|3N|W|7|H6
9|10|14|2|13|67|2D|N|7|S9
9|10|23|71|78|30|1N|W|6|D3
9|10|31|35|25|77|1D|N|8|S9
9|10|38|53|49|22|1N|W|6|CA
9|10|39|48|81|50|2D|S|8|S9
9|10|47|57|34|72|1N|W|5|D6
9|10|54|83|70|3|2C|E|8|SJ
9|10|55|84|63|21|1S|W|5|DA
9|10|6|17|19|11|1D|W|6|CA
9|10|66|5|65|8|1N|W|4|D6
9|10|69|45|1|52|1N|W|6|SJ
9|10|7|58|32|75|1N|W|6|D5
9|10|79|43|80|42|1N|E|6|H6
9|10|82|15|61|20|1N|W|6|CA
9|11|14|2|13|67|3S|W|8|H3
9|11|23|71|78|30|5C|W|11|S7
9|11|31|35|25|77|4H|N|6|C2
9|11|38|53|49|22|3N|W|10|H7
9|11|39|48|81|50|3N|W|9|DT
9|11|47|57|34|72|5C|W|12|S7
9|11|54|83|70|3|3N|E|9|H7
9|11|55|84|63|21|5C|W|12|S7
9|11|6|17|19|11|4C|W|12|S7
9|11|66|5|65|8|3N|W|10|D3
9|11|69|45|1|52|3N|W|9|H3
9|11|7|58|32|75|3N|W|9|H2
9|11|79|43|80|42|3N|W|9|H7
9|11|82|15|61|20|3HX|N|6|C2
9|12|14|2|13|67|1N|S|6|C7
9|12|23|71|78|30|1N|S|7|C4
9|12|31|35|25|77|1C|S|8|HQ
9|12|38|53|49|22|1D|S|8|HQ
9|12|39|48|81|50|1N|N|7|C3
9|12|47|57|34|72|1C|S|5|D3
9|12|54|83|70|3|1C|N|7|HQ
9|12|55|84|63|21|1D|S|7|D3
9|12|6|17|19|11|1D|S|8|D3
9|12|66|5|65|8|1D|S|8|C4
9|12|69|45|1|52|2N|S|7|C3
9|12|7|58|32|75|2N|S|7|C3
9|12|79|43|80|42|1N|S|7|C4
9|12|82|15|61|20|1D|S|6|C3
9|13|14|2|13|67|3NX|W|9|D4
9|13|23|71|78|30|3N|E|6|D3
9|13|31|35|25|77|2H|W|8|SK
9|13|38|53|49|22|4H|E|9|S6
9|13|39|48|81|50|4S|W|7|D4
9|13|47|57|34|72|2H|W|9|D6
9|13|54|83|70|3|1N|E|7|D4
9|13|55|84|63|21|1N|W|6|D6
9|13|6|17|19|11|1N|W|8|SK
9|13|66|5|65|8|2H|W|9|C2
9|13|69|45|1|52|1N|W|8|D6
9|13|7|58|32|75|1N|N|7|C2
9|13|79|43|80|42|1N|W|8|D6
9|13|82|15|61|20|1N|W|8|D6
9|14|14|2|13|67|4S|N|9|C3
9|14|23|71|78|30|4S|N|10|C3
9|14|31|35|25|77|4S|S|10|DT
9|14|38|53|49|22|3N|S|9|H8
9|14|39|48|81|50|4S|N|10|C3
9|14|47|57|34|72|2S|N|10|C8
9|14|54|83|70|3|3N|N|9|H6
9|14|55|84|63|21|3N|S|10|H8
9|14|6|17|19|11|4S|S|9|H8
9|14|66|5|65|8|4S|S|10|DT
9|14|69|45|1|52|4S|N|10|C2
9|14|7|58|32|75|4S|N|10|C5
9|14|79|43|80|42|4S|N|10|C3
9|14|82|15|61|20|3N|S|10|CQ
9|15|14|2|13|67|3N|W|9|CK
9|15|23|71|78|30|3N|W|9|CK
9|15|31|35|25|77|3N|W|7|CQ
9|15|38|53|49|22|3N|W|8|CK
9|15|39|48|81|50|3N|E|9|CK
9|15|47|57|34|72|3N|W|9|CK
9|15|54|83|70|3|3N|E|6|CK
9|15|55|84|63|21|2C|E|7|CJ
9|15|6|17|19|11|3N|W|9|CQ
9|15|66|5|65|8|1N|W|9|CQ
9|15|69|45|1|52|3N|W|9|CK
9|15|7|58|32|75|3N|W|6|CK
9|15|79|43|80|42|3N|W|9|CQ
9|15|82|15|61|20|3N|W|10|CK
9|16|14|2|13|67|4S|S|8|D5
9|16|23|71|78|30|4SX|S|6|D2
9|16|31|35|25|77|4S|N|6|HK
9|16|38|53|49|22|2S|N|6|HA
9|16|39|48|81|50|3S|S|7|HA
9|16|47|57|34|72|3C|E|8|CA
9|16|54|83|70|3|4S|N|8|D2
9|16|55|84|63|21|4H|W|8|DK
9|16|6|17|19|11|4SX|S|8|D2
9|16|66|5|65|8|3S|N|8|HA
9|16|69|45|1|52|3DX|N|8|HK
9|16|7|58|32|75|4S|S|8|D2
9|16|79|43|80|42|4SX|N|8|HA
9|16|82|15|61|20|4SX|N|7
9|2|14|2|13|67|4H|W|11|H3
9|2|23|71|78|30|4H|E|9|H2
9|2|31|35|25|77|3N|E|10|H2
9|2|38|53|49|22|3N|W|9|ST
9|2|39|48|81|50|3N|E|9|H3
9|2|47|57|34|72|5C|W|11|S7
9|2|54|83|70|3|3N|E|10|D2
9|2|55|84|63|21|3N|E|9|D4
9|2|6|17|19|11|3N|E|10|H3
9|2|66|5|65|8|5C|E|11|H3
9|2|69|45|1|52|5C|W|11|S4
9|2|7|58|32|75|3N|E|10|H7
9|2|79|43|80|42|3N|E|10|SQ
9|2|82|15|61|20|4H|E|10|SQ
9|3|14|2|13|67|4H|W|10|S7
9|3|23|71|78|30|4H|E|10|D5
9|3|31|35|25|77|4H|W|10|S9
9|3|38|53|49|22|4H|W|9|S9
9|3|39|48|81|50|4H|E|10|D2
9|3|47|57|34|72|4H|W|10|C6
9|3|54|83|70|3|3N|E|10|D9
9|3|55|84|63|21|4H|E|10|C3
9|3|6|17|19|11|4H|W|9|S9
9|3|66|5|65|8|4H|W|10|H4
9|3|69|45|1|52|4H|W|10|C2
9|3|7|58|32|75|4H|W|10|S9
9|3|79|43|80|42|4H|W|10|C2
9|3|82|15|61|20|4H|W|9|S9
9|4|14|2|13|67|2S|E|6|CA
9|4|23|71|78|30|2SX|W|5|CA
9|4|31|35|25|77|2H|E|5|C5
9|4|38|53|49|22|2SX|W|5|CA
9|4|39|48|81|50|1N|N|11|HT
9|4|47|57|34|72|3D|S|9|H6
9|4|54|83|70|3|3N|N|8|H3
9|4|55|84|63|21|2S|E|5|C5
9|4|6|17|19|11|1N|S|8|S3
9|4|66|5|65|8|1N|S|10|H2
9|4|69|45|1|52|1N|S|10|H4
9|4|7|58|32|75|1N|N|9|H2
9|4|79|43|80|42|1N|S|10|H6
9|4|82|15|61|20|2SX|W|5|CK
9|5|14|2|13|67|4S|N|10|CA
9|5|23|71|78|30|4S|S|9|C6
9|5|31|35|25|77|4S|N|11|CA
9|5|38|53|49|22|4S|N|11|CA
9|5|39|48|81|50|4S|S|11|CA
9|5|47|57|34|72|4S|N|10|CK
9|5|54|83|70|3|4S|N|10|CK
9|5|55|84|63|21|4S|N|11|CA
9|5|6|17|19|11|4S|N|11|CK
9|5|66|5|65|8|4S|N|11|CA
9|5|69|45|1|52|4S|N|9|CK
9|5|7|58|32|75|4S|N|11|CK
9|5|79|43|80|42|4S|N|10|CA
9|5|82|15|61|20|4S|N|10|CK
9|6|14|2|13|67|3N|S|10|C7
9|6|23|71|78|30|3N|S|9|C6
9|6|31|35|25|77|3N|S|9|C7
9|6|38|53|49|22|3N|S|10|C7
9|6|39|48|81|50|3N|N|10|C7
9|6|47|57|34|72|3N|S|10|C7
9|6|54|83|70|3|3N|N|10|C7
9|6|55|84|63|21|3N|S|10|C7
9|6|6|17|19|11|3N|S|11|C7
9|6|66|5|65|8|3N|S|10|C2
9|6|69|45|1|52|3N|S|10|C7
9|6|7|58|32|75|3N|S|10|H4
9|6|79|43|80|42|3N|S|9|H4
9|6|82|15|61|20|3N|S|10|C7
9|7|14|2|13|67|3S|W|8|DA
9|7|23|71|78|30|2S|E|8|HT
9|7|31|35|25|77|2S|W|8|DA
9|7|38|53|49|22|2S|W|9|DK
9|7|39|48|81|50|4S|E|8|SJ
9|7|47|57|34|72|2S|W|9|DA
9|7|54|83|70|3|2S|E|9|D8
9|7|55|84|63|21|2H|E|8|D8
9|7|6|17|19|11|1N|S|7|C7
9|7|66|5|65|8|2S|W|8|DK
9|7|69|45|1|52|2S|W|9|DA
9|7|7|58|32|75|2S|W|9|DA
9|7|79|43|80|42|1C|E|7|DA
9|7|82|15|61|20|2S|W|8|DK
9|8|14|2|13|67|1N|N|8|SJ
9|8|23|71|78|30|1N|N|7|HA
9|8|31|35|25|77|1N|N|7|HK
9|8|38|53|49|22|2D|N|8|HA
9|8|39|48|81|50|1N|N|7|HT
9|8|47|57|34|72|2D|N|7|HA
9|8|54|83|70|3|2H|E|8|H3
9|8|55|84|63|21|2C|W|6|HJ
9|8|6|17|19|11|2D|N|8|HK
9|8|66|5|65|8|1N|N|8|S4
9|8|69|45|1|52|1N|N|7|S4
9|8|7|58|32|75|2D|N|8|HK
9|8|79|43|80|42|2C|W|8|H2
9|8|82|15|61|20|1NX|S|7|C3
9|9|14|2|13|67|6D|E|12|C5
9|9|23|71|78|30|6D|W|10|CQ
9|9|31|35|25|77|6D|E|12|H2
9|9|38|53|49|22|3N|W|12|CQ
9|9|39|48|81|50|3N|W|12|CQ
9|9|47|57|34|72|3N|W|12|CQ
9|9|54|83|70|3|3N|E|12|CQ
9|9|55|84|63|21|3N|W|12|CQ
9|9|6|17|19|11|3N|E|12|S9
9|9|66|5|65|8|6D|W|10|CQ
9|9|69|45|1|52|4S|W|10|CQ
9|9|7|58|32|75|3N|W|12|CQ
9|9|79|43|80|42|3N|W|12|CQ
9|9|82|15|61|20|4S|E|10|CJ
10|17|11|50|17|48|4H|S|11|CQ
10|17|14|74|13|4|4H|S|10|CQ
10|17|15|62|20|76|3N|N|11|S3
10|17|23|69|78|1|3N|S|10|CQ
10|17|24|44|10|56|4H|S|10|CQ
10|17|26|40|68|12|3N|S|11|CQ
10|17|29|5|41|8|4H|S|10|CQ
10|17|31|51|25|46|4H|S|10|CQ
10|17|45|59|52|16|4H|S|10|CQ
10|17|47|58|34|75|4H|S|12|CQ
10|17|54|35|70|77|4H|N|12|CQ
10|17|66|36|65|83|3N|S|10|S5
10|17|73|81|9|39|4H|S|11|CQ
10|17|82|53|61|22|4H|S|11|CQ
10|18|11|50|17|48|3S|S|9|HJ
10|18|14|74|13|4|4S|S|11|HJ
10|18|15|62|20|76|3N|S|9|DT
10|18|23|69|78|1|4S|S|9|HJ
10|18|24|44|10|56|3N|S|10|HJ
10|18|26|40|68|12|3N|S|9|DT
10|18|29|5|41|8|3N|S|9|DT
10|18|31|51|25|46|3N|S|11|D9
10|18|45|59|52|16|3N|S|9|DT
10|18|47|58|34|75|3H|E|8|S4
10|18|54|35|70|77|3N|N|10|HJ
10|18|66|36|65|83|3H|E|8|C2
10|18|73|81|9|39|3N|N|9|D7
10|18|82|53|61|22|3N|S|9|D2
10|19|11|50|17|48|4H|E|11|H9
10|19|14|74|13|4|4SX|N|10|HJ
10|19|15|62|20|76|5HX|W|10|S2
10|19|23|69|78|1|4S|N|10|HJ
10|19|24|44|10|56|4SX|S|9|CT
10|19|26|40|68|12|4SX|S|9|D5
10|19|29|5|41|8|5HX|W|10|SQ
10|19|31|51|25|46|4SX|S|9|CT
10|19|45|59|52|16|5HX|W|10|SQ
10|19|47|58|34|75|5HX|W|10|SQ
10|19|54|35|70|77|4S|N|9|D5
10|19|66|36|65|83|4H|W|10|S2
10|19|73|81|9|39|4H|W|10|S2
10|19|82|53|61|22|4S|S|9|CT
10|20|11|50|17|48|4HX|S|10|DK
10|20|14|74|13|4|3H|S|10|DA
10|20|15|62|20|76|4H|N|10|D5
10|20|23|69|78|1|4H|N|10|D6
10|20|24|44|10|56|4H|N|10|D6
10|20|26|40|68|12|4H|S|10|DA
10|20|29|5|41|8|4H|N|10|HT
10|20|31|51|25|46|3H|S|10|DA
10|20|45|59|52|16|4H|S|10|DA
10|20|47|58|34|75|4H|S|10|DK
10|20|54|35|70|77|4H|N|10|D6
10|20|66|36|65|83|4H|S|10|DA
10|20|73|81|9|39|4H|S|10|DA
10|20|82|53|61|22|3H|N|10|HT
10|21|11|50|17|48|3N|W|9|D3
10|21|14|74|13|4|3N|E|10|SJ
10|21|15|62|20|76|3N|E|10|SJ
10|21|23|69|78|1|3N|E|10|SJ
10|21|24|44|10|56|3N|E|9|H9
10|21|26|40|68|12|4H|E|9|D6
10|21|29|5|41|8|3N|W|10|H3
10|21|31|51|25|46|3N|W|10|HK
10|21|45|59|52|16|3N|E|10|SJ
10|21|47|58|34|75|3N|E|10|SJ
10|21|54|35|70|77|3N|E|10|SJ
10|21|66|36|65|83|3N|E|10|SJ
10|21|73|81|9|39|3N|W|11|H3
10|21|82|53|61|22|3N|E|10|ST
10|22|11|50|17|48|3N|E|10|D5
10|22|14|74|13|4|3N|W|9|CK
10|22|15|62|20|76|6DX|E|10|C7
10|22|23|69|78|1|6S|W|10|HT
10|22|24|44|10|56|6D|E|9|H5
10|22|26|40|68|12|6D|E|9|C7
10|22|29|5|41|8|3HX|W|8|CQ
10|22|31|51|25|46|3CX|S|8|DQ
10|22|45|59|52|16|4S|W|9|CQ
10|22|47|58|34|75|6D|E|11|D6
10|22|54|35|70|77|6DX|E|8|H5
10|22|66|36|65|83|3N|E|9|C7
10|22|73|81|9|39|4S|W|9|CQ
10|22|82|53|61|22|4HX|N|5|CA
10|23|11|50|17|48|3S|S|9|H6
10|23|14|74|13|4|2H|W|9|D4
10|23|15|62|20|76|4S|N|10|C5
10|23|23|69|78|1|3S|S|9|HK
10|23|24|44|10|56|3S|S|10|HK
10|23|26|40|68|12|4S|S|10|HK
10|23|29|5|41|8|3S|S|9|HK
10|23|31|51|25|46|4S|S|10|HQ
10|23|45|59|52|16|4S|S|9|HK
10|23|47|58|34|75|5D|S|8|HK
10|23|54|35|70|77|2S|N|11|H5
10|23|66|36|65|83|3H|W|9|SA
10|23|73|81|9|39|4S|N|11|S2
10|23|82|53|61|22|3S|S|11|D3
10|24|11|50|17|48|3N|S|11|ST
10|24|14|74|13|4|2N|S|11|S9
10|24|15|62|20|76|4H|N|10|S4
10|24|23|69|78|1|3N|S|10|ST
10|24|24|44|10|56|4H|N|11|C6
10|24|26|40|68|12|3N|S|11|ST
10|24|29|5|41|8|4H|N|11|S4
10|24|31|51|25|46|3N|S|11|S9
10|24|45|59|52|16|1N|E|3|H7
10|24|47|58|34|75|4H|N|11|S7
10|24|54|35|70|77|3N|N|11|ST
10|24|66|36|65|83|4H|S|11|S3
10|24|73|81|9|39|3N|S|11|ST
10|24|82|53|61|22|3N|S|11|ST
10|25|11|50|17|48|6S|N|12|DA
10|25|14|74|13|4|5S|N|13|C7
10|25|15|62|20|76|4S|N|13|C2
10|25|23|69|78|1|6S|N|13|C2
10|25|24|44|10|56|6S|N|13|H8
10|25|26|40|68|12|6S|N|13|C2
10|25|29|5|41|8|6S|N|13|ST
10|25|31|51|25|46|6S|N|13|ST
10|25|45|59|52|16|6S|N|12|DA
10|25|47|58|34|75|4S|N|13|C6
10|25|54|35|70|77|4S|N|13|S3
10|25|66|36|65|83|6S|N|12|DA
10|25|73|81|9|39|4S|N|13|C5
10|25|82|53|61|22|6S|N|13|ST
10|26|11|50|17|48|3N|N|8|S7
10|26|14|74|13|4|5CX|S|10|D7
10|26|15|62|20|76|4H|N|10|S9
10|26|23|69|78|1|3D|E|6|H9
10|26|24|44|10|56|3N|N|9|D4
10|26|26|40|68|12|3N|N|9|D4
10|26|29|5|41|8|3N|N|9|D6
10|26|31|51|25|46|3N|N|9|HJ
10|26|45|59|52|16|3N|N|10|D7
10|26|47|58|34|75|3N|N|9|D2
10|26|54|35|70|77|3N|N|9|D3
10|26|66|36|65|83|3N|N|8|S2
10|26|73|81|9|39|5C|N|10|D2
10|26|82|53|61|22|3N|N|9|D2
10|27|11|50|17|48|1D|N|7|D3
10|27|14|74|13|4|1N|N|5|D3
10|27|15|62|20|76|3N|E|10|S7
10|27|23|69|78|1|2S|N|7|C2
10|27|24|44|10|56|1N|N|4|D5
10|27|26|40|68|12|1S|N|6|H2
10|27|29|5|41|8|1N|N|3|C5
10|27|31|51|25|46|1N|W|7|H5
10|27|45|59|52|16|1D|N|6|D5
10|27|47|58|34|75|2H|S|3|C3
10|27|54|35|70|77|1D|N|6|C3
10|27|66|36|65|83|1N|N|7|D3
10|27|73|81|9|39|1D|N|7|C5
10|27|82|53|61|22|1N|N|5|CQ
10|28|11|50|17|48|2CX|N|9|CT
10|28|14|74|13|4|4H|W|10|D6
10|28|15|62|20|76|4H|W|8|D6
10|28|23|69|78|1|3N|E|8|S8
10|28|24|44|10|56|1NX|W|10|SJ
10|28|26|40|68|12|4H|W|9|S5
10|28|29|5|41|8|2H|W|9|ST
10|28|31|51|25|46|1N|E|9|DQ
10|28|45|59|52|16|2H|W|10|SJ
10|28|47|58|34|75|4H|W|8|S3
10|28|54|35|70|77|3H|E|9|SJ
10|28|66|36|65|83|1SX|N|7|H4
10|28|73|81|9|39|4H|W|11|SJ
10|28|82|53|61|22|4H|W|9|S5
10|29|11|50|17|48|4S|E|9|DA
10|29|14|74|13|4|3S|W|9|DA
10|29|15|62|20|76|4S|E|10|DK
10|29|23|69|78|1|4S|E|9|DK
10|29|24|44|10|56|4S|E|9|C5
10|29|26|40|68|12|4S|E|9|DK
10|29|29|5|41|8|4S|E|9|DK
10|29|31|51|25|46|4S|E|9|DA
10|29|45|59|52|16|4S|E|10|DA
10|29|47|58|34|75|4S|E|10|DK
10|29|54|35|70|77|4S|E|9|DA
10|29|66|36|65|83|2S|E|9|DK
10|29|73|81|9|39|4S|E|9|DA
10|29|82|53|61|22|4S|E|9|S5
10|30|11|50|17|48|3N|E|10|D8
10|30|14|74|13|4|2H|W|9|D8
10|30|15|62|20|76|2N|E|8|D3
10|30|23|69|78|1|3N|W|10|S5
10|30|24|44|10|56|2H|W|9|D8
10|30|26|40|68|12|3H|W|10|C9
10|30|29|5|41|8|3N|E|8|D3
10|30|31|51|25|46|3N|W|10|S4
10|30|45|59|52|16|3N|W|9|D2
10|30|47|58|34|75|2H|W|10|CT
10|30|54|35|70|77|3N|E|10|S4
10|30|66|36|65|83|2H|W|9|D2
10|30|73|81|9|39|4H|W|8|HA
10|30|82|53|61|22|4H|W|11|C9
10|31|11|50|17|48|6H|N|13|SJ
10|31|14|74|13|4|7H|N|13|SJ
10|31|15|62|20|76|6H|N|13|SJ
10|31|23|69|78|1|6SX|E|6|H8
10|31|24|44|10|56|6H|N|12|D8
10|31|26|40|68|12|6H|S|12|S3
10|31|29|5|41|8|6H|N|13|D8
10|31|31|51|25|46|6H|N|12|SJ
10|31|45|59|52|16|6HX|E|6|SA
10|31|47|58|34|75|6H|N|12|SJ
10|31|54|35|70|77|6H|N|13|CJ
10|31|66|36|65|83|6H|N|12|SJ
10|31|73|81|9|39|6H|N|13|D8
10|31|82|53|61|22|6SX|E|6|H6
10|32|11|50|17|48|3H|N|9|SJ
10|32|14|74|13|4|4H|N|10|C4
10|32|15|62|20|76|4H|S|9|S2
10|32|23|69|78|1|4H|N|10|CA
10|32|24|44|10|56|3H|S|9|D9
10|32|26|40|68|12|4H|N|10|C8
10|32|29|5|41|8|3H|S|9|D9
10|32|31|51|25|46|3H|S|10|D9
10|32|45|59|52|16|4H|N|10|C7
10|32|47|58|34|75|4H|S|9|D9
10|32|54|35|70|77|4H|N|9|C4
10|32|66|36|65|83|3H|S|10|CA
10|32|73|81|9|39|4H|S|9|D7
10|32|82|53|61|22|3H|N|10|C8
11|1|23|58|78|75|5C|N|11|HK
11|1|24|15|10|20|5C|N|11|HK
11|1|27|33|60|64|5CX|N|11|HA
11|1|28|59|83|16|5CX|N|11|HK
11|1|29|6|41|19|5CX|N|11|HA
11|1|35|11|77|17|5CX|N|11|HK
11|1|51|30|46|71|5C|N|11|HA
11|1|55|79|63|80|5C|N|11|HA
11|1|57|7|72|32|5C|N|11|HK
11|1|62|38|76|49|5C|N|11|HA
11|1|66|50|65|48|5CX|N|11|HA
11|1|67|3|2|47|5C|N|11|HA
11|1|69|14|1|13|5C|N|11|HA
11|1|73|74|9|4|4C|N|11|HA
11|10|23|58|78|75|2S|E|7|CK
11|10|24|15|10|20|3D|N|8|C2
11|10|27|33|60|64|3D|N|8|C4
11|10|28|59|83|16|3D|N|7|C4
11|10|29|6|41|19|3D|S|8|CQ
11|10|35|11|77|17|2H|W|6|D6
11|10|51|30|46|71|3D|N|7|C4
11|10|55|79|63|80|2H|E|8|CK
11|10|57|7|72|32|2S|E|7|CA
11|10|62|38|76|49|3D|N|8|C2
11|10|66|50|65|48|2D|N|8|S4
11|10|67|3|2|47|2D|N|8|S3
11|10|69|14|1|13|2S|E|7|CA
11|10|73|74|9|4|3D|N|8|H7
11|11|23|58|78|75|3S|E|9|DJ
11|11|24|15|10|20|3HX|S|7|S2
11|11|27|33|60|64|4S|E|10|HJ
11|11|28|59|83|16|3S|E|10|CA
11|11|29|6|41|19|4HX|N|7|H4
11|11|35|11|77|17|4HX|N|8|DK
11|11|51|30|46|71|3S|E|9|HT
11|11|55|79|63|80|4S|E|9|DJ
11|11|57|7|72|32|2S|E|9|DJ
11|11|62|38|76|49|4S|E|8|HJ
11|11|66|50|65|48|4S|E|10|CA
11|11|67|3|2|47|4S|E|9|DJ
11|11|69|14|1|13|4S|E|9|HK
11|11|73|74|9|4|3C|E|9|S8
11|12|23|58|78|75|2H|W|9|D7
11|12|24|15|10|20|4H|E|9|HK
11|12|27|33|60|64|2C|N|6|DA
11|12|28|59|83|16|3S|S|8|S6
11|12|29|6|41|19|3H|E|9|HK
11|12|35|11|77|17|2H|E|9|SK
11|12|51|30|46|71|2SX|N|7|H6
11|12|55|79|63|80|3H|E|9|HK
11|12|57|7|72|32|3N|W|7|S2
11|12|62|38|76|49|3H|E|9|HQ
11|12|66|50|65|48|4H|W|9|CT
11|12|67|3|2|47|2N|E|7|C3
11|12|69|14|1|13|2H|E|9|SK
11|12|73|74|9|4|2S|N|7|C5
11|13|23|58|78|75|5HX|N|8|S4
11|13|24|15|10|20|4S|W|11|H9
11|13|27|33|60|64|4S|W|11|H7
11|13|28|59|83|16|5HX|S|9|S8
11|13|29|6|41|19|4S|E|11|HQ
11|13|35|11|77|17|4S|W|11|H3
11|13|51|30|46|71|4S|E|11|C6
11|13|55|79|63|80|4S|E|11|HK
11|13|57|7|72|32|4S|E|10|C6
11|13|62|38|76|49|4S|W|11|H2
11|13|66|50|65|48|4S|W|10|H7
11|13|67|3|2|47|5HX|S|8|CQ
11|13|69|14|1|13|5SX|W|11|DT
11|13|73|74|9|4|6S|E|11|HK
11|14|23|58|78|75|3N|N|7|S4
11|14|24|15|10|20|3N|N|8|S4
11|14|27|33|60|64|3N|N|8|HQ
11|14|28|59|83|16|3N|N|7|D5
11|14|29|6|41|19|2N|N|8|S4
11|14|35|11|77|17|2N|S|7|H9
11|14|51|30|46|71|3N|N|9|S4
11|14|55|79|63|80|3C|N|9|S5
11|14|57|7|72|32|3C|S|9|S6
11|14|62|38|76|49|3N|N|9|S4
11|14|66|50|65|48|3C|S|8|S6
11|14|67|3|2|47|2D|N|8|D5
11|14|69|14|1|13|3N|N|9|S4
11|14|73|74|9|4|2H|S|9|C4
11|15|23|58|78|75|2H|S|9|H3
11|15|24|15|10|20|1N|W|6|H2
11|15|27|33|60|64|4H|N|9|C6
11|15|28|59|83|16|3H|N|9|D5
11|15|29|6|41|19|1N|E|6|H3
11|15|35|11|77|17|4H|S|9|DK
11|15|51|30|46|71|4D|W|9|C7
11|15|55|79|63|80|1N|E|6|H4
11|15|57|7|72|32|1N|W|5|H5
11|15|62|38|76|49|4H|S|9|DK
11|15|66|50|65|48|3H|N|9|D4
11|15|67|3|2|47|4H|S|9|DK
11|15|69|14|1|13|4C|W|9|C7
11|15|73|74|9|4|3H|N|9|C5
11|16|23|58|78|75|1N|S|9|C3
11|16|24|15|10|20|1DX|E|5|SA
11|16|27|33|60|64|2N|N|8|SQ
11|16|28|59|83|16|1N|S|7|C6
11|16|29|6|41|19|3N|S|9|D5
11|16|35|11|77|17|2N|S|8|D3
11|16|51|30|46|71|1N|E|5|H8
11|16|55|79|63|80|2H|N|10|CT
11|16|57|7|72|32|1DX|E|6|SA
11|16|62|38|76|49|3N|S|9|D2
11|16|66|50|65|48|1S|N|9|CT
11|16|67|3|2|47|1N|N|9|C4
11|16|69|14|1|13|3N|S|8|D4
11|16|73|74|9|4|1DX|E|5|SA
11|2|23|58|78|75|5HX|W|10|SA
11|2|24|15|10|20|5H|E|10|SA
11|2|27|33|60|64|4H|E|10|D7
11|2|28|59|83|16|4S|S|9|CK
11|2|29|6|41|19|4H|E|10|CA
11|2|35|11|77|17|4H|E|10|D6
11|2|51|30|46|71|5HX|E|10|HA
11|2|55|79|63|80|5HX|E|10|HA
11|2|57|7|72|32|4H|E|10|D7
11|2|62|38|76|49|5HX|E|10|SA
11|2|66|50|65|48|4H|E|10|D2
11|2|67|3|2|47|5HX|E|10|SA
11|2|69|14|1|13|4H|E|10|D7
11|2|73|74|9|4|5HX|E|10|SA
11|3|23|58|78|75|3N|N|8|S9
11|3|24|15|10|20|3N|S|7|H5
11|3|27|33|60|64|3N|N|10|HQ
11|3|28|59|83|16|3N|N|8|ST
11|3|29|6|41|19|3N|N|8|ST
11|3|35|11|77|17|3N|N|8|ST
11|3|51|30|46|71|3N|N|8|S9
11|3|55|79|63|80|3N|N|8|S2
11|3|57|7|72|32|3N|N|8|ST
11|3|62|38|76|49|3N|S|8|S2
11|3|66|50|65|48|3N|S|8|S9
11|3|67|3|2|47|3N|N|8|S2
11|3|69|14|1|13|3N|N|10|D2
11|3|73|74|9|4|3N|N|8|S9
11|4|23|58|78|75|4H|N|10|S5
11|4|24|15|10|20|4H|S|10|CJ
11|4|27|33|60|64|3N|N|8|C2
11|4|28|59|83|16|4H|S|10|D5
11|4|29|6|41|19|4H|N|10|S5
11|4|35|11|77|17|3H|S|10|D4
11|4|51|30|46|71|3N|S|9|CT
11|4|55|79|63|80|3N|N|9|S7
11|4|57|7|72|32|4H|S|10|S8
11|4|62|38|76|49|4H|S|11|D2
11|4|66|50|65|48|4H|N|9|C5
11|4|67|3|2|47|4H|N|10|D9
11|4|69|14|1|13|3N|N|11|S6
11|4|73|74|9|4|4H|N|9|D9
11|5|23|58|78|75|4H|E|10|DK
11|5|24|15|10|20|4H|E|10|DA
11|5|27|33|60|64|3N|N|7|HT
11|5|28|59|83|16|4H|E|10|DK
11|5|29|6|41|19|4H|E|10|DA
11|5|35|11|77|17|4H|E|10|DA
11|5|51|30|46|71|4H|E|10|DA
11|5|55|79|63|80|4H|E|10|DK
11|5|57|7|72|32|4H|E|10|DK
11|5|62|38|76|49|5D|S|9|HA
11|5|66|50|65|48|4H|E|10|DK
11|5|67|3|2|47|4HX|E|10|DA
11|5|69|14|1|13|3H|W|10|C4
11|5|73|74|9|4|3H|E|10|DA
11|6|23|58|78|75|3C|N|12|D7
11|6|24|15|10|20|4C|S|9|DA
11|6|27|33|60|64|5CX|S|9|DA
11|6|28|59|83|16|5CX|N|9|D6
11|6|29|6|41|19|5CX|N|9|D7
11|6|35|11|77|17|1N|N|6|H4
11|6|51|30|46|71|4HX|W|10|D2
11|6|55|79|63|80|5CX|N|10|HA
11|6|57|7|72|32|4C|N|9|D7
11|6|62|38|76|49|5C|N|9|D2
11|6|66|50|65|48|5C|N|10|HK
11|6|67|3|2|47|1N|N|8|H4
11|6|69|14|1|13|5C|S|11|HA
11|6|73|74|9|4|3S|E|4|HJ
11|7|23|58|78|75|4H|S|11|D3
11|7|24|15|10|20|4H|S|11|D2
11|7|27|33|60|64|3N|S|11|C3
11|7|28|59|83|16|4H|S|11|C5
11|7|29|6|41|19|3N|S|12|C5
11|7|35|11|77|17|4H|S|11|S7
11|7|51|30|46|71|4H|S|11|D2
11|7|55|79|63|80|5H|N|11|D6
11|7|57|7|72|32|4H|S|11|D2
11|7|62|38|76|49|4H|S|11|D7
11|7|66|50|65|48|4H|S|11|D6
11|7|67|3|2|47|4H|S|12|C6
11|7|69|14|1|13|3N|S|9|D3
11|7|73|74|9|4|4S|N|13|C2
11|8|23|58|78|75|2S|W|7|CK
11|8|24|15|10|20|1N|E|7|C2
11|8|27|33|60|64|1N|E|9|CJ
11|8|28|59|83|16|1N|W|7|D5
11|8|29|6|41|19|2S|W|9|CQ
11|8|35|11|77|17|2S|W|9|D6
11|8|51|30|46|71|2S|W|8|S5
11|8|55|79|63|80|1N|E|7|C5
11|8|57|7|72|32|1N|E|7|CJ
11|8|62|38|76|49|1N|E|8|C2
11|8|66|50|65|48|1N|E|9|C2
11|8|67|3|2|47|2S|W|8|D3
11|8|69|14|1|13|2S|W|8|CK
11|8|73|74|9|4|1N|E|8|DQ
11|9|23|58|78|75|4S|S|12|CQ
11|9|24|15|10|20|3HX|W|5|SJ
11|9|27|33|60|64|4S|N|11|H7
11|9|28|59|83|16|4S|S|12|C5
11|9|29|6|41|19|4S|S|12|CQ
11|9|35|11|77|17|4S|S|11|CQ
11|9|51|30|46|71|4S|S|11|CQ
11|9|55|79|63|80|4S|N|12|CQ
11|9|57|7|72|32|5S|S|12|S3
11|9|62|38|76|49|4S|S|12|C2
11|9|66|50|65|48|4S|S|11|C4
11|9|67|3|2|47|4S|S|12|CQ
11|9|69|14|1|13|4S|S|11|CQ
11|9|73|74|9|4|4S|S|12|C3
12|17|11|81|17|39|4S|S|10|DT
12|17|12|83|40|3|5DX|E|8|CA
12|17|22|57|53|72|4S|N|9|CQ
12|17|26|37|68|18|3N|S|9|CJ
12|17|28|55|47|63|4S|N|10|CQ
12|17|30|69|71|1|4S|N|11|DT
12|17|31|58|25|75|4S|N|10|DT
12|17|42|45|43|52|4S|N|9|CQ
12|17|50|33|48|64|4S|N|9|CQ
12|17|54|79|70|80|4S|N|10|CQ
12|17|6|60|19|27|4S|N|10|CQ
12|17|66|2|65|67|4S|N|10|CQ
12|17|7|84|32|21|4S|N|10|CQ
12|17|82|5|61|8|4S|N|10|DT
12|18|11|81|17|39|4SX|W|8|CQ
12|18|12|83|40|3|4H|N|11|C9
12|18|22|57|53|72|4H|N|11|CT
12|18|26|37|68|18|4H|N|11|CT
12|18|28|55|47|63|5H|N|10|SA
12|18|30|69|71|1|5SX|W|8|HK
12|18|31|58|25|75|5H|N|11|SA
12|18|42|45|43|52|5SX|W|8|HK
12|18|50|33|48|64|4S|W|8|HK
12|18|54|79|70|80|4SX|E|9|CQ
12|18|6|60|19|27|4SX|E|9|CA
12|18|66|2|65|67|5H|N|10|SA
12|18|7|84|32|21|5H|N|11|SA
12|18|82|5|61|8|5SX|E|8|HQ
12|19|11|81|17|39|4H|E|10|C3
12|19|12|83|40|3|2H|E|10|S9
12|19|22|57|53|72|2H|E|10|S9
12|19|26|37|68|18|4H|E|10|S9
12|19|28|55|47|63|2H|E|9|S9
12|19|30|69|71|1|2H|E|10|S9
12|19|31|58|25|75|4H|W|9|C3
12|19|42|45|43|52|3N|W|11|S4
12|19|50|33|48|64|4H|W|10|C3
12|19|54|79|70|80|3N|E|9|C2
12|19|6|60|19|27|1N|S|3|HQ
12|19|66|2|65|67|2H|W|10|S9
12|19|7|84|32|21|3H|W|10|D7
12|19|82|5|61|8|3N|W|9|D7
12|20|11|81|17|39|3N|E|9|H7
12|20|12|83|40|3|1N|W|9|H2
12|20|22|57|53|72|2D|W|9|HQ
12|20|26|37|68|18|2H|N|7|CK
12|20|28|55|47|63|3N|W|10|H7
12|20|30|69|71|1|2D|W|9|HQ
12|20|31|58|25|75|3N|W|9|HQ
12|20|42|45|43|52|3N|W|9|H7
12|20|50|33|48|64|1N|E|9|H3
12|20|54|79|70|80|3N|E|9|HQ
12|20|6|60|19|27|3D|W|10|HQ
12|20|66|2|65|67|2S|E|9|CA
12|20|7|84|32|21|2N|W|9|H3
12|20|82|5|61|8|3D|W|10|HJ
12|21|11|81|17|39|3D|S|7|S6
12|21|12|83|40|3|2N|N|6|S6
12|21|22|57|53|72|2N|N|6|S6
12|21|26|37|68|18|2N|S|9|C9
12|21|28|55|47|63|P|S|0
12|21|30|69|71|1|3D|N|9|S9
12|21|31|58|25|75|3S|W|8|S2
12|21|42|45|43|52|3N|S|4|C9
12|21|50|33|48|64|2N|S|6|S5
12|21|54|79|70|80|3D|N|7|S3
12|21|6|60|19|27|2D|N|8|S5
12|21|66|2|65|67|P|S|0
12|21|7|84|32|21|1N|N|6|S6
12|21|82|5|61|8|3D|S|8|S4
12|22|11|81|17|39|6H|N|12|S8
12|22|12|83|40|3|4S|N|12|C8
12|22|22|57|53|72|4S|N|12|DA
12|22|26|37|68|18|4H|N|12|C8
12|22|28|55|47|63|4S|N|12|C7
12|22|30|69|71|1|4H|S|12|S8
12|22|31|58|25|75|4S|N|12|DA
12|22|42|45|43|52|4H|S|12|S3
12|22|50|33|48|64|4S|N|12|C7
12|22|54|79|70|80|4S|N|12|C7
12|22|6|60|19|27|4S|N|12|HK
12|22|66|2|65|67|6S|S|12|DA
12|22|7|84|32|21|5S|N|12|DA
12|22|82|5|61|8|4H|N|12|C2
12|23|11|81|17|39|4H|N|10|DJ
12|23|12|83|40|3|4H|S|10|H5
12|23|22|57|53|72|4H|S|10|C4
12|23|26|37|68|18|2H|S|11|DJ
12|23|28|55|47|63|2H|S|10|DJ
12|23|30|69|71|1|2H|S|10|C3
12|23|31|58|25|75|4H|S|10|DJ
12|23|42|45|43|52|4H|S|10|H3
12|23|50|33|48|64|4H|S|10|DJ
12|23|54|79|70|80|4H|N|10|C3
12|23|6|60|19|27|3H|S|9|H5
12|23|66|2|65|67|4H|S|9|H8
12|23|7|84|32|21|4H|N|10|D4
12|23|82|5|61|8|3H|S|10|DJ
12|24|11|81|17|39|6D|N|11|D7
12|24|12|83|40|3|6D|S|10|D7
12|24|22|57|53|72|6D|N|11|CQ
12|24|26|37|68|18|3N|S|11|HT
12|24|28|55|47|63|6D|S|11|D5
12|24|30|69|71|1|6D|N|11|ST
12|24|31|58|25|75|5D|N|11|ST
12|24|42|45|43|52|3N|S|11|C6
12|24|50|33|48|64|3N|S|11|C6
12|24|54|79|70|80|3N|N|12|S2
12|24|6|60|19|27|3N|S|12|S4
12|24|66|2|65|67|6D|S|11|D8
12|24|7|84|32|21|5D|N|11|ST
12|24|82|5|61|8|5D|N|10|S3
12|25|11|81|17|39|5H|S|11|C2
12|25|12|83|40|3|4H|N|9|CT
12|25|22|57|53|72|5CX|W|9|HT
12|25|26|37|68|18|4H|N|9|C2
12|25|28|55|47|63|4H|N|10|C6
12|25|30|69|71|1|5CX|W|9|HT
12|25|31|58|25|75|4H|N|11|C6
12|25|42|45|43|52|6H|N|12|D4
12|25|50|33|48|64|4H|S|11|C6
12|25|54|79|70|80|5H|N|11|CJ
12|25|6|60|19|27|4H|N|11|C6
12|25|66|2|65|67|5CX|W|9|HT
12|25|7|84|32|21|4H|N|10|C6
12|25|82|5|61|8|4H|N|10|S9
12|26|11|81|17|39|4S|E|11|S3
12|26|12|83|40|3|4S|W|11|H7
12|26|22|57|53|72|4S|W|11|D7
12|26|26|37|68|18|4S|W|11|H7
12|26|28|55|47|63|4S|W|11|H7
12|26|30|69|71|1|4S|W|11|D7
12|26|31|58|25|75|4S|W|11|S3
12|26|42|45|43|52|6S|W|11|S3
12|26|50|33|48|64|5S|W|11|S9
12|26|54|79|70|80|6S|E|11|S2
12|26|6|60|19|27|4S|W|11|S3
12|26|66|2|65|67|6S|W|11|S3
12|26|7|84|32|21|4S|W|11|C4
12|26|82|5|61|8|5S|W|11|C2
12|27|11|81|17|39|6N|N|9|H6
12|27|12|83|40|3|4S|N|11|H3
12|27|22|57|53|72|4S|N|12|S2
12|27|26|37|68|18|4S|N|11|H7
12|27|28|55|47|63|3N|N|8|H2
12|27|30|69|71|1|4S|N|11|H2
12|27|31|58|25|75|5S|S|11|C4
12|27|42|45|43|52|6S|N|11|H2
12|27|50|33|48|64|3N|N|11|H7
12|27|54|79|70|80|4S|N|11|H5
12|27|6|60|19|27|4S|N|11|H2
12|27|66|2|65|67|3N|N|8|H3
12|27|7|84|32|21|3N|N|9|H5
12|27|82|5|61|8|3N|N|8|H4
12|28|11|81|17|39|3N|S|6|C5
12|28|12|83|40|3|2N|N|6|C5
12|28|22|57|53|72|3N|N|6|C5
12|28|26|37|68|18|3N|N|9|CA
12|28|28|55|47|63|3H|W|9|D5
12|28|30|69|71|1|4D|N|10|CA
12|28|31|58|25|75|2D|S|10|CQ
12|28|42|45|43|52|4SX|S|8|H2
12|28|50|33|48|64|3H|W|9|D5
12|28|54|79|70|80|3D|N|10|CA
12|28|6|60|19|27|3H|W|10|D5
12|28|66|2|65|67|3NX|N|9|S8
12|28|7|84|32|21|4H|W|9|D2
12|28|82|5|61|8|2C|E|10|DK
12|29|11|81|17|39|4S|S|10|HA
12|29|12|83|40|3|4S|N|11|H4
12|29|22|57|53|72|4S|S|10|HA
12|29|26|37|68|18|4S|N|11|H4
12|29|28|55|47|63|4S|N|11|H4
12|29|30|69|71|1|5S|S|11|HA
12|29|31|58|25|75|4HX|W|6|SA
12|29|42|45|43|52|3S|N|10|H4
12|29|50|33|48|64|4S|N|11|H4
12|29|54|79|70|80|4S|N|11|H6
12|29|6|60|19|27|4S|N|11|H4
12|29|66|2|65|67|4S|S|11|HK
12|29|7|84|32|21|4S|N|11|H4
12|29|82|5|61|8|3N|N|9|HJ
12|30|11|81|17|39|3N|E|9|S5
12|30|12|83|40|3|3N|E|10|H6
12|30|22|57|53|72|3N|W|10|S4
12|30|26|37|68|18|3N|W|8|C9
12|30|28|55|47|63|3N|W|12|S4
12|30|30|69|71|1|3N|W|11|S9
12|30|31|58|25|75|6C|W|10|DA
12|30|42|45|43|52|3N|E|11|H8
12|30|50|33|48|64|4N|E|11|H8
12|30|54|79|70|80|3N|E|10|C9
12|30|6|60|19|27|4N|W|10|S9
12|30|66|2|65|67|3N|E|10|H8
12|30|7|84|32|21|3N|E|10|H8
12|30|82|5|61|8|3N|E|11|S9
12|31|11|81|17|39|4S|E|7|C2
12|31|12|83|40|3|P|S|0
12|31|22|57|53|72|4H|S|11|DJ
12|31|26|37|68|18|2CX|W|6|H3
12|31|28|55|47|63|2S|E|7|C4
12|31|30|69|71|1|3S|E|8|C4
12|31|31|58|25|75|3S|E|7|C4
12|31|42|45|43|52|4S|E|8|C2
12|31|50|33|48|64|3S|W|6|H3
12|31|54|79|70|80|3S|E|7|D7
12|31|6|60|19|27|3S|W|7|D7
12|31|66|2|65|67|3S|E|7|C2
12|31|7|84|32|21|4H|S|11|DJ
12|31|82|5|61|8|3H|S|10|CK
12|32|11|81|17|39|4S|E|11|CK
12|32|12|83|40|3|4S|E|10|CK
12|32|22|57|53|72|4S|E|10|CK
12|32|26|37|68|18|2D|E|9|CK
12|32|28|55|47|63|4S|E|11|CK
12|32|30|69|71|1|4S|E|11|CK
12|32|31|58|25|75|4D|E|9|CK
12|32|42|45|43|52|4S|E|11|CK
12|32|50|33|48|64|4S|E|10|CK
12|32|54|79|70|80|4S|E|11|CK
12|32|6|60|19|27|3S|E|10|CK
12|32|66|2|65|67|4S|W|10|C3
12|32|7|84|32|21|4S|E|11|CK
12|32|82|5|61|8|3S|W|10|C6
13|1|11|3|17|83|2S|N|7|CK
13|1|24|62|10|76|4D|E|10|SJ
13|1|26|53|68|22|5D|E|10|HA
13|1|27|44|60|56|4SX|N|7|CK
13|1|28|69|47|1|4HX|N|8|CA
13|1|29|14|41|13|3H|S|8|DK
13|1|31|9|25|73|3N|W|6|H6
13|1|35|71|77|30|3N|W|7|H6
13|1|4|48|74|37|3N|W|6|H6
13|1|51|58|46|75|3N|W|6|H6
13|1|66|45|65|52|2H|N|7|H4
13|1|7|59|32|16|3D|E|11|SJ
13|1|78|57|23|72|3C|W|9|DA
13|1|84|43|21|42|3C|W|9|S4
13|10|11|3|17|83|3H|E|9|DK
13|10|24|62|10|76|3C|N|8|H3
13|10|26|53|68|22|3C|N|8|H7
13|10|27|44|60|56|2H|W|9|DA
13|10|28|69|47|1|3H|W|9|DA
13|10|29|14|41|13|2H|W|9|DK
13|10|31|9|25|73|3H|W|9|DA
13|10|35|71|77|30|2H|E|10|DK
13|10|4|48|74|37|2H|W|9|DA
13|10|51|58|46|75|2H|W|10|C5
13|10|66|45|65|52|2H|W|10|DK
13|10|7|59|32|16|2S|S|7|HK
13|10|78|57|23|72|3H|E|9|DA
13|10|84|43|21|42|3C|N|9|D6
13|11|11|3|17|83|3H|E|8|H3
13|11|24|62|10|76|1N|S|5|H2
13|11|26|53|68|22|3C|S|9|S5
13|11|27|44|60|56|2H|W|8|H4
13|11|28|69|47|1|3H|W|8|H3
13|11|29|14|41|13|3H|W|8|C6
13|11|31|9|25|73|3C|S|9|S5
13|11|35|71|77|30|2H|W|9|DA
13|11|4|48|74|37|1N|S|8|S5
13|11|51|58|46|75|3C|S|9|S5
13|11|66|45|65|52|2S|E|6|DK
13|11|7|59|32|16|1N|S|5|HA
13|11|78|57|23|72|3C|S|9|S5
13|11|84|43|21|42|3H|W|8|H3
13|12|11|3|17|83|3N|W|8|DK
13|12|24|62|10|76|3D|N|9|SA
13|12|26|53|68|22|2C|N|9
13|12|27|44|60|56|1S|E|5|C4
13|12|28|69|47|1|2S|E|5|C4
13|12|29|14|41|13|2C|N|8|SA
13|12|31|9|25|73|3D|S|10|S7
13|12|35|71|77|30|2S|E|6|C4
13|12|4|48|74|37|1S|E|6|C4
13|12|51|58|46|75|2C|N|9|SQ
13|12|66|45|65|52|2C|N|8|SA
13|12|7|59|32|16|2S|E|5|C2
13|12|78|57|23|72|3C|N|8|SQ
13|12|84|43|21|42|2S|E|5|C4
13|13|11|3|17|83|2SX|N|6|DJ
13|13|24|62|10|76|3C|E|7|H4
13|13|26|53|68|22|2SX|N|4|D7
13|13|27|44|60|56|3C|E|9|H7
13|13|28|69|47|1|2S|E|8|C3
13|13|29|14|41|13|3N|W|6|DQ
13|13|31|9|25|73|2S|W|7|CA
13|13|35|71|77|30|2DX|S|5|DK
13|13|4|48|74|37|3N|W|9|C7
13|13|51|58|46|75|4H|E|8|C3
13|13|66|45|65|52|2S|N|5|D7
13|13|7|59|32|16|3C|E|9|H7
13|13|78|57|23|72|2N|E|8|CK
13|13|84|43|21|42|2SX|N|4|D7
13|14|11|3|17|83|6D|E|13|S5
13|14|24|62|10|76|6D|E|13|C9
13|14|26|53|68|22|6D|E|13|S2
13|14|27|44|60|56|6D|E|12|S2
13|14|28|69|47|1|6N|E|13|S5
13|14|29|14|41|13|7D|E|13|S3
13|14|31|9|25|73|7D|E|13|S2
13|14|35|71|77|30|6D|W|12|SJ
13|14|4|48|74|37|6N|E|13|S6
13|14|51|58|46|75|6D|W|13|SJ
13|14|66|45|65|52|6D|W|13|S6
13|14|7|59|32|16|4H|E|11|S5
13|14|78|57|23|72|5D|E|13|C9
13|14|84|43|21|42|6D|E|13|S2
13|15|11|3|17|83|4SX|E|9|HA
13|15|24|62|10|76|4S|E|9|HJ
13|15|26|53|68|22|3S|E|9|HT
13|15|27|44|60|56|4SXX|E|9|DQ
13|15|28|69|47|1|5DX|S|10|SA
13|15|29|14|41|13|4SX|W|9|HA
13|15|31|9|25|73|4S|E|9|DQ
13|15|35|71|77|30|4S|W|9|HA
13|15|4|48|74|37|5DX|N|9|CJ
13|15|51|58|46|75|4S|E|9|HT
13|15|66|45|65|52|4SX|E|9|DQ
13|15|7|59|32|16|4S|E|9|DQ
13|15|78|57|23|72|4S|E|9|HJ
13|15|84|43|21|42|5S|W|9|HA
13|16|11|3|17|83|3N|E|9|C2
13|16|24|62|10|76|3N|E|11|D6
13|16|26|53|68|22|3N|E|11|D7
13|16|27|44|60|56|3N|W|9|D9
13|16|28|69|47|1|3N|W|9|D9
13|16|29|14|41|13|3N|W|10|S5
13|16|31|9|25|73|3N|E|8|DQ
13|16|35|71|77|30|3N|E|10|D7
13|16|4|48|74|37|3N|W|9|D9
13|16|51|58|46|75|3N|W|10|S5
13|16|66|45|65|52|3N|W|8|D9
13|16|7|59|32|16|3N|W|10|HT
13|16|78|57|23|72|3N|W|9|S5
13|16|84|43|21|42|3N|W|9|C2
13|2|11|3|17|83|4S|S|12|S5
13|2|24|62|10|76|4S|S|11|DK
13|2|26|53|68|22|4S|S|12|S2
13|2|27|44|60|56|4S|S|10|DK
13|2|28|69|47|1|4S|S|12|S6
13|2|29|14|41|13|4S|S|12|S5
13|2|31|9|25|73|4S|S|10|S4
13|2|35|71|77|30|4S|S|10|S4
13|2|4|48|74|37|4S|S|12|S2
13|2|51|58|46|75|3N|S|12|D2
13|2|66|45|65|52|4S|S|12|S4
13|2|7|59|32|16|4S|S|11|DK
13|2|78|57|23|72|4S|S|11|DK
13|2|84|43|21|42|4S|S|11|DK
13|3|11|3|17|83|4H|N|10|C3
13|3|24|62|10|76|3D|S|7|H4
13|3|26|53|68|22|2H|N|8|SA
13|3|27|44|60|56|1S|E|5|H6
13|3|28|69|47|1|2H|N|9|S4
13|3|29|14|41|13|4H|N|9|SA
13|3|31|9|25|73|2H|N|9|SA
13|3|35|71|77|30|4H|N|8|SA
13|3|4|48|74|37|2H|N|8|C3
13|3|51|58|46|75|2H|N|9|SA
13|3|66|45|65|52|4H|N|8|C5
13|3|7|59|32|16|3H|N|8|S2
13|3|78|57|23|72|4H|S|8|C5
13|3|84|43|21|42|4H|N|9|SA
13|4|11|3|17|83|3C|E|10|HT
13|4|24|62|10|76|3N|W|7|HK
13|4|27|44|60|56|3N|E|9|HT
13|4|28|69|47|1|3N|E|8|HT
13|4|29|14|41|13|3N|E|8|H9
13|4|31|9|25|73|3N|E|9|HT
13|4|35|71|77|30|3N|E|7|HT
13|4|4|48|74|37|3N|E|9|S4
13|4|51|58|46|75|3N|W|7|HK
13|4|66|45|65|52|3N|W|7|HK
13|4|7|59|32|16|3N|E|9|HT
13|4|78|57|23|72|3N|E|12|D2
13|4|84|43|21|42|3N|E|9|HT
13|5|11|3|17|83|4S|S|11|C9
13|5|24|62|10|76|4S|S|10|DQ
13|5|26|53|68|22|4S|S|11|DQ
13|5|27|44|60|56|4S|N|11|H4
13|5|28|69|47|1|4S|S|11|C9
13|5|29|14|41|13|3N|S|9|DQ
13|5|31|9|25|73|4S|N|11|D4
13|5|35|71|77|30|4S|S|10|C9
13|5|4|48|74|37|3N|S|10|DQ
13|5|51|58|46|75|4S|S|11|DQ
13|5|66|45|65|52|3S|N|11|D7
13|5|7|59|32|16|4S|N|11|S2
13|5|78|57|23|72|4S|N|11|D4
13|5|84|43|21|42|4S|N|11|S4
13|6|11|3|17|83|3N|S|7|H5
13|6|24|62|10|76|2H|W|9|H2
13|6|26|53|68|22|3N|S|7|DT
13|6|27|44|60|56|3N|S|7|H3
13|6|28|69|47|1|3N|S|9|D9
13|6|29|14|41|13|3N|S|8|DT
13|6|31|9|25|73|3N|S|7|H3
13|6|35|71|77|30|3N|S|6|DT
13|6|4|48|74|37|3N|S|6|D9
13|6|51|58|46|75|3N|S|9|DT
13|6|66|45|65|52|2N|S|8|DT
13|6|7|59|32|16|3N|S|9|DT
13|6|78|57|23|72|3N|N|6|H2
13|6|84|43|21|42|3N|S|10|DT
13|7|11|3|17|83|4HX|E|11|S5
13|7|24|62|10|76|4H|E|11|D2
13|7|26|53|68|22|4H|E|11|D2
13|7|27|44|60|56|4H|E|11|D2
13|7|28|69|47|1|4HX|E|11|D2
13|7|29|14|41|13|4H|E|11|D2
13|7|31|9|25|73|6H|E|12|CA
13|7|35|71|77|30|4H|E|11|D3
13|7|4|48|74|37|4H|E|11|D2
13|7|51|58|46|75|4H|E|11|D2
13|7|66|45|65|52|4H|E|11|D2
13|7|7|59|32|16|4H|E|11|D5
13|7|78|57|23|72|4H|E|11|D5
13|7|84|43|21|42|4HX|E|11|D2
13|8|11|3|17|83|2H|N|8|D5
13|8|24|62|10|76|3D|W|8|SQ
13|8|26|53|68|22|3H|S|9|S3
13|8|27|44|60|56|3D|W|8|SQ
13|8|28|69|47|1|2H|N|9|D3
13|8|29|14|41|13|2D|W|8|SJ
13|8|31|9|25|73|4H|S|8|CK
13|8|35|71|77|30|1N|E|6|SK
13|8|4|48|74|37|2H|S|9|CK
13|8|51|58|46|75|2H|N|7|D3
13|8|66|45|65|52|3D|W|8|SQ
13|8|7|59|32|16|3D|W|8|SQ
13|8|78|57|23|72|2D|E|8|SQ
13|8|84|43|21|42|1N|E|6|H7
13|9|11|3|17|83|P|S|0
13|9|24|62|10|76|1N|N|9|H2
13|9|26|53|68|22|2D|W|6|C5
13|9|27|44|60|56|2S|S|10|H6
13|9|28|69|47|1|P|S|0
13|9|29|14|41|13|2N|N|9|H4
13|9|31|9|25|73|3C|N|10|DQ
13|9|35|71|77|30|P|S|0
13|9|4|48|74|37|1N|N|8|H4
13|9|51|58|46|75|2N|N|9|DQ
13|9|66|45|65|52|2D|W|8|S2
13|9|7|59|32|16|1N|N|9|H4
13|9|78|57|23|72|3C|S|9|H6
13|9|84|43|21|42|2N|N|10|H4
14|17|14|28|13|47|4S|N|10|HJ
14|17|23|79|78|80|4S|N|9|DQ
14|17|24|50|10|48|4S|N|10|HJ
14|17|26|74|68|4|4S|N|9|HJ
14|17|31|27|25|60|4S|N|9|HJ
14|17|34|35|3|77|4S|N|8|HJ
14|17|38|2|49|67|4S|N|9|HJ
14|17|39|15|81|20|4S|N|9|DJ
14|17|44|58|56|75|4S|N|10|HJ
14|17|45|5|52|8|4S|N|9|HJ
14|17|54|33|70|64|4S|N|10|HJ
14|17|55|71|63|30|4S|N|10|HJ
14|17|66|82|65|61|4S|N|10|HT
14|17|73|6|9|19|4S|N|11|DQ
14|18|14|28|13|47|1N|E|5|H3
14|18|23|79|78|80|1N|E|6|H2
14|18|24|50|10|48|3H|S|8|CQ
14|18|26|74|68|4|1N|E|5|HA
14|18|31|27|25|60|3H|S|8|CQ
14|18|34|35|3|77|1N|E|5|HK
14|18|38|2|49|67|1N|E|4|HA
14|18|39|15|81|20|1N|E|6|D5
14|18|44|58|56|75|1N|E|6|H2
14|18|45|5|52|8|2H|S|8|CQ
14|18|54|33|70|64|2H|N|8|CQ
14|18|55|71|63|30|1N|E|5|H2
14|18|66|82|65|61|1N|E|5|HK
14|18|73|6|9|19|1N|E|6|HA
14|19|14|28|13|47|3N|S|9|DQ
14|19|23|79|78|80|4S|S|10|DQ
14|19|24|50|10|48|4S|N|11|DQ
14|19|26|74|68|4|4S|S|11|DQ
14|19|31|27|25|60|4S|S|11|DQ
14|19|34|35|3|77|4S|S|11|DQ
14|19|38|2|49|67|4S|N|10|CT
14|19|39|15|81|20|4S|S|11|D4
14|19|44|58|56|75|3N|S|9|DQ
14|19|45|5|52|8|4S|S|11|DQ
14|19|54|33|70|64|4S|N|10|DQ
14|19|55|71|63|30|4S|S|11|DQ
14|19|66|82|65|61|4S|N|12|H2
14|19|73|6|9|19|4S|S|11|DQ
14|20|14|28|13|47|3N|W|8|D8
14|20|23|79|78|80|2H|W|7|S2
14|20|24|50|10|48|2H|E|7|C6
14|20|26|74|68|4|2H|W|7|S2
14|20|31|27|25|60|2H|W|7|HQ
14|20|34|35|3|77|2N|W|8|D5
14|20|38|2|49|67|1N|W|8|S4
14|20|39|15|81|20|1N|W|8|D9
14|20|44|58|56|75|3C|W|9|C5
14|20|45|5|52|8|3C|W|9|S2
14|20|54|33|70|64|2N|E|7|D7
14|20|55|71|63|30|1N|W|8|S4
14|20|66|82|65|61|2N|E|7|D8
14|20|73|6|9|19|1N|W|7|S9
14|21|14|28|13|47|3D|N|12|ST
14|21|23|79|78|80|3N|N|10|ST
14|21|24|50|10|48|3N|N|9|C2
14|21|26|74|68|4|3N|N|8|ST
14|21|31|27|25|60|3N|N|9|ST
14|21|34|35|3|77|3N|N|9|ST
14|21|38|2|49|67|6D|N|12|ST
14|21|39|15|81|20|3N|N|9|ST
14|21|44|58|56|75|3N|N|9|ST
14|21|45|5|52|8|4H|S|11|CA
14|21|54|33|70|64|3D|N|11|S6
14|21|55|71|63|30|3N|N|10|ST
14|21|66|82|65|61|3D|N|11|ST
14|21|73|6|9|19|4H|S|11|D8
14|22|14|28|13|47|4S|N|11|H9
14|22|23|79|78|80|4S|N|9|H9
14|22|24|50|10|48|4H|N|11|H9
14|22|26|74|68|4|4S|S|11|C2
14|22|31|27|25|60|2C|N|6|H9
14|22|34|35|3|77|4S|N|11|H9
14|22|38|2|49|67|4S|N|11|H9
14|22|39|15|81|20|4S|S|11|H9
14|22|44|58|56|75|4S|S|11|C5
14|22|45|5|52|8|4S|N|11|H9
14|22|54|33|70|64|4S|N|11|H9
14|22|55|71|63|30|4S|N|11|H9
14|22|66|82|65|61|4S|N|11|H9
14|22|73|6|9|19|4S|N|10|H9
14|23|14|28|13|47|5HX|N|11|C6
14|23|23|79|78|80|5H|N|11|C4
14|23|24|50|10|48|6H|N|11|SQ
14|23|26|74|68|4|6C|S|11|S3
14|23|31|27|25|60|6H|N|11|SQ
14|23|34|35|3|77|6H|N|10|D4
14|23|38|2|49|67|5H|N|11|C6
14|23|39|15|81|20|6H|S|11|S2
14|23|44|58|56|75|6C|S|11|S2
14|23|45|5|52|8|6H|S|11|S6
14|23|54|33|70|64|6H|N|11|D3
14|23|55|71|63|30|4H|N|11|C6
14|23|66|82|65|61|5H|N|11|C6
14|23|73|6|9|19|6H|S|11|DJ
14|24|14|28|13|47|3S|E|9|HJ
14|24|23|79|78|80|2S|E|9|HJ
14|24|24|50|10|48|2S|E|9|C2
14|24|26|74|68|4|3S|E|9|HJ
14|24|31|27|25|60|3H|S|8|S7
14|24|34|35|3|77|3S|E|9|HJ
14|24|38|2|49|67|4H|S|9|S7
14|24|39|15|81|20|4H|N|9|C7
14|24|44|58|56|75|3H|S|8|S8
14|24|45|5|52|8|2S|E|9|HJ
14|24|54|33|70|64|4H|N|8|SA
14|24|55|71|63|30|2S|E|9|HJ
14|24|66|82|65|61|2S|E|9|HJ
14|24|73|6|9|19|3H|S|9|C7
14|25|14|28|13|47|3N|W|10|H4
14|25|23|79|78|80|3N|E|11|DT
14|25|24|50|10|48|3H|N|8|CK
14|25|26|74|68|4|3C|E|10|SQ
14|25|31|27|25|60|3NX|E|10|SQ
14|25|34|35|3|77|3N|E|10|HT
14|25|38|2|49|67|3N|W|10|H6
14|25|39|15|81|20|3N|E|10|HT
14|25|44|58|56|75|3N|E|9|H9
14|25|45|5|52|8|3N|E|10|HT
14|25|54|33|70|64|3N|E|9|D3
14|25|55|71|63|30|4C|W|10|D8
14|25|66|82|65|61|5C|E|10|H2
14|25|73|6|9|19|3N|W|10|H6
14|26|14|28|13|47|4S|E|10|H3
14|26|23|79|78|80|3N|W|11|H3
14|26|24|50|10|48|3N|W|10|C4
14|26|26|74|68|4|3N|W|9|H4
14|26|31|27|25|60|3N|W|9|H7
14|26|34|35|3|77|2D|E|10|H3
14|26|38|2|49|67|1S|E|10|S7
14|26|39|15|81|20|4S|E|10|C9
14|26|44|58|56|75|3N|W|10|C8
14|26|45|5|52|8|3N|W|7|H7
14|26|54|33|70|64|3D|E|11|H3
14|26|55|71|63|30|2S|E|9|H3
14|26|66|82|65|61|2C|E|8|H2
14|26|73|6|9|19|3N|W|9|H4
14|27|14|28|13|47|4S|W|10|DT
14|27|23|79|78|80|4S|E|10|C4
14|27|24|50|10|48|4S|W|10|DT
14|27|26|74|68|4|3C|S|6|ST
14|27|31|27|25|60|3S|W|10|DT
14|27|34|35|3|77|2S|W|10|DT
14|27|38|2|49|67|4S|W|10|C4
14|27|39|15|81|20|4S|W|10|H3
14|27|44|58|56|75|2C|N|6|CJ
14|27|45|5|52|8|4S|W|11|C2
14|27|54|33|70|64|4S|E|11|C2
14|27|55|71|63|30|4S|W|9|DT
14|27|66|82|65|61|2S|W|11|C2
14|27|73|6|9|19|3S|W|10|DT
14|28|14|28|13|47|3N|E|10|S5
14|28|23|79|78|80|3N|E|9|S2
14|28|24|50|10|48|3N|E|9|SQ
14|28|26|74|68|4|3N|E|9|SQ
14|28|31|27|25|60|3N|W|10|HK
14|28|34|35|3|77|3N|W|9|H6
14|28|38|2|49|67|3N|W|10|H6
14|28|39|15|81|20|3N|E|9|S2
14|28|44|58|56|75|3N|E|9|S2
14|28|45|5|52|8|3N|W|9|H6
14|28|54|33|70|64|3N|E|11|D4
14|28|55|71|63|30|3N|E|9|S2
14|28|66|82|65|61|3N|E|10|S6
14|28|73|6|9|19|3N|W|9|H6
14|29|14|28|13|47|3N|E|8|H6
14|29|23|79|78|80|3N|E|8|H5
14|29|24|50|10|48|3N|E|8|H5
14|29|26|74|68|4|2N|E|8|H2
14|29|31|27|25|60|3N|E|8|H2
14|29|34|35|3|77|3N|E|8|H2
14|29|38|2|49|67|3N|E|7|H5
14|29|39|15|81|20|3N|E|8|H2
14|29|44|58|56|75|3N|E|8|H4
14|29|45|5|52|8|3N|E|9|H2
14|29|54|33|70|64|3N|E|8|H3
14|29|55|71|63|30|1N|E|8|H5
14|29|66|82|65|61|3N|E|8|H5
14|29|73|6|9|19|3N|E|9|H5
14|30|14|28|13|47|3N|N|11|C6
14|30|23|79|78|80|3N|N|10|C6
14|30|24|50|10|48|3N|N|10|C6
14|30|26|74|68|4|3N|N|11|S4
14|30|31|27|25|60|3N|N|10|C6
14|30|34|35|3|77|3N|N|10|C6
14|30|38|2|49|67|3N|N|10|C6
14|30|39|15|81|20|3N|S|10|C6
14|30|44|58|56|75|3N|N|11|C6
14|30|45|5|52|8|3N|N|10|C3
14|30|54|33|70|64|2CX|E|5|D3
14|30|55|71|63|30|3N|N|10|C6
14|30|66|82|65|61|2CX|W|5|HA
14|30|73|6|9|19|3N|N|10|C6
14|31|14|28|13|47|5HX|S|9|DA
14|31|23|79|78|80|4SX|W|9|H7
14|31|24|50|10|48|4HX|S|8|SJ
14|31|26|74|68|4|4S|W|8|H7
14|31|31|27|25|60|5NX|S|10|C3
14|31|34|35|3|77|4HX|S|9|DA
14|31|38|2|49|67|5HX|S|9|DA
14|31|39|15|81|20|4S|E|8|H7
14|31|44|58|56|75|3S|W|9|H7
14|31|45|5|52|8|4S|W|10|H7
14|31|54|33|70|64|5HX|N|10|DA
14|31|55|71|63|30|4S|W|10|H2
14|31|66|82|65|61|4SX|W|9|H7
14|31|73|6|9|19|4H|S|11|DA
14|32|14|28|13|47|3D|E|9|CA
14|32|23|79|78|80|3D|E|9|CA
14|32|24|50|10|48|3C|N|8|HK
14|32|26|74|68|4|3D|W|9|C2
14|32|31|27|25|60|3C|S|7|HK
14|32|34|35|3|77|P|S|0
14|32|38|2|49|67|3N|W|8|S2
14|32|39|15|81|20|3CX|N|8|HK
14|32|44|58|56|75|3C|S|7|HK
14|32|45|5|52|8|3D|E|9|CA
14|32|54|33|70|64|3CX|N|7|HK
14|32|55|71|63|30|3N|W|7|C2
14|32|66|82|65|61|3D|E|9|CA
14|32|73|6|9|19|2N|W|9|C2
15|1|15|7|20|32|4S|N|10|H6
15|1|2|54|67|70|4S|N|10|DK
15|1|24|29|10|41|4S|N|9|DQ
15|1|35|43|77|42|4S|S|9|C6
15|1|37|44|48|56|4S|N|10|SA
15|1|38|14|49|13|4S|N|10|DK
15|1|39|79|81|80|4S|N|9|DK
15|1|5|55|8|63|4S|N|10|SA
15|1|51|33|46|64|4S|N|9|DK
15|1|57|59|72|16|4S|N|10|SA
15|1|62|45|76|52|4S|N|9|C6
15|1|66|11|65|17|4S|N|9|DK
15|1|69|58|1|75|4S|N|10|DK
15|1|82|23|61|78|4S|N|9|DK
15|10|15|7|20|32|4H|S|10|DQ
15|10|2|54|67|70|4H|S|10|DQ
15|10|24|29|10|41|4H|S|10|DJ
15|10|35|43|77|42|4H|S|10|DQ
15|10|37|44|48|56|4H|S|10|DQ
15|10|38|14|49|13|4H|S|10|DQ
15|10|39|79|81|80|4H|S|10|DQ
15|10|5|55|8|63|4H|N|10|C5
15|10|51|33|46|64|4H|S|10|DQ
15|10|57|59|72|16|4H|S|11|ST
15|10|62|45|76|52|4H|S|10|DQ
15|10|66|11|65|17|4H|S|10|DQ
15|10|69|58|1|75|4HX|N|11|S4
15|10|82|23|61|78|4H|S|10|DQ
15|11|15|7|20|32|6H|W|12|SK
15|11|2|54|67|70|6H|W|12|SK
15|11|24|29|10|41|6H|W|12|SK
15|11|35|43|77|42|4SX|N|8|DK
15|11|37|44|48|56|5H|E|12|SK
15|11|38|14|49|13|5H|W|12|SA
15|11|39|79|81|80|5H|W|12|SA
15|11|5|55|8|63|5SX|N|9|DK
15|11|51|33|46|64|6H|W|12|SA
15|11|57|59|72|16|5H|W|12|SQ
15|11|62|45|76|52|6H|W|12|SA
15|11|66|11|65|17|6H|E|12|SK
15|11|69|58|1|75|6H|W|12|SA
15|11|82|23|61|78|6H|W|12|SK
15|12|15|7|20|32|2S|E|8|C3
15|12|2|54|67|70|4S|W|9|D3
15|12|24|29|10|41|4S|W|10|D4
15|12|35|43|77|42|2S|E|8|C3
15|12|37|44|48|56|3S|W|9|C5
15|12|38|14|49|13|2S|E|9|C6
15|12|39|79|81|80|4S|W|9|CK
15|12|5|55|8|63|4S|W|9|CK
15|12|51|33|46|64|2S|E|8|C3
15|12|57|59|72|16|2S|E|9|C3
15|12|62|45|76|52|4S|W|9|CK
15|12|66|11|65|17|2S|E|9|C3
15|12|69|58|1|75|4S|W|10|CK
15|12|82|23|61|78|2S|E|9|HA
15|13|15|7|20|32|6S|S|12|DA
15|13|2|54|67|70|4S|N|11|HQ
15|13|24|29|10|41|4S|S|11|D5
15|13|35|43|77|42|4S|S|11|C2
15|13|37|44|48|56|4S|S|12|H5
15|13|38|14|49|13|4S|S|12|H4
15|13|39|79|81|80|4S|S|11|H5
15|13|5|55|8|63|6S|N|11|HQ
15|13|51|33|46|64|4S|S|12|C2
15|13|57|59|72|16|6S|S|12|DA
15|13|62|45|76|52|6S|S|11|D3
15|13|66|11|65|17|4S|S|12|C3
15|13|69|58|1|75|4S|S|11|C4
15|13|82|23|61|78|6S|S|12|DA
15|14|15|7|20|32|1N|N|9|HA
15|14|2|54|67|70|1N|N|9|HA
15|14|24|29|10|41|1N|N|9|C5
15|14|35|43|77|42|1N|N|9|C5
15|14|37|44|48|56|3N|N|9|HA
15|14|38|14|49|13|3N|S|10|H6
15|14|39|79|81|80|1N|S|9|H6
15|14|5|55|8|63|1N|N|9|HA
15|14|51|33|46|64|1N|S|10|H4
15|14|57|59|72|16|2D|S|9|C6
15|14|62|45|76|52|2S|S|9|H3
15|14|66|11|65|17|3N|N|9|HK
15|14|69|58|1|75|1N|N|10|C7
15|14|82|23|61|78|1N|N|9|HA
15|15|15|7|20|32|3H|E|9|C2
15|15|2|54|67|70|3H|E|9|H3
15|15|24|29|10|41|4H|E|9|D3
15|15|35|43|77|42|3H|E|9|C4
15|15|37|44|48|56|1N|N|5|H2
15|15|38|14|49|13|2H|E|9|S8
15|15|39|79|81|80|3H|E|9|C3
15|15|5|55|8|63|4H|E|9|D3
15|15|51|33|46|64|2H|W|9|CA
15|15|57|59|72|16|3H|E|9|S8
15|15|62|45|76|52|2H|W|9|CA
15|15|66|11|65|17|4H|E|10|S8
15|15|69|58|1|75|2H|W|10|CA
15|15|82|23|61|78|3H|E|9|C2
15|16|15|7|20|32|4S|W|7|H5
15|16|2|54|67|70|3N|W|6|SJ
15|16|24|29|10|41|3N|W|9|H3
15|16|35|43|77|42|3N|W|5|SJ
15|16|37|44|48|56|3N|W|8|D5
15|16|38|14|49|13|5C|E|9|D7
15|16|39|79|81|80|3N|W|9|H3
15|16|5|55|8|63|3N|W|9|H3
15|16|51|33|46|64|3N|W|8|C2
15|16|57|59|72|16|5D|W|9|C4
15|16|62|45|76|52|3N|W|6|S3
15|16|66|11|65|17|3N|E|8|SJ
15|16|69|58|1|75|3N|W|9|H3
15|16|82|23|61|78|3N|W|9|H3
15|2|15|7|20|32|3N|W|10|SK
15|2|2|54|67|70|3D|E|10|CT
15|2|24|29|10|41|3N|W|10|SK
15|2|35|43|77|42|1N|W|10|SK
15|2|37|44|48|56|1SX|S|6|HT
15|2|38|14|49|13|2D|E|10|S4
15|2|39|79|81|80|1SX|S|6|HT
15|2|5|55|8|63|2N|W|10|H4
15|2|51|33|46|64|1SX|S|6|HT
15|2|57|59|72|16|3N|E|9|CT
15|2|62|45|76|52|3N|W|8|H2
15|2|66|11|65|17|3D|E|10|CT
15|2|69|58|1|75|3N|W|10|SK
15|2|82|23|61|78|2H|W|7|H5
15|3|15|7|20|32|3N|E|7|SA
15|3|2|54|67|70|4H|W|7|S3
15|3|24|29|10|41|3N|E|7|SA
15|3|35|43|77|42|3N|E|9|D9
15|3|37|44|48|56|3N|E|7|SA
15|3|38|14|49|13|2D|W|8|H6
15|3|39|79|81|80|3N|E|6|SA
15|3|5|55|8|63|2H|W|8|C7
15|3|51|33|46|64|3N|E|6|SK
15|3|57|59|72|16|4H|W|6|S5
15|3|62|45|76|52|3N|E|6|SA
15|3|66|11|65|17|3N|W|7|C2
15|3|69|58|1|75|2D|W|8|S4
15|3|82|23|61|78|4H|E|7|SK
15|4|15|7|20|32|3N|S|10|SQ
15|4|2|54|67|70|3N|S|8|S6
15|4|24|29|10|41|3N|S|8|S5
15|4|35|43|77|42|2H|N|11|C2
15|4|37|44|48|56|4H|N|8|SK
15|4|38|14|49|13|3N|S|10|D7
15|4|39|79|81|80|3N|S|8
15|4|5|55|8|63|5D|N|12|SK
15|4|51|33|46|64|3N|S|7|S3
15|4|57|59|72|16|3N|S|11|C3
15|4|62|45|76|52|3N|S|10|SQ
15|4|66|11|65|17|3N|S|8|S2
15|4|69|58|1|75|3N|S|10|C3
15|4|82|23|61|78|3N|S|6|S7
15|5|15|7|20|32|4H|W|10|S7
15|5|2|54|67|70|4H|W|11|S7
15|5|24|29|10|41|5H|E|10|C8
15|5|35|43|77|42|6HX|W|10|CA
15|5|37|44|48|56|4H|E|12|SJ
15|5|38|14|49|13|5H|W|10|SJ
15|5|39|79|81|80|5H|E|11|SJ
15|5|5|55|8|63|4H|W|10|S7
15|5|51|33|46|64|4H|E|10|SJ
15|5|57|59|72|16|4H|W|11|S7
15|5|62|45|76|52|4H|W|10|S7
15|5|66|11|65|17|6HX|W|10|DT
15|5|69|58|1|75|4H|E|11|SJ
15|5|82|23|61|78|4H|W|10|S7
15|6|15|7|20|32|4S|W|10|DJ
15|6|2|54|67|70|5DX|S|7|H8
15|6|24|29|10|41|5DX|S|7|H8
15|6|35|43|77|42|4S|W|10|DJ
15|6|37|44|48|56|4H|E|11|DK
15|6|38|14|49|13|5DX|S|7|H8
15|6|39|79|81|80|4H|E|11|DK
15|6|5|55|8|63|4H|E|10|DK
15|6|51|33|46|64|4H|E|11|DK
15|6|57|59|72|16|4S|E|10|DK
15|6|62|45|76|52|4H|E|10|DK
15|6|66|11|65|17|4H|E|11|DK
15|6|69|58|1|75|5D|S|8|H8
15|6|82|23|61|78|2H|E|11|DQ
15|7|15|7|20|32|4S|N|9|H2
15|7|2|54|67|70|3S|N|9|SJ
15|7|24|29|10|41|4S|N|10|DA
15|7|35|43|77|42|4S|N|11|CJ
15|7|37|44|48|56|4S|N|9|H4
15|7|38|14|49|13|2S|N|11|CJ
15|7|39|79|81|80|4S|N|10|H2
15|7|5|55|8|63|3S|N|10|H3
15|7|51|33|46|64|3N|S|6|H9
15|7|57|59|72|16|4S|N|10|SQ
15|7|62|45|76|52|4S|N|10|C2
15|7|66|11|65|17|4S|N|10|H2
15|7|69|58|1|75|4S|N|10|CJ
15|7|82|23|61|78|3S|N|10|CJ
15|8|15|7|20|32|1N|E|5|SJ
15|8|2|54|67|70|1N|E|5|SJ
15|8|24|29|10|41|1N|E|5|SJ
15|8|35|43|77|42|1N|E|5|S4
15|8|37|44|48|56|1N|W|7|H2
15|8|38|14|49|13|1N|E|5|SJ
15|8|39|79|81|80|3C|W|9|S9
15|8|5|55|8|63|1N|E|6|S5
15|8|51|33|46|64|1N|W|5|D2
15|8|57|59|72|16|3C|E|8|SJ
15|8|62|45|76|52|2S|S|6|C3
15|8|66|11|65|17|1N|W|6|CK
15|8|69|58|1|75|3C|E|8|SJ
15|8|82|23|61|78|1N|W|7|H2
15|9|15|7|20|32|3N|E|9|SQ
15|9|2|54|67|70|3N|W|11|S6
15|9|24|29|10|41|3N|W|11|S8
15|9|35|43|77|42|3N|W|11|C4
15|9|37|44|48|56|3N|E|12|D6
15|9|38|14|49|13|3N|W|11|S8
15|9|39|79|81|80|3N|W|11|S6
15|9|5|55|8|63|2SX|S|5|HJ
15|9|51|33|46|64|3N|E|11|SQ
15|9|57|59|72|16|3N|W|11|C5
15|9|62|45|76|52|3N|W|10|C2
15|9|66|11|65|17|3N|E|10|SQ
15|9|69|58|1|75|3N|E|10|SQ
15|9|82|23|61|78|3N|W|11|C2
