1|1|10|17|9|58|4SX|E|5|C6
1|1|2|69|67|66|3N|S|6|H4
1|1|34|48|15|13|3N|N|10|H6
1|1|37|20|35|43|5C|N|12|D6
1|1|39|61|22|53|3C|N|11|H5
1|1|40|18|72|16|3SX|E|5
1|1|42|36|12|57|3N|S|10|SJ
1|1|45|55|62|14|3N|N|8|H3
1|1|46|77|1|27|3C|N|11|H3
1|1|5|4|51|8|3N|S|10|H5
1|1|56|50|59|76|5C|N|11|H3
1|1|65|70|78|19|5C|S|12|D2
1|1|68|41|44|25|5C|N|11|H3
1|1|73|54|38|24|3N|N|10|S6
1|10|10|17|9|58|5D|S|10|CA
1|10|2|69|67|66|4H|E|6|C3
1|10|34|48|15|13|3D|S|9|CA
1|10|37|20|35|43|2CX|W|6|S8
1|10|39|61|22|53|4H|W|8|C6
1|10|40|18|72|16|2D|S|9|CK
1|10|42|36|12|57|2H|E|8|C3
1|10|45|55|62|14|4H|W|9|S8
1|10|46|77|1|27|2CX|W|6|HJ
1|10|5|4|51|8|2S|E|4|C3
1|10|56|50|59|76|4H|E|7|C3
1|10|65|70|78|19|2H|W|8|D2
1|10|68|41|44|25|2D|S|9|DT
1|10|73|54|38|24|3H|E|8|C3
1|11|10|17|9|58|3D|W|9|S2
1|11|2|69|67|66|3N|E|9|C4
1|11|34|48|15|13|3N|E|7|H7
1|11|37|20|35|43|3N|W|9|HA
1|11|39|61|22|53|3N|E|11|H7
1|11|40|18|72|16|2N|E|7|H7
1|11|42|36|12|57|3N|E|8|H7
1|11|45|55|62|14|3N|E|9|H7
1|11|46|77|1|27|2N|E|9|H7
1|11|5|4|51|8|1NX|E|9|H7
1|11|56|50|59|76|2N|E|9|SJ
1|11|65|70|78|19|1N|E|8|D2
1|11|68|41|44|25|3N|E|8|H7
1|11|73|54|38|24|3D|W|10|S3
1|12|10|17|9|58|4S|W|11|DK
1|12|2|69|67|66|4S|W|11|DK
1|12|34|48|15|13|4S|W|11|S6
1|12|37|20|35|43|4S|W|11|DK
1|12|39|61|22|53|4S|W|10|S6
1|12|40|18|72|16|6S|W|11|DK
1|12|42|36|12|57|4S|W|11|DK
1|12|45|55|62|14|4S|W|11|DK
1|12|46|77|1|27|4S|W|11|DK
1|12|5|4|51|8|4S|W|11|DK
1|12|56|50|59|76|4S|W|11|DK
1|12|65|70|78|19|4S|E|11|D2
1|12|68|41|44|25|6S|W|10|DQ
1|12|73|54|38|24|4S|W|11|DK
1|13|10|17|9|58|4SX|N|8|CA
1|13|2|69|67|66|4SX|N|7|CA
1|13|34|48|15|13|2S|N|8|CA
1|13|37|20|35|43|2S|N|7|CA
1|13|39|61|22|53|4S|N|7|CA
1|13|40|18|72|16|4S|N|8|CA
1|13|42|36|12|57|4S|N|7|CA
1|13|45|55|62|14|4S|N|8|CA
1|13|46|77|1|27|4SX|N|8|CA
1|13|5|4|51|8|4S|N|8|CA
1|13|56|50|59|76|3S|N|7|CK
1|13|65|70|78|19|4C|N|7|D2
1|13|68|41|44|25|3S|N|8|CA
1|13|73|54|38|24|4S|N|7|CK
1|14|10|17|9|58|1N|N|9|S9
1|14|2|69|67|66|2C|S|9|H6
1|14|34|48|15|13|2S|N|9|S5
1|14|37|20|35|43|1N|N|8|D4
1|14|39|61|22|53|2S|N|9|D3
1|14|40|18|72|16|2N|N|9|S5
1|14|42|36|12|57|2S|S|8|C4
1|14|45|55|62|14|2C|S|10|S2
1|14|46|77|1|27|1NX|W|4|H7
1|14|5|4|51|8|1NX|E|6|HQ
1|14|56|50|59|76|3N|N|8|H3
1|14|65|70|78|19|2S|S|8|D2
1|14|68|41|44|25|2D|E|6|D8
1|14|73|54|38|24|1N|W|4|H2
1|15|10|17|9|58|3N|N|3|D8
1|15|2|69|67|66|3H|S|8|S7
1|15|34|48|15|13|3H|N|8|D7
1|15|37|20|35|43|3H|N|8|D7
1|15|39|61|22|53|4H|N|8|CQ
1|15|40|18|72|16|2H|S|8|DA
1|15|42|36|12|57|2N|N|2|HT
1|15|45|55|62|14|3H|N|8|D9
1|15|46|77|1|27|3H|N|8|D7
1|15|5|4|51|8|4H|N|10|D9
1|15|56|50|59|76|2S|E|7|CT
1|15|65|70|78|19|3H|S|8|D2
1|15|68|41|44|25|4H|N|8|D5
1|15|73|54|38|24|2H|N|8|CQ
1|16|10|17|9|58|3N|S|6|H4
1|16|2|69|67|66|3S|E|10|CA
1|16|34|48|15|13|2N|N|6|ST
1|16|37|20|35|43|4S|E|10|CA
1|16|39|61|22|53|3D|N|7|ST
1|16|40|18|72|16|3D|N|8|H9
1|16|42|36|12|57|4S|E|10|CA
1|16|45|55|62|14|3S|E|10|CA
1|16|46|77|1|27|3D|N|8|H9
1|16|5|4|51|8|3D|N|7|H9
1|16|56|50|59|76|3D|N|8|H9
1|16|65|70|78|19|3D|N|8|D2
1|16|68|41|44|25|3D|N|7|H9
1|16|73|54|38|24|3D|N|8|H9
1|2|10|17|9|58|1H|S|8|S3
1|2|2|69|67|66|1N|S|8|HT
1|2|34|48|15|13|2C|E|6|ST
1|2|37|20|35|43|1H|S|8|C8
1|2|39|61|22|53|1N|N|8|H9
1|2|40|18|72|16|1N|S|9|S3
1|2|42|36|12|57|1N|E|5|D6
1|2|45|55|62|14|P|S|0
1|2|46|77|1|27|3D|S|8|C8
1|2|5|4|51|8|2N|S|8|HT
1|2|56|50|59|76|2N|S|9|HJ
1|2|65|70|78|19|3N|N|7|D2
1|2|68|41|44|25|2H|W|5|DK
1|2|73|54|38|24|2N|S|6|S3
1|3|10|17|9|58|6C|S|12|H2
1|3|2|69|67|66|7D|N|13|SA
1|3|34|48|15|13|6D|N|13|HT
1|3|37|20|35|43|3N|S|12|S7
1|3|39|61|22|53|7D|N|13|D6
1|3|40|18|72|16|6D|N|13|HT
1|3|42|36|12|57|6C|S|12|C4
1|3|45|55|62|14|6D|N|13|HT
1|3|46|77|1|27|5C|S|12|C5
1|3|5|4|51|8|3N|S|12|S7
1|3|56|50|59|76|6C|S|12|C4
1|3|65|70|78|19|7D|N|13|D2
1|3|68|41|44|25|5C|S|12|H2
1|3|73|54|38|24|7D|N|13|SA
1|4|10|17|9|58|2S|S|6|HK
1|4|2|69|67|66|3C|E|8|SA
1|4|34|48|15|13|3N|W|8|CA
1|4|37|20|35|43|5CX|W|8|S7
1|4|39|61|22|53|4CX|W|8|S7
1|4|40|18|72|16|5DX|W|9|CA
1|4|42|36|12|57|3CX|W|9|S7
1|4|45|55|62|14|5C|E|8|DA
1|4|46|77|1|27|4CX|W|8|S7
1|4|5|4|51|8|3SX|S|7|C7
1|4|56|50|59|76|3N|W|8|CA
1|4|65|70|78|19|4CX|W|9|D2
1|4|68|41|44|25|4S|S|6|HK
1|4|73|54|38|24|3N|W|9|S7
1|5|10|17|9|58|3N|S|9|S3
1|5|2|69|67|66|2S|W|7|HJ
1|5|34|48|15|13|3N|S|9|H2
1|5|37|20|35|43|3N|S|9|S9
1|5|39|61|22|53|3D|N|8|SA
1|5|40|18|72|16|2D|S|9|H3
1|5|42|36|12|57|4H|W|8|DK
1|5|45|55|62|14|3N|S|9|S9
1|5|46|77|1|27|4H|E|8|HA
1|5|5|4|51|8|3N|S|9|S7
1|5|56|50|59|76|3N|S|9|S9
1|5|65|70|78|19|3N|S|9|D2
1|5|68|41|44|25|3N|S|9|S9
1|5|73|54|38|24|3N|S|9|S7
1|6|10|17|9|58|4SX|W|10|H8
1|6|2|69|67|66|5D|N|11|ST
1|6|34|48|15|13|3D|S|11|SA
1|6|37|20|35|43|5D|N|11|C4
1|6|39|61|22|53|4D|S|11|SA
1|6|40|18|72|16|5D|S|11|SA
1|6|42|36|12|57|3S|W|9|DK
1|6|45|55|62|14|3D|N|11|C6
1|6|46|77|1|27|5D|N|12|C4
1|6|5|4|51|8|5D|N|11|ST
1|6|56|50|59|76|4SX|W|9|H8
1|6|65|70|78|19|5D|N|12|D2
1|6|68|41|44|25|5D|N|11|S7
1|6|73|54|38|24|2SX|W|9|H8
1|7|10|17|9|58|4S|S|8|HK
1|7|2|69|67|66|5HX|W|12|DT
1|7|34|48|15|13|4S|S|9|HK
1|7|37|20|35|43|5H|E|11|SA
1|7|39|61|22|53|5H|E|11|SA
1|7|40|18|72|16|4S|N|9|CK
1|7|42|36|12|57|5HX|W|11|DT
1|7|45|55|62|14|4H|W|11|SK
1|7|46|77|1|27|4S|S|9|HK
1|7|5|4|51|8|4H|W|11|SK
1|7|56|50|59|76|4S|N|9|CK
1|7|65|70|78|19|4S|S|8|D2
1|7|68|41|44|25|4S|S|9|HK
1|7|73|54|38|24|4H|E|11|SA
1|8|10|17|9|58|3N|W|9|C8
1|8|2|69|67|66|3N|W|10|D4
1|8|34|48|15|13|3N|W|10|S3
1|8|37|20|35|43|3N|W|10|H4
1|8|39|61|22|53|3N|W|9|C8
1|8|40|18|72|16|3N|W|9|SJ
1|8|42|36|12|57|3N|E|11|CJ
1|8|45|55|62|14|3N|W|10|D4
1|8|46|77|1|27|3N|E|11|CT
1|8|5|4|51|8|3N|W|10|D4
1|8|56|50|59|76|3N|W|12|H6
1|8|65|70|78|19|3N|W|10|D2
1|8|68|41|44|25|3N|E|11|CJ
1|8|73|54|38|24|3N|W|9|C2
1|9|10|17|9|58|3N|W|12|S6
1|9|2|69|67|66|3N|W|11|HJ
1|9|34|48|15|13|3S|N|5|DK
1|9|37|20|35|43|3N|E|12|D4
1|9|39|61|22|53|3N|W|12|D6
1|9|40|18|72|16|3N|E|12|SQ
1|9|42|36|12|57|3N|E|12|D6
1|9|45|55|62|14|4N|E|11|SQ
1|9|46|77|1|27|3N|E|12|D4
1|9|5|4|51|8|3N|E|12|D4
1|9|56|50|59|76|3N|W|11|D6
1|9|65|70|78|19|3N|W|12|D2
1|9|68|41|44|25|3N|E|12|D4
1|9|73|54|38|24|3N|E|11|D4
2|17|20|24|43|54|4H|E|10|S2
2|17|23|29|63|31|3S|S|8|DA
2|17|28|67|81|2|2S|S|8|DA
2|17|36|71|57|52|4H|W|10|CJ
2|17|37|69|35|66|4H|W|10|CJ
2|17|40|39|72|22|4H|E|9|CJ
2|17|45|75|62|30|4H|E|11|C8
2|17|55|48|14|13|4H|W|10|CJ
2|17|56|34|59|15|4H|W|11|H6
2|17|64|68|26|44|3SX|S|8|DA
2|17|65|33|78|32|4H|W|11|CT
2|17|7|17|74|58|5CX|E|8|HJ
2|17|73|80|38|3|4H|E|10|S9
2|17|9|11|10|6|4H|W|11|D6
2|18|20|24|43|54|4H|W|9|D9
2|18|23|29|63|31|4H|W|9|D9
2|18|28|67|81|2|3C|E|10|S5
2|18|36|71|57|52|3H|W|9|D5
2|18|37|69|35|66|4H|W|9|D5
2|18|40|39|72|22|4H|E|9|D9
2|18|45|75|62|30|2H|W|9|D5
2|18|55|48|14|13|4H|W|10|D7
2|18|56|34|59|15|4H|W|9|D6
2|18|64|68|26|44|4H|W|10|CT
2|18|65|33|78|32|4H|W|8|D5
2|18|7|17|74|58|1N|E|9|S6
2|18|73|80|38|3|4H|W|9|D7
2|18|9|11|10|6|3H|W|9|D5
2|19|20|24|43|54|5C|W|11|HA
2|19|23|29|63|31|3N|W|10|C2
2|19|28|67|81|2|3N|E|11|H6
2|19|36|71|57|52|3N|W|11|C4
2|19|37|69|35|66|3N|W|11|C5
2|19|40|39|72|22|5D|E|12|C3
2|19|45|75|62|30|2CX|N|5|D2
2|19|55|48|14|13|3N|W|11|C5
2|19|56|34|59|15|3N|E|11|H3
2|19|64|68|26|44|3N|W|11|C5
2|19|65|33|78|32|3N|W|10|C2
2|19|7|17|74|58|3N|W|11|C2
2|19|73|80|38|3|3N|E|11|H6
2|19|9|11|10|6|3N|W|11|C5
2|20|20|24|43|54|2C|E|9|C5
2|20|23|29|63|31|2S|E|7|D9
2|20|28|67|81|2|1S|E|9|D5
2|20|36|71|57|52|2S|E|7|D2
2|20|37|69|35|66|3C|W|8|CT
2|20|40|39|72|22|2S|E|9|D2
2|20|45|75|62|30|2S|E|8|D2
2|20|55|48|14|13|2N|W|7|H3
2|20|56|34|59|15|2S|E|10|D2
2|20|64|68|26|44|2S|E|8|D4
2|20|65|33|78|32|4C|E|10|C5
2|20|7|17|74|58|2C|E|8|C5
2|20|73|80|38|3|2S|E|8|D4
2|20|9|11|10|6|3H|N|8|DA
2|21|20|24|43|54|3D|E|8|CJ
2|21|23|29|63|31|3D|E|8|D4
2|21|28|67|81|2|3D|W|8|H3
2|21|36|71|57|52|3D|E|8|CJ
2|21|37|69|35|66|3D|E|8|CJ
2|21|40|39|72|22|3D|E|8|CJ
2|21|45|75|62|30|3D|E|8|CJ
2|21|55|48|14|13|3D|E|9|D4
2|21|56|34|59|15|3D|E|8|D9
2|21|64|68|26|44|3D|E|8|CJ
2|21|65|33|78|32|3D|E|9|CT
2|21|7|17|74|58|5D|W|8|H8
2|21|73|80|38|3|3D|E|8|CJ
2|21|9|11|10|6|3D|E|8|CJ
2|22|20|24|43|54|4H|E|10|DK
2|22|23|29|63|31|3D|S|10|D2
2|22|28|67|81|2|2H|E|7|DK
2|22|36|71|57|52|3H|E|9|DK
2|22|37|69|35|66|3D|S|10|D3
2|22|40|39|72|22|3H|E|7|D2
2|22|45|75|62|30|2S|W|8|CK
2|22|55|48|14|13|3H|E|9|C7
2|22|56|34|59|15|3H|E|8|C7
2|22|64|68|26|44|3H|E|7|DK
2|22|65|33|78|32|4H|E|10|DK
2|22|7|17|74|58|3D|S|10|D2
2|22|73|80|38|3|4H|E|9|DK
2|22|9|11|10|6|2H|E|10|DK
2|23|20|24|43|54|4S|S|12|HK
2|23|23|29|63|31|4S|S|13|HK
2|23|28|67|81|2|4S|N|12|H9
2|23|36|71|57|52|4S|S|12|HK
2|23|37|69|35|66|4S|N|12|DJ
2|23|40|39|72|22|3N|N|11|HK
2|23|45|75|62|30|4S|S|12|HK
2|23|55|48|14|13|4S|S|12|HK
2|23|56|34|59|15|4H|N|12|H6
2|23|64|68|26|44|4S|S|12|HQ
2|23|65|33|78|32|4S|N|12|H4
2|23|7|17|74|58|4S|S|12|HK
2|23|73|80|38|3|4S|S|11|D9
2|23|9|11|10|6|4S|N|12|H4
2|24|20|24|43|54|4SX|N|8|S5
2|24|23|29|63|31|2H|E|7|SK
2|24|28|67|81|2|3H|W|8|C2
2|24|36|71|57|52|3S|N|9|HA
2|24|37|69|35|66|3H|E|8|SK
2|24|40|39|72|22|3N|N|7|HT
2|24|45|75|62|30|2S|N|8|D5
2|24|55|48|14|13|4S|N|10|SA
2|24|56|34|59|15|2H|E|8|CQ
2|24|64|68|26|44|3N|S|8|S9
2|24|65|33|78|32|3H|W|8|C2
2|24|7|17|74|58|2H|W|7|S2
2|24|73|80|38|3|4H|E|7|SK
2|24|9|11|10|6|3N|S|6|HT
2|25|20|24|43|54|2S|S|9|D6
2|25|23|29|63|31|2S|S|9|C9
2|25|28|67|81|2|2S|S|10|C9
2|25|36|71|57|52|4C|N|10|C2
2|25|37|69|35|66|2C|N|11|CJ
2|25|40|39|72|22|4C|N|11|DJ
2|25|45|75|62|30|2S|S|9|C9
2|25|55|48|14|13|5C|N|11|DT
2|25|56|34|59|15|1N|W|8|CA
2|25|64|68|26|44|4D|W|7|CA
2|25|65|33|78|32|3N|W|8|CA
2|25|7|17|74|58|2C|N|11|D5
2|25|73|80|38|3|3C|S|11|C9
2|25|9|11|10|6|2C|N|9|CJ
2|26|20|24|43|54|2S|E|6|C5
2|26|23|29|63|31|1N|N|8|D5
2|26|28|67|81|2|2N|N|8|H8
2|26|36|71|57|52|2S|E|7|HQ
2|26|37|69|35|66|2N|N|8|H2
2|26|40|39|72|22|2N|N|8|H2
2|26|45|75|62|30|4SX|E|7|C9
2|26|55|48|14|13|3NX|N|8|S7
2|26|56|34|59|15|2S|W|7|C3
2|26|64|68|26|44|2S|E|7|HQ
2|26|65|33|78|32|2N|N|8|H2
2|26|7|17|74|58|2H|S|7|DT
2|26|73|80|38|3|2S|N|5|C8
2|26|9|11|10|6|1N|N|7|D5
2|27|20|24|43|54|4H|S|8|SK
2|27|23|29|63|31|3N|N|12|S5
2|27|28|67|81|2|4S|E|8|CA
2|27|36|71|57|52|3N|N|11|S5
2|27|37|69|35|66|5C|N|11|S6
2|27|40|39|72|22|3N|N|11|S3
2|27|45|75|62|30|3N|N|11|S5
2|27|55|48|14|13|4H|S|7|SK
2|27|56|34|59|15|5C|N|11|S5
2|27|64|68|26|44|3N|N|11|S5
2|27|65|33|78|32|4S|W|9|CK
2|27|7|17|74|58|4C|N|11|S5
2|27|73|80|38|3|3N|N|9|S5
2|27|9|11|10|6|3N|N|7|S5
2|28|20|24|43|54|6H|W|12|S3
2|28|23|29|63|31|6H|W|12|S9
2|28|28|67|81|2|5H|W|12|S5
2|28|36|71|57|52|4H|W|12|S9
2|28|37|69|35|66|6H|W|12|H3
2|28|40|39|72|22|5H|E|12|D2
2|28|45|75|62|30|4H|W|12|S3
2|28|55|48|14|13|6H|W|10|D3
2|28|56|34|59|15|6H|W|11|S3
2|28|64|68|26|44|5H|W|11|S9
2|28|65|33|78|32|5H|W|12|D3
2|28|7|17|74|58|4H|W|12|C8
2|28|73|80|38|3|4H|W|10|S9
2|28|9|11|10|6|4H|W|11|S8
2|29|20|24|43|54|3C|E|8|C5
2|29|23|29|63|31|4H|N|9|CA
2|29|28|67|81|2|4H|S|10|C2
2|29|36|71|57|52|4H|N|10|CA
2|29|37|69|35|66|2C|E|9|DA
2|29|40|39|72|22|3H|N|10|D2
2|29|45|75|62|30|3D|N|10|CA
2|29|55|48|14|13|3C|E|7|S2
2|29|56|34|59|15|3N|N|8|CK
2|29|64|68|26|44|2CX|E|8|C5
2|29|65|33|78|32|2N|N|9|CK
2|29|7|17|74|58|4H|S|10|C6
2|29|73|80|38|3|2C|E|8|S2
2|29|9|11|10|6|2DX|W|5|H4
2|30|20|24|43|54|3N|N|8|CT
2|30|23|29|63|31|3N|N|10|S2
2|30|28|67|81|2|4D|S|9|D3
2|30|36|71|57|52|3N|N|8|CT
2|30|37|69|35|66|2D|S|9|D5
2|30|40|39|72|22|3D|N|9|D4
2|30|45|75|62|30|3D|S|9|H8
2|30|55|48|14|13|5D|S|10|SA
2|30|56|34|59|15|5D|S|9|SA
2|30|64|68|26|44|3D|S|10|DJ
2|30|65|33|78|32|5DX|S|9|SA
2|30|7|17|74|58|3N|N|8|S2
2|30|73|80|38|3|3N|N|8|S2
2|30|9|11|10|6|3D|S|10|D3
2|31|20|24|43|54|1N|E|9|CQ
2|31|23|29|63|31|1HX|N|5|CJ
2|31|28|67|81|2|2N|E|8|H7
2|31|36|71|57|52|1N|E|7|D6
2|31|37|69|35|66|2H|N|4|CJ
2|31|40|39|72|22|1HX|N|6|CJ
2|31|45|75|62|30|1HX|N|6|CJ
2|31|55|48|14|13|1N|W|8|D3
2|31|56|34|59|15|1HX|S|5|CJ
2|31|64|68|26|44|1HX|N|6|CJ
2|31|65|33|78|32|1NX|S|6|HA
2|31|7|17|74|58|1N|E|8|S9
2|31|73|80|38|3|1H|N|5|CJ
2|31|9|11|10|6|2HX|N|6|HQ
2|32|20|24|43|54|5HX|W|10|CQ
2|32|23|29|63|31|5DX|S|11|HK
2|32|28|67|81|2|5D|S|11|HA
2|32|36|71|57|52|5HX|E|10|CQ
2|32|37|69|35|66|5C|S|11|HA
2|32|40|39|72|22|5H|E|10|CQ
2|32|45|75|62|30|5HX|W|10|D2
2|32|55|48|14|13|5H|W|10|CQ
2|32|56|34|59|15|4HXX|W|10|SA
2|32|64|68|26|44|4HX|W|10|CQ
2|32|65|33|78|32|5H|W|9|D8
2|32|7|17|74|58|4H|W|10|CQ
2|32|73|80|38|3|5DX|S|11|HK
2|32|9|11|10|6|5CX|S|11|HK
3|1|19|74|70|7|3H|E|8|DJ
3|1|2|47|67|49|3S|E|9|D6
3|1|20|33|43|32|3C|S|7|ST
3|1|23|79|63|44|4H|E|8|D2
3|1|27|71|77|52|1N|N|8|H7
3|1|31|80|29|3|1N|N|9|H7
3|1|36|5|57|51|1N|S|8|ST
3|1|42|55|12|14|4S|E|9
3|1|45|4|62|8|4H|E|8|C8
3|1|46|59|1|56|1N|N|9|H4
3|1|58|28|17|81|1N|N|10|H7
3|1|6|66|11|69|1N|S|8|ST
3|1|64|39|26|22|1N|N|9|H2
3|1|76|18|50|16|1N|N|8|H7
3|10|19|74|70|7|2C|S|5
3|10|2|47|67|49|2H|W|9|DK
3|10|20|33|43|32|3S|W|9|DK
3|10|23|79|63|44|2S|E|7|HQ
3|10|27|71|77|52|4S|W|7|DK
3|10|31|80|29|3|2C|W|9|D8
3|10|36|5|57|51|2D|N|5|HK
3|10|42|55|12|14|2N|E|9|C6
3|10|45|4|62|8|2C|E|8|D8
3|10|46|59|1|56|3S|W|9|H2
3|10|58|28|17|81|4S|W|8|DK
3|10|6|66|11|69|4S|W|7|DK
3|10|64|39|26|22|2C|E|8|D8
3|10|76|18|50|16|2DX|N|5|HK
3|11|19|74|70|7|3DX|E|8
3|11|2|47|67|49|4S|S|8|CJ
3|11|20|33|43|32|4S|S|9|CJ
3|11|23|79|63|44|2H|S|10|H5
3|11|27|71|77|52|3S|S|8|CJ
3|11|31|80|29|3|3S|S|7|CJ
3|11|36|5|57|51|3S|S|8|H5
3|11|42|55|12|14|3S|S|8|H8
3|11|45|4|62|8|3S|S|8|H5
3|11|46|59|1|56|3D|W|7|S5
3|11|58|28|17|81|3CX|E|7|H5
3|11|6|66|11|69|3D|E|8|SK
3|11|64|39|26|22|3D|E|8|SK
3|11|76|18|50|16|4SX|S|7|D4
3|12|19|74|70|7|3N|S|11
3|12|2|47|67|49|3N|S|11|S5
3|12|20|33|43|32|4H|S|11|C9
3|12|23|79|63|44|4H|S|11|S5
3|12|27|71|77|52|2SX|W|4|CK
3|12|31|80|29|3|4H|S|11|S7
3|12|36|5|57|51|2DX|E|4|DQ
3|12|42|55|12|14|3N|S|11|H6
3|12|45|4|62|8|4H|N|12|S8
3|12|46|59|1|56|3N|S|11|S3
3|12|58|28|17|81|4H|S|11|S7
3|12|6|66|11|69|4H|S|11|C9
3|12|64|39|26|22|4H|S|11|S7
3|12|76|18|50|16|2SX|W|4|CK
3|13|19|74|70|7|3H|E|8
3|13|2|47|67|49|4H|E|7|S7
3|13|20|33|43|32|4H|E|8|DJ
3|13|23|79|63|44|4H|E|7|DJ
3|13|27|71|77|52|4H|W|8|D4
3|13|31|80|29|3|3H|E|8|D2
3|13|36|5|57|51|3D|W|4|CK
3|13|42|55|12|14|4H|W|8|H3
3|13|45|4|62|8|4H|E|9|S7
3|13|46|59|1|56|3H|E|8|DJ
3|13|58|28|17|81|4H|E|8|CA
3|13|6|66|11|69|4H|E|8|DJ
3|13|64|39|26|22|4H|E|10|DJ
3|13|76|18|50|16|4H|E|8|DJ
3|14|19|74|70|7|6H|W|12
3|14|2|47|67|49|4H|E|12|CT
3|14|20|33|43|32|7H|E|13|S4
3|14|23|79|63|44|6H|E|12|DT
3|14|27|71|77|52|6H|W|13|H8
3|14|31|80|29|3|5C|E|12|CT
3|14|36|5|57|51|6H|E|12|CT
3|14|42|55|12|14|6H|E|12|S3
3|14|45|4|62|8|4H|E|12|CT
3|14|46|59|1|56|5H|E|13|S6
3|14|58|28|17|81|6H|E|13|D8
3|14|6|66|11|69|6C|W|13|DA
3|14|64|39|26|22|6H|W|12|S8
3|14|76|18|50|16|5H|E|12|D3
3|15|19|74|70|7|4H|E|10
3|15|2|47|67|49|4H|W|9|SA
3|15|20|33|43|32|3D|E|11|H8
3|15|23|79|63|44|4H|W|9|SA
3|15|27|71|77|52|3S|S|8|HK
3|15|31|80|29|3|3N|W|12|CJ
3|15|36|5|57|51|4H|E|9|SA
3|15|42|55|12|14|3S|S|8|D8
3|15|45|4|62|8|4H|W|9|SA
3|15|46|59|1|56|4H|W|9|CJ
3|15|58|28|17|81|4H|W|10|SA
3|15|6|66|11|69|4H|W|9|SA
3|15|64|39|26|22|3N|E|5|SQ
3|15|76|18|50|16|4H|W|10|SA
3|16|19|74|70|7|2D|N|10
3|16|2|47|67|49|2S|E|7|DA
3|16|20|33|43|32|3D|S|8|D3
3|16|23|79|63|44|2S|E|6|DA
3|16|27|71|77|52|2H|N|6|C2
3|16|31|80|29|3|2S|E|6|DA
3|16|36|5|57|51|3S|E|6|DA
3|16|42|55|12|14|2H|N|7|S3
3|16|45|4|62|8|2S|E|6|DA
3|16|46|59|1|56|2S|E|6|DA
3|16|58|28|17|81|2S|E|6|HA
3|16|6|66|11|69|3C|W|7|DT
3|16|64|39|26|22|2S|E|6|DA
3|16|76|18|50|16|3D|S|8|SA
3|2|19|74|70|7|4H|N|8
3|2|2|47|67|49|2H|N|9|D3
3|2|20|33|43|32|3CX|E|7|SA
3|2|23|79|63|44|3N|S|8|CT
3|2|27|71|77|52|5H|N|8|CA
3|2|31|80|29|3|4H|N|8|CA
3|2|36|5|57|51|4H|N|8|CK
3|2|42|55|12|14|4H|N|8|CA
3|2|45|4|62|8|1N|N|8|C4
3|2|46|59|1|56|3N|N|9|CA
3|2|58|28|17|81|2H|N|8|CA
3|2|6|66|11|69|3N|N|8|C7
3|2|64|39|26|22|4H|N|8|CA
3|2|76|18|50|16|3N|S|8|CT
3|3|19|74|70|7|4C|W|10|HQ
3|3|2|47|67|49|5C|E|10|D9
3|3|20|33|43|32|5C|E|10|HA
3|3|23|79|63|44|4D|W|7|HQ
3|3|27|71|77|52|4C|E|10|HA
3|3|31|80|29|3|5CX|E|10|HA
3|3|36|5|57|51|4C|E|10|HA
3|3|42|55|12|14|5C|E|10|S3
3|3|45|4|62|8|4C|E|11|S5
3|3|46|59|1|56|5C|E|10|S5
3|3|58|28|17|81|5C|E|10|HA
3|3|6|66|11|69|3S|S|8|C8
3|3|64|39|26|22|5C|E|10|S4
3|3|76|18|50|16|5C|E|10|S5
3|4|19|74|70|7|3D|N|11
3|4|2|47|67|49|2H|N|10|HJ
3|4|20|33|43|32|3D|N|9|S5
3|4|23|79|63|44|3D|N|11|DA
3|4|27|71|77|52|3D|N|11|S5
3|4|31|80|29|3|3D|N|12|S3
3|4|36|5|57|51|3D|N|10|CA
3|4|42|55|12|14|5D|N|11|S6
3|4|45|4|62|8|3D|N|12|S3
3|4|46|59|1|56|3D|N|12|S5
3|4|58|28|17|81|3D|N|10|CA
3|4|6|66|11|69|3D|N|11|S5
3|4|64|39|26|22|3D|N|11|DA
3|4|76|18|50|16|4H|N|8|CA
3|5|19|74|70|7|2H|S|9
3|5|2|47|67|49|1H|N|9|SK
3|5|20|33|43|32|2D|W|6|D5
3|5|23|79|63|44|3DX|E|4|S2
3|5|27|71|77|52|1N|N|9|C6
3|5|31|80|29|3|1N|N|8|C4
3|5|36|5|57|51|2D|W|5|S9
3|5|42|55|12|14|2D|W|5|S9
3|5|45|4|62|8|1N|N|8|C8
3|5|46|59|1|56|1N|N|9|C4
3|5|58|28|17|81|2S|W|6|S2
3|5|6|66|11|69|1N|N|7|C4
3|5|64|39|26|22|1N|N|9|C6
3|5|76|18|50|16|1N|N|7|C6
3|6|19|74|70|7|5DX|N|11
3|6|2|47|67|49|3H|W|9|DA
3|6|20|33|43|32|5DX|N|11|CA
3|6|23|79|63|44|5H|W|10|DA
3|6|27|71|77|52|4H|W|9|DA
3|6|31|80|29|3|4H|W|9|DK
3|6|36|5|57|51|4H|W|10|DA
3|6|42|55|12|14|3S|N|10|CA
3|6|45|4|62|8|5DX|N|9|HA
3|6|46|59|1|56|4H|W|8|DK
3|6|58|28|17|81|4SX|N|9|CA
3|6|6|66|11|69|4H|W|8|DK
3|6|64|39|26|22|4SX|N|10|CA
3|6|76|18|50|16|3S|N|10|CA
3|7|19|74|70|7|2H|W|6
3|7|2|47|67|49|1S|S|4|HK
3|7|20|33|43|32|1H|W|8|DA
3|7|23|79|63|44|1H|W|7|CA
3|7|27|71|77|52|1H|W|8|DA
3|7|31|80|29|3|1N|W|6|DK
3|7|36|5|57|51|2C|E|8|D6
3|7|42|55|12|14|1S|S|5|HA
3|7|45|4|62|8|3C|W|7|D4
3|7|46|59|1|56|2H|W|7|DA
3|7|58|28|17|81|1S|S|4|HA
3|7|6|66|11|69|2D|N|7|S6
3|7|64|39|26|22|1H|W|6|DA
3|7|76|18|50|16|2D|N|4|H9
3|8|19|74|70|7|3N|N|6
3|8|2|47|67|49|4S|W|9|C2
3|8|20|33|43|32|3N|N|6|S6
3|8|23|79|63|44|3S|W|8|HK
3|8|27|71|77|52|3N|N|6|S4
3|8|31|80|29|3|4C|S|10|H8
3|8|36|5|57|51|3N|N|6|S4
3|8|42|55|12|14|3N|N|6|S4
3|8|45|4|62|8|1N|S|8|S8
3|8|46|59|1|56|5C|S|10|C2
3|8|58|28|17|81|4C|S|10|H5
3|8|6|66|11|69|4SX|W|9|HK
3|8|64|39|26|22|4C|S|10|SA
3|8|76|18|50|16|3S|W|9|C7
3|9|19|74|70|7|3N|S|8
3|9|2|47|67|49|1N|S|10|H5
3|9|20|33|43|32|3D|S|11|SA
3|9|23|79|63|44|2S|E|7|C2
3|9|27|71|77|52|3N|N|8|S3
3|9|31|80|29|3|2D|N|11|C4
3|9|36|5|57|51|2N|N|8|S3
3|9|42|55|12|14|3D|N|9|CJ
3|9|45|4|62|8|2H|N|10|D8
3|9|46|59|1|56|3D|N|11|C2
3|9|58|28|17|81|4D|N|11|S2
3|9|6|66|11|69|1NX|N|8|S2
3|9|64|39|26|22|3D|N|10|H7
3|9|76|18|50|16|1N|S|10|C6
4|17|10|12|9|42|1N|W|7|CK
4|17|2|36|67|57|3C|N|8|DK
4|17|23|4|63|8|3C|N|7|SJ
4|17|28|66|81|69|3S|E|11|C7
4|17|31|75|29|30|2S|W|10|CA
4|17|37|18|35|16|3C|N|7|DK
4|17|39|55|22|14|4S|E|11|C7
4|17|40|64|72|26|3S|E|10|C7
4|17|45|48|62|13|3S|E|9|C7
4|17|49|80|47|3|4S|E|11|C7
4|17|54|70|24|19|4S|E|10
4|17|59|43|56|20|4H|S|7|H5
4|17|68|17|44|58|2C|N|8|SJ
4|17|73|33|38|32|1N|W|7|CK
4|18|10|12|9|42|3C|E|8|C5
4|18|2|36|67|57|2D|S|6|H7
4|18|23|4|63|8|2HX|S|7|H7
4|18|28|66|81|69|1N|E|8|D7
4|18|31|75|29|30|1N|E|7|D8
4|18|37|18|35|16|1N|E|7|HT
4|18|39|55|22|14|1NX|E|8|S5
4|18|40|64|72|26|3C|E|8|C5
4|18|45|48|62|13|3C|E|9|D3
4|18|49|80|47|3|1N|E|7|D8
4|18|54|70|24|19|1N|E|7|HA
4|18|59|43|56|20|1N|E|7|H9
4|18|68|17|44|58|1N|E|7|D7
4|18|73|33|38|32|1N|E|8|D7
4|19|10|12|9|42|5C|N|10|HQ
4|19|2|36|67|57|4H|W|11|CA
4|19|23|4|63|8|4C|N|10|HQ
4|19|28|66|81|69|4C|S|10|HA
4|19|31|75|29|30|5CX|N|10|HQ
4|19|37|18|35|16|5C|S|10|H5
4|19|39|55|22|14|2H|W|11|CA
4|19|40|64|72|26|5H|W|11|CA
4|19|45|48|62|13|4C|N|10|HQ
4|19|49|80|47|3|5C|N|10|HQ
4|19|54|70|24|19|5H|W|11|CK
4|19|59|43|56|20|5CX|N|10|H6
4|19|68|17|44|58|5HX|W|11|CK
4|19|73|33|38|32|4H|W|11|CA
4|20|10|12|9|42|4H|W|11|SK
4|20|2|36|67|57|4H|W|11|SK
4|20|23|4|63|8|4H|E|11|C5
4|20|28|66|81|69|4H|W|11|SK
4|20|31|75|29|30|4H|W|11|SK
4|20|37|18|35|16|4H|W|11|SK
4|20|39|55|22|14|5H|E|11|S2
4|20|40|64|72|26|5H|W|11|SK
4|20|45|48|62|13|4H|W|11|SK
4|20|49|80|47|3|4H|W|11|SK
4|20|54|70|24|19|4H|W|11|SK
4|20|59|43|56|20|4H|W|11|SK
4|20|68|17|44|58|4H|W|11|SK
4|20|73|33|38|32|4H|W|11|SK
4|21|10|12|9|42|4S|E|10|DA
4|21|2|36|67|57|4S|E|10|S3
4|21|23|4|63|8|4S|E|8|S3
4|21|28|66|81|69|4S|E|9|HT
4|21|31|75|29|30|4S|E|10|HT
4|21|37|18|35|16|3S|E|8|CA
4|21|39|55|22|14|4S|E|9|HT
4|21|40|64|72|26|4S|E|9|HT
4|21|45|48|62|13|3S|E|9|H9
4|21|49|80|47|3|4S|E|9|HT
4|21|54|70|24|19|4S|E|9|HT
4|21|59|43|56|20|4S|E|8|S3
4|21|68|17|44|58|4S|W|8|DT
4|21|73|33|38|32|4S|E|10|H9
4|22|10|12|9|42|2N|N|6|S4
4|22|2|36|67|57|2N|S|7|S4
4|22|23|4|63|8|2N|N|7|S4
4|22|28|66|81|69|2H|W|8|DA
4|22|31|75|29|30|1N|N|6|S4
4|22|37|18|35|16|1N|N|6|C5
4|22|39|55|22|14|2N|N|7|S4
4|22|40|64|72|26|2N|N|6|S4
4|22|45|48|62|13|3N|N|7|S4
4|22|49|80|47|3|2N|N|5|HA
4|22|54|70|24|19|2H|W|8|DK
4|22|59|43|56|20|2H|W|7|DA
4|22|68|17|44|58|2N|N|7|S4
4|22|73|33|38|32|2S|E|8|C4
4|23|10|12|9|42|4H|W|10|C2
4|23|2|36|67|57|3N|W|11|C4
4|23|23|4|63|8|4H|W|10|C2
4|23|28|66|81|69|3N|E|9|C3
4|23|31|75|29|30|4H|W|10|C5
4|23|37|18|35|16|4H|W|9|S7
4|23|39|55|22|14|4H|W|10|D2
4|23|40|64|72|26|4H|W|10|C2
4|23|45|48|62|13|4H|W|10|C2
4|23|49|80|47|3|4H|W|10|C2
4|23|54|70|24|19|3N|W|10|C4
4|23|59|43|56|20|4H|W|10|H3
4|23|68|17|44|58|4H|W|10|D2
4|23|73|33|38|32|3N|W|10|C4
4|24|10|12|9|42|2D|E|10|S8
4|24|2|36|67|57|3N|W|9|C6
4|24|23|4|63|8|3NX|W|8|C8
4|24|28|66|81|69|2S|N|6|CA
4|24|31|75|29|30|3N|W|9|C6
4|24|37|18|35|16|3D|E|10|CA
4|24|39|55|22|14|5D|E|10|S8
4|24|40|64|72|26|3D|E|10|S8
4|24|45|48|62|13|3N|W|10|H6
4|24|49|80|47|3|3D|E|10|H4
4|24|54|70|24|19|2D|E|11|H8
4|24|59|43|56|20|3D|E|11|S9
4|24|68|17|44|58|4D|E|10|S5
4|24|73|33|38|32|3N|W|8|C6
4|25|10|12|9|42|5H|S|12|C3
4|25|2|36|67|57|4H|S|11|C8
4|25|23|4|63|8|4H|S|12|C3
4|25|28|66|81|69|4H|S|12|C2
4|25|31|75|29|30|4H|S|11|C7
4|25|37|18|35|16|6H|S|12|H2
4|25|39|55|22|14|4H|S|12|H3
4|25|40|64|72|26|4H|N|11|C7
4|25|45|48|62|13|3N|N|10|S4
4|25|49|80|47|3|5H|S|12|H3
4|25|54|70|24|19|4H|S|11|C2
4|25|59|43|56|20|5H|S|11|C3
4|25|68|17|44|58|4H|S|10|C8
4|25|73|33|38|32|3H|S|10|C2
4|26|10|12|9|42|2D|S|10|D3
4|26|2|36|67|57|3D|N|10|CA
4|26|23|4|63|8|3N|S|9|H4
4|26|28|66|81|69|2D|N|10|CA
4|26|31|75|29|30|2D|N|11|CA
4|26|37|18|35|16|3N|S|10|H4
4|26|39|55|22|14|3N|S|9|H4
4|26|40|64|72|26|2D|N|10|D2
4|26|45|48|62|13|5D|N|11|CA
4|26|49|80|47|3|2D|N|11|CA
4|26|54|70|24|19|3N|S|9|C2
4|26|59|43|56|20|2D|N|10|CA
4|26|68|17|44|58|2D|N|10|HJ
4|26|73|33|38|32|3N|S|9|H5
4|27|10|12|9|42|2H|E|8|CQ
4|27|2|36|67|57|3C|S|10|SA
4|27|23|4|63|8|3N|S|10|S4
4|27|28|66|81|69|4HX|E|8|CQ
4|27|31|75|29|30|1S|W|7|CJ
4|27|37|18|35|16|3S|W|6|C8
4|27|39|55|22|14|3D|S|7|CA
4|27|40|64|72|26|3D|N|8|SJ
4|27|45|48|62|13|3H|E|8|CQ
4|27|49|80|47|3|3S|W|5|C8
4|27|54|70|24|19|4H|E|8|CQ
4|27|59|43|56|20|3C|S|9|SA
4|27|68|17|44|58|3C|S|10|DQ
4|27|73|33|38|32|3C|S|10|SA
4|28|10|12|9|42|2S|W|10|SJ
4|28|2|36|67|57|1N|W|8|D6
4|28|23|4|63|8|3S|E|10|D4
4|28|28|66|81|69|1S|W|9|SJ
4|28|31|75|29|30|1S|W|10|SJ
4|28|37|18|35|16|1S|W|10|C4
4|28|39|55|22|14|2H|S|6|D7
4|28|40|64|72|26|1S|W|9|SJ
4|28|45|48|62|13|2S|W|9|SJ
4|28|49|80|47|3|1S|W|9|SJ
4|28|54|70|24|19|4S|W|9|SJ
4|28|59|43|56|20|2S|W|10|DA
4|28|68|17|44|58|3S|W|9|SJ
4|28|73|33|38|32|1S|W|10|SJ
4|29|10|12|9|42|2S|E|8|D7
4|29|2|36|67|57|2S|E|9|D5
4|29|23|4|63|8|3D|S|9|SJ
4|29|28|66|81|69|2S|E|8|D7
4|29|31|75|29|30|2S|E|10|S2
4|29|37|18|35|16|2N|S|9|SJ
4|29|39|55|22|14|2S|E|8|D7
4|29|40|64|72|26|2S|E|9|D7
4|29|45|48|62|13|3D|N|9|SA
4|29|49|80|47|3|2S|S|5|HQ
4|29|54|70|24|19|3N|S|9|C6
4|29|59|43|56|20|2S|E|8|D7
4|29|68|17|44|58|3N|S|9|SJ
4|29|73|33|38|32|2S|E|8|S2
4|30|10|12|9|42|6D|S|10|HJ
4|30|2|36|67|57|5D|S|10|HJ
4|30|23|4|63|8|5D|S|10|HJ
4|30|28|66|81|69|5D|S|10|HJ
4|30|31|75|29|30|5D|S|10|HJ
4|30|37|18|35|16|6D|S|10|HJ
4|30|39|55|22|14|5D|S|11|HJ
4|30|40|64|72|26|5D|S|10|HJ
4|30|45|48|62|13|5D|S|10|HJ
4|30|49|80|47|3|5D|S|10|HJ
4|30|54|70|24|19|5D|S|10|HJ
4|30|59|43|56|20|6D|N|10|SA
4|30|68|17|44|58|3N|N|11|S4
4|30|73|33|38|32|6D|S|10|HJ
4|31|10|12|9|42|2H|E|7|C8
4|31|2|36|67|57|1N|E|8|C7
4|31|23|4|63|8|2D|E|6|D3
4|31|28|66|81|69|2D|W|7|D2
4|31|31|75|29|30|1CX|N|6|C5
4|31|37|18|35|16|2N|E|6|S2
4|31|39|55|22|14|2H|S|7|SK
4|31|40|64|72|26|2N|W|6|SQ
4|31|45|48|62|13|2N|W|6|SQ
4|31|49|80|47|3|2N|W|5|SQ
4|31|54|70|24|19|1N|W|6|SQ
4|31|59|43|56|20|2D|W|7|D2
4|31|68|17|44|58|1H|S|7|SK
4|31|73|33|38|32|1N|W|6|SQ
4|32|10|12|9|42|4H|N|9|CA
4|32|2|36|67|57|4H|N|8|SK
4|32|23|4|63|8|4S|W|9|HA
4|32|28|66|81|69|1N|N|7|D2
4|32|31|75|29|30|3H|N|9|CA
4|32|37|18|35|16|3H|N|8|CA
4|32|39|55|22|14|3S|W|9|HA
4|32|40|64|72|26|1NX|N|7|D3
4|32|45|48|62|13|1N|N|7|D6
4|32|49|80|47|3|1N|N|7|D3
4|32|54|70|24|19|1N|N|7|D3
4|32|59|43|56|20|2D|E|9|H3
4|32|68|17|44|58|2S|W|9|HQ
4|32|73|33|38|32|3H|N|8|CA
5|1|20|11|43|6|4S|E|10|DK
5|1|23|1|63|46|3N|E|10|DQ
5|1|28|82|81|60|4S|E|10|DK
5|1|39|41|22|25|4S|E|10|DK
5|1|40|80|72|3|3N|E|10|DK
5|1|45|56|62|59|4S|E|10|DK
5|1|58|66|17|69|3N|W|10|C6
5|1|61|34|53|15|3N|E|10|DK
5|1|64|18|26|16|4S|E|10|DK
5|1|65|51|78|5|4S|E|10|C9
5|1|73|68|38|79|3N|E|10|DK
5|1|75|36|30|57|4S|E|10|C9
5|1|76|71|50|52|4S|E|10|DK
5|1|77|47|27|49|3N|E|10|DQ
5|10|20|11|43|6|3N|W|11|D3
5|10|23|1|63|46|3N|W|9|D2
5|10|28|82|81|60|3N|W|10|D3
5|10|39|41|22|25|3N|W|11|D3
5|10|40|80|72|3|3N|E|11|D3
5|10|45|56|62|59|3N|W|10|D2
5|10|58|66|17|69|3N|W|10|H8
5|10|61|34|53|15|3N|W|11|C7
5|10|64|18|26|16|3N|W|9|D3
5|10|65|51|78|5|3N|W|10|D3
5|10|73|68|38|79|3N|W|10|D3
5|10|75|36|30|57|4S|E|8|DA
5|10|76|71|50|52|3N|W|12|H8
5|10|77|47|27|49|3N|W|11|D2
5|11|20|11|43|6|4S|W|10|DK
5|11|23|1|63|46|4S|E|10|D8
5|11|28|82|81|60|4S|E|9
5|11|39|41|22|25|4S|W|10|DK
5|11|40|80|72|3|4S|E|12|DK
5|11|45|56|62|59|4S|W|10|HJ
5|11|58|66|17|69|4S|W|10|DK
5|11|61|34|53|15|4S|W|12|HJ
5|11|64|18|26|16|3C|E|11|D2
5|11|65|51|78|5|4S|E|10|D7
5|11|73|68|38|79|3N|E|12|H4
5|11|75|36|30|57|3N|W|9|DK
5|11|76|71|50|52|4S|E|12|CT
5|11|77|47|27|49|4S|E|10|H7
5|12|20|11|43|6|3NX|E|9|C7
5|12|23|1|63|46|3N|W|10|HQ
5|12|28|82|81|60|3N|E|11|H4
5|12|39|41|22|25|3S|N|6|CK
5|12|40|80|72|3|3NX|E|11|H2
5|12|45|56|62|59|3N|E|11|H2
5|12|58|66|17|69|3N|E|11|H5
5|12|61|34|53|15|3N|E|11|H4
5|12|64|18|26|16|3N|E|11|H4
5|12|65|51|78|5|3H|S|8|DA
5|12|73|68|38|79|3N|E|11|H4
5|12|75|36|30|57|3N|E|11|H4
5|12|76|71|50|52|3N|E|11|H4
5|12|77|47|27|49|3SX|N|7|DJ
5|13|20|11|43|6|3S|S|9|DQ
5|13|23|1|63|46|1N|N|10|D9
5|13|28|82|81|60|2N|N|8|SQ
5|13|39|41|22|25|1N|N|7|SQ
5|13|40|80|72|3|4S|N|9|D2
5|13|45|56|62|59|4S|N|8|C3
5|13|58|66|17|69|2H|S|8|ST
5|13|61|34|53|15|2S|N|9|DA
5|13|64|18|26|16|4S|N|9|C3
5|13|65|51|78|5|2S|S|9|DQ
5|13|73|68|38|79|2S|S|9|DQ
5|13|75|36|30|57|2S|S|9|DQ
5|13|76|71|50|52|2S|S|8|DQ
5|13|77|47|27|49|2N|N|7|C3
5|14|20|11|43|6|2H|S|10|S8
5|14|23|1|63|46|3N|N|9|S9
5|14|28|82|81|60|3N|S|9|S3
5|14|39|41|22|25|2SX|W|7|S5
5|14|40|80|72|3|3N|N|9|S3
5|14|45|56|62|59|3N|S|9|S6
5|14|58|66|17|69|3N|S|9|S6
5|14|61|34|53|15|3N|S|9|S6
5|14|64|18|26|16|3N|S|9|S3
5|14|65|51|78|5|3N|S|10|SJ
5|14|73|68|38|79|3N|S|9|SJ
5|14|75|36|30|57|3N|S|9|S3
5|14|76|71|50|52|4H|S|9|SJ
5|14|77|47|27|49|3N|N|9|S9
5|15|20|11|43|6|4H|W|10|S5
5|15|23|1|63|46|4S|W|11|CA
5|15|28|82|81|60|4S|W|10|CA
5|15|39|41|22|25|4S|W|11|C4
5|15|40|80|72|3|4S|E|11|CA
5|15|45|56|62|59|4H|W|10|CA
5|15|58|66|17|69|4S|E|11|DQ
5|15|61|34|53|15|4S|W|11|D3
5|15|64|18|26|16|4S|W|11|CA
5|15|65|51|78|5|4S|W|11|CK
5|15|73|68|38|79|4S|W|10|CA
5|15|75|36|30|57|6S|E|11|C3
5|15|76|71|50|52|4S|W|11|CK
5|15|77|47|27|49|4S|W|11|CA
5|16|20|11|43|6|3C|N|8|S7
5|16|23|1|63|46|1N|W|7|CQ
5|16|28|82|81|60|3C|N|8|S7
5|16|39|41|22|25|1N|W|7|CA
5|16|40|80|72|3|1N|E|7|CK
5|16|45|56|62|59|2C|N|8|S7
5|16|58|66|17|69|1N|W|7|CA
5|16|61|34|53|15|3C|N|8|S7
5|16|64|18|26|16|3H|W|8|CA
5|16|65|51|78|5|1N|W|7|CA
5|16|73|68|38|79|2SX|S|9|CJ
5|16|75|36|30|57|1N|W|7|CK
5|16|76|71|50|52|2H|W|9|CK
5|16|77|47|27|49|1N|W|7|CA
5|2|20|11|43|6|3C|S|8|C2
5|2|23|1|63|46|3N|S|9|S3
5|2|28|82|81|60|4C|S|9|C2
5|2|39|41|22|25|1N|S|7|H2
5|2|40|80|72|3|1N|N|8|DK
5|2|45|56|62|59|2CX|N|8|DK
5|2|58|66|17|69|2N|N|6|H5
5|2|61|34|53|15|3C|S|8|DA
5|2|64|18|26|16|2N|S|7|H2
5|2|65|51|78|5|3C|S|8|DA
5|2|73|68|38|79|2N|S|6|H2
5|2|75|36|30|57|3D|E|9|C6
5|2|76|71|50|52|1N|N|7|HQ
5|2|77|47|27|49|2H|E|9|SQ
5|3|20|11|43|6|2C|S|9|D4
5|3|23|1|63|46|3S|W|8|CT
5|3|28|82|81|60|4C|S|9|S5
5|3|39|41|22|25|3S|W|8|CT
5|3|40|80|72|3|5C|N|9|S5
5|3|45|56|62|59|2S|W|9|CT
5|3|58|66|17|69|3S|W|9|CT
5|3|61|34|53|15|3H|N|8|SA
5|3|64|18|26|16|3S|W|8|CT
5|3|65|51|78|5|4C|S|9|SK
5|3|75|36|30|57|3N|S|5|D2
5|3|76|71|50|52|4C|S|9|S5
5|3|77|47|27|49|3C|S|9|S7
5|4|20|11|43|6|4S|N|11|DK
5|4|23|1|63|46|4S|N|11|DA
5|4|28|82|81|60|4S|S|11|D3
5|4|39|41|22|25|4S|S|11|D3
5|4|40|80|72|3|4S|N|11|DA
5|4|45|56|62|59|4S|N|11|DA
5|4|58|66|17|69|4S|N|10|DA
5|4|61|34|53|15|4S|S|11|D3
5|4|64|18|26|16|4S|S|13|H4
5|4|65|51|78|5|4S|S|11|DK
5|4|73|68|38|79|4S|N|10|DA
5|4|75|36|30|57|4S|S|12|D3
5|4|76|71|50|52|4S|N|11|DA
5|4|77|47|27|49|4S|N|11|DK
5|5|20|11|43|6|4H|S|10|S5
5|5|23|1|63|46|4H|N|11|H2
5|5|28|82|81|60|4H|S|10|D7
5|5|39|41|22|25|3N|N|10|S4
5|5|40|80|72|3|4H|N|11|C5
5|5|45|56|62|59|4H|N|11|H2
5|5|58|66|17|69|4H|S|10|S4
5|5|61|34|53|15|4H|N|10|SK
5|5|64|18|26|16|4H|S|10|C5
5|5|65|51|78|5|4H|S|10|S5
5|5|73|68|38|79|4H|N|11|SJ
5|5|75|36|30|57|4H|S|10|C5
5|5|76|71|50|52|4H|S|10|D7
5|5|77|47|27|49|4H|S|10|D7
5|6|20|11|43|6|3H|N|8|H5
5|6|23|1|63|46|4H|N|9|D5
5|6|28|82|81|60|3H|N|8|D5
5|6|39|41|22|25|3H|N|8|C2
5|6|40|80|72|3|4H|N|9|H2
5|6|45|56|62|59|2H|N|10|D5
5|6|58|66|17|69|4H|N|7|H7
5|6|61|34|53|15|3H|N|7|H7
5|6|64|18|26|16|3H|N|8|D5
5|6|65|51|78|5|3C|S|4|HA
5|6|73|68|38|79|3H|N|7|D5
5|6|75|36|30|57|5C|E|9|HK
5|6|76|71|50|52|4H|N|8|D5
5|6|77|47|27|49|4C|W|10|HQ
5|7|20|11|43|6|3N|S|9|S9
5|7|23|1|63|46|3N|S|9|S9
5|7|28|82|81|60|3N|S|9|D6
5|7|39|41|22|25|3N|S|9|ST
5|7|40|80|72|3|3N|N|9|S2
5|7|45|56|62|59|3N|S|9|H3
5|7|58|66|17|69|3N|S|9|S9
5|7|61|34|53|15|3N|S|9|D6
5|7|64|18|26|16|3N|S|9|H3
5|7|65|51|78|5|3N|S|9|ST
5|7|73|68|38|79|3N|S|9|ST
5|7|75|36|30|57|3N|S|9|S9
5|7|76|71|50|52|3N|S|9|S9
5|7|77|47|27|49|3N|N|9|ST
5|8|20|11|43|6|4H|N|11|H2
5|8|23|1|63|46|4H|N|11|C9
5|8|28|82|81|60|4H|N|11|C6
5|8|39|41|22|25|4H|N|11|H3
5|8|40|80|72|3|4H|N|11|C9
5|8|45|56|62|59|4H|N|11|C9
5|8|58|66|17|69|4H|N|11|H5
5|8|61|34|53|15|4H|N|11|H2
5|8|64|18|26|16|4H|N|11|H2
5|8|65|51|78|5|4H|S|11|H5
5|8|73|68|38|79|4H|S|10|DK
5|8|75|36|30|57|4H|N|11|H3
5|8|76|71|50|52|4H|N|11|C9
5|8|77|47|27|49|4H|N|11|C9
5|9|20|11|43|6|4S|N|10|HK
5|9|23|1|63|46|4SX|N|8|HK
5|9|28|82|81|60|4SXX|N|9|HK
5|9|39|41|22|25|4S|N|10|HK
5|9|40|80|72|3|2S|N|9|C6
5|9|45|56|62|59|4SXX|N|10|CJ
5|9|58|66|17|69|4S|N|9|HK
5|9|61|34|53|15|2SX|N|9|HK
5|9|64|18|26|16|4S|N|9|CJ
5|9|65|51|78|5|3H|S|7|C5
5|9|73|68|38|79|3N|S|7|HJ
5|9|75|36|30|57|4SX|N|8|D2
5|9|76|71|50|52|3S|N|8|HK
5|9|77|47|27|49|3C|N|10|CJ
6|17|10|48|9|13|3D|E|8|H5
6|17|23|70|63|19|4D|E|9|H5
6|17|34|66|15|69|3H|N|8|S5
6|17|37|4|35|8|2S|S|6|C9
6|17|45|74|62|7|2S|S|8|D4
6|17|46|50|1|76|2D|E|9|H5
6|17|51|56|5|59|3D|E|9|S7
6|17|52|33|71|32|3D|E|8|H5
6|17|55|43|14|20|3D|E|9|S7
6|17|58|24|17|54|3D|E|9|CA
6|17|6|41|11|25|2S|S|5|C9
6|17|61|31|53|29|3D|E|9|H5
6|17|65|12|78|42|4D|E|9|H5
6|17|68|67|44|2|4D|W|9|H5
6|18|10|48|9|13|3N|E|9|ST
6|18|23|70|63|19|3N|W|8|S3
6|18|34|66|15|69|3NX|W|6|D3
6|18|37|4|35|8|3N|E|8|CT
6|18|45|74|62|7|3N|E|9|C9
6|18|46|50|1|76|3N|W|8|S5
6|18|51|56|5|59|3N|E|8|CT
6|18|52|33|71|32|3N|W|8|S5
6|18|55|43|14|20|3H|E|7|D4
6|18|58|24|17|54|3N|E|8|C4
6|18|6|41|11|25|3N|E|9|C9
6|18|61|31|53|29|3N|E|8|ST
6|18|65|12|78|42|3N|W|9|S3
6|18|68|67|44|2|3N|W|7|S3
6|19|10|48|9|13|2H|W|6|S2
6|19|23|70|63|19|2N|W|5|C5
6|19|34|66|15|69|2H|W|6|S2
6|19|37|4|35|8|3D|E|6|C3
6|19|45|74|62|7|2H|W|7|S2
6|19|46|50|1|76|3NX|E|8|H2
6|19|51|56|5|59|2S|S|7|D9
6|19|52|33|71|32|1N|N|6|D5
6|19|55|43|14|20|3HX|W|5|S2
6|19|58|24|17|54|2H|W|7|S2
6|19|6|41|11|25|1N|N|7|D7
6|19|61|31|53|29|3C|N|8|H8
6|19|65|12|78|42|1N|N|5|D7
6|19|68|67|44|2|2N|E|8|S4
6|20|10|48|9|13|4H|W|11|H7
6|20|23|70|63|19|4H|E|11|H2
6|20|34|66|15|69|4H|W|12|C2
6|20|37|4|35|8|3N|W|11|S6
6|20|45|74|62|7|4H|E|11|DT
6|20|46|50|1|76|6H|W|11|C2
6|20|51|56|5|59|6N|E|9|C9
6|20|52|33|71|32|6H|W|12|D2
6|20|55|43|14|20|3N|E|11|C4
6|20|58|24|17|54|4H|W|12|D5
6|20|6|41|11|25|6H|W|11|H7
6|20|61|31|53|29|4H|W|12|S6
6|20|65|12|78|42|4H|W|11|HT
6|20|68|67|44|2|6H|E|11|H2
6|21|10|48|9|13|3N|S|10|C5
6|21|23|70|63|19|4H|N|10|DA
6|21|34|66|15|69|4H|N|10|DA
6|21|37|4|35|8|4S|S|9|D7
6|21|45|74|62|7|4H|N|11|DA
6|21|46|50|1|76|4S|S|9|C5
6|21|51|56|5|59|3N|S|9|C6
6|21|52|33|71|32|3N|S|9|C3
6|21|55|43|14|20|4S|S|8|D7
6|21|58|24|17|54|4S|N|9|DA
6|21|6|41|11|25|4H|N|10|DK
6|21|61|31|53|29|2H|N|10|DA
6|21|65|12|78|42|4S|S|9|D7
6|21|68|67|44|2|4S|S|9|C5
6|22|10|48|9|13|4S|W|10|H3
6|22|23|70|63|19|4S|W|10|D7
6|22|34|66|15|69|4S|W|10|H3
6|22|37|4|35|8|4S|W|10|H3
6|22|45|74|62|7|4S|W|10|H3
6|22|46|50|1|76|3S|W|10|H3
6|22|51|56|5|59|2S|E|10|C6
6|22|52|33|71|32|4S|W|10|H3
6|22|55|43|14|20|5HX|S|8|SA
6|22|58|24|17|54|4HX|S|8|SA
6|22|6|41|11|25|4S|W|10|H3
6|22|61|31|53|29|4S|W|10|H3
6|22|65|12|78|42|3S|W|10|H5
6|22|68|67|44|2|4S|W|10|H3
6|23|10|48|9|13|3D|W|10|H8
6|23|23|70|63|19|3S|S|9|C3
6|23|34|66|15|69|3S|N|9|S6
6|23|37|4|35|8|2S|N|9|DK
6|23|45|74|62|7|3D|W|10|H8
6|23|46|50|1|76|2S|N|9|DA
6|23|51|56|5|59|3S|N|9|DA
6|23|52|33|71|32|3S|N|9|S6
6|23|55|43|14|20|2S|S|8|DT
6|23|58|24|17|54|4S|N|9|S6
6|23|6|41|11|25|3S|N|9|DK
6|23|61|31|53|29|2S|N|9|S6
6|23|65|12|78|42|3S|N|9|DA
6|23|68|67|44|2|4D|E|10|H8
6|24|10|48|9|13|3S|E|10|H6
6|24|23|70|63|19|4SX|E|8|DA
6|24|34|66|15|69|5H|N|8|CK
6|24|37|4|35|8|2S|E|8|HA
6|24|45|74|62|7|3D|S|5|HJ
6|24|46|50|1|76|3S|E|9|DA
6|24|51|56|5|59|3S|E|9|HA
6|24|52|33|71|32|5HX|N|7|CK
6|24|55|43|14|20|4S|E|9|HA
6|24|58|24|17|54|4SX|E|9|HA
6|24|6|41|11|25|3H|N|6|SA
6|24|61|31|53|29|4S|E|9|DA
6|24|65|12|78|42|2S|E|10|H6
6|24|68|67|44|2|4SX|E|8|DA
6|25|10|48|9|13|3N|W|10|S6
6|25|23|70|63|19|3N|W|10|S6
6|25|34|66|15|69|3N|E|10|S4
6|25|37|4|35|8|3N|W|10|S2
6|25|45|74|62|7|3N|E|10|D6
6|25|46|50|1|76|3N|W|10|S2
6|25|51|56|5|59|3N|E|5|S3
6|25|52|33|71|32|3N|E|9|D3
6|25|55|43|14|20|3N|W|10|D7
6|25|58|24|17|54|3N|E|9|D5
6|25|6|41|11|25|1N|E|9|D3
6|25|61|31|53|29|3N|E|9|D3
6|25|65|12|78|42|3N|E|9|D3
6|25|68|67|44|2|3N|E|7|S3
6|26|10|48|9|13|5H|E|10|D9
6|26|23|70|63|19|6H|E|10|D4
6|26|34|66|15|69|4HX|E|10|D9
6|26|37|4|35|8|5HX|E|11|SJ
6|26|45|74|62|7|4H|E|10|CK
6|26|46|50|1|76|4H|E|9|ST
6|26|51|56|5|59|4S|S|9|DA
6|26|52|33|71|32|4H|E|10|S3
6|26|55|43|14|20|5H|E|11|D9
6|26|58|24|17|54|4S|S|9|DA
6|26|6|41|11|25|5H|E|11|D9
6|26|61|31|53|29|1C|S|6|DA
6|26|65|12|78|42|5H|E|11|SJ
6|26|68|67|44|2|4SX|S|9|DA
6|27|10|48|9|13|4S|E|11|DK
6|27|23|70|63|19|4S|E|9|DK
6|27|34|66|15|69|4S|E|9|DK
6|27|37|4|35|8|5HX|S|9|SA
6|27|45|74|62|7|4S|E|9|DK
6|27|46|50|1|76|4S|E|9|DK
6|27|51|56|5|59|4S|W|8|S6
6|27|52|33|71|32|4S|E|8|C9
6|27|55|43|14|20|5HX|N|9|SK
6|27|58|24|17|54|4S|E|8|DK
6|27|6|41|11|25|4S|E|9|C9
6|27|61|31|53|29|4S|E|9|DK
6|27|65|12|78|42|4S|E|9|C9
6|27|68|67|44|2|4S|W|8|DJ
6|28|10|48|9|13|3N|W|9|S4
6|28|23|70|63|19|1N|W|9|S5
6|28|34|66|15|69|3D|W|10|C2
6|28|37|4|35|8|3D|E|10|CA
6|28|45|74|62|7|3N|W|9|S3
6|28|46|50|1|76|3D|E|10|CA
6|28|51|56|5|59|1N|W|7|S5
6|28|52|33|71|32|3D|E|9
6|28|55|43|14|20|3N|W|9|H9
6|28|58|24|17|54|3N|W|10|S2
6|28|6|41|11|25|3N|W|9|S5
6|28|61|31|53|29|3D|W|10|S5
6|28|65|12|78|42|3N|W|9|S3
6|28|68|67|44|2|3N|E|8|S3
6|29|10|48|9|13|2N|S|10|C3
6|29|23|70|63|19|3N|N|10|H2
6|29|34|66|15|69|1N|S|10|C2
6|29|37|4|35|8|3N|S|9|C8
6|29|45|74|62|7|2N|N|9|H2
6|29|46|50|1|76|3N|S|9|C3
6|29|51|56|5|59|1N|S|9|C5
6|29|52|33|71|32|3N|N|9
6|29|55|43|14|20|3N|N|9|S2
6|29|58|24|17|54|1N|S|9|C9
6|29|6|41|11|25|1N|S|8|C3
6|29|61|31|53|29|3N|S|10|C5
6|29|65|12|78|42|3N|S|8|D6
6|29|68|67|44|2|3N|N|9|C9
6|30|10|48|9|13|1N|E|6|D3
6|30|23|70|63|19|3N|E|6|D2
6|30|34|66|15|69|3N|E|6|D2
6|30|37|4|35|8|2C|E|9|D2
6|30|45|74|62|7|3H|W|8|DA
6|30|46|50|1|76|5C|E|9|D2
6|30|51|56|5|59|4S|S|9|H8
6|30|52|33|71|32|1N|E|6|D3
6|30|55|43|14|20|1N|E|7|D3
6|30|58|24|17|54|1N|E|8|S4
6|30|6|41|11|25|2H|W|6|DA
6|30|61|31|53|29|3H|W|8|DQ
6|30|65|12|78|42|1N|E|6|D3
6|30|68|67|44|2|2C|E|8|S2
6|31|10|48|9|13|3N|W|7|C5
6|31|23|70|63|19|3N|W|7|C7
6|31|34|66|15|69|3N|W|7|H6
6|31|37|4|35|8|2S|E|9|C2
6|31|45|74|62|7|2D|E|9|C3
6|31|46|50|1|76|1N|E|7|C5
6|31|51|56|5|59|1N|W|7|C5
6|31|52|33|71|32|3N|W|7|C5
6|31|55|43|14|20|3D|W|10|S4
6|31|58|24|17|54|3N|W|9|C2
6|31|6|41|11|25|3D|W|10|H6
6|31|61|31|53|29|4D|W|9|S4
6|31|65|12|78|42|3N|E|7|C3
6|31|68|67|44|2|2CX|N|8|HK
6|32|10|48|9|13|3N|W|9|S7
6|32|23|70|63|19|3N|W|10|H8
6|32|34|66|15|69|3N|E|10|S9
6|32|37|4|35|8|3N|E|9|S7
6|32|45|74|62|7|3N|W|10|S5
6|32|46|50|1|76|3N|W|10|S7
6|32|51|56|5|59|3N|W|10|S7
6|32|52|33|71|32|3N|W|10|H4
6|32|55|43|14|20|3N|W|11|H4
6|32|58|24|17|54|3N|W|11|S2
6|32|6|41|11|25|3N|W|10|C9
6|32|61|31|53|29|3N|W|10|S7
6|32|65|12|78|42|3N|E|9|H4
6|32|68|67|44|2|3N|E|10|S3
7|1|2|33|67|32|4H|S|10|S4
7|1|28|61|81|53|4H|S|10|S3
7|1|37|74|35|7|4H|S|10|S4
7|1|39|11|22|6|4H|N|11|H6
7|1|40|66|72|69|4H|N|12|D5
7|1|45|70|62|19|5H|N|11|SA
7|1|49|1|47|46|4H|S|11|S4
7|1|60|55|82|14|4H|N|11|D2
7|1|64|80|26|3|4H|S|12|S8
7|1|65|43|78|20|4H|S|12|S5
7|1|68|18|44|16|4H|S|10|S4
7|1|73|36|38|57|4H|N|12|D7
7|1|76|24|50|54|4H|N|10|D8
7|1|77|41|27|25|4H|N|10|C2
7|10|2|33|67|32|4S|S|10|D7
7|10|28|61|81|53|3N|N|9|D2
7|10|37|74|35|7|3N|N|11|D2
7|10|39|11|22|6|4S|S|10|H2
7|10|40|66|72|69|4S|S|10|D4
7|10|45|70|62|19|4S|S|11|D4
7|10|49|1|47|46|3N|N|10|HQ
7|10|60|55|82|14|4S|N|11|D2
7|10|64|80|26|3|4S|S|10|C4
7|10|65|43|78|20|3N|N|10|HK
7|10|68|18|44|16|3N|N|11|D2
7|10|73|36|38|57|4S|S|11|D4
7|10|76|24|50|54|4S|S|10|C4
7|10|77|41|27|25|4S|S|10|H2
7|11|2|33|67|32|3N|S|10|SJ
7|11|28|61|81|53|3N|S|10|SJ
7|11|37|74|35|7|3N|S|11|SJ
7|11|39|11|22|6|3N|S|10|HQ
7|11|40|66|72|69|3N|S|10|HQ
7|11|45|70|62|19|3N|S|10|HQ
7|11|49|1|47|46|3N|S|10|H2
7|11|60|55|82|14|3N|N|10|D2
7|11|64|80|26|3|3N|S|11|SJ
7|11|65|43|78|20|3N|N|9|HQ
7|11|68|18|44|16|3N|S|10|S4
7|11|73|36|38|57|3N|N|9|S4
7|11|76|24|50|54|3N|S|11|ST
7|11|77|41|27|25|3N|S|10|HQ
7|12|2|33|67|32|4S|S|9|H2
7|12|28|61|81|53|4S|S|10|DK
7|12|37|74|35|7|4S|S|11|HQ
7|12|39|11|22|6|5S|S|11|DK
7|12|40|66|72|69|4S|S|11|HQ
7|12|45|70|62|19|2S|S|11|DK
7|12|49|1|47|46|3N|N|9|H6
7|12|60|55|82|14|3N|N|9|D2
7|12|64|80|26|3|4S|S|10|DK
7|12|65|43|78|20|4S|N|10|HQ
7|12|68|18|44|16|4S|N|10|HQ
7|12|73|36|38|57|2S|S|10|DK
7|12|76|24|50|54|2S|S|9|HQ
7|12|77|41|27|25|3N|N|10|H6
7|13|2|33|67|32|2N|W|5|ST
7|13|28|61|81|53|2H|E|8|CJ
7|13|37|74|35|7|2S|N|7|S4
7|13|39|11|22|6|2S|S|7|H3
7|13|40|66|72|69|2S|S|8|H3
7|13|45|70|62|19|2S|N|8|S4
7|13|49|1|47|46|2S|S|7|H3
7|13|60|55|82|14|1N|E|7|ST
7|13|64|80|26|3|2S|S|8|H3
7|13|65|43|78|20|1S|N|5|D5
7|13|68|18|44|16|1N|N|8|H2
7|13|73|36|38|57|2C|E|8|C5
7|13|76|24|50|54|2H|E|9|C5
7|13|77|41|27|25|2C|E|8|DQ
7|14|2|33|67|32|3N|S|9|C6
7|14|28|61|81|53|3N|S|10|S5
7|14|37|74|35|7|4H|S|9|CJ
7|14|39|11|22|6|4H|S|9|S3
7|14|40|66|72|69|4H|N|9|S7
7|14|45|70|62|19|4H|S|9|S3
7|14|49|1|47|46|3N|N|9|S2
7|14|60|55|82|14|4H|N|9|D2
7|14|64|80|26|3|4H|S|9|S3
7|14|65|43|78|20|4H|N|9|S5
7|14|68|18|44|16|3N|N|9|H6
7|14|73|36|38|57|3N|S|9|C2
7|14|76|24|50|54|4H|N|9|S7
7|14|77|41|27|25|2CX|W|4|DJ
7|15|2|33|67|32|4HX|S|9|C3
7|15|28|61|81|53|4H|S|9|C3
7|15|37|74|35|7|2N|W|11|DQ
7|15|39|11|22|6|4H|S|9|C3
7|15|40|66|72|69|4H|S|9|C3
7|15|45|70|62|19|4H|S|8|HJ
7|15|49|1|47|46|3H|S|9|C3
7|15|60|55|82|14|4H|N|8|D2
7|15|64|80|26|3|4H|S|9|C3
7|15|65|43|78|20|4H|N|9|C3
7|15|68|18|44|16|4H|S|9|CQ
7|15|73|36|38|57|4C|E|10|DT
7|15|76|24|50|54|3H|S|8|HT
7|15|77|41|27|25|4H|S|9|C3
7|16|2|33|67|32|5C|W|12|SQ
7|16|28|61|81|53|4S|W|11|C8
7|16|37|74|35|7|4S|W|12|HJ
7|16|39|11|22|6|4S|W|10|C8
7|16|40|66|72|69|6S|W|11|C8
7|16|45|70|62|19|4S|W|11|C8
7|16|49|1|47|46|4S|W|11|C8
7|16|60|55|82|14|4S|E|12|D2
7|16|64|80|26|3|4SX|W|10|C8
7|16|65|43|78|20|5C|W|12|SQ
7|16|68|18|44|16|4H|N|8|DQ
7|16|73|36|38|57|4SX|E|12|DA
7|16|76|24|50|54|3N|E|10|HK
7|16|77|41|27|25|4S|W|12|DJ
7|2|2|33|67|32|5C|S|11|S5
7|2|28|61|81|53|3N|N|11|H3
7|2|37|74|35|7|5C|N|11|SK
7|2|39|11|22|6|3N|S|11|S7
7|2|40|66|72|69|5C|N|11|H2
7|2|45|70|62|19|6C|N|11|SK
7|2|49|1|47|46|3N|S|11|S7
7|2|60|55|82|14|3N|N|10|D2
7|2|64|80|26|3|3N|S|10|S7
7|2|65|43|78|20|3N|S|9|S9
7|2|68|18|44|16|3N|S|11|DT
7|2|73|36|38|57|3N|N|11|DA
7|2|76|24|50|54|3N|S|11|SJ
7|2|77|41|27|25|5C|N|11|SK
7|3|2|33|67|32|5C|W|11|S4
7|3|28|61|81|53|5C|E|11|S2
7|3|37|74|35|7|4SX|N|8|D4
7|3|39|11|22|6|5C|E|11|DA
7|3|40|66|72|69|5C|E|11|S2
7|3|45|70|62|19|3C|E|11|S2
7|3|49|1|47|46|5C|E|11|S2
7|3|60|55|82|14|6C|E|11|D2
7|3|64|80|26|3|5H|W|8|DK
7|3|65|43|78|20|5C|E|11|S3
7|3|68|18|44|16|6CX|E|11|S4
7|3|73|36|38|57|5C|W|11|S3
7|3|76|24|50|54|5C|E|11|S2
7|3|77|41|27|25|5C|W|11|SK
7|4|2|33|67|32|4S|W|10|HQ
7|4|28|61|81|53|4H|N|9|SA
7|4|37|74|35|7|5S|W|10|HQ
7|4|39|11|22|6|4S|W|10|HQ
7|4|40|66|72|69|4S|W|10|HQ
7|4|45|70|62|19|4S|W|10|HQ
7|4|49|1|47|46|4S|W|10|HQ
7|4|60|55|82|14|5S|E|10|HQ
7|4|64|80|26|3|4H|S|9|SJ
7|4|65|43|78|20|5HX|S|9|H9
7|4|68|18|44|16|4S|E|10|HQ
7|4|73|36|38|57|4S|E|10|C9
7|4|76|24|50|54|4S|E|10|C9
7|4|77|41|27|25|5C|E|10|HA
7|5|2|33|67|32|3C|S|9|D5
7|5|28|61|81|53|3N|N|9|DQ
7|5|37|74|35|7|3N|N|8|DQ
7|5|39|11|22|6|3C|S|10|D5
7|5|40|66|72|69|3N|S|7|S2
7|5|45|70|62|19|3N|N|10|DQ
7|5|49|1|47|46|3N|S|7|S3
7|5|60|55|82|14|3N|N|9|D2
7|5|64|80|26|3|3N|N|10|DQ
7|5|65|43|78|20|3N|S|6|S3
7|5|68|18|44|16|3N|N|10|DQ
7|5|73|36|38|57|3N|S|7|S3
7|5|76|24|50|54|3N|N|10|DQ
7|5|77|41|27|25|3N|N|8|DQ
7|6|2|33|67|32|2S|E|10|HK
7|6|28|61|81|53|2S|E|6|HA
7|6|37|74|35|7|2S|E|7|HA
7|6|39|11|22|6|1N|W|8|H8
7|6|40|66|72|69|2S|E|6|HA
7|6|45|70|62|19|1N|N|6|HQ
7|6|49|1|47|46|1N|N|5|ST
7|6|60|55|82|14|2S|E|7|D2
7|6|64|80|26|3|2S|E|8|HA
7|6|65|43|78|20|2S|E|9|HA
7|6|68|18|44|16|2S|E|8|HA
7|6|73|36|38|57|1N|N|7|ST
7|6|76|24|50|54|2S|E|8|HA
7|6|77|41|27|25|1N|N|7|D2
7|7|2|33|67|32|4H|W|11|DA
7|7|28|61|81|53|4H|W|11|DA
7|7|37|74|35|7|4H|W|11|S7
7|7|39|11|22|6|4H|W|10|S7
7|7|40|66|72|69|5H|W|11|DA
7|7|45|70|62|19|4H|W|11|S3
7|7|49|1|47|46|4H|W|11|C5
7|7|60|55|82|14|3H|E|11|D2
7|7|64|80|26|3|4H|W|11|DA
7|7|65|43|78|20|4H|W|11|DA
7|7|68|18|44|16|4S|N|8|H4
7|7|73|36|38|57|4H|W|11|DA
7|7|76|24|50|54|4H|W|11|C7
7|7|77|41|27|25|4H|W|11|DA
7|8|2|33|67|32|6H|W|12|H3
7|8|28|61|81|53|6H|E|12|DT
7|8|37|74|35|7|2SXX|E|10|CJ
7|8|39|11|22|6|6H|E|13|S3
7|8|40|66|72|69|4H|W|13|S8
7|8|45|70|62|19|6H|E|12|DT
7|8|49|1|47|46|7H|W|12|H2
7|8|60|55|82|14|6H|E|12|D2
7|8|64|80|26|3|4N|W|11|H2
7|8|65|43|78|20|6H|W|13|S8
7|8|68|18|44|16|6H|E|12|CJ
7|8|73|36|38|57|6H|W|12|C5
7|8|76|24|50|54|6H|W|13|C5
7|8|77|41|27|25|4H|E|13|ST
7|9|2|33|67|32|4H|N|8|HQ
7|9|28|61|81|53|5C|S|10|S5
7|9|37|74|35|7|4H|N|8|S2
7|9|39|11|22|6|3D|S|10|CJ
7|9|40|66|72|69|5D|S|10|CJ
7|9|45|70|62|19|4SX|W|8|HA
7|9|49|1|47|46|5C|N|9|S2
7|9|60|55|82|14|6C|N|10|D2
7|9|64|80|26|3|6C|S|11|CJ
7|9|65|43|78|20|4H|N|8|HJ
7|9|68|18|44|16|5C|S|10|S4
7|9|73|36|38|57|4H|N|9|S2
7|9|76|24|50|54|1H|N|8|HQ
7|9|77|41|27|25|4H|N|9|S4
8|17|10|36|9|57|4H|S|10|SJ
8|17|23|17|63|58|2H|N|9|C7
8|17|34|31|15|29|2H|S|10|SJ
8|17|39|76|22|50|2H|N|10|DQ
8|17|40|67|72|2|2H|N|10|SJ
8|17|45|43|62|20|2H|S|9|SJ
8|17|46|4|1|8|2H|S|9|SJ
8|17|55|71|14|52|2H|N|9|DQ
8|17|59|82|56|60|2H|S|9|SJ
8|17|61|41|53|25|2H|S|9|D4
8|17|65|74|78|7|2H|S|9|SJ
8|17|68|66|44|69|2H|S|9|SJ
8|17|73|48|38|13|2H|S|9|SJ
8|17|75|12|30|42|3H|S|9|SJ
8|18|10|36|9|57|6HX|S|10|CK
8|18|23|17|63|58|5D|N|10|S7
8|18|34|31|15|29|4SX|E|9|HA
8|18|39|76|22|50|4SX|E|9|HA
8|18|40|67|72|2|4H|N|10|CA
8|18|45|43|62|20|4SX|E|9|SA
8|18|46|4|1|8|4SX|E|9|HA
8|18|55|71|14|52|4H|S|10|CA
8|18|59|82|56|60|5HX|S|10|CA
8|18|61|41|53|25|5SX|E|9|DA
8|18|65|74|78|7|6DX|N|10|CJ
8|18|68|66|44|69|4H|S|10|CA
8|18|73|48|38|13|3N|S|8|CA
8|18|75|12|30|42|4H|S|10|CA
8|19|10|36|9|57|2N|N|8|S8
8|19|23|17|63|58|3N|S|9|H5
8|19|34|31|15|29|3N|N|8|HQ
8|19|39|76|22|50|3N|S|7|H4
8|19|40|67|72|2|2S|E|6|DK
8|19|45|43|62|20|1N|N|10|S9
8|19|46|4|1|8|3N|N|7|S7
8|19|55|71|14|52|3N|S|8|H4
8|19|59|82|56|60|3N|N|9|S7
8|19|61|41|53|25|3N|N|8|S7
8|19|65|74|78|7|3N|N|9|S9
8|19|68|66|44|69|3N|N|8|HQ
8|19|73|48|38|13|2H|W|6|DT
8|19|75|12|30|42|2S|E|5|DK
8|20|10|36|9|57|1N|N|6|C4
8|20|23|17|63|58|1N|N|9|S9
8|20|34|31|15|29|1N|N|7|C2
8|20|39|76|22|50|3N|N|8|C4
8|20|40|67|72|2|1SX|E|5|C2
8|20|45|43|62|20|1N|N|6|H8
8|20|46|4|1|8|1N|N|7|H8
8|20|55|71|14|52|2N|S|7|HK
8|20|59|82|56|60|1N|N|7|H9
8|20|61|41|53|25|1N|N|7|H3
8|20|65|74|78|7|1N|N|8|H9
8|20|68|66|44|69|1N|N|8|H3
8|20|73|48|38|13|1N|N|7|C4
8|20|75|12|30|42|1N|N|7|C4
8|21|10|36|9|57|1N|S|7|ST
8|21|23|17|63|58|2S|E|6|DK
8|21|34|31|15|29|1N|S|7|ST
8|21|39|76|22|50|2D|E|6|C6
8|21|40|67|72|2|1N|N|7|D5
8|21|45|43|62|20|3C|N|8|H2
8|21|46|4|1|8|1N|S|8|D6
8|21|55|71|14|52|2DX|S|6|ST
8|21|59|82|56|60|1N|S|6|ST
8|21|61|41|53|25|1N|S|8|HJ
8|21|65|74|78|7|2DX|S|7|ST
8|21|68|66|44|69|1N|S|6|D5
8|21|73|48|38|13|1N|S|7|ST
8|21|75|12|30|42|1N|S|6|ST
8|22|10|36|9|57|4S|S|9|C6
8|22|23|17|63|58|4S|N|9|HQ
8|22|34|31|15|29|4S|N|9|HQ
8|22|39|76|22|50|4S|N|9|HQ
8|22|40|67|72|2|4S|N|10|C4
8|22|45|43|62|20|4S|N|11|HQ
8|22|46|4|1|8|4S|S|10|C5
8|22|55|71|14|52|4S|N|10|DJ
8|22|59|82|56|60|4CX|W|9|SA
8|22|61|41|53|25|4S|N|9|HQ
8|22|65|74|78|7|4S|N|9|HQ
8|22|68|66|44|69|4S|N|10|HQ
8|22|73|48|38|13|4S|S|10|DQ
8|22|75|12|30|42|4S|N|10|HQ
8|23|10|36|9|57|2S|S|10|H8
8|23|23|17|63|58|4H|N|9|DA
8|23|34|31|15|29|2S|N|9|D6
8|23|39|76|22|50|4H|N|10|DK
8|23|40|67|72|2|4H|N|10|DA
8|23|45|43|62|20|3H|N|9|DA
8|23|46|4|1|8|3S|S|9|CJ
8|23|55|71|14|52|3N|S|7|CJ
8|23|59|82|56|60|4S|S|10|H8
8|23|61|41|53|25|4H|N|9|DK
8|23|65|74|78|7|4H|N|9|DA
8|23|68|66|44|69|3C|E|11|CA
8|23|73|48|38|13|4H|N|9|DA
8|23|75|12|30|42|2S|S|11|H8
8|24|10|36|9|57|3N|E|9|ST
8|24|23|17|63|58|4H|W|8|S9
8|24|34|31|15|29|3N|E|8|HQ
8|24|39|76|22|50|3N|W|9|HJ
8|24|40|67|72|2|3N|E|9|HJ
8|24|45|43|62|20|3N|E|7|HQ
8|24|46|4|1|8|3N|E|9|S6
8|24|55|71|14|52|3N|E|9|ST
8|24|59|82|56|60|3N|W|9|HJ
8|24|61|41|53|25|3N|E|9|D5
8|24|65|74|78|7|3N|W|9|HT
8|24|68|66|44|69|3N|E|9|ST
8|24|73|48|38|13|3N|W|10|HJ
8|24|75|12|30|42|3N|W|8|HJ
8|25|10|36|9|57|4C|W|9|CT
8|25|23|17|63|58|6H|W|10|DA
8|25|34|31|15|29|4H|W|11|H6
8|25|39|76|22|50|5H|W|9|S5
8|25|40|67|72|2|5H|E|10|D3
8|25|45|43|62|20|7C|E|12|S7
8|25|46|4|1|8|4H|W|10|DA
8|25|55|71|14|52|4H|W|10|H6
8|25|59|82|56|60|4H|W|11|CT
8|25|61|41|53|25|4H|W|10|H5
8|25|65|74|78|7|4H|E|9|S5
8|25|68|66|44|69|7DX|S|8|C8
8|25|73|48|38|13|4H|W|11|C4
8|25|75|12|30|42|4H|W|11|S5
8|26|10|36|9|57|3N|E|9|CJ
8|26|23|17|63|58|1N|E|9|CJ
8|26|34|31|15|29|1N|E|9|CJ
8|26|39|76|22|50|1N|E|9|C6
8|26|40|67|72|2|2S|N|8|S2
8|26|45|43|62|20|2S|S|6|CK
8|26|46|4|1|8|3C|W|8|D6
8|26|55|71|14|52|1N|E|8|C6
8|26|59|82|56|60|1N|E|9|C2
8|26|61|41|53|25|2D|S|6|DK
8|26|65|74|78|7|2C|E|7|H8
8|26|68|66|44|69|1N|E|8|CJ
8|26|73|48|38|13|1N|E|9|CJ
8|26|75|12|30|42|1N|E|9|C5
8|27|10|36|9|57|4H|W|11|CK
8|27|23|17|63|58|4H|E|9|CJ
8|27|34|31|15|29|4H|E|10|CJ
8|27|39|76|22|50|4H|E|10|CJ
8|27|40|67|72|2|3N|E|10|C2
8|27|45|43|62|20|4H|E|9|CJ
8|27|46|4|1|8|3N|E|10|HJ
8|27|55|71|14|52|4H|E|11|S3
8|27|59|82|56|60|4H|E|10|CA
8|27|61|41|53|25|4H|W|10|CA
8|27|65|74|78|7|4H|W|10|CA
8|27|68|66|44|69|4H|E|11|CJ
8|27|73|48|38|13|4H|E|10|HJ
8|27|75|12|30|42|4H|E|12|S2
8|28|10|36|9|57|6N|S|13|H5
8|28|23|17|63|58|7D|N|13|C7
8|28|34|31|15|29|7D|N|13|C7
8|28|39|76|22|50|7D|S|13|H6
8|28|40|67|72|2|7D|N|13|S2
8|28|45|43|62|20|7D|N|13|H4
8|28|46|4|1|8|7D|N|13|H9
8|28|55|71|14|52|7D|N|13|D4
8|28|59|82|56|60|6N|S|13|H5
8|28|61|41|53|25|6D|S|13|H3
8|28|65|74|78|7|3N|S|13|S3
8|28|68|66|44|69|7SX|W|3|HT
8|28|73|48|38|13|7D|N|13|H9
8|28|75|12|30|42|7D|N|13|H9
8|29|10|36|9|57|2S|S|10|HA
8|29|23|17|63|58|2S|N|9|D3
8|29|34|31|15|29|2S|S|10|D2
8|29|39|76|22|50|3S|S|11|HA
8|29|40|67|72|2|4CX|E|6|CJ
8|29|45|43|62|20|2S|S|9|HA
8|29|46|4|1|8|2S|S|11|HA
8|29|55|71|14|52|2S|N|9|D9
8|29|59|82|56|60|1N|S|8|D5
8|29|61|41|53|25|2S|S|9|D5
8|29|65|74|78|7|2S|N|9|D8
8|29|68|66|44|69|2S|N|9|HA
8|29|73|48|38|13|3S|S|9|HA
8|29|75|12|30|42|2S|S|9|D5
8|30|10|36|9|57|5H|S|10|S6
8|30|23|17|63|58|4H|N|10|DA
8|30|34|31|15|29|3N|N|7|SJ
8|30|39|76|22|50|4H|S|10|DT
8|30|40|67|72|2|4H|N|10|CA
8|30|45|43|62|20|3N|N|7|SJ
8|30|46|4|1|8|4SX|E|8|D2
8|30|55|71|14|52|3N|N|9|SJ
8|30|59|82|56|60|4H|S|9|C2
8|30|61|41|53|25|4H|S|10|D5
8|30|65|74|78|7|5H|S|10|S6
8|30|68|66|44|69|5H|N|9|S3
8|30|73|48|38|13|4H|S|9|C6
8|30|75|12|30|42|5D|N|10|SJ
8|31|10|36|9|57|4S|N|10|CJ
8|31|23|17|63|58|4S|N|10|CJ
8|31|34|31|15|29|4S|N|10|D2
8|31|39|76|22|50|4S|N|10|CJ
8|31|40|67|72|2|4S|N|11|D3
8|31|45|43|62|20|4S|N|10|CJ
8|31|46|4|1|8|4S|N|10|CJ
8|31|55|71|14|52|4S|N|10|D2
8|31|59|82|56|60|4S|N|10|CJ
8|31|61|41|53|25|4S|N|10|D5
8|31|65|74|78|7|4S|N|10|CJ
8|31|68|66|44|69|5S|N|10|C3
8|31|73|48|38|13|4S|N|11|CJ
8|31|75|12|30|42|4S|N|10|CJ
8|32|10|36|9|57|3NX|W|9|ST
8|32|23|17|63|58|3H|E|9|C5
8|32|34|31|15|29|5CX|W|11|ST
8|32|39|76|22|50|5H|E|9|C6
8|32|40|67|72|2|4H|E|9|C4
8|32|45|43|62|20|3N|W|9|ST
8|32|46|4|1|8|3SX|S|6|H3
8|32|55|71|14|52|3DX|S|4|HQ
8|32|59|82|56|60|3N|E|9|C5
8|32|61|41|53|25|3N|W|9|ST
8|32|65|74|78|7|3NX|E|10|ST
8|32|68|66|44|69|3NXX|E|9|D8
8|32|73|48|38|13|3N|W|10|ST
8|32|75|12|30|42|4H|E|10|C5
9|1|10|34|9|15|3N|W|10|HJ
9|1|23|75|63|30|2N|W|6|HJ
9|1|28|16|81|18|4C|E|10|HA
9|1|31|48|29|13|3N|W|6|HT
9|1|36|66|57|69|5C|W|10|H6
9|1|37|33|35|32|5C|E|10|HA
9|1|40|17|72|58|2N|E|6|HJ
9|1|45|39|62|22|5C|E|10|HA
9|1|49|4|47|8|5C|W|10|HJ
9|1|51|67|5|2|3C|E|10|ST
9|1|55|64|14|26|5C|W|10|ST
9|1|56|70|59|19|5C|E|10|C6
9|1|6|12|11|42|3C|W|10|ST
9|1|77|80|27|3|3H|W|6|H3
9|10|10|34|9|15|1N|W|6|D6
9|10|23|75|63|30|3C|W|7|SJ
9|10|28|16|81|18|2D|N|8|C3
9|10|31|48|29|13|3C|W|8|H9
9|10|36|66|57|69|2D|N|6|S9
9|10|37|33|35|32|3C|W|9|SJ
9|10|40|17|72|58|2H|E|6|H8
9|10|45|39|62|22|1N|W|7|SJ
9|10|49|4|47|8|2C|E|7|HQ
9|10|51|67|5|2|2D|N|8|S9
9|10|55|64|14|26|2C|E|8|D2
9|10|56|70|59|19|1N|W|5|D3
9|10|6|12|11|42|2D|N|8|C5
9|10|77|80|27|3|2D|N|8|C2
9|11|10|34|9|15|5C|W|12|S7
9|11|23|75|63|30|5C|W|12|S7
9|11|28|16|81|18|3C|W|11|S7
9|11|31|48|29|13|5C|W|11|S7
9|11|36|66|57|69|3N|W|9|D6
9|11|37|33|35|32|5C|W|11|S7
9|11|40|17|72|58|6C|E|12|S7
9|11|45|39|62|22|3N|W|9|CT
9|11|49|4|47|8|5CX|W|10|S7
9|11|51|67|5|2|2HXX|N|8|C4
9|11|55|64|14|26|6C|W|12|H7
9|11|56|70|59|19|5C|E|11|S5
9|11|6|12|11|42|5C|W|12|S7
9|11|77|80|27|3|5C|W|11|S7
9|12|10|34|9|15|1NX|S|6|C3
9|12|23|75|63|30|1N|S|7|C4
9|12|28|16|81|18|3C|W|7|DT
9|12|31|48|29|13|2C|E|8|CJ
9|12|36|66|57|69|1C|S|7|HQ
9|12|37|33|35|32|1D|S|8|HQ
9|12|40|17|72|58|1N|N|6|C2
9|12|45|39|62|22|1N|S|7|C4
9|12|49|4|47|8|1N|S|8|HQ
9|12|51|67|5|2|2N|S|6|C5
9|12|55|64|14|26|1D|S|8|C2
9|12|56|70|59|19|1H|S|7|C3
9|12|6|12|11|42|1N|S|6|C4
9|12|77|80|27|3|1N|S|7|C4
9|13|10|34|9|15|3N|E|8|D8
9|13|23|75|63|30|1N|W|6|D4
9|13|28|16|81|18|1N|W|6|D4
9|13|31|48|29|13|2C|E|7|C2
9|13|36|66|57|69|1N|W|7|C7
9|13|37|33|35|32|1N|W|7|D4
9|13|40|17|72|58|1N|E|7|D6
9|13|45|39|62|22|2H|E|9|S6
9|13|49|4|47|8|2H|W|8|SK
9|13|51|67|5|2|2N|E|6|D3
9|13|55|64|14|26|2CX|N|6|S4
9|13|56|70|59|19|3H|E|8|S9
9|13|6|12|11|42|1N|W|7|D6
9|13|77|80|27|3|1N|N|7|C6
9|14|10|34|9|15|4S|S|10|H7
9|14|23|75|63|30|4S|S|10|H8
9|14|28|16|81|18|4S|S|10|DT
9|14|31|48|29|13|4S|N|9|C3
9|14|36|66|57|69|4S|S|10|D3
9|14|37|33|35|32|4S|N|10|C3
9|14|40|17|72|58|3N|N|9|DT
9|14|45|39|62|22|3N|S|9|H6
9|14|49|4|47|8|4S|N|10|C6
9|14|51|67|5|2|4S|S|10|DT
9|14|55|64|14|26|4S|N|10|C8
9|14|56|70|59|19|4S|N|9|H5
9|14|6|12|11|42|4S|N|10|H3
9|14|77|80|27|3|4S|S|10|H8
9|15|10|34|9|15|3N|W|9|CK
9|15|23|75|63|30|3N|W|9|CK
9|15|28|16|81|18|3N|W|9|CK
9|15|31|48|29|13|3N|W|10|CQ
9|15|36|66|57|69|3N|W|8|CQ
9|15|37|33|35|32|3N|W|9|CK
9|15|40|17|72|58|3N|E|9|CK
9|15|45|39|62|22|3N|W|9|CK
9|15|49|4|47|8|3N|W|9|CQ
9|15|51|67|5|2|3N|W|7|CK
9|15|55|64|14|26|3N|W|10|CQ
9|15|56|70|59|19|3N|W|9|CK
9|15|6|12|11|42|3N|W|8|CK
9|15|77|80|27|3|3N|W|7|CK
9|16|10|34|9|15|4SX|N|6|S9
9|16|23|75|63|30|4S|S|6|D2
9|16|28|16|81|18|4S|S|8|D2
9|16|31|48|29|13|4S|S|8|D2
9|16|36|66|57|69|4S|S|8|H4
9|16|37|33|35|32|4SX|S|7|D2
9|16|40|17|72|58|4S|N|7|D3
9|16|45|39|62|22|2S|N|8|S9
9|16|49|4|47|8|5SX|S|7|H6
9|16|51|67|5|2|4SX|S|7|D2
9|16|55|64|14|26|3N|S|6|SA
9|16|56|70|59|19|4S|S|7|H4
9|16|6|12|11|42|4SX|N|6|DQ
9|16|77|80|27|3|4S|S|7|C6
9|2|10|34|9|15|4H|E|9|SQ
9|2|23|75|63|30|5C|E|11|SQ
9|2|28|16|81|18|3N|E|10|H2
9|2|31|48|29|13|5C|W|11|H8
9|2|36|66|57|69|4H|E|9|SQ
9|2|37|33|35|32|4H|E|11|SQ
9|2|40|17|72|58|3N|E|10|D2
9|2|45|39|62|22|3N|E|10|H4
9|2|49|4|47|8|3N|E|10|H4
9|2|51|67|5|2|3N|E|9|H2
9|2|55|64|14|26|4H|E|11|H2
9|2|56|70|59|19|3N|E|11|H4
9|2|6|12|11|42|3N|E|10|H2
9|2|77|80|27|3|3N|E|10|H4
9|3|10|34|9|15|4H|W|10|S9
9|3|23|75|63|30|4H|W|10|S4
9|3|28|16|81|18|4H|W|10|C2
9|3|31|48|29|13|4H|W|10|DA
9|3|36|66|57|69|2DX|N|7|CA
9|3|37|33|35|32|4H|E|9|D5
9|3|40|17|72|58|4H|E|10|S2
9|3|45|39|62|22|4H|W|10|S9
9|3|49|4|47|8|3N|W|8|DT
9|3|51|67|5|2|4H|W|10|S9
9|3|55|64|14|26|4H|W|9|C2
9|3|56|70|59|19|4H|W|11|S9
9|3|6|12|11|42|4H|W|9|S9
9|3|77|80|27|3|4H|E|10|C2
9|4|10|34|9|15|1N|S|8|S2
9|4|23|75|63|30|2H|E|6|DJ
9|4|28|16|81|18|1NX|E|5|DJ
9|4|31|48|29|13|2S|E|7|SJ
9|4|36|66|57|69|1N|S|9|H6
9|4|37|33|35|32|2SX|W|6|HT
9|4|40|17|72|58|2SX|E|5|CA
9|4|45|39|62|22|2HX|E|6|SJ
9|4|49|4|47|8|1N|S|10|H6
9|4|51|67|5|2|3SX|W|5|HT
9|4|55|64|14|26|2S|W|4|CA
9|4|56|70|59|19|2S|E|7|C5
9|4|6|12|11|42|2SX|W|7|CK
9|4|77|80|27|3|2SX|W|5|CA
9|5|10|34|9|15|4S|N|11|CA
9|5|23|75|63|30|4S|N|10|CA
9|5|28|16|81|18|4S|N|11|CA
9|5|31|48|29|13|4S|N|10|CA
9|5|36|66|57|69|4S|N|11|CA
9|5|37|33|35|32|4S|N|11|CA
9|5|40|17|72|58|4S|N|10|H3
9|5|45|39|62|22|4S|N|11|CA
9|5|49|4|47|8|4S|N|11|CK
9|5|51|67|5|2|4S|N|11|CA
9|5|55|64|14|26|4S|S|10|D3
9|5|56|70|59|19|4S|N|11|CA
9|5|6|12|11|42|4S|S|9|C7
9|5|77|80|27|3|4S|N|11|H4
9|6|10|34|9|15|3N|S|10|C7
9|6|23|75|63|30|3N|S|10|C7
9|6|28|16|81|18|3N|S|10|C7
9|6|31|48|29|13|3N|S|10|C7
9|6|36|66|57|69|3N|S|10|C5
9|6|37|33|35|32|3N|S|10|C7
9|6|40|17|72|58|3N|N|10|C5
9|6|45|39|62|22|3N|S|9|H4
9|6|49|4|47|8|3N|S|10|C7
9|6|51|67|5|2|3N|S|11|C7
9|6|55|64|14|26|3N|S|9|C7
9|6|56|70|59|19|3H|N|7|S6
9|6|6|12|11|42|3N|S|10|C7
9|6|77|80|27|3|3N|S|10|H4
9|7|10|34|9|15|2S|W|9|DK
9|7|23|75|63|30|2S|W|8|DA
9|7|28|16|81|18|3S|E|8|SQ
9|7|31|48|29|13|2S|W|9|DA
9|7|36|66|57|69|3S|E|8|S3
9|7|37|33|35|32|3S|W|9|DA
9|7|40|17|72|58|2S|E|7|D8
9|7|45|39|62|22|2D|N|7|CT
9|7|49|4|47|8|2C|W|10|DK
9|7|51|67|5|2|2C|W|8|DA
9|7|55|64|14|26|2S|W|8|DA
9|7|56|70|59|19|2S|W|9|DA
9|7|6|12|11|42|2S|E|8|D8
9|7|77|80|27|3|2S|E|9|D8
9|8|10|34|9|15|1N|S|7|C2
9|8|23|75|63|30|1N|N|8|S4
9|8|28|16|81|18|2D|N|8|HA
9|8|31|48|29|13|2D|N|8|HA
9|8|36|66|57|69|2H|E|9|DJ
9|8|37|33|35|32|2D|N|8|HA
9|8|40|17|72|58|2S|E|7|H2
9|8|45|39|62|22|2D|N|8|HA
9|8|49|4|47|8|3D|N|8|D2
9|8|51|67|5|2|1N|S|7|HT
9|8|55|64|14|26|1N|N|8|HA
9|8|56|70|59|19|1N|S|8|C4
9|8|6|12|11|42|2H|W|9|DK
9|8|77|80|27|3|1N|N|7|HA
9|9|10|34|9|15|6D|E|12|D3
9|9|23|75|63|30|6D|E|12|D3
9|9|28|16|81|18|3N|W|12|CQ
9|9|31|48|29|13|6D|E|12|C3
9|9|36|66|57|69|3N|W|12|CQ
9|9|37|33|35|32|5D|E|11|H2
9|9|40|17|72|58|6S|E|11|HJ
9|9|45|39|62|22|3N|E|12|C3
9|9|49|4|47|8|3N|E|12|H3
9|9|51|67|5|2|5D|W|12|S6
9|9|55|64|14|26|6D|E|12|H9
9|9|56|70|59|19|6S|W|12|CQ
9|9|6|12|11|42|4S|W|10|CQ
9|9|77|80|27|3|4S|W|10|HJ
10|17|10|33|9|32|3N|S|11|CQ
10|17|2|41|67|25|4H|S|10|CQ
10|17|37|55|35|14|3N|N|8|C4
10|17|39|68|22|44|4H|S|12|CQ
10|17|40|28|72|81|3N|N|9|C6
10|17|42|17|12|58|4H|S|10|CQ
10|17|43|36|79|57|4H|S|11|CQ
10|17|45|31|62|29|4H|S|12|CQ
10|17|46|71|1|52|4H|S|11|CQ
10|17|56|61|59|53|3N|S|11|CQ
10|17|60|80|82|3|3N|N|11|S3
10|17|64|77|26|27|4H|S|10|CQ
10|17|65|66|78|69|4H|S|10|CQ
10|17|7|51|74|5|4H|N|11|D5
10|18|10|33|9|32|2S|S|9|HJ
10|18|2|41|67|25|3S|S|8|H8
10|18|37|55|35|14|3N|S|9|DT
10|18|39|68|22|44|4S|S|9|DA
10|18|40|28|72|81|3H|W|7|CA
10|18|42|17|12|58|4S|S|9|DA
10|18|43|36|79|57|3N|S|9|D9
10|18|45|31|62|29|4N|N|5|D7
10|18|46|71|1|52|3S|N|10|H7
10|18|56|61|59|53|3N|S|9|HJ
10|18|60|80|82|3|3D|E|8|D2
10|18|64|77|26|27|3N|S|9|CA
10|18|65|66|78|69|3N|S|10|HJ
10|18|7|51|74|5|3N|S|10|HJ
10|19|10|33|9|32|5HX|W|10|SQ
10|19|2|41|67|25|4SX|S|10|CT
10|19|37|55|35|14|6DX|W|10|SQ
10|19|39|68|22|44|4S|N|10|HJ
10|19|40|28|72|81|4S|S|10|HA
10|19|42|17|12|58|4S|N|10|HJ
10|19|43|36|79|57|4SX|S|10|CT
10|19|45|31|62|29|4S|N|10|HJ
10|19|46|71|1|52|4SX|S|9|CT
10|19|56|61|59|53|4S|S|10|CT
10|19|60|80|82|3|4SX|N|10|D2
10|19|64|77|26|27|4SX|S|10|HA
10|19|65|66|78|69|5HX|W|10|SQ
10|19|7|51|74|5|4SX|S|9|CT
10|20|10|33|9|32|3H|N|10|D6
10|20|2|41|67|25|4H|S|10|DA
10|20|37|55|35|14|4H|N|10|HT
10|20|39|68|22|44|4H|S|10|DA
10|20|40|28|72|81|4H|S|11|DA
10|20|42|17|12|58|3H|S|10|DA
10|20|43|36|79|57|4H|S|10|DA
10|20|45|31|62|29|4H|S|10|DA
10|20|46|71|1|52|4H|S|11|DA
10|20|56|61|59|53|3H|N|10|D5
10|20|60|80|82|3|4H|N|10|D2
10|20|64|77|26|27|4H|S|10|DA
10|20|65|66|78|69|4H|S|10|DA
10|20|7|51|74|5|4H|S|10|DK
10|21|10|33|9|32|3N|E|10|SJ
10|21|2|41|67|25|3N|W|10|SJ
10|21|37|55|35|14|3N|E|11|SJ
10|21|39|68|22|44|3N|E|10|SJ
10|21|40|28|72|81|3N|E|10|C4
10|21|42|17|12|58|3N|W|10|D3
10|21|43|36|79|57|3N|E|10|SJ
10|21|45|31|62|29|3N|E|11|SJ
10|21|46|71|1|52|3N|E|10|SJ
10|21|56|61|59|53|3N|E|10|SJ
10|21|60|80|82|3|3N|E|10|D2
10|21|64|77|26|27|3N|W|9|H3
10|21|65|66|78|69|3N|E|10|ST
10|21|7|51|74|5|3N|E|10|SJ
10|22|10|33|9|32|5CX|S|6|DQ
10|22|2|41|67|25|4CX|S|7|DQ
10|22|37|55|35|14|6D|E|9|C7
10|22|39|68|22|44|3N|E|10|C7
10|22|40|28|72|81|3CX|S|8|DQ
10|22|42|17|12|58|4CX|S|7|DQ
10|22|43|36|79|57|4S|W|9|CK
10|22|45|31|62|29|3CX|N|7|SK
10|22|46|71|1|52|4S|W|10|H9
10|22|56|61|59|53|3N|W|9|CK
10|22|60|80|82|3|3S|E|9|D2
10|22|64|77|26|27|6D|E|9|C7
10|22|65|66|78|69|4CX|S|7|DQ
10|22|7|51|74|5|3HX|N|5|CA
10|23|10|33|9|32|3S|N|9|S3
10|23|2|41|67|25|3S|S|9|HK
10|23|37|55|35|14|4S|S|10|HK
10|23|39|68|22|44|3S|N|11|HA
10|23|40|28|72|81|4S|N|10|S3
10|23|42|17|12|58|4S|N|10|D5
10|23|43|36|79|57|4S|N|10|S3
10|23|45|31|62|29|3S|S|10|HK
10|23|46|71|1|52|4S|S|10|HK
10|23|56|61|59|53|3S|N|9|S4
10|23|60|80|82|3|4S|N|11|D2
10|23|64|77|26|27|3S|S|8|HK
10|23|65|66|78|69|4SX|N|10|DT
10|23|7|51|74|5|3S|N|9|HA
10|24|10|33|9|32|4H|S|10|CQ
10|24|2|41|67|25|3N|S|11|ST
10|24|37|55|35|14|4H|N|10|S7
10|24|39|68|22|44|3N|S|11|ST
10|24|40|28|72|81|3N|S|11|ST
10|24|42|17|12|58|3N|S|10|ST
10|24|43|36|79|57|4H|N|11|S7
10|24|45|31|62|29|4H|N|10|S7
10|24|46|71|1|52|4H|N|11|S7
10|24|56|61|59|53|4H|S|10|H3
10|24|60|80|82|3|3N|N|11|D2
10|24|64|77|26|27|3N|S|10|ST
10|24|65|66|78|69|3N|S|11|S9
10|24|7|51|74|5|4H|S|11|CQ
10|25|10|33|9|32|6H|S|13|CQ
10|25|2|41|67|25|6S|N|13|CJ
10|25|37|55|35|14|4S|N|13|ST
10|25|39|68|22|44|6S|N|12|DA
10|25|40|28|72|81|6S|N|13|C2
10|25|42|17|12|58|6S|N|12|D2
10|25|43|36|79|57|6S|N|12|D2
10|25|45|31|62|29|4S|N|13|H6
10|25|46|71|1|52|6S|N|12|DA
10|25|56|61|59|53|4S|N|13|H8
10|25|60|80|82|3|6S|N|12|D2
10|25|64|77|26|27|6S|N|12|DA
10|25|65|66|78|69|4S|N|13|C5
10|25|7|51|74|5|6S|N|13|C2
10|26|10|33|9|32|4C|S|10|H4
10|26|2|41|67|25|5C|N|10|S8
10|26|37|55|35|14|4H|N|10|ST
10|26|39|68|22|44|3N|N|8|ST
10|26|40|28|72|81|3N|N|9|D6
10|26|42|17|12|58|3N|N|8|S4
10|26|43|36|79|57|3C|N|10|ST
10|26|45|31|62|29|3N|N|10|D2
10|26|46|71|1|52|3N|N|9|ST
10|26|56|61|59|53|3N|N|9|HJ
10|26|60|80|82|3|3N|N|9|D2
10|26|64|77|26|27|3N|N|8|HJ
10|26|65|66|78|69|3N|N|9|D4
10|26|7|51|74|5|3N|N|10|D6
10|27|10|33|9|32|2N|E|8|D2
10|27|2|41|67|25|2N|N|6|C6
10|27|37|55|35|14|1N|E|8|D7
10|27|39|68|22|44|1N|N|5|D3
10|27|40|28|72|81|1N|N|3|D3
10|27|42|17|12|58|2C|W|8|H6
10|27|43|36|79|57|1N|N|7|SA
10|27|45|31|62|29|1N|N|4|D3
10|27|46|71|1|52|1N|N|5|C2
10|27|56|61|59|53|1N|E|9|D2
10|27|60|80|82|3|1N|N|7|D2
10|27|64|77|26|27|1N|W|9|H5
10|27|65|66|78|69|1N|N|4|H4
10|27|7|51|74|5|3C|W|9|S4
10|28|10|33|9|32|2H|W|9|S5
10|28|2|41|67|25|3H|W|11|SJ
10|28|37|55|35|14|3H|W|9|S5
10|28|39|68|22|44|3N|W|9|CQ
10|28|40|28|72|81|2CX|N|8|H8
10|28|42|17|12|58|4H|W|10|S2
10|28|43|36|79|57|1SX|N|6|H7
10|28|45|31|62|29|4H|W|10|S5
10|28|46|71|1|52|2CX|N|9|CT
10|28|56|61|59|53|4H|W|10|SJ
10|28|60|80|82|3|4H|E|8|D2
10|28|64|77|26|27|2CX|N|9|CT
10|28|65|66|78|69|2H|W|11|ST
10|28|7|51|74|5|2H|W|9|S5
10|29|10|33|9|32|4S|E|10|DK
10|29|2|41|67|25|4S|E|10|DA
10|29|37|55|35|14|4S|E|9|DA
10|29|39|68|22|44|4S|E|9|DA
10|29|40|28|72|81|4S|E|9|DA
10|29|42|17|12|58|4S|E|9|DA
10|29|43|36|79|57|4S|E|9|DA
10|29|45|31|62|29|4S|E|10|DA
10|29|46|71|1|52|4S|E|9|DA
10|29|56|61|59|53|4S|E|10|DA
10|29|60|80|82|3|3S|E|8|D2
10|29|64|77|26|27|4S|E|10|DA
10|29|65|66|78|69|2S|E|10|DA
10|29|7|51|74|5|4S|E|9|DA
10|30|10|33|9|32|3N|W|10|S4
10|30|2|41|67|25|1N|W|10|S4
10|30|37|55|35|14|3N|W|10|S4
10|30|39|68|22|44|3N|W|10|S4
10|30|40|28|72|81|4H|W|10|CT
10|30|42|17|12|58|3N|W|8|D3
10|30|43|36|79|57|3N|W|10|S2
10|30|45|31|62|29|3N|W|10|S5
10|30|46|71|1|52|3N|W|10|S4
10|30|56|61|59|53|4H|W|9|D4
10|30|60|80|82|3|2N|E|10|D2
10|30|64|77|26|27|2H|W|9|CT
10|30|65|66|78|69|2H|W|8|D8
10|30|7|51|74|5|3N|W|10|S4
10|31|10|33|9|32|6SX|E|6|H6
10|31|2|41|67|25|6SX|E|6|H7
10|31|37|55|35|14|6H|N|12|CJ
10|31|39|68|22|44|6D|S|11|S3
10|31|40|28|72|81|6H|N|13|SJ
10|31|42|17|12|58|6H|N|13|S8
10|31|43|36|79|57|6H|S|13|D8
10|31|45|31|62|29|7H|S|13|H2
10|31|46|71|1|52|6H|N|12|CJ
10|31|56|61|59|53|7N|N|13|SJ
10|31|60|80|82|3|6H|N|13|D2
10|31|64|77|26|27|6H|N|13|D8
10|31|65|66|78|69|6H|N|13|D8
10|31|7|51|74|5|6H|S|13|S3
10|32|10|33|9|32|3H|N|10|C6
10|32|2|41|67|25|2H|N|9|C3
10|32|37|55|35|14|4H|S|10|D9
10|32|39|68|22|44|3D|S|9|D7
10|32|40|28|72|81|4H|S|10|CA
10|32|42|17|12|58|4H|S|10|CA
10|32|43|36|79|57|2D|S|10|D9
10|32|45|31|62|29|4H|N|9|C4
10|32|46|71|1|52|4H|N|9|C4
10|32|56|61|59|53|4H|N|10|C6
10|32|60|80|82|3|4H|N|10|D2
10|32|64|77|26|27|2H|S|10|HK
10|32|65|66|78|69|4H|N|9|S3
10|32|7|51|74|5|4H|N|10|C6
11|1|10|55|9|14|4HX|E|9|DA
11|1|2|76|67|50|5C|N|11|HA
11|1|21|47|79|49|5CX|N|11|HK
11|1|23|34|63|15|5C|N|11|HA
11|1|28|39|81|22|5C|N|11|HK
11|1|36|48|57|13|6C|N|11|HA
11|1|52|11|71|6|5HX|E|8|DA
11|1|56|18|59|16|3N|S|11|H5
11|1|61|43|53|20|5C|N|11|HA
11|1|64|41|26|25|5C|N|11|HK
11|1|65|17|78|58|5C|N|11|HA
11|1|7|33|74|32|5C|N|11|HA
11|1|73|72|38|40|5CX|N|11|HA
11|1|75|24|30|54|5C|N|11|HK
11|10|10|55|9|14|3D|N|8|C4
11|10|2|76|67|50|4H|E|9|CA
11|10|21|47|79|49|2D|N|8|S4
11|10|23|34|63|15|2S|E|8|S4
11|10|28|39|81|22|3D|N|8|S3
11|10|36|48|57|13|3D|N|8|S3
11|10|52|11|71|6|3H|W|9|D8
11|10|56|18|59|16|4H|W|9|CT
11|10|61|43|53|20|3D|N|8|C7
11|10|64|41|26|25|2S|E|7|CA
11|10|65|17|78|58|3D|N|8|S8
11|10|7|33|74|32|3H|W|8|D2
11|10|73|72|38|40|3D|N|8|S3
11|10|75|24|30|54|3D|N|8|H7
11|11|10|55|9|14|3HX|S|7|S3
11|11|2|76|67|50|3S|E|9|DJ
11|11|21|47|79|49|4S|E|9|DJ
11|11|23|34|63|15|4SX|E|9|DJ
11|11|28|39|81|22|2S|E|8|HJ
11|11|36|48|57|13|4S|E|9|HJ
11|11|52|11|71|6|4S|E|10|H3
11|11|56|18|59|16|2H|S|7|S3
11|11|61|43|53|20|2S|E|10|DJ
11|11|64|41|26|25|3S|E|10|DJ
11|11|65|17|78|58|4SX|E|9|CA
11|11|7|33|74|32|3S|E|9|SA
11|11|73|72|38|40|4S|E|9|DJ
11|11|75|24|30|54|3S|E|9|HJ
11|12|10|55|9|14|3H|W|9|D4
11|12|2|76|67|50|3H|E|8|D8
11|12|21|47|79|49|2N|E|7|S6
11|12|23|34|63|15|3H|E|9|SK
11|12|28|39|81|22|2H|W|10|S3
11|12|36|48|57|13|2N|E|8|HK
11|12|52|11|71|6|3H|W|8|S3
11|12|56|18|59|16|3H|E|9|HK
11|12|61|43|53|20|2H|E|9|HK
11|12|64|41|26|25|4H|W|9|D4
11|12|65|17|78|58|3H|W|9|C9
11|12|7|33|74|32|4H|W|9|SA
11|12|73|72|38|40|2H|E|9|HK
11|12|75|24|30|54|4H|E|9|SK
11|13|10|55|9|14|5H|S|8|S7
11|13|2|76|67|50|4S|W|11|H2
11|13|21|47|79|49|4S|W|11|DT
11|13|23|34|63|15|4SX|W|11|DT
11|13|28|39|81|22|4S|W|11|H7
11|13|36|48|57|13|4S|W|11|D4
11|13|52|11|71|6|4S|E|10|HK
11|13|56|18|59|16|4H|W|11|H3
11|13|61|43|53|20|4S|W|11|H7
11|13|64|41|26|25|5HX|S|9|S4
11|13|65|17|78|58|4S|W|10|H3
11|13|7|33|74|32|4S|W|11|SA
11|13|73|72|38|40|5S|W|10|H2
11|13|75|24|30|54|4S|W|11|DT
11|14|10|55|9|14|4H|N|7|CQ
11|14|2|76|67|50|3C|S|9|HT
11|14|21|47|79|49|3C|S|9|S2
11|14|23|34|63|15|3D|N|9|S4
11|14|28|39|81|22|3N|N|7|S4
11|14|36|48|57|13|3N|S|6|HT
11|14|52|11|71|6|3N|S|9|HT
11|14|56|18|59|16|3N|N|10|S4
11|14|61|43|53|20|3N|N|9|S6
11|14|64|41|26|25|3N|S|7|HT
11|14|65|17|78|58|3N|S|8|S6
11|14|7|33|74|32|3N|N|7|HT
11|14|73|72|38|40|3C|S|9|S2
11|14|75|24|30|54|2N|N|8|D7
11|15|10|55|9|14|4H|N|9|C5
11|15|2|76|67|50|5CX|W|10|HA
11|15|21|47|79|49|1N|W|6|H6
11|15|23|34|63|15|2D|W|9|DT
11|15|28|39|81|22|1N|W|5|H5
11|15|36|48|57|13|2S|S|9|DK
11|15|52|11|71|6|4C|W|9|CT
11|15|56|18|59|16|2H|N|9|C6
11|15|61|43|53|20|5CX|W|9|HA
11|15|64|41|26|25|4C|W|9|CT
11|15|65|17|78|58|2H|S|10|DK
11|15|7|33|74|32|2D|W|9|SA
11|15|73|72|38|40|5H|S|9|CA
11|15|75|24|30|54|4H|N|9|C5
11|16|10|55|9|14|3N|N|8|DA
11|16|2|76|67|50|2S|S|8|C7
11|16|21|47|79|49|3N|S|8|D5
11|16|23|34|63|15|1DX|E|5|SA
11|16|28|39|81|22|2S|N|10|CT
11|16|36|48|57|13|2CX|W|5|HK
11|16|52|11|71|6|2CX|E|4|SA
11|16|56|18|59|16|1D|E|7|SA
11|16|61|43|53|20|3N|S|9|C8
11|16|64|41|26|25|3N|S|8|D5
11|16|65|17|78|58|3N|S|9|D6
11|16|7|33|74|32|1N|N|9|SA
11|16|73|72|38|40|2S|S|8|D5
11|16|75|24|30|54|1DX|E|5|SA
11|2|10|55|9|14|4H|E|10|HA
11|2|2|76|67|50|5HX|E|10|D8
11|2|21|47|79|49|4H|E|11|CA
11|2|23|34|63|15|5HX|E|10|SA
11|2|28|39|81|22|5HX|E|10|HA
11|2|36|48|57|13|5HX|E|10|SA
11|2|52|11|71|6|5HX|E|10|SA
11|2|56|18|59|16|4H|E|11|HA
11|2|61|43|53|20|5HX|E|10|HA
11|2|64|41|26|25|5HX|E|10|HA
11|2|65|17|78|58|5S|S|9|HK
11|2|7|33|74|32|4H|E|10|SA
11|2|73|72|38|40|5SX|S|8|CK
11|2|75|24|30|54|4H|E|10|D7
11|3|10|55|9|14|3N|N|8|ST
11|3|2|76|67|50|3N|S|7|H6
11|3|21|47|79|49|3N|N|8|ST
11|3|23|34|63|15|3N|N|8|ST
11|3|28|39|81|22|3N|N|8|ST
11|3|36|48|57|13|3N|S|9|H6
11|3|52|11|71|6|3N|S|9|D7
11|3|56|18|59|16|3N|N|8|S2
11|3|61|43|53|20|3N|N|8|D2
11|3|64|41|26|25|3N|N|8|S2
11|3|65|17|78|58|3N|N|8|S4
11|3|7|33|74|32|3N|N|9|H5
11|3|73|72|38|40|3N|N|8|ST
11|3|75|24|30|54|3N|N|8|S9
11|4|10|55|9|14|3N|S|10|CJ
11|4|2|76|67|50|4H|N|10|D9
11|4|21|47|79|49|4H|N|10|C2
11|4|23|34|63|15|4H|N|10|CJ
11|4|28|39|81|22|4H|N|9|C2
11|4|36|48|57|13|4H|S|11|D4
11|4|52|11|71|6|4H|S|10|S8
11|4|56|18|59|16|3N|N|11|S6
11|4|61|43|53|20|4H|N|10|S7
11|4|64|41|26|25|4H|N|10|C2
11|4|65|17|78|58|4H|N|9|C4
11|4|7|33|74|32|4H|N|10|D4
11|4|73|72|38|40|4H|S|10|CJ
11|4|75|24|30|54|3N|N|8|C2
11|5|10|55|9|14|4H|W|8|D3
11|5|2|76|67|50|4D|S|9|CT
11|5|21|47|79|49|4D|S|8|HA
11|5|23|34|63|15|4H|E|10|DA
11|5|28|39|81|22|4C|N|9|ST
11|5|36|48|57|13|4HX|W|10|D3
11|5|52|11|71|6|3H|E|9|DA
11|5|56|18|59|16|3H|E|10|DA
11|5|61|43|53|20|4H|E|10|DA
11|5|64|41|26|25|4C|N|10|ST
11|5|65|17|78|58|4H|E|9|DA
11|5|7|33|74|32|4H|W|10|D5
11|5|73|72|38|40|4H|E|10|DA
11|5|75|24|30|54|4H|E|10|DA
11|6|10|55|9|14|5C|N|10|HK
11|6|2|76|67|50|5C|N|9|D5
11|6|21|47|79|49|4C|N|12|HA
11|6|23|34|63|15|4H|W|9|SK
11|6|28|39|81|22|3C|S|11|C8
11|6|36|48|57|13|5CX|N|11|S5
11|6|52|11|71|6|3C|S|11|SJ
11|6|56|18|59|16|1N|N|8|H6
11|6|61|43|53|20|3C|S|11|C6
11|6|64|41|26|25|5CX|N|9|D7
11|6|65|17|78|58|3N|N|6|H2
11|6|7|33|74|32|4H|E|9|CA
11|6|73|72|38|40|5C|N|9|D7
11|6|75|24|30|54|1N|N|6|H6
11|7|10|55|9|14|4H|S|11|H5
11|7|2|76|67|50|4H|S|11|C2
11|7|21|47|79|49|4H|S|11|D6
11|7|23|34|63|15|4S|N|10|C2
11|7|28|39|81|22|4H|S|11|D6
11|7|36|48|57|13|4H|S|11|D6
11|7|52|11|71|6|4H|S|11|C3
11|7|56|18|59|16|4S|N|10|C2
11|7|61|43|53|20|4S|N|10|DA
11|7|64|41|26|25|4H|S|12|HT
11|7|65|17|78|58|4H|S|12|HT
11|7|7|33|74|32|4S|N|10|C2
11|7|73|72|38|40|6S|N|10|DA
11|7|75|24|30|54|4H|S|11|D6
11|8|10|55|9|14|1N|W|9|D6
11|8|2|76|67|50|1N|E|7|C3
11|8|21|47|79|49|1N|E|8|DQ
11|8|23|34|63|15|1N|W|8|DQ
11|8|28|39|81|22|2S|W|8|D4
11|8|36|48|57|13|2S|W|8|CK
11|8|52|11|71|6|1N|E|7|C3
11|8|56|18|59|16|2S|W|8|H6
11|8|61|43|53|20|1N|E|8|C3
11|8|64|41|26|25|1N|E|8|C3
11|8|65|17|78|58|1N|E|7|DQ
11|8|7|33|74|32|1N|E|7|SA
11|8|73|72|38|40|1N|W|7|D6
11|8|75|24|30|54|2S|W|7|D4
11|9|10|55|9|14|4S|S|11|CQ
11|9|2|76|67|50|4S|N|10|H7
11|9|21|47|79|49|4S|S|11|C4
11|9|23|34|63|15|4S|S|13|HJ
11|9|28|39|81|22|4S|S|12|C4
11|9|36|48|57|13|4S|N|12|H7
11|9|52|11|71|6|4S|S|12|C7
11|9|56|18|59|16|4S|S|11|CQ
11|9|61|43|53|20|4S|S|11|CQ
11|9|64|41|26|25|4S|S|12|C7
11|9|65|17|78|58|4S|S|11|C3
11|9|7|33|74|32|4S|S|11|CQ
11|9|73|72|38|40|4S|S|11|CQ
11|9|75|24|30|54|5CX|E|9|SA
12|17|2|17|67|58|4S|N|10|CQ
12|17|21|80|79|3|4S|N|11|DT
12|17|23|47|63|49|4S|N|11|DT
12|17|31|36|29|57|3S|N|9|CQ
12|17|37|48|35|13|4S|N|10|CQ
12|17|39|18|22|16|4S|N|10|CQ
12|17|42|33|12|32|4S|N|9|DT
12|17|45|51|62|5|4S|N|10|CQ
12|17|46|75|1|30|4S|N|10|DT
12|17|54|66|24|69|4SX|N|10|CQ
12|17|56|55|59|14|4S|N|9|CQ
12|17|6|34|11|15|4S|N|9|CQ
12|17|76|68|50|44|4S|N|10|CQ
12|17|77|4|27|8|3S|N|9|D8
12|18|2|17|67|58|5H|N|11|C6
12|18|21|80|79|3|5SX|E|8|CA
12|18|23|47|63|49|5H|N|10|SA
12|18|31|36|29|57|5H|N|10|SA
12|18|37|48|35|13|4SX|E|9|CA
12|18|39|18|22|16|4H|N|11|CT
12|18|42|33|12|32|5H|N|10|SA
12|18|45|51|62|5|5H|S|10|DK
12|18|46|75|1|30|5H|N|10|SA
12|18|54|66|24|69|4SX|W|9|S5
12|18|56|55|59|14|4H|S|10|DA
12|18|6|34|11|15|4SX|W|9|HK
12|18|76|68|50|44|4HX|W|8|HK
12|18|77|4|27|8|4SX|W|9|HK
12|19|2|17|67|58|3N|W|10|S4
12|19|21|80|79|3|2H|E|9|S9
12|19|23|47|63|49|4H|W|10|C3
12|19|31|36|29|57|2H|E|9|S9
12|19|37|48|35|13|3H|W|10|C3
12|19|39|18|22|16|4H|E|7|S9
12|19|42|33|12|32|4H|W|10|C2
12|19|45|51|62|5|3N|W|9|S3
12|19|46|75|1|30|2H|E|9|S9
12|19|54|66|24|69|3H|E|9|S9
12|19|56|55|59|14|4H|E|10|S9
12|19|6|34|11|15|2SX|N|6|D9
12|19|76|68|50|44|4H|E|10|D3
12|19|77|4|27|8|3H|W|11|DA
12|20|2|17|67|58|3N|W|9|CT
12|20|21|80|79|3|1N|E|10|HQ
12|20|23|47|63|49|3N|W|9|HQ
12|20|31|36|29|57|1N|W|10|H3
12|20|37|48|35|13|3N|W|9|H7
12|20|39|18|22|16|2D|W|9|HQ
12|20|42|33|12|32|3N|W|9|H7
12|20|45|51|62|5|2N|W|9|H5
12|20|46|75|1|30|3N|E|9|C5
12|20|54|66|24|69|3N|W|9|H7
12|20|56|55|59|14|3HX|N|7|H4
12|20|6|34|11|15|3N|W|9|HQ
12|20|76|68|50|44|4D|W|10|S2
12|20|77|4|27|8|3D|E|9|HQ
12|21|2|17|67|58|1N|N|5|S8
12|21|21|80|79|3|2N|N|5|S6
12|21|23|47|63|49|2N|N|6|S6
12|21|31|36|29|57|3D|N|9|S5
12|21|37|48|35|13|3N|S|7|SQ
12|21|39|18|22|16|3C|N|7|S5
12|21|42|33|12|32|3D|N|8|S5
12|21|45|51|62|5|3D|N|8|S5
12|21|46|75|1|30|2N|N|6|S6
12|21|54|66|24|69|3D|N|8|S5
12|21|56|55|59|14|2N|N|5|S6
12|21|6|34|11|15|P|S|0
12|21|76|68|50|44|3D|N|8|S9
12|21|77|4|27|8|3C|N|7|S6
12|22|2|17|67|58|4H|N|12|ST
12|22|21|80|79|3|5S|N|12|D4
12|22|23|47|63|49|6S|N|12|ST
12|22|31|36|29|57|4S|N|12|C7
12|22|37|48|35|13|4S|N|12|C7
12|22|39|18|22|16|4S|N|12|DA
12|22|42|33|12|32|4S|N|12|HK
12|22|45|51|62|5|4S|N|12|C8
12|22|46|75|1|30|4S|N|12|C7
12|22|54|66|24|69|6S|N|12|S3
12|22|56|55|59|14|4H|S|12|CK
12|22|6|34|11|15|4H|S|12|S8
12|22|76|68|50|44|4S|N|11|C7
12|22|77|4|27|8|5H|S|12|CK
12|23|2|17|67|58|3H|S|10|H7
12|23|21|80|79|3|4H|S|10|C3
12|23|23|47|63|49|2H|S|10|C3
12|23|31|36|29|57|4H|S|8|H5
12|23|37|48|35|13|3H|S|9|S4
12|23|39|18|22|16|3H|S|11|S4
12|23|42|33|12|32|3H|S|10|H5
12|23|45|51|62|5|2H|S|10|C4
12|23|46|75|1|30|4H|S|10|H3
12|23|54|66|24|69|4H|S|10|H5
12|23|56|55|59|14|2H|S|9|S4
12|23|6|34|11|15|3H|S|10|DJ
12|23|76|68|50|44|4H|S|11|DJ
12|23|77|4|27|8|2H|S|11|DT
12|24|2|17|67|58|6N|S|11|H6
12|24|21|80|79|3|6D|S|11|C4
12|24|23|47|63|49|6D|N|10
12|24|31|36|29|57|6D|N|11|CQ
12|24|37|48|35|13|6D|N|11|CQ
12|24|39|18|22|16|6D|N|11|CQ
12|24|42|33|12|32|6D|N|11|CQ
12|24|45|51|62|5|6D|N|11|CQ
12|24|46|75|1|30|4N|S|12|S3
12|24|54|66|24|69|3N|S|12|S7
12|24|56|55|59|14|3N|S|11|C5
12|24|6|34|11|15|6D|N|11|C3
12|24|76|68|50|44|3N|N|11|CQ
12|24|77|4|27|8|6D|N|11|CQ
12|25|2|17|67|58|4H|N|10|CT
12|25|21|80|79|3|4H|N|9|CQ
12|25|23|47|63|49|5CX|W|9|C7
12|25|31|36|29|57|5H|N|10|CQ
12|25|37|48|35|13|4H|N|10|C6
12|25|39|18|22|16|4H|N|10|C6
12|25|42|33|12|32|5CX|E|9|C5
12|25|45|51|62|5|4H|N|11|S9
12|25|46|75|1|30|5H|N|11|C6
12|25|54|66|24|69|5H|N|10|S9
12|25|56|55|59|14|5CX|E|10|H6
12|25|6|34|11|15|5HX|N|11|S9
12|25|76|68|50|44|5HX|N|10|S9
12|25|77|4|27|8|5CX|W|9|HT
12|26|2|17|67|58|5S|W|11|ST
12|26|21|80|79|3|4S|W|11|ST
12|26|23|47|63|49|6S|E|10|DJ
12|26|31|36|29|57|4S|E|11|DJ
12|26|37|48|35|13|6S|W|11|S3
12|26|39|18|22|16|4S|W|11|S3
12|26|42|33|12|32|4S|W|11|D2
12|26|45|51|62|5|4S|W|11|D7
12|26|46|75|1|30|6S|W|11|S3
12|26|54|66|24|69|6S|W|11|C2
12|26|56|55|59|14|6S|W|12|H7
12|26|6|34|11|15|4S|W|11|H7
12|26|76|68|50|44|4S|W|11|S3
12|26|77|4|27|8|4S|E|11|DJ
12|27|2|17|67|58|4S|N|11|H8
12|27|21|80|79|3|3N|N|9|H4
12|27|23|47|63|49|6S|N|11|H2
12|27|31|36|29|57|4S|N|11|H2
12|27|37|48|35|13|4S|N|11|H2
12|27|39|18|22|16|4S|N|11|H2
12|27|42|33|12|32|4S|N|10|D6
12|27|45|51|62|5|3N|N|9|H5
12|27|46|75|1|30|3N|N|7|H7
12|27|54|66|24|69|3N|N|8|H2
12|27|56|55|59|14|3N|N|8|H5
12|27|6|34|11|15|3N|N|8|H2
12|27|76|68|50|44|3N|N|9|H5
12|27|77|4|27|8|5S|S|12
12|28|2|17|67|58|5D|N|9|S5
12|28|21|80|79|3|3D|N|9|CA
12|28|23|47|63|49|3H|W|9|D5
12|28|31|36|29|57|3H|W|11|C7
12|28|37|48|35|13|2N|N|7|C5
12|28|39|18|22|16|2D|N|10|CK
12|28|42|33|12|32|3H|W|9|D2
12|28|45|51|62|5|3H|W|9|S8
12|28|46|75|1|30|3H|W|9|D6
12|28|54|66|24|69|3H|E|11|DK
12|28|56|55|59|14|5D|N|10|CA
12|28|6|34|11|15|4H|W|9|D5
12|28|76|68|50|44|3H|E|10|DK
12|28|77|4|27|8|2C|E|9|H3
12|29|2|17|67|58|3S|N|10|H6
12|29|21|80|79|3|4S|N|11|H2
12|29|23|47|63|49|4S|N|11|H4
12|29|31|36|29|57|3S|N|10|H4
12|29|37|48|35|13|4S|S|9|HA
12|29|39|18|22|16|3N|S|9|HA
12|29|42|33|12|32|4S|N|11|H4
12|29|45|51|62|5|4S|N|11|H4
12|29|46|75|1|30|4S|N|11|H4
12|29|54|66|24|69|4S|N|11|H4
12|29|56|55|59|14|2S|N|11|H4
12|29|6|34|11|15|4S|N|10|H4
12|29|76|68|50|44|3N|S|9|HJ
12|29|77|4|27|8|4S|S|9|H6
12|30|2|17|67|58|2H|S|6|SK
12|30|21|80|79|3|3N|E|9|H8
12|30|23|47|63|49|3N|E|11|H3
12|30|31|36|29|57|3N|W|12|S9
12|30|37|48|35|13|3N|W|11|S9
12|30|39|18|22|16|2HX|S|4|SK
12|30|42|33|12|32|3N|W|10|CT
12|30|45|51|62|5|3N|W|10|C9
12|30|46|75|1|30|5C|W|10|DA
12|30|54|66|24|69|3N|E|10|S7
12|30|56|55|59|14|5C|W|11|HQ
12|30|6|34|11|15|3N|W|11|C9
12|30|76|68|50|44|3N|E|10|S7
12|30|77|4|27|8|3N|W|10|CT
12|31|2|17|67|58|2H|S|11|DJ
12|31|21|80|79|3|3S|E|7|C4
12|31|23|47|63|49|4H|S|11|DJ
12|31|31|36|29|57|3D|N|8|S5
12|31|37|48|35|13|3S|E|7|H2
12|31|39|18|22|16|4H|S|9|CK
12|31|42|33|12|32|3S|E|7|C4
12|31|45|51|62|5|3N|N|7|CJ
12|31|46|75|1|30|4SX|E|7|C4
12|31|54|66|24|69|3C|W|7|D7
12|31|56|55|59|14|4H|S|10|CK
12|31|6|34|11|15|3H|S|9|DJ
12|31|76|68|50|44|3S|W|8|C4
12|31|77|4|27|8|2CX|W|8|D5
12|32|2|17|67|58|4S|E|9|CK
12|32|21|80|79|3|4S|E|10|CK
12|32|23|47|63|49|4S|E|11|CK
12|32|31|36|29|57|4S|E|10|CK
12|32|37|48|35|13|4S|E|10|CK
12|32|39|18|22|16|4S|E|11|CK
12|32|42|33|12|32|3S|E|10|CK
12|32|45|51|62|5|4S|E|10|CK
12|32|46|75|1|30|3S|E|11|CK
12|32|54|66|24|69|3S|E|10|CK
12|32|56|55|59|14|5D|W|11|C6
12|32|6|34|11|15|4S|E|11|CK
12|32|76|68|50|44|4S|E|10|CK
12|32|77|4|27|8|4S|E|10|CK
13|1|10|41|9|25|2S|N|7|CK
13|1|2|74|67|7|3N|W|9|H5
13|1|21|70|79|19|2S|N|6|CA
13|1|23|51|63|5|4C|S|6|DK
13|1|37|76|35|50|3C|W|8|S4
13|1|39|17|22|58|3N|W|7|H6
13|1|40|68|72|44|3NX|E|7|HQ
13|1|42|66|12|69|3N|W|7|H6
13|1|45|47|62|49|3N|W|7|H3
13|1|59|36|56|57|3N|W|9|H4
13|1|6|31|11|29|2H|N|9|CK
13|1|64|33|26|32|3N|W|7|H6
13|1|65|4|78|8|2S|N|7|CK
13|1|77|55|27|14|3NX|W|7|H4
13|10|10|41|9|25|2S|S|8|HK
13|10|2|74|67|7|3H|W|9|S2
13|10|21|70|79|19|2S|S|5|HK
13|10|23|51|63|5|3C|N|9|D5
13|10|37|76|35|50|3H|W|9|DA
13|10|39|17|22|58|3H|W|9|DA
13|10|40|68|72|44|3C|N|8|H2
13|10|42|66|12|69|2H|W|10|DA
13|10|45|47|62|49|3H|W|9|DA
13|10|59|36|56|57|3H|W|9|DA
13|10|6|31|11|29|3H|W|9|DK
13|10|64|33|26|32|2H|W|9|DA
13|10|65|4|78|8|2H|W|9|DA
13|10|77|55|27|14|3H|E|9|CQ
13|11|10|41|9|25|1N|S|7|S5
13|11|2|74|67|7|3H|E|9|DA
13|11|21|70|79|19|2N|S|6|HK
13|11|23|51|63|5|3C|S|9|S5
13|11|37|76|35|50|3H|W|8|C6
13|11|39|17|22|58|2H|W|8|H3
13|11|40|68|72|44|1N|N|6|HQ
13|11|42|66|12|69|1N|S|6|HJ
13|11|45|47|62|49|3H|W|7|C6
13|11|59|36|56|57|2S|E|6|DA
13|11|6|31|11|29|3H|W|8|C6
13|11|64|33|26|32|3H|E|8|DA
13|11|65|4|78|8|1N|N|5|H4
13|11|77|55|27|14|3H|W|7|H3
13|12|10|41|9|25|2C|N|9|SA
13|12|2|74|67|7|3C|N|8|SK
13|12|21|70|79|19|1S|E|5|C4
13|12|23|51|63|5|2D|S|8|S7
13|12|37|76|35|50|1N|W|6|CA
13|12|39|17|22|58|2C|N|9|SA
13|12|40|68|72|44|1S|E|5|HQ
13|12|42|66|12|69|1S|E|5|C4
13|12|45|47|62|49|2S|E|5|C4
13|12|59|36|56|57|2S|E|6|C4
13|12|6|31|11|29|2S|E|6|C4
13|12|64|33|26|32|1S|E|5|C4
13|12|65|4|78|8|2S|E|6|C4
13|12|77|55|27|14|2N|W|6|CA
13|13|10|41|9|25|2S|W|8|CK
13|13|2|74|67|7|3N|W|9|CK
13|13|21|70|79|19|2S|N|4|D2
13|13|23|51|63|5|2D|W|7|CA
13|13|37|76|35|50|2S|N|5|C6
13|13|39|17|22|58|2S|E|8|C3
13|13|40|68|72|44|2D|E|7|CA
13|13|42|66|12|69|2S|N|5|C6
13|13|45|47|62|49|2D|E|5|H3
13|13|59|36|56|57|3N|W|8|CA
13|13|6|31|11|29|2S|E|9|C3
13|13|64|33|26|32|2S|N|4|D7
13|13|65|4|78|8|3CX|W|7|DQ
13|13|77|55|27|14|1N|E|9|C4
13|14|10|41|9|25|6N|E|13|C9
13|14|2|74|67|7|6N|E|12|DT
13|14|21|70|79|19|6D|E|13|S6
13|14|23|51|63|5|6D|E|13|S6
13|14|37|76|35|50|6D|E|12|S2
13|14|39|17|22|58|7D|E|13|S2
13|14|40|68|72|44|6N|E|13|S2
13|14|42|66|12|69|6D|E|12|S6
13|14|45|47|62|49|4N|E|12|S2
13|14|59|36|56|57|6D|E|13|C9
13|14|6|31|11|29|6D|E|13|S4
13|14|64|33|26|32|6D|E|13|S5
13|14|65|4|78|8|6D|E|13|C9
13|14|77|55|27|14|6D|E|13|S2
13|15|10|41|9|25|4S|E|9|DQ
13|15|2|74|67|7|4S|E|9|DQ
13|15|21|70|79|19|4SX|W|9|HA
13|15|23|51|63|5|4S|E|9|DQ
13|15|37|76|35|50|4S|E|8|HJ
13|15|39|17|22|58|4S|E|9|HJ
13|15|40|68|72|44|4S|E|9|DQ
13|15|42|66|12|69|3S|E|9|DQ
13|15|45|47|62|49|4S|E|9|DQ
13|15|59|36|56|57|5HX|N|11|D6
13|15|6|31|11|29|4S|E|9|HT
13|15|64|33|26|32|4S|E|9|HJ
13|15|65|4|78|8|5SX|E|9|DQ
13|15|77|55|27|14|4SX|E|9|DQ
13|16|10|41|9|25|3N|W|11|H9
13|16|2|74|67|7|3N|W|9|D9
13|16|21|70|79|19|3N|W|11|S2
13|16|23|51|63|5|3N|W|9|C2
13|16|37|76|35|50|3N|W|9|C2
13|16|39|17|22|58|3N|W|8|D9
13|16|40|68|72|44|3N|E|9|D9
13|16|42|66|12|69|3N|W|9|C2
13|16|45|47|62|49|3N|W|10|S3
13|16|59|36|56|57|3N|E|11|S3
13|16|6|31|11|29|3N|W|9|D9
13|16|64|33|26|32|3N|E|10|DQ
13|16|65|4|78|8|3N|E|10|HJ
13|16|77|55|27|14|3N|W|8|D9
13|2|10|41|9|25|3N|S|9|DQ
13|2|2|74|67|7|6S|S|11|DK
13|2|21|70|79|19|4S|S|12|S2
13|2|23|51|63|5|4S|S|12|S2
13|2|37|76|35|50|4S|S|11|DK
13|2|39|17|22|58|4S|S|12|S4
13|2|40|68|72|44|4S|N|10|S3
13|2|42|66|12|69|4S|S|11|S2
13|2|45|47|62|49|4S|S|12|S4
13|2|59|36|56|57|6S|S|10|DK
13|2|6|31|11|29|4N|S|12|S5
13|2|64|33|26|32|4S|S|12|S2
13|2|65|4|78|8|4S|S|11|S2
13|2|77|55|27|14|3N|S|12|H8
13|3|10|41|9|25|3H|N|8|SA
13|3|2|74|67|7|4H|N|8|C5
13|3|21|70|79|19|4H|N|9|S3
13|3|23|51|63|5|2H|N|9|SA
13|3|37|76|35|50|3H|N|9|C5
13|3|39|17|22|58|2H|N|8|C3
13|3|40|68|72|44|3H|N|8|DQ
13|3|42|66|12|69|1S|E|7|H6
13|3|45|47|62|49|2H|N|8|DQ
13|3|59|36|56|57|2H|N|9|SA
13|3|6|31|11|29|1N|N|5|S4
13|3|64|33|26|32|3H|N|8|DQ
13|3|65|4|78|8|2H|N|8|S4
13|3|77|55|27|14|3H|N|9|SA
13|4|10|41|9|25|3N|E|10|S4
13|4|2|74|67|7|3N|W|9|HK
13|4|21|70|79|19|3N|E|6|S4
13|4|23|51|63|5|3N|W|11|D2
13|4|37|76|35|50|3N|E|9|HT
13|4|39|17|22|58|5C|W|9|HK
13|4|40|68|72|44|3N|E|9|H6
13|4|42|66|12|69|3N|E|9|HT
13|4|45|47|62|49|3N|E|9|HT
13|4|59|36|56|57|3N|E|9|D2
13|4|6|31|11|29|3N|E|8|HT
13|4|64|33|26|32|3N|W|9|D3
13|4|65|4|78|8|3N|E|8|H9
13|4|77|55|27|14|3N|E|7|H5
13|5|10|41|9|25|3N|S|10|DQ
13|5|2|74|67|7|4S|S|11|H5
13|5|21|70|79|19|4S|N|11|D4
13|5|23|51|63|5|6C|N|11|D3
13|5|37|76|35|50|4S|S|11|DQ
13|5|39|17|22|58|4S|N|11|S4
13|5|40|68|72|44|6C|N|11|DJ
13|5|42|66|12|69|3N|S|10|DQ
13|5|45|47|62|49|4S|N|11|H4
13|5|59|36|56|57|5S|N|10|D4
13|5|6|31|11|29|4S|N|10|S4
13|5|64|33|26|32|3N|S|9|DQ
13|5|65|4|78|8|4S|N|11|S4
13|5|77|55|27|14|4S|N|11|D2
13|6|10|41|9|25|4D|N|9|HK
13|6|2|74|67|7|2H|E|9|HJ
13|6|21|70|79|19|5DX|N|10|HK
13|6|23|51|63|5|3N|S|9|DT
13|6|37|76|35|50|4D|N|8|HK
13|6|39|17|22|58|3N|S|9|DT
13|6|40|68|72|44|3N|N|10|D8
13|6|42|66|12|69|3N|S|10|DT
13|6|45|47|62|49|3N|S|7|DT
13|6|59|36|56|57|3N|S|7|D4
13|6|6|31|11|29|3N|S|7|DT
13|6|64|33|26|32|3N|S|9|DT
13|6|65|4|78|8|3D|N|9|H5
13|6|77|55|27|14|3N|S|10|DT
13|7|10|41|9|25|5DX|N|9|HA
13|7|2|74|67|7|4H|E|11|D6
13|7|21|70|79|19|5HX|E|11|D4
13|7|23|51|63|5|4H|E|11|D2
13|7|37|76|35|50|4DX|N|10|HA
13|7|39|17|22|58|5C|W|7|DK
13|7|40|68|72|44|5H|E|11|D2
13|7|42|66|12|69|4H|E|11|D2
13|7|45|47|62|49|5H|E|11|D2
13|7|59|36|56|57|4H|E|11|D2
13|7|6|31|11|29|4H|E|11|D2
13|7|64|33|26|32|4H|E|11|D2
13|7|65|4|78|8|5DX|N|9|S5
13|7|77|55|27|14|4H|E|11|S6
13|8|10|41|9|25|2S|N|8|HT
13|8|2|74|67|7|2S|N|7|H8
13|8|21|70|79|19|2H|S|8|D2
13|8|23|51|63|5|4D|W|8|SQ
13|8|37|76|35|50|2D|W|9|SQ
13|8|39|17|22|58|2D|W|10|SQ
13|8|40|68|72|44|3H|N|8|CK
13|8|42|66|12|69|2H|S|8|CK
13|8|45|47|62|49|2H|S|7|H4
13|8|59|36|56|57|3C|W|9|DA
13|8|6|31|11|29|1S|N|8|HT
13|8|64|33|26|32|3D|W|8|SQ
13|8|65|4|78|8|3H|S|8|D4
13|8|77|55|27|14|3N|N|7|C4
13|9|10|41|9|25|P|S|0
13|9|2|74|67|7|1N|N|10|H6
13|9|21|70|79|19|1NX|E|6|S6
13|9|23|51|63|5|2N|N|8|DQ
13|9|37|76|35|50|1N|N|7|H4
13|9|39|17|22|58|1N|S|9|D7
13|9|40|68|72|44|1N|N|8|H9
13|9|42|66|12|69|2N|N|6|H2
13|9|45|47|62|49|1N|N|10|H5
13|9|59|36|56|57|P|S|0
13|9|6|31|11|29|2N|N|8|H8
13|9|64|33|26|32|2S|S|11|H6
13|9|65|4|78|8|2C|S|9|H5
13|9|77|55|27|14|1N|S|7|D5
14|17|2|31|67|29|3C|N|9|HJ
14|17|20|28|43|81|4S|N|10|HJ
14|17|23|66|63|69|4S|N|10|HJ
14|17|39|34|22|15|4S|N|11|DQ
14|17|40|41|72|25|4S|N|10|HJ
14|17|45|82|62|60|4S|N|8|HJ
14|17|46|44|1|79|4S|N|10|HJ
14|17|49|24|47|54|4S|N|10|HJ
14|17|51|61|5|53|4S|N|10|HJ
14|17|59|4|56|8|4S|N|9|HJ
14|17|65|55|78|14|4S|N|10|HJ
14|17|73|17|38|58|4S|N|9|HJ
14|17|75|71|30|52|4S|N|9|HJ
14|17|77|36|27|57|4S|N|10|HJ
14|18|2|31|67|29|3H|S|8|CQ
14|18|20|28|43|81|1N|E|7|H3
14|18|23|66|63|69|3C|E|8|HA
14|18|39|34|22|15|1N|E|6|HA
14|18|40|41|72|25|3H|S|9|S3
14|18|45|82|62|60|3H|S|9|CQ
14|18|46|44|1|79|1N|E|5|H3
14|18|49|24|47|54|1N|E|6|H6
14|18|51|61|5|53|3C|W|8|DJ
14|18|59|4|56|8|3C|E|9|HA
14|18|65|55|78|14|3H|S|9|S3
14|18|73|17|38|58|1N|E|5|H3
14|18|75|71|30|52|1N|E|6|HK
14|18|77|36|27|57|2H|N|8|CQ
14|19|2|31|67|29|4S|S|11|D9
14|19|20|28|43|81|3N|S|9|DQ
14|19|23|66|63|69|4S|S|11|DQ
14|19|39|34|22|15|4S|S|10|DQ
14|19|40|41|72|25|3N|S|9|DQ
14|19|45|82|62|60|3N|S|9|DQ
14|19|46|44|1|79|4S|N|11|D5
14|19|49|24|47|54|4S|N|10|H8
14|19|51|61|5|53|4S|S|11|H5
14|19|59|4|56|8|4S|S|10|DQ
14|19|65|55|78|14|4S|S|12|H3
14|19|73|17|38|58|3N|S|9|DQ
14|19|75|71|30|52|4S|N|11|CT
14|19|77|36|27|57|4S|S|11|DQ
14|20|2|31|67|29|3C|W|9|S4
14|20|20|28|43|81|1N|W|7|CT
14|20|23|66|63|69|1N|W|8|S9
14|20|39|34|22|15|3C|W|9|C5
14|20|40|41|72|25|3C|W|9|S2
14|20|45|82|62|60|3C|E|9|SA
14|20|46|44|1|79|2N|E|7|D8
14|20|49|24|47|54|2N|E|8|D8
14|20|51|61|5|53|1N|W|8|S9
14|20|59|4|56|8|3C|E|9|D2
14|20|65|55|78|14|1N|E|7|S6
14|20|73|17|38|58|3C|W|9|C5
14|20|75|71|30|52|1N|W|7|S9
14|20|77|36|27|57|2N|W|7|S2
14|21|2|31|67|29|3N|N|9|C5
14|21|20|28|43|81|2D|N|11|ST
14|21|23|66|63|69|3N|N|10|ST
14|21|39|34|22|15|3N|N|10|DK
14|21|40|41|72|25|3N|N|10|C5
14|21|45|82|62|60|3N|N|10|C5
14|21|46|44|1|79|5D|N|11|CQ
14|21|49|24|47|54|3N|N|11|ST
14|21|51|61|5|53|3N|N|9|C5
14|21|59|4|56|8|5N|N|10|ST
14|21|65|55|78|14|3N|N|11|ST
14|21|73|17|38|58|4H|N|11|ST
14|21|75|71|30|52|3N|N|10|ST
14|21|77|36|27|57|3D|N|13|ST
14|22|2|31|67|29|4S|N|11|H9
14|22|20|28|43|81|4S|N|11|H9
14|22|23|66|63|69|4S|N|11|H9
14|22|39|34|22|15|2S|N|11|H9
14|22|40|41|72|25|4S|N|10|H9
14|22|45|82|62|60|4S|N|11|H9
14|22|46|44|1|79|4S|N|11|H9
14|22|49|24|47|54|3N|E|4|S3
14|22|51|61|5|53|4S|N|11|H9
14|22|59|4|56|8|4S|N|11|H9
14|22|65|55|78|14|4S|N|11|D4
14|22|73|17|38|58|4S|N|11|H9
14|22|75|71|30|52|4S|N|11|H9
14|22|77|36|27|57|4S|N|11|H9
14|23|2|31|67|29|6C|S|11|DJ
14|23|20|28|43|81|4SX|W|7|SA
14|23|23|66|63|69|6C|S|11|DJ
14|23|39|34|22|15|6C|S|11|S6
14|23|40|41|72|25|4H|N|11|SQ
14|23|45|82|62|60|4H|N|11|C6
14|23|46|44|1|79|5H|N|11|C6
14|23|49|24|47|54|6H|N|11|SQ
14|23|51|61|5|53|6H|N|10|C6
14|23|59|4|56|8|6C|S|11|H9
14|23|65|55|78|14|5H|N|11|C6
14|23|73|17|38|58|6H|N|11|C6
14|23|75|71|30|52|5H|N|11|C6
14|23|77|36|27|57|6C|S|11|S8
14|24|2|31|67|29|4SX|E|9|HJ
14|24|20|28|43|81|2S|E|9|HJ
14|24|23|66|63|69|3N|N|8|SJ
14|24|39|34|22|15|3S|E|9|HJ
14|24|40|41|72|25|4H|S|8|S7
14|24|45|82|62|60|3S|E|9|HJ
14|24|46|44|1|79|4H|S|9|S8
14|24|49|24|47|54|3S|E|9|HJ
14|24|51|61|5|53|2S|E|9|HJ
14|24|59|4|56|8|3S|E|9|HJ
14|24|65|55|78|14|3S|E|9|HT
14|24|73|17|38|58|3H|S|9|C6
14|24|75|71|30|52|3S|E|10|HJ
14|24|77|36|27|57|3S|E|9|HJ
14|25|2|31|67|29|5C|E|10|SQ
14|25|20|28|43|81|3N|E|10|SQ
14|25|23|66|63|69|5C|E|10|SQ
14|25|39|34|22|15|3N|E|11|SQ
14|25|40|41|72|25|3N|W|10|S8
14|25|45|82|62|60|3N|E|10|H9
14|25|46|44|1|79|3N|W|10|H3
14|25|49|24|47|54|3N|E|10|HT
14|25|51|61|5|53|3N|E|10|HT
14|25|59|4|56|8|3H|N|8|CK
14|25|65|55|78|14|3N|E|11|DT
14|25|73|17|38|58|3N|W|10|S4
14|25|75|71|30|52|3N|E|10|HT
14|25|77|36|27|57|3N|E|10|HT
14|26|2|31|67|29|4S|E|7|H3
14|26|20|28|43|81|5D|E|11|CA
14|26|23|66|63|69|3N|W|9|H4
14|26|39|34|22|15|3N|W|9|H7
14|26|40|41|72|25|3N|W|9|C8
14|26|45|82|62|60|3N|W|9|SQ
14|26|46|44|1|79|3N|W|9|C8
14|26|49|24|47|54|4S|W|11|C4
14|26|51|61|5|53|5D|E|11|CA
14|26|59|4|56|8|3N|W|9|H9
14|26|65|55|78|14|6D|E|10|HJ
14|26|73|17|38|58|3N|W|9|H7
14|26|75|71|30|52|3N|W|9|H7
14|26|77|36|27|57|3N|W|9|H7
14|27|2|31|67|29|4S|W|10|C2
14|27|20|28|43|81|2S|W|10|DT
14|27|23|66|63|69|4S|W|11|C2
14|27|39|34|22|15|4S|E|11|H7
14|27|40|41|72|25|4S|W|11|C2
14|27|45|82|62|60|3S|W|11|DT
14|27|46|44|1|79|4S|W|9|DT
14|27|49|24|47|54|2S|W|8|DT
14|27|51|61|5|53|4S|W|10|DT
14|27|59|4|56|8|3C|S|7|HT
14|27|65|55|78|14|2S|W|9|S2
14|27|73|17|38|58|3C|S|5|ST
14|27|75|71|30|52|4S|W|9|DT
14|27|77|36|27|57|2S|W|10|DT
14|28|2|31|67|29|3N|W|10|CT
14|28|20|28|43|81|3N|W|9|S6
14|28|23|66|63|69|3N|E|9|S5
14|28|39|34|22|15|3N|W|9|S4
14|28|40|41|72|25|3N|W|10|H6
14|28|45|82|62|60|3N|W|10|H7
14|28|46|44|1|79|3N|E|10|S5
14|28|49|24|47|54|5C|W|10|C3
14|28|51|61|5|53|3N|E|9|S5
14|28|59|4|56|8|3N|E|10|SQ
14|28|65|55|78|14|3N|W|9|H7
14|28|73|17|38|58|3N|E|9|S5
14|28|75|71|30|52|3N|W|10|H6
14|28|77|36|27|57|3N|W|10|H7
14|29|2|31|67|29|3N|E|8|H4
14|29|20|28|43|81|3N|E|9|H2
14|29|23|66|63|69|3N|E|8|H2
14|29|39|34|22|15|3N|E|8|H2
14|29|40|41|72|25|3N|E|8|H2
14|29|45|82|62|60|3N|E|8|H4
14|29|46|44|1|79|3N|E|8|H2
14|29|49|24|47|54|3N|E|9|H2
14|29|51|61|5|53|3N|E|8|H5
14|29|59|4|56|8|3N|E|8|H4
14|29|65|55|78|14|3N|E|9|S6
14|29|73|17|38|58|2N|E|8|H5
14|29|75|71|30|52|3N|E|7|S6
14|29|77|36|27|57|2N|E|8|H4
14|30|2|31|67|29|2N|N|10|C4
14|30|20|28|43|81|3N|N|10|C6
14|30|23|66|63|69|3N|N|10|C6
14|30|39|34|22|15|3N|N|11|C6
14|30|40|41|72|25|3N|N|11|C6
14|30|45|82|62|60|3N|N|10|C6
14|30|46|44|1|79|3N|N|10|C6
14|30|49|24|47|54|3N|N|11|C6
14|30|51|61|5|53|2CX|W|6|D5
14|30|59|4|56|8|3N|N|10|C6
14|30|65|55|78|14|3CX|W|5|S3
14|30|73|17|38|58|3N|N|10|C3
14|30|75|71|30|52|3N|N|10|C6
14|30|77|36|27|57|3N|N|10|C6
14|31|2|31|67|29|4SX|W|10|H7
14|31|20|28|43|81|4S|E|10|H7
14|31|23|66|63|69|4S|W|9|H7
14|31|39|34|22|15|4S|W|7|H7
14|31|40|41|72|25|4S|W|10|H7
14|31|45|82|62|60|4SX|W|10|H7
14|31|46|44|1|79|4S|W|9|H7
14|31|49|24|47|54|4SX|W|9|H7
14|31|51|61|5|53|4SX|W|8|H7
14|31|59|4|56|8|4S|W|9|H7
14|31|65|55|78|14|3S|W|9|H7
14|31|73|17|38|58|5D|N|10|S7
14|31|75|71|30|52|4SX|W|9|H7
14|31|77|36|27|57|5HX|S|9|DA
14|32|2|31|67|29|3D|E|11|CA
14|32|20|28|43|81|2C|S|7|DT
14|32|23|66|63|69|2SX|N|6|H2
14|32|39|34|22|15|3C|S|7|HK
14|32|40|41|72|25|2D|E|10|CA
14|32|45|82|62|60|4CX|S|7|HK
14|32|46|44|1|79|3N|W|8|C2
14|32|49|24|47|54|3C|S|7|DT
14|32|51|61|5|53|3CX|S|8|HK
14|32|59|4|56|8|3CX|S|7|HK
14|32|65|55|78|14|2N|W|9|C2
14|32|73|17|38|58|5CX|S|7|HK
14|32|75|71|30|52|3N|W|7|C2
14|32|77|36|27|57|3D|E|10|CA
15|1|19|12|70|42|4S|N|11|SK
15|1|21|74|79|7|4S|N|9|DK
15|1|28|24|81|54|4S|N|10|DQ
15|1|34|20|15|43|4S|N|10|DK
15|1|37|17|35|58|4S|N|10|DK
15|1|39|33|22|32|4S|N|9|DK
15|1|45|80|62|3|4S|N|10|DK
15|1|55|11|14|6|3S|N|10|C6
15|1|56|75|59|30|4S|N|9|DK
15|1|60|36|82|57|4S|N|10|DK
15|1|61|40|53|72|4S|N|10|H5
15|1|64|1|26|46|4S|N|10|S6
15|1|73|67|38|2|4S|N|10|HT
15|1|76|66|50|69|3S|N|10|SA
15|10|19|12|70|42|4SX|W|8|HQ
15|10|21|74|79|7|4H|S|10|DQ
15|10|28|24|81|54|4H|S|10|DQ
15|10|34|20|15|43|4H|S|10|DQ
15|10|37|17|35|58|4H|S|10|DQ
15|10|39|33|22|32|4H|S|10|DQ
15|10|45|80|62|3|4H|S|11|S2
15|10|55|11|14|6|3H|N|9|D7
15|10|56|75|59|30|4H|N|10|C6
15|10|60|36|82|57|4H|N|10|S4
15|10|61|40|53|72|4H|S|10|DQ
15|10|64|1|26|46|4H|S|10|DQ
15|10|73|67|38|2|4H|S|10|D5
15|10|76|66|50|69|4H|S|10|DQ
15|11|19|12|70|42|6H|W|12|SK
15|11|21|74|79|7|5H|W|12|SQ
15|11|28|24|81|54|4H|W|12|SA
15|11|34|20|15|43|6H|W|12|SA
15|11|37|17|35|58|5H|W|12|SK
15|11|39|33|22|32|6H|E|12|SK
15|11|45|80|62|3|6H|W|12|SA
15|11|55|11|14|6|6SX|N|8|DQ
15|11|56|75|59|30|6H|E|12|SA
15|11|60|36|82|57|6SX|N|8|C5
15|11|61|40|53|72|6H|W|12|SA
15|11|64|1|26|46|6H|W|12|SA
15|11|73|67|38|2|6D|E|11|S7
15|11|76|66|50|69|5SX|N|8|C5
15|12|19|12|70|42|4S|W|9|CK
15|12|21|74|79|7|3S|E|8|C4
15|12|28|24|81|54|2S|E|8|C6
15|12|34|20|15|43|3S|W|8|CK
15|12|37|17|35|58|4S|E|9|C6
15|12|39|33|22|32|4S|E|9|CK
15|12|45|80|62|3|2S|E|8|C3
15|12|55|11|14|6|2S|E|8|C5
15|12|56|75|59|30|2S|E|9|C2
15|12|60|36|82|57|2S|E|9|SQ
15|12|61|40|53|72|4S|W|9|CK
15|12|64|1|26|46|4S|W|9|CK
15|12|73|67|38|2|2S|E|9|SQ
15|12|76|66|50|69|2S|E|9|C9
15|13|19|12|70|42|6S|S|12|DA
15|13|21|74|79|7|4S|S|12|H8
15|13|28|24|81|54|4S|S|12|H5
15|13|34|20|15|43|6S|S|12|DA
15|13|37|17|35|58|4S|S|11|H4
15|13|39|33|22|32|4S|N|11|HQ
15|13|45|80|62|3|4S|S|12|H7
15|13|55|11|14|6|5S|N|12|HQ
15|13|56|75|59|30|5S|S|11|H6
15|13|60|36|82|57|6S|S|12|DA
15|13|61|40|53|72|6S|S|12|DA
15|13|64|1|26|46|4S|N|12|S9
15|13|73|67|38|2|4S|S|12|H4
15|13|76|66|50|69|7S|S|12|DA
15|14|19|12|70|42|1N|N|8|C5
15|14|21|74|79|7|2N|N|7|C4
15|14|28|24|81|54|1N|N|9|S7
15|14|34|20|15|43|3N|N|9|HA
15|14|37|17|35|58|1N|N|9|HA
15|14|39|33|22|32|1N|N|9|HA
15|14|45|80|62|3|3N|N|9|HA
15|14|55|11|14|6|3N|N|9|HK
15|14|56|75|59|30|1N|S|7|C6
15|14|60|36|82|57|3N|S|10|H7
15|14|61|40|53|72|1N|N|9|S7
15|14|64|1|26|46|1N|N|9|HA
15|14|73|67|38|2|2N|N|9|C5
15|14|76|66|50|69|1N|N|9|S6
15|15|19|12|70|42|3H|E|9|C2
15|15|21|74|79|7|3H|W|9|CA
15|15|28|24|81|54|2H|W|10|CA
15|15|34|20|15|43|3H|E|10|CA
15|15|37|17|35|58|1N|N|6|H5
15|15|39|33|22|32|3H|E|9|C3
15|15|45|80|62|3|3H|E|10|HJ
15|15|55|11|14|6|3H|E|9|C3
15|15|56|75|59|30|1N|N|6|H3
15|15|60|36|82|57|2H|W|10|CA
15|15|61|40|53|72|3H|E|9|D3
15|15|64|1|26|46|3H|E|9|D3
15|15|73|67|38|2|2H|W|9|HQ
15|15|76|66|50|69|3H|E|9|D3
15|16|19|12|70|42|3N|W|6|SJ
15|16|21|74|79|7|3N|W|7|SJ
15|16|28|24|81|54|3N|W|6|D5
15|16|34|20|15|43|3N|W|9|H5
15|16|37|17|35|58|3N|W|6|SJ
15|16|39|33|22|32|3N|W|9|H3
15|16|45|80|62|3|3N|W|6|SJ
15|16|55|11|14|6|3N|W|6|D5
15|16|56|75|59|30|3N|W|8|D6
15|16|60|36|82|57|3N|W|8|S6
15|16|61|40|53|72|4S|E|8|H9
15|16|64|1|26|46|3N|W|6|SJ
15|16|73|67|38|2|2D|W|8|C4
15|16|76|66|50|69|5D|W|9|C8
15|2|19|12|70|42|3N|W|9|SK
15|2|21|74|79|7|3N|W|10|H4
15|2|28|24|81|54|3N|W|10|H4
15|2|34|20|15|43|4D|E|11|HA
15|2|37|17|35|58|3D|E|10|CT
15|2|39|33|22|32|3N|W|10|H4
15|2|45|80|62|3|3N|W|10|H2
15|2|55|11|14|6|3N|W|10|H4
15|2|56|75|59|30|3N|E|10|H2
15|2|60|36|82|57|3N|W|11|H6
15|2|61|40|53|72|3N|W|10|H4
15|2|64|1|26|46|4D|E|10|D9
15|2|73|67|38|2|3D|E|10|CT
15|2|76|66|50|69|3N|W|10|H5
15|3|19|12|70|42|4DX|W|8|S4
15|3|21|74|79|7|3N|E|6|D6
15|3|28|24|81|54|3H|E|7|SA
15|3|34|20|15|43|3CX|S|6|H6
15|3|37|17|35|58|3N|E|6|SA
15|3|39|33|22|32|2N|E|6|C4
15|3|45|80|62|3|3C|E|7|SA
15|3|55|11|14|6|3C|E|7|C7
15|3|56|75|59|30|2S|S|8|CA
15|3|60|36|82|57|3N|E|5|SA
15|3|61|40|53|72|3H|W|8|C7
15|3|64|1|26|46|3H|W|7|S5
15|3|73|67|38|2|3N|E|6|SA
15|3|76|66|50|69|2S|N|8|CA
15|4|19|12|70|42|3NX|S|8|S5
15|4|21|74|79|7|3N|S|9|SQ
15|4|28|24|81|54|3N|S|7|S5
15|4|34|20|15|43|4H|N|10|SK
15|4|37|17|35|58|3N|S|9|C5
15|4|39|33|22|32|3N|S|6|S3
15|4|45|80|62|3|4H|N|9|SK
15|4|55|11|14|6|3N|S|9|SQ
15|4|56|75|59|30|3N|N|6|S5
15|4|60|36|82|57|3N|N|9|CJ
15|4|61|40|53|72|3N|S|9|SQ
15|4|64|1|26|46|3N|S|8|S5
15|4|73|67|38|2|3N|S|9|D7
15|4|76|66|50|69|3N|S|6|S3
15|5|19|12|70|42|4H|W|11|DT
15|5|21|74|79|7|4H|W|10|H2
15|5|28|24|81|54|4H|W|11|S7
15|5|34|20|15|43|4H|E|11|S7
15|5|37|17|35|58|4H|W|11|S7
15|5|39|33|22|32|4H|W|10|S7
15|5|45|80|62|3|3N|E|11|C5
15|5|55|11|14|6|4H|E|11|SJ
15|5|56|75|59|30|4H|E|11|SJ
15|5|60|36|82|57|4H|W|10|D5
15|5|61|40|53|72|5H|E|10|SJ
15|5|64|1|26|46|4H|W|10|S7
15|5|73|67|38|2|5H|W|10|CA
15|5|76|66|50|69|5H|E|11|SJ
15|6|19|12|70|42|4H|E|10|DK
15|6|21|74|79|7|4H|E|11|SK
15|6|28|24|81|54|4H|E|10|DK
15|6|34|20|15|43|4H|E|10|DK
15|6|37|17|35|58|4H|E|10|DK
15|6|39|33|22|32|4S|W|10|DJ
15|6|45|80|62|3|6H|E|11|CA
15|6|55|11|14|6|4H|E|11|DK
15|6|56|75|59|30|5DX|S|7|H8
15|6|60|36|82|57|5S|W|8|SJ
15|6|61|40|53|72|4H|E|11|DK
15|6|64|1|26|46|4H|E|10|DK
15|6|73|67|38|2|5H|E|10|DK
15|6|76|66|50|69|4S|W|10|DJ
15|7|19|12|70|42|4S|N|10|CJ
15|7|21|74|79|7|4S|N|10|CJ
15|7|28|24|81|54|4S|N|10|CJ
15|7|34|20|15|43|4S|N|10|SQ
15|7|37|17|35|58|4S|N|10|CJ
15|7|39|33|22|32|4S|N|10|SQ
15|7|45|80|62|3|4S|N|10|DA
15|7|55|11|14|6|4S|N|10|CJ
15|7|56|75|59|30|1S|N|10|CJ
15|7|60|36|82|57|4S|N|10|SQ
15|7|61|40|53|72|4S|N|10|C2
15|7|64|1|26|46|4S|N|10|H2
15|7|73|67|38|2|3S|N|9|H2
15|7|76|66|50|69|4S|N|10|SQ
15|8|19|12|70|42|1N|E|5|SJ
15|8|21|74|79|7|3S|S|8|C3
15|8|28|24|81|54|1N|E|5|SJ
15|8|34|20|15|43|2S|S|8|D9
15|8|37|17|35|58|1N|E|5|SJ
15|8|39|33|22|32|1N|E|5|SQ
15|8|45|80|62|3|2H|N|8|DA
15|8|55|11|14|6|1N|W|5|D3
15|8|56|75|59|30|2S|S|8|D8
15|8|60|36|82|57|1N|W|9|H2
15|8|61|40|53|72|1N|W|6|D3
15|8|64|1|26|46|1N|E|5|SJ
15|8|73|67|38|2|1N|E|6|SJ
15|8|76|66|50|69|1N|E|6|SJ
15|9|19|12|70|42|4H|E|10|SQ
15|9|21|74|79|7|3N|E|11|D4
15|9|28|24|81|54|2S|N|4|S5
15|9|34|20|15|43|3N|W|11|S8
15|9|37|17|35|58|3N|E|10|SQ
15|9|39|33|22|32|3N|W|12|D5
15|9|45|80|62|3|3N|W|10|C8
15|9|55|11|14|6|3N|E|10|SQ
15|9|56|75|59|30|3N|E|10|SQ
15|9|60|36|82|57|1SXX|S|5|HJ
15|9|61|40|53|72|3N|W|11|C5
15|9|64|1|26|46|3N|E|11|SQ
15|9|73|67|38|2|3N|W|10|C5
15|9|76|66|50|69|3N|E|11|SQ
