                                                       |             |              |           Play           |        Declaring         |                Defending              |
Players                                                |  No. Butler |   Bid   Play |   Declaring    Defending |   Declarer1    Declarer2 |       Lead1        Lead2         Play |
FANTONI Fulvio - NUNES Claudio                         |  224   0.88 |  0.56   0.32 |  0.48 ( 96)   0.20 (125) |  0.12 ( 47)   0.82 ( 49) |  0.33 ( 70)  -0.29 ( 55)   0.14 (125) |
WEINSTEIN Howard - GARNER Steve                        |  272   0.67 |  0.47   0.21 |  0.47 (137)  -0.06 (135) |  0.43 ( 75)   0.52 ( 62) | -0.04 ( 70)  -0.11 ( 65)   0.01 (135) |
MECKSTROTH Jeff - RODWELL Eric                         |  288   0.54 |  0.36   0.18 |  0.13 (168)   0.25 (118) |  0.82 ( 87)  -0.61 ( 81) |  0.18 ( 57)   0.01 ( 61)   0.16 (118) |
UPMARK Johan - CULLIN Per-Ola                          |  208   0.45 |  0.40   0.05 | -0.17 (110)   0.29 ( 97) | -0.37 ( 68)   0.16 ( 42) | -0.02 ( 52)  -0.04 ( 45)   0.31 ( 97) |
BRINK Sjoert - DRIJVER Bas                             |  256   0.44 |  0.10   0.34 |  0.28 (126)   0.41 (129) | -0.07 ( 72)   0.74 ( 54) |  0.02 ( 65)  -0.09 ( 64)   0.44 (129) |
JACOBS George - KATZ Ralph                             |  128   0.43 |  0.22   0.21 | -0.25 ( 60)   0.63 ( 67) | -0.71 ( 37)   0.49 ( 23) |  0.30 ( 32)  -0.03 ( 35)   0.50 ( 67) |
BOSENBERG Christopher Henry - EBER Neville             |  240   0.43 |  0.55  -0.12 | -0.28 (115)   0.02 (123) |  0.06 ( 59)  -0.63 ( 56) | -0.21 ( 64)  -0.08 ( 59)   0.17 (123) |
GUMBY Pauline - LAZER Warren                           |  224   0.42 |  0.25   0.18 |  0.43 ( 97)  -0.02 (125) |  0.13 ( 51)   0.77 ( 46) | -0.14 ( 61)  -0.04 ( 64)   0.07 (125) |
ZHAO Jie - FU Zhong                                    |  224   0.42 |  0.00   0.42 |  0.57 (108)   0.27 (116) |  0.08 ( 49)   0.97 ( 59) |  0.06 ( 70)   0.00 ( 46)   0.24 (116) |
VILLAS-BOAS Miguel - CHAGAS Gabriel                    |  336   0.39 |  0.40  -0.01 | -0.08 (169)   0.06 (166) |  0.16 ( 89)  -0.36 ( 80) | -0.02 ( 88)   0.15 ( 78)  -0.01 (166) |
HELGEMO Geir - HELNESS Tor                             |  240   0.37 |  0.20   0.17 |  0.22 (123)   0.11 (117) |  0.25 ( 68)   0.17 ( 55) |  0.25 ( 62)   0.20 ( 55)  -0.11 (117) |
COPE Tim - HOLMAN Glen                                 |  240   0.32 |  0.09   0.23 |  0.31 (111)   0.17 (128) |  0.15 ( 52)   0.44 ( 59) | -0.15 ( 66)  -0.12 ( 62)   0.31 (128) |
SKRZYPCZAK Jerzy - GIERULSKI Boguslaw                  |  208   0.28 |  0.37  -0.10 | -0.19 (105)   0.00 (100) | -0.12 ( 44)  -0.24 ( 61) | -0.20 ( 54)  -0.33 ( 46)   0.26 (100) |
JEDRYCHOWSKI Ryszard - NEILL Bruce                     |  224   0.25 |  0.14   0.11 |  0.22 (114)  -0.01 (110) | -0.03 ( 62)   0.53 ( 52) |  0.16 ( 66)  -0.07 ( 44)  -0.08 (110) |
BAKKEREN Ton - BERTENS Huub                            |  208   0.25 |  0.21   0.03 |  0.31 (108)  -0.27 ( 99) |  0.40 ( 42)   0.25 ( 66) | -0.11 ( 52)   0.12 ( 47)  -0.26 ( 99) |
TUNDAL Ulf Haakon - GROETHEIM Glenn                    |  224   0.24 |  0.47  -0.23 |  0.14 (130)  -0.77 ( 93) |  0.29 ( 63)   0.01 ( 67) |  0.46 ( 39)  -0.63 ( 54)  -0.59 ( 93) |
VERSACE Alfredo - LAURIA Lorenzo                       |  224   0.22 | -0.06   0.28 |  0.15 (123)   0.45 (101) |  0.31 ( 56)   0.02 ( 67) | -0.14 ( 65)   0.38 ( 36)   0.40 (101) |
AHMED Javed - MASOOD Tahir                             |  208   0.17 |  0.01   0.16 | -0.02 (109)   0.37 ( 98) | -0.00 ( 54)  -0.04 ( 55) |  0.17 ( 39)   0.01 ( 59)   0.30 ( 98) |
FREEMAN Richard (Dick) - NICKELL Nick                  |  208   0.16 |  0.09   0.07 |  0.40 ( 94)  -0.21 (113) |  0.27 ( 48)   0.54 ( 46) |  0.36 ( 64)  -0.13 ( 49)  -0.36 (113) |
SHI Haojun - ZHUANG Zejun                              |  240   0.16 |  0.18  -0.02 |  0.08 (113)  -0.11 (126) |  0.30 ( 42)  -0.06 ( 71) | -0.24 ( 72)   0.02 ( 54)   0.02 (126) |
EFRAIMSSON Bengt-Erik - MORATH Anders                  |  208   0.15 |  0.01   0.14 |  0.45 ( 90)  -0.09 (118) |  0.05 ( 48)   0.91 ( 42) | -0.21 ( 51)   0.22 ( 67)  -0.13 (118) |
BOCCHI Norberto - DUBOIN Giorgio                       |  224   0.15 | -0.17   0.32 |  0.01 (119)   0.67 (105) | -0.25 ( 58)   0.26 ( 61) | -0.08 ( 57)  -0.02 ( 48)   0.73 (105) |
WATULINGAS Giovanni - ONG King Hin                     |  176   0.14 |  0.16  -0.03 |  0.37 ( 89)  -0.44 ( 86) |  0.49 ( 43)   0.26 ( 46) | -0.62 ( 44)  -0.13 ( 42)  -0.06 ( 86) |
IMAKURA Tadashi - INO Masayuki                         |  240   0.11 | -0.06   0.17 |  0.29 (121)   0.06 (118) |  0.66 ( 62)  -0.11 ( 59) |  0.40 ( 57)   0.01 ( 61)  -0.13 (118) |
MAHMOOD Zia - ROSENBERG Michael                        |  272   0.10 |  0.11  -0.00 | -0.04 (159)   0.06 (111) |  0.17 ( 72)  -0.22 ( 87) | -0.29 ( 53)   0.30 ( 58)   0.04 (111) |
TOBING Robert Parasian - ASBI Taufik Gautama           |  288   0.10 | -0.33   0.43 |  0.43 (124)   0.43 (162) | -0.06 ( 61)   0.91 ( 63) | -0.08 ( 78)   0.49 ( 84)   0.21 (162) |
SAELENSMINDE Erik - BROGELAND Boye                     |  208   0.07 | -0.09   0.16 | -0.08 ( 92)   0.35 (115) | -0.64 ( 51)   0.62 ( 41) |  0.14 ( 53)   0.50 ( 62)   0.02 (115) |
PELLEGRINI Carlos - RAVENNA Pablo                      |  336   0.07 | -0.01   0.07 |  0.57 (154)  -0.35 (179) |  0.58 ( 80)   0.57 ( 74) | -0.09 ( 95)  -0.29 ( 84)  -0.17 (179) |
HISHMAT Mohamed - NADIM Tarek                          |  192   0.07 |  0.01   0.06 |  0.30 (100)  -0.21 ( 92) |  0.06 ( 43)   0.48 ( 57) |  0.02 ( 53)  -0.28 ( 39)  -0.11 ( 92) |
DE WIJS Simon - MULLER Bauke                           |  208   0.07 | -0.12   0.19 |  0.16 (102)   0.22 (104) |  0.21 ( 51)   0.11 ( 51) |  0.20 ( 42)   0.03 ( 62)   0.12 (104) |
SHIH Juei-Yu - YANG Hsin-Lung                          |  144   0.06 |  0.06   0.00 |  0.08 ( 67)  -0.06 ( 77) |  0.34 ( 35)  -0.22 ( 32) | -0.46 ( 36)  -0.00 ( 41)   0.16 ( 77) |
FITZGIBBON Nicholas - MESBUR Adam                      |  224   0.04 |  0.12  -0.08 |  0.34 (115)  -0.53 (108) | -0.19 ( 60)   0.93 ( 55) | -0.18 ( 37)   0.04 ( 71)  -0.49 (108) |
TAKAYAMA Masaaki - TERAMOTO Tadashi                    |  192   0.01 | -0.04   0.05 |  0.35 ( 88)  -0.20 (104) |  0.08 ( 39)   0.56 ( 49) | -0.47 ( 50)   0.13 ( 54)  -0.04 (104) |
CHEN Dawei - FURUTA Kazuo                              |  240   0.00 |  0.00  -0.00 |  0.57 (121)  -0.58 (119) |  0.71 ( 62)   0.43 ( 59) |  0.15 ( 61)  -0.01 ( 58)  -0.65 (119) |
BOJOH Jemmy - GEORGE Julius Anthonius                  |  192  -0.01 | -0.35   0.34 |  0.25 (107)   0.45 ( 85) |  0.37 ( 64)   0.07 ( 43) |  0.23 ( 42)  -0.07 ( 43)   0.37 ( 85) |
GREEN Murray - PEAKE Andrew                            |  224  -0.02 |  0.24  -0.26 | -0.53 (116)   0.02 (108) | -0.80 ( 50)  -0.32 ( 66) | -0.25 ( 50)   0.06 ( 58)   0.10 (108) |
CARROLL John - GARVEY Tommy                            |  208  -0.02 |  0.03  -0.05 | -0.12 ( 95)   0.00 (113) | -0.48 ( 42)   0.17 ( 53) |  0.05 ( 53)   0.24 ( 60)  -0.14 (113) |
ACKERLEY David - SMITH Scott                           |  240  -0.04 | -0.04  -0.00 |  0.01 (128)  -0.01 (110) | -0.22 ( 54)   0.18 ( 74) | -0.21 ( 58)  -0.06 ( 52)   0.13 (110) |
JAFER Rashid - KHAN Sarfaraz Ahmed                     |  224  -0.05 |  0.15  -0.20 | -0.51 (112)   0.11 (111) | -0.47 ( 57)  -0.55 ( 55) |  0.14 ( 53)   0.12 ( 58)  -0.01 (111) |
SADEK Tarek - EL AHMADY Waleed                         |  288  -0.06 | -0.14   0.08 |  0.04 (127)   0.11 (161) | -0.29 ( 64)   0.38 ( 63) |  0.02 ( 74)  -0.06 ( 87)   0.13 (161) |
SMITH Jeff - ZALUSKI John                              |  224  -0.10 | -0.27   0.16 |  0.06 (130)   0.30 ( 94) |  0.27 ( 66)  -0.15 ( 64) | -0.20 ( 43)   0.18 ( 51)   0.30 ( 94) |
JASSEM Piotr - MARTENS Krzysztof                       |  224  -0.10 | -0.15   0.05 |  0.05 (118)   0.05 (105) |  0.10 ( 59)  -0.01 ( 59) | -0.06 ( 54)   0.40 ( 51)  -0.11 (105) |
BRENNER Diego - FIGUEIREDO Mauricio                    |  224  -0.12 |  0.26  -0.38 | -0.60 (127)  -0.10 ( 96) | -0.54 ( 64)  -0.67 ( 63) | -0.21 ( 54)   0.24 ( 42)  -0.09 ( 96) |
BERTHEAU Peter - NYSTROM Fredrik                       |  256  -0.12 |  0.02  -0.14 | -0.19 (119)  -0.10 (136) | -0.19 ( 63)  -0.19 ( 56) |  0.18 ( 74)   0.10 ( 62)  -0.24 (136) |
ROY Kamal Kumar - SADHU Aloke                          |  224  -0.13 | -0.19   0.07 | -0.06 (108)   0.18 (116) | -0.51 ( 48)   0.31 ( 60) | -0.04 ( 56)  -0.22 ( 60)   0.31 (116) |
CHMURSKI Bartosz - GAWRYS Piotr                        |  240  -0.13 |  0.06  -0.19 | -0.09 (118)  -0.29 (122) |  0.01 ( 56)  -0.18 ( 62) |  0.06 ( 53)   0.03 ( 69)  -0.34 (122) |
GOEL Ashok Kumar - MUKHERJEE Kamal Krishna             |  224  -0.13 |  0.02  -0.16 |  0.10 ( 96)  -0.35 (127) | -0.25 ( 49)   0.46 ( 47) |  0.11 ( 70)   0.04 ( 57)  -0.43 (127) |
SUN Shaolin - WANG Xiaojing                            |  208  -0.14 | -0.28   0.14 | -0.43 ( 96)   0.63 (111) | -0.15 ( 57)  -0.83 ( 39) |  0.13 ( 52)   0.15 ( 59)   0.49 (111) |
SHEN Chih-Kuo - SHIH Juei-Yu                           |  112  -0.15 | -0.01  -0.14 | -0.04 ( 52)  -0.23 ( 59) |  0.01 ( 22)  -0.08 ( 30) | -0.11 ( 26)  -0.23 ( 33)  -0.05 ( 59) |
CLARKE David - HART Trevor                             |  128  -0.17 |  0.12  -0.29 |  0.00 ( 55)  -0.51 ( 73) | -0.10 ( 32)   0.14 ( 23) |  0.53 ( 40)   0.06 ( 33)  -0.82 ( 73) |
GOWER Craig - APTEKER Alon                             |  192  -0.23 | -0.24   0.00 | -0.10 (106)   0.14 ( 86) |  0.66 ( 56)  -0.95 ( 50) |  0.35 ( 50)   0.09 ( 36)  -0.11 ( 86) |
LAMBARDI Pablo - PALAZZO Luis                          |  256  -0.25 | -0.22  -0.02 |  0.14 (128)  -0.19 (128) |  0.20 ( 65)   0.09 ( 63) |  0.11 ( 56)  -0.07 ( 72)  -0.20 (128) |
SAMIR Ahmed - AMIRY Reda                               |  192  -0.26 | -0.16  -0.10 |  0.17 ( 96)  -0.37 ( 96) |  0.15 ( 51)   0.20 ( 45) | -0.00 ( 49)   0.33 ( 47)  -0.53 ( 96) |
WU Ching-Hsiang - CHEN Chuan-Cheng                     |  256  -0.26 | -0.27   0.02 |  0.52 (132)  -0.52 (124) |  0.94 ( 54)   0.23 ( 78) |  0.17 ( 67)  -0.48 ( 57)  -0.39 (124) |
HANLON Tom - McGANN Hugh                               |  240  -0.31 |  0.17  -0.47 | -0.49 (122)  -0.46 (116) | -0.19 ( 68)  -0.87 ( 54) | -0.18 ( 52)  -0.27 ( 64)  -0.23 (116) |
THOMA Marcos - BRUM Paulo Roberto                      |  112  -0.40 |  0.05  -0.45 | -0.43 ( 56)  -0.47 ( 56) | -0.32 ( 27)  -0.54 ( 29) |  0.05 ( 33)  -0.13 ( 23)  -0.44 ( 56) |
STOUT Graeme - MILLER Jeff                             |  224  -0.42 | -0.34  -0.07 | -0.23 (117)   0.09 (106) | -0.68 ( 56)   0.19 ( 61) |  0.12 ( 49)   0.14 ( 57)  -0.04 (106) |
KUSHARI Pritish - ROY Debashish                        |  208  -0.46 | -0.41  -0.05 | -0.34 (115)   0.31 ( 92) | -0.24 ( 61)  -0.44 ( 54) | -0.05 ( 45)  -0.03 ( 47)   0.36 ( 92) |
FRUKACZ Waldemar - KLIMOWICZ Piotr                     |  240  -0.55 | -0.41  -0.14 |  0.21 (134)  -0.57 (105) |  0.05 ( 80)   0.44 ( 54) |  0.13 ( 49)  -0.20 ( 56)  -0.53 (105) |
HAMMAN Bob - LALL Hemant                               |  176  -0.61 | -0.42  -0.18 | -0.12 ( 83)  -0.24 ( 93) |  0.05 ( 44)  -0.31 ( 39) |  0.03 ( 46)  -0.06 ( 47)  -0.23 ( 93) |
ALLANA Abdul Rehman - FAZLI Jane Alam                  |  240  -0.64 | -0.44  -0.20 | -0.15 (107)  -0.24 (131) |  0.08 ( 56)  -0.40 ( 51) |  0.05 ( 62)  -0.28 ( 69)  -0.12 (131) |
GRANT Alan - KER Anthony                               |  208  -0.64 | -0.46  -0.18 |  0.04 ( 85)  -0.34 (122) |  0.27 ( 45)  -0.22 ( 40) | -0.14 ( 56)  -0.06 ( 66)  -0.24 (122) |
HART Trevor - MAPP Roger                               |  112  -0.74 | -0.21  -0.53 |  0.00 ( 60)  -1.15 ( 52) | -0.58 ( 25)   0.42 ( 35) | -0.26 ( 19)  -0.10 ( 33)  -0.99 ( 52) |
FERGANI Kamel - L'ECUYER Nicolas                       |  208  -0.77 | -0.38  -0.40 | -0.78 (113)   0.06 ( 94) | -0.81 ( 48)  -0.77 ( 65) | -0.37 ( 41)  -0.13 ( 53)   0.30 ( 94) |
SEEPERSAD Mohan - PERSAD Bobby                         |  128  -0.90 | -0.57  -0.33 |  0.08 ( 67)  -0.78 ( 61) |  0.54 ( 45)  -0.87 ( 22) | -0.42 ( 25)  -0.49 ( 36)  -0.32 ( 61) |
VIEIRA Roger - CLARKE David                            |  112  -1.17 | -0.58  -0.59 | -0.72 ( 49)  -0.49 ( 62) | -1.32 ( 21)  -0.27 ( 28) | -0.14 ( 33)   0.08 ( 29)  -0.45 ( 62) |

                                                       |             |              |           Play           |        Declaring         |                Defending              |
Players                                                |  No. Butler |   Bid   Play |   Declaring    Defending |   Declarer1    Declarer2 |       Lead1        Lead2         Play |
SHIH Juei-Yu - YEH Chen                                |   16   2.94 |  2.27   0.67 |  0.49 (  7)   0.81 (  9) | -0.97 (  6)   9.21 (  1) |  0.66 (  6)  -0.18 (  3)   0.44 (  9) |
SHEN Chih-Kuo - CHEN Chuan-Cheng                       |   16   1.31 |  0.45   0.86 |  0.85 (  7)   0.87 (  9) |  0.76 (  3)   0.91 (  4) | -0.08 (  3)   1.02 (  6)   0.22 (  9) |
YANG Hsin-Lung - CHEN Chuan-Cheng                      |   16   1.06 | -0.08   1.14 |  1.11 ( 11)   1.51 (  4) |  0.63 (  7)   1.95 (  4) |  1.74 (  4)      - (  0)  -0.23 (  4) |
SHEN Chih-Kuo - YANG Hsin-Lung                         |   16   1.00 |  0.34   0.66 |  1.40 (  8)  -0.07 (  8) |  0.92 (  4)   1.89 (  4) |  0.28 (  5)   0.01 (  3)  -0.26 (  8) |
SEEPERSAD Mohan - MAPP Roger                           |   96   0.00 |  0.38  -0.38 | -0.04 ( 50)  -0.75 ( 46) |  0.62 ( 27)  -0.80 ( 23) | -0.07 ( 21)  -0.49 ( 25)  -0.46 ( 46) |
CLARKE David - MAPP Roger                              |   16  -0.06 | -0.07   0.01 |  0.13 (  7)  -0.09 (  9) |  0.25 (  6)  -0.56 (  1) | -0.03 (  5)  -0.08 (  4)  -0.03 (  9) |
UMAN Horacio - LAMBARDI Pablo                          |   48  -0.21 | -0.37   0.16 |  0.61 ( 24)  -0.29 ( 24) |  0.43 ( 10)   0.74 ( 14) |  0.42 (  9)  -0.16 ( 15)  -0.34 ( 24) |
VIEIRA Roger - MAPP Roger                              |   48  -0.54 | -0.02  -0.52 | -0.87 ( 28)  -0.04 ( 20) | -1.39 ( 16)  -0.18 ( 12) |  0.15 ( 10)  -0.36 ( 10)   0.07 ( 20) |
LAMBARDI Pablo - NOGUERA Anibal Gonzalez               |   32  -0.56 |  0.62  -1.18 | -0.09 ( 17)  -2.58 ( 14) | -0.21 (  5)  -0.04 ( 12) | -0.79 (  6)  -2.58 (  8)  -0.77 ( 14) |
SHEN Chih-Kuo - YEH Chen                               |   96  -0.96 | -0.69  -0.27 | -0.06 ( 45)  -0.47 ( 49) |  0.13 ( 26)  -0.31 ( 19) | -0.12 ( 23)  -0.06 ( 26)  -0.38 ( 49) |
VIEIRA Roger - HART Trevor                             |   16  -1.19 | -0.21  -0.98 | -0.90 (  6)  -1.03 ( 10) | -0.58 (  4)  -1.53 (  2) |  0.02 (  6)   0.00 (  4)  -1.04 ( 10) |
WATULINGAS Giovanni - GEORGE Julius Anthonius          |   16  -1.69 | -1.27  -0.42 | -0.65 (  9)  -0.13 (  6) |  0.00 (  4)  -1.17 (  5) | -0.71 (  3)   0.00 (  3)   0.22 (  6) |
ROY Kamal Kumar - KUSHARI Pritish                      |   16  -2.00 | -0.25  -1.75 | -2.30 (  5)  -1.50 ( 11) | -2.30 (  5)      - (  0) | -0.20 (  6)   0.01 (  5)  -1.40 ( 11) |
MAPP Roger - PERSAD Bobby                              |   16  -2.38 | -1.89  -0.49 | -1.46 (  7)   0.30 (  8) | -0.02 (  3)  -2.54 (  4) | -0.40 (  5)  -0.09 (  3)   0.58 (  8) |

