1|1|2|3|1|3|3N|S|9|C9
1|1|3|5|3|4|3N|N|10|D3
1|1|999|999|999|999|3N|N|10|D3
1|1|999|999|999|999|3N|N|10|D3
1|1|999|999|999|999|3N|N|10|D5
1|1|999|999|999|999|3N|N|10|D5
1|1|999|999|999|999|3N|N|10|D5
1|1|999|999|999|999|3N|N|10|D5
1|1|999|999|999|999|3N|N|10|D5
1|1|999|999|999|999|3N|N|10|D5
1|1|999|999|999|999|3N|N|10|D5
1|1|999|999|999|999|3N|N|10|D5
1|1|999|999|999|999|3N|N|10|D8
1|1|999|999|999|999|3N|N|10|D8
1|1|999|999|999|999|3N|N|10|D9
1|1|999|999|999|999|3N|N|10|SJ
1|1|999|999|999|999|3N|N|10|SJ
1|1|999|999|999|999|3N|N|11|SJ
1|1|999|999|999|999|3N|N|11|SJ
1|1|999|999|999|999|3N|N|11|SJ
1|1|999|999|999|999|3N|N|7|ST
1|1|999|999|999|999|3N|N|9|D3
1|1|999|999|999|999|3N|N|9|D3
1|1|999|999|999|999|3N|N|9|D3
1|1|999|999|999|999|3N|N|9|D4
1|1|999|999|999|999|3N|N|9|D5
1|1|999|999|999|999|3N|N|9|D5
1|1|999|999|999|999|3N|N|9|D5
1|1|999|999|999|999|3N|N|9|D5
1|1|999|999|999|999|3N|N|9|D5
1|1|999|999|999|999|3N|N|9|D5
1|1|999|999|999|999|3N|N|9|D5
1|1|999|999|999|999|3N|N|9|D5
1|1|999|999|999|999|3N|N|9|D5
1|1|999|999|999|999|3N|N|9|D5
1|1|999|999|999|999|3N|N|9|D5
1|1|999|999|999|999|3N|N|9|D5
1|1|999|999|999|999|3N|N|9|D9
1|1|999|999|999|999|3N|N|9|D9
1|1|999|999|999|999|3N|N|9|D9
1|1|999|999|999|999|3N|N|9|D9
1|1|999|999|999|999|3N|N|9|D9
1|1|999|999|999|999|3N|N|9|H3
1|1|999|999|999|999|3N|N|9|HJ
1|1|999|999|999|999|3N|N|9|SJ
1|1|999|999|999|999|3N|N|9|SJ
1|1|999|999|999|999|3N|N|9|SJ
1|1|999|999|999|999|3N|S|10|D3
1|1|999|999|999|999|3N|S|10|S9
1|1|999|999|999|999|3N|S|9|D5
1|2|2|3|1|3|2HX|S|6|SA
1|2|3|5|3|4|3H|S|7|SK
1|2|999|999|999|999|1HX|E|7|D8
1|2|999|999|999|999|1N|E|10|H5
1|2|999|999|999|999|1N|E|7|S5
1|2|999|999|999|999|1N|E|8|H4
1|2|999|999|999|999|1N|E|8|H5
1|2|999|999|999|999|1N|E|8|H8
1|2|999|999|999|999|1N|E|8|HA
1|2|999|999|999|999|1N|E|8|HK
1|2|999|999|999|999|1N|E|8|S5
1|2|999|999|999|999|1N|E|9|H4
1|2|999|999|999|999|1N|E|9|H4
1|2|999|999|999|999|1N|E|9|H8
1|2|999|999|999|999|1N|E|9|HA
1|2|999|999|999|999|1N|E|9|HA
1|2|999|999|999|999|1NX|N|4|S3
1|2|999|999|999|999|2H|S|6|SA
1|2|999|999|999|999|2H|S|6|SA
1|2|999|999|999|999|2H|S|6|SA
1|2|999|999|999|999|2H|S|6|SA
1|2|999|999|999|999|2H|S|7|SA
1|2|999|999|999|999|2H|S|7|SA
1|2|999|999|999|999|2HX|N|7|S6
1|2|999|999|999|999|2HX|S|6|SA
1|2|999|999|999|999|2HX|S|6|SA
1|2|999|999|999|999|2HX|S|6|SA
1|2|999|999|999|999|2HX|S|6|SA
1|2|999|999|999|999|2HX|S|6|SA
1|2|999|999|999|999|2HX|S|6|SK
1|2|999|999|999|999|2HX|S|6|SK
1|2|999|999|999|999|2HX|S|7|C2
1|2|999|999|999|999|2HX|S|7|SA
1|2|999|999|999|999|2N|E|5|H8
1|2|999|999|999|999|2N|E|8|H2
1|2|999|999|999|999|2N|E|9|H5
1|2|999|999|999|999|2N|E|9|H5
1|2|999|999|999|999|2S|E|8|HA
1|2|999|999|999|999|2S|E|8|HA
1|2|999|999|999|999|2S|E|8|HA
1|2|999|999|999|999|2S|E|8|HA
1|2|999|999|999|999|2S|E|8|HA
1|2|999|999|999|999|2S|E|8|HA
1|2|999|999|999|999|2S|E|8|HK
1|2|999|999|999|999|2S|E|8|HK
1|2|999|999|999|999|2S|E|9|HJ
1|2|999|999|999|999|3C|E|7|HA
1|2|999|999|999|999|3CX|E|8|HA
1|2|999|999|999|999|3HX|S|6|SA
1|2|999|999|999|999|3N|E|8|H8
2|3|2|3|1|3|2S|E|7|H3
2|3|3|5|3|4|2S|W|6|C8
2|3|999|999|999|999|1N|E|6|S4
2|3|999|999|999|999|1N|E|6|S5
2|3|999|999|999|999|1N|E|7|S5
2|3|999|999|999|999|1N|N|5|D7
2|3|999|999|999|999|1N|N|6|C6
2|3|999|999|999|999|1N|W|4|D2
2|3|999|999|999|999|1N|W|7|D2
2|3|999|999|999|999|2CX|E|6|S5
2|3|999|999|999|999|2D|N|7|CA
2|3|999|999|999|999|2D|N|8|CA
2|3|999|999|999|999|2D|N|8|H2
2|3|999|999|999|999|2D|N|8|H2
2|3|999|999|999|999|2D|S|7|C4
2|3|999|999|999|999|2H|W|7|D4
2|3|999|999|999|999|2N|W|6|D4
2|3|999|999|999|999|2S|E|5|S5
2|3|999|999|999|999|2S|E|5|S5
2|3|999|999|999|999|2S|E|6|CJ
2|3|999|999|999|999|2S|E|6|S4
2|3|999|999|999|999|2S|E|6|S4
2|3|999|999|999|999|2S|E|6|S5
2|3|999|999|999|999|2S|E|6|S5
2|3|999|999|999|999|2S|E|7|CJ
2|3|999|999|999|999|2S|E|7|CJ
2|3|999|999|999|999|2S|E|7|DA
2|3|999|999|999|999|2S|E|7|H3
2|3|999|999|999|999|2S|E|7|H3
2|3|999|999|999|999|2S|E|7|HQ
2|3|999|999|999|999|2S|E|7|S4
2|3|999|999|999|999|2S|E|7|S4
2|3|999|999|999|999|2S|E|7|S4
2|3|999|999|999|999|2S|E|7|S4
2|3|999|999|999|999|2S|E|7|S4
2|3|999|999|999|999|2S|E|7|S4
2|3|999|999|999|999|2S|E|7|S4
2|3|999|999|999|999|2S|E|7|S5
2|3|999|999|999|999|2S|E|7|S5
2|3|999|999|999|999|2S|E|7|S5
2|3|999|999|999|999|2S|E|8|H3
2|3|999|999|999|999|2S|E|8|H6
2|3|999|999|999|999|2S|E|8|S4
2|3|999|999|999|999|2S|W|6|H4
2|3|999|999|999|999|2S|W|6|S5
2|3|999|999|999|999|2SX|E|7|S5
2|3|999|999|999|999|2SX|N|7|H9
2|3|999|999|999|999|3D|N|9|D5
2|3|999|999|999|999|3D|S|7|C2
2|3|999|999|999|999|3D|S|8|H9
2|4|2|3|1|3|4C|W|11|HK
2|4|3|5|3|4|3H|N|8|S2
2|4|999|999|999|999|1N|W|6|H2
2|4|999|999|999|999|1N|W|6|H3
2|4|999|999|999|999|1N|W|6|H4
2|4|999|999|999|999|1N|W|6|H6
2|4|999|999|999|999|1N|W|6|H6
2|4|999|999|999|999|1N|W|6|H6
2|4|999|999|999|999|1N|W|6|H6
2|4|999|999|999|999|1N|W|6|H6
2|4|999|999|999|999|1N|W|6|H6
2|4|999|999|999|999|1N|W|6|H6
2|4|999|999|999|999|1N|W|6|H6
2|4|999|999|999|999|1N|W|6|H6
2|4|999|999|999|999|1N|W|7|H6
2|4|999|999|999|999|1N|W|7|HK
2|4|999|999|999|999|1N|W|8|HA
2|4|999|999|999|999|2H|S|8|SA
2|4|999|999|999|999|2H|S|8|SK
2|4|999|999|999|999|2S|W|10|CQ
2|4|999|999|999|999|2S|W|9|HA
2|4|999|999|999|999|2S|W|9|HA
2|4|999|999|999|999|2SX|W|8|HK
2|4|999|999|999|999|3C|W|11|HA
2|4|999|999|999|999|3H|N|7|D3
2|4|999|999|999|999|3H|N|7|D3
2|4|999|999|999|999|3H|N|8|C5
2|4|999|999|999|999|3H|S|7|DK
2|4|999|999|999|999|3H|S|7|SA
2|4|999|999|999|999|3H|S|7|SA
2|4|999|999|999|999|3H|S|7|SK
2|4|999|999|999|999|3H|S|8|H3
2|4|999|999|999|999|3H|S|8|SA
2|4|999|999|999|999|3H|S|8|SA
2|4|999|999|999|999|3H|S|8|SA
2|4|999|999|999|999|3H|S|8|SA
2|4|999|999|999|999|3H|S|9|SA
2|4|999|999|999|999|3H|S|9|SA
2|4|999|999|999|999|3H|S|9|SA
2|4|999|999|999|999|3HX|S|8|SA
2|4|999|999|999|999|3SX|W|9|HA
2|4|999|999|999|999|3SX|W|9|HA
2|4|999|999|999|999|3SX|W|9|HK
2|4|999|999|999|999|4C|E|10|H8
2|4|999|999|999|999|4C|E|11|H9
2|4|999|999|999|999|4C|W|11|HA
2|4|999|999|999|999|4H|N|7|S2
2|4|999|999|999|999|4H|S|8|SA
2|4|999|999|999|999|4HX|N|8|S4
2|4|999|999|999|999|5CX|W|11|HA
3|5|2|3|1|3|3N|N|11|S8
3|5|3|5|3|4|3N|N|12|CT
3|5|999|999|999|999|3N|N|10|HK
3|5|999|999|999|999|3N|N|11|C3
3|5|999|999|999|999|3N|N|11|C9
3|5|999|999|999|999|3N|N|11|C9
3|5|999|999|999|999|3N|N|11|CT
3|5|999|999|999|999|3N|N|11|CT
3|5|999|999|999|999|3N|N|11|CT
3|5|999|999|999|999|3N|N|11|CT
3|5|999|999|999|999|3N|N|11|CT
3|5|999|999|999|999|3N|N|11|S7
3|5|999|999|999|999|3N|N|11|S8
3|5|999|999|999|999|3N|N|11|S9
3|5|999|999|999|999|3N|N|12|C5
3|5|999|999|999|999|3N|N|12|C6
3|5|999|999|999|999|3N|N|12|C9
3|5|999|999|999|999|3N|N|12|C9
3|5|999|999|999|999|3N|N|12|C9
3|5|999|999|999|999|3N|N|12|C9
3|5|999|999|999|999|3N|N|12|CT
3|5|999|999|999|999|3N|N|12|CT
3|5|999|999|999|999|3N|N|12|CT
3|5|999|999|999|999|3N|N|12|CT
3|5|999|999|999|999|3N|N|12|CT
3|5|999|999|999|999|3N|N|12|CT
3|5|999|999|999|999|3N|N|12|CT
3|5|999|999|999|999|3N|N|12|CT
3|5|999|999|999|999|3N|N|12|CT
3|5|999|999|999|999|3N|N|12|CT
3|5|999|999|999|999|3N|N|12|CT
3|5|999|999|999|999|3N|N|12|CT
3|5|999|999|999|999|3N|N|12|CT
3|5|999|999|999|999|3N|N|12|CT
3|5|999|999|999|999|3N|N|12|CT
3|5|999|999|999|999|3N|N|12|CT
3|5|999|999|999|999|3N|N|12|CT
3|5|999|999|999|999|3N|N|12|CT
3|5|999|999|999|999|3N|N|12|CT
3|5|999|999|999|999|3N|N|12|CT
3|5|999|999|999|999|3N|N|12|CT
3|5|999|999|999|999|3N|N|12|S9
3|5|999|999|999|999|3N|N|12|S9
3|5|999|999|999|999|4N|N|12|CT
3|5|999|999|999|999|4N|N|12|CT
3|5|999|999|999|999|5N|N|11|HK
3|5|999|999|999|999|5N|N|12|CT
3|5|999|999|999|999|6D|N|11|CT
3|5|999|999|999|999|6D|S|11|C2
3|5|999|999|999|999|6N|N|11|CT
3|6|2|3|1|3|2C|N|10|S3
3|6|3|5|3|4|3C|S|8|HJ
3|6|999|999|999|999|1S|E|7|SA
3|6|999|999|999|999|1SX|E|6|DQ
3|6|999|999|999|999|1SX|E|7|DQ
3|6|999|999|999|999|1SX|E|7|SA
3|6|999|999|999|999|1SX|E|7|SA
3|6|999|999|999|999|2C|N|8|S3
3|6|999|999|999|999|2C|N|8|S3
3|6|999|999|999|999|2C|N|8|S6
3|6|999|999|999|999|2C|N|9|S8
3|6|999|999|999|999|2H|N|7|S3
3|6|999|999|999|999|2H|N|7|S3
3|6|999|999|999|999|2H|N|7|S8
3|6|999|999|999|999|2HX|N|7|S8
3|6|999|999|999|999|2N|S|8|S3
3|6|999|999|999|999|2N|S|8|S5
3|6|999|999|999|999|2N|S|8|S6
3|6|999|999|999|999|2N|S|9|S2
3|6|999|999|999|999|2N|S|9|S2
3|6|999|999|999|999|2S|E|6|C2
3|6|999|999|999|999|2S|E|6|C2
3|6|999|999|999|999|2S|E|6|C2
3|6|999|999|999|999|2S|E|6|C4
3|6|999|999|999|999|2S|E|6|DQ
3|6|999|999|999|999|2S|E|6|H6
3|6|999|999|999|999|2S|E|6|H6
3|6|999|999|999|999|2S|E|7|H6
3|6|999|999|999|999|2S|E|7|SA
3|6|999|999|999|999|2S|E|7|SA
3|6|999|999|999|999|2S|E|7|SA
3|6|999|999|999|999|2S|E|7|SQ
3|6|999|999|999|999|2S|E|8|SA
3|6|999|999|999|999|2SX|E|6|SJ
3|6|999|999|999|999|2SX|E|7|D4
3|6|999|999|999|999|3C|N|8|DA
3|6|999|999|999|999|3C|N|8|S3
3|6|999|999|999|999|3C|S|8|HJ
3|6|999|999|999|999|3C|S|8|S2
3|6|999|999|999|999|3CX|N|8|S5
3|6|999|999|999|999|3CX|S|8|S2
3|6|999|999|999|999|3H|N|7|S7
3|6|999|999|999|999|3N|S|7|S5
3|6|999|999|999|999|3N|S|8|D9
3|6|999|999|999|999|3N|S|8|S2
3|6|999|999|999|999|3N|S|8|S2
3|6|999|999|999|999|3SX|E|7|SQ
3|6|999|999|999|999|3SX|E|8|H6
3|6|999|999|999|999|5CX|N|8|DA
3|6|999|999|999|999|5CX|N|8|DA
4|7|2|3|1|3|3N|W|12|H5
4|7|3|5|3|4|3N|W|10|H5
4|7|999|999|999|999|1HX|N|4|CJ
4|7|999|999|999|999|1HX|S|3|CJ
4|7|999|999|999|999|1HX|S|5|CJ
4|7|999|999|999|999|1HX|S|5|CJ
4|7|999|999|999|999|2C|E|11|S5
4|7|999|999|999|999|3N|E|10|H9
4|7|999|999|999|999|3N|E|11|C3
4|7|999|999|999|999|3N|E|11|C3
4|7|999|999|999|999|3N|E|11|H8
4|7|999|999|999|999|3N|E|11|H9
4|7|999|999|999|999|3N|E|11|SQ
4|7|999|999|999|999|3N|E|9|H8
4|7|999|999|999|999|3N|E|9|H8
4|7|999|999|999|999|3N|W|10|H2
4|7|999|999|999|999|3N|W|10|H2
4|7|999|999|999|999|3N|W|10|H2
4|7|999|999|999|999|3N|W|10|H2
4|7|999|999|999|999|3N|W|10|H2
4|7|999|999|999|999|3N|W|10|H2
4|7|999|999|999|999|3N|W|11|C5
4|7|999|999|999|999|3N|W|11|H2
4|7|999|999|999|999|3N|W|11|H2
4|7|999|999|999|999|3N|W|11|H2
4|7|999|999|999|999|3N|W|11|H2
4|7|999|999|999|999|3N|W|11|H2
4|7|999|999|999|999|3N|W|11|H2
4|7|999|999|999|999|3N|W|11|H2
4|7|999|999|999|999|3N|W|11|SQ
4|7|999|999|999|999|3N|W|12|H2
4|7|999|999|999|999|3N|W|12|H2
4|7|999|999|999|999|3N|W|12|H2
4|7|999|999|999|999|3N|W|12|SQ
4|7|999|999|999|999|3N|W|13|H2
4|7|999|999|999|999|4N|E|11|H8
4|7|999|999|999|999|4N|W|11|S2
4|7|999|999|999|999|4S|E|10|H9
4|7|999|999|999|999|4S|E|11|C2
4|7|999|999|999|999|4S|E|11|H9
4|7|999|999|999|999|4S|E|11|H9
4|7|999|999|999|999|6D|W|10|H5
4|7|999|999|999|999|6D|W|10|SJ
4|7|999|999|999|999|6D|W|11|H2
4|7|999|999|999|999|6D|W|11|H4
4|7|999|999|999|999|6D|W|11|S2
4|7|999|999|999|999|6D|W|11|SJ
4|7|999|999|999|999|6D|W|11|SQ
4|7|999|999|999|999|6D|W|11|SQ
4|7|999|999|999|999|6D|W|12|D6
4|8|2|3|1|3|4SX|N|10|C6
4|8|3|5|3|4|4S|N|10|H5
4|8|999|999|999|999|3D|S|5|C5
4|8|999|999|999|999|4S|N|10|C7
4|8|999|999|999|999|4S|N|10|D2
4|8|999|999|999|999|4S|N|10|D7
4|8|999|999|999|999|4S|N|10|H3
4|8|999|999|999|999|4S|N|10|H5
4|8|999|999|999|999|4S|N|10|H5
4|8|999|999|999|999|4S|N|10|H6
4|8|999|999|999|999|4S|N|10|H6
4|8|999|999|999|999|4S|S|10|C4
4|8|999|999|999|999|4SX|N|10|C6
4|8|999|999|999|999|4SX|N|10|C7
4|8|999|999|999|999|4SX|N|10|H5
4|8|999|999|999|999|4SX|S|10|H5
4|8|999|999|999|999|5H|E|10|SA
4|8|999|999|999|999|5HX|W|10|SK
4|8|999|999|999|999|5HX|W|10|SK
4|8|999|999|999|999|5HX|W|10|SK
4|8|999|999|999|999|5HX|W|10|SK
4|8|999|999|999|999|5S|N|10|C6
4|8|999|999|999|999|5S|N|10|C7
4|8|999|999|999|999|5S|N|10|C7
4|8|999|999|999|999|5S|N|10|C7
4|8|999|999|999|999|5S|N|10|C7
4|8|999|999|999|999|5S|N|10|C7
4|8|999|999|999|999|5S|N|10|H6
4|8|999|999|999|999|5S|N|10|HK
4|8|999|999|999|999|5S|S|10|C5
4|8|999|999|999|999|5SX|N|10|C4
4|8|999|999|999|999|5SX|N|10|C5
4|8|999|999|999|999|5SX|N|10|C6
4|8|999|999|999|999|5SX|N|10|C6
4|8|999|999|999|999|5SX|N|10|C7
4|8|999|999|999|999|5SX|N|10|C7
4|8|999|999|999|999|5SX|N|10|C7
4|8|999|999|999|999|5SX|N|10|C7
4|8|999|999|999|999|5SX|N|10|H5
4|8|999|999|999|999|5SX|N|10|H5
4|8|999|999|999|999|5SX|N|10|H5
4|8|999|999|999|999|5SX|N|10|H5
4|8|999|999|999|999|5SX|N|10|H5
4|8|999|999|999|999|5SX|N|10|H5
4|8|999|999|999|999|5SX|N|10|H5
4|8|999|999|999|999|5SX|N|10|H6
4|8|999|999|999|999|5SX|N|10|H8
4|8|999|999|999|999|6CX|W|10|H2
4|8|999|999|999|999|6HX|E|10|D8
4|8|999|999|999|999|6HX|W|10|D8
5|10|2|3|1|3|4H|W|11|D8
5|10|3|5|3|4|5H|W|11|D2
5|10|999|999|999|999|2N|W|10|S8
5|10|999|999|999|999|2SX|N|8|DA
5|10|999|999|999|999|2SX|N|8|HK
5|10|999|999|999|999|3N|E|6|ST
5|10|999|999|999|999|3N|E|6|ST
5|10|999|999|999|999|3N|E|6|ST
5|10|999|999|999|999|3N|E|9|H7
5|10|999|999|999|999|3N|W|10|SJ
5|10|999|999|999|999|3N|W|11|HA
5|10|999|999|999|999|3SX|N|8|DA
5|10|999|999|999|999|3SX|N|8|DA
5|10|999|999|999|999|3SX|N|8|SA
5|10|999|999|999|999|4H|E|10|ST
5|10|999|999|999|999|4H|E|10|ST
5|10|999|999|999|999|4H|E|10|ST
5|10|999|999|999|999|4H|E|10|ST
5|10|999|999|999|999|4H|E|11|D8
5|10|999|999|999|999|4H|E|9|H3
5|10|999|999|999|999|4H|W|10|D8
5|10|999|999|999|999|4H|W|10|SJ
5|10|999|999|999|999|4H|W|11|D8
5|10|999|999|999|999|4H|W|11|D8
5|10|999|999|999|999|4H|W|11|D8
5|10|999|999|999|999|4H|W|11|D8
5|10|999|999|999|999|4H|W|11|D8
5|10|999|999|999|999|4H|W|11|D8
5|10|999|999|999|999|4H|W|11|D8
5|10|999|999|999|999|4H|W|11|D8
5|10|999|999|999|999|4H|W|11|D8
5|10|999|999|999|999|4H|W|11|D8
5|10|999|999|999|999|4H|W|11|D8
5|10|999|999|999|999|4H|W|11|D8
5|10|999|999|999|999|4H|W|11|D8
5|10|999|999|999|999|4H|W|11|D8
5|10|999|999|999|999|4H|W|11|D8
5|10|999|999|999|999|4H|W|11|D8
5|10|999|999|999|999|4H|W|11|D8
5|10|999|999|999|999|4H|W|11|D8
5|10|999|999|999|999|4H|W|11|S2
5|10|999|999|999|999|4H|W|11|S2
5|10|999|999|999|999|4H|W|11|S4
5|10|999|999|999|999|4H|W|11|S5
5|10|999|999|999|999|4H|W|11|S7
5|10|999|999|999|999|4H|W|9|C2
5|10|999|999|999|999|4H|W|9|D8
5|10|999|999|999|999|4H|W|9|D8
5|10|999|999|999|999|4SX|N|8|DA
5|10|999|999|999|999|5C|E|10|DT
5|9|2|3|1|3|5CX|N|11|H7
5|9|3|5|3|4|5DX|N|9|H6
5|9|999|999|999|999|2H|W|7|CA
5|9|999|999|999|999|2H|W|9|CA
5|9|999|999|999|999|3H|E|9|C2
5|9|999|999|999|999|3H|W|6|CA
5|9|999|999|999|999|3H|W|6|CA
5|9|999|999|999|999|3H|W|7|CA
5|9|999|999|999|999|3H|W|7|CA
5|9|999|999|999|999|3H|W|8|CA
5|9|999|999|999|999|3H|W|8|CA
5|9|999|999|999|999|3H|W|8|CK
5|9|999|999|999|999|4C|N|10|C3
5|9|999|999|999|999|4C|N|10|C7
5|9|999|999|999|999|4C|N|10|H3
5|9|999|999|999|999|4C|N|10|H4
5|9|999|999|999|999|4C|N|10|H4
5|9|999|999|999|999|4C|N|10|H4
5|9|999|999|999|999|4C|N|10|H7
5|9|999|999|999|999|4C|N|9|H6
5|9|999|999|999|999|4C|N|9|H7
5|9|999|999|999|999|4D|N|10|H2
5|9|999|999|999|999|4D|N|10|H5
5|9|999|999|999|999|4D|N|9|H4
5|9|999|999|999|999|4D|N|9|H4
5|9|999|999|999|999|4DX|N|10|H4
5|9|999|999|999|999|4DX|N|10|H7
5|9|999|999|999|999|4H|E|6|S5
5|9|999|999|999|999|4H|W|6|CA
5|9|999|999|999|999|4H|W|7|CA
5|9|999|999|999|999|4H|W|8|CA
5|9|999|999|999|999|4H|W|8|CA
5|9|999|999|999|999|4H|W|9|CA
5|9|999|999|999|999|4HX|E|7|H3
5|9|999|999|999|999|4HX|W|6|CA
5|9|999|999|999|999|4HX|W|7|CK
5|9|999|999|999|999|4HX|W|7|CK
5|9|999|999|999|999|5C|N|10|H4
5|9|999|999|999|999|5C|N|10|H6
5|9|999|999|999|999|5C|N|10|H7
5|9|999|999|999|999|5C|N|10|HT
5|9|999|999|999|999|5C|N|10|S7
5|9|999|999|999|999|5CX|N|10|C7
5|9|999|999|999|999|5CX|N|10|H4
5|9|999|999|999|999|5CX|N|10|H5
5|9|999|999|999|999|5CX|N|10|H7
5|9|999|999|999|999|5D|N|10|H4
5|9|999|999|999|999|5D|N|10|S2
5|9|999|999|999|999|5DX|N|10|H7
5|9|999|999|999|999|5DX|N|10|H7
6|11|2|3|1|3|5SX|N|8|DA
6|11|3|5|3|4|5SX|S|9|D5
6|11|999|999|999|999|4C|W|12|H5
6|11|999|999|999|999|4SX|N|8|DA
6|11|999|999|999|999|4SX|N|8|DA
6|11|999|999|999|999|4SX|N|8|DA
6|11|999|999|999|999|4SX|N|9|DA
6|11|999|999|999|999|4SX|N|9|DA
6|11|999|999|999|999|4SX|N|9|DA
6|11|999|999|999|999|5C|E|12|CT
6|11|999|999|999|999|5C|E|12|H3
6|11|999|999|999|999|5C|E|12|HA
6|11|999|999|999|999|5C|W|12|H2
6|11|999|999|999|999|5C|W|12|H5
6|11|999|999|999|999|5C|W|12|H5
6|11|999|999|999|999|5C|W|12|H5
6|11|999|999|999|999|5C|W|12|H5
6|11|999|999|999|999|5C|W|12|H5
6|11|999|999|999|999|5C|W|12|H5
6|11|999|999|999|999|5C|W|12|H5
6|11|999|999|999|999|5C|W|12|H5
6|11|999|999|999|999|5C|W|12|H5
6|11|999|999|999|999|5C|W|12|H5
6|11|999|999|999|999|5C|W|12|SJ
6|11|999|999|999|999|5C|W|12|SQ
6|11|999|999|999|999|5C|W|12|SQ
6|11|999|999|999|999|5CX|W|12|H2
6|11|999|999|999|999|5CX|W|12|H5
6|11|999|999|999|999|5CX|W|13|H2
6|11|999|999|999|999|5DX|N|8|DQ
6|11|999|999|999|999|5S|N|8|CA
6|11|999|999|999|999|5S|N|8|DA
6|11|999|999|999|999|5SX|N|8|DA
6|11|999|999|999|999|5SX|N|8|DA
6|11|999|999|999|999|5SX|N|8|DA
6|11|999|999|999|999|5SX|N|8|DA
6|11|999|999|999|999|5SX|N|8|DK
6|11|999|999|999|999|5SX|N|8|DK
6|11|999|999|999|999|5SX|N|9|DA
6|11|999|999|999|999|5SX|N|9|DA
6|11|999|999|999|999|6C|E|12|H2
6|11|999|999|999|999|6C|W|12|H5
6|11|999|999|999|999|6C|W|12|SQ
6|11|999|999|999|999|6CX|E|12|H3
6|11|999|999|999|999|6CX|W|12|D6
6|11|999|999|999|999|6CX|W|12|D8
6|11|999|999|999|999|6CX|W|12|H2
6|11|999|999|999|999|6CX|W|12|H5
6|11|999|999|999|999|6SX|N|8|DA
6|11|999|999|999|999|7CX|W|12|D8
6|12|2|3|1|3|6S|N|12|HA
6|12|3|5|3|4|4S|N|12|CJ
6|12|999|999|999|999|3N|N|11|H2
6|12|999|999|999|999|3N|N|11|H5
6|12|999|999|999|999|3N|N|12|H3
6|12|999|999|999|999|3N|S|11|D8
6|12|999|999|999|999|3N|S|12|D8
6|12|999|999|999|999|3N|S|12|H3
6|12|999|999|999|999|4DX|W|2|DJ
6|12|999|999|999|999|4N|N|11|H5
6|12|999|999|999|999|4N|S|11|D7
6|12|999|999|999|999|4N|S|11|H3
6|12|999|999|999|999|4N|S|12|H3
6|12|999|999|999|999|4S|N|11|D9
6|12|999|999|999|999|4S|N|11|S3
6|12|999|999|999|999|4S|N|12|CJ
6|12|999|999|999|999|4S|N|12|D2
6|12|999|999|999|999|4S|N|12|HA
6|12|999|999|999|999|4S|N|12|HA
6|12|999|999|999|999|4S|N|12|HA
6|12|999|999|999|999|4S|N|12|HA
6|12|999|999|999|999|4S|N|12|HA
6|12|999|999|999|999|4S|N|12|HA
6|12|999|999|999|999|5S|N|12|HA
6|12|999|999|999|999|6N|S|11|D7
6|12|999|999|999|999|6N|S|11|D8
6|12|999|999|999|999|6N|S|11|D8
6|12|999|999|999|999|6N|S|11|S5
6|12|999|999|999|999|6N|S|11|S5
6|12|999|999|999|999|6N|S|12|C5
6|12|999|999|999|999|6N|S|12|D7
6|12|999|999|999|999|6N|S|12|D7
6|12|999|999|999|999|6N|S|12|H2
6|12|999|999|999|999|6N|S|12|H3
6|12|999|999|999|999|6N|S|12|H3
6|12|999|999|999|999|6N|S|12|H3
6|12|999|999|999|999|6N|S|12|H3
6|12|999|999|999|999|6N|S|13|S5
6|12|999|999|999|999|6S|N|11|CJ
6|12|999|999|999|999|6S|N|11|D3
6|12|999|999|999|999|6S|N|12|DQ
6|12|999|999|999|999|6S|N|12|H3
6|12|999|999|999|999|6S|N|12|HA
6|12|999|999|999|999|6S|N|12|HA
6|12|999|999|999|999|6S|N|12|HA
6|12|999|999|999|999|6S|N|12|HA
6|12|999|999|999|999|6S|N|12|HA
6|12|999|999|999|999|6S|N|12|HA
6|12|999|999|999|999|6S|N|12|HA
6|12|999|999|999|999|7S|N|12|HA
7|13|2|3|1|3|3N|S|9|ST
7|13|3|5|3|4|4SX|E|7|CA
7|13|999|999|999|999|1N|S|10|DA
7|13|999|999|999|999|2C|S|10|DA
7|13|999|999|999|999|3C|S|10|DA
7|13|999|999|999|999|3D|S|10|SA
7|13|999|999|999|999|3D|S|9|H5
7|13|999|999|999|999|3H|S|8|DA
7|13|999|999|999|999|3N|N|9|CT
7|13|999|999|999|999|3N|N|9|H3
7|13|999|999|999|999|3N|N|9|HQ
7|13|999|999|999|999|3N|N|9|S5
7|13|999|999|999|999|3N|S|10|DA
7|13|999|999|999|999|3N|S|10|DA
7|13|999|999|999|999|3N|S|10|DA
7|13|999|999|999|999|3N|S|10|DK
7|13|999|999|999|999|3N|S|9|DA
7|13|999|999|999|999|3N|S|9|DA
7|13|999|999|999|999|3N|S|9|DA
7|13|999|999|999|999|3N|S|9|DA
7|13|999|999|999|999|3N|S|9|DA
7|13|999|999|999|999|3N|S|9|DK
7|13|999|999|999|999|3N|S|9|DK
7|13|999|999|999|999|3N|S|9|H5
7|13|999|999|999|999|3N|S|9|H5
7|13|999|999|999|999|3N|S|9|H5
7|13|999|999|999|999|3N|S|9|S4
7|13|999|999|999|999|3N|S|9|S4
7|13|999|999|999|999|3N|S|9|S9
7|13|999|999|999|999|3N|S|9|SJ
7|13|999|999|999|999|3N|S|9|ST
7|13|999|999|999|999|3N|S|9|ST
7|13|999|999|999|999|3N|S|9|ST
7|13|999|999|999|999|3N|S|9|ST
7|13|999|999|999|999|3NX|N|9|SQ
7|13|999|999|999|999|3S|E|7|CA
7|13|999|999|999|999|3S|E|7|CA
7|13|999|999|999|999|3S|E|7|CA
7|13|999|999|999|999|3S|E|7|CK
7|13|999|999|999|999|3S|E|7|HK
7|13|999|999|999|999|3S|E|8|CA
7|13|999|999|999|999|3S|W|8|CA
7|13|999|999|999|999|4C|S|9|DA
7|13|999|999|999|999|4C|S|9|DA
7|13|999|999|999|999|4D|S|10|SA
7|13|999|999|999|999|4DX|N|10|SQ
7|13|999|999|999|999|4DX|N|8|SQ
7|13|999|999|999|999|4N|N|9|HQ
7|13|999|999|999|999|4S|E|7|CA
7|13|999|999|999|999|5C|S|10|DK
7|14|2|3|1|3|2S|S|9|C5
7|14|3|5|3|4|3N|S|7|H4
7|14|999|999|999|999|1N|E|4|C6
7|14|999|999|999|999|2D|E|3|S3
7|14|999|999|999|999|2H|E|7|DT
7|14|999|999|999|999|2S|S|8|C5
7|14|999|999|999|999|2S|S|9|DT
7|14|999|999|999|999|2S|S|9|DT
7|14|999|999|999|999|3S|S|9|C5
7|14|999|999|999|999|3S|S|9|DT
7|14|999|999|999|999|3S|S|9|DT
7|14|999|999|999|999|4HX|E|7|D9
7|14|999|999|999|999|4HX|E|8|D9
7|14|999|999|999|999|4HX|W|8|DK
7|14|999|999|999|999|4S|N|9|D2
7|14|999|999|999|999|4S|N|9|DT
7|14|999|999|999|999|4S|S|9|C3
7|14|999|999|999|999|4S|S|9|C5
7|14|999|999|999|999|4S|S|9|C5
7|14|999|999|999|999|4S|S|9|DA
7|14|999|999|999|999|4S|S|9|DT
7|14|999|999|999|999|4S|S|9|DT
7|14|999|999|999|999|4S|S|9|DT
7|14|999|999|999|999|4S|S|9|DT
7|14|999|999|999|999|4S|S|9|DT
7|14|999|999|999|999|4S|S|9|DT
7|14|999|999|999|999|4S|S|9|DT
7|14|999|999|999|999|4S|S|9|DT
7|14|999|999|999|999|4S|S|9|DT
7|14|999|999|999|999|4S|S|9|DT
7|14|999|999|999|999|4S|S|9|DT
7|14|999|999|999|999|4S|S|9|DT
7|14|999|999|999|999|4S|S|9|DT
7|14|999|999|999|999|4S|S|9|DT
7|14|999|999|999|999|4S|S|9|DT
7|14|999|999|999|999|4S|S|9|DT
7|14|999|999|999|999|4S|S|9|DT
7|14|999|999|999|999|4S|S|9|DT
7|14|999|999|999|999|4S|S|9|DT
7|14|999|999|999|999|4S|S|9|DT
7|14|999|999|999|999|4S|S|9|DT
7|14|999|999|999|999|4S|S|9|H2
7|14|999|999|999|999|4S|S|9|H3
7|14|999|999|999|999|4S|S|9|H4
7|14|999|999|999|999|4S|S|9|H4
7|14|999|999|999|999|4S|S|9|H5
7|14|999|999|999|999|4S|S|9|H5
7|14|999|999|999|999|4S|S|9|H6
7|14|999|999|999|999|4SX|S|11|DT
7|14|999|999|999|999|4SX|S|9|D5
8|15|3|2|3|1|4C|E|10|D2
8|15|5|3|4|3|4C|E|10|DK
8|15|999|999|999|999|2C|W|10|C2
8|15|999|999|999|999|2H|E|10|DA
8|15|999|999|999|999|2H|E|10|DK
8|15|999|999|999|999|2H|E|10|DK
8|15|999|999|999|999|2H|E|10|DK
8|15|999|999|999|999|2H|E|10|DK
8|15|999|999|999|999|2H|E|10|DK
8|15|999|999|999|999|2H|E|10|DK
8|15|999|999|999|999|2H|E|10|DK
8|15|999|999|999|999|2H|E|10|DK
8|15|999|999|999|999|2H|E|10|DK
8|15|999|999|999|999|2H|E|10|H2
8|15|999|999|999|999|2H|E|11|DK
8|15|999|999|999|999|2H|E|7|DK
8|15|999|999|999|999|2H|E|8|DK
8|15|999|999|999|999|2H|E|9|DK
8|15|999|999|999|999|2H|E|9|DK
8|15|999|999|999|999|2H|W|10|D2
8|15|999|999|999|999|2H|W|10|C6
8|15|999|999|999|999|2H|W|10|S6
8|15|999|999|999|999|2H|W|7|C6
8|15|999|999|999|999|2S|S|7|HQ
8|15|999|999|999|999|3C|E|10|DK
8|15|999|999|999|999|3C|E|10|DK
8|15|999|999|999|999|3C|E|10|DK
8|15|999|999|999|999|3C|E|10|DK
8|15|999|999|999|999|3C|E|10|DK
8|15|999|999|999|999|3C|E|10|DK
8|15|999|999|999|999|3C|E|10|DK
8|15|999|999|999|999|3C|E|10|DK
8|15|999|999|999|999|3C|E|10|DK
8|15|999|999|999|999|3C|E|10|SK
8|15|999|999|999|999|3C|W|10|DJ
8|15|999|999|999|999|3D|S|7|C3
8|15|999|999|999|999|3N|W|9|H2
8|15|999|999|999|999|3S|N|8|C3
8|15|999|999|999|999|3S|S|7|C3
8|15|999|999|999|999|3S|S|7|C3
8|15|999|999|999|999|3S|S|8|C2
8|15|999|999|999|999|3SX|N|7|C9
8|15|999|999|999|999|3SX|N|7|H7
8|15|999|999|999|999|3SX|S|7|C3
8|15|999|999|999|999|3SX|S|7|C3
8|15|999|999|999|999|3SX|S|7|C9
8|15|999|999|999|999|4C|E|10|DK
8|15|999|999|999|999|4C|E|10|DK
8|15|999|999|999|999|4C|E|10|DK
8|15|999|999|999|999|5C|E|10|DK
8|16|3|2|3|1|6H|S|12|C7
8|16|5|3|4|3|4H|N|12|D2
8|16|999|999|999|999|4H|N|12|C7
8|16|999|999|999|999|4H|N|12|CA
8|16|999|999|999|999|4H|N|12|H3
8|16|999|999|999|999|4H|N|12|H3
8|16|999|999|999|999|4H|N|12|SA
8|16|999|999|999|999|4H|S|12|S4
8|16|999|999|999|999|5H|N|12|H2
8|16|999|999|999|999|5H|N|12|H2
8|16|999|999|999|999|5H|N|12|H2
8|16|999|999|999|999|5H|N|13|S2
8|16|999|999|999|999|6H|N|12|C6
8|16|999|999|999|999|6H|N|12|CA
8|16|999|999|999|999|6H|N|12|CA
8|16|999|999|999|999|6H|N|12|CA
8|16|999|999|999|999|6H|N|12|CA
8|16|999|999|999|999|6H|N|12|CA
8|16|999|999|999|999|6H|N|12|CA
8|16|999|999|999|999|6H|N|12|CA
8|16|999|999|999|999|6H|N|12|CA
8|16|999|999|999|999|6H|N|12|CA
8|16|999|999|999|999|6H|N|12|CA
8|16|999|999|999|999|6H|N|12|CA
8|16|999|999|999|999|6H|N|12|CA
8|16|999|999|999|999|6H|N|12|CA
8|16|999|999|999|999|6H|N|12|CA
8|16|999|999|999|999|6H|N|12|D2
8|16|999|999|999|999|6H|N|12|H2
8|16|999|999|999|999|6H|N|12|H3
8|16|999|999|999|999|6H|N|12|H3
8|16|999|999|999|999|6H|N|12|SA
8|16|999|999|999|999|6H|N|12|SA
8|16|999|999|999|999|6H|N|12|SA
8|16|999|999|999|999|6H|N|12|SA
8|16|999|999|999|999|6H|N|12|SA
8|16|999|999|999|999|6H|N|12|SA
8|16|999|999|999|999|6H|N|12|SA
8|16|999|999|999|999|6H|N|12|SA
8|16|999|999|999|999|6H|N|12|SA
8|16|999|999|999|999|6H|S|12|C5
8|16|999|999|999|999|6H|S|12|CA
8|16|999|999|999|999|6H|S|12|CK
8|16|999|999|999|999|6H|S|12|SA
8|16|999|999|999|999|6H|S|12|ST
8|16|999|999|999|999|7H|N|12|H4
8|16|999|999|999|999|7H|N|12|SA
8|16|999|999|999|999|7H|N|12|SA
8|16|999|999|999|999|7HX|N|12|SA
8|16|999|999|999|999|7HX|N|12|SA
9|17|2|3|1|3|5C|N|11|DQ
9|17|3|5|3|4|3N|S|11|S4
9|17|999|999|999|999|3N|N|8|DA
9|17|999|999|999|999|3N|N|8|DA
9|17|999|999|999|999|3N|N|8|DQ
9|17|999|999|999|999|3N|N|8|DQ
9|17|999|999|999|999|3N|S|10|HK
9|17|999|999|999|999|3NX|S|11|S2
9|17|999|999|999|999|4C|N|11|DA
9|17|999|999|999|999|4C|N|11|DK
9|17|999|999|999|999|4DX|E|8|SA
9|17|999|999|999|999|4N|S|10|HK
9|17|999|999|999|999|4N|S|10|HQ
9|17|999|999|999|999|4N|S|11|S4
9|17|999|999|999|999|4NX|N|8|DA
9|17|999|999|999|999|4NX|S|10|HQ
9|17|999|999|999|999|4SX|E|7|C3
9|17|999|999|999|999|4SX|E|7|C5
9|17|999|999|999|999|4SX|E|8|C6
9|17|999|999|999|999|4SX|E|8|HA
9|17|999|999|999|999|4SX|E|9|HA
9|17|999|999|999|999|4SX|E|9|SK
9|17|999|999|999|999|5C|N|11|DA
9|17|999|999|999|999|5C|N|11|DA
9|17|999|999|999|999|5C|N|11|DA
9|17|999|999|999|999|5C|N|11|DA
9|17|999|999|999|999|5C|N|11|DK
9|17|999|999|999|999|5C|N|11|DK
9|17|999|999|999|999|5C|S|11|HK
9|17|999|999|999|999|5CX|N|11|DA
9|17|999|999|999|999|5CX|N|11|DA
9|17|999|999|999|999|5CX|N|11|DA
9|17|999|999|999|999|5CX|N|11|DK
9|17|999|999|999|999|5CX|N|11|DK
9|17|999|999|999|999|5CX|N|11|DK
9|17|999|999|999|999|5CX|N|11|H3
9|17|999|999|999|999|5CXX|N|11|DK
9|17|999|999|999|999|5DX|E|10|SK
9|17|999|999|999|999|5DX|E|8|SA
9|17|999|999|999|999|5DX|E|8|SK
9|17|999|999|999|999|5DX|E|8|SK
9|17|999|999|999|999|5DX|E|8|SK
9|17|999|999|999|999|5DX|E|8|SK
9|17|999|999|999|999|5DX|E|8|SK
9|17|999|999|999|999|5DX|E|9|C5
9|17|999|999|999|999|5SX|E|7|C9
9|17|999|999|999|999|5SX|E|8|C5
9|17|999|999|999|999|6C|N|11|DA
9|17|999|999|999|999|6C|N|11|DA
9|17|999|999|999|999|6CX|N|11|DA
9|18|2|3|1|3|4S|E|10|CA
9|18|3|5|3|4|3S|E|10|CK
9|18|999|999|999|999|2S|W|10|DQ
9|18|999|999|999|999|3N|E|10|D9
9|18|999|999|999|999|3N|E|10|H7
9|18|999|999|999|999|3N|E|9|D6
9|18|999|999|999|999|3S|E|11|CK
9|18|999|999|999|999|4S|E|10|CA
9|18|999|999|999|999|4S|E|10|CA
9|18|999|999|999|999|4S|E|10|CK
9|18|999|999|999|999|4S|E|10|CK
9|18|999|999|999|999|4S|E|10|CK
9|18|999|999|999|999|4S|E|10|CK
9|18|999|999|999|999|4S|E|10|CK
9|18|999|999|999|999|4S|E|10|CK
9|18|999|999|999|999|4S|E|10|CK
9|18|999|999|999|999|4S|E|10|CK
9|18|999|999|999|999|4S|E|10|D2
9|18|999|999|999|999|4S|E|11|C3
9|18|999|999|999|999|4S|E|11|CA
9|18|999|999|999|999|4S|E|11|CA
9|18|999|999|999|999|4S|E|11|CA
9|18|999|999|999|999|4S|E|11|CA
9|18|999|999|999|999|4S|E|11|CA
9|18|999|999|999|999|4S|E|11|CA
9|18|999|999|999|999|4S|E|11|CA
9|18|999|999|999|999|4S|E|11|CA
9|18|999|999|999|999|4S|E|11|CA
9|18|999|999|999|999|4S|E|11|CA
9|18|999|999|999|999|4S|E|11|CK
9|18|999|999|999|999|4S|E|11|CK
9|18|999|999|999|999|4S|E|11|CK
9|18|999|999|999|999|4S|E|11|CK
9|18|999|999|999|999|4S|E|11|CK
9|18|999|999|999|999|4S|E|11|CK
9|18|999|999|999|999|4S|E|11|CK
9|18|999|999|999|999|4S|E|11|CK
9|18|999|999|999|999|4S|E|11|CK
9|18|999|999|999|999|4S|E|11|CK
9|18|999|999|999|999|4S|E|11|CK
9|18|999|999|999|999|4S|E|11|CK
9|18|999|999|999|999|4S|E|11|CK
9|18|999|999|999|999|4S|E|11|CK
9|18|999|999|999|999|4S|E|11|D2
9|18|999|999|999|999|4S|W|10|DQ
9|18|999|999|999|999|4S|W|10|DQ
9|18|999|999|999|999|4S|W|10|DQ
9|18|999|999|999|999|4S|W|11|DQ
9|18|999|999|999|999|5S|E|11|CK
9|18|999|999|999|999|5S|W|10|DQ
10|19|2|3|1|3|2H|W|9|CK
10|19|3|5|3|4|3C|N|7|HK
10|19|999|999|999|999|1N|E|8|S6
10|19|999|999|999|999|1N|N|5|H3
10|19|999|999|999|999|1N|N|5|H4
10|19|999|999|999|999|1N|N|5|H6
10|19|999|999|999|999|1N|N|5|HK
10|19|999|999|999|999|1N|N|5|HK
10|19|999|999|999|999|1N|N|5|HK
10|19|999|999|999|999|1N|N|5|HQ
10|19|999|999|999|999|1N|N|5|HQ
10|19|999|999|999|999|1N|N|5|HQ
10|19|999|999|999|999|1N|N|6|HK
10|19|999|999|999|999|1N|N|6|HQ
10|19|999|999|999|999|1N|N|6|HQ
10|19|999|999|999|999|1N|N|8|HQ
10|19|999|999|999|999|1N|S|5|H2
10|19|999|999|999|999|2C|S|7|D3
10|19|999|999|999|999|2CX|S|7|C2
10|19|999|999|999|999|2H|E|9|C8
10|19|999|999|999|999|2H|E|9|D7
10|19|999|999|999|999|2H|E|9|D7
10|19|999|999|999|999|2H|E|9|D7
10|19|999|999|999|999|2H|E|9|D8
10|19|999|999|999|999|2H|E|9|HA
10|19|999|999|999|999|2H|E|9|S6
10|19|999|999|999|999|2H|E|9|SA
10|19|999|999|999|999|2H|W|9|DA
10|19|999|999|999|999|2H|W|9|DA
10|19|999|999|999|999|2H|W|9|DK
10|19|999|999|999|999|2H|W|9|HT
10|19|999|999|999|999|2S|S|6|C4
10|19|999|999|999|999|2S|S|7|S8
10|19|999|999|999|999|3C|N|8|C2
10|19|999|999|999|999|3C|S|10|C5
10|19|999|999|999|999|3D|W|8|SJ
10|19|999|999|999|999|3H|E|7|S5
10|19|999|999|999|999|3H|E|8|C5
10|19|999|999|999|999|3H|E|8|D7
10|19|999|999|999|999|3H|E|8|D8
10|19|999|999|999|999|3H|E|9|S3
10|19|999|999|999|999|3H|E|9|S3
10|19|999|999|999|999|3H|E|9|S4
10|19|999|999|999|999|3H|E|9|S6
10|19|999|999|999|999|3H|E|9|S7
10|19|999|999|999|999|3H|W|8|DA
10|19|999|999|999|999|3H|W|9|CK
10|19|999|999|999|999|3H|W|9|CK
10|19|999|999|999|999|3H|W|9|DA
10|19|999|999|999|999|3N|N|9|DQ
10|20|2|3|1|3|6H|N|11|S9
10|20|3|5|3|4|4H|S|12|S5
10|20|999|999|999|999|3N|N|11|C9
10|20|999|999|999|999|3N|N|11|H4
10|20|999|999|999|999|3N|N|12|S4
10|20|999|999|999|999|3N|N|12|S7
10|20|999|999|999|999|3N|N|12|S8
10|20|999|999|999|999|3N|N|12|S9
10|20|999|999|999|999|3N|N|12|S9
10|20|999|999|999|999|3N|S|11|H4
10|20|999|999|999|999|3N|S|11|H4
10|20|999|999|999|999|3N|S|11|H6
10|20|999|999|999|999|3N|S|11|S5
10|20|999|999|999|999|3N|S|11|S5
10|20|999|999|999|999|3N|S|12|C6
10|20|999|999|999|999|3N|S|12|S4
10|20|999|999|999|999|3N|S|12|S5
10|20|999|999|999|999|4H|N|11|DJ
10|20|999|999|999|999|4H|N|12|C3
10|20|999|999|999|999|4H|S|11|D4
10|20|999|999|999|999|4H|S|11|D6
10|20|999|999|999|999|4H|S|11|S5
10|20|999|999|999|999|4H|S|12|C5
10|20|999|999|999|999|4H|S|12|S5
10|20|999|999|999|999|4H|S|12|S5
10|20|999|999|999|999|4H|S|12|S5
10|20|999|999|999|999|5H|S|12|D5
10|20|999|999|999|999|6H|N|11|C3
10|20|999|999|999|999|6H|N|11|C8
10|20|999|999|999|999|6H|N|11|DJ
10|20|999|999|999|999|6H|N|11|DJ
10|20|999|999|999|999|6H|S|11|S5
10|20|999|999|999|999|6H|S|12|C5
10|20|999|999|999|999|6H|S|12|C5
10|20|999|999|999|999|6H|S|12|C6
10|20|999|999|999|999|6H|S|12|C6
10|20|999|999|999|999|6H|S|12|D4
10|20|999|999|999|999|6H|S|12|S5
10|20|999|999|999|999|6H|S|12|S5
10|20|999|999|999|999|6H|S|12|S5
10|20|999|999|999|999|6H|S|12|S5
10|20|999|999|999|999|6H|S|12|S5
10|20|999|999|999|999|6H|S|12|S6
10|20|999|999|999|999|6N|N|10|DJ
10|20|999|999|999|999|6N|N|10|DJ
10|20|999|999|999|999|6N|N|10|DJ
10|20|999|999|999|999|6N|N|10|DJ
10|20|999|999|999|999|6N|N|9|DJ
10|20|999|999|999|999|6N|S|11|C2
10|20|999|999|999|999|7H|N|12|DJ
11|21|2|3|1|3|4S|E|12|C4
11|21|3|5|3|4|4S|E|11|D9
11|21|999|999|999|999|3N|E|11|C5
11|21|999|999|999|999|3N|E|12|C3
11|21|999|999|999|999|3N|E|12|C4
11|21|999|999|999|999|3N|E|12|C5
11|21|999|999|999|999|3N|W|12|H2
11|21|999|999|999|999|4H|E|11|D9
11|21|999|999|999|999|4S|E|11|C4
11|21|999|999|999|999|4S|E|11|D2
11|21|999|999|999|999|4S|E|11|D3
11|21|999|999|999|999|4S|E|11|D8
11|21|999|999|999|999|4S|E|11|D8
11|21|999|999|999|999|4S|E|11|D8
11|21|999|999|999|999|4S|E|11|D8
11|21|999|999|999|999|4S|E|11|D8
11|21|999|999|999|999|4S|E|11|D8
11|21|999|999|999|999|4S|E|11|D9
11|21|999|999|999|999|4S|E|11|D9
11|21|999|999|999|999|4S|E|11|D9
11|21|999|999|999|999|4S|E|11|D9
11|21|999|999|999|999|4S|E|11|D9
11|21|999|999|999|999|4S|E|11|D9
11|21|999|999|999|999|4S|E|11|D9
11|21|999|999|999|999|4S|E|11|H6
11|21|999|999|999|999|4S|E|11|H7
11|21|999|999|999|999|4S|E|11|H7
11|21|999|999|999|999|4S|E|12|C4
11|21|999|999|999|999|4S|E|12|C5
11|21|999|999|999|999|4S|E|12|D3
11|21|999|999|999|999|4S|E|12|D3
11|21|999|999|999|999|4S|E|12|D8
11|21|999|999|999|999|4S|E|12|D8
11|21|999|999|999|999|4S|E|12|D8
11|21|999|999|999|999|4S|E|12|D8
11|21|999|999|999|999|4S|E|12|D8
11|21|999|999|999|999|4S|E|12|D8
11|21|999|999|999|999|4S|E|12|D8
11|21|999|999|999|999|4S|E|12|D9
11|21|999|999|999|999|4S|E|12|D9
11|21|999|999|999|999|4S|E|12|D9
11|21|999|999|999|999|4S|E|12|D9
11|21|999|999|999|999|4S|E|12|H3
11|21|999|999|999|999|4S|E|12|H6
11|21|999|999|999|999|4S|E|12|H7
11|21|999|999|999|999|4S|E|12|HJ
11|21|999|999|999|999|4S|E|13|D3
11|21|999|999|999|999|4S|W|11|H3
11|21|999|999|999|999|4S|W|11|H8
11|21|999|999|999|999|4S|W|12|C2
11|22|2|3|1|3|3H|E|9|C5
11|22|3|5|3|4|4CX|N|9|HK
11|22|999|999|999|999|2S|E|10|H7
11|22|999|999|999|999|2S|E|10|H7
11|22|999|999|999|999|2S|E|7|C3
11|22|999|999|999|999|2S|E|7|C5
11|22|999|999|999|999|2S|E|9|H7
11|22|999|999|999|999|3C|N|9|HQ
11|22|999|999|999|999|3CX|N|10|HQ
11|22|999|999|999|999|3CX|N|7|HK
11|22|999|999|999|999|3CX|N|7|HK
11|22|999|999|999|999|3CX|N|7|HQ
11|22|999|999|999|999|3CX|S|10|SQ
11|22|999|999|999|999|3CX|S|10|SQ
11|22|999|999|999|999|3CX|S|6|SQ
11|22|999|999|999|999|3CX|S|9|SQ
11|22|999|999|999|999|3CX|S|9|SQ
11|22|999|999|999|999|3CX|S|9|SQ
11|22|999|999|999|999|3D|S|9|D5
11|22|999|999|999|999|3D|S|9|SQ
11|22|999|999|999|999|3DX|S|10|SQ
11|22|999|999|999|999|3DX|S|9|S2
11|22|999|999|999|999|3DX|S|9|SQ
11|22|999|999|999|999|3H|E|7|C3
11|22|999|999|999|999|3N|E|6|C3
11|22|999|999|999|999|3S|E|7|H7
11|22|999|999|999|999|3S|E|8|C3
11|22|999|999|999|999|3S|E|8|H5
11|22|999|999|999|999|3S|E|8|H7
11|22|999|999|999|999|3S|E|9|H5
11|22|999|999|999|999|3S|E|9|H7
11|22|999|999|999|999|3S|E|9|H7
11|22|999|999|999|999|3S|E|9|H7
11|22|999|999|999|999|4C|S|7|SQ
11|22|999|999|999|999|4CX|N|9|HK
11|22|999|999|999|999|4CX|S|8|SQ
11|22|999|999|999|999|4CX|S|9|SQ
11|22|999|999|999|999|4CX|S|9|SQ
11|22|999|999|999|999|4CX|S|9|SQ
11|22|999|999|999|999|4CX|S|9|SQ
11|22|999|999|999|999|4D|S|9|SQ
11|22|999|999|999|999|4DX|S|9|SQ
11|22|999|999|999|999|4H|E|10|DA
11|22|999|999|999|999|4H|E|8|C3
11|22|999|999|999|999|4H|E|9|C5
11|22|999|999|999|999|4H|E|9|C5
11|22|999|999|999|999|4H|W|9|H3
11|22|999|999|999|999|4S|E|10|DA
11|22|999|999|999|999|4S|E|10|H8
11|22|999|999|999|999|4SX|E|8|C3
12|23|2|3|1|3|4S|W|10|C3
12|23|3|5|3|4|4S|W|10|C3
12|23|999|999|999|999|3S|E|10|H6
12|23|999|999|999|999|3S|W|10|C3
12|23|999|999|999|999|4H|N|8|S5
12|23|999|999|999|999|4H|N|9|S4
12|23|999|999|999|999|4H|S|9|SA
12|23|999|999|999|999|4S|E|10|H5
12|23|999|999|999|999|4S|E|10|H6
12|23|999|999|999|999|4S|W|10|C3
12|23|999|999|999|999|4S|W|10|C3
12|23|999|999|999|999|4S|W|10|C3
12|23|999|999|999|999|4S|W|10|C3
12|23|999|999|999|999|4S|W|10|C3
12|23|999|999|999|999|4S|W|10|C3
12|23|999|999|999|999|4S|W|10|C3
12|23|999|999|999|999|4S|W|10|C3
12|23|999|999|999|999|4S|W|10|C3
12|23|999|999|999|999|4S|W|10|C3
12|23|999|999|999|999|4S|W|10|C3
12|23|999|999|999|999|4S|W|10|C3
12|23|999|999|999|999|4S|W|10|C3
12|23|999|999|999|999|4S|W|10|C3
12|23|999|999|999|999|4S|W|10|C3
12|23|999|999|999|999|4S|W|10|C3
12|23|999|999|999|999|4S|W|10|C3
12|23|999|999|999|999|4S|W|10|C5
12|23|999|999|999|999|4S|W|10|C6
12|23|999|999|999|999|4S|W|10|D3
12|23|999|999|999|999|4S|W|10|D5
12|23|999|999|999|999|4S|W|10|H6
12|23|999|999|999|999|4S|W|10|HA
12|23|999|999|999|999|4S|W|11|C2
12|23|999|999|999|999|4S|W|8|C3
12|23|999|999|999|999|4S|W|9|C2
12|23|999|999|999|999|4S|W|9|C3
12|23|999|999|999|999|4S|W|9|C3
12|23|999|999|999|999|4S|W|9|C3
12|23|999|999|999|999|4S|W|9|C3
12|23|999|999|999|999|4S|W|9|C3
12|23|999|999|999|999|4S|W|9|C4
12|23|999|999|999|999|4S|W|9|D4
12|23|999|999|999|999|4SX|E|10|C3
12|23|999|999|999|999|4SX|E|10|H6
12|23|999|999|999|999|4SX|W|8|HA
12|23|999|999|999|999|5H|N|8|S7
12|23|999|999|999|999|5HX|N|8|C2
12|23|999|999|999|999|5HX|N|9|S3
12|23|999|999|999|999|5HX|N|9|S6
12|23|999|999|999|999|5HX|N|9|S7
12|24|2|3|1|3|2C|W|8|C2
12|24|3|5|3|4|2N|E|8|HQ
12|24|999|999|999|999|1N|E|7|C8
12|24|999|999|999|999|1NX|S|5|CQ
12|24|999|999|999|999|1NX|S|5|H6
12|24|999|999|999|999|1NX|S|5|H6
12|24|999|999|999|999|1NX|S|6|H6
12|24|999|999|999|999|1NX|S|6|H6
12|24|999|999|999|999|1NX|S|7|S2
12|24|999|999|999|999|1NX|S|7|S7
12|24|999|999|999|999|2C|W|7|C5
12|24|999|999|999|999|2C|W|7|C6
12|24|999|999|999|999|2C|W|8|C2
12|24|999|999|999|999|2C|W|8|C3
12|24|999|999|999|999|2C|W|8|C4
12|24|999|999|999|999|2C|W|9|C2
12|24|999|999|999|999|2C|W|9|C4
12|24|999|999|999|999|2D|E|6|C5
12|24|999|999|999|999|2D|E|6|HQ
12|24|999|999|999|999|2D|E|6|HQ
12|24|999|999|999|999|2D|E|7|C5
12|24|999|999|999|999|2D|E|7|S2
12|24|999|999|999|999|2D|W|8|C2
12|24|999|999|999|999|2DX|S|5|SA
12|24|999|999|999|999|2DX|S|6|SA
12|24|999|999|999|999|2DX|S|6|SA
12|24|999|999|999|999|2H|E|7|H3
12|24|999|999|999|999|2H|W|8|DJ
12|24|999|999|999|999|2HX|N|5|S3
12|24|999|999|999|999|2N|E|7|C5
12|24|999|999|999|999|2N|E|7|S3
12|24|999|999|999|999|2N|E|7|S4
12|24|999|999|999|999|2N|E|8|C8
12|24|999|999|999|999|2N|E|8|C8
12|24|999|999|999|999|2N|E|8|C8
12|24|999|999|999|999|2N|E|8|S4
12|24|999|999|999|999|2N|E|8|S4
12|24|999|999|999|999|2N|E|9|C8
12|24|999|999|999|999|2N|E|9|HQ
12|24|999|999|999|999|2S|W|7|C2
12|24|999|999|999|999|2S|W|8|D2
12|24|999|999|999|999|2SX|W|7|D7
12|24|999|999|999|999|3C|E|9|C6
12|24|999|999|999|999|3C|W|8|C2
12|24|999|999|999|999|3C|W|8|C4
12|24|999|999|999|999|3H|W|8|DJ
12|24|999|999|999|999|3N|E|7|H2
12|24|999|999|999|999|3N|E|7|S4
12|24|999|999|999|999|3N|E|8|S4
12|24|999|999|999|999|5C|W|8|DJ
13|25|2|3|1|3|2S|N|7|HQ
13|25|3|5|3|4|2H|S|10|CK
13|25|999|999|999|999|2H|N|10|CK
13|25|999|999|999|999|2H|S|10|CK
13|25|999|999|999|999|2H|S|10|CK
13|25|999|999|999|999|2H|S|10|CK
13|25|999|999|999|999|2H|S|10|CK
13|25|999|999|999|999|2H|S|10|CK
13|25|999|999|999|999|2H|S|10|CK
13|25|999|999|999|999|2H|S|10|CK
13|25|999|999|999|999|2H|S|10|CK
13|25|999|999|999|999|2H|S|10|CK
13|25|999|999|999|999|2H|S|10|CK
13|25|999|999|999|999|2H|S|10|CK
13|25|999|999|999|999|2H|S|10|CK
13|25|999|999|999|999|2H|S|10|CK
13|25|999|999|999|999|2H|S|10|CK
13|25|999|999|999|999|2H|S|10|CK
13|25|999|999|999|999|2H|S|11|CK
13|25|999|999|999|999|2N|E|7|H6
13|25|999|999|999|999|2S|N|5|HQ
13|25|999|999|999|999|2S|N|7|HQ
13|25|999|999|999|999|2S|N|7|HQ
13|25|999|999|999|999|2S|N|7|HQ
13|25|999|999|999|999|2S|N|7|HQ
13|25|999|999|999|999|2S|N|7|HQ
13|25|999|999|999|999|2S|N|7|HQ
13|25|999|999|999|999|2S|N|7|HQ
13|25|999|999|999|999|2S|S|7|CK
13|25|999|999|999|999|3H|S|10|CK
13|25|999|999|999|999|3H|S|10|CK
13|25|999|999|999|999|3H|S|10|CK
13|25|999|999|999|999|3H|S|10|CK
13|25|999|999|999|999|4H|S|10|CK
13|25|999|999|999|999|4H|S|10|CK
13|25|999|999|999|999|4H|S|10|CK
13|25|999|999|999|999|4H|S|10|CK
13|25|999|999|999|999|4H|S|10|CK
13|25|999|999|999|999|4H|S|10|CK
13|25|999|999|999|999|4H|S|10|CK
13|25|999|999|999|999|4H|S|10|CK
13|25|999|999|999|999|4H|S|10|CK
13|25|999|999|999|999|4H|S|10|CK
13|25|999|999|999|999|4H|S|10|CK
13|25|999|999|999|999|4H|S|10|CK
13|25|999|999|999|999|4H|S|10|CK
13|25|999|999|999|999|4H|S|10|CK
13|25|999|999|999|999|4H|S|10|CQ
13|25|999|999|999|999|4H|S|11|CQ
13|25|999|999|999|999|4H|S|9|CQ
13|26|2|3|1|3|3S|E|8|HQ
13|26|3|5|3|4|3C|S|10|SQ
13|26|999|999|999|999|1NX|S|8|SQ
13|26|999|999|999|999|1S|E|7|CA
13|26|999|999|999|999|2CX|S|10|SQ
13|26|999|999|999|999|2H|E|5|D9
13|26|999|999|999|999|2H|E|6|D9
13|26|999|999|999|999|2H|E|7|D9
13|26|999|999|999|999|2H|E|7|D9
13|26|999|999|999|999|2H|E|7|D9
13|26|999|999|999|999|2H|E|8|C3
13|26|999|999|999|999|2N|S|8|H4
13|26|999|999|999|999|2S|E|8|D6
13|26|999|999|999|999|2S|E|8|D9
13|26|999|999|999|999|2S|E|8|D9
13|26|999|999|999|999|2S|E|8|H8
13|26|999|999|999|999|2S|W|8|DQ
13|26|999|999|999|999|3C|N|10|DA
13|26|999|999|999|999|3C|N|10|HT
13|26|999|999|999|999|3C|N|9|D5
13|26|999|999|999|999|3C|S|10|DA
13|26|999|999|999|999|3C|S|10|DA
13|26|999|999|999|999|3C|S|10|DA
13|26|999|999|999|999|3C|S|10|DA
13|26|999|999|999|999|3C|S|10|DK
13|26|999|999|999|999|3C|S|10|H3
13|26|999|999|999|999|3C|S|10|H4
13|26|999|999|999|999|3C|S|10|SQ
13|26|999|999|999|999|3C|S|9|SQ
13|26|999|999|999|999|3D|N|9|S2
13|26|999|999|999|999|3H|E|7|CA
13|26|999|999|999|999|3H|E|7|D6
13|26|999|999|999|999|3H|E|7|D9
13|26|999|999|999|999|3H|E|7|D9
13|26|999|999|999|999|3H|E|8|D9
13|26|999|999|999|999|3H|W|6|CQ
13|26|999|999|999|999|3H|W|9|H5
13|26|999|999|999|999|3N|N|8|S3
13|26|999|999|999|999|3S|E|7|CA
13|26|999|999|999|999|3S|E|8|CA
13|26|999|999|999|999|3SX|E|7|CA
13|26|999|999|999|999|3SX|E|7|D9
13|26|999|999|999|999|4C|S|10|SQ
13|26|999|999|999|999|P|S|0
13|26|999|999|999|999|P|S|0
13|26|999|999|999|999|P|S|0
13|26|999|999|999|999|P|S|0
13|26|999|999|999|999|P|S|0
13|26|999|999|999|999|P|S|0
13|26|999|999|999|999|P|S|0
14|27|2|3|1|3|3N|E|5|HK
14|27|3|5|3|4|3H|E|6|C6
14|27|999|999|999|999|2H|W|7|S3
14|27|999|999|999|999|2HX|E|7|D6
14|27|999|999|999|999|2S|N|10|CT
14|27|999|999|999|999|2S|N|9|DK
14|27|999|999|999|999|2S|S|8|H8
14|27|999|999|999|999|2S|S|8|H8
14|27|999|999|999|999|3D|N|5|DK
14|27|999|999|999|999|3D|W|8|H6
14|27|999|999|999|999|3D|W|8|S5
14|27|999|999|999|999|3D|W|9|H6
14|27|999|999|999|999|3D|W|9|S3
14|27|999|999|999|999|3DX|W|8|D4
14|27|999|999|999|999|3DX|W|8|H6
14|27|999|999|999|999|3DX|W|9|H6
14|27|999|999|999|999|3H|E|7|S2
14|27|999|999|999|999|3HX|E|6|C6
14|27|999|999|999|999|3HX|E|6|C6
14|27|999|999|999|999|3HX|E|7|S9
14|27|999|999|999|999|3N|E|3|HK
14|27|999|999|999|999|3N|E|4|HK
14|27|999|999|999|999|3N|E|5|HK
14|27|999|999|999|999|3N|E|6|HJ
14|27|999|999|999|999|3N|E|7|HK
14|27|999|999|999|999|3N|E|7|HK
14|27|999|999|999|999|3N|W|6|CQ
14|27|999|999|999|999|3N|W|9|CA
14|27|999|999|999|999|3N|W|9|CA
14|27|999|999|999|999|3S|S|7|H8
14|27|999|999|999|999|3S|S|8|H8
14|27|999|999|999|999|3S|S|9|H8
14|27|999|999|999|999|3SX|N|9|S6
14|27|999|999|999|999|4C|N|6|DJ
14|27|999|999|999|999|4C|N|6|DK
14|27|999|999|999|999|4CX|N|6|HA
14|27|999|999|999|999|4CX|N|8|HA
14|27|999|999|999|999|4D|E|8|H2
14|27|999|999|999|999|4D|E|9|C4
14|27|999|999|999|999|4D|E|9|ST
14|27|999|999|999|999|4D|W|10|CA
14|27|999|999|999|999|4D|W|8|H6
14|27|999|999|999|999|4D|W|9|S3
14|27|999|999|999|999|4DX|W|8|D3
14|27|999|999|999|999|4HX|E|6|C5
14|27|999|999|999|999|4S|S|9|H8
14|27|999|999|999|999|3D|W|9|H6
14|27|999|999|999|999|3D|W|9|H6
14|28|2|3|1|3|4S|E|9|HQ
14|28|3|5|3|4|4H|S|8|S3
14|28|999|999|999|999|1N|E|7|HQ
14|28|999|999|999|999|1N|E|8|HQ
14|28|999|999|999|999|2S|E|10|DQ
14|28|999|999|999|999|2S|E|10|DQ
14|28|999|999|999|999|2S|E|10|DQ
14|28|999|999|999|999|2S|E|9|HQ
14|28|999|999|999|999|2S|E|9|HQ
14|28|999|999|999|999|2S|E|9|HQ
14|28|999|999|999|999|2S|E|9|S2
14|28|999|999|999|999|2S|E|9|S2
14|28|999|999|999|999|3N|E|7|H7
14|28|999|999|999|999|3S|E|10|DQ
14|28|999|999|999|999|3S|E|10|DQ
14|28|999|999|999|999|3S|E|10|DQ
14|28|999|999|999|999|3S|E|10|DQ
14|28|999|999|999|999|3S|E|10|DQ
14|28|999|999|999|999|3S|E|10|DQ
14|28|999|999|999|999|3S|E|10|DQ
14|28|999|999|999|999|3S|E|10|HQ
14|28|999|999|999|999|3S|E|8|DQ
14|28|999|999|999|999|3S|E|9|DQ
14|28|999|999|999|999|3S|E|9|DQ
14|28|999|999|999|999|3S|E|9|DQ
14|28|999|999|999|999|3S|E|9|DQ
14|28|999|999|999|999|3S|E|9|DQ
14|28|999|999|999|999|3S|E|9|DQ
14|28|999|999|999|999|3S|E|9|DQ
14|28|999|999|999|999|3S|E|9|HQ
14|28|999|999|999|999|3S|E|9|HQ
14|28|999|999|999|999|3S|E|9|HQ
14|28|999|999|999|999|3S|E|9|HQ
14|28|999|999|999|999|3S|E|9|HQ
14|28|999|999|999|999|3S|E|9|HQ
14|28|999|999|999|999|3S|E|9|HQ
14|28|999|999|999|999|3S|E|9|HQ
14|28|999|999|999|999|3S|E|9|S2
14|28|999|999|999|999|3S|E|9|S2
14|28|999|999|999|999|3S|E|9|S2
14|28|999|999|999|999|3S|E|9|S3
14|28|999|999|999|999|3S|E|9|S8
14|28|999|999|999|999|3SX|E|9|DQ
14|28|999|999|999|999|4S|E|10|DQ
14|28|999|999|999|999|4S|E|10|DQ
14|28|999|999|999|999|4S|E|10|DQ
14|28|999|999|999|999|4S|E|9|DQ
14|28|999|999|999|999|4S|E|9|HJ
14|28|999|999|999|999|4S|E|9|HQ
14|28|999|999|999|999|4SX|E|9|HQ
15|29|2|3|1|3|4H|W|13|SQ
15|29|3|5|3|4|4H|W|12|DA
15|29|999|999|999|999|2C|W|13|C2
15|29|999|999|999|999|3N|E|11|DQ
15|29|999|999|999|999|3N|E|11|DQ
15|29|999|999|999|999|3N|E|11|DQ
15|29|999|999|999|999|3N|E|11|DQ
15|29|999|999|999|999|3N|E|11|S9
15|29|999|999|999|999|3N|E|13|D4
15|29|999|999|999|999|3N|E|8|D3
15|29|999|999|999|999|3N|E|9|D3
15|29|999|999|999|999|3N|W|10|D2
15|29|999|999|999|999|3N|W|11|D4
15|29|999|999|999|999|3N|W|12|D4
15|29|999|999|999|999|3N|W|13|C2
15|29|999|999|999|999|3N|W|13|D2
15|29|999|999|999|999|3N|W|13|D2
15|29|999|999|999|999|3N|W|13|D3
15|29|999|999|999|999|3N|W|13|D4
15|29|999|999|999|999|3N|W|13|D4
15|29|999|999|999|999|3N|W|8|D2
15|29|999|999|999|999|4H|E|12|DQ
15|29|999|999|999|999|4H|W|11|C3
15|29|999|999|999|999|4H|W|12|C2
15|29|999|999|999|999|4H|W|12|C2
15|29|999|999|999|999|4H|W|12|C3
15|29|999|999|999|999|4H|W|12|C3
15|29|999|999|999|999|4H|W|12|C3
15|29|999|999|999|999|4H|W|12|C3
15|29|999|999|999|999|4H|W|12|C3
15|29|999|999|999|999|4H|W|12|C3
15|29|999|999|999|999|4H|W|12|C4
15|29|999|999|999|999|4H|W|12|DA
15|29|999|999|999|999|4H|W|12|DA
15|29|999|999|999|999|4H|W|12|DA
15|29|999|999|999|999|4H|W|12|DA
15|29|999|999|999|999|4H|W|12|DA
15|29|999|999|999|999|4H|W|12|DA
15|29|999|999|999|999|4H|W|12|H2
15|29|999|999|999|999|4H|W|12|H3
15|29|999|999|999|999|4H|W|12|H4
15|29|999|999|999|999|4H|W|12|H5
15|29|999|999|999|999|4H|W|12|HJ
15|29|999|999|999|999|4H|W|12|HJ
15|29|999|999|999|999|4H|W|13|C3
15|29|999|999|999|999|4H|W|13|HJ
15|29|999|999|999|999|4H|W|13|SQ
15|29|999|999|999|999|4H|W|13|SQ
15|29|999|999|999|999|4H|W|13|SQ
15|29|999|999|999|999|4N|E|11|DQ
15|30|2|3|1|3|6SX|W|11|DK
15|30|3|5|3|4|5SX|W|12|DA
15|30|999|999|999|999|5H|N|13|SA
15|30|999|999|999|999|5HX|N|13|SA
15|30|999|999|999|999|5HX|S|12|CA
15|30|999|999|999|999|5S|W|11|DA
15|30|999|999|999|999|5S|W|11|DJ
15|30|999|999|999|999|5SX|E|12|DK
15|30|999|999|999|999|5SX|W|11|DA
15|30|999|999|999|999|5SX|W|11|DA
15|30|999|999|999|999|5SX|W|11|DK
15|30|999|999|999|999|5SX|W|12|DA
15|30|999|999|999|999|5SX|W|12|DA
15|30|999|999|999|999|5SX|W|12|DA
15|30|999|999|999|999|5SX|W|12|DA
15|30|999|999|999|999|5SX|W|12|DA
15|30|999|999|999|999|5SX|W|12|DA
15|30|999|999|999|999|5SX|W|12|DA
15|30|999|999|999|999|5SX|W|12|DK
15|30|999|999|999|999|6DX|N|12|C5
15|30|999|999|999|999|6DX|N|12|CA
15|30|999|999|999|999|6DX|S|12|CA
15|30|999|999|999|999|6DX|S|12|CA
15|30|999|999|999|999|6DX|S|12|CK
15|30|999|999|999|999|6DX|S|12|CK
15|30|999|999|999|999|6DX|S|12|CK
15|30|999|999|999|999|6H|N|12|C6
15|30|999|999|999|999|6H|S|12|CA
15|30|999|999|999|999|6HX|N|12|C2
15|30|999|999|999|999|6HX|N|12|C6
15|30|999|999|999|999|6HX|N|12|C6
15|30|999|999|999|999|6HX|N|12|C6
15|30|999|999|999|999|6HX|N|12|SA
15|30|999|999|999|999|6HX|S|12|CA
15|30|999|999|999|999|6HX|S|12|CA
15|30|999|999|999|999|6HX|S|12|CA
15|30|999|999|999|999|6HX|S|12|CA
15|30|999|999|999|999|6HX|S|12|CA
15|30|999|999|999|999|6HX|S|12|CA
15|30|999|999|999|999|6HX|S|12|CA
15|30|999|999|999|999|6HX|S|12|CA
15|30|999|999|999|999|6HX|S|12|CK
15|30|999|999|999|999|6S|W|11|DK
15|30|999|999|999|999|6SX|E|10|H3
15|30|999|999|999|999|6SX|W|10|DA
15|30|999|999|999|999|6SX|W|11|DA
15|30|999|999|999|999|6SX|W|11|DA
15|30|999|999|999|999|6SX|W|12|DA
15|30|999|999|999|999|6SX|W|12|DA
15|30|999|999|999|999|7SX|W|11|DA
16|31|2|3|1|3|3S|E|9|CQ
16|31|3|5|3|4|2H|S|8|S8
16|31|999|999|999|999|1N|N|11|S5
16|31|999|999|999|999|1N|N|5|S5
16|31|999|999|999|999|1N|N|6|S3
16|31|999|999|999|999|1N|N|6|S5
16|31|999|999|999|999|1N|N|6|S5
16|31|999|999|999|999|1N|N|6|S5
16|31|999|999|999|999|1N|N|6|S5
16|31|999|999|999|999|1N|N|6|S6
16|31|999|999|999|999|1N|N|6|S6
16|31|999|999|999|999|1N|N|8|S4
16|31|999|999|999|999|1N|N|9|S5
16|31|999|999|999|999|1N|N|9|S5
16|31|999|999|999|999|2H|S|10|D6
16|31|999|999|999|999|2SX|E|9|H3
16|31|999|999|999|999|3C|N|10|CA
16|31|999|999|999|999|3C|N|10|D2
16|31|999|999|999|999|3C|N|10|H9
16|31|999|999|999|999|3C|N|10|S4
16|31|999|999|999|999|3C|N|10|S4
16|31|999|999|999|999|3C|N|11|S4
16|31|999|999|999|999|3C|N|9|S4
16|31|999|999|999|999|3C|N|9|S5
16|31|999|999|999|999|3C|S|10|S2
16|31|999|999|999|999|3C|S|10|S8
16|31|999|999|999|999|3N|S|8|S3
16|31|999|999|999|999|3S|E|7|SJ
16|31|999|999|999|999|3S|E|8|H4
16|31|999|999|999|999|3S|E|8|S3
16|31|999|999|999|999|3S|E|9|CQ
16|31|999|999|999|999|3S|E|9|H3
16|31|999|999|999|999|3S|E|9|S2
16|31|999|999|999|999|3S|E|9|S2
16|31|999|999|999|999|3S|W|8|H6
16|31|999|999|999|999|3S|W|8|H6
16|31|999|999|999|999|3S|W|9|CJ
16|31|999|999|999|999|3SX|E|8|CQ
16|31|999|999|999|999|3SX|E|9|H6
16|31|999|999|999|999|4C|N|8|S2
16|31|999|999|999|999|4C|N|9|SK
16|31|999|999|999|999|4C|S|8|S8
16|31|999|999|999|999|4S|E|9|CQ
16|31|999|999|999|999|4S|E|9|CQ
16|31|999|999|999|999|4SX|E|8|CQ
16|31|999|999|999|999|4SX|E|8|CQ
16|31|999|999|999|999|4SX|E|8|CQ
16|31|999|999|999|999|4SX|E|9|CQ
16|31|999|999|999|999|4SX|E|9|CQ
16|31|999|999|999|999|4SX|E|9|CQ
16|32|2|3|1|3|3H|S|10|H3
16|32|3|5|3|4|1N|S|9|D5
16|32|999|999|999|999|1N|S|7|D2
16|32|999|999|999|999|1N|S|7|D2
16|32|999|999|999|999|1N|S|7|D4
16|32|999|999|999|999|1N|S|7|D5
16|32|999|999|999|999|1N|S|8|D2
16|32|999|999|999|999|1N|S|8|D2
16|32|999|999|999|999|1N|S|8|D2
16|32|999|999|999|999|1N|S|8|D2
16|32|999|999|999|999|1N|S|8|D5
16|32|999|999|999|999|1N|S|8|D6
16|32|999|999|999|999|1N|S|8|DQ
16|32|999|999|999|999|1N|S|9|D2
16|32|999|999|999|999|2H|S|10|DQ
16|32|999|999|999|999|2S|E|7|CA
16|32|999|999|999|999|2S|E|7|CK
16|32|999|999|999|999|2S|E|8|H5
16|32|999|999|999|999|2SX|E|8|CA
16|32|999|999|999|999|2SX|E|8|CA
16|32|999|999|999|999|2SX|E|8|S3
16|32|999|999|999|999|3H|N|10|D9
16|32|999|999|999|999|3H|N|10|S3
16|32|999|999|999|999|3H|N|10|SA
16|32|999|999|999|999|3H|N|10|SA
16|32|999|999|999|999|3H|N|10|SA
16|32|999|999|999|999|3H|N|10|SA
16|32|999|999|999|999|3H|N|9|C6
16|32|999|999|999|999|3H|N|9|H3
16|32|999|999|999|999|3H|N|9|SA
16|32|999|999|999|999|3H|N|9|SA
16|32|999|999|999|999|3H|N|9|SA
16|32|999|999|999|999|3H|S|10|H3
16|32|999|999|999|999|3H|S|9|S9
16|32|999|999|999|999|3H|S|9|ST
16|32|999|999|999|999|3H|S|9|ST
16|32|999|999|999|999|3HX|N|9|D9
16|32|999|999|999|999|3S|E|7|CA
16|32|999|999|999|999|3S|E|8|CA
16|32|999|999|999|999|3S|E|8|CA
16|32|999|999|999|999|3S|E|8|S3
16|32|999|999|999|999|3S|E|8|S3
16|32|999|999|999|999|3SX|E|6|HQ
16|32|999|999|999|999|3SX|W|6|C7
16|32|999|999|999|999|4H|N|10|SA
16|32|999|999|999|999|4H|N|9|SA
16|32|999|999|999|999|4H|N|9|SA
16|32|999|999|999|999|4H|N|9|SA
16|32|999|999|999|999|4H|S|9|ST
16|32|999|999|999|999|4HX|N|9|SA
17|1|2|3|1|3|4H|N|10|H7
17|1|3|5|3|4|3H|S|10|S2
17|1|999|999|999|999|2S|E|8|H4
17|1|999|999|999|999|3H|N|10|H5
17|1|999|999|999|999|3H|N|10|H7
17|1|999|999|999|999|3H|S|10|DQ
17|1|999|999|999|999|3H|S|10|S2
17|1|999|999|999|999|3H|S|10|S2
17|1|999|999|999|999|3H|S|10|S8
17|1|999|999|999|999|3H|S|10|S9
17|1|999|999|999|999|3H|S|10|S9
17|1|999|999|999|999|3H|S|10|S9
17|1|999|999|999|999|3H|S|11|DQ
17|1|999|999|999|999|3H|S|9|DQ
17|1|999|999|999|999|3H|S|9|DQ
17|1|999|999|999|999|3H|S|9|DQ
17|1|999|999|999|999|3H|S|9|DQ
17|1|999|999|999|999|3N|N|8|SJ
17|1|999|999|999|999|3N|S|8|SJ
17|1|999|999|999|999|3S|E|7|H3
17|1|999|999|999|999|3SX|E|6|H6
17|1|999|999|999|999|3SX|E|7|H3
17|1|999|999|999|999|3SX|E|7|H4
17|1|999|999|999|999|4H|N|10|C3
17|1|999|999|999|999|4H|N|10|C3
17|1|999|999|999|999|4H|N|10|C8
17|1|999|999|999|999|4H|N|10|DK
17|1|999|999|999|999|4H|N|10|DK
17|1|999|999|999|999|4H|N|10|H5
17|1|999|999|999|999|4H|N|10|H5
17|1|999|999|999|999|4H|N|10|H6
17|1|999|999|999|999|4H|N|10|H7
17|1|999|999|999|999|4H|N|9|DK
17|1|999|999|999|999|4H|N|9|H7
17|1|999|999|999|999|4H|S|10|C2
17|1|999|999|999|999|4H|S|10|DQ
17|1|999|999|999|999|4H|S|10|DQ
17|1|999|999|999|999|4H|S|10|S2
17|1|999|999|999|999|4H|S|10|S2
17|1|999|999|999|999|4H|S|10|S2
17|1|999|999|999|999|4H|S|10|S3
17|1|999|999|999|999|4H|S|10|S4
17|1|999|999|999|999|4H|S|10|S8
17|1|999|999|999|999|4H|S|10|S9
17|1|999|999|999|999|4H|S|10|S9
17|1|999|999|999|999|4H|S|9|DQ
17|1|999|999|999|999|4H|S|9|H2
17|1|999|999|999|999|4HX|S|10|DQ
17|1|999|999|999|999|4SX|E|6|H6
17|1|999|999|999|999|4SX|E|7|H5
17|2|2|3|1|3|3N|E|10|HQ
17|2|3|5|3|4|3N|E|9|S4
17|2|999|999|999|999|1N|E|10|S4
17|2|999|999|999|999|1N|E|8|H3
17|2|999|999|999|999|1N|E|9|S2
17|2|999|999|999|999|1N|E|9|S2
17|2|999|999|999|999|1N|E|9|S4
17|2|999|999|999|999|1N|E|9|S4
17|2|999|999|999|999|1N|E|9|S4
17|2|999|999|999|999|1N|E|9|S4
17|2|999|999|999|999|1N|E|9|S4
17|2|999|999|999|999|1N|E|9|S4
17|2|999|999|999|999|1N|E|9|S4
17|2|999|999|999|999|1N|E|9|S4
17|2|999|999|999|999|1N|E|9|S5
17|2|999|999|999|999|1N|E|9|SK
17|2|999|999|999|999|1N|E|9|SK
17|2|999|999|999|999|2N|E|10|S2
17|2|999|999|999|999|2N|E|9|SQ
17|2|999|999|999|999|3D|E|10|SK
17|2|999|999|999|999|3D|E|9|D2
17|2|999|999|999|999|3D|E|9|HQ
17|2|999|999|999|999|3D|E|9|SK
17|2|999|999|999|999|3D|E|9|SK
17|2|999|999|999|999|3D|E|9|SK
17|2|999|999|999|999|3D|E|9|SK
17|2|999|999|999|999|3N|E|10|CJ
17|2|999|999|999|999|3N|E|10|CJ
17|2|999|999|999|999|3N|E|10|D6
17|2|999|999|999|999|3N|E|10|HQ
17|2|999|999|999|999|3N|E|10|HQ
17|2|999|999|999|999|3N|E|10|SK
17|2|999|999|999|999|3N|E|11|SQ
17|2|999|999|999|999|3N|E|9|D6
17|2|999|999|999|999|3N|E|9|D9
17|2|999|999|999|999|3N|E|9|HQ
17|2|999|999|999|999|3N|E|9|HQ
17|2|999|999|999|999|3N|E|9|HQ
17|2|999|999|999|999|3N|E|9|S2
17|2|999|999|999|999|3N|E|9|S2
17|2|999|999|999|999|3N|E|9|S2
17|2|999|999|999|999|3N|E|9|S4
17|2|999|999|999|999|3N|E|9|S4
17|2|999|999|999|999|3N|E|9|S4
17|2|999|999|999|999|3N|E|9|SQ
17|2|999|999|999|999|3N|E|9|SQ
17|2|999|999|999|999|3N|E|9|SQ
17|2|999|999|999|999|3N|E|9|SQ
17|2|999|999|999|999|3N|E|9|SQ
17|2|999|999|999|999|5D|E|9|SK
18|3|2|3|1|3|2H|N|8|SQ
18|3|3|5|3|4|3N|N|9|CA
18|3|999|999|999|999|2H|N|9|D6
18|3|999|999|999|999|2H|S|8|SJ
18|3|999|999|999|999|2H|S|8|SJ
18|3|999|999|999|999|2H|S|8|SJ
18|3|999|999|999|999|2H|S|8|SJ
18|3|999|999|999|999|2H|S|8|SJ
18|3|999|999|999|999|2H|S|8|ST
18|3|999|999|999|999|2H|S|8|ST
18|3|999|999|999|999|2H|S|9|SJ
18|3|999|999|999|999|2HX|S|8|SJ
18|3|999|999|999|999|3H|S|8|S6
18|3|999|999|999|999|3H|S|8|SJ
18|3|999|999|999|999|3H|S|8|SJ
18|3|999|999|999|999|3H|S|8|SJ
18|3|999|999|999|999|3H|S|8|SJ
18|3|999|999|999|999|3H|S|8|SJ
18|3|999|999|999|999|3H|S|8|SJ
18|3|999|999|999|999|3H|S|8|SJ
18|3|999|999|999|999|3H|S|8|SJ
18|3|999|999|999|999|3H|S|8|SJ
18|3|999|999|999|999|3H|S|8|SJ
18|3|999|999|999|999|3H|S|8|SJ
18|3|999|999|999|999|3H|S|8|SJ
18|3|999|999|999|999|3H|S|8|SJ
18|3|999|999|999|999|3H|S|8|SJ
18|3|999|999|999|999|3H|S|8|SJ
18|3|999|999|999|999|3H|S|9|C8
18|3|999|999|999|999|3N|N|10|CA
18|3|999|999|999|999|3N|N|10|CQ
18|3|999|999|999|999|3N|N|8|D4
18|3|999|999|999|999|3NX|N|10|CJ
18|3|999|999|999|999|4H|N|8|SJ
18|3|999|999|999|999|4H|S|8|C3
18|3|999|999|999|999|4H|S|8|SJ
18|3|999|999|999|999|4H|S|8|SJ
18|3|999|999|999|999|4H|S|8|SJ
18|3|999|999|999|999|4H|S|8|SJ
18|3|999|999|999|999|4H|S|8|SJ
18|3|999|999|999|999|4H|S|8|SJ
18|3|999|999|999|999|4H|S|8|SJ
18|3|999|999|999|999|4H|S|8|SJ
18|3|999|999|999|999|4H|S|8|SJ
18|3|999|999|999|999|4H|S|8|SJ
18|3|999|999|999|999|4H|S|8|SJ
18|3|999|999|999|999|4H|S|8|SJ
18|3|999|999|999|999|4H|S|8|SJ
18|3|999|999|999|999|4H|S|8|ST
18|3|999|999|999|999|4H|S|9|SJ
18|4|2|3|1|3|5S|W|9|D7
18|4|3|5|3|4|4S|E|10|D7
18|4|999|999|999|999|3DX|S|8|HQ
18|4|999|999|999|999|3DX|S|9|HQ
18|4|999|999|999|999|3NX|E|7|DA
18|4|999|999|999|999|3NX|E|8|DA
18|4|999|999|999|999|3NX|N|5|SA
18|4|999|999|999|999|4DX|S|8|ST
18|4|999|999|999|999|4H|E|6|DA
18|4|999|999|999|999|4HX|N|9|H8
18|4|999|999|999|999|4HX|S|9|C3
18|4|999|999|999|999|4N|E|9|DA
18|4|999|999|999|999|4S|E|10|HA
18|4|999|999|999|999|4S|E|9|DA
18|4|999|999|999|999|4S|E|9|DA
18|4|999|999|999|999|4S|W|10|D7
18|4|999|999|999|999|4S|W|10|D7
18|4|999|999|999|999|4S|W|10|D7
18|4|999|999|999|999|4S|W|10|D7
18|4|999|999|999|999|4S|W|10|D7
18|4|999|999|999|999|4S|W|10|D7
18|4|999|999|999|999|4S|W|10|D7
18|4|999|999|999|999|4S|W|10|D7
18|4|999|999|999|999|4S|W|10|H4
18|4|999|999|999|999|4S|W|9|D7
18|4|999|999|999|999|4S|W|9|D7
18|4|999|999|999|999|4SX|E|9|S6
18|4|999|999|999|999|4SX|W|10|D7
18|4|999|999|999|999|5C|W|10|H4
18|4|999|999|999|999|5DX|S|6|HQ
18|4|999|999|999|999|5DX|S|8|HQ
18|4|999|999|999|999|5DX|S|8|HQ
18|4|999|999|999|999|5DX|S|8|HQ
18|4|999|999|999|999|5DX|S|9|HQ
18|4|999|999|999|999|5DX|S|9|ST
18|4|999|999|999|999|5HX|N|10|SK
18|4|999|999|999|999|5HX|N|7|SK
18|4|999|999|999|999|5HX|N|8|SA
18|4|999|999|999|999|5HX|N|8|SK
18|4|999|999|999|999|5HX|N|8|SK
18|4|999|999|999|999|5HX|N|9|SA
18|4|999|999|999|999|5HX|N|9|SK
18|4|999|999|999|999|5HX|N|9|SK
18|4|999|999|999|999|5S|E|9|CK
18|4|999|999|999|999|5S|W|9|D3
18|4|999|999|999|999|5S|W|9|D7
18|4|999|999|999|999|5S|W|9|D7
18|4|999|999|999|999|5SX|W|10|D7
18|4|999|999|999|999|5SX|W|7|D7
18|4|999|999|999|999|5SX|W|9|D7
19|5|2|3|1|3|3N|N|9|DJ
19|5|3|5|3|4|3N|N|10|S8
19|5|999|999|999|999|3N|N|10|H2
19|5|999|999|999|999|3N|N|10|H2
19|5|999|999|999|999|3N|N|10|H2
19|5|999|999|999|999|3N|N|10|H2
19|5|999|999|999|999|3N|N|10|H2
19|5|999|999|999|999|3N|N|10|H2
19|5|999|999|999|999|3N|N|10|H2
19|5|999|999|999|999|3N|N|10|H7
19|5|999|999|999|999|3N|N|10|H7
19|5|999|999|999|999|3N|N|10|H7
19|5|999|999|999|999|3N|N|10|H7
19|5|999|999|999|999|3N|N|10|H7
19|5|999|999|999|999|3N|N|10|H7
19|5|999|999|999|999|3N|N|10|H7
19|5|999|999|999|999|3N|N|10|H7
19|5|999|999|999|999|3N|N|10|H7
19|5|999|999|999|999|3N|N|10|H7
19|5|999|999|999|999|3N|N|10|H7
19|5|999|999|999|999|3N|N|10|HA
19|5|999|999|999|999|3N|N|10|S2
19|5|999|999|999|999|3N|N|10|S4
19|5|999|999|999|999|3N|N|10|S4
19|5|999|999|999|999|3N|N|10|S4
19|5|999|999|999|999|3N|N|10|S4
19|5|999|999|999|999|3N|N|10|S4
19|5|999|999|999|999|3N|N|10|S4
19|5|999|999|999|999|3N|N|10|S4
19|5|999|999|999|999|3N|N|10|S8
19|5|999|999|999|999|3N|N|11|H2
19|5|999|999|999|999|3N|N|11|H2
19|5|999|999|999|999|3N|N|11|H2
19|5|999|999|999|999|3N|N|11|H2
19|5|999|999|999|999|3N|N|11|H2
19|5|999|999|999|999|3N|N|11|H7
19|5|999|999|999|999|3N|N|11|H7
19|5|999|999|999|999|3N|N|11|H7
19|5|999|999|999|999|3N|N|11|H7
19|5|999|999|999|999|3N|N|11|H7
19|5|999|999|999|999|3N|N|11|H7
19|5|999|999|999|999|3N|N|11|H7
19|5|999|999|999|999|3N|N|11|S5
19|5|999|999|999|999|3N|N|11|S6
19|5|999|999|999|999|3N|N|9|S4
19|5|999|999|999|999|3N|S|10|H7
19|5|999|999|999|999|3N|S|10|HJ
19|5|999|999|999|999|3N|S|11|HJ
19|5|999|999|999|999|3N|S|9|S2
19|5|999|999|999|999|5D|N|10|HA
19|6|2|3|1|3|3N|E|7|H5
19|6|3|5|3|4|3N|E|7|HT
19|6|999|999|999|999|2S|W|9|D9
19|6|999|999|999|999|3N|E|10|C2
19|6|999|999|999|999|3N|E|10|C2
19|6|999|999|999|999|3N|E|10|H5
19|6|999|999|999|999|3N|E|11|C2
19|6|999|999|999|999|3N|E|6|H3
19|6|999|999|999|999|3N|E|6|H3
19|6|999|999|999|999|3N|E|6|H3
19|6|999|999|999|999|3N|E|6|H3
19|6|999|999|999|999|3N|E|6|H3
19|6|999|999|999|999|3N|E|6|H3
19|6|999|999|999|999|3N|E|6|H3
19|6|999|999|999|999|3N|E|6|H3
19|6|999|999|999|999|3N|E|6|H3
19|6|999|999|999|999|3N|E|6|H5
19|6|999|999|999|999|3N|E|6|H5
19|6|999|999|999|999|3N|E|6|H8
19|6|999|999|999|999|3N|E|7|H3
19|6|999|999|999|999|3N|E|7|H3
19|6|999|999|999|999|3N|E|7|H3
19|6|999|999|999|999|3N|E|7|H3
19|6|999|999|999|999|3N|E|7|H3
19|6|999|999|999|999|3N|E|7|H3
19|6|999|999|999|999|3N|E|7|H3
19|6|999|999|999|999|3N|E|7|H4
19|6|999|999|999|999|3N|E|7|H5
19|6|999|999|999|999|3N|E|7|H5
19|6|999|999|999|999|3N|E|7|H5
19|6|999|999|999|999|3N|E|7|H8
19|6|999|999|999|999|3N|E|8|C2
19|6|999|999|999|999|3N|E|8|H3
19|6|999|999|999|999|3N|E|8|H3
19|6|999|999|999|999|3N|E|8|H4
19|6|999|999|999|999|3N|E|8|H5
19|6|999|999|999|999|3N|E|8|H5
19|6|999|999|999|999|3N|E|8|H5
19|6|999|999|999|999|3N|E|8|H8
19|6|999|999|999|999|3N|E|8|H8
19|6|999|999|999|999|3N|E|9|H3
19|6|999|999|999|999|3N|E|9|H3
19|6|999|999|999|999|3N|E|9|S3
19|6|999|999|999|999|3N|W|10|C2
19|6|999|999|999|999|3N|W|7|H3
19|6|999|999|999|999|3N|W|7|H4
19|6|999|999|999|999|3N|W|8|H3
19|6|999|999|999|999|3N|W|8|H4
19|6|999|999|999|999|3N|W|8|H4
19|6|999|999|999|999|3NX|E|7|H3
20|7|2|3|1|3|6H|N|12|SA
20|7|3|5|3|4|4H|N|12|CT
20|7|999|999|999|999|4H|N|12|C2
20|7|999|999|999|999|4H|N|12|CT
20|7|999|999|999|999|4H|N|12|CT
20|7|999|999|999|999|4H|N|12|CT
20|7|999|999|999|999|4H|N|12|CT
20|7|999|999|999|999|4H|N|12|CT
20|7|999|999|999|999|4H|N|12|D8
20|7|999|999|999|999|4H|N|12|D9
20|7|999|999|999|999|4H|S|12|D2
20|7|999|999|999|999|4H|S|12|D7
20|7|999|999|999|999|4H|S|12|D7
20|7|999|999|999|999|4H|S|12|D7
20|7|999|999|999|999|5DX|E|8|SQ
20|7|999|999|999|999|5H|N|12|C4
20|7|999|999|999|999|5H|N|12|CT
20|7|999|999|999|999|5H|N|12|CT
20|7|999|999|999|999|5H|N|12|CT
20|7|999|999|999|999|5H|N|12|CT
20|7|999|999|999|999|5H|N|12|CT
20|7|999|999|999|999|5H|N|12|CT
20|7|999|999|999|999|5H|N|12|D6
20|7|999|999|999|999|5H|N|12|D9
20|7|999|999|999|999|5H|S|12|D5
20|7|999|999|999|999|6H|N|12|CT
20|7|999|999|999|999|6H|N|12|CT
20|7|999|999|999|999|6H|N|12|CT
20|7|999|999|999|999|6H|N|12|CT
20|7|999|999|999|999|6H|N|12|CT
20|7|999|999|999|999|6H|N|12|CT
20|7|999|999|999|999|6H|N|12|CT
20|7|999|999|999|999|6H|N|12|CT
20|7|999|999|999|999|6H|N|12|CT
20|7|999|999|999|999|6H|N|12|CT
20|7|999|999|999|999|6H|N|12|CT
20|7|999|999|999|999|6H|N|12|D6
20|7|999|999|999|999|6H|N|12|D6
20|7|999|999|999|999|6H|N|12|D8
20|7|999|999|999|999|6H|N|12|D9
20|7|999|999|999|999|6H|N|12|D9
20|7|999|999|999|999|6H|N|12|D9
20|7|999|999|999|999|6H|N|12|SA
20|7|999|999|999|999|6H|N|12|SA
20|7|999|999|999|999|6H|N|12|SA
20|7|999|999|999|999|6H|N|12|SA
20|7|999|999|999|999|6H|S|12|D6
20|7|999|999|999|999|6H|S|12|D7
20|7|999|999|999|999|6H|S|12|D7
20|7|999|999|999|999|6H|S|12|D7
20|8|2|3|1|3|4H|N|8|CA
20|8|3|5|3|4|4H|N|9|CA
20|8|999|999|999|999|1H|E|4|CQ
20|8|999|999|999|999|1H|E|4|CQ
20|8|999|999|999|999|1N|E|5|D3
20|8|999|999|999|999|2D|S|6|C6
20|8|999|999|999|999|3C|E|9|CQ
20|8|999|999|999|999|3C|W|9|DK
20|8|999|999|999|999|3H|N|9|CA
20|8|999|999|999|999|4H|N|10|CA
20|8|999|999|999|999|4H|N|10|CA
20|8|999|999|999|999|4H|N|10|DJ
20|8|999|999|999|999|4H|N|8|D2
20|8|999|999|999|999|4H|N|8|D4
20|8|999|999|999|999|4H|N|8|DJ
20|8|999|999|999|999|4H|N|8|DJ
20|8|999|999|999|999|4H|N|8|DJ
20|8|999|999|999|999|4H|N|8|DJ
20|8|999|999|999|999|4H|N|8|H3
20|8|999|999|999|999|4H|N|8|ST
20|8|999|999|999|999|4H|N|8|ST
20|8|999|999|999|999|4H|N|8|ST
20|8|999|999|999|999|4H|N|8|ST
20|8|999|999|999|999|4H|N|9|CA
20|8|999|999|999|999|4H|N|9|DJ
20|8|999|999|999|999|4H|N|9|ST
20|8|999|999|999|999|4H|N|9|ST
20|8|999|999|999|999|4H|S|8|C4
20|8|999|999|999|999|4HX|N|10|CA
20|8|999|999|999|999|4HX|N|10|CA
20|8|999|999|999|999|4HX|N|10|CA
20|8|999|999|999|999|4HX|N|10|DJ
20|8|999|999|999|999|4HX|N|10|DJ
20|8|999|999|999|999|4HX|N|10|DJ
20|8|999|999|999|999|4HX|N|8|DT
20|8|999|999|999|999|4HX|N|9|CA
20|8|999|999|999|999|4HX|N|9|D5
20|8|999|999|999|999|4HX|N|9|DJ
20|8|999|999|999|999|4HX|N|9|DT
20|8|999|999|999|999|4HXX|N|10|CA
20|8|999|999|999|999|4HXX|N|10|DJ
20|8|999|999|999|999|4S|N|10|DQ
20|8|999|999|999|999|4S|N|8|HK
20|8|999|999|999|999|4S|N|8|HK
20|8|999|999|999|999|4S|N|8|HK
20|8|999|999|999|999|4S|N|8|HK
20|8|999|999|999|999|4S|S|7|H6
20|8|999|999|999|999|4S|S|8|D4
20|8|999|999|999|999|4S|S|9|S2
20|8|999|999|999|999|5S|S|7|C8
21|10|2|3|1|3|2N|W|8|S3
21|10|3|5|3|4|3C|E|10|DK
21|10|999|999|999|999|1N|E|8|DQ
21|10|999|999|999|999|1N|E|9|C5
21|10|999|999|999|999|1N|E|9|H9
21|10|999|999|999|999|1N|N|8|S3
21|10|999|999|999|999|1N|W|10|S3
21|10|999|999|999|999|1N|W|11|C5
21|10|999|999|999|999|1N|W|7|H7
21|10|999|999|999|999|1N|W|8|C5
21|10|999|999|999|999|1N|W|8|H9
21|10|999|999|999|999|1N|W|8|H9
21|10|999|999|999|999|1N|W|8|H9
21|10|999|999|999|999|1N|W|8|S3
21|10|999|999|999|999|1N|W|8|S4
21|10|999|999|999|999|1N|W|8|S4
21|10|999|999|999|999|1N|W|8|S4
21|10|999|999|999|999|1N|W|8|S4
21|10|999|999|999|999|1N|W|8|S4
21|10|999|999|999|999|1N|W|9|C5
21|10|999|999|999|999|1N|W|9|C5
21|10|999|999|999|999|1N|W|9|S2
21|10|999|999|999|999|2S|E|9|DK
21|10|999|999|999|999|3C|E|10|DQ
21|10|999|999|999|999|3C|E|11|S2
21|10|999|999|999|999|3C|W|10|S3
21|10|999|999|999|999|3C|W|11|C5
21|10|999|999|999|999|3C|W|11|H4
21|10|999|999|999|999|3C|W|11|H7
21|10|999|999|999|999|3N|W|10|S3
21|10|999|999|999|999|3N|W|9|H7
21|10|999|999|999|999|4S|W|10|H7
21|10|999|999|999|999|P|S|0
21|10|999|999|999|999|P|S|0
21|10|999|999|999|999|P|S|0
21|10|999|999|999|999|P|S|0
21|10|999|999|999|999|P|S|0
21|10|999|999|999|999|P|S|0
21|10|999|999|999|999|P|S|0
21|10|999|999|999|999|P|S|0
21|10|999|999|999|999|P|S|0
21|10|999|999|999|999|P|S|0
21|10|999|999|999|999|P|S|0
21|10|999|999|999|999|P|S|0
21|10|999|999|999|999|P|S|0
21|10|999|999|999|999|P|S|0
21|10|999|999|999|999|P|S|0
21|10|999|999|999|999|P|S|0
21|10|999|999|999|999|P|S|0
21|10|999|999|999|999|P|S|0
21|9|2|3|1|3|4S|E|12|HJ
21|9|3|5|3|4|6S|E|12|S7
21|9|999|999|999|999|4S|E|12|D3
21|9|999|999|999|999|4S|E|12|D8
21|9|999|999|999|999|4S|E|12|D8
21|9|999|999|999|999|4S|E|12|H3
21|9|999|999|999|999|4S|E|12|HK
21|9|999|999|999|999|4S|E|12|HK
21|9|999|999|999|999|4S|E|12|S2
21|9|999|999|999|999|4S|E|12|S5
21|9|999|999|999|999|4S|E|12|S7
21|9|999|999|999|999|5S|E|12|C7
21|9|999|999|999|999|5S|E|12|C7
21|9|999|999|999|999|5S|E|12|D3
21|9|999|999|999|999|5S|E|12|D8
21|9|999|999|999|999|5S|E|12|H5
21|9|999|999|999|999|5S|E|12|H6
21|9|999|999|999|999|5S|E|12|H7
21|9|999|999|999|999|5S|E|12|HT
21|9|999|999|999|999|5S|E|12|S7
21|9|999|999|999|999|5S|W|12|H2
21|9|999|999|999|999|5S|W|12|H3
21|9|999|999|999|999|6HX|N|9|HA
21|9|999|999|999|999|6HX|S|10|SA
21|9|999|999|999|999|6S|E|12|D3
21|9|999|999|999|999|6S|E|12|D3
21|9|999|999|999|999|6S|E|12|D3
21|9|999|999|999|999|6S|E|12|D3
21|9|999|999|999|999|6S|E|12|H6
21|9|999|999|999|999|6S|E|12|HJ
21|9|999|999|999|999|6S|E|12|HJ
21|9|999|999|999|999|6S|E|12|HJ
21|9|999|999|999|999|6S|E|12|HJ
21|9|999|999|999|999|6S|E|12|HK
21|9|999|999|999|999|6S|E|12|HK
21|9|999|999|999|999|6S|E|12|S3
21|9|999|999|999|999|6S|E|12|S7
21|9|999|999|999|999|6S|E|12|S7
21|9|999|999|999|999|6S|E|12|S7
21|9|999|999|999|999|6S|W|12|DA
21|9|999|999|999|999|6S|W|12|H2
21|9|999|999|999|999|6SX|E|12|CK
21|9|999|999|999|999|6SX|E|12|DK
21|9|999|999|999|999|6SX|E|12|S4
21|9|999|999|999|999|7HX|N|10|CA
21|9|999|999|999|999|7HX|N|10|S3
21|9|999|999|999|999|7HX|N|10|S3
21|9|999|999|999|999|7HX|N|10|SA
21|9|999|999|999|999|7HX|N|8|HA
21|9|999|999|999|999|7HX|N|8|S3
22|11|2|3|1|3|3C|N|7|H6
22|11|3|5|3|4|1N|N|7|H4
22|11|999|999|999|999|1N|N|6|H3
22|11|999|999|999|999|1N|N|6|H3
22|11|999|999|999|999|1N|N|6|H3
22|11|999|999|999|999|1N|N|6|H3
22|11|999|999|999|999|1N|N|6|H3
22|11|999|999|999|999|1N|N|6|H4
22|11|999|999|999|999|1N|N|6|H6
22|11|999|999|999|999|1N|N|6|H6
22|11|999|999|999|999|1N|N|6|H6
22|11|999|999|999|999|1N|N|6|H6
22|11|999|999|999|999|1N|N|6|H6
22|11|999|999|999|999|1N|N|6|H6
22|11|999|999|999|999|1N|N|6|H6
22|11|999|999|999|999|1N|N|6|H6
22|11|999|999|999|999|1N|N|7|H2
22|11|999|999|999|999|1N|N|7|H3
22|11|999|999|999|999|1N|N|7|H3
22|11|999|999|999|999|1N|N|7|H3
22|11|999|999|999|999|1N|N|7|H4
22|11|999|999|999|999|1N|N|7|H6
22|11|999|999|999|999|1N|N|7|H6
22|11|999|999|999|999|1N|N|7|H6
22|11|999|999|999|999|1N|N|7|H6
22|11|999|999|999|999|1N|N|7|S6
22|11|999|999|999|999|1N|N|7|S6
22|11|999|999|999|999|1N|N|7|S6
22|11|999|999|999|999|1N|N|8|H6
22|11|999|999|999|999|1N|N|8|H6
22|11|999|999|999|999|1N|N|8|S6
22|11|999|999|999|999|1N|N|8|S6
22|11|999|999|999|999|1N|S|8|S6
22|11|999|999|999|999|2H|W|7|HK
22|11|999|999|999|999|2H|W|7|S3
22|11|999|999|999|999|2HX|W|7|C5
22|11|999|999|999|999|2HX|W|8|C6
22|11|999|999|999|999|2N|N|6|H6
22|11|999|999|999|999|2N|N|7|SJ
22|11|999|999|999|999|2S|E|6|D7
22|11|999|999|999|999|3C|N|8|HT
22|11|999|999|999|999|3C|S|8|C5
22|11|999|999|999|999|3H|E|8|C8
22|11|999|999|999|999|3H|W|6|C6
22|11|999|999|999|999|3H|W|7|C6
22|11|999|999|999|999|3HX|E|7|H5
22|11|999|999|999|999|3HX|W|6|C6
22|11|999|999|999|999|3HX|W|8|ST
22|11|999|999|999|999|3HX|W|8|ST
22|11|999|999|999|999|3N|N|6|H3
22|12|2|3|1|3|2D|N|9|D3
22|12|3|5|3|4|1NX|E|7|H3
22|12|999|999|999|999|1N|E|5|DQ
22|12|999|999|999|999|1N|E|6|DK
22|12|999|999|999|999|1N|E|6|DK
22|12|999|999|999|999|1N|E|7|DQ
22|12|999|999|999|999|1N|N|8|H2
22|12|999|999|999|999|1N|N|8|H5
22|12|999|999|999|999|1N|N|8|H5
22|12|999|999|999|999|1N|S|8|C4
22|12|999|999|999|999|1N|S|8|S4
22|12|999|999|999|999|1N|W|7|D4
22|12|999|999|999|999|1S|N|7|H2
22|12|999|999|999|999|2C|S|7|S6
22|12|999|999|999|999|2CX|W|5|C3
22|12|999|999|999|999|2D|S|10|CK
22|12|999|999|999|999|2D|S|10|CK
22|12|999|999|999|999|2D|S|10|CK
22|12|999|999|999|999|2D|S|9|CK
22|12|999|999|999|999|2D|S|9|CK
22|12|999|999|999|999|2D|S|9|CK
22|12|999|999|999|999|2D|S|9|CK
22|12|999|999|999|999|2D|S|9|CK
22|12|999|999|999|999|2D|S|9|CK
22|12|999|999|999|999|2D|S|9|CK
22|12|999|999|999|999|2H|E|5|DK
22|12|999|999|999|999|2N|N|8|H5
22|12|999|999|999|999|2N|N|9|C8
22|12|999|999|999|999|2N|N|9|D6
22|12|999|999|999|999|2S|E|7|DK
22|12|999|999|999|999|2S|W|6|C2
22|12|999|999|999|999|2S|W|7|DA
22|12|999|999|999|999|2SX|W|7|HQ
22|12|999|999|999|999|3CX|E|6|DK
22|12|999|999|999|999|3CX|E|6|DK
22|12|999|999|999|999|3D|N|10|CK
22|12|999|999|999|999|3D|N|8|CK
22|12|999|999|999|999|3D|S|10|CK
22|12|999|999|999|999|3D|S|7|CK
22|12|999|999|999|999|3D|S|9|C6
22|12|999|999|999|999|3D|S|9|CK
22|12|999|999|999|999|3D|S|9|CK
22|12|999|999|999|999|3D|S|9|CK
22|12|999|999|999|999|3D|S|9|CK
22|12|999|999|999|999|3D|S|9|CK
22|12|999|999|999|999|3D|S|9|CQ
22|12|999|999|999|999|3D|S|9|HJ
22|12|999|999|999|999|3D|S|9|S4
22|12|999|999|999|999|3D|S|9|S7
22|12|999|999|999|999|3DX|S|7|CK
23|13|2|3|1|3|6D|E|12|H4
23|13|3|5|3|4|3N|W|13|HQ
23|13|999|999|999|999|3N|E|10|H3
23|13|999|999|999|999|3N|W|10|HQ
23|13|999|999|999|999|3N|W|12|HQ
23|13|999|999|999|999|3N|W|12|HQ
23|13|999|999|999|999|3N|W|12|HQ
23|13|999|999|999|999|3N|W|12|HQ
23|13|999|999|999|999|3N|W|12|HQ
23|13|999|999|999|999|4N|W|10|HQ
23|13|999|999|999|999|4N|W|10|HQ
23|13|999|999|999|999|4S|E|13|H4
23|13|999|999|999|999|4S|E|13|H4
23|13|999|999|999|999|4S|E|13|H5
23|13|999|999|999|999|4S|E|13|H5
23|13|999|999|999|999|4S|E|13|H5
23|13|999|999|999|999|5D|W|12|HQ
23|13|999|999|999|999|5N|W|12|HQ
23|13|999|999|999|999|5S|E|13|H3
23|13|999|999|999|999|6D|E|12|H2
23|13|999|999|999|999|6D|E|12|H3
23|13|999|999|999|999|6D|E|12|H3
23|13|999|999|999|999|6D|E|12|H3
23|13|999|999|999|999|6D|E|12|H4
23|13|999|999|999|999|6D|E|12|H4
23|13|999|999|999|999|6D|E|12|H4
23|13|999|999|999|999|6D|E|12|H4
23|13|999|999|999|999|6D|E|12|H4
23|13|999|999|999|999|6D|E|12|H4
23|13|999|999|999|999|6D|E|12|H4
23|13|999|999|999|999|6D|E|12|H4
23|13|999|999|999|999|6D|E|12|H4
23|13|999|999|999|999|6D|E|12|H4
23|13|999|999|999|999|6D|E|12|H4
23|13|999|999|999|999|6D|E|12|H4
23|13|999|999|999|999|6D|E|12|H5
23|13|999|999|999|999|6D|E|12|H5
23|13|999|999|999|999|6D|E|12|H5
23|13|999|999|999|999|6D|E|12|H5
23|13|999|999|999|999|6D|E|12|H5
23|13|999|999|999|999|6D|W|12|HQ
23|13|999|999|999|999|6N|E|11|C3
23|13|999|999|999|999|6S|E|12|H4
23|13|999|999|999|999|6S|E|13|H4
23|13|999|999|999|999|6S|E|13|H5
23|13|999|999|999|999|6S|E|13|H8
23|13|999|999|999|999|6S|E|13|H8
23|13|999|999|999|999|7D|E|13|H4
23|13|999|999|999|999|7D|E|13|S8
23|13|999|999|999|999|7S|E|13|H5
23|14|2|3|1|3|2S|N|9|D3
23|14|3|5|3|4|2S|N|9|C4
23|14|999|999|999|999|1N|W|5|SA
23|14|999|999|999|999|2N|W|7|SK
23|14|999|999|999|999|2S|N|10|C7
23|14|999|999|999|999|2S|N|8|C7
23|14|999|999|999|999|2S|N|8|D3
23|14|999|999|999|999|2S|N|8|D3
23|14|999|999|999|999|2S|N|8|D3
23|14|999|999|999|999|2S|N|8|D3
23|14|999|999|999|999|2S|N|8|D5
23|14|999|999|999|999|2S|N|8|D8
23|14|999|999|999|999|2S|N|8|S6
23|14|999|999|999|999|2S|N|9|C5
23|14|999|999|999|999|2S|N|9|C7
23|14|999|999|999|999|2S|N|9|D3
23|14|999|999|999|999|2S|N|9|D3
23|14|999|999|999|999|2S|N|9|D8
23|14|999|999|999|999|2S|N|9|D8
23|14|999|999|999|999|2S|N|9|D8
23|14|999|999|999|999|2S|N|9|D8
23|14|999|999|999|999|2SX|N|8|S8
23|14|999|999|999|999|3D|E|4|C8
23|14|999|999|999|999|3D|E|7|S2
23|14|999|999|999|999|3H|E|9|C2
23|14|999|999|999|999|3H|E|9|C5
23|14|999|999|999|999|3H|E|9|C5
23|14|999|999|999|999|3H|E|9|C5
23|14|999|999|999|999|3H|W|8|SA
23|14|999|999|999|999|3H|W|8|SA
23|14|999|999|999|999|3H|W|8|SA
23|14|999|999|999|999|3H|W|8|SA
23|14|999|999|999|999|3H|W|8|SK
23|14|999|999|999|999|3H|W|9|SA
23|14|999|999|999|999|3H|W|9|SA
23|14|999|999|999|999|3H|W|9|SA
23|14|999|999|999|999|3H|W|9|SQ
23|14|999|999|999|999|3HX|E|9|C5
23|14|999|999|999|999|3S|N|8|C4
23|14|999|999|999|999|3S|N|8|C7
23|14|999|999|999|999|3S|N|8|D3
23|14|999|999|999|999|3S|N|9|D3
23|14|999|999|999|999|3S|N|9|D8
23|14|999|999|999|999|3S|N|9|D8
23|14|999|999|999|999|3S|N|9|D8
23|14|999|999|999|999|3SX|N|9|C4
23|14|999|999|999|999|3SX|S|8|S5
23|14|999|999|999|999|4H|W|8|SA
23|14|999|999|999|999|4H|W|8|SA
23|14|999|999|999|999|4SX|N|9|S8
24|15|2|3|1|3|2H|N|10|S4
24|15|3|5|3|4|3D|W|7|D9
24|15|999|999|999|999|1H|S|9|S7
24|15|999|999|999|999|1N|E|7|H5
24|15|999|999|999|999|1N|S|7|D6
24|15|999|999|999|999|1N|W|5|S2
24|15|999|999|999|999|1N|W|6|S2
24|15|999|999|999|999|1N|W|6|SQ
24|15|999|999|999|999|1N|W|7|S3
24|15|999|999|999|999|1NX|E|7|H3
24|15|999|999|999|999|1NX|E|9|C2
24|15|999|999|999|999|2H|N|10|C4
24|15|999|999|999|999|2H|N|10|C7
24|15|999|999|999|999|2H|N|10|S3
24|15|999|999|999|999|2H|N|10|S6
24|15|999|999|999|999|2H|N|8|C4
24|15|999|999|999|999|2H|N|8|S5
24|15|999|999|999|999|2H|N|9|DA
24|15|999|999|999|999|2H|N|9|DA
24|15|999|999|999|999|2H|N|9|DA
24|15|999|999|999|999|2H|N|9|S4
24|15|999|999|999|999|2H|S|10|C8
24|15|999|999|999|999|2H|S|10|C8
24|15|999|999|999|999|2H|S|10|S2
24|15|999|999|999|999|2H|S|8|S7
24|15|999|999|999|999|2H|S|9|D3
24|15|999|999|999|999|2H|S|9|D5
24|15|999|999|999|999|2H|S|9|D6
24|15|999|999|999|999|2H|S|9|S3
24|15|999|999|999|999|2H|S|9|S5
24|15|999|999|999|999|2H|S|9|S5
24|15|999|999|999|999|2H|S|9|S5
24|15|999|999|999|999|2H|S|9|S5
24|15|999|999|999|999|2H|S|9|S7
24|15|999|999|999|999|2H|S|9|S7
24|15|999|999|999|999|2H|S|9|S7
24|15|999|999|999|999|2HX|S|8|D6
24|15|999|999|999|999|2N|W|6|SQ
24|15|999|999|999|999|3D|W|5|SQ
24|15|999|999|999|999|3D|W|7|SQ
24|15|999|999|999|999|3D|W|8|CA
24|15|999|999|999|999|3DX|W|7|CA
24|15|999|999|999|999|3H|S|10|S5
24|15|999|999|999|999|3H|S|9|D3
24|15|999|999|999|999|3H|S|9|D6
24|15|999|999|999|999|3H|S|9|DK
24|15|999|999|999|999|3H|S|9|S5
24|15|999|999|999|999|3HX|N|9|DA
24|15|999|999|999|999|P|S|0
24|15|999|999|999|999|P|S|0
24|16|2|3|1|3|3S|E|10|ST
24|16|3|5|3|4|4S|E|10|HA
24|16|999|999|999|999|2CXX|W|8|HQ
24|16|999|999|999|999|2HX|N|7|C7
24|16|999|999|999|999|2S|E|10|D4
24|16|999|999|999|999|2S|E|10|H2
24|16|999|999|999|999|3D|E|10|D4
24|16|999|999|999|999|3D|W|9|C3
24|16|999|999|999|999|3H|N|6|C7
24|16|999|999|999|999|3H|N|6|C7
24|16|999|999|999|999|3HX|N|6|C7
24|16|999|999|999|999|3HX|N|7|C5
24|16|999|999|999|999|3N|E|7|C6
24|16|999|999|999|999|3S|E|10|CA
24|16|999|999|999|999|3S|E|10|D2
24|16|999|999|999|999|3S|E|10|D4
24|16|999|999|999|999|3S|E|10|HA
24|16|999|999|999|999|3S|E|10|HA
24|16|999|999|999|999|3S|E|10|HA
24|16|999|999|999|999|3S|E|10|HA
24|16|999|999|999|999|3S|E|10|HA
24|16|999|999|999|999|3S|E|10|ST
24|16|999|999|999|999|3S|W|10|C6
24|16|999|999|999|999|3S|W|10|HQ
24|16|999|999|999|999|3S|W|10|HQ
24|16|999|999|999|999|3S|W|10|HQ
24|16|999|999|999|999|3S|W|10|HQ
24|16|999|999|999|999|3S|W|11|C6
24|16|999|999|999|999|4H|N|6|C7
24|16|999|999|999|999|4S|E|10|CA
24|16|999|999|999|999|4S|E|10|CA
24|16|999|999|999|999|4S|E|10|D8
24|16|999|999|999|999|4S|E|10|H3
24|16|999|999|999|999|4S|E|10|HA
24|16|999|999|999|999|4S|E|10|HA
24|16|999|999|999|999|4S|E|10|HA
24|16|999|999|999|999|4S|E|10|HA
24|16|999|999|999|999|4S|E|10|HA
24|16|999|999|999|999|4S|E|10|HQ
24|16|999|999|999|999|4S|E|10|S3
24|16|999|999|999|999|4S|E|11|CA
24|16|999|999|999|999|4S|E|9|H2
24|16|999|999|999|999|4S|W|10|C3
24|16|999|999|999|999|4S|W|10|H4
24|16|999|999|999|999|4S|W|10|HJ
24|16|999|999|999|999|4S|W|10|HQ
24|16|999|999|999|999|4S|W|10|HQ
24|16|999|999|999|999|4S|W|10|HQ
24|16|999|999|999|999|4S|W|10|HQ
24|16|999|999|999|999|4SX|W|10|HQ
