                                                       |             |              |           Play           |        Declaring         |                Defending              |
Players                                                |  No.   IMPs |   Bid   Play |   Declaring    Defending |   Declarer1    Declarer2 |       Lead1        Lead2         Play |
WILLARD Sylvie - CRONIER Benedicte                     |  240   0.93 |  0.65   0.28 |  0.11 (120)   0.45 (118) |  0.50 ( 57)  -0.24 ( 63) |  0.00 ( 67)   0.16 ( 51)   0.38 (118) |
SUN Ming - WANG Hongli                                 |  240   0.80 |  0.23   0.57 |  0.83 (128)   0.28 (110) |  1.04 ( 53)   0.69 ( 75) | -0.53 ( 50)   0.09 ( 60)   0.47 (110) |
WANG Wen Fei - LIU Yi Qian                             |  224   0.78 |  0.56   0.21 |  0.30 (105)   0.14 (117) |  0.12 ( 48)   0.46 ( 57) |  0.39 ( 61)  -0.16 ( 56)   0.01 (117) |
ALMIRALL Marta - ALMIRALL Nuria                        |  256   0.68 |  0.27   0.42 |  0.39 (127)   0.45 (126) |  0.23 ( 61)   0.54 ( 66) |  0.15 ( 68)  -0.11 ( 58)   0.43 (126) |
DEAS Lynn - PALMER Beth                                |  272   0.60 |  0.17   0.43 |  0.51 (130)   0.36 (141) |  0.60 ( 68)   0.41 ( 62) |  0.05 ( 82)  -0.15 ( 59)   0.39 (141) |
VON ARNIM Daniela - AUKEN Sabine                       |  288   0.58 |  0.35   0.22 |  0.08 (159)   0.40 (129) |  0.20 ( 82)  -0.04 ( 77) | -0.12 ( 73)  -0.01 ( 56)   0.47 (129) |
SPRUNG Jo Ann - GOLDBERG Connie                        |  240   0.57 |  0.28   0.29 |  0.27 (119)   0.31 (119) |  0.12 ( 66)   0.46 ( 53) | -0.04 ( 55)   0.15 ( 64)   0.25 (119) |
YAN Ru - DONG Yongling                                 |  208   0.53 |  0.34   0.20 |  0.01 (105)   0.39 (103) |  0.16 ( 59)  -0.20 ( 46) |  0.07 ( 44)   0.08 ( 59)   0.32 (103) |
ANDERSSON Pia - RIMSTEDT Cecilia                       |  240   0.52 |  0.11   0.41 |  0.53 (121)   0.29 (116) |  0.50 ( 64)   0.56 ( 57) | -0.31 ( 58)   0.15 ( 58)   0.36 (116) |
BESSIS Veronique - HUGON Elisabeth                     |  208   0.48 |  0.15   0.33 |  0.53 (107)   0.12 ( 98) |  0.16 ( 50)   0.84 ( 57) | -0.16 ( 47)  -0.13 ( 51)   0.27 ( 98) |
FERLAZZO Caterina - MANARA Gabriella                   |  240   0.44 |  0.25   0.19 |  0.15 (111)   0.22 (128) | -0.04 ( 50)   0.30 ( 61) |  0.20 ( 57)  -0.32 ( 71)   0.31 (128) |
SANBORN Kerri - LEVITINA Irina                         |  272   0.39 |  0.16   0.24 |  0.25 (136)   0.22 (135) |  0.68 ( 55)  -0.03 ( 81) |  0.10 ( 73)   0.06 ( 62)   0.14 (135) |
SUTHERLIN Peggy - MANCUSO Renee                        |  192   0.38 |  0.20   0.18 | -0.08 (118)   0.59 ( 73) | -0.10 ( 50)  -0.06 ( 68) |  0.08 ( 42)  -0.21 ( 31)   0.63 ( 73) |
BUDKIN Diana - ALONSO Ana Maria De                     |  272   0.35 |  0.20   0.15 |  0.51 (135)  -0.21 (134) |  0.37 ( 56)   0.61 ( 79) | -0.32 ( 62)  -0.03 ( 72)  -0.04 (134) |
ATTAGUILE Florencia - BLUM Martha E.                   |  176   0.35 |  0.07   0.27 |  0.62 ( 81)  -0.02 ( 94) |  0.67 ( 47)   0.55 ( 34) |  0.15 ( 62)  -0.44 ( 32)   0.03 ( 94) |
D'OVIDIO Catherine - GAVIARD Daniele                   |  224   0.35 | -0.12   0.47 |  0.64 (117)   0.27 (106) |  0.55 ( 66)   0.77 ( 51) |  0.24 ( 49)   0.16 ( 57)   0.08 (106) |
TUEJE Joice - BOJOH Lusje Olha                         |  320   0.32 |  0.03   0.29 |  0.22 (161)   0.36 (156) |  0.04 ( 71)   0.37 ( 90) |  0.18 ( 83)   0.13 ( 73)   0.20 (156) |
TULLY Therese - LUSK Sue                               |  272   0.29 |  0.27   0.02 |  0.12 (144)  -0.09 (124) |  0.25 ( 81)  -0.05 ( 63) |  0.06 ( 52)   0.01 ( 72)  -0.13 (124) |
BEKKOUCHE Nadia - BINDERKRANTZ Trine                   |  224   0.27 |  0.18   0.09 |  0.16 (117)   0.02 (106) | -0.03 ( 71)   0.45 ( 46) |  0.02 ( 53)   0.06 ( 53)  -0.03 (106) |
BAKER Lynn - McCALLUM Karen                            |  128   0.24 | -0.00   0.24 |  0.43 ( 78)  -0.04 ( 50) |  0.60 ( 39)   0.26 ( 39) | -0.01 ( 22)   0.07 ( 28)  -0.08 ( 50) |
DELLA MONTA Annaig - HACKETT Barbara                   |  240   0.17 |  0.16   0.00 | -0.17 (111)   0.15 (129) | -0.40 ( 56)   0.07 ( 55) |  0.03 ( 66)  -0.03 ( 63)   0.15 (129) |
BABOT Mari Carmen - PANADERO Maria                     |  224   0.14 | -0.21   0.35 |  0.59 (102)   0.15 (122) |  0.96 ( 43)   0.32 ( 59) |  0.25 ( 59)  -0.03 ( 63)   0.05 (122) |
BILDE Dorte Cilleborg - FARHOLT Stense                 |  240   0.13 |  0.34  -0.20 | -0.33 (111)  -0.10 (128) | -0.34 ( 55)  -0.32 ( 56) | -0.16 ( 67)   0.12 ( 61)  -0.07 (128) |
YULE Kathryn - CORMACK Jan                             |  256   0.12 | -0.06   0.18 |  0.45 (123)  -0.08 (133) |  0.44 ( 57)   0.46 ( 66) | -0.07 ( 56)  -0.13 ( 77)   0.02 (133) |
SAKET Randa - QASHU Azza                               |  272   0.11 | -0.13   0.24 |  0.15 (128)   0.32 (143) |  0.33 ( 74)  -0.09 ( 54) |  0.06 ( 80)   0.09 ( 63)   0.25 (143) |
KHALIL Lily - KHOURI Maud                              |  288   0.11 |  0.13  -0.02 | -0.19 (140)   0.15 (146) | -0.54 ( 66)   0.12 ( 74) | -0.04 ( 68)  -0.02 ( 78)   0.18 (146) |
NAKAO Tomoe - OHNO Michiko                             |  176   0.08 |  0.11  -0.02 |  0.45 ( 81)  -0.43 ( 95) |  0.74 ( 38)   0.19 ( 43) | -0.13 ( 48)  -0.06 ( 47)  -0.33 ( 95) |
SACCAVINI Ilaria - PAOLUZI Simonetta                   |  208   0.07 |  0.11  -0.04 |  0.16 (108)  -0.26 (100) |  0.51 ( 59)  -0.25 ( 49) |  0.43 ( 48)  -0.13 ( 52)  -0.40 (100) |
RIMSTEDT Sandra - SJOBERG Emma                         |  240   0.06 | -0.17   0.23 |  0.31 (124)   0.14 (116) |  0.66 ( 66)  -0.10 ( 58) | -0.11 ( 55)   0.10 ( 61)   0.15 (116) |
ARRIGONI Gianna - OLIVIERI Gabriella                   |  224   0.06 |  0.12  -0.07 | -0.00 (120)  -0.14 (101) | -0.09 ( 75)   0.13 ( 45) | -0.42 ( 58)   0.04 ( 43)   0.08 (101) |
BERTHEAU Kathrine - MIDSKOG Catarina                   |  192   0.05 | -0.01   0.06 | -0.03 ( 97)   0.15 ( 95) | -0.06 ( 40)  -0.01 ( 57) |  0.10 ( 49)   0.09 ( 46)   0.05 ( 95) |
WILKINSON Jenny - NEWTON Shirley                       |  240   0.04 |  0.20  -0.16 | -0.08 (120)  -0.24 (118) |  0.04 ( 63)  -0.21 ( 57) |  0.04 ( 49)  -0.37 ( 69)  -0.04 (118) |
ELAWADY Dina - MOUSSA Nada                             |  176   0.02 |  0.17  -0.15 |  0.04 ( 95)  -0.39 ( 79) |  0.10 ( 44)  -0.02 ( 51) | -0.38 ( 38)  -0.24 ( 41)  -0.08 ( 79) |
CLINTON Barb - EATON Joan                              |  208   0.00 |  0.11  -0.10 |  0.14 ( 91)  -0.29 (116) | -0.27 ( 35)   0.39 ( 56) | -0.46 ( 63)  -0.09 ( 53)   0.00 (116) |
KIRSTAN Marlene - KLEMMENSEN Christina                 |  208  -0.01 | -0.35   0.33 |  0.50 (117)   0.13 ( 91) |  0.48 ( 39)   0.51 ( 78) |  0.05 ( 52)  -0.18 ( 39)   0.18 ( 91) |
CULHAM Susan - FUNG Kismet                             |  240  -0.01 |  0.04  -0.05 |  0.12 (117)  -0.22 (121) |  0.40 ( 52)  -0.10 ( 65) | -0.43 ( 51)   0.02 ( 70)  -0.04 (121) |
AZWER Zeenat - AGHA Rubina                             |  240  -0.02 |  0.10  -0.12 | -0.16 (115)  -0.08 (125) |  0.09 ( 55)  -0.38 ( 60) | -0.09 ( 62)  -0.10 ( 63)   0.01 (125) |
CAFRANGA-MARTORELL Carmen - HERNANDEZ Maria Eugenia    |  192  -0.05 |  0.01  -0.05 | -0.17 ( 92)   0.06 ( 97) | -0.05 ( 44)  -0.28 ( 48) |  0.06 ( 44)   0.27 ( 53)  -0.12 ( 97) |
ABU JABER Aida - KREIDIEH Hana                         |  320  -0.14 | -0.12  -0.02 |  0.05 (169)  -0.09 (151) | -0.42 ( 84)   0.51 ( 85) |  0.21 ( 70)  -0.06 ( 81)  -0.15 (151) |
WITTES Pam - QUINN Shawn                               |  240  -0.14 |  0.01  -0.15 | -0.08 (114)  -0.22 (124) |  0.14 ( 53)  -0.28 ( 61) | -0.11 ( 57)  -0.41 ( 67)   0.05 (124) |
CUMPSTONE Karen - NISBET Pamela                        |  224  -0.15 | -0.19   0.04 |  0.08 (121)  -0.00 (101) |  0.39 ( 52)  -0.15 ( 69) | -0.04 ( 52)   0.26 ( 49)  -0.11 (101) |
SHIMAMURA Kyoko - BANNO Kazuko                         |  192  -0.16 |  0.02  -0.18 |  0.05 (101)  -0.43 ( 91) |  0.60 ( 48)  -0.44 ( 53) |  0.07 ( 43)   0.22 ( 48)  -0.58 ( 91) |
SUMAMPOUW Conny - KORENGKENG Irne                      |  160  -0.17 |  0.12  -0.29 | -0.38 ( 70)  -0.22 ( 89) | -1.46 ( 27)   0.30 ( 43) |  0.30 ( 40)   0.15 ( 49)  -0.44 ( 89) |
RIANTINI - - DAMAYANTI Fera                            |  192  -0.17 | -0.07  -0.10 | -0.29 ( 80)   0.04 (112) | -0.29 ( 41)  -0.28 ( 39) | -0.11 ( 59)   0.06 ( 53)   0.07 (112) |
HAMDY Nessrine - PHILIPPE PASCAL Catherine             |  208  -0.18 | -0.04  -0.14 | -0.13 (107)  -0.14 (101) | -0.28 ( 54)   0.01 ( 53) |  0.25 ( 64)  -0.04 ( 37)  -0.29 (101) |
CASTELLO-BRANCO Noemia - PONCIONI Graca                |  208  -0.19 | -0.10  -0.09 | -0.31 ( 92)   0.09 (114) | -0.28 ( 54)  -0.36 ( 38) | -0.08 ( 60)   0.19 ( 54)   0.04 (114) |
SMART Diana - BEALE Felicity                           |  224  -0.22 |  0.06  -0.28 | -0.14 (107)  -0.40 (117) | -0.50 ( 44)   0.12 ( 63) |  0.08 ( 73)  -0.06 ( 44)  -0.43 (117) |
GROMANN Ingrid - NEHMERT Pony Beate                    |  144  -0.25 |  0.11  -0.37 | -0.06 ( 67)  -0.66 ( 75) | -0.13 ( 39)   0.05 ( 28) | -0.01 ( 36)  -0.02 ( 39)  -0.64 ( 75) |
VARGAS DE ANDRADE Isabella - PACHECO Juliana           |  208  -0.26 |  0.08  -0.34 |  0.27 ( 92)  -0.84 (114) |  0.19 ( 49)   0.37 ( 43) | -0.21 ( 56)  -0.16 ( 58)  -0.65 (114) |
BLACKHAM Elisabeth - DON Rose                          |  176  -0.26 | -0.14  -0.13 |  0.39 ( 87)  -0.63 ( 89) |  0.33 ( 51)   0.47 ( 36) | -0.30 ( 39)  -0.10 ( 50)  -0.44 ( 89) |
CORREA Paula - DORIA Lucia                             |  256  -0.28 | -0.11  -0.17 | -0.20 (142)  -0.12 (114) | -0.60 ( 69)   0.17 ( 73) |  0.12 ( 57)   0.18 ( 57)  -0.28 (114) |
TISCORNIA Marta - BLUM Ana                             |  224  -0.28 |  0.02  -0.31 | -0.04 (114)  -0.59 (108) |  0.29 ( 55)  -0.35 ( 59) | -0.17 ( 50)  -0.25 ( 58)  -0.37 (108) |
LECHTMAN Vivianne - ALTMANN DE HANTOS Sally            |  240  -0.36 | -0.03  -0.32 | -0.30 (116)  -0.36 (122) |  0.43 ( 71)  -1.44 ( 45) | -0.14 ( 60)  -0.27 ( 62)  -0.15 (122) |
TAK-TAK Chafika - OHANA Marie-Claire                   |  336  -0.37 | -0.12  -0.25 | -0.29 (151)  -0.22 (182) | -0.72 ( 62)   0.00 ( 89) |  0.00 ( 96)  -0.06 ( 86)  -0.19 (182) |
ABID Najim - BOKHARI Roshan Ara                        |  192  -0.39 | -0.16  -0.22 | -0.17 ( 93)  -0.27 ( 99) |  0.12 ( 49)  -0.50 ( 44) |  0.12 ( 48)  -0.16 ( 51)  -0.24 ( 99) |
CLARK Alida - FULLER Leone                             |  176  -0.39 | -0.17  -0.23 |  0.18 ( 79)  -0.58 ( 93) |  0.07 ( 38)   0.28 ( 41) | -0.38 ( 58)   0.31 ( 35)  -0.46 ( 93) |
MIYAKUNI Ayako - NISHIDA Natsuko                       |  224  -0.49 | -0.46  -0.03 |  0.03 ( 96)  -0.07 (127) |  0.00 ( 54)   0.08 ( 42) |  0.26 ( 60)  -0.18 ( 67)  -0.10 (127) |
SMITH Ivy - TACHE Nina                                 |  208  -0.50 | -0.26  -0.24 | -0.24 (120)  -0.24 ( 87) |  0.55 ( 63)  -1.11 ( 57) | -0.25 ( 48)  -0.01 ( 39)  -0.10 ( 87) |
THOMPSON Jacqueline - CUMMINS Patricia                 |  288  -0.55 | -0.35  -0.20 | -0.34 (144)  -0.05 (142) | -0.37 ( 72)  -0.31 ( 72) | -0.08 ( 69)   0.06 ( 73)  -0.05 (142) |
KABBAJ Leila - NABIL Graziella                         |  336  -0.83 | -0.39  -0.44 | -0.24 (152)  -0.61 (182) | -0.18 ( 80)  -0.30 ( 72) | -0.15 ( 85)   0.04 ( 97)  -0.56 (182) |
DARYANANI Padma - PACHECO Morella                      |  176  -0.86 | -0.68  -0.18 | -0.30 ( 76)  -0.08 ( 98) | -0.41 ( 40)  -0.18 ( 36) |  0.01 ( 52)  -0.09 ( 46)  -0.05 ( 98) |
ADAMJEE Fizza Hakim - DOSSA Qudsia                     |  176  -1.09 | -0.45  -0.64 | -1.10 ( 90)  -0.16 ( 85) | -1.23 ( 36)  -1.00 ( 54) | -0.07 ( 47)   0.16 ( 38)  -0.20 ( 85) |
SPRINGER Adelle - COLLINS Nan                          |  144  -1.30 | -0.88  -0.42 | -0.47 ( 73)  -0.38 ( 71) | -1.07 ( 37)   0.14 ( 36) |  0.13 ( 28)  -0.28 ( 43)  -0.26 ( 71) |
SEALE Yvonne - HINDS Roglyn                            |  240  -1.57 | -0.88  -0.68 | -0.64 (135)  -0.76 (103) | -0.67 ( 65)  -0.61 ( 70) | -0.29 ( 54)  -0.04 ( 49)  -0.59 (103) |

                                                       |             |              |           Play           |        Declaring         |                Defending              |
Players                                                |  No.   IMPs |   Bid   Play |   Declaring    Defending |   Declarer1    Declarer2 |       Lead1        Lead2         Play |
SHIMAMURA Kyoko - NAKAO Tomoe                          |   16   1.34 |  0.92   0.42 | -0.18 (  8)   1.02 (  8) | -0.25 (  3)  -0.13 (  5) | -0.04 (  4)   0.61 (  4)   0.73 (  8) |
SMITH Ivy - PACHECO Morella                            |   48   0.78 |  0.74   0.04 |  0.01 ( 30)   0.07 ( 18) | -0.13 ( 21)   0.36 (  9) | -0.01 (  6)  -0.05 ( 12)   0.10 ( 18) |
SHIMAMURA Kyoko - OHNO Michiko                         |   64   0.01 | -0.30   0.31 |  0.36 ( 34)   0.27 ( 30) |  0.63 ( 13)   0.19 ( 21) |  0.32 ( 13)   0.28 ( 17)  -0.03 ( 30) |
BOKHARI Roshan Ara - AGHA Rubina                       |   32  -0.36 | -0.55   0.19 |  0.60 ( 17)  -0.28 ( 15) |  0.43 (  8)   0.76 (  9) |  0.10 (  9)   0.09 (  6)  -0.38 ( 15) |
ABU GARBIEH May - KHATTAK Yasmin                       |   64  -1.07 | -0.70  -0.36 | -0.53 ( 34)  -0.17 ( 30) | -0.32 ( 19)  -0.80 ( 15) | -0.50 ( 16)  -0.35 ( 14)   0.26 ( 30) |
SAKET Randa - KHATTAK Yasmin                           |   16  -1.15 |  0.63  -1.78 | -1.14 ( 10)  -2.86 (  6) |  0.43 (  4)  -2.18 (  6) | -0.22 (  2)  -1.85 (  4)  -1.56 (  6) |
ABID Najim - DOSSA Qudsia                              |   32  -2.09 | -1.44  -0.65 | -0.25 ( 18)  -1.17 ( 14) |  1.05 (  9)  -1.55 (  9) | -0.62 (  6)  -1.16 (  8)  -0.25 ( 14) |

