                                                       |             |              |           Play           |        Declaring         |                Defending              |
Players                                                |  No.   IMPs |   Bid   Play |   Declaring    Defending |   Declarer1    Declarer2 |       Lead1        Lead2         Play |
AUKEN Sabine - VON ARNIM Daniela                       |  192   1.77 |  0.98   0.79 |  0.70 (100)   0.88 ( 92) |  0.46 ( 42)   0.88 ( 58) |  0.19 ( 43)   0.19 ( 49)   0.69 ( 92) |
DELLA MONTA Annaig - HACKETT Barbara                   |  176   1.38 |  0.56   0.81 |  0.40 ( 88)   1.23 ( 88) | -0.51 ( 41)   1.19 ( 47) |  0.29 ( 49)   0.05 ( 39)   1.04 ( 88) |
PASMAN Jet - SIMONS Anneke                             |  224   0.90 |  0.28   0.62 |  0.69 (112)   0.56 (112) |  0.27 ( 64)   1.26 ( 48) |  0.10 ( 58)  -0.03 ( 54)   0.52 (112) |
ERBIZ Hatice - ERDOGAN Filiz Uygan                     |  224   0.87 |  0.38   0.49 |  0.66 (117)   0.30 (106) |  0.10 ( 49)   1.06 ( 68) |  0.09 ( 52)   0.30 ( 54)   0.10 (106) |
ANDERSSON Pia - RIMSTEDT Cecilia                       |  208   0.83 |  0.21   0.62 |  0.48 ( 96)   0.74 (112) |  0.70 ( 62)   0.09 ( 34) |  0.05 ( 55)   0.60 ( 57)   0.41 (112) |
ARNOLDS Carla - VRIEND Bep                             |  208   0.83 |  0.46   0.37 |  0.36 (106)   0.39 (101) |  0.31 ( 83)   0.56 ( 23) |  0.36 ( 28)   0.30 ( 73)   0.07 (101) |
GROMANN Ingrid - NEHMERT Pony Beate                    |  176   0.65 |  0.38   0.27 |  0.17 ( 92)   0.39 ( 83) | -0.28 ( 54)   0.81 ( 38) | -0.21 ( 44)   0.27 ( 39)   0.37 ( 83) |
LAM Ze Ying - TAN Yoke Lan                             |  192   0.43 |  0.22   0.21 |  0.19 (106)   0.23 ( 86) |  0.67 ( 48)  -0.21 ( 58) | -0.38 ( 45)   0.22 ( 41)   0.32 ( 86) |
ZALAI Agnes - HEGEDUS Orsolya                          |  192   0.42 |  0.22   0.20 |  0.00 ( 97)   0.41 ( 94) | -0.21 ( 51)   0.25 ( 46) |  0.00 ( 47)  -0.07 ( 47)   0.44 ( 94) |
NYARADI Gabriella - NYARADI Ibolya                     |  159   0.36 |  0.26   0.10 | -0.05 ( 78)   0.25 ( 81) |  0.19 ( 46)  -0.39 ( 32) |  0.06 ( 35)   0.02 ( 46)   0.21 ( 81) |
NEWTON Shirley - WILKINSON Jenny                       |  208   0.27 |  0.21   0.05 | -0.12 (105)   0.23 (103) |  0.01 ( 55)  -0.27 ( 50) |  0.04 ( 59)   0.31 ( 44)   0.08 (103) |
WU Ling Li - YANG Shu-Yi                               |  176   0.27 |  0.17   0.10 |  0.01 (100)   0.20 ( 76) | -0.32 ( 60)   0.52 ( 40) |  0.32 ( 31)   0.49 ( 45)  -0.22 ( 76) |
CHAN Yiu Lin - SEET Choon Cheng                        |  176   0.23 |  0.20   0.03 |  0.07 ( 88)  -0.02 ( 87) |  0.00 ( 40)   0.13 ( 48) |  0.09 ( 33)   0.33 ( 54)  -0.25 ( 87) |
PHILLIPS Nicola Mae - VAN RENSBURG Carol               |  208   0.23 |  0.16   0.07 |  0.02 (119)   0.14 ( 89) |  0.28 ( 68)  -0.34 ( 51) | -0.10 ( 47)   0.35 ( 42)   0.03 ( 89) |
BERTHEAU Kathrine - MIDSKOG Catarina                   |  160   0.18 |  0.12   0.06 | -0.37 ( 73)   0.42 ( 87) | -0.20 ( 38)  -0.55 ( 35) |  0.47 ( 39)  -0.27 ( 48)   0.36 ( 87) |
FORSBERG Catharina - GRONKVIST Maria                   |  176   0.18 |  0.20  -0.02 |  0.19 ( 90)  -0.24 ( 85) | -0.01 ( 47)   0.40 ( 43) | -0.15 ( 36)  -0.17 ( 49)  -0.08 ( 85) |
CARROLL Helen - KULCHYCKY Jill                         |  176   0.16 |  0.18  -0.02 | -0.33 ( 61)   0.14 (115) | -0.35 ( 28)  -0.30 ( 33) |  0.12 ( 49)  -0.00 ( 66)   0.10 (115) |
HAMAMSI Rokia - TEBER Samira                           |  191   0.14 | -0.02   0.16 |  0.05 (104)   0.29 ( 87) |  0.46 ( 43)  -0.24 ( 61) |  0.18 ( 45)   0.10 ( 42)   0.14 ( 87) |
EL AWAD Wadia - MARRAKCHI Khadija                      |  176   0.11 |  0.06   0.05 |  0.04 ( 87)   0.06 ( 87) |  0.25 ( 38)  -0.12 ( 49) | -0.32 ( 38)   0.03 ( 49)   0.18 ( 87) |
KLIDZEJA Edite - ROMANOVSKA Maija                      |  176   0.10 |  0.30  -0.20 | -0.08 ( 97)  -0.35 ( 79) | -0.13 ( 82)   0.19 ( 15) |  0.24 ( 11)  -0.23 ( 68)  -0.18 ( 79) |
YANEZ Adriana - ROSENBERG Miriam                       |  176   0.09 |  0.08   0.01 | -0.12 ( 91)   0.15 ( 85) | -0.69 ( 37)   0.28 ( 54) | -0.03 ( 48)  -0.23 ( 37)   0.26 ( 85) |
CUMMINS Patricia - THOMPSON Jacqueline                 |  208   0.07 | -0.25   0.32 |  0.09 ( 96)   0.52 (112) |  0.22 ( 47)  -0.04 ( 49) | -0.32 ( 65)   0.32 ( 47)   0.57 (112) |
HORSMAN Eileen - RICHARDSON Carol                      |  192   0.07 | -0.01   0.08 |  0.36 ( 83)  -0.14 (108) |  0.51 ( 47)   0.16 ( 36) | -0.44 ( 52)   0.51 ( 56)  -0.19 (108) |
YAVAS Dilek - BABAC Mine                               |  192   0.05 |  0.10  -0.05 |  0.04 ( 93)  -0.14 ( 98) |  0.37 ( 48)  -0.31 ( 45) | -0.38 ( 43)   0.20 ( 55)  -0.09 ( 98) |
HWANG Iyn Ryung - PARK Myung Kee                       |  176   0.03 |  0.20  -0.17 | -0.22 (103)  -0.10 ( 73) | -0.39 ( 56)  -0.02 ( 47) |  0.16 ( 41)  -0.02 ( 32)  -0.18 ( 73) |
BENCHEMSI Fatiha - AYAD Saliva                         |  160   0.03 | -0.12   0.15 |  0.47 ( 76)  -0.15 ( 83) |  0.24 ( 33)   0.65 ( 43) | -0.30 ( 43)   0.29 ( 40)  -0.13 ( 83) |
MITSI Georgia - VELAITOU Polina                        |  223   0.02 | -0.00   0.02 | -0.06 (112)   0.11 (110) | -0.01 ( 62)  -0.13 ( 50) | -0.10 ( 60)  -0.10 ( 50)   0.21 (110) |
BANDUCCI Peta - OSIE Judy                              |  176  -0.01 | -0.03   0.03 |  0.09 ( 91)  -0.05 ( 85) |  0.27 ( 45)  -0.08 ( 46) |  0.12 ( 38)   0.12 ( 47)  -0.17 ( 85) |
AGHA Rubina - ALI Abida Nazar                          |  191  -0.10 |  0.02  -0.12 |  0.26 (105)  -0.61 ( 85) |  0.50 ( 60)  -0.04 ( 45) |  0.07 ( 39)  -0.31 ( 46)  -0.47 ( 85) |
CHAI Greta - CHOO Jane                                 |  176  -0.12 |  0.25  -0.37 | -0.58 ( 94)  -0.14 ( 81) | -0.73 ( 54)  -0.37 ( 40) |  0.02 ( 40)   0.49 ( 41)  -0.39 ( 81) |
KOTRONAROU Anastasia - POLITOU Angeliki                |  128  -0.12 |  0.30  -0.42 | -0.67 ( 61)  -0.20 ( 66) | -0.43 ( 37)  -1.03 ( 24) | -0.06 ( 34)  -0.51 ( 32)   0.08 ( 66) |
VAN DER SALM Claudia - WIJMA Anke                      |  112  -0.13 |  0.13  -0.26 | -0.69 ( 52)   0.11 ( 60) | -1.20 ( 20)  -0.38 ( 32) |  0.16 ( 37)  -0.16 ( 23)   0.07 ( 60) |
JOYCE Emer - KENNY Joan                                |  192  -0.15 | -0.09  -0.06 |  0.45 ( 89)  -0.53 ( 99) |  0.45 ( 53)   0.45 ( 36) | -0.34 ( 57)   0.04 ( 42)  -0.35 ( 99) |
CHANG Lo-Mei - SO Ho-Yee                               |  271  -0.21 | -0.07  -0.14 | -0.12 (127)  -0.16 (143) |  0.51 ( 65)  -0.78 ( 62) | -0.10 ( 62)   0.09 ( 81)  -0.17 (143) |
CSIPKA Szilvia - MEZEI Katalin                         |  192  -0.29 | -0.17  -0.12 | -0.02 ( 98)  -0.21 ( 94) | -0.18 ( 47)   0.12 ( 51) |  0.01 ( 44)   0.00 ( 50)  -0.22 ( 94) |
LIRA Nancy - ROSENBERG Magy                            |  240  -0.32 | -0.08  -0.24 | -0.15 (120)  -0.33 (119) | -0.04 ( 63)  -0.27 ( 57) | -0.28 ( 60)   0.07 ( 59)  -0.23 (119) |
JANKUNAITE Giedre - STRAUME Ildze                      |  192  -0.33 | -0.10  -0.22 |  0.02 ( 98)  -0.48 ( 93) |  0.22 ( 52)  -0.22 ( 46) | -0.15 ( 56)  -0.28 ( 37)  -0.28 ( 93) |
CLEARY Ena - FITZGERALD Jeannie                        |  176  -0.33 | -0.42   0.09 |  0.12 ( 90)   0.05 ( 86) |  0.34 ( 49)  -0.15 ( 41) | -0.11 ( 34)   0.36 ( 52)  -0.12 ( 86) |
LAMBRINOU Sophie - TSIRIKOU Eleni                      |  192  -0.38 | -0.14  -0.24 | -0.46 (100)   0.00 ( 91) | -0.28 ( 69)  -0.86 ( 31) | -0.32 ( 44)   0.19 ( 47)   0.06 ( 91) |
KWON Soo Ja - SUNG Kyung Hae                           |  191  -0.40 | -0.24  -0.15 | -0.33 ( 83)  -0.02 (108) | -0.44 ( 45)  -0.20 ( 38) | -0.04 ( 51)   0.11 ( 57)  -0.06 (108) |
OZBAY Irem - ATALAY Belis                              |  128  -0.43 | -0.02  -0.41 | -0.60 ( 64)  -0.22 ( 64) | -0.07 ( 36)  -1.29 ( 28) | -0.30 ( 31)  -0.35 ( 33)   0.11 ( 64) |
ABID Najim - ASLAM Neelofar                            |  208  -0.45 | -0.14  -0.31 | -0.38 ( 85)  -0.26 (123) | -0.12 ( 44)  -0.67 ( 41) | -0.12 ( 72)   0.22 ( 51)  -0.29 (123) |
BRIKMANE Liga - VEKSA Natalija                         |  176  -0.55 | -0.07  -0.48 | -0.44 ( 78)  -0.52 ( 96) | -0.20 ( 39)  -0.67 ( 39) | -0.60 ( 45)  -0.29 ( 51)  -0.09 ( 96) |
BALDERSON Peta Lynn - GAUTSCHI Jennifer Ann            |  160  -0.58 | -0.19  -0.38 | -0.11 ( 77)  -0.64 ( 82) | -0.11 ( 39)  -0.10 ( 38) | -0.34 ( 41)  -0.07 ( 41)  -0.44 ( 82) |
YANG Sung Ae - IM Hyun                                 |  176  -0.60 | -0.45  -0.15 | -0.18 ( 73)  -0.14 (103) | -0.24 ( 28)  -0.14 ( 45) |  0.59 ( 34)  -0.22 ( 69)  -0.19 (103) |
HINDS Roglyn - SEALE Yvonne                            |  160  -0.63 | -0.80   0.17 |  0.24 ( 88)   0.09 ( 70) |  0.42 ( 48)   0.02 ( 40) | -0.20 ( 44)  -0.01 ( 26)   0.22 ( 70) |
AZWER Zeenat - DUBASH Dinaz                            |  128  -0.70 | -0.51  -0.19 |  0.14 ( 66)  -0.54 ( 62) |  0.78 ( 32)  -0.47 ( 34) | -0.30 ( 29)   0.09 ( 33)  -0.44 ( 62) |
COORE Carol - MOORE Felicity                           |  112  -0.74 | -0.60  -0.14 |  0.08 ( 51)  -0.31 ( 61) | -0.29 ( 24)   0.40 ( 27) |  0.01 ( 25)  -0.04 ( 36)  -0.29 ( 61) |
FULFORD Marlene - MARSHALL Valerie May                 |  176  -1.09 | -0.64  -0.45 | -0.41 ( 89)  -0.50 ( 87) | -0.47 ( 62)  -0.28 ( 27) | -0.59 ( 30)  -0.19 ( 57)  -0.17 ( 87) |
GIBBONS Christine - GIBBONS Jenna                      |  144  -1.23 | -0.56  -0.67 | -0.43 ( 65)  -0.90 ( 76) | -0.43 ( 29)  -0.44 ( 36) | -0.56 ( 37)   0.03 ( 39)  -0.65 ( 76) |

                                                       |             |              |           Play           |        Declaring         |                Defending              |
Players                                                |  No.   IMPs |   Bid   Play |   Declaring    Defending |   Declarer1    Declarer2 |       Lead1        Lead2         Play |
AZWER Zeenat - ALI Abida Nazar                         |   16   1.10 |  1.01   0.09 |  0.00 ( 11)   0.28 (  5) | -0.76 (  7)   1.33 (  4) | -1.97 (  1)   0.51 (  4)   0.26 (  5) |
ROSENBERG Miriam - TINAJERO Claudia                    |   96   0.31 |  0.02   0.29 |  0.49 ( 52)   0.04 ( 43) |  1.35 ( 32)  -0.87 ( 20) |  0.09 ( 22)  -0.07 ( 21)   0.02 ( 43) |
YANG Shu-Yi - SUNG Chin-Hsien                          |   64  -0.05 | -0.16   0.11 | -0.42 ( 26)   0.47 ( 38) | -0.73 ( 12)  -0.15 ( 14) |  0.12 ( 20)   0.40 ( 18)   0.22 ( 38) |
WU Ling Li - SUNG Chin-Hsien                           |   32  -0.27 | -0.17  -0.09 | -0.26 ( 19)   0.15 ( 13) | -0.13 ( 10)  -0.41 (  9) | -0.34 ( 10)  -0.03 (  3)   0.42 ( 13) |
SPRINGER Adelle - THOMPSON Jacqueline                  |   48  -0.37 | -0.36  -0.01 |  0.61 ( 25)  -0.71 ( 22) |  0.46 ( 11)   0.72 ( 14) |  0.20 (  7)  -0.48 ( 15)  -0.45 ( 22) |
ROSENBERG Magy - TINAJERO Claudia                      |   32  -0.45 |  0.58  -1.03 | -0.23 ( 18)  -2.07 ( 14) | -0.63 (  8)   0.10 ( 10) | -1.30 (  7)   0.43 (  7)  -1.64 ( 14) |
WILLIAMS Elizabeth - COORE Carol                       |   96  -0.77 | -0.42  -0.35 | -0.72 ( 52)   0.09 ( 44) | -0.06 ( 29)  -1.56 ( 23) | -0.03 ( 32)   0.35 ( 12)   0.02 ( 44) |
COLLINS Nan - HINDS Roglyn                             |   80  -0.87 | -0.78  -0.09 | -0.52 ( 40)   0.35 ( 40) | -0.10 ( 18)  -0.86 ( 22) |  0.00 ( 20)   0.02 ( 20)   0.33 ( 40) |
MOORE Felicity - WHITE Cynthia                         |   64  -1.12 | -0.86  -0.26 | -0.20 ( 33)  -0.34 ( 30) | -0.10 ( 22)  -0.40 ( 11) | -0.22 ( 14)  -0.02 ( 16)  -0.22 ( 30) |
SEALE Yvonne - SPRINGER Adelle                         |   32  -1.29 | -0.61  -0.68 | -0.65 ( 19)  -0.72 ( 13) | -1.20 (  9)  -0.16 ( 10) |  0.15 (  8)   0.14 (  5)  -0.86 ( 13) |
WILLIAMS Elizabeth - WHITE Cynthia                     |   96  -1.60 | -1.03  -0.57 | -0.30 ( 52)  -0.88 ( 44) |  0.22 ( 27)  -0.87 ( 25) | -0.79 ( 24)   0.32 ( 20)  -0.59 ( 44) |
BENCHEMSI Fatiha - EL AWAD Wadia                       |   16  -1.63 | -1.10  -0.53 | -1.24 (  8)   0.18 (  8) |  0.24 (  4)  -2.73 (  4) |  0.06 (  3)   0.12 (  5)   0.08 (  8) |
CUMMINS Patricia - SPRINGER Adelle                     |   16   0.71 |  0.52   0.19 | -0.29 (  7)   0.56 (  9) | -0.29 (  7)      - (  0) |     - (  0)   0.33 (  9)   0.23 (  9) |

