                                                       |             |              |           Play           |        Declaring         |                Defending              |
Players                                                |  No. Butler |   Bid   Play |   Declaring    Defending |   Declarer1    Declarer2 |       Lead1        Lead2         Play |
STOCKDALE Susan - BROWN Fiona                          |  208   1.11 |  0.62   0.49 |  0.70 (100)   0.29 (108) |  0.63 ( 43)   0.76 ( 57) | -0.65 ( 42)   0.11 ( 66)   0.48 (108) |
SIMONS Anneke - PASMAN Jet                             |  223   0.91 |  0.46   0.45 |  0.22 (106)   0.66 (117) |  0.46 ( 41)   0.07 ( 65) |  0.14 ( 55)  -0.04 ( 62)   0.62 (117) |
BALDYSZ Cathy - SARNIAK Anna                           |  224   0.89 |  0.30   0.59 |  1.08 (124)  -0.01 (100) |  0.17 ( 47)   1.63 ( 77) |  0.33 ( 56)  -0.14 ( 44)  -0.13 (100) |
WORTEL Meike - MICHIELSEN Marion                       |  224   0.88 |  0.42   0.46 |  0.41 (117)   0.52 (107) |  0.53 ( 63)   0.27 ( 54) |  0.59 ( 48)   0.03 ( 59)   0.23 (107) |
YAN Ru - LIU Yan                                       |  256   0.88 |  0.42   0.46 |  0.41 (120)   0.50 (134) |  0.52 ( 64)   0.29 ( 56) |  0.30 ( 81)   0.12 ( 53)   0.28 (134) |
WANG Liping - WANG Wen Fei                             |  240   0.71 |  0.52   0.19 |  0.28 (123)   0.09 (117) |  0.40 ( 66)   0.14 ( 57) | -0.03 ( 51)  -0.17 ( 66)   0.20 (117) |
YAVAS Dilek - OYMEN Ozlem                              |  224   0.68 |  0.48   0.20 |  0.25 (127)   0.13 ( 97) |  0.60 ( 68)  -0.15 ( 59) |  0.07 ( 52)   0.27 ( 45)  -0.03 ( 97) |
LEVITINA Irina - SANBORN Kerri                         |  288   0.64 |  0.21   0.43 |  0.24 (146)   0.63 (142) | -0.09 ( 84)   0.68 ( 62) |  0.00 ( 78)   0.16 ( 64)   0.56 (142) |
DEAS Lynn - PALMER Beth                                |  272   0.64 |  0.20   0.44 |  0.59 (144)   0.26 (128) |  0.82 ( 62)   0.42 ( 82) | -0.16 ( 60)   0.36 ( 68)   0.15 (128) |
TACZEWSKA Joanna - DUFRAT Katarzyna                    |  224   0.59 |  0.55   0.04 |  0.10 (113)  -0.02 (111) |  0.33 ( 63)  -0.19 ( 50) | -0.32 ( 64)  -0.03 ( 47)   0.18 (111) |
ZUR-CAMPANILE Migry - MEYERS Jill                      |  240   0.59 |  0.04   0.55 |  0.47 (128)   0.63 (112) | -0.01 ( 70)   1.05 ( 58) |  0.08 ( 50)   0.17 ( 62)   0.51 (112) |
ADUT Vera - ATALAY Belis                               |  192   0.58 |  0.42   0.17 |  0.40 ( 97)  -0.07 ( 95) |  0.06 ( 37)   0.61 ( 60) | -0.07 ( 51)   0.46 ( 44)  -0.25 ( 95) |
VAN ZWOL Wietske - ARNOLDS Carla                       |  223   0.55 |  0.38   0.16 |  0.22 (125)   0.09 ( 98) |  0.34 ( 51)   0.13 ( 74) |  0.17 ( 53)   0.02 ( 45)  -0.01 ( 98) |
SONSINI Barbara - RADIN Judi                           |  112   0.50 |  0.22   0.28 |  0.24 ( 52)   0.31 ( 60) | -0.32 ( 21)   0.61 ( 31) |  0.16 ( 28)   0.30 ( 32)   0.08 ( 60) |
GAVIARD Daniele - REESS Vanessa                        |  208   0.47 |  0.15   0.32 |  0.22 (110)   0.43 ( 98) |  0.12 ( 59)   0.32 ( 51) |  0.27 ( 45)   0.18 ( 53)   0.21 ( 98) |
CUMPSTONE Karen - EATON Joan                           |  224   0.46 |  0.19   0.27 |  0.18 (111)   0.36 (112) |  0.34 ( 60)  -0.00 ( 51) |  0.05 ( 53)   0.43 ( 59)   0.12 (112) |
WOLPERT Jenny - LEVIN Jill                             |  207   0.45 |  0.37   0.08 |  0.38 (102)  -0.22 (105) |  0.46 ( 46)   0.31 ( 56) | -0.12 ( 50)   0.41 ( 55)  -0.38 (105) |
SHIMAMURA Kyoko - SATO Makiko                          |  224   0.44 |  0.46  -0.02 |  0.35 (108)  -0.36 (115) |  0.64 ( 68)  -0.15 ( 40) | -0.57 ( 55)  -0.27 ( 60)   0.05 (115) |
D'OVIDIO Catherine - NEVE Joanna                       |  240   0.44 |  0.41   0.04 |  0.39 (121)  -0.33 (118) |  0.16 ( 73)   0.75 ( 48) | -0.21 ( 59)   0.00 ( 59)  -0.23 (118) |
SJOBERG Emma - RIMSTEDT Sandra                         |  223   0.38 |  0.50  -0.12 | -0.02 (123)  -0.24 (100) | -0.24 ( 57)   0.17 ( 66) |  0.22 ( 53)  -0.10 ( 47)  -0.32 (100) |
ALEGRE Eleonora - HERRERA Florencia                    |  240   0.38 |  0.51  -0.13 | -0.03 (113)  -0.22 (127) | -0.33 ( 52)   0.23 ( 61) | -0.10 ( 65)   0.20 ( 62)  -0.27 (127) |
ZMUDA Justyna - KAZMUCHA Danuta                        |  224   0.35 | -0.13   0.48 | -0.04 (100)   0.89 (123) |  0.44 ( 42)  -0.38 ( 58) |  0.13 ( 65)   0.51 ( 58)   0.59 (123) |
EYTHORSDOTTIR Hjordis - SEAMON-MOLSON Janice           |  224   0.29 |  0.25   0.03 |  0.22 (131)  -0.23 ( 93) |  0.31 ( 66)   0.12 ( 65) | -0.08 ( 44)  -0.32 ( 49)  -0.02 ( 93) |
AHLESVED Catharina - GRONKVIST Maria                   |  224   0.26 |  0.03   0.23 |  0.25 (111)   0.22 (113) | -0.26 ( 53)   0.72 ( 58) |  0.14 ( 56)   0.14 ( 57)   0.08 (113) |
WILLARD Sylvie - CRONIER Benedicte                     |  224   0.22 |  0.42  -0.19 | -0.19 (116)  -0.20 (108) |  0.10 ( 55)  -0.45 ( 61) |  0.29 ( 38)  -0.21 ( 70)  -0.16 (108) |
YANAGISAWA Akiko - FUKUYOSHI Yuki                      |  208   0.20 |  0.19   0.00 |  0.19 (105)  -0.18 (102) |  0.17 ( 64)   0.21 ( 41) |  0.08 ( 64)   0.31 ( 38)  -0.35 (102) |
SUMMERS-CALEY Sylvia - CIMON Francine                  |  224   0.17 |  0.37  -0.20 | -0.20 (119)  -0.20 (105) | -0.23 ( 51)  -0.18 ( 68) | -0.43 ( 55)  -0.11 ( 50)   0.08 (105) |
DEWI Suci Amita - MURNIATI Kristina Wahyu              |  272   0.16 | -0.03   0.19 |  0.04 (131)   0.32 (141) | -0.09 ( 60)   0.15 ( 71) | -0.05 ( 65)   0.23 ( 76)   0.22 (141) |
SMITH Nicola - BROCK Sally                             |  224   0.14 | -0.20   0.34 |  0.74 (105)  -0.01 (119) |  0.16 ( 51)   1.29 ( 54) | -0.10 ( 59)  -0.29 ( 60)   0.19 (119) |
ACAR Asli - KURANOGLU Serap                            |  256   0.14 |  0.38  -0.24 | -0.11 (119)  -0.35 (137) | -0.18 ( 68)  -0.03 ( 51) | -0.09 ( 55)  -0.19 ( 82)  -0.20 (137) |
BOURKE Margaret - LUSK Sue                             |  224   0.12 |  0.10   0.01 | -0.12 (121)   0.17 (103) |  0.15 ( 71)  -0.50 ( 50) | -0.08 ( 56)   0.27 ( 47)   0.09 (103) |
VARGAS DE ANDRADE Isabella - PAIN Leda                 |  256   0.05 | -0.26   0.32 |  0.73 (108)   0.01 (148) |  0.94 ( 37)   0.63 ( 71) | -0.42 ( 80)   0.52 ( 68)   0.00 (148) |
DHONDY Heather - SENIOR Nevena                         |  240   0.02 |  0.12  -0.10 |  0.07 (127)  -0.29 (112) |  0.16 ( 52)   0.01 ( 75) | -0.22 ( 58)  -0.24 ( 54)  -0.06 (112) |
DJUROVIC Nevena - HAVAS Elizabeth                      |  224   0.00 |  0.06  -0.06 |  0.10 (112)  -0.23 (112) |  0.51 ( 53)  -0.27 ( 59) | -0.41 ( 44)   0.08 ( 68)  -0.11 (112) |
TUEJE Julita Grace - BOJOH Lusje Olha                  |  255  -0.01 | -0.06   0.05 | -0.04 (131)   0.14 (124) | -0.03 ( 66)  -0.05 ( 65) | -0.21 ( 65)   0.08 ( 59)   0.22 (124) |
DE GUZMAN Mary Cristy Ann - ENCONTRO Mylene            |  224  -0.11 | -0.08  -0.02 | -0.05 (107)   0.00 (117) | -0.27 ( 55)   0.19 ( 52) |  0.06 ( 56)   0.11 ( 61)  -0.09 (117) |
SMALINSKY Ana Lia - ELKIN Irene                        |  208  -0.13 |  0.01  -0.14 |  0.02 ( 99)  -0.28 (108) | -0.14 ( 40)   0.13 ( 59) | -0.05 ( 50)  -0.41 ( 58)  -0.04 (108) |
NISHIDA Natsuko - OHNO Michiko                         |  240  -0.13 | -0.00  -0.12 | -0.57 (124)   0.35 (116) | -0.47 ( 66)  -0.67 ( 58) | -0.01 ( 58)   0.12 ( 58)   0.29 (116) |
MANDELOT Agota - NOGUEIRA Heloisa                      |  176  -0.16 | -0.17   0.00 |  0.23 ( 84)  -0.21 ( 92) |  0.35 ( 44)   0.09 ( 40) |  0.13 ( 42)   0.23 ( 50)  -0.39 ( 92) |
WILKINSON Jenny - NEWTON Shirley                       |  239  -0.17 | -0.20   0.04 |  0.04 (109)   0.03 (130) |  0.16 ( 60)  -0.11 ( 49) |  0.07 ( 64)   0.20 ( 66)  -0.10 (130) |
BERTHEAU Kathrine - LARSSON Jessica                    |  223  -0.19 | -0.31   0.12 |  0.20 (115)   0.04 (108) |  0.33 ( 66)   0.03 ( 49) |  0.11 ( 58)  -0.29 ( 50)   0.11 (108) |
TAN Gemma - GALLEGO Tina J. Del                        |  224  -0.23 | -0.23   0.00 | -0.30 (102)   0.26 (122) | -0.53 ( 54)  -0.05 ( 48) |  0.27 ( 65)   0.00 ( 57)   0.11 (122) |
CARTNER Linda - PALMER Glenis                          |  192  -0.23 |  0.16  -0.40 |  0.01 ( 91)  -0.76 (101) | -0.35 ( 48)   0.41 ( 43) | -0.23 ( 58)  -0.61 ( 43)  -0.37 (101) |
ESPINOSA-PAZ Maria Jose - PREVIDE Maria Cecilia        |  223  -0.24 | -0.30   0.06 |  0.25 (116)  -0.15 (106) |  0.57 ( 65)  -0.16 ( 51) | -0.14 ( 43)   0.02 ( 63)  -0.10 (106) |
AZWER Zeenat - AGHA Rubina                             |  256  -0.24 | -0.25   0.01 | -0.03 (134)   0.05 (121) |  0.24 ( 77)  -0.40 ( 57) |  0.05 ( 73)  -0.15 ( 48)   0.09 (121) |
SUMAMPOUW Conny - ANDHANI Rury                         |  143  -0.24 | -0.48   0.24 |  0.07 ( 71)   0.40 ( 72) | -0.07 ( 30)   0.17 ( 41) | -0.06 ( 35)  -0.06 ( 37)   0.46 ( 72) |
DAVID Paula - DE MELLO Sylvia Figueira                 |  240  -0.25 | -0.05  -0.20 | -0.36 (133)   0.01 (107) | -0.35 ( 83)  -0.37 ( 50) |  0.10 ( 50)  -0.07 ( 57)  -0.00 (107) |
WATTAR Nada - KHOURI Maud                              |  256  -0.27 | -0.18  -0.09 |  0.07 (133)  -0.25 (123) |  0.29 ( 73)  -0.21 ( 60) | -0.14 ( 69)   0.02 ( 54)  -0.18 (123) |
THORPE Catherine (Katie) - DEMME Ina                   |  224  -0.27 | -0.27   0.01 |  0.27 (100)  -0.21 (124) |  0.21 ( 49)   0.33 ( 51) |  0.06 ( 69)   0.44 ( 55)  -0.44 (124) |
GOLAN Erica - MODLIN Merle                             |  223  -0.38 | -0.12  -0.26 | -0.32 (110)  -0.20 (112) | -0.27 ( 52)  -0.37 ( 58) |  0.16 ( 70)  -0.04 ( 42)  -0.29 (112) |
CORMACK Jan - ALABASTER Jan                            |  239  -0.41 | -0.23  -0.18 | -0.30 (124)  -0.05 (114) | -1.07 ( 58)   0.38 ( 66) | -0.54 ( 51)   0.11 ( 63)   0.13 (114) |
BOKHARI Roshan Ara - DOSSA Qudsia                      |  208  -0.46 | -0.51   0.05 |  0.46 (107)  -0.39 (100) |  0.22 ( 53)   0.69 ( 54) | -0.10 ( 55)  -0.77 ( 45)   0.02 (100) |
FABBRICATORE Sophie - GARCIA Anne                      |  224  -0.54 | -0.20  -0.34 | -0.29 (117)  -0.40 (106) |  0.05 ( 60)  -0.65 ( 57) |  0.27 ( 64)   0.11 ( 42)  -0.61 (106) |
THIRION Christiane - BISTOQUET Chantal                 |  224  -0.57 | -0.02  -0.55 | -0.64 (119)  -0.45 (105) | -0.90 ( 59)  -0.39 ( 60) | -0.20 ( 40)   0.27 ( 65)  -0.54 (105) |
CHILD Christine - ROSSLEE Diana                        |  224  -0.65 | -0.38  -0.27 | -0.04 ( 84)  -0.40 (140) |  0.12 ( 49)  -0.27 ( 35) | -0.48 ( 74)  -0.45 ( 66)   0.06 (140) |
ZHANG Yu - FENG Xuefeng                                |  176  -0.66 | -0.68   0.02 |  0.38 ( 94)  -0.40 ( 81) |  0.28 ( 51)   0.50 ( 43) | -0.19 ( 39)  -0.13 ( 42)  -0.24 ( 81) |
TRAVIS Barbara - GINSBERG Candice                      |  224  -0.68 | -0.59  -0.09 |  0.00 ( 96)  -0.16 (128) |  0.07 ( 57)  -0.09 ( 39) | -0.21 ( 70)  -0.40 ( 58)   0.13 (128) |
BERNSTEIN Roz - SANDLER Ghita                          |  224  -0.69 | -0.26  -0.43 | -0.44 (120)  -0.40 (104) | -0.17 ( 65)  -0.77 ( 55) |  0.02 ( 49)  -0.29 ( 55)  -0.26 (104) |
SURANA Asha - BHATNAGAR DEVI MUTHU                     |  128  -0.71 | -0.51  -0.20 | -0.26 ( 56)  -0.15 ( 72) | -1.03 ( 30)   0.63 ( 26) | -0.63 ( 23)   0.09 ( 49)  -0.01 ( 72) |
TISLEVOLL Faith - EGAN Victoria                        |  224  -0.74 | -0.52  -0.22 |  0.08 (118)  -0.56 (106) |  0.54 ( 61)  -0.42 ( 57) | -0.27 ( 51)  -0.01 ( 55)  -0.42 (106) |
AUDICHE Christina - HOMSY Marguerite                   |  176  -0.76 | -0.53  -0.23 | -0.16 ( 90)  -0.29 ( 86) | -1.10 ( 16)   0.04 ( 74) | -0.13 ( 72)  -0.11 ( 14)  -0.17 ( 86) |
SINGLA Sneh Lata - BAKSHI Meera                        |  208  -0.76 | -0.34  -0.42 | -0.49 (108)  -0.36 ( 99) |  0.09 ( 63)  -1.30 ( 45) | -0.36 ( 44)   0.28 ( 55)  -0.36 ( 99) |
BAKUL SHAH Vasanti - KSHIRSAGAR Alka                   |  271  -0.95 | -0.46  -0.48 | -0.46 (137)  -0.51 (133) | -0.74 ( 88)   0.05 ( 49) | -0.14 ( 78)   0.06 ( 55)  -0.45 (133) |
SOLIMAN Hoda - PHILIPPE PASCAL Catherine               |  176  -1.05 | -0.49  -0.56 | -0.65 ( 79)  -0.49 ( 97) | -0.65 ( 39)  -0.65 ( 40) | -0.00 ( 55)  -0.23 ( 42)  -0.39 ( 97) |
HAI Rubina Saeed - RAZA Fatima                         |  208  -1.23 | -0.31  -0.92 | -0.80 ( 97)  -1.03 (111) | -0.35 ( 54)  -1.38 ( 43) | -0.14 ( 51)  -0.44 ( 60)  -0.73 (111) |
BRINGOLD Solange - CASSIN Jacqueline                   |  224  -1.54 | -0.88  -0.66 | -0.65 ( 91)  -0.67 (133) | -0.84 ( 44)  -0.46 ( 47) |  0.05 ( 61)   0.02 ( 72)  -0.71 (133) |

                                                       |             |              |           Play           |        Declaring         |                Defending              |
Players                                                |  No. Butler |   Bid   Play |   Declaring    Defending |   Declarer1    Declarer2 |       Lead1        Lead2         Play |
SOLIMAN Hoda - HOMSY Marguerite                        |   48  -0.27 |  0.24  -0.51 | -0.98 ( 20)  -0.18 ( 28) |  0.42 (  5)  -1.45 ( 15) |  0.07 ( 23)  -0.26 (  5)  -0.19 ( 28) |
SINGLA Sneh Lata - SURANA Asha                         |   16  -0.56 | -1.08   0.52 |  0.95 ( 10)  -0.21 (  6) |  1.18 (  3)   0.86 (  7) |     - (  0)  -0.07 (  6)  -0.14 (  6) |
SURANA Asha - BAKSHI Meera                             |   16  -1.13 |  0.35  -1.47 | -1.09 (  6)  -1.70 ( 10) | -2.14 (  4)   1.02 (  2) | -0.96 (  4)  -1.16 (  6)  -0.63 ( 10) |
HOMSY Marguerite - KHOURI Maud                         |   16  -1.56 | -1.13  -0.43 | -0.96 ( 12)   1.17 (  4) |  1.74 (  5)  -2.90 (  7) |  0.00 (  1)   0.00 (  3)   1.17 (  4) |
SURANA Asha - NARULA Asha                              |   16  -1.94 | -1.49  -0.45 | -0.68 ( 10)  -0.07 (  6) |  0.16 (  1)  -0.77 (  9) |  0.05 (  3)   0.00 (  3)  -0.09 (  6) |
SINGLA Sneh Lata - NARULA Asha                         |   16  -2.69 | -2.47  -0.22 | -0.15 (  8)  -0.29 (  8) | -0.45 (  3)   0.03 (  5) |  0.04 (  4)   0.04 (  4)  -0.33 (  8) |

