                                                       |             |              |           Play           |        Declaring         |                Defending              |
Players                                                |  No.   IMPs |   Bid   Play |   Declaring    Defending |   Declarer1    Declarer2 |       Lead1        Lead2         Play |
STOCKDALE Susan - BROWN Fiona                          |  208   0.96 |  0.49   0.46 |  0.63 (100)   0.30 (108) |  0.53 ( 43)   0.71 ( 57) | -0.59 ( 42)   0.12 ( 66)   0.46 (108) |
SIMONS Anneke - PASMAN Jet                             |  223   0.86 |  0.46   0.40 |  0.20 (106)   0.58 (117) |  0.40 ( 41)   0.07 ( 65) |  0.10 ( 55)  -0.04 ( 62)   0.55 (117) |
BALDYSZ Cathy - SARNIAK Anna                           |  224   0.79 |  0.24   0.55 |  0.98 (124)   0.02 (100) |  0.19 ( 47)   1.47 ( 77) |  0.32 ( 56)  -0.08 ( 44)  -0.13 (100) |
YAN Ru - LIU Yan                                       |  256   0.78 |  0.36   0.42 |  0.41 (120)   0.43 (134) |  0.52 ( 64)   0.29 ( 56) |  0.24 ( 81)   0.14 ( 53)   0.23 (134) |
WORTEL Meike - MICHIELSEN Marion                       |  224   0.74 |  0.34   0.40 |  0.35 (117)   0.45 (107) |  0.47 ( 63)   0.21 ( 54) |  0.54 ( 48)   0.03 ( 59)   0.20 (107) |
YAVAS Dilek - OYMEN Ozlem                              |  224   0.63 |  0.44   0.19 |  0.21 (127)   0.15 ( 97) |  0.53 ( 68)  -0.15 ( 59) |  0.09 ( 52)   0.25 ( 45)  -0.01 ( 97) |
WANG Liping - WANG Wen Fei                             |  240   0.62 |  0.46   0.15 |  0.24 (123)   0.07 (117) |  0.30 ( 66)   0.16 ( 57) | -0.05 ( 51)  -0.16 ( 66)   0.18 (117) |
DEAS Lynn - PALMER Beth                                |  272   0.58 |  0.18   0.40 |  0.54 (144)   0.25 (128) |  0.74 ( 62)   0.39 ( 82) | -0.13 ( 60)   0.33 ( 68)   0.14 (128) |
LEVITINA Irina - SANBORN Kerri                         |  288   0.57 |  0.19   0.37 |  0.21 (146)   0.54 (142) | -0.08 ( 84)   0.61 ( 62) | -0.01 ( 78)   0.15 ( 64)   0.48 (142) |
TACZEWSKA Joanna - DUFRAT Katarzyna                    |  224   0.55 |  0.50   0.05 |  0.11 (113)  -0.01 (111) |  0.35 ( 63)  -0.19 ( 50) | -0.27 ( 64)  -0.04 ( 47)   0.16 (111) |
ADUT Vera - ATALAY Belis                               |  192   0.53 |  0.38   0.15 |  0.38 ( 97)  -0.08 ( 95) |  0.07 ( 37)   0.57 ( 60) | -0.10 ( 51)   0.39 ( 44)  -0.21 ( 95) |
ZUR-CAMPANILE Migry - MEYERS Jill                      |  240   0.50 | -0.03   0.52 |  0.44 (128)   0.62 (112) |  0.02 ( 70)   0.94 ( 58) |  0.08 ( 50)   0.15 ( 62)   0.50 (112) |
SONSINI Barbara - RADIN Judi                           |  112   0.48 |  0.21   0.26 |  0.28 ( 52)   0.25 ( 60) | -0.29 ( 21)   0.67 ( 31) |  0.14 ( 28)   0.26 ( 32)   0.04 ( 60) |
VAN ZWOL Wietske - ARNOLDS Carla                       |  223   0.47 |  0.34   0.13 |  0.15 (125)   0.09 ( 98) |  0.28 ( 51)   0.06 ( 74) |  0.16 ( 53)   0.04 ( 45)  -0.01 ( 98) |
GAVIARD Daniele - REESS Vanessa                        |  208   0.45 |  0.15   0.30 |  0.24 (110)   0.37 ( 98) |  0.16 ( 59)   0.34 ( 51) |  0.24 ( 45)   0.15 ( 53)   0.18 ( 98) |
WOLPERT Jenny - LEVIN Jill                             |  207   0.43 |  0.33   0.10 |  0.36 (102)  -0.14 (105) |  0.45 ( 46)   0.28 ( 56) | -0.09 ( 50)   0.38 ( 55)  -0.30 (105) |
SJOBERG Emma - RIMSTEDT Sandra                         |  223   0.40 |  0.49  -0.09 | -0.03 (123)  -0.18 (100) | -0.23 ( 57)   0.15 ( 66) |  0.19 ( 53)  -0.08 ( 47)  -0.24 (100) |
SHIMAMURA Kyoko - SATO Makiko                          |  224   0.39 |  0.43  -0.04 |  0.30 (108)  -0.35 (115) |  0.57 ( 68)  -0.18 ( 40) | -0.49 ( 55)  -0.26 ( 60)   0.03 (115) |
CUMPSTONE Karen - EATON Joan                           |  224   0.38 |  0.15   0.24 |  0.17 (111)   0.31 (112) |  0.31 ( 60)   0.01 ( 51) |  0.07 ( 53)   0.35 ( 59)   0.09 (112) |
ALEGRE Eleonora - HERRERA Florencia                    |  240   0.38 |  0.47  -0.09 | -0.02 (113)  -0.15 (127) | -0.33 ( 52)   0.25 ( 61) | -0.09 ( 65)   0.19 ( 62)  -0.20 (127) |
EYTHORSDOTTIR Hjordis - SEAMON-MOLSON Janice           |  224   0.35 |  0.30   0.05 |  0.23 (131)  -0.19 ( 93) |  0.28 ( 66)   0.17 ( 65) | -0.04 ( 44)  -0.27 ( 49)  -0.03 ( 93) |
D'OVIDIO Catherine - NEVE Joanna                       |  240   0.34 |  0.34   0.00 |  0.34 (121)  -0.33 (118) |  0.12 ( 73)   0.67 ( 48) | -0.25 ( 59)  -0.01 ( 59)  -0.20 (118) |
ZMUDA Justyna - KAZMUCHA Danuta                        |  224   0.32 | -0.09   0.41 | -0.05 (100)   0.78 (123) |  0.40 ( 42)  -0.38 ( 58) |  0.09 ( 65)   0.39 ( 58)   0.54 (123) |
AHLESVED Catharina - GRONKVIST Maria                   |  224   0.30 |  0.08   0.22 |  0.24 (111)   0.20 (113) | -0.20 ( 53)   0.64 ( 58) |  0.15 ( 56)   0.13 ( 57)   0.07 (113) |
WILLARD Sylvie - CRONIER Benedicte                     |  224   0.25 |  0.43  -0.17 | -0.17 (116)  -0.18 (108) |  0.08 ( 55)  -0.39 ( 61) |  0.28 ( 38)  -0.22 ( 70)  -0.14 (108) |
SMITH Nicola - BROCK Sally                             |  224   0.16 | -0.14   0.30 |  0.66 (105)  -0.01 (119) |  0.15 ( 51)   1.14 ( 54) | -0.08 ( 59)  -0.28 ( 60)   0.17 (119) |
DEWI Suci Amita - MURNIATI Kristina Wahyu              |  272   0.14 | -0.05   0.19 |  0.07 (131)   0.29 (141) | -0.08 ( 60)   0.21 ( 71) | -0.06 ( 65)   0.20 ( 76)   0.21 (141) |
YANAGISAWA Akiko - FUKUYOSHI Yuki                      |  208   0.14 |  0.10   0.03 |  0.19 (105)  -0.13 (102) |  0.18 ( 64)   0.22 ( 41) |  0.09 ( 64)   0.27 ( 38)  -0.29 (102) |
VARGAS DE ANDRADE Isabella - PAIN Leda                 |  256   0.10 | -0.16   0.26 |  0.66 (108)  -0.03 (148) |  0.82 ( 37)   0.57 ( 71) | -0.39 ( 80)   0.45 ( 68)  -0.02 (148) |
BOURKE Margaret - LUSK Sue                             |  224   0.08 |  0.07   0.01 | -0.13 (121)   0.17 (103) |  0.15 ( 71)  -0.53 ( 50) | -0.08 ( 56)   0.26 ( 47)   0.10 (103) |
ACAR Asli - KURANOGLU Serap                            |  256   0.07 |  0.29  -0.23 | -0.11 (119)  -0.33 (137) | -0.18 ( 68)  -0.02 ( 51) | -0.07 ( 55)  -0.19 ( 82)  -0.18 (137) |
SUMMERS-CALEY Sylvia - CIMON Francine                  |  224   0.05 |  0.27  -0.21 | -0.23 (119)  -0.19 (105) | -0.23 ( 51)  -0.23 ( 68) | -0.37 ( 55)  -0.11 ( 50)   0.06 (105) |
DHONDY Heather - SENIOR Nevena                         |  240   0.03 |  0.09  -0.06 |  0.10 (127)  -0.25 (112) |  0.15 ( 52)   0.07 ( 75) | -0.18 ( 58)  -0.21 ( 54)  -0.06 (112) |
TUEJE Julita Grace - BOJOH Lusje Olha                  |  255  -0.01 | -0.05   0.05 | -0.05 (131)   0.15 (124) | -0.04 ( 66)  -0.06 ( 65) | -0.18 ( 65)   0.10 ( 59)   0.19 (124) |
DJUROVIC Nevena - HAVAS Elizabeth                      |  224  -0.01 |  0.06  -0.07 |  0.08 (112)  -0.22 (112) |  0.45 ( 53)  -0.25 ( 59) | -0.37 ( 44)   0.04 ( 68)  -0.10 (112) |
NISHIDA Natsuko - OHNO Michiko                         |  240  -0.05 |  0.06  -0.11 | -0.49 (124)   0.29 (116) | -0.40 ( 66)  -0.59 ( 58) |  0.01 ( 58)   0.12 ( 58)   0.23 (116) |
DE GUZMAN Mary Cristy Ann - ENCONTRO Mylene            |  224  -0.06 | -0.05  -0.02 | -0.07 (107)   0.03 (117) | -0.28 ( 55)   0.16 ( 52) |  0.06 ( 56)   0.11 ( 61)  -0.06 (117) |
SMALINSKY Ana Lia - ELKIN Irene                        |  208  -0.08 |  0.05  -0.13 | -0.01 ( 99)  -0.23 (108) | -0.20 ( 40)   0.12 ( 59) | -0.06 ( 50)  -0.33 ( 58)  -0.03 (108) |
WILKINSON Jenny - NEWTON Shirley                       |  239  -0.12 | -0.17   0.05 |  0.06 (109)   0.04 (130) |  0.17 ( 60)  -0.08 ( 49) |  0.08 ( 64)   0.20 ( 66)  -0.10 (130) |
BERTHEAU Kathrine - LARSSON Jessica                    |  223  -0.17 | -0.28   0.11 |  0.21 (115)   0.01 (108) |  0.33 ( 66)   0.04 ( 49) |  0.06 ( 58)  -0.25 ( 50)   0.09 (108) |
TAN Gemma - GALLEGO Tina J. Del                        |  224  -0.17 | -0.19   0.02 | -0.28 (102)   0.27 (122) | -0.47 ( 54)  -0.07 ( 48) |  0.23 ( 65)   0.00 ( 57)   0.15 (122) |
SUMAMPOUW Conny - ANDHANI Rury                         |  143  -0.18 | -0.39   0.21 |  0.06 ( 71)   0.36 ( 72) | -0.11 ( 30)   0.19 ( 41) | -0.05 ( 35)  -0.07 ( 37)   0.42 ( 72) |
MANDELOT Agota - NOGUEIRA Heloisa                      |  176  -0.19 | -0.20   0.01 |  0.20 ( 84)  -0.17 ( 92) |  0.33 ( 44)   0.06 ( 40) |  0.12 ( 42)   0.22 ( 50)  -0.35 ( 92) |
WATTAR Nada - KHOURI Maud                              |  256  -0.21 | -0.14  -0.07 |  0.07 (133)  -0.23 (123) |  0.28 ( 73)  -0.18 ( 60) | -0.11 ( 69)   0.03 ( 54)  -0.18 (123) |
DAVID Paula - DE MELLO Sylvia Figueira                 |  240  -0.24 | -0.07  -0.17 | -0.29 (133)  -0.01 (107) | -0.26 ( 83)  -0.34 ( 50) |  0.12 ( 50)  -0.08 ( 57)  -0.02 (107) |
AZWER Zeenat - AGHA Rubina                             |  256  -0.26 | -0.26   0.00 | -0.02 (134)   0.03 (121) |  0.22 ( 77)  -0.34 ( 57) |  0.03 ( 73)  -0.11 ( 48)   0.05 (121) |
CARTNER Linda - PALMER Glenis                          |  192  -0.26 |  0.09  -0.35 | -0.03 ( 91)  -0.64 (101) | -0.34 ( 48)   0.32 ( 43) | -0.18 ( 58)  -0.61 ( 43)  -0.28 (101) |
THORPE Catherine (Katie) - DEMME Ina                   |  224  -0.27 | -0.26  -0.02 |  0.26 (100)  -0.24 (124) |  0.21 ( 49)   0.31 ( 51) |  0.05 ( 69)   0.36 ( 55)  -0.43 (124) |
ESPINOSA-PAZ Maria Jose - PREVIDE Maria Cecilia        |  223  -0.31 | -0.33   0.02 |  0.20 (116)  -0.16 (106) |  0.48 ( 65)  -0.16 ( 51) | -0.14 ( 43)   0.01 ( 63)  -0.11 (106) |
GOLAN Erica - MODLIN Merle                             |  223  -0.33 | -0.08  -0.24 | -0.27 (110)  -0.21 (112) | -0.23 ( 52)  -0.31 ( 58) |  0.12 ( 70)  -0.03 ( 42)  -0.28 (112) |
CORMACK Jan - ALABASTER Jan                            |  239  -0.36 | -0.18  -0.17 | -0.27 (124)  -0.07 (114) | -0.95 ( 58)   0.33 ( 66) | -0.52 ( 51)   0.09 ( 63)   0.11 (114) |
BOKHARI Roshan Ara - DOSSA Qudsia                      |  208  -0.43 | -0.45   0.02 |  0.40 (107)  -0.39 (100) |  0.13 ( 53)   0.67 ( 54) | -0.10 ( 55)  -0.68 ( 45)  -0.03 (100) |
FABBRICATORE Sophie - GARCIA Anne                      |  224  -0.46 | -0.17  -0.30 | -0.25 (117)  -0.35 (106) |  0.07 ( 60)  -0.59 ( 57) |  0.25 ( 64)   0.10 ( 42)  -0.54 (106) |
THIRION Christiane - BISTOQUET Chantal                 |  224  -0.52 | -0.01  -0.51 | -0.59 (119)  -0.42 (105) | -0.80 ( 59)  -0.38 ( 60) | -0.19 ( 40)   0.28 ( 65)  -0.51 (105) |
ZHANG Yu - FENG Xuefeng                                |  176  -0.56 | -0.58   0.02 |  0.36 ( 94)  -0.38 ( 81) |  0.29 ( 51)   0.45 ( 43) | -0.19 ( 39)  -0.11 ( 42)  -0.23 ( 81) |
TRAVIS Barbara - GINSBERG Candice                      |  224  -0.60 | -0.48  -0.12 | -0.03 ( 96)  -0.19 (128) |  0.03 ( 57)  -0.12 ( 39) | -0.20 ( 70)  -0.34 ( 58)   0.08 (128) |
SURANA Asha - BHATNAGAR DEVI MUTHU                     |  128  -0.60 | -0.45  -0.15 | -0.24 ( 56)  -0.08 ( 72) | -0.91 ( 30)   0.54 ( 26) | -0.55 ( 23)   0.07 ( 49)   0.05 ( 72) |
CHILD Christine - ROSSLEE Diana                        |  224  -0.62 | -0.37  -0.24 | -0.07 ( 84)  -0.35 (140) |  0.07 ( 49)  -0.27 ( 35) | -0.42 ( 74)  -0.41 ( 66)   0.07 (140) |
TISLEVOLL Faith - EGAN Victoria                        |  224  -0.62 | -0.42  -0.19 |  0.08 (118)  -0.50 (106) |  0.49 ( 61)  -0.36 ( 57) | -0.21 ( 51)  -0.01 ( 55)  -0.39 (106) |
SINGLA Sneh Lata - BAKSHI Meera                        |  208  -0.63 | -0.25  -0.38 | -0.42 (108)  -0.34 ( 99) |  0.09 ( 63)  -1.13 ( 45) | -0.34 ( 44)   0.23 ( 55)  -0.31 ( 99) |
BERNSTEIN Roz - SANDLER Ghita                          |  224  -0.64 | -0.26  -0.38 | -0.38 (120)  -0.38 (104) | -0.16 ( 65)  -0.64 ( 55) |  0.02 ( 49)  -0.26 ( 55)  -0.25 (104) |
AUDICHE Christina - HOMSY Marguerite                   |  176  -0.80 | -0.58  -0.22 | -0.16 ( 90)  -0.28 ( 86) | -0.95 ( 16)   0.01 ( 74) | -0.13 ( 72)  -0.13 ( 14)  -0.15 ( 86) |
BAKUL SHAH Vasanti - KSHIRSAGAR Alka                   |  271  -0.89 | -0.45  -0.44 | -0.40 (137)  -0.49 (133) | -0.62 ( 88)   0.01 ( 49) | -0.13 ( 78)   0.06 ( 55)  -0.43 (133) |
SOLIMAN Hoda - PHILIPPE PASCAL Catherine               |  176  -0.96 | -0.45  -0.52 | -0.60 ( 79)  -0.45 ( 97) | -0.60 ( 39)  -0.61 ( 40) |  0.02 ( 55)  -0.21 ( 42)  -0.37 ( 97) |
HAI Rubina Saeed - RAZA Fatima                         |  208  -1.10 | -0.25  -0.85 | -0.78 ( 97)  -0.91 (111) | -0.36 ( 54)  -1.31 ( 43) | -0.17 ( 51)  -0.40 ( 60)  -0.62 (111) |
BRINGOLD Solange - CASSIN Jacqueline                   |  224  -1.42 | -0.79  -0.63 | -0.61 ( 91)  -0.64 (133) | -0.79 ( 44)  -0.45 ( 47) |  0.04 ( 61)   0.01 ( 72)  -0.67 (133) |

                                                       |             |              |           Play           |        Declaring         |                Defending              |
Players                                                |  No.   IMPs |   Bid   Play |   Declaring    Defending |   Declarer1    Declarer2 |       Lead1        Lead2         Play |
SOLIMAN Hoda - HOMSY Marguerite                        |   48  -0.20 |  0.21  -0.41 | -0.74 ( 20)  -0.18 ( 28) |  0.49 (  5)  -1.15 ( 15) |  0.10 ( 23)  -0.27 (  5)  -0.21 ( 28) |
SINGLA Sneh Lata - SURANA Asha                         |   16  -0.45 | -1.00   0.55 |  1.02 ( 10)  -0.24 (  6) |  1.06 (  3)   1.01 (  7) |     - (  0)  -0.08 (  6)  -0.16 (  6) |
HOMSY Marguerite - KHOURI Maud                         |   16  -1.00 | -0.73  -0.26 | -0.71 ( 12)   1.07 (  4) |  1.62 (  5)  -2.37 (  7) |  0.00 (  1)   0.00 (  3)   1.07 (  4) |
SURANA Asha - BAKSHI Meera                             |   16  -1.16 |  0.34  -1.50 | -1.10 (  6)  -1.74 ( 10) | -2.14 (  4)   0.98 (  2) | -0.94 (  4)  -1.19 (  6)  -0.65 ( 10) |
SURANA Asha - NARULA Asha                              |   16  -2.06 | -1.69  -0.37 | -0.56 ( 10)  -0.06 (  6) |  0.14 (  1)  -0.64 (  9) |  0.05 (  3)   0.00 (  3)  -0.08 (  6) |
SINGLA Sneh Lata - NARULA Asha                         |   16  -2.50 | -2.30  -0.20 | -0.20 (  8)  -0.20 (  8) | -0.43 (  3)  -0.06 (  5) |  0.04 (  4)   0.05 (  4)  -0.25 (  8) |

