1|17|2|999|1|999|4S|E|11|D2
1|17|999|5|999|4|4S|W|9|D4
1|17|999|999|999|999|1H|E|11|DJ
1|17|999|999|999|999|2N|E|7|D5
1|17|999|999|999|999|2S|E|9|H3
1|17|999|999|999|999|2S|W|10|D3
1|17|999|999|999|999|2S|W|10|D4
1|17|999|999|999|999|2S|W|9|S3
1|17|999|999|999|999|3N|E|7|D2
1|17|999|999|999|999|3N|E|7|D5
1|17|999|999|999|999|3N|E|7|D5
1|17|999|999|999|999|3N|E|7|SQ
1|17|999|999|999|999|3N|E|8|D2
1|17|999|999|999|999|3N|W|7|D9
1|17|999|999|999|999|3S|E|9|D3
1|17|999|999|999|999|3S|W|9|D2
1|17|999|999|999|999|4H|E|10|D2
1|17|999|999|999|999|4H|E|10|D2
1|17|999|999|999|999|4H|E|9|D2
1|17|999|999|999|999|4H|E|9|D2
1|17|999|999|999|999|4H|E|9|D5
1|17|999|999|999|999|4H|W|9|D5
1|17|999|999|999|999|4S|E|10|D2
1|17|999|999|999|999|4S|E|10|D2
1|17|999|999|999|999|4S|E|10|D2
1|17|999|999|999|999|4S|E|10|D2
1|17|999|999|999|999|4S|E|10|D3
1|17|999|999|999|999|4S|E|10|D4
1|17|999|999|999|999|4S|E|10|D5
1|17|999|999|999|999|4S|E|10|D5
1|17|999|999|999|999|4S|E|10|D5
1|17|999|999|999|999|4S|E|10|H3
1|17|999|999|999|999|4S|E|10|SJ
1|17|999|999|999|999|4S|E|10|SQ
1|17|999|999|999|999|4S|E|11|D2
1|17|999|999|999|999|4S|E|11|D2
1|17|999|999|999|999|4S|E|11|D2
1|17|999|999|999|999|4S|E|11|D2
1|17|999|999|999|999|4S|E|11|D3
1|17|999|999|999|999|4S|E|11|H3
1|17|999|999|999|999|4S|E|11|H6
1|17|999|999|999|999|4S|E|9|D2
1|17|999|999|999|999|4S|E|9|D2
1|17|999|999|999|999|4S|E|9|D2
1|17|999|999|999|999|4S|E|9|D5
1|17|999|999|999|999|4S|E|9|D5
1|17|999|999|999|999|4S|W|10|C3
1|17|999|999|999|999|4S|W|10|CT
1|17|999|999|999|999|4S|W|10|D2
1|17|999|999|999|999|4S|W|10|D4
1|17|999|999|999|999|4S|W|10|D9
1|17|999|999|999|999|4S|W|10|DJ
1|17|999|999|999|999|4S|W|10|S4
1|17|999|999|999|999|4S|W|8|D4
1|17|999|999|999|999|4S|W|9|D2
1|17|999|999|999|999|4S|W|9|D2
1|17|999|999|999|999|4S|W|9|D2
1|17|999|999|999|999|6H|E|11|D2
1|18|2|999|1|999|2S|E|6|C5
1|18|999|5|999|4|3D|W|6|D2
1|18|999|999|999|999|1N|E|6|C6
1|18|999|999|999|999|1S|E|8|C5
1|18|999|999|999|999|1S|N|7|DQ
1|18|999|999|999|999|2H|S|10|DA
1|18|999|999|999|999|2H|S|10|DA
1|18|999|999|999|999|2H|S|10|H8
1|18|999|999|999|999|2H|S|9|DK
1|18|999|999|999|999|2N|N|11|S6
1|18|999|999|999|999|2S|E|6|C3
1|18|999|999|999|999|2S|E|6|C5
1|18|999|999|999|999|2S|E|6|C5
1|18|999|999|999|999|2S|W|5|C5
1|18|999|999|999|999|2S|W|6|C5
1|18|999|999|999|999|2SX|E|5|C5
1|18|999|999|999|999|2SX|E|6|C5
1|18|999|999|999|999|2SX|E|6|DT
1|18|999|999|999|999|2SX|E|7|HA
1|18|999|999|999|999|3C|N|10|DA
1|18|999|999|999|999|3C|N|10|DQ
1|18|999|999|999|999|3C|N|12|C2
1|18|999|999|999|999|3C|N|12|C3
1|18|999|999|999|999|3C|N|12|C3
1|18|999|999|999|999|3C|N|9|DQ
1|18|999|999|999|999|3C|S|10|D3
1|18|999|999|999|999|3C|S|10|DA
1|18|999|999|999|999|3C|S|10|DA
1|18|999|999|999|999|3D|E|6|S3
1|18|999|999|999|999|3D|W|6|CA
1|18|999|999|999|999|3DX|W|6|H8
1|18|999|999|999|999|3H|N|10|DQ
1|18|999|999|999|999|3H|S|10|DA
1|18|999|999|999|999|3H|S|10|DA
1|18|999|999|999|999|3H|S|10|DA
1|18|999|999|999|999|3N|N|11|S7
1|18|999|999|999|999|3S|E|5|C6
1|18|999|999|999|999|3S|E|6|C5
1|18|999|999|999|999|3S|E|6|C5
1|18|999|999|999|999|3S|E|7|C6
1|18|999|999|999|999|3SX|E|5|C5
1|18|999|999|999|999|3SX|E|6|C2
1|18|999|999|999|999|3SX|E|6|C4
1|18|999|999|999|999|3SX|E|6|C5
1|18|999|999|999|999|3SX|E|6|C5
1|18|999|999|999|999|3SX|E|6|C5
1|18|999|999|999|999|3SX|E|6|DT
1|18|999|999|999|999|3SX|E|6|S4
1|18|999|999|999|999|3SX|E|6|S4
1|18|999|999|999|999|4C|N|10|DQ
1|18|999|999|999|999|4C|N|10|DQ
1|18|999|999|999|999|4H|S|10|DA
1|18|999|999|999|999|4HX|N|10|DA
1|18|999|999|999|999|4HX|N|10|DA
1|18|999|999|999|999|4SX|E|6|C6
1|18|999|999|999|999|4SX|N|7|DQ
1|18|999|999|999|999|5C|S|10|DA
1|18|999|999|999|999|5DX|W|6|CA
2|19|2|999|1|999|3N|W|12|H3
2|19|999|5|999|4|4N|W|13|S8
2|19|999|999|999|999|3N|E|12|H3
2|19|999|999|999|999|3N|E|13|D3
2|19|999|999|999|999|3N|E|9|H2
2|19|999|999|999|999|3N|E|9|H3
2|19|999|999|999|999|3N|W|11|S9
2|19|999|999|999|999|3N|W|12|D8
2|19|999|999|999|999|3N|W|12|H2
2|19|999|999|999|999|3N|W|12|H2
2|19|999|999|999|999|3N|W|12|H2
2|19|999|999|999|999|3N|W|12|H2
2|19|999|999|999|999|3N|W|12|H2
2|19|999|999|999|999|3N|W|12|H2
2|19|999|999|999|999|3N|W|12|H3
2|19|999|999|999|999|3N|W|12|S2
2|19|999|999|999|999|3N|W|12|S5
2|19|999|999|999|999|3N|W|12|S8
2|19|999|999|999|999|3N|W|12|S8
2|19|999|999|999|999|3N|W|12|S8
2|19|999|999|999|999|3N|W|12|S9
2|19|999|999|999|999|3N|W|13|D2
2|19|999|999|999|999|3N|W|13|H2
2|19|999|999|999|999|3N|W|13|S8
2|19|999|999|999|999|3N|W|13|S8
2|19|999|999|999|999|4D|E|9|H3
2|19|999|999|999|999|4D|W|10|CT
2|19|999|999|999|999|4HX|W|11|S8
2|19|999|999|999|999|4N|W|11|D8
2|19|999|999|999|999|4N|W|12|D8
2|19|999|999|999|999|4N|W|12|H2
2|19|999|999|999|999|4N|W|12|H2
2|19|999|999|999|999|4N|W|12|H2
2|19|999|999|999|999|4N|W|12|S2
2|19|999|999|999|999|4N|W|12|S5
2|19|999|999|999|999|4N|W|12|S8
2|19|999|999|999|999|4N|W|12|S8
2|19|999|999|999|999|4N|W|12|S9
2|19|999|999|999|999|4N|W|13|D8
2|19|999|999|999|999|5N|W|12|C4
2|19|999|999|999|999|6C|E|11|S4
2|19|999|999|999|999|6C|E|12|H3
2|19|999|999|999|999|6C|E|13|D6
2|19|999|999|999|999|6D|E|12|H5
2|19|999|999|999|999|6D|E|12|H6
2|19|999|999|999|999|6D|E|12|S9
2|19|999|999|999|999|6D|W|10|S2
2|19|999|999|999|999|6D|W|12|S5
2|19|999|999|999|999|6N|W|12|D8
2|19|999|999|999|999|6N|W|12|S5
2|19|999|999|999|999|6N|W|12|S8
2|19|999|999|999|999|6N|W|12|S8
2|19|999|999|999|999|6S|E|10|H6
2|19|999|999|999|999|6S|W|12|H2
2|19|999|999|999|999|P|S|0
2|19|999|999|999|999|P|S|0
2|19|999|999|999|999|P|S|0
2|19|999|999|999|999|P|S|0
2|20|2|999|1|999|4H|E|10|D4
2|20|999|5|999|4|4S|E|10|DT
2|20|999|999|999|999|2S|E|10|D4
2|20|999|999|999|999|2S|E|10|D5
2|20|999|999|999|999|3H|E|10|D5
2|20|999|999|999|999|3H|E|10|D5
2|20|999|999|999|999|3N|E|7|DA
2|20|999|999|999|999|3S|E|10|C6
2|20|999|999|999|999|3S|E|10|D5
2|20|999|999|999|999|4H|E|10|D2
2|20|999|999|999|999|4H|E|10|D4
2|20|999|999|999|999|4H|E|10|D5
2|20|999|999|999|999|4H|E|10|D5
2|20|999|999|999|999|4H|E|10|D5
2|20|999|999|999|999|4H|W|10|D5
2|20|999|999|999|999|4H|W|10|DA
2|20|999|999|999|999|4S|E|10|C6
2|20|999|999|999|999|4S|E|10|D2
2|20|999|999|999|999|4S|E|10|D2
2|20|999|999|999|999|4S|E|10|D3
2|20|999|999|999|999|4S|E|10|D4
2|20|999|999|999|999|4S|E|10|D4
2|20|999|999|999|999|4S|E|10|D4
2|20|999|999|999|999|4S|E|10|D4
2|20|999|999|999|999|4S|E|10|D4
2|20|999|999|999|999|4S|E|10|D4
2|20|999|999|999|999|4S|E|10|D4
2|20|999|999|999|999|4S|E|10|D4
2|20|999|999|999|999|4S|E|10|D4
2|20|999|999|999|999|4S|E|10|D4
2|20|999|999|999|999|4S|E|10|D5
2|20|999|999|999|999|4S|E|10|D5
2|20|999|999|999|999|4S|E|10|D5
2|20|999|999|999|999|4S|E|10|D5
2|20|999|999|999|999|4S|E|10|D5
2|20|999|999|999|999|4S|E|10|D5
2|20|999|999|999|999|4S|E|10|D5
2|20|999|999|999|999|4S|E|10|D5
2|20|999|999|999|999|4S|E|10|DT
2|20|999|999|999|999|4S|E|10|DT
2|20|999|999|999|999|4S|E|10|DT
2|20|999|999|999|999|4S|E|10|HA
2|20|999|999|999|999|4S|E|9|H3
2|20|999|999|999|999|4S|W|10|D4
2|20|999|999|999|999|4S|W|10|D5
2|20|999|999|999|999|4S|W|10|D7
2|20|999|999|999|999|4S|W|10|DA
2|20|999|999|999|999|4S|W|10|DA
2|20|999|999|999|999|4S|W|10|DA
2|20|999|999|999|999|4S|W|10|DA
2|20|999|999|999|999|4S|W|10|DA
2|20|999|999|999|999|4S|W|10|DA
2|20|999|999|999|999|4S|W|10|DK
2|20|999|999|999|999|4S|W|10|H3
2|20|999|999|999|999|4S|W|9|DA
2|20|999|999|999|999|5H|E|10|D7
2|20|999|999|999|999|5S|E|10|D4
2|20|999|999|999|999|5S|W|10|DK
3|21|2|999|1|999|4S|E|8|D2
3|21|999|5|999|4|2CX|N|6|H7
3|21|999|999|999|999|1N|E|6|C5
3|21|999|999|999|999|1N|N|5|DQ
3|21|999|999|999|999|1N|N|5|DQ
3|21|999|999|999|999|1N|N|5|DQ
3|21|999|999|999|999|1N|N|6|C5
3|21|999|999|999|999|1N|N|6|C6
3|21|999|999|999|999|1N|N|6|DQ
3|21|999|999|999|999|1N|N|6|S4
3|21|999|999|999|999|1N|N|7|C5
3|21|999|999|999|999|1N|N|7|C6
3|21|999|999|999|999|1N|N|7|C7
3|21|999|999|999|999|1N|N|7|DQ
3|21|999|999|999|999|1N|N|7|H3
3|21|999|999|999|999|1NX|N|6|C6
3|21|999|999|999|999|1NX|N|6|DQ
3|21|999|999|999|999|1S|E|8|D3
3|21|999|999|999|999|1SXX|E|8|H5
3|21|999|999|999|999|2C|N|7|H7
3|21|999|999|999|999|2D|E|8|C3
3|21|999|999|999|999|2D|N|4|H7
3|21|999|999|999|999|2D|N|4|H7
3|21|999|999|999|999|2D|N|4|H7
3|21|999|999|999|999|2D|N|5|H3
3|21|999|999|999|999|2D|N|5|S5
3|21|999|999|999|999|2D|N|5|S5
3|21|999|999|999|999|2D|N|6|H7
3|21|999|999|999|999|2D|N|7|DQ
3|21|999|999|999|999|2HX|W|6|DA
3|21|999|999|999|999|2N|N|5|S2
3|21|999|999|999|999|2S|E|10|D2
3|21|999|999|999|999|2S|E|7|H6
3|21|999|999|999|999|2S|E|8|D2
3|21|999|999|999|999|2S|E|8|H3
3|21|999|999|999|999|2S|E|9|D2
3|21|999|999|999|999|2S|W|8|DA
3|21|999|999|999|999|2S|W|8|HQ
3|21|999|999|999|999|3CX|S|6|HA
3|21|999|999|999|999|3N|W|6|DA
3|21|999|999|999|999|3S|E|8|D3
3|21|999|999|999|999|3S|E|8|D3
3|21|999|999|999|999|3S|E|9|C2
3|21|999|999|999|999|3S|E|9|D3
3|21|999|999|999|999|3S|E|9|H2
3|21|999|999|999|999|4S|E|8|D2
3|21|999|999|999|999|4S|E|8|D2
3|21|999|999|999|999|4S|E|8|D2
3|21|999|999|999|999|4S|E|8|D3
3|21|999|999|999|999|4S|E|8|D3
3|21|999|999|999|999|4S|E|8|H3
3|21|999|999|999|999|4S|E|9|C3
3|21|999|999|999|999|4S|E|9|D2
3|21|999|999|999|999|4S|E|9|D2
3|21|999|999|999|999|4S|E|9|D3
3|21|999|999|999|999|4S|E|9|H2
3|21|999|999|999|999|4S|W|8|DA
3|21|999|999|999|999|4S|W|9|H2
3|22|2|999|1|999|2S|W|8|CT
3|22|999|5|999|4|2S|W|7|SJ
3|22|999|999|999|999|1N|N|7|ST
3|22|999|999|999|999|1N|N|7|ST
3|22|999|999|999|999|1N|N|8|S9
3|22|999|999|999|999|1N|N|8|ST
3|22|999|999|999|999|1N|N|8|ST
3|22|999|999|999|999|1N|S|6|SA
3|22|999|999|999|999|1N|S|8|SA
3|22|999|999|999|999|1N|W|6|C2
3|22|999|999|999|999|1S|S|7|HK
3|22|999|999|999|999|1S|W|7|HK
3|22|999|999|999|999|1S|W|8|HK
3|22|999|999|999|999|2C|N|8|ST
3|22|999|999|999|999|2C|N|8|ST
3|22|999|999|999|999|2C|N|8|ST
3|22|999|999|999|999|2H|S|7|H3
3|22|999|999|999|999|2H|S|7|SA
3|22|999|999|999|999|2H|S|7|SA
3|22|999|999|999|999|2H|S|7|SA
3|22|999|999|999|999|2H|S|7|SA
3|22|999|999|999|999|2H|S|7|SA
3|22|999|999|999|999|2H|S|7|SA
3|22|999|999|999|999|2H|S|7|SA
3|22|999|999|999|999|2H|S|7|SA
3|22|999|999|999|999|2H|S|7|SA
3|22|999|999|999|999|2H|S|7|SK
3|22|999|999|999|999|2H|S|8|C2
3|22|999|999|999|999|2H|S|8|SA
3|22|999|999|999|999|2H|S|8|SK
3|22|999|999|999|999|2S|E|8|HK
3|22|999|999|999|999|2S|W|7|DA
3|22|999|999|999|999|2S|W|7|HK
3|22|999|999|999|999|2S|W|7|S2
3|22|999|999|999|999|2S|W|8|DA
3|22|999|999|999|999|2S|W|8|HK
3|22|999|999|999|999|2S|W|8|HK
3|22|999|999|999|999|2S|W|8|HK
3|22|999|999|999|999|2S|W|8|HK
3|22|999|999|999|999|2S|W|8|HK
3|22|999|999|999|999|2S|W|8|HK
3|22|999|999|999|999|3C|N|7|S9
3|22|999|999|999|999|3C|N|7|ST
3|22|999|999|999|999|3C|N|7|ST
3|22|999|999|999|999|3C|N|8|ST
3|22|999|999|999|999|3C|N|8|ST
3|22|999|999|999|999|3C|N|8|ST
3|22|999|999|999|999|3C|S|8|SA
3|22|999|999|999|999|3C|S|8|ST
3|22|999|999|999|999|3H|S|7|SA
3|22|999|999|999|999|3H|S|7|SA
3|22|999|999|999|999|3H|S|7|SA
3|22|999|999|999|999|3H|S|7|SK
3|22|999|999|999|999|3H|S|8|SA
3|22|999|999|999|999|3H|S|9|SA
3|22|999|999|999|999|3S|E|8|CK
3|22|999|999|999|999|3SX|W|8|HK
3|22|999|999|999|999|4H|N|8|H3
4|23|2|999|1|999|3C|E|12|HT
4|23|999|5|999|4|4C|E|9|ST
4|23|999|999|999|999|2S|E|9|DK
4|23|999|999|999|999|2S|N|9|CA
4|23|999|999|999|999|2S|S|10|C9
4|23|999|999|999|999|2S|S|9|C7
4|23|999|999|999|999|2S|S|9|C7
4|23|999|999|999|999|2S|S|9|CA
4|23|999|999|999|999|3C|E|12|HT
4|23|999|999|999|999|3C|E|9|H3
4|23|999|999|999|999|3C|E|9|H3
4|23|999|999|999|999|3C|E|9|H9
4|23|999|999|999|999|3C|E|9|HT
4|23|999|999|999|999|3C|N|9|DQ
4|23|999|999|999|999|3D|W|10|HK
4|23|999|999|999|999|3HX|W|8|C2
4|23|999|999|999|999|3N|E|7|S9
4|23|999|999|999|999|3NX|E|9|C3
4|23|999|999|999|999|3S|E|9|HT
4|23|999|999|999|999|3S|N|10|CA
4|23|999|999|999|999|3S|N|10|CK
4|23|999|999|999|999|3S|N|9|CA
4|23|999|999|999|999|3S|N|9|CA
4|23|999|999|999|999|3S|N|9|CA
4|23|999|999|999|999|3S|N|9|CA
4|23|999|999|999|999|3S|N|9|CA
4|23|999|999|999|999|3S|N|9|CK
4|23|999|999|999|999|3S|S|10|C5
4|23|999|999|999|999|3S|S|10|C7
4|23|999|999|999|999|3S|S|10|DA
4|23|999|999|999|999|3S|S|10|SJ
4|23|999|999|999|999|3S|S|9|C5
4|23|999|999|999|999|3S|S|9|C7
4|23|999|999|999|999|3S|S|9|CJ
4|23|999|999|999|999|4C|E|10|S9
4|23|999|999|999|999|4C|E|11|S2
4|23|999|999|999|999|4C|E|12|H6
4|23|999|999|999|999|4C|E|9|H9
4|23|999|999|999|999|4C|E|9|HT
4|23|999|999|999|999|4C|E|9|HT
4|23|999|999|999|999|4C|E|9|S9
4|23|999|999|999|999|4C|E|9|ST
4|23|999|999|999|999|4C|E|9|ST
4|23|999|999|999|999|4C|E|9|ST
4|23|999|999|999|999|4C|E|9|ST
4|23|999|999|999|999|4C|W|11|S3
4|23|999|999|999|999|4C|W|9|HK
4|23|999|999|999|999|4C|W|9|HT
4|23|999|999|999|999|4D|E|9|H3
4|23|999|999|999|999|4D|W|10|HK
4|23|999|999|999|999|4D|W|10|HK
4|23|999|999|999|999|4D|W|9|HK
4|23|999|999|999|999|4D|W|9|HK
4|23|999|999|999|999|4D|W|9|HK
4|23|999|999|999|999|4S|S|10|DA
4|23|999|999|999|999|4S|S|9|C7
4|23|999|999|999|999|5C|E|11|ST
4|23|999|999|999|999|5C|E|9|H3
4|24|2|999|1|999|6H|W|12|SQ
4|24|999|5|999|4|6H|E|12|D6
4|24|999|999|999|999|3N|E|11|S2
4|24|999|999|999|999|3N|E|11|S2
4|24|999|999|999|999|3N|E|12|H3
4|24|999|999|999|999|3N|E|12|H3
4|24|999|999|999|999|3N|E|12|H6
4|24|999|999|999|999|3N|E|12|S2
4|24|999|999|999|999|3N|E|12|S2
4|24|999|999|999|999|3N|E|12|S3
4|24|999|999|999|999|3N|E|12|S4
4|24|999|999|999|999|3N|E|12|S6
4|24|999|999|999|999|3N|E|12|ST
4|24|999|999|999|999|3N|E|12|ST
4|24|999|999|999|999|3N|E|13|D6
4|24|999|999|999|999|3N|E|13|ST
4|24|999|999|999|999|4H|E|11|CJ
4|24|999|999|999|999|4H|E|11|D3
4|24|999|999|999|999|4H|E|11|S2
4|24|999|999|999|999|4H|E|12|C4
4|24|999|999|999|999|4H|E|12|D4
4|24|999|999|999|999|4H|E|12|D4
4|24|999|999|999|999|4H|E|12|D6
4|24|999|999|999|999|4H|E|12|S2
4|24|999|999|999|999|4H|E|12|S6
4|24|999|999|999|999|4H|W|11|C4
4|24|999|999|999|999|4H|W|12|C4
4|24|999|999|999|999|4H|W|12|C7
4|24|999|999|999|999|4H|W|12|H6
4|24|999|999|999|999|4H|W|12|SQ
4|24|999|999|999|999|4H|W|12|SQ
4|24|999|999|999|999|4H|W|12|SQ
4|24|999|999|999|999|4H|W|12|SQ
4|24|999|999|999|999|4N|E|12|S2
4|24|999|999|999|999|5H|W|12|SQ
4|24|999|999|999|999|5H|W|12|SQ
4|24|999|999|999|999|5H|W|12|SQ
4|24|999|999|999|999|6DXX|E|11|ST
4|24|999|999|999|999|6H|E|12|C7
4|24|999|999|999|999|6H|E|12|D3
4|24|999|999|999|999|6H|E|12|D4
4|24|999|999|999|999|6H|E|12|D5
4|24|999|999|999|999|6H|E|12|D6
4|24|999|999|999|999|6H|E|12|D6
4|24|999|999|999|999|6H|E|12|D6
4|24|999|999|999|999|6H|E|12|S2
4|24|999|999|999|999|6H|E|12|S3
4|24|999|999|999|999|6H|E|12|S6
4|24|999|999|999|999|6H|W|11|C2
4|24|999|999|999|999|6H|W|11|C4
4|24|999|999|999|999|6H|W|11|C7
4|24|999|999|999|999|6H|W|11|C9
4|24|999|999|999|999|6H|W|11|SQ
4|24|999|999|999|999|6H|W|12|C3
4|24|999|999|999|999|6H|W|12|SQ
4|24|999|999|999|999|6N|E|11|D8
4|24|999|999|999|999|6N|E|12|S2
4|24|999|999|999|999|7H|E|10|S2
5|25|2|999|1|999|4S|S|10|CJ
5|25|999|5|999|4|4H|N|10|D7
5|25|999|999|999|999|2S|S|10|H6
5|25|999|999|999|999|3H|N|10|D7
5|25|999|999|999|999|3H|N|8|HA
5|25|999|999|999|999|3S|S|10|CJ
5|25|999|999|999|999|3S|S|10|CJ
5|25|999|999|999|999|3S|S|10|CJ
5|25|999|999|999|999|3S|S|10|D3
5|25|999|999|999|999|3S|S|9|CJ
5|25|999|999|999|999|3S|S|9|CJ
5|25|999|999|999|999|3S|S|9|CJ
5|25|999|999|999|999|3S|S|9|D5
5|25|999|999|999|999|4H|N|10|C6
5|25|999|999|999|999|4H|N|10|C8
5|25|999|999|999|999|4H|N|10|C9
5|25|999|999|999|999|4H|N|10|D6
5|25|999|999|999|999|4H|N|10|H3
5|25|999|999|999|999|4H|N|10|S3
5|25|999|999|999|999|4H|N|11|SA
5|25|999|999|999|999|4H|N|7|HA
5|25|999|999|999|999|4H|N|8|HA
5|25|999|999|999|999|4H|N|8|HA
5|25|999|999|999|999|4H|N|8|HA
5|25|999|999|999|999|4H|S|9|D3
5|25|999|999|999|999|4S|S|10|CJ
5|25|999|999|999|999|4S|S|10|CJ
5|25|999|999|999|999|4S|S|10|CJ
5|25|999|999|999|999|4S|S|10|CJ
5|25|999|999|999|999|4S|S|10|CJ
5|25|999|999|999|999|4S|S|10|CJ
5|25|999|999|999|999|4S|S|10|CJ
5|25|999|999|999|999|4S|S|10|CJ
5|25|999|999|999|999|4S|S|10|CJ
5|25|999|999|999|999|4S|S|10|CJ
5|25|999|999|999|999|4S|S|10|CJ
5|25|999|999|999|999|4S|S|10|CJ
5|25|999|999|999|999|4S|S|10|CJ
5|25|999|999|999|999|4S|S|10|CT
5|25|999|999|999|999|4S|S|10|D2
5|25|999|999|999|999|4S|S|10|D3
5|25|999|999|999|999|4S|S|10|D3
5|25|999|999|999|999|4S|S|10|D3
5|25|999|999|999|999|4S|S|10|D3
5|25|999|999|999|999|4S|S|10|D3
5|25|999|999|999|999|4S|S|10|D5
5|25|999|999|999|999|4S|S|10|H3
5|25|999|999|999|999|4S|S|10|S5
5|25|999|999|999|999|4S|S|11|CJ
5|25|999|999|999|999|4S|S|11|CJ
5|25|999|999|999|999|4S|S|11|DJ
5|25|999|999|999|999|4S|S|8|CT
5|25|999|999|999|999|4S|S|9|H6
5|25|999|999|999|999|4SX|S|10|C2
5|25|999|999|999|999|4SX|S|10|CJ
5|25|999|999|999|999|5H|N|9|D7
5|25|999|999|999|999|6S|S|11|C2
5|25|999|999|999|999|6SX|S|11|C2
5|26|2|999|1|999|3N|W|7|SJ
5|26|999|5|999|4|3N|W|9|SJ
5|26|999|999|999|999|1H|E|9|D8
5|26|999|999|999|999|1H|W|9|D3
5|26|999|999|999|999|2D|E|9|HA
5|26|999|999|999|999|2H|E|9|D4
5|26|999|999|999|999|2H|W|9|C8
5|26|999|999|999|999|2H|W|9|D2
5|26|999|999|999|999|2N|W|8|SJ
5|26|999|999|999|999|2N|W|9|SJ
5|26|999|999|999|999|3D|E|8|D3
5|26|999|999|999|999|3H|E|9|D3
5|26|999|999|999|999|3H|W|8|SJ
5|26|999|999|999|999|3H|W|8|ST
5|26|999|999|999|999|3H|W|9|SJ
5|26|999|999|999|999|3N|E|8|SJ
5|26|999|999|999|999|3N|E|9|D3
5|26|999|999|999|999|3N|E|9|SJ
5|26|999|999|999|999|3N|E|9|SJ
5|26|999|999|999|999|3N|W|10|D6
5|26|999|999|999|999|3N|W|10|S6
5|26|999|999|999|999|3N|W|5|D6
5|26|999|999|999|999|3N|W|7|SJ
5|26|999|999|999|999|3N|W|7|SJ
5|26|999|999|999|999|3N|W|8|S6
5|26|999|999|999|999|3N|W|8|SJ
5|26|999|999|999|999|3N|W|8|SJ
5|26|999|999|999|999|3N|W|8|SJ
5|26|999|999|999|999|3N|W|8|SJ
5|26|999|999|999|999|3N|W|8|SJ
5|26|999|999|999|999|3N|W|9|C8
5|26|999|999|999|999|3N|W|9|C9
5|26|999|999|999|999|3N|W|9|S6
5|26|999|999|999|999|3N|W|9|SJ
5|26|999|999|999|999|3N|W|9|SJ
5|26|999|999|999|999|3N|W|9|SJ
5|26|999|999|999|999|3N|W|9|SJ
5|26|999|999|999|999|3N|W|9|SJ
5|26|999|999|999|999|3N|W|9|SJ
5|26|999|999|999|999|3N|W|9|SJ
5|26|999|999|999|999|3N|W|9|SJ
5|26|999|999|999|999|3N|W|9|SJ
5|26|999|999|999|999|3N|W|9|SJ
5|26|999|999|999|999|3N|W|9|SJ
5|26|999|999|999|999|3N|W|9|SJ
5|26|999|999|999|999|3N|W|9|SJ
5|26|999|999|999|999|3N|W|9|SJ
5|26|999|999|999|999|3N|W|9|SJ
5|26|999|999|999|999|3N|W|9|SJ
5|26|999|999|999|999|3N|W|9|SJ
5|26|999|999|999|999|3N|W|9|SJ
5|26|999|999|999|999|3N|W|9|SJ
5|26|999|999|999|999|3N|W|9|SJ
5|26|999|999|999|999|3N|W|9|ST
5|26|999|999|999|999|4H|E|9|CJ
5|26|999|999|999|999|4H|W|9|SJ
5|26|999|999|999|999|4H|W|9|SJ
5|26|999|999|999|999|4H|W|9|SJ
6|27|2|999|1|999|3H|N|9|CA
6|27|999|5|999|4|4H|N|9|CA
6|27|999|999|999|999|1N|N|9|CA
6|27|999|999|999|999|2H|N|8|CK
6|27|999|999|999|999|2N|N|11|ST
6|27|999|999|999|999|2N|N|7|CA
6|27|999|999|999|999|2N|N|9|CA
6|27|999|999|999|999|3D|N|9|CA
6|27|999|999|999|999|3D|S|10|S3
6|27|999|999|999|999|3H|N|10|CA
6|27|999|999|999|999|3H|N|9|CA
6|27|999|999|999|999|3H|N|9|CK
6|27|999|999|999|999|3N|N|10|CA
6|27|999|999|999|999|3N|N|10|SJ
6|27|999|999|999|999|3N|N|11|CK
6|27|999|999|999|999|3N|N|5|SJ
6|27|999|999|999|999|3N|N|7|SJ
6|27|999|999|999|999|3N|N|8|C4
6|27|999|999|999|999|3N|N|8|CA
6|27|999|999|999|999|3N|N|8|CA
6|27|999|999|999|999|3N|N|9|CA
6|27|999|999|999|999|3N|N|9|CA
6|27|999|999|999|999|3N|N|9|CA
6|27|999|999|999|999|3N|N|9|CA
6|27|999|999|999|999|3N|N|9|CK
6|27|999|999|999|999|3N|N|9|H2
6|27|999|999|999|999|3N|N|9|H3
6|27|999|999|999|999|3N|N|9|HJ
6|27|999|999|999|999|3N|N|9|S5
6|27|999|999|999|999|3N|N|9|SJ
6|27|999|999|999|999|3N|N|9|SJ
6|27|999|999|999|999|3N|N|9|SJ
6|27|999|999|999|999|3N|N|9|SJ
6|27|999|999|999|999|3N|S|10|S3
6|27|999|999|999|999|4H|N|9|CA
6|27|999|999|999|999|4H|N|9|CA
6|27|999|999|999|999|4H|N|9|CA
6|27|999|999|999|999|4H|N|9|CA
6|27|999|999|999|999|4H|N|9|CA
6|27|999|999|999|999|4H|N|9|CA
6|27|999|999|999|999|4H|N|9|CA
6|27|999|999|999|999|4H|N|9|CA
6|27|999|999|999|999|4H|N|9|CA
6|27|999|999|999|999|4H|N|9|CA
6|27|999|999|999|999|4H|N|9|CA
6|27|999|999|999|999|4H|N|9|CA
6|27|999|999|999|999|4H|N|9|CA
6|27|999|999|999|999|4H|N|9|CA
6|27|999|999|999|999|4H|N|9|CA
6|27|999|999|999|999|4H|N|9|CA
6|27|999|999|999|999|4H|N|9|CK
6|27|999|999|999|999|4H|N|9|CK
6|27|999|999|999|999|4H|N|9|D2
6|27|999|999|999|999|4H|S|9|S3
6|27|999|999|999|999|4H|S|9|S7
6|27|999|999|999|999|4H|S|9|S9
6|27|999|999|999|999|4SX|E|6|DT
6|27|999|999|999|999|4SX|E|6|H5
6|28|2|999|1|999|3N|E|6|SJ
6|28|999|5|999|4|1N|E|8|D9
6|28|999|999|999|999|1N|E|10|D2
6|28|999|999|999|999|1N|E|10|D3
6|28|999|999|999|999|1N|E|10|DT
6|28|999|999|999|999|1N|E|6|C2
6|28|999|999|999|999|1N|E|6|C3
6|28|999|999|999|999|1N|E|6|SJ
6|28|999|999|999|999|1N|E|6|SJ
6|28|999|999|999|999|1N|E|6|SJ
6|28|999|999|999|999|1N|E|6|SJ
6|28|999|999|999|999|1N|E|7|C2
6|28|999|999|999|999|1N|E|7|C3
6|28|999|999|999|999|1N|E|7|H6
6|28|999|999|999|999|1N|E|8|D2
6|28|999|999|999|999|1N|E|8|D3
6|28|999|999|999|999|1N|E|8|D3
6|28|999|999|999|999|1N|E|8|D5
6|28|999|999|999|999|1N|E|8|D9
6|28|999|999|999|999|1N|E|8|DT
6|28|999|999|999|999|1N|E|8|DT
6|28|999|999|999|999|1N|E|8|DT
6|28|999|999|999|999|1N|E|8|DT
6|28|999|999|999|999|1N|E|8|DT
6|28|999|999|999|999|1N|E|8|DT
6|28|999|999|999|999|1N|E|8|DT
6|28|999|999|999|999|1N|E|8|DT
6|28|999|999|999|999|1N|E|8|DT
6|28|999|999|999|999|1N|E|8|SJ
6|28|999|999|999|999|1N|E|8|SJ
6|28|999|999|999|999|1N|E|8|SJ
6|28|999|999|999|999|1N|E|9|D4
6|28|999|999|999|999|1N|E|9|DT
6|28|999|999|999|999|1N|E|9|DT
6|28|999|999|999|999|1N|E|9|DT
6|28|999|999|999|999|2D|E|7|CQ
6|28|999|999|999|999|2D|E|8|DQ
6|28|999|999|999|999|2H|N|8|C3
6|28|999|999|999|999|2H|N|8|C4
6|28|999|999|999|999|2H|S|6|H8
6|28|999|999|999|999|2H|S|7|CJ
6|28|999|999|999|999|2H|S|7|H2
6|28|999|999|999|999|2HX|N|6|C3
6|28|999|999|999|999|2HX|N|8|DA
6|28|999|999|999|999|2HX|S|8|H5
6|28|999|999|999|999|2HX|S|8|H8
6|28|999|999|999|999|2N|E|6|SJ
6|28|999|999|999|999|2N|E|9|D3
6|28|999|999|999|999|2S|E|6|CQ
6|28|999|999|999|999|3D|W|6|CQ
6|28|999|999|999|999|3D|W|6|CQ
6|28|999|999|999|999|3D|W|7|CQ
6|28|999|999|999|999|3D|W|7|CQ
6|28|999|999|999|999|3D|W|8|H6
6|28|999|999|999|999|3DX|W|8|C2
6|28|999|999|999|999|3DX|W|8|CQ
6|28|999|999|999|999|3N|E|8|DT
6|28|999|999|999|999|3N|E|8|SJ
7|29|2|999|1|999|4SX|E|8|D6
7|29|999|5|999|4|5H|N|11|C5
7|29|999|999|999|999|3H|N|11|DJ
7|29|999|999|999|999|3HX|N|11|C5
7|29|999|999|999|999|4DX|W|9|HA
7|29|999|999|999|999|4H|N|11|C2
7|29|999|999|999|999|4H|N|11|C3
7|29|999|999|999|999|4H|N|11|C5
7|29|999|999|999|999|4H|N|11|C5
7|29|999|999|999|999|4H|N|11|C5
7|29|999|999|999|999|4H|N|11|C5
7|29|999|999|999|999|4H|N|11|C5
7|29|999|999|999|999|4H|N|11|C5
7|29|999|999|999|999|4H|N|11|C5
7|29|999|999|999|999|4H|N|11|CT
7|29|999|999|999|999|4H|N|11|DJ
7|29|999|999|999|999|4H|N|11|DJ
7|29|999|999|999|999|4HX|N|11|C5
7|29|999|999|999|999|4HX|N|11|C8
7|29|999|999|999|999|4S|E|9|H5
7|29|999|999|999|999|4S|E|9|HK
7|29|999|999|999|999|4S|W|9|HK
7|29|999|999|999|999|4SX|E|10|D6
7|29|999|999|999|999|4SX|E|10|H2
7|29|999|999|999|999|4SX|E|10|H2
7|29|999|999|999|999|4SX|E|10|H3
7|29|999|999|999|999|4SX|E|10|H4
7|29|999|999|999|999|4SX|E|10|H5
7|29|999|999|999|999|4SX|E|10|H8
7|29|999|999|999|999|4SX|E|10|HK
7|29|999|999|999|999|4SX|E|8|H2
7|29|999|999|999|999|4SX|E|8|H2
7|29|999|999|999|999|4SX|E|8|H3
7|29|999|999|999|999|4SX|E|9|H2
7|29|999|999|999|999|4SX|E|9|H2
7|29|999|999|999|999|4SX|E|9|H2
7|29|999|999|999|999|4SX|E|9|H2
7|29|999|999|999|999|4SX|E|9|H2
7|29|999|999|999|999|4SX|E|9|H2
7|29|999|999|999|999|4SX|E|9|H4
7|29|999|999|999|999|4SX|E|9|H5
7|29|999|999|999|999|4SX|E|9|HK
7|29|999|999|999|999|4SX|E|9|SJ
7|29|999|999|999|999|5CX|N|12|DJ
7|29|999|999|999|999|5DX|E|9|H3
7|29|999|999|999|999|5DX|E|9|H6
7|29|999|999|999|999|5DX|W|9|HA
7|29|999|999|999|999|5DX|W|9|HA
7|29|999|999|999|999|5H|N|11|C5
7|29|999|999|999|999|5H|N|11|C6
7|29|999|999|999|999|5H|N|11|DJ
7|29|999|999|999|999|5H|N|11|DJ
7|29|999|999|999|999|5H|N|11|DJ
7|29|999|999|999|999|5HX|N|11|C5
7|29|999|999|999|999|5HX|N|11|C5
7|29|999|999|999|999|5HX|N|11|C5
7|29|999|999|999|999|5HX|N|11|C5
7|29|999|999|999|999|5SX|E|8|H5
7|30|2|999|1|999|3C|S|9|H2
7|30|999|5|999|4|2DX|W|7|S9
7|30|999|999|999|999|1N|N|6|H4
7|30|999|999|999|999|1N|N|7|H3
7|30|999|999|999|999|1N|N|7|H4
7|30|999|999|999|999|1N|S|6|D2
7|30|999|999|999|999|1N|S|6|H2
7|30|999|999|999|999|1N|S|6|H2
7|30|999|999|999|999|1N|S|7|H2
7|30|999|999|999|999|1N|S|8|SJ
7|30|999|999|999|999|1N|S|8|SJ
7|30|999|999|999|999|2D|W|7|S8
7|30|999|999|999|999|2DX|E|6|H6
7|30|999|999|999|999|2H|E|6|CK
7|30|999|999|999|999|2H|E|7|C2
7|30|999|999|999|999|2H|E|7|CK
7|30|999|999|999|999|2H|E|7|CK
7|30|999|999|999|999|2H|W|10|S7
7|30|999|999|999|999|2H|W|8|S8
7|30|999|999|999|999|2HX|E|7|CK
7|30|999|999|999|999|2HX|W|9|S7
7|30|999|999|999|999|2N|N|6|H2
7|30|999|999|999|999|2S|N|5|H8
7|30|999|999|999|999|2S|N|6|D2
7|30|999|999|999|999|2S|N|7|D2
7|30|999|999|999|999|2S|N|7|H3
7|30|999|999|999|999|2S|N|7|H5
7|30|999|999|999|999|2S|N|7|S4
7|30|999|999|999|999|2S|N|7|S5
7|30|999|999|999|999|2S|N|8|C2
7|30|999|999|999|999|2S|N|8|S6
7|30|999|999|999|999|2S|S|6|C2
7|30|999|999|999|999|2S|S|8|C2
7|30|999|999|999|999|2S|S|8|C2
7|30|999|999|999|999|2S|S|8|HA
7|30|999|999|999|999|2S|S|8|SJ
7|30|999|999|999|999|2S|S|8|SJ
7|30|999|999|999|999|3C|N|10|SJ
7|30|999|999|999|999|3C|N|8|H4
7|30|999|999|999|999|3C|N|9|C2
7|30|999|999|999|999|3C|N|9|D2
7|30|999|999|999|999|3C|S|10|SJ
7|30|999|999|999|999|3C|S|8|HA
7|30|999|999|999|999|3C|S|9|C5
7|30|999|999|999|999|3C|S|9|DA
7|30|999|999|999|999|3CX|N|8|D6
7|30|999|999|999|999|3H|E|8|S9
7|30|999|999|999|999|3H|W|7|DK
7|30|999|999|999|999|3H|W|7|DK
7|30|999|999|999|999|3HX|E|6|CK
7|30|999|999|999|999|3HX|E|6|SA
7|30|999|999|999|999|3HX|E|7|CK
7|30|999|999|999|999|3HX|E|7|H3
7|30|999|999|999|999|3N|N|6|D2
7|30|999|999|999|999|3S|N|8|D2
7|30|999|999|999|999|3S|S|8|H6
7|30|999|999|999|999|4C|S|9|HA
7|30|999|999|999|999|4CX|S|8|C2
8|31|2|999|1|999|2D|S|7|SQ
8|31|999|5|999|4|2S|E|8|HK
8|31|999|999|999|999|1N|E|6|HK
8|31|999|999|999|999|1N|E|7|D6
8|31|999|999|999|999|1N|E|7|HQ
8|31|999|999|999|999|1N|E|8|D4
8|31|999|999|999|999|1N|E|8|D6
8|31|999|999|999|999|1N|E|8|D6
8|31|999|999|999|999|1N|E|8|D6
8|31|999|999|999|999|1N|E|8|HK
8|31|999|999|999|999|1N|E|8|HK
8|31|999|999|999|999|1N|E|8|S4
8|31|999|999|999|999|1N|E|8|S6
8|31|999|999|999|999|1N|E|8|S6
8|31|999|999|999|999|1N|E|8|S6
8|31|999|999|999|999|1N|E|8|S6
8|31|999|999|999|999|1N|E|8|S6
8|31|999|999|999|999|1N|E|8|S6
8|31|999|999|999|999|1N|E|8|S6
8|31|999|999|999|999|1N|E|8|S6
8|31|999|999|999|999|1N|E|9|HQ
8|31|999|999|999|999|1N|W|7|C4
8|31|999|999|999|999|1N|W|7|C4
8|31|999|999|999|999|1N|W|7|C4
8|31|999|999|999|999|1N|W|8|D6
8|31|999|999|999|999|1S|E|8|HK
8|31|999|999|999|999|1S|E|8|HK
8|31|999|999|999|999|1S|E|8|HK
8|31|999|999|999|999|1S|E|8|HK
8|31|999|999|999|999|2C|E|9|HK
8|31|999|999|999|999|2H|W|8|S9
8|31|999|999|999|999|2N|W|7|C4
8|31|999|999|999|999|2N|W|7|C4
8|31|999|999|999|999|2N|W|8|C4
8|31|999|999|999|999|2N|W|8|C4
8|31|999|999|999|999|2N|W|8|C4
8|31|999|999|999|999|2N|W|8|C5
8|31|999|999|999|999|2N|W|8|D9
8|31|999|999|999|999|2S|E|8|H3
8|31|999|999|999|999|2S|E|8|H6
8|31|999|999|999|999|2S|E|8|HK
8|31|999|999|999|999|2S|E|8|HK
8|31|999|999|999|999|2S|E|8|HK
8|31|999|999|999|999|2S|E|8|HK
8|31|999|999|999|999|2S|E|8|HK
8|31|999|999|999|999|2S|E|8|HK
8|31|999|999|999|999|2S|E|8|HK
8|31|999|999|999|999|2S|E|8|HK
8|31|999|999|999|999|2S|E|9|HK
8|31|999|999|999|999|2S|W|8|HK
8|31|999|999|999|999|3C|W|9|D4
8|31|999|999|999|999|3N|E|8|D6
8|31|999|999|999|999|3N|E|8|D6
8|31|999|999|999|999|3N|W|7|C4
8|31|999|999|999|999|3N|W|7|C4
8|31|999|999|999|999|3N|W|8|C4
8|31|999|999|999|999|3N|W|8|H3
8|31|999|999|999|999|3N|W|9|CQ
8|32|2|999|1|999|3C|S|8|S9
8|32|999|5|999|4|3H|E|11|DQ
8|32|999|999|999|999|2D|E|10|DQ
8|32|999|999|999|999|2D|E|10|DQ
8|32|999|999|999|999|2D|E|11|CJ
8|32|999|999|999|999|2D|E|11|DQ
8|32|999|999|999|999|2H|E|8|DQ
8|32|999|999|999|999|2H|W|9|CQ
8|32|999|999|999|999|3C|N|9|SA
8|32|999|999|999|999|3D|E|11|DQ
8|32|999|999|999|999|3D|W|10|CA
8|32|999|999|999|999|3D|W|10|CA
8|32|999|999|999|999|3D|W|11|CA
8|32|999|999|999|999|3D|W|11|CA
8|32|999|999|999|999|3D|W|11|CA
8|32|999|999|999|999|3D|W|11|CA
8|32|999|999|999|999|3D|W|11|CA
8|32|999|999|999|999|3D|W|11|D6
8|32|999|999|999|999|3H|E|8|CJ
8|32|999|999|999|999|3S|S|3|DA
8|32|999|999|999|999|4C|N|9|SK
8|32|999|999|999|999|4CX|N|7|SA
8|32|999|999|999|999|4DX|W|10|D3
8|32|999|999|999|999|4H|E|11|DQ
8|32|999|999|999|999|4H|E|12|SQ
8|32|999|999|999|999|4H|E|8|CJ
8|32|999|999|999|999|4H|E|9|CJ
8|32|999|999|999|999|4S|E|7|DQ
8|32|999|999|999|999|4S|E|8|CJ
8|32|999|999|999|999|5D|E|10|CA
8|32|999|999|999|999|5D|E|11|CA
8|32|999|999|999|999|5D|E|11|CJ
8|32|999|999|999|999|5D|E|11|CQ
8|32|999|999|999|999|5D|E|12|CA
8|32|999|999|999|999|5D|W|10|CA
8|32|999|999|999|999|5D|W|10|CK
8|32|999|999|999|999|5D|W|11|CA
8|32|999|999|999|999|5D|W|11|CA
8|32|999|999|999|999|5D|W|11|CA
8|32|999|999|999|999|5D|W|11|CA
8|32|999|999|999|999|5D|W|11|CA
8|32|999|999|999|999|5D|W|11|CK
8|32|999|999|999|999|5D|W|11|CK
8|32|999|999|999|999|5D|W|11|CK
8|32|999|999|999|999|5D|W|11|CK
8|32|999|999|999|999|5D|W|11|CK
8|32|999|999|999|999|5D|W|11|CK
8|32|999|999|999|999|5D|W|11|CK
8|32|999|999|999|999|5D|W|11|CQ
8|32|999|999|999|999|5D|W|11|H6
8|32|999|999|999|999|5D|W|12|CA
8|32|999|999|999|999|5D|W|12|CK
8|32|999|999|999|999|5D|W|8|CA
8|32|999|999|999|999|5DX|W|11|CA
8|32|999|999|999|999|6D|W|11|CA
8|32|999|999|999|999|6D|W|12|CA
8|32|999|999|999|999|6D|W|12|CK
8|32|999|999|999|999|6HX|E|10|DQ
9|1|2|999|1|999|5S|S|10|DA
9|1|999|5|999|4|5S|S|10|HK
9|1|999|999|999|999|4D|W|10|CK
9|1|999|999|999|999|4S|S|10|HK
9|1|999|999|999|999|4S|S|10|HK
9|1|999|999|999|999|4S|S|10|HK
9|1|999|999|999|999|4S|S|10|HK
9|1|999|999|999|999|4S|S|9|C5
9|1|999|999|999|999|4S|S|9|DA
9|1|999|999|999|999|4S|S|9|HK
9|1|999|999|999|999|4SX|S|10|DA
9|1|999|999|999|999|4SX|S|10|HK
9|1|999|999|999|999|4SX|S|10|HK
9|1|999|999|999|999|4SX|S|10|HK
9|1|999|999|999|999|4SX|S|11|HK
9|1|999|999|999|999|5DX|E|10|CK
9|1|999|999|999|999|5DX|E|10|ST
9|1|999|999|999|999|5DX|W|10|CK
9|1|999|999|999|999|5DX|W|10|CK
9|1|999|999|999|999|5DX|W|10|CK
9|1|999|999|999|999|5DX|W|10|CK
9|1|999|999|999|999|5DX|W|10|CK
9|1|999|999|999|999|5DX|W|10|CK
9|1|999|999|999|999|5DX|W|10|CK
9|1|999|999|999|999|5DX|W|10|CK
9|1|999|999|999|999|5DX|W|10|CK
9|1|999|999|999|999|5DX|W|10|CK
9|1|999|999|999|999|5DX|W|10|CK
9|1|999|999|999|999|5DX|W|10|CK
9|1|999|999|999|999|5DX|W|10|CK
9|1|999|999|999|999|5DX|W|10|CK
9|1|999|999|999|999|5DX|W|10|CQ
9|1|999|999|999|999|5DX|W|10|D8
9|1|999|999|999|999|5DX|W|10|D8
9|1|999|999|999|999|5DX|W|10|D8
9|1|999|999|999|999|5DX|W|10|S9
9|1|999|999|999|999|5DX|W|10|ST
9|1|999|999|999|999|5DX|W|10|ST
9|1|999|999|999|999|5DX|W|10|ST
9|1|999|999|999|999|5DX|W|10|ST
9|1|999|999|999|999|5DX|W|10|ST
9|1|999|999|999|999|5DX|W|10|ST
9|1|999|999|999|999|5DX|W|10|ST
9|1|999|999|999|999|5S|N|10|DA
9|1|999|999|999|999|5S|S|10|HK
9|1|999|999|999|999|5S|S|11|HK
9|1|999|999|999|999|5S|S|12|HK
9|1|999|999|999|999|5S|S|12|HK
9|1|999|999|999|999|5S|S|12|HK
9|1|999|999|999|999|5SX|S|10|HK
9|1|999|999|999|999|5SX|S|10|HK
9|1|999|999|999|999|6DX|W|10|CK
9|1|999|999|999|999|6DX|W|10|CK
9|1|999|999|999|999|6DX|W|10|CQ
9|1|999|999|999|999|6DX|W|10|S3
9|1|999|999|999|999|6DX|W|10|ST
9|1|999|999|999|999|6S|S|10|HK
9|1|999|999|999|999|6SX|S|9|HK
9|2|2|999|1|999|2N|E|8|CT
9|2|999|5|999|4|2N|E|9|C3
9|2|999|999|999|999|1D|E|8|HJ
9|2|999|999|999|999|1N|E|10|C2
9|2|999|999|999|999|1N|E|10|C3
9|2|999|999|999|999|1N|E|7|C9
9|2|999|999|999|999|1N|E|7|C9
9|2|999|999|999|999|1N|E|7|CT
9|2|999|999|999|999|1N|E|7|CT
9|2|999|999|999|999|1N|E|8|C2
9|2|999|999|999|999|1N|E|8|C2
9|2|999|999|999|999|1N|E|8|C2
9|2|999|999|999|999|1N|E|8|C7
9|2|999|999|999|999|1N|E|8|CT
9|2|999|999|999|999|1N|E|8|CT
9|2|999|999|999|999|1N|E|8|CT
9|2|999|999|999|999|1N|E|8|CT
9|2|999|999|999|999|1N|E|8|CT
9|2|999|999|999|999|1N|E|8|CT
9|2|999|999|999|999|1N|E|9|C7
9|2|999|999|999|999|1NX|E|11|CT
9|2|999|999|999|999|1NX|E|9|C3
9|2|999|999|999|999|2CX|S|8|D2
9|2|999|999|999|999|2CX|S|8|D2
9|2|999|999|999|999|2D|E|7|HJ
9|2|999|999|999|999|2D|E|8|HJ
9|2|999|999|999|999|2D|E|8|HJ
9|2|999|999|999|999|2D|E|8|HJ
9|2|999|999|999|999|2H|N|5|DA
9|2|999|999|999|999|2N|E|10|C3
9|2|999|999|999|999|2N|E|11|C7
9|2|999|999|999|999|2N|E|11|CT
9|2|999|999|999|999|2N|E|11|CT
9|2|999|999|999|999|2N|E|5|CT
9|2|999|999|999|999|2N|E|5|HK
9|2|999|999|999|999|2N|E|6|CT
9|2|999|999|999|999|2N|E|7|C9
9|2|999|999|999|999|2N|E|8|C2
9|2|999|999|999|999|2N|E|8|C3
9|2|999|999|999|999|2N|E|8|C7
9|2|999|999|999|999|2N|E|8|C7
9|2|999|999|999|999|2N|E|8|C7
9|2|999|999|999|999|2N|E|8|C9
9|2|999|999|999|999|2N|E|8|C9
9|2|999|999|999|999|2N|E|8|C9
9|2|999|999|999|999|2N|E|8|C9
9|2|999|999|999|999|2N|E|8|CT
9|2|999|999|999|999|2N|E|8|CT
9|2|999|999|999|999|2N|E|8|CT
9|2|999|999|999|999|2N|E|8|CT
9|2|999|999|999|999|2N|E|8|CT
9|2|999|999|999|999|2N|E|8|H3
9|2|999|999|999|999|2N|E|9|CT
9|2|999|999|999|999|2N|E|9|CT
9|2|999|999|999|999|2N|E|9|CT
9|2|999|999|999|999|2S|S|6|D2
9|2|999|999|999|999|3CX|S|8|D6
9|2|999|999|999|999|3N|E|9|CT
10|3|2|999|1|999|3H|E|10|H6
10|3|999|5|999|4|2H|E|9|DJ
10|3|999|999|999|999|1N|E|11|S3
10|3|999|999|999|999|1N|E|8|D2
10|3|999|999|999|999|1N|N|3|H8
10|3|999|999|999|999|1NX|N|5|H8
10|3|999|999|999|999|2H|E|10|DJ
10|3|999|999|999|999|2H|E|9|C6
10|3|999|999|999|999|2H|E|9|D6
10|3|999|999|999|999|2N|E|11|C5
10|3|999|999|999|999|2S|S|7|D3
10|3|999|999|999|999|2SX|N|6|H7
10|3|999|999|999|999|3H|E|10|C2
10|3|999|999|999|999|3H|E|10|C5
10|3|999|999|999|999|3H|E|10|ST
10|3|999|999|999|999|3H|E|11|C6
10|3|999|999|999|999|3H|E|11|H2
10|3|999|999|999|999|3H|E|11|H3
10|3|999|999|999|999|3H|E|11|H3
10|3|999|999|999|999|3H|E|11|H6
10|3|999|999|999|999|3H|E|11|H6
10|3|999|999|999|999|3H|E|11|ST
10|3|999|999|999|999|3H|E|9|DJ
10|3|999|999|999|999|3H|E|9|DJ
10|3|999|999|999|999|3H|E|9|DJ
10|3|999|999|999|999|3H|E|9|H6
10|3|999|999|999|999|3N|E|10|C5
10|3|999|999|999|999|3N|E|10|DJ
10|3|999|999|999|999|3N|E|10|S3
10|3|999|999|999|999|3N|E|10|S9
10|3|999|999|999|999|3N|E|10|ST
10|3|999|999|999|999|3N|E|10|ST
10|3|999|999|999|999|3N|E|11|C5
10|3|999|999|999|999|3N|E|11|S3
10|3|999|999|999|999|3N|E|11|S3
10|3|999|999|999|999|3N|E|11|S3
10|3|999|999|999|999|3N|E|11|S3
10|3|999|999|999|999|3N|E|11|S9
10|3|999|999|999|999|3N|E|11|ST
10|3|999|999|999|999|3N|E|11|ST
10|3|999|999|999|999|3N|E|11|ST
10|3|999|999|999|999|3N|E|12|S3
10|3|999|999|999|999|3N|E|9|C6
10|3|999|999|999|999|3N|E|9|D5
10|3|999|999|999|999|3N|E|9|DJ
10|3|999|999|999|999|3N|E|9|S3
10|3|999|999|999|999|4H|E|10|C6
10|3|999|999|999|999|4H|E|10|DJ
10|3|999|999|999|999|4H|E|10|DJ
10|3|999|999|999|999|4H|E|10|H3
10|3|999|999|999|999|4H|E|10|H3
10|3|999|999|999|999|4H|E|10|S3
10|3|999|999|999|999|4H|E|10|S9
10|3|999|999|999|999|4H|E|10|S9
10|3|999|999|999|999|4H|E|10|S9
10|3|999|999|999|999|4H|E|11|H3
10|3|999|999|999|999|4H|E|11|S3
10|3|999|999|999|999|4H|E|9|DJ
10|4|2|999|1|999|3N|E|8|S5
10|4|999|5|999|4|2N|E|8|S3
10|4|999|999|999|999|2H|W|9|S3
10|4|999|999|999|999|2N|E|8|D4
10|4|999|999|999|999|2N|E|8|S4
10|4|999|999|999|999|2N|E|8|S5
10|4|999|999|999|999|2N|E|8|S6
10|4|999|999|999|999|2N|E|8|S7
10|4|999|999|999|999|3D|E|9|D7
10|4|999|999|999|999|3N|E|10|CJ
10|4|999|999|999|999|3N|E|6|S3
10|4|999|999|999|999|3N|E|7|S3
10|4|999|999|999|999|3N|E|7|S5
10|4|999|999|999|999|3N|E|7|S6
10|4|999|999|999|999|3N|E|8|C6
10|4|999|999|999|999|3N|E|8|C8
10|4|999|999|999|999|3N|E|8|D3
10|4|999|999|999|999|3N|E|8|D3
10|4|999|999|999|999|3N|E|8|D4
10|4|999|999|999|999|3N|E|8|D4
10|4|999|999|999|999|3N|E|8|D4
10|4|999|999|999|999|3N|E|8|D4
10|4|999|999|999|999|3N|E|8|D4
10|4|999|999|999|999|3N|E|8|D7
10|4|999|999|999|999|3N|E|8|D7
10|4|999|999|999|999|3N|E|8|D7
10|4|999|999|999|999|3N|E|8|D7
10|4|999|999|999|999|3N|E|8|D7
10|4|999|999|999|999|3N|E|8|D7
10|4|999|999|999|999|3N|E|8|D7
10|4|999|999|999|999|3N|E|8|D7
10|4|999|999|999|999|3N|E|8|D7
10|4|999|999|999|999|3N|E|8|D7
10|4|999|999|999|999|3N|E|8|H6
10|4|999|999|999|999|3N|E|8|S3
10|4|999|999|999|999|3N|E|8|S3
10|4|999|999|999|999|3N|E|8|S3
10|4|999|999|999|999|3N|E|8|S3
10|4|999|999|999|999|3N|E|8|S3
10|4|999|999|999|999|3N|E|8|S6
10|4|999|999|999|999|3N|E|8|S6
10|4|999|999|999|999|3N|E|8|S6
10|4|999|999|999|999|3N|E|8|S6
10|4|999|999|999|999|3N|E|8|S6
10|4|999|999|999|999|3N|E|8|S6
10|4|999|999|999|999|3N|E|8|S6
10|4|999|999|999|999|3N|E|8|S6
10|4|999|999|999|999|3N|E|8|S6
10|4|999|999|999|999|3N|E|8|S6
10|4|999|999|999|999|3N|E|8|ST
10|4|999|999|999|999|3N|E|9|D3
10|4|999|999|999|999|3N|E|9|S2
10|4|999|999|999|999|3N|E|9|S3
10|4|999|999|999|999|3N|E|9|S5
10|4|999|999|999|999|3N|E|9|S6
10|4|999|999|999|999|3S|E|7|S3
10|4|999|999|999|999|4H|E|9|S3
10|4|999|999|999|999|4H|E|9|S6
11|5|2|999|1|999|3N|E|9|D2
11|5|999|5|999|4|2S|E|7|HQ
11|5|999|999|999|999|1N|E|8|C2
11|5|999|999|999|999|1N|E|9|D2
11|5|999|999|999|999|1N|E|9|D2
11|5|999|999|999|999|1N|E|9|D3
11|5|999|999|999|999|1N|E|9|D3
11|5|999|999|999|999|1N|W|6|HK
11|5|999|999|999|999|1N|W|6|HQ
11|5|999|999|999|999|1N|W|6|HQ
11|5|999|999|999|999|1N|W|7|CT
11|5|999|999|999|999|1N|W|7|HK
11|5|999|999|999|999|1N|W|7|HK
11|5|999|999|999|999|1N|W|7|HQ
11|5|999|999|999|999|1N|W|7|HQ
11|5|999|999|999|999|1N|W|8|CJ
11|5|999|999|999|999|1N|W|8|CJ
11|5|999|999|999|999|1N|W|8|CJ
11|5|999|999|999|999|1N|W|8|CT
11|5|999|999|999|999|1N|W|8|H6
11|5|999|999|999|999|1N|W|8|HK
11|5|999|999|999|999|1N|W|8|HQ
11|5|999|999|999|999|1N|W|9|HQ
11|5|999|999|999|999|1NX|W|7|HK
11|5|999|999|999|999|1NX|W|9|HK
11|5|999|999|999|999|2CX|N|7|H6
11|5|999|999|999|999|2D|S|5|S9
11|5|999|999|999|999|2H|N|7|D6
11|5|999|999|999|999|2H|N|7|H2
11|5|999|999|999|999|2H|N|7|H2
11|5|999|999|999|999|2H|N|8|H2
11|5|999|999|999|999|2HX|N|6|D4
11|5|999|999|999|999|2HX|N|6|H2
11|5|999|999|999|999|2HX|N|7|H5
11|5|999|999|999|999|2N|E|10|D2
11|5|999|999|999|999|2N|E|7|H7
11|5|999|999|999|999|2N|E|8|CQ
11|5|999|999|999|999|2N|E|8|D6
11|5|999|999|999|999|2N|E|8|H7
11|5|999|999|999|999|2N|E|8|H7
11|5|999|999|999|999|2N|E|9|D2
11|5|999|999|999|999|2N|E|9|D3
11|5|999|999|999|999|2N|E|9|D3
11|5|999|999|999|999|2N|E|9|D3
11|5|999|999|999|999|2N|E|9|D3
11|5|999|999|999|999|2N|E|9|D3
11|5|999|999|999|999|2S|N|5|D3
11|5|999|999|999|999|2SX|N|4|ST
11|5|999|999|999|999|3D|E|8|H7
11|5|999|999|999|999|3DX|E|8|H3
11|5|999|999|999|999|3N|E|10|D3
11|5|999|999|999|999|3N|E|7|H7
11|5|999|999|999|999|3N|E|7|H7
11|5|999|999|999|999|3N|E|8|D2
11|5|999|999|999|999|3N|E|8|D3
11|5|999|999|999|999|3N|E|9|D2
11|5|999|999|999|999|3N|E|9|D2
11|5|999|999|999|999|3N|E|9|D3
11|6|2|999|1|999|5SX|E|8|CA
11|6|999|5|999|4|4H|N|10|S6
11|6|999|999|999|999|4H|S|10|SQ
11|6|999|999|999|999|4H|S|11|SQ
11|6|999|999|999|999|4S|E|9|CA
11|6|999|999|999|999|4S|E|9|CK
11|6|999|999|999|999|4SX|E|8|CA
11|6|999|999|999|999|4SX|E|8|CK
11|6|999|999|999|999|4SX|E|8|HA
11|6|999|999|999|999|4SX|E|9|C2
11|6|999|999|999|999|4SX|E|9|C2
11|6|999|999|999|999|4SX|E|9|CA
11|6|999|999|999|999|4SX|E|9|CA
11|6|999|999|999|999|4SX|E|9|CA
11|6|999|999|999|999|4SX|E|9|CK
11|6|999|999|999|999|4SX|E|9|CK
11|6|999|999|999|999|4SX|E|9|D9
11|6|999|999|999|999|4SX|E|9|HK
11|6|999|999|999|999|5C|S|13|SQ
11|6|999|999|999|999|5CX|S|12|H9
11|6|999|999|999|999|5H|S|10|SQ
11|6|999|999|999|999|5H|S|10|SQ
11|6|999|999|999|999|5H|S|11|SQ
11|6|999|999|999|999|5HX|S|10|S3
11|6|999|999|999|999|5HX|S|10|SJ
11|6|999|999|999|999|5HX|S|10|SK
11|6|999|999|999|999|5HX|S|10|SQ
11|6|999|999|999|999|5HX|S|10|SQ
11|6|999|999|999|999|5HX|S|10|SQ
11|6|999|999|999|999|5HX|S|10|SQ
11|6|999|999|999|999|5HX|S|10|SQ
11|6|999|999|999|999|5HX|S|10|SQ
11|6|999|999|999|999|5HX|S|10|SQ
11|6|999|999|999|999|5HX|S|11|SQ
11|6|999|999|999|999|5HX|S|11|SQ
11|6|999|999|999|999|5HX|S|11|SQ
11|6|999|999|999|999|5HX|S|11|SQ
11|6|999|999|999|999|5HX|S|11|SQ
11|6|999|999|999|999|5HX|S|11|SQ
11|6|999|999|999|999|5HX|S|12|H6
11|6|999|999|999|999|5HX|S|9|SJ
11|6|999|999|999|999|5S|E|9|CK
11|6|999|999|999|999|5S|E|9|S2
11|6|999|999|999|999|5SX|E|9|CA
11|6|999|999|999|999|5SX|E|9|CA
11|6|999|999|999|999|5SX|E|9|CA
11|6|999|999|999|999|5SX|E|9|CK
11|6|999|999|999|999|5SX|E|9|H3
11|6|999|999|999|999|6C|S|12|H2
11|6|999|999|999|999|6CX|S|12|H2
11|6|999|999|999|999|6CX|S|12|H3
11|6|999|999|999|999|6CX|S|12|H7
11|6|999|999|999|999|6CX|S|13|SQ
11|6|999|999|999|999|6H|N|10|SQ
11|6|999|999|999|999|6H|S|11|SQ
11|6|999|999|999|999|6H|S|11|SQ
11|6|999|999|999|999|6HX|S|10|SQ
11|6|999|999|999|999|7C|S|13|SQ
12|7|2|999|1|999|3N|E|10|C3
12|7|999|5|999|4|4S|W|10|CJ
12|7|999|999|999|999|2H|E|11|H5
12|7|999|999|999|999|3N|E|10|C2
12|7|999|999|999|999|4H|E|11|CA
12|7|999|999|999|999|4H|W|10|CJ
12|7|999|999|999|999|4H|W|11|CJ
12|7|999|999|999|999|4H|W|11|D2
12|7|999|999|999|999|4S|E|10|CJ
12|7|999|999|999|999|4S|E|11|C2
12|7|999|999|999|999|4S|E|11|D3
12|7|999|999|999|999|4S|E|11|H3
12|7|999|999|999|999|4S|E|12|D6
12|7|999|999|999|999|4S|W|10|C3
12|7|999|999|999|999|4S|W|10|CJ
12|7|999|999|999|999|4S|W|10|CJ
12|7|999|999|999|999|4S|W|10|CJ
12|7|999|999|999|999|4S|W|10|CJ
12|7|999|999|999|999|4S|W|10|CJ
12|7|999|999|999|999|4S|W|10|CJ
12|7|999|999|999|999|4S|W|10|CJ
12|7|999|999|999|999|4S|W|10|CJ
12|7|999|999|999|999|4S|W|10|CJ
12|7|999|999|999|999|4S|W|10|CJ
12|7|999|999|999|999|4S|W|10|CJ
12|7|999|999|999|999|4S|W|10|CJ
12|7|999|999|999|999|4S|W|10|CJ
12|7|999|999|999|999|4S|W|10|CJ
12|7|999|999|999|999|4S|W|10|CJ
12|7|999|999|999|999|4S|W|10|CJ
12|7|999|999|999|999|4S|W|10|CJ
12|7|999|999|999|999|4S|W|10|CJ
12|7|999|999|999|999|4S|W|10|CJ
12|7|999|999|999|999|4S|W|10|CJ
12|7|999|999|999|999|4S|W|10|CJ
12|7|999|999|999|999|4S|W|10|D2
12|7|999|999|999|999|4S|W|10|D2
12|7|999|999|999|999|4S|W|10|SJ
12|7|999|999|999|999|4S|W|10|SJ
12|7|999|999|999|999|4S|W|11|CJ
12|7|999|999|999|999|4S|W|11|CJ
12|7|999|999|999|999|4S|W|11|CJ
12|7|999|999|999|999|4S|W|11|CJ
12|7|999|999|999|999|4S|W|11|CJ
12|7|999|999|999|999|4S|W|11|CJ
12|7|999|999|999|999|4S|W|11|CJ
12|7|999|999|999|999|4S|W|11|CJ
12|7|999|999|999|999|4S|W|11|CJ
12|7|999|999|999|999|4S|W|11|CJ
12|7|999|999|999|999|4S|W|11|D2
12|7|999|999|999|999|4S|W|11|D3
12|7|999|999|999|999|4S|W|11|H4
12|7|999|999|999|999|4S|W|11|H4
12|7|999|999|999|999|4S|W|11|H4
12|7|999|999|999|999|4S|W|11|H6
12|7|999|999|999|999|4S|W|11|SJ
12|7|999|999|999|999|4S|W|11|SJ
12|7|999|999|999|999|4S|W|12|D3
12|8|2|999|1|999|3S|W|9|HA
12|8|999|5|999|4|2S|W|8|DT
12|8|999|999|999|999|2C|E|7|H8
12|8|999|999|999|999|2C|E|8|CJ
12|8|999|999|999|999|2C|E|8|H9
12|8|999|999|999|999|2C|E|9|H9
12|8|999|999|999|999|2CX|E|8|H7
12|8|999|999|999|999|2D|E|8|H4
12|8|999|999|999|999|2H|N|8|CK
12|8|999|999|999|999|2N|E|7|H2
12|8|999|999|999|999|2N|E|7|H7
12|8|999|999|999|999|2N|W|7|H3
12|8|999|999|999|999|2S|E|10|H9
12|8|999|999|999|999|2S|E|10|H9
12|8|999|999|999|999|2S|E|8|DT
12|8|999|999|999|999|2S|E|9|CJ
12|8|999|999|999|999|2S|E|9|CJ
12|8|999|999|999|999|2S|E|9|CJ
12|8|999|999|999|999|2S|E|9|H4
12|8|999|999|999|999|2S|W|10|CJ
12|8|999|999|999|999|2S|W|9|C4
12|8|999|999|999|999|2S|W|9|D9
12|8|999|999|999|999|2S|W|9|D9
12|8|999|999|999|999|2S|W|9|D9
12|8|999|999|999|999|2S|W|9|DT
12|8|999|999|999|999|2S|W|9|DT
12|8|999|999|999|999|2S|W|9|H6
12|8|999|999|999|999|3D|E|8|H4
12|8|999|999|999|999|3H|N|8|C6
12|8|999|999|999|999|3H|S|8|S9
12|8|999|999|999|999|3HX|S|7|C3
12|8|999|999|999|999|3HX|S|7|DK
12|8|999|999|999|999|3HX|S|8|C9
12|8|999|999|999|999|3HX|S|8|C9
12|8|999|999|999|999|3N|W|8|H3
12|8|999|999|999|999|3S|E|9|D3
12|8|999|999|999|999|3S|E|9|H4
12|8|999|999|999|999|3S|E|9|HA
12|8|999|999|999|999|3S|E|9|HK
12|8|999|999|999|999|3S|W|7|D9
12|8|999|999|999|999|3S|W|8|HA
12|8|999|999|999|999|3S|W|9|D4
12|8|999|999|999|999|3S|W|9|D4
12|8|999|999|999|999|3S|W|9|D9
12|8|999|999|999|999|3S|W|9|D9
12|8|999|999|999|999|3S|W|9|DT
12|8|999|999|999|999|3S|W|9|DT
12|8|999|999|999|999|3S|W|9|DT
12|8|999|999|999|999|3S|W|9|DT
12|8|999|999|999|999|3S|W|9|HA
12|8|999|999|999|999|3S|W|9|HA
12|8|999|999|999|999|3S|W|9|HA
12|8|999|999|999|999|3S|W|9|HA
12|8|999|999|999|999|3S|W|9|HA
12|8|999|999|999|999|3S|W|9|HA
12|8|999|999|999|999|4S|E|9|H4
12|8|999|999|999|999|4S|W|9|HA
12|8|999|999|999|999|4S|W|9|HA
13|10|2|999|1|999|6H|S|11|SK
13|10|999|5|999|4|4H|S|11|SK
13|10|999|999|999|999|3N|S|8|S2
13|10|999|999|999|999|3N|S|8|S5
13|10|999|999|999|999|3N|S|9|S4
13|10|999|999|999|999|3SX|W|7|C6
13|10|999|999|999|999|4H|N|11|S2
13|10|999|999|999|999|4H|N|11|S7
13|10|999|999|999|999|4H|N|11|SA
13|10|999|999|999|999|4H|N|11|SA
13|10|999|999|999|999|4H|N|11|SK
13|10|999|999|999|999|4H|N|12|C2
13|10|999|999|999|999|4H|N|12|C5
13|10|999|999|999|999|4H|N|12|CT
13|10|999|999|999|999|4H|N|12|DT
13|10|999|999|999|999|4H|N|12|H3
13|10|999|999|999|999|4H|S|11|H6
13|10|999|999|999|999|4H|S|11|S2
13|10|999|999|999|999|4H|S|11|S2
13|10|999|999|999|999|4H|S|11|SK
13|10|999|999|999|999|4H|S|11|SK
13|10|999|999|999|999|4H|S|11|SK
13|10|999|999|999|999|4H|S|11|SK
13|10|999|999|999|999|4H|S|11|SK
13|10|999|999|999|999|4H|S|11|SK
13|10|999|999|999|999|4H|S|11|SK
13|10|999|999|999|999|4H|S|11|SK
13|10|999|999|999|999|4H|S|11|SK
13|10|999|999|999|999|4H|S|11|SK
13|10|999|999|999|999|4H|S|11|SK
13|10|999|999|999|999|4H|S|11|SK
13|10|999|999|999|999|4H|S|11|SK
13|10|999|999|999|999|4H|S|11|SK
13|10|999|999|999|999|4H|S|11|SK
13|10|999|999|999|999|4H|S|11|SK
13|10|999|999|999|999|4H|S|11|SK
13|10|999|999|999|999|4H|S|11|SK
13|10|999|999|999|999|4H|S|11|SK
13|10|999|999|999|999|4H|S|11|SK
13|10|999|999|999|999|4H|S|12|CT
13|10|999|999|999|999|4H|S|12|CT
13|10|999|999|999|999|4H|S|12|CT
13|10|999|999|999|999|4H|S|12|H5
13|10|999|999|999|999|4H|S|12|H5
13|10|999|999|999|999|4H|S|12|H5
13|10|999|999|999|999|4H|S|12|H5
13|10|999|999|999|999|4H|S|12|HT
13|10|999|999|999|999|4H|S|13|H5
13|10|999|999|999|999|4H|S|13|H5
13|10|999|999|999|999|4H|S|13|HT
13|10|999|999|999|999|4SX|W|8|S6
13|10|999|999|999|999|5H|N|11|SA
13|10|999|999|999|999|5H|N|12|C5
13|10|999|999|999|999|5H|N|12|DT
13|10|999|999|999|999|5H|S|11|SK
13|10|999|999|999|999|5H|S|11|SK
13|10|999|999|999|999|6H|N|11|SA
13|10|999|999|999|999|6HX|S|11|SK
13|9|2|999|1|999|2H|S|8|H5
13|9|999|5|999|4|2H|N|8|S5
13|9|999|999|999|999|1NX|E|6|CQ
13|9|999|999|999|999|2C|N|6|S3
13|9|999|999|999|999|2C|N|8|H5
13|9|999|999|999|999|2C|S|7|H2
13|9|999|999|999|999|2C|S|7|H3
13|9|999|999|999|999|2C|S|7|H3
13|9|999|999|999|999|2C|S|7|H3
13|9|999|999|999|999|2C|S|7|H3
13|9|999|999|999|999|2C|S|7|H5
13|9|999|999|999|999|2C|S|7|H5
13|9|999|999|999|999|2C|S|7|H5
13|9|999|999|999|999|2C|S|8|H5
13|9|999|999|999|999|2C|S|8|H5
13|9|999|999|999|999|2C|S|8|H7
13|9|999|999|999|999|2CX|S|6|H3
13|9|999|999|999|999|2CX|S|7|H5
13|9|999|999|999|999|2D|E|6|S2
13|9|999|999|999|999|2H|N|10|S5
13|9|999|999|999|999|2H|N|8|S2
13|9|999|999|999|999|2H|N|8|S2
13|9|999|999|999|999|2H|N|8|S2
13|9|999|999|999|999|2H|N|8|S5
13|9|999|999|999|999|2H|N|8|S5
13|9|999|999|999|999|2H|N|8|S5
13|9|999|999|999|999|2H|N|8|S8
13|9|999|999|999|999|2H|S|11|S3
13|9|999|999|999|999|2H|S|11|S4
13|9|999|999|999|999|2HX|S|11|H3
13|9|999|999|999|999|2S|W|6|D2
13|9|999|999|999|999|3C|N|8|SJ
13|9|999|999|999|999|3C|S|7|H5
13|9|999|999|999|999|3C|S|7|H5
13|9|999|999|999|999|3C|S|8|H5
13|9|999|999|999|999|3C|S|8|H6
13|9|999|999|999|999|3C|S|9|C4
13|9|999|999|999|999|3CX|S|7|H3
13|9|999|999|999|999|3CX|S|8|H5
13|9|999|999|999|999|3H|N|9|S5
13|9|999|999|999|999|3H|S|11|H5
13|9|999|999|999|999|3H|S|11|S4
13|9|999|999|999|999|3HX|N|8|S5
13|9|999|999|999|999|3N|E|8|CK
13|9|999|999|999|999|3N|S|5|S4
13|9|999|999|999|999|4H|N|10|C2
13|9|999|999|999|999|4H|N|10|H6
13|9|999|999|999|999|4H|N|10|S2
13|9|999|999|999|999|4H|N|10|S2
13|9|999|999|999|999|4H|N|10|S5
13|9|999|999|999|999|4H|N|10|S5
13|9|999|999|999|999|4H|N|6|S6
13|9|999|999|999|999|4H|N|8|S5
13|9|999|999|999|999|4H|N|8|S5
13|9|999|999|999|999|4H|S|10|H5
13|9|999|999|999|999|4H|S|10|H5
13|9|999|999|999|999|4H|S|10|H5
13|9|999|999|999|999|4H|S|10|S5
14|11|2|999|1|999|3N|W|9|CJ
14|11|999|5|999|4|4S|E|11|C3
14|11|999|999|999|999|3CX|N|5|CQ
14|11|999|999|999|999|3CX|N|5|CQ
14|11|999|999|999|999|3CX|N|6|CQ
14|11|999|999|999|999|3CX|N|6|CQ
14|11|999|999|999|999|3CX|N|6|CQ
14|11|999|999|999|999|3CX|N|6|DA
14|11|999|999|999|999|3CX|N|6|DA
14|11|999|999|999|999|3CX|N|6|DA
14|11|999|999|999|999|3CX|N|6|H6
14|11|999|999|999|999|3CX|N|6|HA
14|11|999|999|999|999|3CX|N|6|HA
14|11|999|999|999|999|3CX|N|6|HA
14|11|999|999|999|999|3CX|N|6|HA
14|11|999|999|999|999|3CX|N|6|HA
14|11|999|999|999|999|3CX|N|6|HA
14|11|999|999|999|999|3CX|N|6|HA
14|11|999|999|999|999|3CX|N|6|HA
14|11|999|999|999|999|3CX|N|6|HA
14|11|999|999|999|999|3CX|N|6|HA
14|11|999|999|999|999|3CX|N|6|HA
14|11|999|999|999|999|3CX|N|6|HA
14|11|999|999|999|999|3CX|N|6|HA
14|11|999|999|999|999|3CX|N|6|HA
14|11|999|999|999|999|3CX|N|6|SA
14|11|999|999|999|999|3CX|N|7|CQ
14|11|999|999|999|999|3CX|N|7|CQ
14|11|999|999|999|999|3CX|N|7|H2
14|11|999|999|999|999|3CX|N|7|HA
14|11|999|999|999|999|3CX|N|7|HA
14|11|999|999|999|999|3CX|N|8|HA
14|11|999|999|999|999|3N|E|10|D6
14|11|999|999|999|999|3N|E|11|CJ
14|11|999|999|999|999|3N|E|12|CJ
14|11|999|999|999|999|3N|W|10|CJ
14|11|999|999|999|999|3N|W|10|CJ
14|11|999|999|999|999|3N|W|10|DK
14|11|999|999|999|999|3N|W|11|CJ
14|11|999|999|999|999|3N|W|11|CJ
14|11|999|999|999|999|3N|W|11|CT
14|11|999|999|999|999|3N|W|12|CJ
14|11|999|999|999|999|4CX|N|7|HA
14|11|999|999|999|999|4S|E|10|CJ
14|11|999|999|999|999|4S|E|11|C2
14|11|999|999|999|999|4S|E|11|C2
14|11|999|999|999|999|4S|E|11|CJ
14|11|999|999|999|999|4S|E|12|C2
14|11|999|999|999|999|4S|E|12|CJ
14|11|999|999|999|999|4S|E|13|H6
14|11|999|999|999|999|4S|W|10|DK
14|11|999|999|999|999|4S|W|11|CJ
14|11|999|999|999|999|4S|W|12|CJ
14|11|999|999|999|999|4S|W|12|CJ
14|11|999|999|999|999|4S|W|12|CJ
14|11|999|999|999|999|4S|W|12|CJ
14|11|999|999|999|999|4S|W|13|CJ
14|11|999|999|999|999|4S|W|8|D5
14|12|2|999|1|999|4H|E|10|CT
14|12|999|5|999|4|3H|W|10|DA
14|12|999|999|999|999|2N|W|11|S4
14|12|999|999|999|999|2N|W|8|S4
14|12|999|999|999|999|3H|E|10|H7
14|12|999|999|999|999|3H|W|10|DA
14|12|999|999|999|999|3H|W|10|DA
14|12|999|999|999|999|3H|W|10|DA
14|12|999|999|999|999|3H|W|10|DA
14|12|999|999|999|999|3H|W|10|DA
14|12|999|999|999|999|3H|W|10|DA
14|12|999|999|999|999|3H|W|10|DA
14|12|999|999|999|999|3H|W|10|DA
14|12|999|999|999|999|3H|W|10|DA
14|12|999|999|999|999|3N|E|8|CT
14|12|999|999|999|999|3N|E|8|DA
14|12|999|999|999|999|3N|E|8|S3
14|12|999|999|999|999|3N|E|9|DA
14|12|999|999|999|999|3N|W|8|D2
14|12|999|999|999|999|3N|W|8|DA
14|12|999|999|999|999|3N|W|8|DA
14|12|999|999|999|999|3N|W|8|DA
14|12|999|999|999|999|3N|W|8|DA
14|12|999|999|999|999|3N|W|8|DA
14|12|999|999|999|999|3N|W|8|DA
14|12|999|999|999|999|3N|W|8|DA
14|12|999|999|999|999|3N|W|8|DA
14|12|999|999|999|999|3N|W|8|DA
14|12|999|999|999|999|3N|W|8|DK
14|12|999|999|999|999|3N|W|8|S4
14|12|999|999|999|999|3N|W|8|S4
14|12|999|999|999|999|3N|W|8|S4
14|12|999|999|999|999|3N|W|8|S4
14|12|999|999|999|999|3N|W|8|S4
14|12|999|999|999|999|3N|W|8|S7
14|12|999|999|999|999|3N|W|9|C2
14|12|999|999|999|999|3N|W|9|DA
14|12|999|999|999|999|3N|W|9|DA
14|12|999|999|999|999|3N|W|9|DA
14|12|999|999|999|999|3N|W|9|DA
14|12|999|999|999|999|3N|W|9|DA
14|12|999|999|999|999|3N|W|9|DA
14|12|999|999|999|999|3N|W|9|DA
14|12|999|999|999|999|3N|W|9|DA
14|12|999|999|999|999|3N|W|9|DA
14|12|999|999|999|999|3N|W|9|DA
14|12|999|999|999|999|3N|W|9|DA
14|12|999|999|999|999|3N|W|9|DK
14|12|999|999|999|999|3N|W|9|HT
14|12|999|999|999|999|3N|W|9|S4
14|12|999|999|999|999|3N|W|9|S7
14|12|999|999|999|999|4H|E|10|CT
14|12|999|999|999|999|4H|W|10|DA
14|12|999|999|999|999|4H|W|10|DA
14|12|999|999|999|999|4H|W|10|DA
14|12|999|999|999|999|4H|W|10|DA
14|12|999|999|999|999|4H|W|10|DA
14|12|999|999|999|999|4H|W|9|DA
15|13|2|999|1|999|2H|N|7|SK
15|13|999|5|999|4|3C|E|8|D3
15|13|999|999|999|999|1N|W|4|D6
15|13|999|999|999|999|1N|W|5|D3
15|13|999|999|999|999|1N|W|7|D2
15|13|999|999|999|999|1N|W|7|D5
15|13|999|999|999|999|2C|E|10|CA
15|13|999|999|999|999|2C|E|8|C2
15|13|999|999|999|999|2C|E|8|D4
15|13|999|999|999|999|2C|E|8|H6
15|13|999|999|999|999|2C|E|9|D4
15|13|999|999|999|999|2C|E|9|H2
15|13|999|999|999|999|2C|E|9|H6
15|13|999|999|999|999|2C|E|9|H6
15|13|999|999|999|999|2H|N|9|SK
15|13|999|999|999|999|2H|N|9|SK
15|13|999|999|999|999|2H|N|9|SK
15|13|999|999|999|999|2HX|N|8|H6
15|13|999|999|999|999|2S|E|10|CA
15|13|999|999|999|999|2S|E|6|D4
15|13|999|999|999|999|2S|E|6|H6
15|13|999|999|999|999|2S|E|7|D3
15|13|999|999|999|999|2S|E|7|DJ
15|13|999|999|999|999|2S|E|7|H2
15|13|999|999|999|999|2S|E|7|H2
15|13|999|999|999|999|2S|E|7|H2
15|13|999|999|999|999|2S|E|9|CA
15|13|999|999|999|999|2S|E|9|D7
15|13|999|999|999|999|3C|E|8|D5
15|13|999|999|999|999|3C|E|9|D2
15|13|999|999|999|999|3C|E|9|D3
15|13|999|999|999|999|3C|E|9|H2
15|13|999|999|999|999|3C|E|9|H2
15|13|999|999|999|999|3C|E|9|H2
15|13|999|999|999|999|3C|E|9|H2
15|13|999|999|999|999|3C|E|9|H6
15|13|999|999|999|999|3C|E|9|H6
15|13|999|999|999|999|3H|N|8|SK
15|13|999|999|999|999|3H|N|8|SK
15|13|999|999|999|999|3H|N|8|SK
15|13|999|999|999|999|3H|N|8|SK
15|13|999|999|999|999|3H|N|9|SJ
15|13|999|999|999|999|3H|N|9|SK
15|13|999|999|999|999|3H|N|9|SK
15|13|999|999|999|999|3HX|N|9|SK
15|13|999|999|999|999|3HX|S|10|S6
15|13|999|999|999|999|3HX|S|9|DA
15|13|999|999|999|999|3HX|S|9|DA
15|13|999|999|999|999|3S|E|7|H6
15|13|999|999|999|999|4C|E|8|D4
15|13|999|999|999|999|4C|E|8|D4
15|13|999|999|999|999|4C|W|8|HA
15|13|999|999|999|999|4H|N|9|SK
15|13|999|999|999|999|4HX|N|8|SK
15|13|999|999|999|999|4HX|N|9|SK
15|13|999|999|999|999|4S|E|7|H9
15|13|999|999|999|999|4S|W|6|SA
15|13|999|999|999|999|5C|E|8|D4
15|14|2|999|1|999|3N|N|8|H2
15|14|999|5|999|4|3N|S|9|D6
15|14|999|999|999|999|1N|S|9|D4
15|14|999|999|999|999|1N|S|9|H3
15|14|999|999|999|999|2N|N|10|D2
15|14|999|999|999|999|2N|S|8|D8
15|14|999|999|999|999|2N|S|8|H3
15|14|999|999|999|999|2N|S|9|D4
15|14|999|999|999|999|2N|S|9|H6
15|14|999|999|999|999|3N|N|10|S2
15|14|999|999|999|999|3N|N|9|D2
15|14|999|999|999|999|3N|N|9|H9
15|14|999|999|999|999|3N|N|9|S8
15|14|999|999|999|999|3N|N|9|S8
15|14|999|999|999|999|3N|S|10|D4
15|14|999|999|999|999|3N|S|10|D4
15|14|999|999|999|999|3N|S|10|D6
15|14|999|999|999|999|3N|S|10|D8
15|14|999|999|999|999|3N|S|10|H6
15|14|999|999|999|999|3N|S|10|H6
15|14|999|999|999|999|3N|S|10|H6
15|14|999|999|999|999|3N|S|10|ST
15|14|999|999|999|999|3N|S|8|D4
15|14|999|999|999|999|3N|S|8|H2
15|14|999|999|999|999|3N|S|8|H3
15|14|999|999|999|999|3N|S|8|H4
15|14|999|999|999|999|3N|S|9|D3
15|14|999|999|999|999|3N|S|9|D4
15|14|999|999|999|999|3N|S|9|D4
15|14|999|999|999|999|3N|S|9|D4
15|14|999|999|999|999|3N|S|9|D4
15|14|999|999|999|999|3N|S|9|D4
15|14|999|999|999|999|3N|S|9|D4
15|14|999|999|999|999|3N|S|9|D4
15|14|999|999|999|999|3N|S|9|D4
15|14|999|999|999|999|3N|S|9|D6
15|14|999|999|999|999|3N|S|9|D8
15|14|999|999|999|999|3N|S|9|DK
15|14|999|999|999|999|3N|S|9|H2
15|14|999|999|999|999|3N|S|9|H2
15|14|999|999|999|999|3N|S|9|H3
15|14|999|999|999|999|3N|S|9|H3
15|14|999|999|999|999|3N|S|9|H3
15|14|999|999|999|999|3N|S|9|H3
15|14|999|999|999|999|3N|S|9|H3
15|14|999|999|999|999|3N|S|9|H3
15|14|999|999|999|999|3N|S|9|H3
15|14|999|999|999|999|3N|S|9|H3
15|14|999|999|999|999|3N|S|9|H3
15|14|999|999|999|999|3N|S|9|H3
15|14|999|999|999|999|3N|S|9|H4
15|14|999|999|999|999|3N|S|9|H4
15|14|999|999|999|999|3N|S|9|H5
15|14|999|999|999|999|3N|S|9|H6
15|14|999|999|999|999|3N|S|9|H6
15|14|999|999|999|999|3N|S|9|H6
15|14|999|999|999|999|3N|S|9|H6
15|14|999|999|999|999|3N|S|9|H6
16|15|5|999|4|999|3S|S|11|DK
16|15|999|2|999|1|3D|W|9|CQ
16|15|999|999|999|999|2S|N|10|D2
16|15|999|999|999|999|2S|S|10|DK
16|15|999|999|999|999|2S|S|11|DK
16|15|999|999|999|999|2S|S|12|DK
16|15|999|999|999|999|2S|S|9|DK
16|15|999|999|999|999|3C|N|10|D5
16|15|999|999|999|999|3C|N|12|D3
16|15|999|999|999|999|3HX|E|9|SK
16|15|999|999|999|999|3N|N|13|H5
16|15|999|999|999|999|3N|S|10|D4
16|15|999|999|999|999|3S|N|10|H2
16|15|999|999|999|999|3S|N|9|DK
16|15|999|999|999|999|3S|S|10|DK
16|15|999|999|999|999|3S|S|10|DK
16|15|999|999|999|999|3S|S|10|DK
16|15|999|999|999|999|3S|S|10|DK
16|15|999|999|999|999|3S|S|10|H6
16|15|999|999|999|999|3S|S|11|DK
16|15|999|999|999|999|3S|S|11|DK
16|15|999|999|999|999|3S|S|11|DK
16|15|999|999|999|999|3S|S|11|DK
16|15|999|999|999|999|3S|S|11|DK
16|15|999|999|999|999|3S|S|11|S7
16|15|999|999|999|999|3S|S|12|DK
16|15|999|999|999|999|3S|S|12|DK
16|15|999|999|999|999|3S|S|9|DK
16|15|999|999|999|999|3S|S|9|DK
16|15|999|999|999|999|3S|S|9|DK
16|15|999|999|999|999|4N|N|7|H2
16|15|999|999|999|999|4S|S|10|DK
16|15|999|999|999|999|4S|S|10|DK
16|15|999|999|999|999|4S|S|10|DK
16|15|999|999|999|999|4S|S|11|DK
16|15|999|999|999|999|4S|S|11|DK
16|15|999|999|999|999|4S|S|11|DK
16|15|999|999|999|999|4S|S|11|DK
16|15|999|999|999|999|4S|S|11|DK
16|15|999|999|999|999|4S|S|11|DK
16|15|999|999|999|999|4S|S|11|DQ
16|15|999|999|999|999|4S|S|12|CK
16|15|999|999|999|999|4S|S|12|D5
16|15|999|999|999|999|4S|S|12|DK
16|15|999|999|999|999|4S|S|12|DK
16|15|999|999|999|999|4S|S|8|DK
16|15|999|999|999|999|4S|S|9|DK
16|15|999|999|999|999|4S|S|9|DK
16|15|999|999|999|999|4S|S|9|DK
16|15|999|999|999|999|4S|S|9|DK
16|15|999|999|999|999|4S|S|9|DK
16|15|999|999|999|999|4S|S|9|DQ
16|15|999|999|999|999|5H|E|8|SK
16|15|999|999|999|999|5H|E|9|SK
16|15|999|999|999|999|5HX|E|9|S2
16|15|999|999|999|999|5HX|W|9|HQ
16|15|999|999|999|999|5S|S|9|DK
16|15|999|999|999|999|6C|N|12|D2
16|16|5|999|4|999|4S|N|10|C4
16|16|999|2|999|1|5S|N|10|H6
16|16|999|999|999|999|3N|N|10|D2
16|16|999|999|999|999|3N|N|10|D2
16|16|999|999|999|999|3N|N|10|H3
16|16|999|999|999|999|3N|N|10|H3
16|16|999|999|999|999|3N|N|10|HT
16|16|999|999|999|999|3N|N|11|H2
16|16|999|999|999|999|3N|N|11|HT
16|16|999|999|999|999|3N|N|11|HT
16|16|999|999|999|999|3N|N|11|SQ
16|16|999|999|999|999|3N|N|12|H3
16|16|999|999|999|999|3N|S|10|DT
16|16|999|999|999|999|3N|S|11|D9
16|16|999|999|999|999|3N|S|11|DT
16|16|999|999|999|999|3N|S|11|H4
16|16|999|999|999|999|3N|S|12|D2
16|16|999|999|999|999|3N|S|12|D9
16|16|999|999|999|999|3N|S|12|DT
16|16|999|999|999|999|3N|S|12|DT
16|16|999|999|999|999|3N|S|12|DT
16|16|999|999|999|999|4S|N|10|C5
16|16|999|999|999|999|4S|N|10|D2
16|16|999|999|999|999|4S|N|10|D2
16|16|999|999|999|999|4S|N|10|D2
16|16|999|999|999|999|4S|N|10|D5
16|16|999|999|999|999|4S|N|10|D5
16|16|999|999|999|999|4S|N|10|DT
16|16|999|999|999|999|4S|N|10|H6
16|16|999|999|999|999|4S|N|10|HT
16|16|999|999|999|999|4S|N|10|HT
16|16|999|999|999|999|4S|N|10|HT
16|16|999|999|999|999|4S|N|10|HT
16|16|999|999|999|999|4S|N|11|C4
16|16|999|999|999|999|4S|N|11|HT
16|16|999|999|999|999|4S|N|11|SQ
16|16|999|999|999|999|4S|N|9|D2
16|16|999|999|999|999|4S|N|9|D9
16|16|999|999|999|999|4S|N|9|H6
16|16|999|999|999|999|4S|S|10|C3
16|16|999|999|999|999|4S|S|10|C7
16|16|999|999|999|999|4S|S|10|C7
16|16|999|999|999|999|4S|S|10|D9
16|16|999|999|999|999|4S|S|10|D9
16|16|999|999|999|999|4S|S|10|DT
16|16|999|999|999|999|4S|S|10|DT
16|16|999|999|999|999|4S|S|10|DT
16|16|999|999|999|999|4S|S|10|DT
16|16|999|999|999|999|4S|S|10|DT
16|16|999|999|999|999|4S|S|10|DT
16|16|999|999|999|999|4S|S|10|H2
16|16|999|999|999|999|4S|S|10|H2
16|16|999|999|999|999|4S|S|10|H2
16|16|999|999|999|999|4S|S|10|H6
16|16|999|999|999|999|4S|S|11|D9
16|16|999|999|999|999|4S|S|8|H3
16|16|999|999|999|999|4S|S|9|DT
16|16|999|999|999|999|4S|S|9|DT
17|17|2|999|1|999|3N|N|8|DQ
17|17|999|5|999|4|4H|S|8|SQ
17|17|999|999|999|999|2D|E|7|SA
17|17|999|999|999|999|2H|N|9|DQ
17|17|999|999|999|999|3C|N|9|DQ
17|17|999|999|999|999|3C|S|8|SQ
17|17|999|999|999|999|3C|S|9|SQ
17|17|999|999|999|999|3C|S|9|SQ
17|17|999|999|999|999|3C|S|9|SQ
17|17|999|999|999|999|3C|S|9|SQ
17|17|999|999|999|999|3D|N|7|S6
17|17|999|999|999|999|3D|N|8|S5
17|17|999|999|999|999|3D|N|8|S5
17|17|999|999|999|999|3D|N|8|S6
17|17|999|999|999|999|3DX|N|7|DQ
17|17|999|999|999|999|3DX|N|8|DT
17|17|999|999|999|999|3DX|N|8|HT
17|17|999|999|999|999|3DX|N|8|S3
17|17|999|999|999|999|3DX|N|8|S3
17|17|999|999|999|999|3DXX|N|8|H3
17|17|999|999|999|999|3H|N|7|D2
17|17|999|999|999|999|3H|N|9|DQ
17|17|999|999|999|999|3H|S|7|SQ
17|17|999|999|999|999|3H|S|9|SQ
17|17|999|999|999|999|3HX|S|7|SQ
17|17|999|999|999|999|3HX|S|8|SQ
17|17|999|999|999|999|3HX|S|9|SQ
17|17|999|999|999|999|3N|N|5|DQ
17|17|999|999|999|999|3N|N|8|DQ
17|17|999|999|999|999|3N|N|8|DQ
17|17|999|999|999|999|3N|N|8|DQ
17|17|999|999|999|999|3N|N|8|S5
17|17|999|999|999|999|3N|N|8|S5
17|17|999|999|999|999|3N|N|8|S8
17|17|999|999|999|999|3SX|E|8|H3
17|17|999|999|999|999|3SX|W|7|CK
17|17|999|999|999|999|3SX|W|7|CK
17|17|999|999|999|999|3SX|W|7|HK
17|17|999|999|999|999|3SX|W|7|HK
17|17|999|999|999|999|3SX|W|7|HK
17|17|999|999|999|999|3SX|W|7|S2
17|17|999|999|999|999|4C|S|9|SQ
17|17|999|999|999|999|4D|N|8|S4
17|17|999|999|999|999|4D|N|8|S8
17|17|999|999|999|999|4DX|N|8|S5
17|17|999|999|999|999|4H|N|9|SQ
17|17|999|999|999|999|4H|S|6|SQ
17|17|999|999|999|999|4H|S|6|SQ
17|17|999|999|999|999|4H|S|8|SQ
17|17|999|999|999|999|4H|S|8|SQ
17|17|999|999|999|999|4H|S|8|SQ
17|17|999|999|999|999|4H|S|9|SQ
17|17|999|999|999|999|4HX|S|7|SQ
17|17|999|999|999|999|4HX|S|8|SQ
17|17|999|999|999|999|4SX|W|6|CK
17|17|999|999|999|999|5C|S|9|SQ
17|17|999|999|999|999|5D|N|7|S8
17|18|2|999|1|999|3H|E|8|CA
17|18|999|5|999|4|1N|E|8|D8
17|18|999|999|999|999|1H|E|9|D2
17|18|999|999|999|999|1N|W|8|SJ
17|18|999|999|999|999|1N|W|9|D8
17|18|999|999|999|999|1N|W|9|SJ
17|18|999|999|999|999|2H|E|8|CA
17|18|999|999|999|999|2H|E|8|CA
17|18|999|999|999|999|2H|E|8|CA
17|18|999|999|999|999|2H|E|8|CA
17|18|999|999|999|999|2H|E|8|CA
17|18|999|999|999|999|2H|E|8|CA
17|18|999|999|999|999|2H|E|8|SQ
17|18|999|999|999|999|2H|E|9|CA
17|18|999|999|999|999|2H|E|9|CA
17|18|999|999|999|999|2H|E|9|CA
17|18|999|999|999|999|2H|E|9|CA
17|18|999|999|999|999|2H|E|9|CA
17|18|999|999|999|999|2H|E|9|CA
17|18|999|999|999|999|2H|E|9|CA
17|18|999|999|999|999|2H|E|9|CA
17|18|999|999|999|999|2H|E|9|CA
17|18|999|999|999|999|2H|E|9|CA
17|18|999|999|999|999|2H|E|9|CA
17|18|999|999|999|999|2H|E|9|CA
17|18|999|999|999|999|2H|E|9|CA
17|18|999|999|999|999|2H|E|9|CK
17|18|999|999|999|999|2H|E|9|CK
17|18|999|999|999|999|2H|E|9|CK
17|18|999|999|999|999|2H|E|9|D2
17|18|999|999|999|999|2H|E|9|D8
17|18|999|999|999|999|2H|W|9|CA
17|18|999|999|999|999|2N|E|8|D7
17|18|999|999|999|999|2N|E|8|D8
17|18|999|999|999|999|2N|E|9|C6
17|18|999|999|999|999|2NX|S|4|H3
17|18|999|999|999|999|2NX|S|6|H4
17|18|999|999|999|999|2NX|S|7|H3
17|18|999|999|999|999|2SX|N|6|C3
17|18|999|999|999|999|3C|N|6|HA
17|18|999|999|999|999|3CX|S|6|H3
17|18|999|999|999|999|3CX|S|7|C3
17|18|999|999|999|999|3CX|S|7|H3
17|18|999|999|999|999|3CX|S|7|H3
17|18|999|999|999|999|3CX|S|7|HQ
17|18|999|999|999|999|3DX|N|5|CJ
17|18|999|999|999|999|3H|E|8|CA
17|18|999|999|999|999|3H|E|8|CA
17|18|999|999|999|999|3H|E|9|C2
17|18|999|999|999|999|3H|E|9|CA
17|18|999|999|999|999|3H|E|9|CA
17|18|999|999|999|999|3H|E|9|CA
17|18|999|999|999|999|3H|E|9|CA
17|18|999|999|999|999|3HX|W|9|CA
17|18|999|999|999|999|3N|E|8|D5
17|18|999|999|999|999|3N|E|9|C6
17|18|999|999|999|999|3N|W|8|SJ
17|18|999|999|999|999|3N|W|8|SJ
18|19|2|999|1|999|4HX|N|9|CJ
18|19|999|5|999|4|2S|S|7|HA
18|19|999|999|999|999|1N|E|7|ST
18|19|999|999|999|999|2H|N|7|CJ
18|19|999|999|999|999|2H|N|9|CJ
18|19|999|999|999|999|2H|N|9|CJ
18|19|999|999|999|999|2H|N|9|CJ
18|19|999|999|999|999|2N|E|8|HT
18|19|999|999|999|999|2N|W|8|H4
18|19|999|999|999|999|2S|N|9|D2
18|19|999|999|999|999|2S|S|7|HA
18|19|999|999|999|999|2S|S|8|DT
18|19|999|999|999|999|2SX|S|7|DT
18|19|999|999|999|999|3C|W|9|H2
18|19|999|999|999|999|3C|W|9|SA
18|19|999|999|999|999|3C|W|9|SA
18|19|999|999|999|999|3H|N|7|C2
18|19|999|999|999|999|3H|N|7|C6
18|19|999|999|999|999|3H|N|8|C3
18|19|999|999|999|999|3H|N|8|CJ
18|19|999|999|999|999|3H|N|9|CJ
18|19|999|999|999|999|3H|N|9|CJ
18|19|999|999|999|999|3H|N|9|CJ
18|19|999|999|999|999|3H|N|9|CJ
18|19|999|999|999|999|3H|N|9|CJ
18|19|999|999|999|999|3H|N|9|CJ
18|19|999|999|999|999|3H|N|9|CJ
18|19|999|999|999|999|3H|N|9|CJ
18|19|999|999|999|999|3H|N|9|CJ
18|19|999|999|999|999|3H|N|9|CJ
18|19|999|999|999|999|3H|N|9|CJ
18|19|999|999|999|999|3H|N|9|CJ
18|19|999|999|999|999|3H|N|9|CJ
18|19|999|999|999|999|3H|N|9|CJ
18|19|999|999|999|999|3H|N|9|CJ
18|19|999|999|999|999|3H|N|9|CJ
18|19|999|999|999|999|3H|N|9|CJ
18|19|999|999|999|999|3H|N|9|CJ
18|19|999|999|999|999|3H|N|9|CJ
18|19|999|999|999|999|3H|N|9|CJ
18|19|999|999|999|999|3H|N|9|CJ
18|19|999|999|999|999|3H|N|9|CJ
18|19|999|999|999|999|3H|N|9|CJ
18|19|999|999|999|999|3H|N|9|D3
18|19|999|999|999|999|3H|N|9|S3
18|19|999|999|999|999|3H|N|9|S4
18|19|999|999|999|999|3H|S|7|DT
18|19|999|999|999|999|3H|S|8|C4
18|19|999|999|999|999|3HX|N|9|CJ
18|19|999|999|999|999|3HX|N|9|CJ
18|19|999|999|999|999|3N|E|7|H3
18|19|999|999|999|999|3N|E|7|HT
18|19|999|999|999|999|3N|W|5|H3
18|19|999|999|999|999|3N|W|6|H2
18|19|999|999|999|999|4C|E|8|H9
18|19|999|999|999|999|4CX|E|9|S2
18|19|999|999|999|999|4H|N|8|C2
18|19|999|999|999|999|4HX|N|9|S3
18|20|2|999|1|999|3N|E|12|ST
18|20|999|5|999|4|6N|W|11|DT
18|20|999|999|999|999|4C|W|11|D5
18|20|999|999|999|999|4N|W|12|D4
18|20|999|999|999|999|4N|W|12|D4
18|20|999|999|999|999|6N|E|11|S4
18|20|999|999|999|999|6N|E|12|C5
18|20|999|999|999|999|6N|E|12|D2
18|20|999|999|999|999|6N|E|12|D2
18|20|999|999|999|999|6N|E|12|D5
18|20|999|999|999|999|6N|E|12|D7
18|20|999|999|999|999|6N|E|12|D7
18|20|999|999|999|999|6N|E|12|H3
18|20|999|999|999|999|6N|E|12|H6
18|20|999|999|999|999|6N|E|12|H6
18|20|999|999|999|999|6N|E|12|H8
18|20|999|999|999|999|6N|E|12|S2
18|20|999|999|999|999|6N|E|12|S2
18|20|999|999|999|999|6N|E|12|S3
18|20|999|999|999|999|6N|E|12|S9
18|20|999|999|999|999|6N|E|12|S9
18|20|999|999|999|999|6N|E|12|ST
18|20|999|999|999|999|6N|E|12|ST
18|20|999|999|999|999|6N|E|12|ST
18|20|999|999|999|999|6N|E|12|ST
18|20|999|999|999|999|6N|E|12|ST
18|20|999|999|999|999|6N|E|12|ST
18|20|999|999|999|999|6N|E|12|ST
18|20|999|999|999|999|6N|W|12|D2
18|20|999|999|999|999|6N|W|12|D4
18|20|999|999|999|999|6N|W|12|D4
18|20|999|999|999|999|6N|W|12|D4
18|20|999|999|999|999|6N|W|12|D4
18|20|999|999|999|999|6N|W|12|D4
18|20|999|999|999|999|6N|W|12|D4
18|20|999|999|999|999|6N|W|12|D4
18|20|999|999|999|999|6N|W|12|D4
18|20|999|999|999|999|6N|W|12|D4
18|20|999|999|999|999|6N|W|12|D4
18|20|999|999|999|999|6N|W|12|D5
18|20|999|999|999|999|6N|W|12|D5
18|20|999|999|999|999|6N|W|12|D5
18|20|999|999|999|999|6N|W|12|D5
18|20|999|999|999|999|6N|W|12|D5
18|20|999|999|999|999|6N|W|12|D5
18|20|999|999|999|999|6N|W|12|D5
18|20|999|999|999|999|6N|W|12|D5
18|20|999|999|999|999|6N|W|12|D8
18|20|999|999|999|999|6N|W|12|D8
18|20|999|999|999|999|6N|W|12|H2
18|20|999|999|999|999|6N|W|12|S3
18|20|999|999|999|999|6N|W|12|S4
18|20|999|999|999|999|6N|W|12|S4
18|20|999|999|999|999|6N|W|12|S4
18|20|999|999|999|999|6N|W|13|C3
18|20|999|999|999|999|6N|W|13|C3
18|20|999|999|999|999|7N|W|12|D4
18|20|999|999|999|999|7N|W|12|D5
19|21|2|999|1|999|4S|W|11|DQ
19|21|999|5|999|4|4S|E|10|C3
19|21|999|999|999|999|2CX|N|4|C8
19|21|999|999|999|999|2CX|N|4|S4
19|21|999|999|999|999|3N|W|10|CQ
19|21|999|999|999|999|3N|W|7|CQ
19|21|999|999|999|999|3N|W|8|CQ
19|21|999|999|999|999|3N|W|9|CQ
19|21|999|999|999|999|4H|W|10|CQ
19|21|999|999|999|999|4H|W|10|CQ
19|21|999|999|999|999|4H|W|11|CQ
19|21|999|999|999|999|4S|E|10|C2
19|21|999|999|999|999|4S|E|10|C6
19|21|999|999|999|999|4S|E|11|C2
19|21|999|999|999|999|4S|E|11|C2
19|21|999|999|999|999|4S|E|11|C2
19|21|999|999|999|999|4S|E|11|C2
19|21|999|999|999|999|4S|E|11|C2
19|21|999|999|999|999|4S|E|11|C3
19|21|999|999|999|999|4S|E|11|C5
19|21|999|999|999|999|4S|E|11|C6
19|21|999|999|999|999|4S|E|11|C6
19|21|999|999|999|999|4S|E|11|C6
19|21|999|999|999|999|4S|E|11|C7
19|21|999|999|999|999|4S|E|11|HJ
19|21|999|999|999|999|4S|E|11|HJ
19|21|999|999|999|999|4S|E|11|HJ
19|21|999|999|999|999|4S|E|11|HJ
19|21|999|999|999|999|4S|E|11|HJ
19|21|999|999|999|999|4S|E|11|HJ
19|21|999|999|999|999|4S|E|11|HJ
19|21|999|999|999|999|4S|E|11|HT
19|21|999|999|999|999|4S|E|12|C2
19|21|999|999|999|999|4S|E|12|C2
19|21|999|999|999|999|4S|E|12|C2
19|21|999|999|999|999|4S|E|12|C2
19|21|999|999|999|999|4S|E|12|C2
19|21|999|999|999|999|4S|E|12|C2
19|21|999|999|999|999|4S|E|12|C5
19|21|999|999|999|999|4S|E|12|C6
19|21|999|999|999|999|4S|E|12|C6
19|21|999|999|999|999|4S|E|12|D2
19|21|999|999|999|999|4S|E|12|HJ
19|21|999|999|999|999|4S|E|12|HJ
19|21|999|999|999|999|4S|E|12|HJ
19|21|999|999|999|999|4S|E|12|HJ
19|21|999|999|999|999|4S|E|12|HJ
19|21|999|999|999|999|4S|E|12|S6
19|21|999|999|999|999|4S|W|10|S4
19|21|999|999|999|999|4S|W|11|CQ
19|21|999|999|999|999|4S|W|11|CQ
19|21|999|999|999|999|4S|W|11|CQ
19|21|999|999|999|999|4S|W|11|HJ
19|21|999|999|999|999|4S|W|13|S6
19|21|999|999|999|999|6S|E|11|C2
19|21|999|999|999|999|6S|E|11|D4
19|21|999|999|999|999|6S|E|12|C2
19|21|999|999|999|999|6S|E|12|H3
19|22|2|999|1|999|4S|S|11|S3
19|22|999|5|999|4|4S|S|11|HK
19|22|999|999|999|999|2C|E|3|CA
19|22|999|999|999|999|2DX|E|6|CA
19|22|999|999|999|999|2S|N|11|H2
19|22|999|999|999|999|2S|S|11|HK
19|22|999|999|999|999|3N|S|11|ST
19|22|999|999|999|999|4S|N|10|H3
19|22|999|999|999|999|4S|N|11|D2
19|22|999|999|999|999|4S|N|11|H5
19|22|999|999|999|999|4S|N|11|HK
19|22|999|999|999|999|4S|S|10|DA
19|22|999|999|999|999|4S|S|10|HK
19|22|999|999|999|999|4S|S|10|HK
19|22|999|999|999|999|4S|S|10|HK
19|22|999|999|999|999|4S|S|10|HK
19|22|999|999|999|999|4S|S|10|HK
19|22|999|999|999|999|4S|S|10|HK
19|22|999|999|999|999|4S|S|10|HK
19|22|999|999|999|999|4S|S|10|HK
19|22|999|999|999|999|4S|S|10|HK
19|22|999|999|999|999|4S|S|10|HK
19|22|999|999|999|999|4S|S|11|HK
19|22|999|999|999|999|4S|S|11|HK
19|22|999|999|999|999|4S|S|11|HK
19|22|999|999|999|999|4S|S|11|HK
19|22|999|999|999|999|4S|S|11|HK
19|22|999|999|999|999|4S|S|11|HK
19|22|999|999|999|999|4S|S|11|HK
19|22|999|999|999|999|4S|S|11|HK
19|22|999|999|999|999|4S|S|11|HK
19|22|999|999|999|999|4S|S|11|HK
19|22|999|999|999|999|4S|S|11|HK
19|22|999|999|999|999|4S|S|11|HK
19|22|999|999|999|999|4S|S|11|HK
19|22|999|999|999|999|4S|S|11|HK
19|22|999|999|999|999|4S|S|11|HK
19|22|999|999|999|999|4S|S|11|HK
19|22|999|999|999|999|4S|S|11|HK
19|22|999|999|999|999|4S|S|11|HK
19|22|999|999|999|999|4S|S|11|S2
19|22|999|999|999|999|4S|S|11|S3
19|22|999|999|999|999|4S|S|9|DA
19|22|999|999|999|999|4S|S|9|HK
19|22|999|999|999|999|4S|S|9|HK
19|22|999|999|999|999|5S|N|10|C2
19|22|999|999|999|999|5S|N|11|H2
19|22|999|999|999|999|5S|N|11|H2
19|22|999|999|999|999|5S|S|11|HK
19|22|999|999|999|999|6C|S|10|HK
19|22|999|999|999|999|6S|S|10|HK
19|22|999|999|999|999|6S|S|10|HK
19|22|999|999|999|999|6S|S|10|HQ
19|22|999|999|999|999|6S|S|11|DA
19|22|999|999|999|999|6S|S|11|DA
19|22|999|999|999|999|6S|S|11|HK
19|22|999|999|999|999|6S|S|11|HK
19|22|999|999|999|999|6S|S|11|HK
20|23|2|999|1|999|6N|W|8|C3
20|23|999|5|999|4|6N|W|11|ST
20|23|999|999|999|999|2D|W|9|C3
20|23|999|999|999|999|3N|E|10|H2
20|23|999|999|999|999|3N|E|11|H3
20|23|999|999|999|999|3N|E|7|H4
20|23|999|999|999|999|3N|E|9|H2
20|23|999|999|999|999|3N|E|9|H3
20|23|999|999|999|999|3N|E|9|H4
20|23|999|999|999|999|3N|E|9|H4
20|23|999|999|999|999|3N|E|9|HJ
20|23|999|999|999|999|3N|W|10|C5
20|23|999|999|999|999|3N|W|10|H2
20|23|999|999|999|999|3N|W|11|C5
20|23|999|999|999|999|3N|W|11|S8
20|23|999|999|999|999|3N|W|11|ST
20|23|999|999|999|999|3N|W|12|C5
20|23|999|999|999|999|4N|E|10|D2
20|23|999|999|999|999|4N|E|11|D3
20|23|999|999|999|999|4N|E|11|D5
20|23|999|999|999|999|4N|E|11|HJ
20|23|999|999|999|999|4N|E|11|S4
20|23|999|999|999|999|4N|E|9|H4
20|23|999|999|999|999|4N|E|9|H4
20|23|999|999|999|999|4N|E|9|HJ
20|23|999|999|999|999|4N|E|9|HJ
20|23|999|999|999|999|4N|E|9|HJ
20|23|999|999|999|999|4N|E|9|HJ
20|23|999|999|999|999|4N|E|9|HJ
20|23|999|999|999|999|4N|E|9|HJ
20|23|999|999|999|999|4N|W|11|ST
20|23|999|999|999|999|5N|W|11|C4
20|23|999|999|999|999|6C|W|9|ST
20|23|999|999|999|999|6D|E|10|C4
20|23|999|999|999|999|6D|W|10|C3
20|23|999|999|999|999|6D|W|10|C3
20|23|999|999|999|999|6D|W|10|C5
20|23|999|999|999|999|6N|E|10|D2
20|23|999|999|999|999|6N|E|10|H3
20|23|999|999|999|999|6N|E|10|HJ
20|23|999|999|999|999|6N|E|11|D6
20|23|999|999|999|999|6N|E|11|D7
20|23|999|999|999|999|6N|E|7|HJ
20|23|999|999|999|999|6N|E|9|HJ
20|23|999|999|999|999|6N|E|9|HJ
20|23|999|999|999|999|6N|W|10|C2
20|23|999|999|999|999|6N|W|10|C5
20|23|999|999|999|999|6N|W|10|C5
20|23|999|999|999|999|6N|W|10|HA
20|23|999|999|999|999|6N|W|10|S9
20|23|999|999|999|999|6N|W|11|HA
20|23|999|999|999|999|6N|W|11|HA
20|23|999|999|999|999|6N|W|11|HA
20|23|999|999|999|999|6N|W|11|HA
20|23|999|999|999|999|6N|W|11|ST
20|23|999|999|999|999|6N|W|11|ST
20|23|999|999|999|999|6N|W|9|C7
20|23|999|999|999|999|6N|W|9|ST
20|24|2|999|1|999|1H|N|6|HQ
20|24|999|5|999|4|3N|W|8|S7
20|24|999|999|999|999|1N|W|7|C3
20|24|999|999|999|999|1N|W|8|C3
20|24|999|999|999|999|1NX|N|6|SK
20|24|999|999|999|999|1SX|S|6|H5
20|24|999|999|999|999|2C|W|6|H2
20|24|999|999|999|999|2CX|N|7|CJ
20|24|999|999|999|999|2CX|N|7|H3
20|24|999|999|999|999|2CX|N|7|SK
20|24|999|999|999|999|2H|E|7|S8
20|24|999|999|999|999|2N|E|7|S3
20|24|999|999|999|999|2N|E|8|HA
20|24|999|999|999|999|2SX|S|6|H3
20|24|999|999|999|999|2SX|S|6|H3
20|24|999|999|999|999|3D|E|6|S2
20|24|999|999|999|999|3N|E|6|S2
20|24|999|999|999|999|3N|E|6|S3
20|24|999|999|999|999|3N|E|6|S3
20|24|999|999|999|999|3N|E|6|S3
20|24|999|999|999|999|3N|E|6|S4
20|24|999|999|999|999|3N|E|6|S4
20|24|999|999|999|999|3N|E|7|C2
20|24|999|999|999|999|3N|E|7|HA
20|24|999|999|999|999|3N|E|7|S3
20|24|999|999|999|999|3N|E|7|S3
20|24|999|999|999|999|3N|E|7|S5
20|24|999|999|999|999|3N|E|7|S8
20|24|999|999|999|999|3N|E|8|D2
20|24|999|999|999|999|3N|E|8|HA
20|24|999|999|999|999|3N|E|8|HA
20|24|999|999|999|999|3N|E|8|HA
20|24|999|999|999|999|3N|E|8|HA
20|24|999|999|999|999|3N|E|8|HA
20|24|999|999|999|999|3N|E|8|HA
20|24|999|999|999|999|3N|E|8|S6
20|24|999|999|999|999|3N|E|9|HA
20|24|999|999|999|999|3N|E|9|HA
20|24|999|999|999|999|3N|W|6|S7
20|24|999|999|999|999|3N|W|7|C3
20|24|999|999|999|999|3N|W|7|C3
20|24|999|999|999|999|3N|W|7|C3
20|24|999|999|999|999|3N|W|7|C3
20|24|999|999|999|999|3N|W|7|C3
20|24|999|999|999|999|3N|W|7|C4
20|24|999|999|999|999|3N|W|7|D3
20|24|999|999|999|999|3N|W|7|D4
20|24|999|999|999|999|3N|W|7|D4
20|24|999|999|999|999|3N|W|7|DJ
20|24|999|999|999|999|3N|W|7|H2
20|24|999|999|999|999|3N|W|7|H4
20|24|999|999|999|999|3N|W|8|C3
20|24|999|999|999|999|3N|W|8|D4
20|24|999|999|999|999|3N|W|8|D4
20|24|999|999|999|999|3N|W|8|H2
20|24|999|999|999|999|3N|W|8|H4
20|24|999|999|999|999|3N|W|9|C2
20|24|999|999|999|999|3NX|W|8|H4
21|25|2|999|1|999|3S|W|7|CJ
21|25|999|5|999|4|3N|E|7|C5
21|25|999|999|999|999|2H|N|6|SJ
21|25|999|999|999|999|2H|N|7|H4
21|25|999|999|999|999|2H|N|7|SJ
21|25|999|999|999|999|2H|N|7|SJ
21|25|999|999|999|999|2H|N|8|C2
21|25|999|999|999|999|2H|N|8|D2
21|25|999|999|999|999|2H|N|8|H4
21|25|999|999|999|999|2H|N|9|CK
21|25|999|999|999|999|2H|N|9|H3
21|25|999|999|999|999|2H|N|9|H4
21|25|999|999|999|999|2H|N|9|H4
21|25|999|999|999|999|2H|N|9|H4
21|25|999|999|999|999|2H|N|9|H4
21|25|999|999|999|999|2H|N|9|H5
21|25|999|999|999|999|2H|N|9|H6
21|25|999|999|999|999|2H|S|6|SJ
21|25|999|999|999|999|2HX|N|8|DA
21|25|999|999|999|999|2NX|W|5|D6
21|25|999|999|999|999|2S|W|6|CJ
21|25|999|999|999|999|2S|W|6|CJ
21|25|999|999|999|999|2S|W|7|CJ
21|25|999|999|999|999|2S|W|7|CJ
21|25|999|999|999|999|2S|W|7|CJ
21|25|999|999|999|999|2S|W|7|CJ
21|25|999|999|999|999|2S|W|7|CJ
21|25|999|999|999|999|2S|W|7|D5
21|25|999|999|999|999|3C|S|7|D2
21|25|999|999|999|999|3CX|S|7|D2
21|25|999|999|999|999|3CX|S|7|DT
21|25|999|999|999|999|3DX|N|7|SJ
21|25|999|999|999|999|3DX|N|8|DK
21|25|999|999|999|999|3DX|N|8|SJ
21|25|999|999|999|999|3DX|N|8|SJ
21|25|999|999|999|999|3DX|S|8|C6
21|25|999|999|999|999|3HX|N|8|SJ
21|25|999|999|999|999|3HX|S|6|D3
21|25|999|999|999|999|3N|E|5|HT
21|25|999|999|999|999|3N|E|6|HT
21|25|999|999|999|999|3N|E|7|HT
21|25|999|999|999|999|3N|N|6|C9
21|25|999|999|999|999|3N|W|6|CJ
21|25|999|999|999|999|3N|W|6|CJ
21|25|999|999|999|999|3N|W|6|D5
21|25|999|999|999|999|3N|W|6|D6
21|25|999|999|999|999|3N|W|6|D6
21|25|999|999|999|999|3N|W|6|D6
21|25|999|999|999|999|3N|W|6|H3
21|25|999|999|999|999|3N|W|7|DJ
21|25|999|999|999|999|3NX|W|6|D6
21|25|999|999|999|999|3S|W|6|CJ
21|25|999|999|999|999|3S|W|6|D5
21|25|999|999|999|999|3S|W|6|D5
21|25|999|999|999|999|3S|W|6|D5
21|25|999|999|999|999|3S|W|7|CJ
21|25|999|999|999|999|3S|W|7|CJ
21|25|999|999|999|999|3S|W|7|CJ
21|26|2|999|1|999|4H|S|8|SQ
21|26|999|5|999|4|4H|S|9|SQ
21|26|999|999|999|999|2H|S|10|SQ
21|26|999|999|999|999|3H|S|8|C2
21|26|999|999|999|999|3H|S|8|SQ
21|26|999|999|999|999|3H|S|8|SQ
21|26|999|999|999|999|3H|S|9|SQ
21|26|999|999|999|999|3N|S|6|S4
21|26|999|999|999|999|3SX|W|9|H2
21|26|999|999|999|999|4H|N|8|S2
21|26|999|999|999|999|4H|N|8|SQ
21|26|999|999|999|999|4H|N|9|D2
21|26|999|999|999|999|4H|S|10|H8
21|26|999|999|999|999|4H|S|10|SQ
21|26|999|999|999|999|4H|S|10|SQ
21|26|999|999|999|999|4H|S|10|SQ
21|26|999|999|999|999|4H|S|8|SQ
21|26|999|999|999|999|4H|S|8|SQ
21|26|999|999|999|999|4H|S|8|SQ
21|26|999|999|999|999|4H|S|8|SQ
21|26|999|999|999|999|4H|S|8|SQ
21|26|999|999|999|999|4H|S|8|SQ
21|26|999|999|999|999|4H|S|8|SQ
21|26|999|999|999|999|4H|S|8|SQ
21|26|999|999|999|999|4H|S|8|SQ
21|26|999|999|999|999|4H|S|8|SQ
21|26|999|999|999|999|4H|S|8|SQ
21|26|999|999|999|999|4H|S|8|SQ
21|26|999|999|999|999|4H|S|8|SQ
21|26|999|999|999|999|4H|S|8|SQ
21|26|999|999|999|999|4H|S|8|SQ
21|26|999|999|999|999|4H|S|8|SQ
21|26|999|999|999|999|4H|S|8|SQ
21|26|999|999|999|999|4H|S|9|H3
21|26|999|999|999|999|4H|S|9|S2
21|26|999|999|999|999|4H|S|9|S2
21|26|999|999|999|999|4H|S|9|SQ
21|26|999|999|999|999|4H|S|9|SQ
21|26|999|999|999|999|4H|S|9|SQ
21|26|999|999|999|999|4H|S|9|SQ
21|26|999|999|999|999|4H|S|9|SQ
21|26|999|999|999|999|4H|S|9|SQ
21|26|999|999|999|999|4H|S|9|SQ
21|26|999|999|999|999|4H|S|9|SQ
21|26|999|999|999|999|4H|S|9|SQ
21|26|999|999|999|999|4H|S|9|SQ
21|26|999|999|999|999|4H|S|9|SQ
21|26|999|999|999|999|4H|S|9|SQ
21|26|999|999|999|999|4H|S|9|SQ
21|26|999|999|999|999|4H|S|9|SQ
21|26|999|999|999|999|4H|S|9|SQ
21|26|999|999|999|999|4H|S|9|SQ
21|26|999|999|999|999|4H|S|9|SQ
21|26|999|999|999|999|4H|S|9|SQ
21|26|999|999|999|999|4H|S|9|SQ
21|26|999|999|999|999|4H|S|9|SQ
21|26|999|999|999|999|P|S|0
21|26|999|999|999|999|P|S|0
22|27|2|999|1|999|3N|W|7|DQ
22|27|999|5|999|4|3H|W|8|S3
22|27|999|999|999|999|2DX|S|6|DJ
22|27|999|999|999|999|2H|S|7|H2
22|27|999|999|999|999|2N|W|7|DQ
22|27|999|999|999|999|2SX|S|6|DJ
22|27|999|999|999|999|2SX|S|6|H5
22|27|999|999|999|999|3C|E|8|D2
22|27|999|999|999|999|3D|N|7|CJ
22|27|999|999|999|999|3D|N|7|CJ
22|27|999|999|999|999|3D|N|7|D2
22|27|999|999|999|999|3DX|N|6|S8
22|27|999|999|999|999|3DX|N|7|S4
22|27|999|999|999|999|3DX|N|7|S8
22|27|999|999|999|999|3N|E|6|D2
22|27|999|999|999|999|3N|E|6|D2
22|27|999|999|999|999|3N|E|7|D2
22|27|999|999|999|999|3N|W|4|DK
22|27|999|999|999|999|3N|W|5|DK
22|27|999|999|999|999|3N|W|5|DK
22|27|999|999|999|999|3N|W|5|DK
22|27|999|999|999|999|3N|W|5|DQ
22|27|999|999|999|999|3N|W|6|DK
22|27|999|999|999|999|3N|W|6|DK
22|27|999|999|999|999|3N|W|6|DK
22|27|999|999|999|999|3N|W|6|DK
22|27|999|999|999|999|3N|W|6|DQ
22|27|999|999|999|999|3N|W|6|DQ
22|27|999|999|999|999|3N|W|6|DQ
22|27|999|999|999|999|3N|W|6|S5
22|27|999|999|999|999|3N|W|7|DK
22|27|999|999|999|999|3N|W|7|DK
22|27|999|999|999|999|3N|W|7|DK
22|27|999|999|999|999|3N|W|7|DK
22|27|999|999|999|999|3N|W|7|DK
22|27|999|999|999|999|3N|W|7|DK
22|27|999|999|999|999|3N|W|7|DK
22|27|999|999|999|999|3N|W|7|DK
22|27|999|999|999|999|3N|W|7|DK
22|27|999|999|999|999|3N|W|7|DK
22|27|999|999|999|999|3N|W|7|DK
22|27|999|999|999|999|3N|W|7|DK
22|27|999|999|999|999|3N|W|7|DK
22|27|999|999|999|999|3N|W|7|DK
22|27|999|999|999|999|3N|W|7|DK
22|27|999|999|999|999|3N|W|7|DK
22|27|999|999|999|999|3N|W|7|DK
22|27|999|999|999|999|3N|W|7|DQ
22|27|999|999|999|999|3N|W|7|DQ
22|27|999|999|999|999|3N|W|7|DQ
22|27|999|999|999|999|3N|W|7|DQ
22|27|999|999|999|999|3NX|W|6|DQ
22|27|999|999|999|999|3SX|S|6|CA
22|27|999|999|999|999|3SX|S|6|H5
22|27|999|999|999|999|4CX|N|5|HA
22|27|999|999|999|999|4DX|N|6|S6
22|27|999|999|999|999|4N|W|7|DQ
22|27|999|999|999|999|4N|W|7|DQ
22|28|2|999|1|999|3S|E|10|H9
22|28|999|5|999|4|3S|E|9|CA
22|28|999|999|999|999|2H|E|9|CA
22|28|999|999|999|999|2S|E|10|CA
22|28|999|999|999|999|2S|E|10|CA
22|28|999|999|999|999|2S|E|10|CK
22|28|999|999|999|999|2S|E|10|D2
22|28|999|999|999|999|2S|E|9|CA
22|28|999|999|999|999|2S|W|10|H9
22|28|999|999|999|999|2S|W|9|H9
22|28|999|999|999|999|2S|W|9|S5
22|28|999|999|999|999|3C|S|10|C7
22|28|999|999|999|999|3DX|N|10|SQ
22|28|999|999|999|999|3H|E|10|CA
22|28|999|999|999|999|3H|E|9|CA
22|28|999|999|999|999|3H|E|9|CA
22|28|999|999|999|999|3H|E|9|CA
22|28|999|999|999|999|3H|E|9|H4
22|28|999|999|999|999|3S|E|10|C2
22|28|999|999|999|999|3S|E|10|CA
22|28|999|999|999|999|3S|E|10|CA
22|28|999|999|999|999|3S|E|10|CA
22|28|999|999|999|999|3S|E|10|CA
22|28|999|999|999|999|3S|E|10|CA
22|28|999|999|999|999|3S|E|10|CK
22|28|999|999|999|999|3S|E|10|CK
22|28|999|999|999|999|3S|E|10|H3
22|28|999|999|999|999|3S|E|9|CA
22|28|999|999|999|999|3S|E|9|CA
22|28|999|999|999|999|3S|E|9|CA
22|28|999|999|999|999|3S|E|9|CA
22|28|999|999|999|999|3S|E|9|CA
22|28|999|999|999|999|3S|E|9|CA
22|28|999|999|999|999|3S|E|9|DT
22|28|999|999|999|999|3S|W|10|C2
22|28|999|999|999|999|3S|W|10|C4
22|28|999|999|999|999|3S|W|10|H3
22|28|999|999|999|999|3S|W|10|H3
22|28|999|999|999|999|3S|W|10|H6
22|28|999|999|999|999|3S|W|10|H9
22|28|999|999|999|999|3S|W|10|H9
22|28|999|999|999|999|3S|W|10|H9
22|28|999|999|999|999|3S|W|9|C2
22|28|999|999|999|999|3S|W|9|CA
22|28|999|999|999|999|3S|W|9|H9
22|28|999|999|999|999|3S|W|9|S2
22|28|999|999|999|999|3SX|E|9|CA
22|28|999|999|999|999|4C|N|10|HK
22|28|999|999|999|999|4D|N|10|H3
22|28|999|999|999|999|4D|N|10|HA
22|28|999|999|999|999|4D|N|10|SQ
22|28|999|999|999|999|4D|N|10|SQ
22|28|999|999|999|999|4D|N|9|SQ
22|28|999|999|999|999|4S|E|10|CA
22|28|999|999|999|999|4S|E|9|CA
22|28|999|999|999|999|4S|W|10|C2
22|28|999|999|999|999|4S|W|10|D9
22|28|999|999|999|999|4S|W|10|DA
23|29|2|999|1|999|2S|W|10|H5
23|29|999|5|999|4|2S|W|7|H5
23|29|999|999|999|999|1N|E|8|CQ
23|29|999|999|999|999|1N|E|8|CQ
23|29|999|999|999|999|1N|E|9|CQ
23|29|999|999|999|999|1S|E|10|H2
23|29|999|999|999|999|1S|W|8|H5
23|29|999|999|999|999|2D|E|10|CK
23|29|999|999|999|999|2D|E|10|CK
23|29|999|999|999|999|2D|E|10|CK
23|29|999|999|999|999|2D|E|10|CK
23|29|999|999|999|999|2D|E|10|CK
23|29|999|999|999|999|2D|E|10|CK
23|29|999|999|999|999|2D|E|11|CK
23|29|999|999|999|999|2D|E|11|CK
23|29|999|999|999|999|2D|E|11|CK
23|29|999|999|999|999|2D|E|11|CK
23|29|999|999|999|999|2D|E|11|CK
23|29|999|999|999|999|2D|E|11|D2
23|29|999|999|999|999|2D|E|8|CK
23|29|999|999|999|999|2D|E|8|CK
23|29|999|999|999|999|2D|E|8|CK
23|29|999|999|999|999|2H|S|6|DA
23|29|999|999|999|999|2H|S|6|DA
23|29|999|999|999|999|2N|E|6|CQ
23|29|999|999|999|999|2N|E|8|H5
23|29|999|999|999|999|2N|W|10|H5
23|29|999|999|999|999|2N|W|6|H2
23|29|999|999|999|999|2N|W|6|H5
23|29|999|999|999|999|2N|W|7|H3
23|29|999|999|999|999|2S|W|10|H2
23|29|999|999|999|999|2S|W|10|H5
23|29|999|999|999|999|2S|W|8|H5
23|29|999|999|999|999|2S|W|8|H5
23|29|999|999|999|999|3D|E|10|CK
23|29|999|999|999|999|3D|E|9|CK
23|29|999|999|999|999|3N|E|5|CK
23|29|999|999|999|999|3N|E|5|CQ
23|29|999|999|999|999|3N|E|6|CQ
23|29|999|999|999|999|3N|E|7|D2
23|29|999|999|999|999|3N|E|8|CK
23|29|999|999|999|999|3N|E|9|CK
23|29|999|999|999|999|3N|E|9|CQ
23|29|999|999|999|999|3N|W|10|H5
23|29|999|999|999|999|3N|W|5|C2
23|29|999|999|999|999|3N|W|5|H5
23|29|999|999|999|999|3N|W|6|H2
23|29|999|999|999|999|3N|W|6|H5
23|29|999|999|999|999|3N|W|6|H5
23|29|999|999|999|999|3N|W|7|H5
23|29|999|999|999|999|3N|W|7|H5
23|29|999|999|999|999|3N|W|7|H5
23|29|999|999|999|999|3N|W|7|H5
23|29|999|999|999|999|3N|W|7|H5
23|29|999|999|999|999|3N|W|8|H5
23|29|999|999|999|999|3N|W|8|S5
23|29|999|999|999|999|3N|W|9|C2
23|29|999|999|999|999|3S|W|10|H5
23|30|2|999|1|999|5H|E|11|CT
23|30|999|5|999|4|5H|W|11|CK
23|30|999|999|999|999|3N|W|10|CK
23|30|999|999|999|999|3N|W|10|CK
23|30|999|999|999|999|3N|W|10|CK
23|30|999|999|999|999|4H|E|11|CT
23|30|999|999|999|999|4H|E|11|CT
23|30|999|999|999|999|4H|E|11|CT
23|30|999|999|999|999|4H|E|11|CT
23|30|999|999|999|999|4H|E|11|CT
23|30|999|999|999|999|4H|E|11|CT
23|30|999|999|999|999|4H|E|11|CT
23|30|999|999|999|999|4H|E|11|CT
23|30|999|999|999|999|4H|E|11|CT
23|30|999|999|999|999|4H|E|11|CT
23|30|999|999|999|999|4H|E|11|CT
23|30|999|999|999|999|4H|E|11|CT
23|30|999|999|999|999|4H|E|11|CT
23|30|999|999|999|999|4H|E|11|CT
23|30|999|999|999|999|4H|E|11|CT
23|30|999|999|999|999|4H|E|11|D2
23|30|999|999|999|999|4H|E|11|H3
23|30|999|999|999|999|4H|E|11|S3
23|30|999|999|999|999|4H|E|11|S9
23|30|999|999|999|999|4SX|S|7|DK
23|30|999|999|999|999|4SX|S|7|DK
23|30|999|999|999|999|4SX|S|8|D2
23|30|999|999|999|999|4SX|S|8|H5
23|30|999|999|999|999|4SX|S|8|HT
23|30|999|999|999|999|5H|E|11|CT
23|30|999|999|999|999|5H|E|11|CT
23|30|999|999|999|999|5H|E|11|CT
23|30|999|999|999|999|5H|E|11|CT
23|30|999|999|999|999|5H|E|11|CT
23|30|999|999|999|999|5H|E|11|CT
23|30|999|999|999|999|5H|E|11|CT
23|30|999|999|999|999|5H|E|11|DA
23|30|999|999|999|999|5H|E|11|H3
23|30|999|999|999|999|5H|E|11|S7
23|30|999|999|999|999|5H|E|11|S7
23|30|999|999|999|999|5H|E|11|S8
23|30|999|999|999|999|5H|E|11|S9
23|30|999|999|999|999|5H|E|11|S9
23|30|999|999|999|999|5H|E|11|S9
23|30|999|999|999|999|5H|E|11|S9
23|30|999|999|999|999|5H|E|11|S9
23|30|999|999|999|999|5H|W|11|CK
23|30|999|999|999|999|5HX|E|11|S9
23|30|999|999|999|999|5SX|S|8|H9
23|30|999|999|999|999|6H|E|11|CT
23|30|999|999|999|999|6H|E|11|CT
23|30|999|999|999|999|6H|E|11|D2
23|30|999|999|999|999|6H|E|11|DA
23|30|999|999|999|999|6H|E|11|DA
23|30|999|999|999|999|6H|E|11|S3
23|30|999|999|999|999|6H|E|11|S6
23|30|999|999|999|999|6H|W|11|DA
23|30|999|999|999|999|6N|E|10|CK
24|31|2|999|1|999|4S|E|9|CA
24|31|999|5|999|4|4SX|E|9|CK
24|31|999|999|999|999|1N|N|6|SA
24|31|999|999|999|999|1N|N|7|SA
24|31|999|999|999|999|1N|N|7|SA
24|31|999|999|999|999|2S|E|9|CK
24|31|999|999|999|999|2S|E|9|CK
24|31|999|999|999|999|3D|W|8|S4
24|31|999|999|999|999|3D|W|9|C6
24|31|999|999|999|999|3S|E|8|DK
24|31|999|999|999|999|3S|E|9|C2
24|31|999|999|999|999|3S|E|9|CA
24|31|999|999|999|999|3S|E|9|CA
24|31|999|999|999|999|3S|E|9|CA
24|31|999|999|999|999|3S|E|9|CK
24|31|999|999|999|999|3S|E|9|CK
24|31|999|999|999|999|3S|E|9|CK
24|31|999|999|999|999|3S|E|9|CK
24|31|999|999|999|999|3S|E|9|CK
24|31|999|999|999|999|3SX|E|10|CA
24|31|999|999|999|999|4C|S|9|ST
24|31|999|999|999|999|4C|S|9|ST
24|31|999|999|999|999|4HX|S|8|ST
24|31|999|999|999|999|4S|E|10|CA
24|31|999|999|999|999|4S|E|8|CA
24|31|999|999|999|999|4S|E|8|CA
24|31|999|999|999|999|4S|E|8|CK
24|31|999|999|999|999|4S|E|9|CA
24|31|999|999|999|999|4S|E|9|CA
24|31|999|999|999|999|4S|E|9|CA
24|31|999|999|999|999|4S|E|9|CA
24|31|999|999|999|999|4S|E|9|CA
24|31|999|999|999|999|4S|E|9|CA
24|31|999|999|999|999|4S|E|9|CA
24|31|999|999|999|999|4S|E|9|CK
24|31|999|999|999|999|4S|E|9|CK
24|31|999|999|999|999|4S|E|9|CK
24|31|999|999|999|999|4S|E|9|CK
24|31|999|999|999|999|4S|E|9|D2
24|31|999|999|999|999|4S|E|9|HK
24|31|999|999|999|999|4S|N|10|CA
24|31|999|999|999|999|4S|W|9|CA
24|31|999|999|999|999|4SX|E|10|CK
24|31|999|999|999|999|4SX|E|8|CK
24|31|999|999|999|999|4SX|E|9|CA
24|31|999|999|999|999|4SX|E|9|CA
24|31|999|999|999|999|4SX|E|9|CA
24|31|999|999|999|999|4SX|E|9|CA
24|31|999|999|999|999|4SX|E|9|CA
24|31|999|999|999|999|4SX|E|9|CA
24|31|999|999|999|999|4SX|E|9|DK
24|31|999|999|999|999|5C|S|9|ST
24|31|999|999|999|999|5CX|S|9|ST
24|31|999|999|999|999|5CX|S|9|ST
24|31|999|999|999|999|5D|E|8|C6
24|31|999|999|999|999|5DX|E|10|H3
24|31|999|999|999|999|5DX|W|9|H7
24|31|999|999|999|999|5SX|E|9|H8
24|32|2|999|1|999|2N|E|8|H8
24|32|999|5|999|4|3N|E|8|DA
24|32|999|999|999|999|1N|E|8|DQ
24|32|999|999|999|999|2DX|S|9|D8
24|32|999|999|999|999|2N|E|6|D2
24|32|999|999|999|999|2N|E|7|DA
24|32|999|999|999|999|2N|E|7|DA
24|32|999|999|999|999|2N|E|7|DQ
24|32|999|999|999|999|2N|E|7|DQ
24|32|999|999|999|999|2N|E|8|DA
24|32|999|999|999|999|2N|E|8|DA
24|32|999|999|999|999|2NX|E|6|DJ
24|32|999|999|999|999|2NX|S|6|CQ
24|32|999|999|999|999|3DX|S|8|CQ
24|32|999|999|999|999|3N|E|10|C3
24|32|999|999|999|999|3N|E|10|DJ
24|32|999|999|999|999|3N|E|5|DA
24|32|999|999|999|999|3N|E|6|DA
24|32|999|999|999|999|3N|E|6|DA
24|32|999|999|999|999|3N|E|6|DA
24|32|999|999|999|999|3N|E|6|DA
24|32|999|999|999|999|3N|E|6|DA
24|32|999|999|999|999|3N|E|6|DQ
24|32|999|999|999|999|3N|E|7|DA
24|32|999|999|999|999|3N|E|7|DA
24|32|999|999|999|999|3N|E|7|DQ
24|32|999|999|999|999|3N|E|7|DQ
24|32|999|999|999|999|3N|E|7|DQ
24|32|999|999|999|999|3N|E|7|DQ
24|32|999|999|999|999|3N|E|7|H3
24|32|999|999|999|999|3N|E|8|D2
24|32|999|999|999|999|3N|E|8|D3
24|32|999|999|999|999|3N|E|8|DA
24|32|999|999|999|999|3N|E|8|DA
24|32|999|999|999|999|3N|E|8|DJ
24|32|999|999|999|999|3N|E|8|DJ
24|32|999|999|999|999|3N|E|8|DQ
24|32|999|999|999|999|3N|E|8|DQ
24|32|999|999|999|999|3N|E|8|DQ
24|32|999|999|999|999|3N|E|8|DQ
24|32|999|999|999|999|3N|E|8|DQ
24|32|999|999|999|999|3N|E|8|SK
24|32|999|999|999|999|3N|E|9|DA
24|32|999|999|999|999|3N|E|9|SK
24|32|999|999|999|999|3NX|E|6|HT
24|32|999|999|999|999|3NXX|E|7|DA
24|32|999|999|999|999|3S|E|9|SK
24|32|999|999|999|999|3S|E|9|SK
24|32|999|999|999|999|4C|W|10|HT
24|32|999|999|999|999|4C|W|10|HT
24|32|999|999|999|999|4C|W|10|ST
24|32|999|999|999|999|4C|W|8|C2
24|32|999|999|999|999|4D|S|8|CK
24|32|999|999|999|999|4DX|S|7|CJ
24|32|999|999|999|999|4DX|S|8|CQ
24|32|999|999|999|999|4H|E|7|DT
24|32|999|999|999|999|4S|W|8|DT
24|32|999|999|999|999|5CX|E|8|C2
