1|1|8|289|239|30|5S|N|11|DA
1|1|28|37|255|131|5S|S|10|CK
1|1|125|120|170|249|5S|S|10|CK
1|1|74|176|186|22|4S|S|10|CK
1|1|68|141|286|236|5S|S|10|CK
1|1|57|261|15|182|5S|S|10|CK
1|1|189|56|150|183|5S|S|10|C6
1|1|19|230|284|137|5S|S|11|DA
1|1|299|25|114|178|6CX|E|12|SA
1|1|34|58|143|1|5S|S|10|CK
1|10|8|289|239|30|2S|W|10|DK
1|10|28|37|255|131|4S|W|10|DK
1|10|125|120|170|249|4S|W|10|DK
1|10|74|176|186|22|4S|W|10|DK
1|10|68|141|286|236|4S|W|10|DK
1|10|57|261|15|182|4S|W|10|S2
1|10|189|56|150|183|4S|E|10|DK
1|10|19|230|284|137|4S|W|10|DK
1|10|299|25|114|178|4S|W|10|H3
1|10|34|58|143|1|4S|W|10|DK
1|11|8|289|239|30|3D|W|10|HK
1|11|28|37|255|131|5D|W|10|HK
1|11|125|120|170|249|3S|S|7|SA
1|11|74|176|186|22|5D|W|10|HA
1|11|68|141|286|236|4C|W|6|HK
1|11|57|261|15|182|2D|E|10|S9
1|11|189|56|150|183|3D|E|10|HA
1|11|19|230|284|137|4D|E|10|HA
1|11|299|25|114|178|3D|W|10|HK
1|11|34|58|143|1|4D|E|10|S9
1|12|8|289|239|30|2N|N|6|S5
1|12|28|37|255|131|3N|N|8|H3
1|12|125|120|170|249|2H|E|8|D5
1|12|74|176|186|22|3N|N|8|H4
1|12|68|141|286|236|1N|N|6|S7
1|12|57|261|15|182|2H|W|8|SQ
1|12|189|56|150|183|3N|N|6|SQ
1|12|19|230|284|137|2N|N|8|D4
1|12|299|25|114|178|3N|N|8|H4
1|12|34|58|143|1|3D|S|9|S4
1|13|8|289|239|30|3N|W|8|D5
1|13|28|37|255|131|3N|W|9|DK
1|13|125|120|170|249|3N|E|9|C9
1|13|74|176|186|22|2H|W|8|DK
1|13|68|141|286|236|4H|W|8|DK
1|13|57|261|15|182|3N|W|9|DK
1|13|189|56|150|183|3N|W|9|DK
1|13|19|230|284|137|3S|E|8|D3
1|13|299|25|114|178|3N|W|7|DK
1|13|34|58|143|1|3N|W|8|DK
1|14|8|289|239|30|3N|S|9|H2
1|14|28|37|255|131|3N|S|10|H3
1|14|125|120|170|249|3N|S|9|H2
1|14|74|176|186|22|3N|N|9|HK
1|14|68|141|286|236|3N|N|9|HQ
1|14|57|261|15|182|3N|S|9|H2
1|14|189|56|150|183|3N|S|9|H3
1|14|19|230|284|137|3N|N|10|HK
1|14|299|25|114|178|3N|S|8|H2
1|14|34|58|143|1|3N|S|9|H2
1|15|8|289|239|30|2C|N|7|HQ
1|15|28|37|255|131|1CX|N|7|HK
1|15|125|120|170|249|4H|W|9|CA
1|15|74|176|186|22|4S|S|10|HA
1|15|68|141|286|236|5CX|W|6|H7
1|15|57|261|15|182|3C|W|6|H7
1|15|189|56|150|183|3H|E|7|S3
1|15|19|230|284|137|4S|S|9|H8
1|15|299|25|114|178|4SX|S|9|C2
1|15|34|58|143|1|2H|E|8|S3
1|16|8|289|239|30|3D|S|12|CA
1|16|28|37|255|131|3D|S|11|D2
1|16|125|120|170|249|3N|S|10|C8
1|16|74|176|186|22|1CX|W|6|D5
1|16|68|141|286|236|3N|N|10|H2
1|16|57|261|15|182|3N|N|10|CT
1|16|189|56|150|183|3N|N|12|C7
1|16|19|230|284|137|3N|S|10|C6
1|16|299|25|114|178|3N|N|9|C7
1|16|34|58|143|1|2H|N|8|C7
1|17|8|289|239|30|3N|E|9|DT
1|17|93|37|279|131|3N|E|10|H3
1|17|125|120|170|249|3N|E|10|H2
1|17|74|176|186|22|3N|E|10|S7
1|17|68|141|286|236|3N|E|9|DT
1|17|57|261|15|182|3N|E|10|S6
1|17|189|56|150|183|3N|E|10|H3
1|17|19|230|284|137|3N|E|10|H3
1|17|7|25|122|178|3N|E|8|DT
1|17|139|58|277|1|3N|E|10|H3
1|18|8|289|239|30|4H|N|9|SQ
1|18|93|37|279|131|4H|N|11|SQ
1|18|125|120|170|249|4H|N|9|SQ
1|18|74|176|186|22|4H|N|8|SQ
1|18|68|141|286|236|4H|N|9|C5
1|18|57|261|15|182|4H|N|9|C4
1|18|189|56|150|183|5H|N|9|C2
1|18|19|230|284|137|4H|N|9|C4
1|18|7|25|122|178|4H|N|8|C2
1|18|139|58|277|1|5H|N|9|C4
1|19|8|289|239|30|3N|N|11|S2
1|19|93|37|279|131|3N|N|9|S3
1|19|125|120|170|249|3N|N|7|CA
1|19|74|176|186|22|3N|N|10|S3
1|19|68|141|286|236|3N|N|10|S5
1|19|57|261|15|182|3N|N|10|S3
1|19|189|56|150|183|3D|S|10|HK
1|19|19|230|284|137|3N|N|9|D6
1|19|7|25|122|178|3N|N|10|S2
1|19|139|58|277|1|3D|S|11|HK
1|2|8|289|239|30|2D|W|8|SK
1|2|28|37|255|131|2D|W|8|SA
1|2|125|120|170|249|1N|W|7|S3
1|2|74|176|186|22|1N|W|7|SA
1|2|68|141|286|236|1N|E|7|C5
1|2|57|261|15|182|1N|W|6|C2
1|2|189|56|150|183|2D|W|8|SA
1|2|19|230|284|137|1N|W|7|S3
1|2|299|25|114|178|2C|S|9|HJ
1|2|34|58|143|1|2DX|W|8|SA
1|20|8|289|239|30|3N|N|10|SJ
1|20|93|37|279|131|3N|N|10|SJ
1|20|125|120|170|249|6D|N|10|C6
1|20|74|176|186|22|5D|N|10|C6
1|20|68|141|286|236|3N|S|9|S4
1|20|57|261|15|182|6D|N|11|SJ
1|20|189|56|150|183|3N|S|9|CA
1|20|19|230|284|137|3N|S|9|S4
1|20|7|25|122|178|3N|N|10|ST
1|21|8|289|239|30|3N|N|6|S8
1|21|93|37|279|131|3C|N|10|S6
1|21|125|120|170|249|3D|S|9|SK
1|21|74|176|186|22|2D|S|9|SK
1|21|68|141|286|236|1N|S|7|SK
1|21|57|261|15|182|3C|N|8|S9
1|21|189|56|150|183|3C|N|9|S9
1|21|19|230|284|137|2N|N|7|S9
1|21|7|25|122|178|3N|N|6|S9
1|21|139|58|277|1|3N|N|7|S9
1|22|8|289|239|30|3N|E|9|S7
1|22|93|37|279|131|5C|E|10|H8
1|22|125|120|170|249|5C|W|10|H9
1|22|74|176|186|22|3H|S|6|DQ
1|22|68|141|286|236|5C|E|10|H4
1|22|57|261|15|182|3N|E|11|CT
1|22|189|56|150|183|3N|E|11|S2
1|22|19|230|284|137|3N|E|10|H4
1|22|7|25|122|178|3N|E|9|H4
1|22|139|58|277|1|4HX|S|6|DQ
1|23|8|289|239|30|3H|N|8|SA
1|23|93|37|279|131|4H|S|9|SK
1|23|125|120|170|249|5CX|S|7|H2
1|23|74|176|186|22|4SX|W|10|HA
1|23|68|141|286|236|3H|S|9|SK
1|23|57|261|15|182|5H|S|9|SK
1|23|189|56|150|183|3S|E|9|H5
1|23|19|230|284|137|4S|E|9|HK
1|23|7|25|122|178|5H|S|8|SK
1|23|139|58|277|1|4H|N|8|SA
1|24|8|289|239|30|4H|E|10|D4
1|24|93|37|279|131|4H|W|11|C3
1|24|125|120|170|249|4H|W|11|S4
1|24|74|176|186|22|4H|E|10|D6
1|24|68|141|286|236|4H|W|11|S3
1|24|57|261|15|182|4H|W|11|S3
1|24|189|56|150|183|5HX|E|11|SA
1|24|19|230|284|137|4H|W|11|S3
1|24|7|25|122|178|4H|W|11|S3
1|24|139|58|277|1|4H|E|10|D4
1|25|8|289|239|30|2N|N|9|S7
1|25|93|37|279|131|1N|N|5|DT
1|25|125|120|170|249|2H|W|8|D6
1|25|74|176|186|22|3C|S|7|SQ
1|25|68|141|286|236|2N|N|8|D5
1|25|57|261|15|182|3N|N|9|ST
1|25|189|56|150|183|2D|W|8|CA
1|25|19|230|284|137|2N|N|8|DT
1|25|7|25|122|178|3H|E|8|S2
1|25|139|58|277|1|2N|S|9|H2
1|26|8|289|239|30|3D|S|11|H7
1|26|93|37|279|131|2D|S|10|H6
1|26|125|120|170|249|3H|E|9|SJ
1|26|74|176|186|22|4D|S|10|H6
1|26|68|141|286|236|3D|S|11|H5
1|26|57|261|15|182|3H|E|9|CJ
1|26|189|56|150|183|3H|E|8|CJ
1|26|19|230|284|137|2H|E|8|SJ
1|26|7|25|122|178|4D|S|10|H9
1|26|139|58|277|1|3N|N|10|D3
1|27|8|289|239|30|3N|W|10|S2
1|27|93|37|279|131|3N|E|10|S3
1|27|125|120|170|249|3N|W|11|S9
1|27|74|176|186|22|3N|W|10|S2
1|27|68|141|286|236|3N|W|11|S3
1|27|57|261|15|182|3N|W|10|S3
1|27|189|56|150|183|3N|W|9|S3
1|27|19|230|284|137|3N|W|10|S3
1|27|7|25|122|178|3N|W|10|S3
1|27|139|58|277|1|3N|W|10|S3
1|28|8|289|239|30|6H|W|11|DQ
1|28|93|37|279|131|6H|W|12|DQ
1|28|125|120|170|249|6H|W|12|DK
1|28|74|176|186|22|6H|W|12|DK
1|28|68|141|286|236|6H|W|11|DK
1|28|57|261|15|182|4H|W|12|C3
1|28|189|56|150|183|4H|W|11|S9
1|28|19|230|284|137|6H|W|11|DK
1|28|7|25|122|178|5H|W|11|DK
1|28|139|58|277|1|4H|E|11|DK
1|29|8|289|239|30|2N|S|8|CJ
1|29|93|37|279|131|4H|S|10|CJ
1|29|125|120|170|249|2H|N|10|HT
1|29|74|176|186|22|2H|N|10|HT
1|29|68|141|286|236|2H|S|11|S2
1|29|57|261|15|182|2S|W|8|ST
1|29|189|56|150|183|4H|N|11|C4
1|29|19|230|284|137|2H|N|10|HT
1|29|7|25|122|178|2H|N|11|C4
1|29|139|58|277|1|3N|S|9|C6
1|3|8|289|239|30|3N|E|11|D2
1|3|28|37|255|131|3N|E|11|D2
1|3|125|120|170|249|3N|E|11|D5
1|3|74|176|186|22|3N|E|9|D4
1|3|68|141|286|236|3N|E|11|D2
1|3|57|261|15|182|3N|E|11|D2
1|3|189|56|150|183|3N|E|9|D2
1|3|19|230|284|137|3N|E|12|H2
1|3|299|25|114|178|3N|E|12|S3
1|3|34|58|143|1|3N|E|9|D2
1|30|8|289|239|30|4H|S|11|S4
1|30|93|37|279|131|5C|N|12|SK
1|30|125|120|170|249|5H|S|12|S4
1|30|74|176|186|22|4SX|W|7|DK
1|30|68|141|286|236|4H|S|12|S4
1|30|57|261|15|182|4H|S|12|S4
1|30|189|56|150|183|4H|S|11|SQ
1|30|19|230|284|137|4H|S|11|S4
1|30|7|25|122|178|4SX|E|7|DK
1|30|139|58|277|1|4H|S|12|S4
1|31|8|289|239|30|3C|S|8|H4
1|31|93|37|279|131|2S|E|7|D6
1|31|125|120|170|249|2S|W|8|DA
1|31|74|176|186|22|2S|E|7|D8
1|31|68|141|286|236|2S|W|9|DA
1|31|57|261|15|182|2S|E|7|HJ
1|31|189|56|150|183|2H|E|9|C3
1|31|19|230|284|137|2H|W|8|DA
1|31|7|25|122|178|2S|E|8|D6
1|31|139|58|277|1|2H|E|8|C7
1|32|8|289|239|30|3N|N|9|ST
1|32|93|37|279|131|3N|N|9|ST
1|32|125|120|170|249|3N|N|10|ST
1|32|74|176|186|22|3N|N|9|ST
1|32|68|141|286|236|3N|S|9|H2
1|32|57|261|15|182|3N|N|10|ST
1|32|189|56|150|183|3N|N|9|ST
1|32|19|230|284|137|3N|S|10|S7
1|32|7|25|122|178|3N|N|10|ST
1|32|139|58|277|1|3N|N|10|ST
1|4|8|289|239|30|6H|S|10|CJ
1|4|28|37|255|131|3N|N|9|S4
1|4|125|120|170|249|3N|N|10|S5
1|4|74|176|186|22|6H|S|11|CJ
1|4|68|141|286|236|3N|N|11|C5
1|4|57|261|15|182|3N|N|11|S5
1|4|189|56|150|183|3N|N|11|CK
1|4|19|230|284|137|3N|N|11|CK
1|4|299|25|114|178|3N|N|10|S5
1|4|34|58|143|1|3N|N|9|C6
1|5|8|289|239|30|3N|S|9|HQ
1|5|28|37|255|131|4S|E|10|HA
1|5|125|120|170|249|4NX|E|9|DJ
1|5|74|176|186|22|4N|S|9|HK
1|5|68|141|286|236|4S|E|10|DJ
1|5|57|261|15|182|5SX|E|10|CA
1|5|189|56|150|183|4S|E|10|HA
1|5|19|230|284|137|4S|E|10|HT
1|5|299|25|114|178|4S|E|10|SA
1|5|34|58|143|1|4NX|S|9|HK
1|6|8|289|239|30|2S|W|9|D5
1|6|28|37|255|131|3D|W|9|H3
1|6|125|120|170|249|3C|S|8|DA
1|6|74|176|186|22|3D|W|10|H3
1|6|68|141|286|236|2D|W|10|H2
1|6|57|261|15|182|4D|W|10|CA
1|6|189|56|150|183|2S|W|8|D5
1|6|19|230|284|137|3N|E|7|C4
1|6|299|25|114|178|2D|W|11|D5
1|6|34|58|143|1|2N|S|7|DJ
1|7|8|289|239|30|2S|N|7|DA
1|7|28|37|255|131|3D|E|10|HK
1|7|125|120|170|249|3D|E|9|HK
1|7|74|176|186|22|3D|E|9|SQ
1|7|68|141|286|236|2H|W|9|CJ
1|7|57|261|15|182|3N|W|7|CJ
1|7|189|56|150|183|2SX|S|7|D7
1|7|19|230|284|137|3D|E|10|SQ
1|7|299|25|114|178|1N|W|6|S4
1|7|34|58|143|1|1N|W|7|H9
1|8|8|289|239|30|3D|W|8|S4
1|8|28|37|255|131|3N|S|6|DT
1|8|125|120|170|249|1N|S|7|H5
1|8|74|176|186|22|2S|N|6|DQ
1|8|68|141|286|236|2S|S|6|DT
1|8|57|261|15|182|3N|S|8|DT
1|8|189|56|150|183|4C|E|7|S3
1|8|19|230|284|137|2S|N|5|H7
1|8|299|25|114|178|3N|S|7|D8
1|8|34|58|143|1|3N|S|5|DT
1|9|8|289|239|30|4C|W|11|HK
1|9|28|37|255|131|5C|W|10|H3
1|9|125|120|170|249|4C|E|10|H6
1|9|74|176|186|22|3H|N|8|DQ
1|9|68|141|286|236|3C|E|10|H7
1|9|57|261|15|182|3N|E|7|H6
1|9|189|56|150|183|4C|E|10|H9
1|9|19|230|284|137|5C|E|10|H6
1|9|299|25|114|178|3C|E|11|H3
1|9|34|58|143|1|5C|E|10|H3
2|1|74|8|186|239|2S|N|8|HQ
2|1|37|120|131|249|3S|S|7|H5
2|1|57|176|15|22|3C|E|9|HA
2|1|125|141|170|236|2S|S|6|H5
2|1|19|261|284|182|3C|E|10|D4
2|1|285|56|136|183|2S|S|8|H3
2|1|34|194|143|150|3S|S|8|CT
2|1|189|139|137|277|3D|N|6|HQ
2|1|28|299|255|114|3C|E|10|S6
2|1|7|93|122|279|2S|S|7|CT
2|10|74|8|186|239|5D|E|9|HK
2|10|37|120|131|249|6D|E|10|HK
2|10|57|176|15|22|5D|E|10|HK
2|10|125|141|170|236|3D|W|9|HT
2|10|19|261|284|182|3D|W|9|HT
2|10|285|56|136|183|3D|W|9|HT
2|10|34|194|143|150|4DX|E|8|HK
2|10|189|139|137|277|3D|W|10|HT
2|10|28|299|255|114|5D|E|10|HK
2|10|7|93|122|279|3HX|S|8|C5
2|11|74|8|186|239|4H|E|11|S7
2|11|37|120|131|249|4H|E|10|S4
2|11|57|176|15|22|4H|E|9|H8
2|11|125|141|170|236|4H|E|10|H8
2|11|19|261|284|182|5H|E|10|D7
2|11|285|56|136|183|4H|E|11|S4
2|11|34|194|143|150|4H|E|11|S2
2|11|189|139|137|277|4H|E|9|CA
2|11|28|299|255|114|6H|W|9|H8
2|11|7|93|122|279|5H|E|10|D7
2|12|74|8|186|239|3C|W|9|HQ
2|12|37|120|131|249|3N|S|7|C5
2|12|57|176|15|22|3N|S|7|S7
2|12|125|141|170|236|2H|N|9|HT
2|12|19|261|284|182|4H|N|9|HT
2|12|285|56|136|183|4C|W|9|HQ
2|12|34|194|143|150|2H|N|7|HT
2|12|189|139|137|277|3H|N|9|HT
2|12|28|299|255|114|4H|N|9|DT
2|12|7|93|122|279|3C|W|9|HQ
2|13|74|8|186|239|3C|N|8|SJ
2|13|37|120|131|249|2N|N|7|SJ
2|13|57|176|15|22|3C|N|8|SJ
2|13|125|141|170|236|3S|N|8|SJ
2|13|19|261|284|182|4S|N|9|SJ
2|13|285|56|136|183|2S|N|9|H8
2|13|34|194|143|150|2N|N|6|SJ
2|13|189|139|137|277|2N|N|7|SJ
2|13|28|299|255|114|2N|N|7|SJ
2|13|7|93|122|279|2N|N|8|SJ
2|14|74|8|186|239|3N|S|10|C6
2|14|37|120|131|249|3N|S|9|C3
2|14|57|176|15|22|3N|S|9|C2
2|14|125|141|170|236|3N|N|10|C4
2|14|19|261|284|182|3N|S|9|H9
2|14|285|56|136|183|3N|S|9|C7
2|14|34|194|143|150|3N|S|10|C3
2|14|189|139|137|277|2N|S|10|H3
2|14|28|299|255|114|3N|S|9|C2
2|14|7|93|122|279|3N|S|10|C6
2|15|74|8|186|239|3S|W|6|HQ
2|15|37|120|131|249|3H|S|9|S4
2|15|57|176|15|22|4H|S|11|S3
2|15|125|141|170|236|2H|N|11|H5
2|15|19|261|284|182|3S|W|10|HQ
2|15|285|56|136|183|4H|S|11|S3
2|15|34|194|143|150|4H|S|12|D5
2|15|189|139|137|277|4HX|N|10|S7
2|15|28|299|255|114|2S|W|7|HQ
2|15|7|93|122|279|3H|S|11|D6
2|16|74|8|186|239|4S|E|10|HT
2|16|37|120|131|249|3S|E|11|HT
2|16|57|176|15|22|2S|E|10|HT
2|16|125|141|170|236|3S|E|9|H9
2|16|19|261|284|182|4HX|S|9|DA
2|16|285|56|136|183|3H|S|9|DA
2|16|34|194|143|150|3S|E|10|H3
2|16|189|139|137|277|3S|E|10|H4
2|16|28|299|255|114|3H|S|9|DK
2|16|7|93|122|279|4S|W|9|HA
2|17|120|8|249|239|4DX|W|8|D5
2|17|37|74|131|186|1N|N|6|H8
2|17|57|176|15|22|3S|N|8|C6
2|17|125|141|170|236|2S|N|8|C4
2|17|19|261|284|182|3H|E|9|S6
2|17|285|56|136|183|3S|N|8|DA
2|17|25|194|178|150|4H|E|9|S5
2|17|189|34|137|143|2S|N|8|H2
2|17|28|299|255|114|1N|N|8|SQ
2|17|58|289|1|30|2N|E|7|S6
2|18|120|8|249|239|5C|E|10|S2
2|18|37|74|131|186|5C|W|8|SA
2|18|57|176|15|22|4SX|N|9|D8
2|18|125|141|170|236|5C|W|8|H2
2|18|19|261|284|182|4SX|N|9|D8
2|18|285|56|136|183|5C|W|11|SA
2|18|25|194|178|150|3S|N|10|D8
2|18|189|34|137|143|4SX|N|9|D8
2|18|28|299|255|114|3NX|E|7|S2
2|18|58|289|1|30|5C|W|9|H2
2|19|120|8|249|239|1N|S|5|D4
2|19|37|74|131|186|2H|N|8|CJ
2|19|57|176|15|22|2H|S|7|S6
2|19|125|141|170|236|2H|N|8|CJ
2|19|19|261|284|182|1N|S|5|D4
2|19|285|56|136|183|3C|E|8|S5
2|19|25|194|178|150|2H|N|8|CJ
2|19|189|34|137|143|1N|S|5|D4
2|19|28|299|255|114|3H|N|7|CJ
2|19|58|289|1|30|1N|S|5|D4
2|2|74|8|186|239|4S|S|9|DQ
2|2|37|120|131|249|4S|S|9|S8
2|2|57|176|15|22|4S|S|9|DQ
2|2|125|141|170|236|5CX|W|10|SA
2|2|19|261|284|182|5CX|W|11|SA
2|2|285|56|136|183|5CX|W|11|H9
2|2|34|194|143|150|5CX|W|11|SA
2|2|189|139|137|277|5DX|E|11|HK
2|2|28|299|255|114|5D|E|13|HK
2|2|7|93|122|279|4S|S|9|DQ
2|20|120|8|249|239|1S|W|9|C9
2|20|37|74|131|186|3N|W|9|D5
2|20|57|176|15|22|3N|W|7|C9
2|20|125|141|170|236|3N|E|8|H6
2|20|19|261|284|182|3N|E|8|H6
2|20|285|56|136|183|3N|W|10|S9
2|20|25|194|178|150|3N|W|10|C5
2|20|189|34|137|143|3N|W|10|D5
2|20|28|299|255|114|3D|W|9|H2
2|20|58|289|1|30|1S|W|9|H2
2|21|120|8|249|239|3N|W|9|SK
2|21|37|74|131|186|4H|E|9|C6
2|21|57|176|15|22|4H|E|10|C4
2|21|125|141|170|236|4H|E|9|DQ
2|21|19|261|284|182|3N|W|7|C7
2|21|285|56|136|183|4N|E|9|C3
2|21|25|194|178|150|4H|E|9|DQ
2|21|189|34|137|143|4H|E|8|C4
2|21|28|299|255|114|3D|E|9|H7
2|21|58|289|1|30|2S|S|4|CK
2|22|120|8|249|239|4N|E|10|C6
2|22|37|74|131|186|3N|E|10|C7
2|22|57|176|15|22|4N|W|10|H2
2|22|125|141|170|236|5D|E|11|C6
2|22|19|261|284|182|3N|E|12|H2
2|22|285|56|136|183|3N|W|10|ST
2|22|25|194|178|150|3N|E|10|D6
2|22|189|34|137|143|3N|E|11|C6
2|22|28|299|255|114|4S|W|11|CJ
2|22|58|289|1|30|3N|W|10|CJ
2|23|120|8|249|239|3C|N|10|ST
2|23|37|74|131|186|2H|E|8|C7
2|23|57|176|15|22|2H|E|8|D2
2|23|125|141|170|236|3H|W|8|D4
2|23|19|261|284|182|2H|W|8|SJ
2|23|285|56|136|183|3H|W|8|D6
2|23|25|194|178|150|3C|N|9|S2
2|23|189|34|137|143|4H|E|9|SK
2|23|28|299|255|114|3H|W|8|SJ
2|23|58|289|1|30|3C|S|10|HJ
2|24|120|8|249|239|2H|W|9|C2
2|24|37|74|131|186|4HX|W|9|C4
2|24|57|176|15|22|4H|W|9|C2
2|24|125|141|170|236|3N|E|9|SA
2|24|19|261|284|182|4H|W|10|S5
2|24|285|56|136|183|4H|W|9|S6
2|24|25|194|178|150|4H|W|10|S6
2|24|189|34|137|143|4H|W|8|S5
2|24|28|299|255|114|4H|W|9|C7
2|24|58|289|1|30|4H|W|9|S5
2|25|120|8|249|239|6H|E|13|SJ
2|25|37|74|131|186|4H|W|12|CT
2|25|57|176|15|22|4H|W|12|D4
2|25|125|141|170|236|4H|W|12|D5
2|25|19|261|284|182|6H|E|12|CQ
2|25|285|56|136|183|4H|W|13|CT
2|25|25|194|178|150|4H|W|12|CT
2|25|189|34|137|143|6H|E|12|SJ
2|25|28|299|255|114|4S|W|12|HT
2|25|58|289|1|30|5H|W|12|D4
2|26|120|8|249|239|2H|W|10|H5
2|26|37|74|131|186|4H|W|11|DT
2|26|57|176|15|22|1S|S|4|S3
2|26|125|141|170|236|3H|E|10|CA
2|26|19|261|284|182|2C|N|5|HT
2|26|285|56|136|183|1N|S|4|H3
2|26|25|194|178|150|3C|S|6|C4
2|26|189|34|137|143|1N|S|5|H2
2|26|28|299|255|114|2H|W|10|D6
2|26|58|289|1|30|1N|S|3|H2
2|27|120|8|249|239|4H|N|9|CK
2|27|37|74|131|186|4H|N|9|CA
2|27|57|176|15|22|4H|N|9|CA
2|27|125|141|170|236|3H|N|8|CA
2|27|19|261|284|182|4H|N|9|D2
2|27|285|56|136|183|5H|N|9|CK
2|27|25|194|178|150|4H|N|9|D2
2|27|189|34|137|143|4H|N|9|D2
2|27|28|299|255|114|4S|S|9|DK
2|27|58|289|1|30|4H|N|9|CA
2|28|120|8|249|239|2CX|S|6|SQ
2|28|37|74|131|186|2CX|S|7|D9
2|28|57|176|15|22|2S|E|6|CQ
2|28|125|141|170|236|2S|E|6|CQ
2|28|19|261|284|182|2CX|S|7|SQ
2|28|285|56|136|183|2S|E|7|CQ
2|28|25|194|178|150|2N|W|4|C5
2|28|189|34|137|143|2S|E|5|CQ
2|28|28|299|255|114|2CX|S|7|SQ
2|28|58|289|1|30|2SX|N|5|HT
2|29|120|8|249|239|4N|N|12|H7
2|29|37|74|131|186|5D|N|11|S9
2|29|57|176|15|22|6D|N|11|H4
2|29|125|141|170|236|4N|S|12|HA
2|29|19|261|284|182|5D|S|12|DT
2|29|285|56|136|183|4S|S|12|DT
2|29|25|194|178|150|6N|N|12|H5
2|29|189|34|137|143|6D|N|11|H5
2|29|28|299|255|114|6C|N|12|H6
2|29|58|289|1|30|6N|N|12|H7
2|3|74|8|186|239|3N|N|11|S2
2|3|37|120|131|249|6D|S|11|D8
2|3|57|176|15|22|6D|S|12|C7
2|3|125|141|170|236|3N|N|10|S2
2|3|19|261|284|182|3N|N|9|C4
2|3|285|56|136|183|3N|N|10|C5
2|3|34|194|143|150|5D|S|11|D4
2|3|189|139|137|277|3N|S|9|C4
2|3|28|299|255|114|3N|N|10|S3
2|3|7|93|122|279|5D|S|12|C3
2|30|120|8|249|239|3H|S|11|SQ
2|30|37|74|131|186|3H|S|10|SQ
2|30|57|176|15|22|3HX|S|10|SQ
2|30|125|141|170|236|2H|S|10|C4
2|30|19|261|284|182|4D|E|9|D8
2|30|285|56|136|183|4HX|S|10|DA
2|30|25|194|178|150|2H|S|9|DA
2|30|189|34|137|143|2S|E|5|HJ
2|30|28|299|255|114|3H|S|10|SQ
2|30|58|289|1|30|3H|S|10|SQ
2|31|120|8|249|239|1N|W|9|H2
2|31|37|74|131|186|3N|W|9|H3
2|31|57|176|15|22|1N|E|9|SQ
2|31|125|141|170|236|1N|W|10|H2
2|31|19|261|284|182|3N|E|9|SQ
2|31|285|56|136|183|3N|E|9|SQ
2|31|25|194|178|150|1N|W|9|H2
2|31|189|34|137|143|3N|E|9|SQ
2|31|28|299|255|114|3N|E|9|SQ
2|31|58|289|1|30|3N|E|9|SQ
2|32|120|8|249|239|3N|W|7|ST
2|32|37|74|131|186|2C|W|7|ST
2|32|57|176|15|22|3N|E|7|HJ
2|32|125|141|170|236|3N|W|9|ST
2|32|19|261|284|182|1N|W|9|C7
2|32|285|56|136|183|3N|W|8|C7
2|32|25|194|178|150|1N|W|10|ST
2|32|189|34|137|143|1N|W|8|ST
2|32|28|299|255|114|3N|W|8|DQ
2|32|58|289|1|30|3N|W|9|C7
2|4|74|8|186|239|3N|W|12|H5
2|4|37|120|131|249|3N|E|11|SQ
2|4|57|176|15|22|3N|W|11|H4
2|4|125|141|170|236|3N|E|11|SQ
2|4|19|261|284|182|3N|W|11|H4
2|4|285|56|136|183|3N|E|11|SQ
2|4|34|194|143|150|3N|W|10|S8
2|4|189|139|137|277|3N|W|11|S8
2|4|28|299|255|114|3N|E|11|H4
2|4|7|93|122|279|3N|W|11|DJ
2|5|74|8|186|239|3CX|W|9|S6
2|5|37|120|131|249|2S|S|7|C7
2|5|57|176|15|22|2S|S|8|S8
2|5|125|141|170|236|2S|S|9|C9
2|5|19|261|284|182|2S|S|7|C9
2|5|285|56|136|183|2S|N|9|C3
2|5|34|194|143|150|3S|S|9|HQ
2|5|189|139|137|277|3S|S|6|HQ
2|5|28|299|255|114|2S|S|8|HQ
2|5|7|93|122|279|2S|S|8|HQ
2|6|74|8|186|239|5DX|S|9|D7
2|6|37|120|131|249|3D|S|9|D7
2|6|57|176|15|22|4S|S|4|C2
2|6|125|141|170|236|4D|S|9|C3
2|6|19|261|284|182|3D|S|9|D7
2|6|285|56|136|183|3N|W|7|S8
2|6|34|194|143|150|3H|E|7|DA
2|6|189|139|137|277|5D|S|9|SK
2|6|28|299|255|114|3D|S|9|C9
2|6|7|93|122|279|3H|E|6|DA
2|7|74|8|186|239|4S|W|10|CK
2|7|37|120|131|249|3S|W|10|DA
2|7|57|176|15|22|4S|W|10|S2
2|7|125|141|170|236|3S|W|10|CQ
2|7|19|261|284|182|3S|W|10|CK
2|7|285|56|136|183|3S|W|10|CK
2|7|34|194|143|150|4SX|W|10|S5
2|7|189|139|137|277|4S|W|10|CK
2|7|28|299|255|114|3S|W|10|CK
2|7|7|93|122|279|4S|W|11|DA
2|8|74|8|186|239|3N|S|10|H4
2|8|37|120|131|249|2N|S|10|C2
2|8|57|176|15|22|2HX|E|6|HA
2|8|125|141|170|236|1NXX|W|3|D4
2|8|19|261|284|182|2S|S|10|H4
2|8|285|56|136|183|1N|W|3|D4
2|8|34|194|143|150|3N|N|8|H2
2|8|189|139|137|277|3N|N|11|S3
2|8|28|299|255|114|3N|N|10|S3
2|8|7|93|122|279|2D|E|4|CJ
2|9|74|8|186|239|3N|N|8|S8
2|9|37|120|131|249|4H|S|10|C5
2|9|57|176|15|22|4H|N|9|D2
2|9|125|141|170|236|4H|N|9|D9
2|9|19|261|284|182|4H|S|9|C5
2|9|285|56|136|183|4H|N|9|D9
2|9|34|194|143|150|2N|N|7|D5
2|9|189|139|137|277|3N|N|7|S8
2|9|28|299|255|114|4H|N|11|H8
2|9|7|93|122|279|4H|S|10|C5
3|1|8|141|239|236|3N|S|7|H3
3|1|57|37|15|131|4D|N|9|HK
3|1|125|56|170|183|3H|E|8|C3
3|1|19|176|284|22|5D|N|10|HK
3|1|68|25|286|178|3D|N|11|HK
3|1|139|285|277|136|3H|E|6|C3
3|1|194|299|189|114|2N|S|8|S3
3|1|58|230|1|137|3H|E|8|DA
3|1|74|289|186|30|3N|S|9|S2
3|1|93|120|279|249|3N|S|7|H6
3|10|8|141|239|236|2N|E|7|H4
3|10|57|37|15|131|1N|W|7|S7
3|10|125|56|170|183|2N|E|7|S9
3|10|19|176|284|22|1N|E|9|H4
3|10|68|25|286|178|2S|N|8|H7
3|10|139|285|277|136|2N|E|8|H4
3|10|194|299|189|114|1N|W|7|ST
3|10|58|230|1|137|1N|E|7|S3
3|10|74|289|186|30|1N|W|7|ST
3|10|93|120|279|249|1N|W|7|ST
3|11|8|141|239|236|1N|N|7|D3
3|11|57|37|15|131|1N|S|5|SQ
3|11|125|56|170|183|2C|E|8|D9
3|11|19|176|284|22|2D|W|8|CJ
3|11|68|25|286|178|1N|N|6|CK
3|11|139|285|277|136|1N|S|6|SQ
3|11|194|299|189|114|1N|N|7|D2
3|11|58|230|1|137|2D|W|6|S2
3|11|74|289|186|30|1N|N|6|CQ
3|11|93|120|279|249|1N|N|6|D3
3|12|8|141|239|236|2D|W|8|SJ
3|12|57|37|15|131|1N|W|6|SJ
3|12|125|56|170|183|3D|E|7|SA
3|12|19|176|284|22|3C|E|9|SA
3|12|68|25|286|178|2S|S|10|DQ
3|12|139|285|277|136|3D|W|8|SJ
3|12|194|299|189|114|3N|E|6|S7
3|12|58|230|1|137|3D|W|6|SJ
3|12|74|289|186|30|1S|N|9|D3
3|12|93|120|279|249|2S|N|10|D3
3|13|8|141|239|236|3C|S|9|S4
3|13|57|37|15|131|2S|W|10|CT
3|13|125|56|170|183|1N|S|9|S4
3|13|19|176|284|22|3H|N|10|CJ
3|13|68|25|286|178|3H|N|10|CJ
3|13|139|285|277|136|3H|N|9|CJ
3|13|194|299|189|114|3S|W|9|S5
3|13|58|230|1|137|2S|E|9|HK
3|13|74|289|186|30|2H|N|10|S2
3|13|93|120|279|249|2H|S|9|SQ
3|14|8|141|239|236|5DX|N|8|S3
3|14|57|37|15|131|4H|E|12|SJ
3|14|125|56|170|183|4H|W|11|SJ
3|14|19|176|284|22|5H|E|11|CA
3|14|68|25|286|178|4H|E|11|CA
3|14|139|285|277|136|4H|E|12|D2
3|14|194|299|189|114|4S|E|12|H9
3|14|58|230|1|137|3H|E|12|SJ
3|14|74|289|186|30|4H|E|12|D2
3|14|93|120|279|249|5CX|S|9|C7
3|15|8|141|239|236|4H|E|12|SK
3|15|57|37|15|131|6H|E|12|SK
3|15|125|56|170|183|4H|E|12|SK
3|15|19|176|284|22|4H|E|12|SK
3|15|68|25|286|178|4H|E|12|SK
3|15|139|285|277|136|5C|W|12|H2
3|15|194|299|189|114|7CXX|W|12|S4
3|15|58|230|1|137|4H|E|13|SK
3|15|74|289|186|30|4H|E|12|SK
3|15|93|120|279|249|4H|E|12|SK
3|16|8|141|239|236|1N|E|6|H4
3|16|57|37|15|131|2H|S|8|SA
3|16|125|56|170|183|2S|W|8|H8
3|16|19|176|284|22|1N|W|7|D3
3|16|68|25|286|178|3H|S|7|SA
3|16|139|285|277|136|3H|S|9|SA
3|16|194|299|189|114|2H|S|8|SK
3|16|58|230|1|137|3H|S|9|SA
3|16|74|289|186|30|2S|E|7|DK
3|16|93|120|279|249|2S|W|7|DQ
3|17|8|141|239|236|4S|N|10|D2
3|17|57|37|15|131|4S|N|9|D5
3|17|125|56|170|183|4S|N|10|CA
3|17|19|176|284|22|4S|N|9|D5
3|17|68|34|286|143|4S|N|10|D2
3|17|139|285|277|136|4S|N|9|D5
3|17|194|7|189|122|4S|N|9|D2
3|17|58|230|1|137|4S|N|10|CA
3|17|120|28|249|255|4S|N|9|D5
3|17|93|74|279|186|3S|N|9|D5
3|18|8|141|239|236|4C|E|12|HK
3|18|57|37|15|131|5C|E|12|HK
3|18|125|56|170|183|6D|W|12|D9
3|18|19|176|284|22|3N|W|8|H7
3|18|68|34|286|143|5C|E|12|HK
3|18|139|285|277|136|5C|E|12|HK
3|18|194|7|189|122|6C|E|12|HA
3|18|58|230|1|137|6D|E|12|HA
3|18|120|28|249|255|5D|W|12|HT
3|18|93|74|279|186|5C|E|12|HK
3|19|8|141|239|236|4H|S|9|S4
3|19|57|37|15|131|4H|S|9|S3
3|19|125|56|170|183|4H|N|9|CQ
3|19|19|176|284|22|4H|S|9|CK
3|19|68|34|286|143|4H|S|9|S4
3|19|139|285|277|136|4H|N|9|CQ
3|19|194|7|189|122|4H|S|9|CK
3|19|58|230|1|137|4H|S|9|S4
3|19|120|28|249|255|4H|S|9|S4
3|19|93|74|279|186|4H|S|9|S2
3|2|8|141|239|236|6D|E|12|H5
3|2|57|37|15|131|6D|E|12|ST
3|2|125|56|170|183|3N|W|13|H3
3|2|19|176|284|22|3N|W|13|S4
3|2|68|25|286|178|6N|W|12|D5
3|2|139|285|277|136|3N|W|13|C8
3|2|194|299|189|114|3N|W|13|S4
3|2|58|230|1|137|3N|W|11|SK
3|2|74|289|186|30|3N|W|12|C5
3|2|93|120|279|249|3N|E|12|ST
3|20|8|141|239|236|4H|S|10|SA
3|20|57|37|15|131|4H|S|11|C9
3|20|125|56|170|183|3D|W|8|CA
3|20|19|176|284|22|4H|S|11|D8
3|20|68|34|286|143|2S|W|6|D4
3|20|139|285|277|136|4H|S|12|C9
3|20|194|7|189|122|4H|S|12|D8
3|20|58|230|1|137|4H|N|11|DQ
3|20|120|28|249|255|4H|S|11|D7
3|20|93|74|279|186|4H|N|11|DQ
3|21|8|141|239|236|3C|E|9|D6
3|21|57|37|15|131|4S|W|8|DA
3|21|125|56|170|183|3N|W|7|D7
3|21|19|176|284|22|3N|W|8|H8
3|21|68|34|286|143|3S|W|8|HK
3|21|139|285|277|136|4S|W|9|HK
3|21|194|7|189|122|4C|E|9|D6
3|21|58|230|1|137|3S|W|8|HK
3|21|120|28|249|255|3N|W|7|D7
3|21|93|74|279|186|1S|W|8|DA
3|22|8|141|239|236|3N|S|11|H3
3|22|57|37|15|131|3N|S|10|S3
3|22|125|56|170|183|3N|S|10|H3
3|22|19|176|284|22|3N|S|11|C2
3|22|68|34|286|143|3N|S|10|S2
3|22|139|285|277|136|3N|S|11|S2
3|22|194|7|189|122|3N|S|11|S2
3|22|58|230|1|137|3N|S|9|S2
3|22|120|28|249|255|3N|S|11|S2
3|22|93|74|279|186|3N|S|11|S3
3|23|8|141|239|236|5C|W|10|DA
3|23|57|37|15|131|3D|S|8|D2
3|23|125|56|170|183|3N|E|10|D6
3|23|19|176|284|22|3C|W|11|DQ
3|23|68|34|286|143|5C|E|10|S3
3|23|139|285|277|136|2S|S|6|HK
3|23|194|7|189|122|3DX|N|8|D4
3|23|58|230|1|137|3D|N|9|H9
3|23|120|28|249|255|3DX|N|8|D4
3|23|93|74|279|186|4H|W|10|C9
3|24|8|141|239|236|3N|S|9|H5
3|24|57|37|15|131|3N|S|11|H5
3|24|125|56|170|183|3N|S|9|H5
3|24|19|176|284|22|3N|S|7|H5
3|24|139|285|277|136|3N|N|9|H5
3|24|194|7|189|122|3N|S|9|H5
3|24|58|230|1|137|3N|N|10|C2
3|24|120|28|249|255|3N|N|9|H5
3|24|93|74|279|186|3N|S|10|H5
3|25|8|141|239|236|6S|N|11|C2
3|25|57|37|15|131|6N|S|11|CQ
3|25|125|56|170|183|6S|N|12|S3
3|25|19|176|284|22|4S|N|11|C3
3|25|68|34|286|143|4N|S|12|C4
3|25|139|285|277|136|5D|S|11|C9
3|25|194|7|189|122|6D|S|12|D5
3|25|58|230|1|137|6S|N|11|C2
3|25|120|28|249|255|5D|S|10|H3
3|25|93|74|279|186|4S|N|12|HK
3|26|8|141|239|236|1N|S|5|HK
3|26|57|37|15|131|3C|S|7|HK
3|26|125|56|170|183|2H|W|7|D5
3|26|19|176|284|22|2H|E|7|DQ
3|26|68|34|286|143|2H|E|9|C4
3|26|139|285|277|136|2S|E|7|D2
3|26|194|7|189|122|2H|E|7|C4
3|26|58|230|1|137|2H|E|7|C4
3|26|120|28|249|255|2H|E|6|DQ
3|26|93|74|279|186|2S|E|7|C4
3|27|8|141|239|236|4S|S|9|DA
3|27|57|37|15|131|3S|S|9|DK
3|27|125|56|170|183|2S|S|9|DA
3|27|19|176|284|22|4H|E|8|CA
3|27|68|34|286|143|3S|S|10|DA
3|27|139|285|277|136|3S|S|9|DA
3|27|194|7|189|122|3S|S|9|DA
3|27|58|230|1|137|4S|S|9|DA
3|27|120|28|249|255|3S|S|10|DA
3|27|93|74|279|186|4H|E|9|CA
3|28|8|141|239|236|2H|S|8|D3
3|28|57|37|15|131|2H|N|7|SK
3|28|125|56|170|183|2H|S|9|S3
3|28|19|176|284|22|4SX|N|8|CK
3|28|68|34|286|143|3H|S|7|D2
3|28|139|285|277|136|3N|N|7|SA
3|28|194|7|189|122|2D|S|7|C7
3|28|58|230|1|137|2S|E|7|DK
3|28|120|28|249|255|2H|N|7|SA
3|28|93|74|279|186|2H|S|8|S7
3|29|8|141|239|236|2H|W|10|S5
3|29|57|37|15|131|2H|W|11|H7
3|29|125|56|170|183|2H|W|11|S5
3|29|19|176|284|22|4H|E|10|SJ
3|29|68|34|286|143|2H|W|10|C3
3|29|139|285|277|136|1N|E|9|SJ
3|29|194|7|189|122|3H|E|10|SJ
3|29|58|230|1|137|3H|W|9|H2
3|29|120|28|249|255|2S|S|6|D8
3|29|93|74|279|186|1N|E|8|SJ
3|3|8|141|239|236|4H|N|12|D6
3|3|57|37|15|131|4H|N|10|SK
3|3|125|56|170|183|4H|N|12|D5
3|3|19|176|284|22|4H|N|11|D5
3|3|68|25|286|178|4H|S|10|S3
3|3|139|285|277|136|4H|N|10|SA
3|3|194|299|189|114|4H|N|11|SK
3|3|58|230|1|137|4H|N|12|SA
3|3|74|289|186|30|6H|N|11|SA
3|3|93|120|279|249|4H|N|11|SK
3|30|8|141|239|236|5S|E|11|DJ
3|30|57|37|15|131|5S|E|11|H5
3|30|125|56|170|183|4HX|N|8|D4
3|30|19|176|284|22|4S|E|12|H5
3|30|68|34|286|143|4S|E|12|H3
3|30|139|285|277|136|4S|E|11|DJ
3|30|194|7|189|122|5S|E|11|DJ
3|30|58|230|1|137|3D|W|12|HK
3|30|120|28|249|255|5D|W|12|HA
3|30|93|74|279|186|5S|E|11|DJ
3|31|8|141|239|236|4S|N|10|CK
3|31|57|37|15|131|5H|S|8|DK
3|31|125|56|170|183|4S|N|10|CA
3|31|19|176|284|22|5S|N|10|CA
3|31|68|34|286|143|4S|S|11|DA
3|31|139|285|277|136|4S|N|10|CA
3|31|194|7|189|122|4S|S|10|DA
3|31|58|230|1|137|4S|N|10|CA
3|31|120|28|249|255|4S|S|10|C2
3|31|93|74|279|186|4S|S|11|DA
3|32|8|141|239|236|4S|N|12|C3
3|32|57|37|15|131|6S|N|12|ST
3|32|125|56|170|183|4S|N|12|S5
3|32|19|176|284|22|4S|N|12|C5
3|32|68|34|286|143|4S|N|12|C6
3|32|139|285|277|136|4S|N|12|ST
3|32|194|7|189|122|4S|N|13|C3
3|32|58|230|1|137|4S|N|12|DA
3|32|120|28|249|255|6S|N|12|ST
3|32|93|74|279|186|4S|N|13|ST
3|4|8|141|239|236|3N|N|12|S7
3|4|57|37|15|131|3N|N|12|DT
3|4|125|56|170|183|3N|N|11|S5
3|4|19|176|284|22|4H|N|6|DT
3|4|68|25|286|178|3C|N|10|HQ
3|4|139|285|277|136|3N|N|12|S4
3|4|194|299|189|114|5C|N|10|HQ
3|4|58|230|1|137|3N|N|11|S9
3|4|74|289|186|30|3N|N|10|HQ
3|4|93|120|279|249|3N|N|12|HQ
3|5|8|141|239|236|3N|N|10|D7
3|5|57|37|15|131|3N|N|10|H4
3|5|125|56|170|183|3N|N|10|S5
3|5|19|176|284|22|3N|N|9|DT
3|5|68|25|286|178|3N|N|9|D5
3|5|139|285|277|136|3N|N|11|S8
3|5|194|299|189|114|3N|N|11|S8
3|5|58|230|1|137|3N|N|11|DJ
3|5|74|289|186|30|3N|N|11|DJ
3|5|93|120|279|249|3N|N|9|HQ
3|6|8|141|239|236|3N|S|10|HK
3|6|57|37|15|131|3N|S|9|C4
3|6|125|56|170|183|3N|S|11|C8
3|6|19|176|284|22|3N|S|11|C4
3|6|68|25|286|178|3N|S|10|C7
3|6|139|285|277|136|3N|N|9|S3
3|6|194|299|189|114|3N|S|9|C4
3|6|58|230|1|137|3N|S|8|HK
3|6|74|289|186|30|3N|S|8|SQ
3|6|93|120|279|249|3N|N|8|S3
3|7|8|141|239|236|4H|S|8|D7
3|7|57|37|15|131|4S|E|10|HK
3|7|125|56|170|183|4S|E|11|HA
3|7|19|176|284|22|4S|W|11|HA
3|7|68|25|286|178|4C|W|10|SK
3|7|139|285|277|136|5H|N|9|SA
3|7|194|299|189|114|5S|W|11|HA
3|7|58|230|1|137|4H|S|10|D7
3|7|74|289|186|30|4H|N|11|DK
3|7|93|120|279|249|5S|E|11|HK
3|8|8|141|239|236|1N|E|9|D7
3|8|57|37|15|131|1D|N|6|SQ
3|8|125|56|170|183|3C|W|8|HA
3|8|19|176|284|22|1D|N|6|D3
3|8|68|25|286|178|1N|W|10|HK
3|8|139|285|277|136|1D|N|6|SK
3|8|194|299|189|114|1D|N|7|CQ
3|8|58|230|1|137|1N|E|9|H4
3|8|74|289|186|30|2S|W|8|S3
3|8|93|120|279|249|1D|N|7|CQ
3|9|8|141|239|236|2DX|E|5|CK
3|9|57|37|15|131|3N|N|12|HQ
3|9|125|56|170|183|3N|N|11|HK
3|9|19|176|284|22|3N|N|10|D2
3|9|68|25|286|178|3N|S|11|S4
3|9|139|285|277|136|2DX|E|5|S7
3|9|194|299|189|114|3N|N|11|S6
3|9|58|230|1|137|3N|N|10|D6
3|9|74|289|186|30|3N|N|10|D6
3|9|93|120|279|249|3N|N|10|D5
4|1|19|37|284|131|4H|W|10|D9
4|1|8|181|239|124|5H|W|11|D9
4|1|25|152|178|39|4H|E|11|SA
4|1|125|139|170|277|4SX|S|8|HA
4|1|7|285|122|136|5H|W|10|D9
4|1|68|114|286|264|4H|W|10|D9
4|1|28|23|255|230|4S|N|9|H6
4|1|189|289|137|30|5H|W|10|D9
4|1|234|141|120|236|5H|W|10|D9
4|1|57|74|15|186|5CX|N|9|H5
4|10|19|37|284|131|4H|E|9|SJ
4|10|8|181|239|124|2S|N|8|C8
4|10|25|152|178|39|4S|N|9|C5
4|10|125|139|170|277|3S|N|9|C4
4|10|7|285|122|136|4H|E|9|SJ
4|10|68|114|286|264|2H|E|10|SJ
4|10|28|23|255|230|4S|N|9|HA
4|10|189|289|137|30|4S|S|8|H6
4|10|234|141|120|236|3S|S|10|H7
4|10|57|74|15|186|3S|N|9|C5
4|11|19|37|284|131|4S|S|10|DA
4|11|8|181|239|124|4S|S|10|DA
4|11|25|152|178|39|4S|S|10|DA
4|11|125|139|170|277|4S|S|10|CT
4|11|7|285|122|136|3N|S|6|H7
4|11|68|114|286|264|4S|S|10|DK
4|11|28|23|255|230|4S|S|11|DA
4|11|189|289|137|30|4S|N|10|H3
4|11|234|141|120|236|4S|S|10|DA
4|11|57|74|15|186|4S|S|10|DA
4|12|19|37|284|131|5CX|S|9|DT
4|12|8|181|239|124|4H|N|8|SK
4|12|25|152|178|39|4DX|E|8|HT
4|12|125|139|170|277|2S|E|7|HT
4|12|7|285|122|136|5DX|E|8|HT
4|12|68|114|286|264|3DX|E|8|HT
4|12|28|23|255|230|3SX|E|8|HT
4|12|189|289|137|30|4H|N|10|SQ
4|12|234|141|120|236|3DX|E|8|HT
4|12|57|74|15|186|3H|N|9|SQ
4|13|19|37|284|131|4S|S|11|HA
4|13|8|181|239|124|4S|S|11|C7
4|13|25|152|178|39|4S|S|11|HA
4|13|125|139|170|277|4S|S|12|C8
4|13|7|285|122|136|6S|S|11|DA
4|13|68|114|286|264|4S|S|11|HA
4|13|28|23|255|230|4S|S|12|HA
4|13|189|289|137|30|4S|S|12|C7
4|13|234|141|120|236|4S|S|12|HA
4|13|57|74|15|186|5HX|W|8|CK
4|14|19|37|284|131|4H|S|10|HJ
4|14|8|181|239|124|4H|N|10|DT
4|14|25|152|178|39|4H|S|10|HQ
4|14|125|139|170|277|4H|N|10|CA
4|14|7|285|122|136|4H|S|10|S7
4|14|68|114|286|264|4H|S|11|C3
4|14|28|23|255|230|4H|S|10|DA
4|14|189|289|137|30|4H|N|10|DT
4|14|234|141|120|236|4H|N|10|S6
4|14|57|74|15|186|4H|N|10|DT
4|15|19|37|284|131|4H|W|8|SA
4|15|8|181|239|124|4S|S|10|HK
4|15|25|152|178|39|4S|N|9|H5
4|15|125|139|170|277|5HX|W|8|SA
4|15|7|285|122|136|4S|S|10|HK
4|15|68|114|286|264|4S|S|10|HK
4|15|28|23|255|230|4S|S|11|C6
4|15|189|289|137|30|5H|W|8|SA
4|15|234|141|120|236|4S|S|10|HK
4|15|57|74|15|186|4S|S|10|HK
4|16|19|37|284|131|4S|E|11|CK
4|16|8|181|239|124|4S|E|11|CK
4|16|25|152|178|39|4S|W|10|D2
4|16|125|139|170|277|4S|E|11|CK
4|16|7|285|122|136|4S|W|10|C4
4|16|68|114|286|264|4H|W|10|S2
4|16|28|23|255|230|4S|E|9|S5
4|16|189|289|137|30|4S|E|11|CK
4|16|234|141|120|236|4S|E|10|S3
4|16|57|74|15|186|4S|W|12|S2
4|17|19|37|284|131|3N|E|9|H4
4|17|8|181|239|124|3H|N|9|D3
4|17|139|152|277|39|3N|E|8|H4
4|17|176|34|22|143|3C|W|10|C4
4|17|58|261|1|182|3N|E|9|H9
4|17|68|114|286|264|3H|N|7|SK
4|17|93|23|279|230|3C|W|10|S7
4|17|189|289|137|30|3N|E|8|H4
4|17|234|141|120|236|3N|E|8|H3
4|17|57|74|15|186|3S|W|8|C7
4|18|19|37|284|131|2N|E|10|SK
4|18|8|181|239|124|3N|E|9|SK
4|18|139|152|277|39|3N|E|9|SK
4|18|176|34|22|143|1N|S|6|DA
4|18|58|261|1|182|3N|E|7|SK
4|18|68|114|286|264|2S|S|7|DK
4|18|93|23|279|230|2D|E|8|SK
4|18|189|289|137|30|3N|E|9|CQ
4|18|234|141|120|236|1N|E|10|SK
4|18|57|74|15|186|3N|E|9|SK
4|19|19|37|284|131|2S|E|9|DJ
4|19|8|181|239|124|4S|W|9|CA
4|19|139|152|277|39|2S|W|9|CA
4|19|176|34|22|143|3D|E|11|CA
4|19|58|261|1|182|3N|E|11|H9
4|19|68|114|286|264|2S|W|10|H3
4|19|93|23|279|230|2S|E|9|DJ
4|19|189|289|137|30|5DX|E|12|H7
4|19|234|141|120|236|4N|E|9|H4
4|19|57|74|15|186|3N|E|10|H7
4|2|19|37|284|131|4SX|W|7|CA
4|2|8|181|239|124|4H|S|12|SQ
4|2|25|152|178|39|3S|W|6|SA
4|2|125|139|170|277|3D|S|10|SQ
4|2|7|285|122|136|4H|S|11|SQ
4|2|68|114|286|264|5H|S|12|DK
4|2|28|23|255|230|4H|S|11|SQ
4|2|189|289|137|30|2S|W|6|SA
4|2|234|141|120|236|4H|S|12|SQ
4|2|57|74|15|186|4HX|S|11|SQ
4|20|19|37|284|131|1S|E|7|HA
4|20|8|181|239|124|2DX|E|5|HK
4|20|139|152|277|39|3N|N|8|HQ
4|20|176|34|22|143|3N|S|8|HQ
4|20|58|261|1|182|3N|S|9|HQ
4|20|68|114|286|264|3N|S|7|HQ
4|20|93|23|279|230|3N|S|8|HQ
4|20|189|289|137|30|3N|S|9|H7
4|20|234|141|120|236|3N|S|9|CT
4|20|57|74|15|186|3N|S|9|HQ
4|21|19|37|284|131|4H|W|9|SJ
4|21|8|181|239|124|3H|W|9|SJ
4|21|139|152|277|39|2H|W|8|DT
4|21|176|34|22|143|3N|W|6|SJ
4|21|58|261|1|182|4H|W|9|SJ
4|21|68|114|286|264|3H|W|8|DT
4|21|93|23|279|230|3H|W|10|DT
4|21|189|289|137|30|3H|W|10|DT
4|21|234|141|120|236|3H|W|10|DT
4|21|57|74|15|186|4H|W|8|HJ
4|22|19|37|284|131|4H|W|10|S2
4|22|8|181|239|124|4H|E|10|C5
4|22|139|152|277|39|1N|W|8|S2
4|22|176|34|22|143|1N|W|8|S2
4|22|58|261|1|182|1N|W|9|S2
4|22|68|114|286|264|4H|W|10|S2
4|22|93|23|279|230|4H|E|10|CQ
4|22|189|289|137|30|4H|W|9|CQ
4|22|234|141|120|236|4H|E|10|S4
4|22|57|74|15|186|4H|E|10|D3
4|23|19|37|284|131|2DX|S|6|H7
4|23|8|181|239|124|2H|S|5|H7
4|23|139|152|277|39|1N|E|7|D3
4|23|176|34|22|143|4C|W|9|H5
4|23|58|261|1|182|3N|W|7|SK
4|23|68|114|286|264|3D|S|6|H7
4|23|93|23|279|230|1N|N|7|HK
4|23|189|289|137|30|1N|N|7|HK
4|23|234|141|120|236|1C|N|5|HK
4|23|57|74|15|186|3N|W|8|D8
4|24|19|37|284|131|3N|S|9|SK
4|24|8|181|239|124|6C|S|11|SA
4|24|139|152|277|39|3N|N|9|SK
4|24|176|34|22|143|3H|N|8|S2
4|24|58|261|1|182|3N|S|9|H4
4|24|68|114|286|264|3N|S|9|SK
4|24|93|23|279|230|3S|W|6|HK
4|24|189|289|137|30|3N|S|9|SK
4|24|234|141|120|236|3C|S|11|SA
4|24|57|74|15|186|3N|S|9|S4
4|25|19|37|284|131|2N|N|6|S2
4|25|8|181|239|124|3N|N|6|D7
4|25|139|152|277|39|3C|N|9|S4
4|25|176|34|22|143|3N|N|7|D7
4|25|58|261|1|182|3C|S|8|DQ
4|25|68|114|286|264|3N|N|6|S5
4|25|93|23|279|230|2N|N|7|D7
4|25|189|289|137|30|3N|N|8|D7
4|25|234|141|120|236|2N|S|9|S4
4|25|57|74|15|186|3N|N|7|D4
4|26|19|37|284|131|4S|E|10|D9
4|26|8|181|239|124|4S|E|10|HQ
4|26|139|152|277|39|4S|E|10|S9
4|26|176|34|22|143|4S|E|10|S9
4|26|58|261|1|182|4S|E|10|H2
4|26|68|114|286|264|4S|E|11|C3
4|26|93|23|279|230|4S|E|10|S9
4|26|189|289|137|30|4S|W|10|HA
4|26|234|141|120|236|4S|E|11|C3
4|26|57|74|15|186|4S|E|10|DT
4|27|19|37|284|131|4D|E|7|H3
4|27|8|181|239|124|3D|E|7|H2
4|27|139|152|277|39|3D|E|7|H2
4|27|176|34|22|143|3NX|W|7|S7
4|27|58|261|1|182|2D|E|7|S3
4|27|68|114|286|264|3D|E|7|H3
4|27|93|23|279|230|2D|W|8|C7
4|27|189|289|137|30|3H|S|8|D6
4|27|234|141|120|236|2D|E|8|C4
4|27|57|74|15|186|3N|W|7|SA
4|28|19|37|284|131|4H|E|12|ST
4|28|8|181|239|124|4H|E|13|ST
4|28|139|152|277|39|4H|E|13|ST
4|28|176|34|22|143|4H|E|11|DK
4|28|58|261|1|182|4H|E|12|DK
4|28|68|114|286|264|3H|W|11|D5
4|28|93|23|279|230|4H|W|13|DJ
4|28|189|289|137|30|4H|E|12|DK
4|28|234|141|120|236|4S|E|12|H5
4|28|57|74|15|186|4H|W|12|C3
4|29|19|37|284|131|2H|E|9|SA
4|29|8|181|239|124|3C|S|11|C6
4|29|139|152|277|39|5C|N|11|HA
4|29|176|34|22|143|1N|N|8|H6
4|29|58|261|1|182|3C|N|12|SJ
4|29|68|114|286|264|4C|S|10|H9
4|29|93|23|279|230|3C|S|10|C6
4|29|189|289|137|30|5C|S|10|SK
4|29|234|141|120|236|3N|S|4|SK
4|29|57|74|15|186|4H|E|9|CA
4|3|19|37|284|131|3N|E|11|D3
4|3|8|181|239|124|5S|W|10|DQ
4|3|25|152|178|39|4S|W|10|DQ
4|3|125|139|170|277|4S|W|10|D7
4|3|7|285|122|136|4S|W|10|HJ
4|3|68|114|286|264|4S|W|11|HJ
4|3|28|23|255|230|4S|W|11|DQ
4|3|189|289|137|30|4S|W|10|DQ
4|3|234|141|120|236|3N|E|9|D3
4|3|57|74|15|186|4S|W|10|HJ
4|30|19|37|284|131|3C|S|9|DJ
4|30|8|181|239|124|2C|S|9|D4
4|30|139|152|277|39|3N|N|7|D2
4|30|176|34|22|143|3S|N|9|CA
4|30|58|261|1|182|1N|S|7|C7
4|30|68|114|286|264|3N|N|10|CA
4|30|93|23|279|230|2C|S|9|S6
4|30|189|289|137|30|2H|S|8|C7
4|30|234|141|120|236|1N|S|8|D5
4|30|57|74|15|186|1HX|E|5|C2
4|31|19|37|284|131|3H|E|10|S5
4|31|8|181|239|124|3S|N|7|HQ
4|31|139|152|277|39|2S|N|6|HQ
4|31|176|34|22|143|3NX|S|7|S4
4|31|58|261|1|182|3H|W|9|D6
4|31|68|114|286|264|2S|S|7|C6
4|31|93|23|279|230|3H|W|9|D6
4|31|189|289|137|30|4C|S|8|H6
4|31|234|141|120|236|3NX|E|5|C3
4|31|57|74|15|186|2S|N|6|HQ
4|32|19|37|284|131|2S|W|9|C8
4|32|8|181|239|124|1N|S|5|CK
4|32|139|152|277|39|2S|W|8|C3
4|32|176|34|22|143|2S|W|9|C3
4|32|58|261|1|182|2S|W|9|HA
4|32|68|114|286|264|2S|W|8|C8
4|32|93|23|279|230|1N|N|6|CK
4|32|189|289|137|30|2S|W|8|C8
4|32|234|141|120|236|1S|E|9|HK
4|32|57|74|15|186|2S|E|9|HK
4|4|19|37|284|131|3N|S|10|H6
4|4|8|181|239|124|4H|N|9|DT
4|4|125|139|170|277|4S|N|9|C8
4|4|7|285|122|136|4H|N|10|D9
4|4|68|114|286|264|4H|N|9|H3
4|4|28|23|255|230|3N|S|9|CA
4|4|189|289|137|30|4S|N|9|C2
4|4|234|141|120|236|4H|N|10|C2
4|4|57|74|15|186|4H|N|9|C8
4|5|19|37|284|131|4S|W|11|HA
4|5|8|181|239|124|4S|W|12|DQ
4|5|25|152|178|39|4S|W|11|DQ
4|5|125|139|170|277|1S|W|11|DQ
4|5|7|285|122|136|4S|E|10|H2
4|5|68|114|286|264|4S|W|11|C2
4|5|28|23|255|230|4S|W|11|H3
4|5|189|289|137|30|4S|W|11|HA
4|5|234|141|120|236|4S|W|11|C2
4|5|57|74|15|186|4S|E|12|H2
4|6|19|37|284|131|3N|N|8|C4
4|6|8|181|239|124|1S|S|8|HQ
4|6|25|152|178|39|1S|S|8|C2
4|6|125|139|170|277|1S|S|8|HQ
4|6|7|285|122|136|1S|S|8|HQ
4|6|68|114|286|264|1S|S|9|HQ
4|6|28|23|255|230|3N|N|8|C4
4|6|189|289|137|30|3N|N|9|H7
4|6|234|141|120|236|1S|S|9|HQ
4|6|57|74|15|186|1S|S|8|HQ
4|7|19|37|284|131|4S|W|9|H4
4|7|8|181|239|124|3S|W|8|H7
4|7|25|152|178|39|5C|E|10|D3
4|7|125|139|170|277|2S|W|9|DA
4|7|7|285|122|136|3N|E|6|D4
4|7|68|114|286|264|4S|W|7|H4
4|7|28|23|255|230|3S|W|10|DA
4|7|189|289|137|30|4S|W|10|H4
4|7|234|141|120|236|3N|E|5|D2
4|7|57|74|15|186|4S|W|9|DA
4|8|19|37|284|131|3D|N|10|CK
4|8|8|181|239|124|3N|N|8|CA
4|8|25|152|178|39|3N|N|8|CK
4|8|125|139|170|277|4S|S|10|CT
4|8|7|285|122|136|5D|N|10|CA
4|8|68|114|286|264|3N|N|8|CK
4|8|28|23|255|230|3N|N|8|CA
4|8|189|289|137|30|3N|N|8|CK
4|8|234|141|120|236|3N|N|8|CK
4|8|57|74|15|186|3N|S|10|HJ
4|9|19|37|284|131|1N|N|9|H6
4|9|8|181|239|124|2S|S|8|CT
4|9|25|152|178|39|2S|N|9|D2
4|9|125|139|170|277|2S|S|10|CT
4|9|7|285|122|136|2S|N|9|D5
4|9|68|114|286|264|2S|S|9|CT
4|9|28|23|255|230|2S|N|9|D2
4|9|189|289|137|30|3N|N|8|H9
4|9|234|141|120|236|2S|N|7|S3
4|9|57|74|15|186|3N|S|8|D5
5|1|8|34|239|143|3N|S|7|ST
5|1|25|37|178|131|5C|S|10|S4
5|1|125|7|170|122|3N|S|11|HT
5|1|58|152|1|39|3N|S|7|S9
5|1|285|23|136|230|3N|N|7|HQ
5|1|194|261|189|182|3N|S|8|ST
5|1|19|74|284|186|3N|S|11|HT
5|1|234|181|120|124|3N|S|7|S7
5|1|57|289|15|30|3N|S|10|S7
5|1|28|141|255|236|3N|N|11|H3
5|10|8|34|239|143|2N|E|8|S9
5|10|25|37|178|131|3N|E|8|S9
5|10|125|7|170|122|2N|E|7|S9
5|10|58|152|1|39|2N|E|8|ST
5|10|285|23|136|230|3N|E|7|S9
5|10|194|261|189|182|3N|E|8|ST
5|10|19|74|284|186|3N|E|7|S7
5|10|234|181|120|124|3S|N|8|CA
5|10|57|289|15|30|2N|E|8|ST
5|10|28|141|255|236|3N|E|7|ST
5|11|8|34|239|143|3N|N|10|C3
5|11|25|37|178|131|3N|N|10|S3
5|11|125|7|170|122|2CX|E|5|SJ
5|11|58|152|1|39|3N|S|9|C3
5|11|285|23|136|230|3N|N|9|S2
5|11|194|261|189|182|3N|N|10|C4
5|11|19|74|284|186|3N|N|10|C2
5|11|234|181|120|124|3N|N|11|C7
5|11|57|289|15|30|3N|N|9|C3
5|11|28|141|255|236|3N|N|10|C3
5|12|8|34|239|143|2H|E|9|H8
5|12|25|37|178|131|4H|E|8|D3
5|12|125|7|170|122|4H|E|8|D3
5|12|58|152|1|39|2N|W|5|C2
5|12|285|23|136|230|2CX|S|8|SQ
5|12|194|261|189|182|3H|E|8|D3
5|12|19|74|284|186|2N|W|7|HT
5|12|234|181|120|124|4H|E|8|D3
5|12|57|289|15|30|4H|E|8|D3
5|12|28|141|255|236|4H|E|8|CA
5|13|8|34|239|143|2H|S|9|S3
5|13|25|37|178|131|2H|N|8|CA
5|13|125|7|170|122|1N|E|7|HT
5|13|58|152|1|39|2HX|S|8|D5
5|13|285|23|136|230|2H|S|8|D5
5|13|194|261|189|182|2H|N|8|CK
5|13|19|74|284|186|2H|N|7|CA
5|13|234|181|120|124|3N|W|7|HK
5|13|57|289|15|30|3C|E|8|ST
5|13|28|141|255|236|1C|N|5|CA
5|14|8|34|239|143|6N|S|12|CA
5|14|25|37|178|131|5H|S|12|CA
5|14|125|7|170|122|6N|S|12|S6
5|14|58|152|1|39|5H|S|11|DQ
5|14|285|23|136|230|4H|N|13|DT
5|14|194|261|189|182|6H|S|11|CA
5|14|19|74|284|186|6H|S|12|CA
5|14|234|181|120|124|5H|N|12|C6
5|14|57|289|15|30|6H|S|12|CA
5|14|28|141|255|236|7H|S|12|CA
5|15|8|34|239|143|4H|W|10|C5
5|15|25|37|178|131|4H|E|11|CT
5|15|125|7|170|122|4H|E|10|CT
5|15|58|152|1|39|4H|W|10|S4
5|15|285|23|136|230|4H|W|10|D6
5|15|194|261|189|182|4H|E|10|CT
5|15|19|74|284|186|4H|W|12|D9
5|15|234|181|120|124|4H|W|11|H2
5|15|57|289|15|30|4H|W|10|D9
5|15|28|141|255|236|4H|W|11|S4
5|16|8|34|239|143|3N|N|10|HA
5|16|25|37|178|131|4HX|E|9|CQ
5|16|125|7|170|122|4HX|W|9|CA
5|16|58|152|1|39|6CX|N|11|HA
5|16|285|23|136|230|3N|N|8|HK
5|16|194|261|189|182|6D|N|11|HK
5|16|19|74|284|186|5DX|S|11|SQ
5|16|234|181|120|124|6D|S|11|SQ
5|16|57|289|15|30|6DX|S|11|SQ
5|16|28|141|255|236|6C|N|11|HK
5|17|37|25|131|178|3N|E|6|DQ
5|17|139|8|277|239|1N|E|7|D7
5|17|125|114|170|264|3N|E|7|S5
5|17|58|176|1|22|3N|E|7|D7
5|17|285|230|136|137|3N|E|7|D7
5|17|194|261|189|182|3N|E|7|D7
5|17|181|234|124|120|1N|W|7|DT
5|17|74|19|186|284|3N|E|6|DQ
5|17|57|93|15|279|2SX|S|5|D9
5|17|28|141|255|236|3N|E|5|D7
5|18|37|25|131|178|1N|E|7|D5
5|18|139|8|277|239|2H|S|7|CK
5|18|125|114|170|264|2H|N|9|CK
5|18|58|176|1|22|1N|E|5|S3
5|18|285|230|136|137|1N|E|4|S3
5|18|194|261|189|182|1S|S|7|C6
5|18|181|234|124|120|1H|N|9|CK
5|18|74|19|186|284|1N|E|6|D5
5|18|57|93|15|279|1N|E|5|S3
5|18|28|141|255|236|1N|E|6|S3
5|19|37|25|131|178|4S|S|10|DK
5|19|139|8|277|239|4S|S|10|DK
5|19|125|114|170|264|4S|S|10|DK
5|19|58|176|1|22|4S|S|10|C3
5|19|285|230|136|137|4S|S|10|DK
5|19|194|261|189|182|4S|S|10|DK
5|19|181|234|124|120|4S|S|10|C4
5|19|74|19|186|284|4S|S|10|DK
5|19|57|93|15|279|4S|S|10|DQ
5|19|28|141|255|236|4S|S|10|DK
5|2|8|34|239|143|4H|E|11|SK
5|2|25|37|178|131|4H|E|10|C5
5|2|125|7|170|122|4H|W|9|CK
5|2|58|152|1|39|4H|E|10|SK
5|2|285|23|136|230|3H|E|9|C5
5|2|194|261|189|182|4H|E|10|C5
5|2|19|74|284|186|4H|W|10|CK
5|2|234|181|120|124|4S|W|9|CK
5|2|57|289|15|30|4H|E|10|C6
5|2|28|141|255|236|1N|E|9|D2
5|20|37|25|131|178|3N|E|9|H3
5|20|139|8|277|239|4S|E|10|S7
5|20|125|114|170|264|4S|E|11|D5
5|20|58|176|1|22|4S|E|10|S6
5|20|285|230|136|137|4S|E|10|SA
5|20|194|261|189|182|4S|W|10|S8
5|20|181|234|124|120|5S|E|11|C7
5|20|74|19|186|284|4S|E|11|S6
5|20|57|93|15|279|4S|W|10|S3
5|20|28|141|255|236|4S|E|10|S6
5|21|37|25|131|178|1N|W|6|SQ
5|21|139|8|277|239|1NX|W|6|C2
5|21|125|114|170|264|1NX|W|5|SK
5|21|58|176|1|22|1N|N|9|D4
5|21|285|230|136|137|1N|W|7|H7
5|21|194|261|189|182|2D|E|6|HA
5|21|181|234|124|120|1NX|S|8|S3
5|21|74|19|186|284|2D|E|6|HA
5|21|57|93|15|279|2H|S|8|CA
5|21|28|141|255|236|2N|S|8|S3
5|22|37|25|131|178|2S|W|8|HQ
5|22|139|8|277|239|4SX|W|10|HK
5|22|125|114|170|264|3S|W|10|HK
5|22|58|176|1|22|3S|W|10|HK
5|22|285|230|136|137|2H|N|9|C9
5|22|194|261|189|182|4H|N|8|C9
5|22|181|234|124|120|4S|W|8|HK
5|22|74|19|186|284|3S|W|9|HK
5|22|57|93|15|279|3N|S|8|C3
5|22|28|141|255|236|4S|W|9|HK
5|23|37|25|131|178|4H|S|12|H2
5|23|139|8|277|239|6H|N|12|CA
5|23|125|114|170|264|4H|N|11|CA
5|23|58|176|1|22|6H|S|11|CT
5|23|285|230|136|137|6H|S|12|ST
5|23|194|261|189|182|6H|N|12|CA
5|23|181|234|124|120|4H|N|11|DT
5|23|74|19|186|284|3N|S|10|D4
5|23|57|93|15|279|4H|N|11|DT
5|23|28|141|255|236|4H|S|12|H2
5|24|37|25|131|178|6N|S|11|D8
5|24|139|8|277|239|6H|S|11|D4
5|24|125|114|170|264|6S|S|12|D8
5|24|58|176|1|22|4S|N|10|C3
5|24|285|230|136|137|4S|S|12|D2
5|24|194|261|189|182|4S|N|10|C7
5|24|181|234|124|120|6N|S|9|D2
5|24|74|19|186|284|4H|S|10|S5
5|24|57|93|15|279|4H|S|10|S5
5|24|28|141|255|236|6H|N|9|S6
5|25|37|25|131|178|4SX|N|7|HA
5|25|139|8|277|239|3N|E|10|S3
5|25|125|114|170|264|3N|E|10|S2
5|25|58|176|1|22|3SX|N|7|HA
5|25|285|230|136|137|3N|E|10|S4
5|25|194|261|189|182|3N|E|10|ST
5|25|181|234|124|120|3N|E|9|ST
5|25|74|19|186|284|3N|E|9|S2
5|25|57|93|15|279|4SX|N|6|HA
5|25|28|141|255|236|4SX|N|6|H9
5|26|37|25|131|178|2H|W|10|CT
5|26|139|8|277|239|2H|W|10|CT
5|26|125|114|170|264|2CX|N|7|H5
5|26|58|176|1|22|3N|E|9|C3
5|26|285|230|136|137|2N|E|9|CA
5|26|194|261|189|182|1H|S|3|DA
5|26|181|234|124|120|2D|W|10|CT
5|26|74|19|186|284|4H|W|9|CT
5|26|57|93|15|279|1NX|S|6|HQ
5|26|28|141|255|236|2S|E|10|HA
5|27|37|25|131|178|4S|S|10|H2
5|27|139|8|277|239|4S|S|11|D8
5|27|125|114|170|264|4S|S|10|H2
5|27|58|176|1|22|4S|S|10|C4
5|27|285|230|136|137|4S|S|10|D4
5|27|194|261|189|182|4S|S|10|H5
5|27|181|234|124|120|5S|S|11|H5
5|27|74|19|186|284|4S|S|11|D4
5|27|57|93|15|279|4S|S|10|D9
5|27|28|141|255|236|4S|S|10|H3
5|28|37|25|131|178|2N|W|9|SK
5|28|139|8|277|239|3S|N|8|C5
5|28|125|114|170|264|2H|W|8|SK
5|28|58|176|1|22|2S|N|9|C5
5|28|285|230|136|137|3S|N|9|C7
5|28|194|261|189|182|3N|W|9|SK
5|28|181|234|124|120|2H|W|9|SK
5|28|74|19|186|284|2S|N|10|C7
5|28|57|93|15|279|4HX|E|9|S4
5|28|28|141|255|236|6HX|E|9|DA
5|29|37|25|131|178|3H|S|9|DA
5|29|139|8|277|239|4H|S|10|DK
5|29|125|114|170|264|4H|S|10|DK
5|29|58|176|1|22|5CX|E|8|HA
5|29|285|230|136|137|3H|S|10|DA
5|29|194|261|189|182|4H|S|10|DK
5|29|181|234|124|120|4H|S|10|DA
5|29|74|19|186|284|4H|S|10|DK
5|29|57|93|15|279|4S|S|10|DK
5|29|28|141|255|236|4H|S|10|DA
5|3|8|34|239|143|3N|S|7|S9
5|3|25|37|178|131|5D|S|9|S9
5|3|125|7|170|122|3D|N|9|SA
5|3|58|152|1|39|2N|N|7|SK
5|3|285|23|136|230|3N|S|8|S9
5|3|194|261|189|182|3N|S|7|S9
5|3|19|74|284|186|3N|S|9|HA
5|3|234|181|120|124|4D|S|10|S9
5|3|57|289|15|30|3D|S|10|S8
5|3|28|141|255|236|2D|N|9|SK
5|30|37|25|131|178|4S|N|11|CQ
5|30|139|8|277|239|4S|N|11|CQ
5|30|125|114|170|264|5S|N|11|CQ
5|30|58|176|1|22|4S|N|11|CQ
5|30|285|230|136|137|5HX|E|8|CA
5|30|194|261|189|182|5H|E|9|CA
5|30|181|234|124|120|5S|N|11|HA
5|30|74|19|186|284|4S|N|11|CQ
5|30|57|93|15|279|5S|N|11|CQ
5|30|28|141|255|236|5HX|E|8|CA
5|31|37|25|131|178|4S|W|8|C2
5|31|139|8|277|239|4S|W|8|DJ
5|31|125|114|170|264|2S|W|8|C2
5|31|58|176|1|22|2H|N|7|CA
5|31|285|230|136|137|3HX|N|9|CA
5|31|194|261|189|182|4S|W|8|DJ
5|31|181|234|124|120|2S|W|8|C2
5|31|74|19|186|284|4S|W|7|C2
5|31|57|93|15|279|4S|W|7|C2
5|31|28|141|255|236|2S|W|8|C2
5|32|37|25|131|178|2H|S|9|DQ
5|32|139|8|277|239|3D|N|6|C3
5|32|125|114|170|264|1H|S|10|CK
5|32|58|176|1|22|3H|N|8|C3
5|32|285|230|136|137|4H|S|9|S4
5|32|194|261|189|182|3H|S|9|CK
5|32|181|234|124|120|3N|E|8|SK
5|32|74|19|186|284|2N|W|8|D3
5|32|57|93|15|279|3H|N|8|CK
5|32|28|141|255|236|3H|S|9|CK
5|4|8|34|239|143|2S|N|8|DA
5|4|25|37|178|131|2S|N|7|DA
5|4|125|7|170|122|2S|N|7|DA
5|4|58|152|1|39|2S|N|7|DA
5|4|285|23|136|230|2S|N|8|DA
5|4|194|261|189|182|2S|N|7|DK
5|4|19|74|284|186|3S|N|6|DA
5|4|234|181|120|124|2S|N|8|DA
5|4|57|289|15|30|2S|N|8|DA
5|4|28|141|255|236|1N|N|7|D6
5|5|8|34|239|143|6N|W|13|CQ
5|5|25|37|178|131|6N|E|12|CT
5|5|125|7|170|122|3N|E|12|CT
5|5|58|152|1|39|5H|E|12|H2
5|5|285|23|136|230|6N|W|12|CQ
5|5|194|261|189|182|3N|E|13|DJ
5|5|19|74|284|186|3N|E|13|D3
5|5|234|181|120|124|6N|W|12|CQ
5|5|57|289|15|30|6N|W|13|SQ
5|5|28|141|255|236|4N|E|13|CT
5|6|8|34|239|143|1HX|E|5|S5
5|6|25|37|178|131|4S|N|11|C2
5|6|125|7|170|122|4S|N|11|SJ
5|6|58|152|1|39|4S|N|10|DA
5|6|285|23|136|230|3S|N|9|SJ
5|6|194|261|189|182|4S|N|10|S6
5|6|19|74|284|186|2S|N|10|H8
5|6|234|181|120|124|2DX|W|7|SA
5|6|57|289|15|30|1S|N|12|CA
5|6|28|141|255|236|2S|N|11|SJ
5|7|8|34|239|143|3N|S|8|ST
5|7|25|37|178|131|1N|S|8|ST
5|7|125|7|170|122|3N|S|8|ST
5|7|58|152|1|39|1N|S|8|S9
5|7|285|23|136|230|2N|S|8|ST
5|7|194|261|189|182|1N|S|8|ST
5|7|19|74|284|186|3N|S|7|ST
5|7|234|181|120|124|3N|S|7|ST
5|7|57|289|15|30|3N|S|8|ST
5|7|28|141|255|236|3N|S|8|ST
5|8|8|34|239|143|4S|W|11|HQ
5|8|25|37|178|131|4S|W|11|HQ
5|8|125|7|170|122|4S|E|11|CJ
5|8|58|152|1|39|4S|E|11|CJ
5|8|285|23|136|230|1N|E|8|H2
5|8|194|261|189|182|4S|W|11|HQ
5|8|19|74|284|186|4S|W|10|HQ
5|8|234|181|120|124|4S|W|10|S4
5|8|57|289|15|30|3N|E|8|H4
5|8|28|141|255|236|4S|W|8|HQ
5|9|8|34|239|143|4H|N|11|SJ
5|9|25|37|178|131|3N|N|9|S2
5|9|125|7|170|122|4H|N|11|S5
5|9|58|152|1|39|4H|N|10|D4
5|9|285|23|136|230|5H|S|11|C9
5|9|194|261|189|182|6H|N|10|SJ
5|9|19|74|284|186|6H|N|10|SJ
5|9|234|181|120|124|4H|N|11|D9
5|9|57|289|15|30|4H|N|10|SJ
5|9|28|141|255|236|4H|S|11|C6
6|1|58|37|1|131|4S|N|8|CT
6|1|8|114|239|264|4S|S|8|CK
6|1|189|152|137|39|5HX|E|11|SK
6|1|176|230|22|194|4S|S|10|S9
6|1|93|261|279|182|5S|N|10|HA
6|1|68|289|286|30|4S|N|9|CT
6|1|234|34|120|143|5H|E|11|SK
6|1|139|74|277|186|4S|S|8|CK
6|1|57|181|15|124|4S|S|8|CK
6|1|19|141|284|236|4S|S|8|CK
6|10|58|37|1|131|1N|N|7|S4
6|10|8|114|239|264|2N|N|7|S4
6|10|189|152|137|39|1N|N|7|S5
6|10|176|230|22|194|2N|N|7|S5
6|10|93|261|279|182|2N|N|7|S5
6|10|68|289|286|30|2N|N|8|S5
6|10|234|34|120|143|2N|S|9|C8
6|10|139|74|277|186|2S|E|7|CK
6|10|57|181|15|124|2N|S|7|SA
6|10|19|141|284|236|2S|E|7|CK
6|11|58|37|1|131|4SX|E|9|D7
6|11|8|114|239|264|4C|W|8|D6
6|11|189|152|137|39|3S|E|8|CA
6|11|176|230|22|194|3D|S|10|S5
6|11|93|261|279|182|4S|E|8|CA
6|11|68|289|286|30|4C|W|7|D7
6|11|234|34|120|143|3S|E|9|S8
6|11|139|74|277|186|3D|S|9|H9
6|11|57|181|15|124|2D|S|9|H9
6|11|19|141|284|236|3N|N|7|CQ
6|12|58|37|1|131|4H|E|10|C5
6|12|8|114|239|264|2H|E|10|C2
6|12|189|152|137|39|4H|E|10|C5
6|12|176|230|22|194|4H|W|10|CA
6|12|93|261|279|182|4H|W|11|CA
6|12|68|289|286|30|4H|E|10|C5
6|12|234|34|120|143|4H|W|11|CA
6|12|139|74|277|186|4H|W|10|CK
6|12|57|181|15|124|4H|W|10|H7
6|12|19|141|284|236|4H|W|10|CA
6|13|58|37|1|131|6S|S|12|HQ
6|13|8|114|239|264|6S|S|12|HQ
6|13|189|152|137|39|3N|S|10|HQ
6|13|176|230|22|194|4S|S|12|HQ
6|13|93|261|279|182|6S|S|12|HQ
6|13|68|289|286|30|3N|S|10|H2
6|13|234|34|120|143|6S|S|11|C3
6|13|139|74|277|186|6S|S|12|HQ
6|13|57|181|15|124|6D|N|11|C2
6|13|19|141|284|236|4S|S|11|HQ
6|14|58|37|1|131|3N|W|6|HQ
6|14|8|114|239|264|1N|E|6|H2
6|14|189|152|137|39|2C|E|8|HA
6|14|176|230|22|194|3H|S|9|C4
6|14|93|261|279|182|2D|E|8|ST
6|14|68|289|286|30|3H|S|7|C2
6|14|234|34|120|143|1N|E|6|ST
6|14|139|74|277|186|2N|W|6|HQ
6|14|57|181|15|124|2H|S|8|C4
6|14|19|141|284|236|2C|E|8|ST
6|15|58|37|1|131|5H|S|10|ST
6|15|8|114|239|264|4H|S|11|SA
6|15|189|152|137|39|5DX|E|7|HA
6|15|176|230|22|194|4H|S|11|C2
6|15|93|261|279|182|4SX|W|8|HQ
6|15|68|289|286|30|4S|W|8|HQ
6|15|234|34|120|143|4H|S|11|SA
6|15|139|74|277|186|4H|S|11|SA
6|15|57|181|15|124|4H|N|10|SA
6|15|19|141|284|236|4H|S|11|SA
6|16|58|37|1|131|1N|E|9|S2
6|16|8|114|239|264|3D|E|8|C3
6|16|189|152|137|39|2S|N|7|H7
6|16|176|230|22|194|2N|E|8|S4
6|16|93|261|279|182|3N|E|8|S2
6|16|68|289|286|30|2N|E|9|S5
6|16|234|34|120|143|3N|W|8|SJ
6|16|139|74|277|186|2N|E|8|S3
6|16|57|181|15|124|2N|W|8|S8
6|16|19|141|284|236|2N|E|8|S2
6|17|58|37|1|131|3S|S|5|HA
6|17|8|7|239|122|2S|S|4|HA
6|17|194|176|189|22|3S|S|9|S2
6|17|125|23|170|137|3C|E|8|SA
6|17|28|285|255|136|2S|S|4|HA
6|17|68|93|286|279|3D|N|6|HK
6|17|74|34|186|143|2S|S|5|C8
6|17|25|234|178|120|4DX|N|5|HK
6|17|57|181|15|124|3N|S|6|HA
6|17|19|141|284|236|3S|S|7|C2
6|18|58|37|1|131|6N|N|12|D9
6|18|8|7|239|122|6H|S|12|H2
6|18|194|176|189|22|6H|S|12|S4
6|18|125|23|170|137|6H|S|12|CA
6|18|28|285|255|136|6H|S|12|CA
6|18|68|93|286|279|6H|S|12|S7
6|18|74|34|186|143|6H|S|12|H3
6|18|25|234|178|120|6H|S|12|C3
6|18|57|181|15|124|6H|S|12|H9
6|18|19|141|284|236|6H|S|12|S9
6|19|58|37|1|131|3N|W|7|H2
6|19|8|7|239|122|5C|W|7|H3
6|19|194|176|189|22|3N|W|7|S5
6|19|125|23|170|137|2N|E|6|H3
6|19|28|285|255|136|3N|W|7|H2
6|19|68|93|286|279|3N|W|7|H2
6|19|74|34|186|143|3N|W|8|S4
6|19|25|234|178|120|3N|W|7|H3
6|19|57|181|15|124|3N|W|7|H2
6|19|19|141|284|236|5D|W|10|HK
6|2|58|37|1|131|6H|S|13|ST
6|2|8|114|239|264|6H|S|13|ST
6|2|189|152|137|39|6H|S|12|C9
6|2|176|230|22|194|6H|S|12|C5
6|2|93|261|279|182|7CX|W|8|DK
6|2|68|289|286|30|7HX|S|12|C5
6|2|234|34|120|143|6H|S|13|D4
6|2|139|74|277|186|4H|S|12|C2
6|2|57|181|15|124|6H|S|12|CT
6|2|19|141|284|236|6H|N|12|CK
6|20|58|37|1|131|3N|W|8|HK
6|20|8|7|239|122|3N|W|7|HQ
6|20|194|176|189|22|2S|E|12|HJ
6|20|125|23|170|137|2S|E|8|HJ
6|20|28|285|255|136|2S|E|9|HJ
6|20|68|93|286|279|3N|W|7|H3
6|20|74|34|186|143|4S|E|10|HJ
6|20|25|234|178|120|4S|E|10|HJ
6|20|57|181|15|124|4H|E|10|HJ
6|20|19|141|284|236|3N|W|8|H8
6|21|58|37|1|131|1N|N|9|D9
6|21|8|7|239|122|1N|N|8|D9
6|21|194|176|189|22|1N|S|7|HT
6|21|125|23|170|137|1N|N|7|H6
6|21|28|285|255|136|1N|N|7|H6
6|21|68|93|286|279|P||0
6|21|74|34|186|143|1N|N|7|H8
6|21|25|234|178|120|1N|N|8|C4
6|21|57|181|15|124|2S|S|7|H4
6|21|19|141|284|236|1N|N|6|H8
6|22|58|37|1|131|4S|N|10|DA
6|22|8|7|239|122|4S|N|10|C3
6|22|194|176|189|22|4S|N|9|H9
6|22|125|23|170|137|4S|N|9|H9
6|22|28|285|255|136|4S|N|8|H9
6|22|68|93|286|279|4S|S|10|D3
6|22|74|34|186|143|4S|N|10|C3
6|22|25|234|178|120|4S|N|9|H7
6|22|57|181|15|124|4S|N|9|H7
6|22|19|141|284|236|3N|S|8|ST
6|23|58|37|1|131|3H|N|8|SA
6|23|8|7|239|122|2S|E|9|HJ
6|23|194|176|189|22|3H|N|8|D7
6|23|125|23|170|137|3H|S|8|S3
6|23|28|285|255|136|2H|S|8|S3
6|23|68|93|286|279|2H|S|8|DA
6|23|74|34|186|143|2H|S|8|S3
6|23|25|234|178|120|3H|N|8|D5
6|23|57|181|15|124|1NX|W|9|HK
6|23|19|141|284|236|2H|N|8|C3
6|24|58|37|1|131|3N|S|10|SJ
6|24|8|7|239|122|2H|N|8|H3
6|24|194|176|189|22|3N|S|7|SJ
6|24|125|23|170|137|2H|N|9|D7
6|24|28|285|255|136|3N|S|6|ST
6|24|68|93|286|279|4H|S|9|H2
6|24|74|34|186|143|3N|S|9|D5
6|24|25|234|178|120|2H|N|10|S5
6|24|57|181|15|124|2N|S|9|D4
6|24|19|141|284|236|3N|S|8|SJ
6|25|58|37|1|131|1H|W|9|S6
6|25|8|7|239|122|1H|W|9|C6
6|25|194|176|189|22|3N|W|8|S6
6|25|125|23|170|137|1H|W|8|C6
6|25|28|285|255|136|1H|E|9|C6
6|25|68|93|286|279|1NX|S|6|SK
6|25|74|34|186|143|3N|E|8|C3
6|25|25|234|178|120|1H|W|9|S7
6|25|57|181|15|124|1H|W|9|S6
6|25|19|141|284|236|1H|W|10|S6
6|26|58|37|1|131|6D|W|13|S7
6|26|8|7|239|122|6D|W|12|HA
6|26|194|176|189|22|6D|W|12|HA
6|26|125|23|170|137|6D|W|13|S7
6|26|28|285|255|136|5D|W|13|S4
6|26|68|93|286|279|5D|W|13|S2
6|26|74|34|186|143|6D|W|12|HA
6|26|25|234|178|120|6D|W|12|HA
6|26|57|181|15|124|5D|W|13|CT
6|26|19|141|284|236|5D|W|13|S2
6|27|58|37|1|131|3S|E|7|HA
6|27|8|7|239|122|4H|S|10|C4
6|27|194|176|189|22|3H|N|9|C6
6|27|125|23|170|137|2S|E|7|HK
6|27|28|285|255|136|3H|S|10|C8
6|27|68|93|286|279|4HX|S|9|S5
6|27|74|34|186|143|3H|S|10|SJ
6|27|25|234|178|120|2S|E|8|HA
6|27|57|181|15|124|3H|S|9|SJ
6|27|19|141|284|236|2S|E|7|D2
6|28|58|37|1|131|3N|N|11|S6
6|28|8|7|239|122|4H|S|11|S4
6|28|194|176|189|22|5H|S|11|D7
6|28|125|23|170|137|3N|N|10|S5
6|28|28|285|255|136|3N|N|10|D6
6|28|68|93|286|279|3N|N|10|S8
6|28|74|34|186|143|3N|S|10|S4
6|28|25|234|178|120|4H|S|11|S2
6|28|57|181|15|124|3N|S|11|S4
6|28|19|141|284|236|4H|S|11|S2
6|29|58|37|1|131|3N|W|12|S7
6|29|8|7|239|122|2H|N|7|CJ
6|29|194|176|189|22|4D|E|11|S8
6|29|125|23|170|137|3D|E|11|S8
6|29|28|285|255|136|3D|E|11|S8
6|29|68|93|286|279|5D|E|11|S5
6|29|74|34|186|143|3D|E|11|S8
6|29|25|234|178|120|3N|W|9|H4
6|29|57|181|15|124|2H|W|8|H4
6|29|19|141|284|236|4D|E|11|S2
6|3|58|37|1|131|4HX|W|11|HK
6|3|8|114|239|264|3H|W|10|HK
6|3|189|152|137|39|3H|W|10|D4
6|3|176|230|22|194|4H|E|10|DA
6|3|93|261|279|182|1N|S|7|CK
6|3|68|289|286|30|3H|W|10|D2
6|3|234|34|120|143|3H|W|10|D4
6|3|139|74|277|186|1N|N|7|S3
6|3|57|181|15|124|1N|N|8|S4
6|3|19|141|284|236|2H|E|10|DK
6|30|58|37|1|131|3D|S|9|CA
6|30|8|7|239|122|3H|S|7|D5
6|30|194|176|189|22|3D|N|9|S3
6|30|125|23|170|137|3D|S|9|CA
6|30|28|285|255|136|3C|E|9|DA
6|30|68|93|286|279|3D|S|9|CA
6|30|74|34|186|143|3S|E|8|DA
6|30|25|234|178|120|3C|W|8|DJ
6|30|57|181|15|124|4SX|E|7|DK
6|30|19|141|284|236|2D|S|9|CA
6|31|58|37|1|131|4H|W|10|C8
6|31|8|7|239|122|4H|W|10|D4
6|31|194|176|189|22|4H|W|11|DA
6|31|125|23|170|137|4H|W|9|H3
6|31|28|285|255|136|4H|W|9|C2
6|31|68|93|286|279|4H|W|10|DA
6|31|74|34|186|143|4H|W|11|DA
6|31|25|234|178|120|4H|W|11|S3
6|31|57|181|15|124|4H|W|10|DA
6|31|19|141|284|236|2DX|S|4|HA
6|32|58|37|1|131|3H|E|8|C7
6|32|8|7|239|122|4H|E|8|S5
6|32|194|176|189|22|4H|E|8|S3
6|32|125|23|170|137|3H|E|8|S2
6|32|28|285|255|136|2H|E|8|C3
6|32|68|93|286|279|3H|E|8|C5
6|32|74|34|186|143|3H|E|8|C5
6|32|25|234|178|120|4H|E|8|S5
6|32|57|181|15|124|1N|N|7|CA
6|32|19|141|284|236|4H|E|8|H4
6|4|58|37|1|131|4S|N|10|DJ
6|4|8|114|239|264|5S|N|10|HA
6|4|189|152|137|39|4S|N|11|C4
6|4|176|230|22|194|4S|N|10|DJ
6|4|93|261|279|182|4S|N|10|C3
6|4|68|289|286|30|6S|N|10|HA
6|4|234|34|120|143|4S|N|11|C4
6|4|139|74|277|186|4S|N|10|S7
6|4|57|181|15|124|4S|N|10|DJ
6|4|19|141|284|236|4S|N|10|C3
6|5|58|37|1|131|2H|E|7|H6
6|5|8|114|239|264|2S|N|8|SA
6|5|189|152|137|39|2H|E|8|D5
6|5|176|230|22|194|2S|N|8|SA
6|5|93|261|279|182|2S|N|10|DQ
6|5|68|289|286|30|3C|S|10|D2
6|5|234|34|120|143|1N|N|8|DQ
6|5|139|74|277|186|1N|N|8|C4
6|5|57|181|15|124|2C|N|9|DQ
6|5|19|141|284|236|1N|N|8|DQ
6|6|58|37|1|131|2N|W|7|H5
6|6|8|114|239|264|1NX|S|6|C6
6|6|189|152|137|39|2H|S|7|C2
6|6|176|230|22|194|2H|S|9|C2
6|6|93|261|279|182|2H|S|8|SK
6|6|68|289|286|30|2H|S|9|C2
6|6|234|34|120|143|2H|N|7|S5
6|6|139|74|277|186|2H|N|8|S8
6|6|57|181|15|124|2H|S|8|C2
6|6|19|141|284|236|1N|S|6|C2
6|7|58|37|1|131|2S|S|8|HA
6|7|8|114|239|264|2S|S|8|HA
6|7|189|152|137|39|3S|S|7|HA
6|7|176|230|22|194|2S|S|8|HA
6|7|93|261|279|182|2S|S|8|DJ
6|7|68|289|286|30|2S|S|8|S4
6|7|234|34|120|143|2S|S|8|DJ
6|7|139|74|277|186|2S|S|9|HA
6|7|57|181|15|124|2S|S|8|HA
6|7|19|141|284|236|3S|N|8|HA
6|8|58|37|1|131|1N|E|9|H3
6|8|8|114|239|264|2S|W|8|H7
6|8|189|152|137|39|1D|N|5|HA
6|8|176|230|22|194|2H|S|9|CK
6|8|93|261|279|182|2N|E|8|C5
6|8|68|289|286|30|2S|E|9|D6
6|8|234|34|120|143|2H|S|10|CK
6|8|139|74|277|186|2H|N|9|S4
6|8|57|181|15|124|2H|N|8|DT
6|8|19|141|284|236|1D|N|5|HA
6|9|58|37|1|131|1N|S|7|HQ
6|9|8|114|239|264|1N|S|6|HQ
6|9|189|152|137|39|1N|S|8|H2
6|9|176|230|22|194|1N|S|7|H2
6|9|93|261|279|182|1N|S|8|H2
6|9|68|289|286|30|1N|S|7|DJ
6|9|234|34|120|143|1N|N|6|C4
6|9|139|74|277|186|1N|N|5|C4
6|9|57|181|15|124|1N|N|6|C3
6|9|19|141|284|236|1N|S|7|H2
7|1|8|230|239|194|4S|N|10|H7
7|1|189|37|150|131|4S|N|8|H7
7|1|125|285|170|136|3N|S|11|HA
7|1|68|152|286|39|4S|N|10|H7
7|1|58|234|1|120|4S|N|8|H6
7|1|74|299|186|264|4S|N|8|H7
7|1|139|141|277|236|4S|N|9|D9
7|1|57|34|15|143|4S|N|8|H7
7|1|56|289|183|30|3N|S|9|HK
7|1|28|181|255|124|4S|N|8|H3
7|10|8|230|239|194|1D|E|7|SQ
7|10|189|37|150|131|1N|E|6|H4
7|10|125|285|170|136|2S|E|7|HJ
7|10|68|152|286|39|1N|E|6|H4
7|10|58|234|1|120|1N|E|6|H4
7|10|74|299|186|264|1N|E|6|H2
7|10|139|141|277|236|3H|N|8|C9
7|10|57|34|15|143|1N|W|6|H4
7|10|56|289|183|30|1N|E|6|HJ
7|10|28|181|255|124|4H|S|8|D2
7|11|8|230|239|194|3N|S|8|C3
7|11|189|37|150|131|3H|N|9|DK
7|11|125|285|170|136|4H|N|8|S4
7|11|68|152|286|39|3H|N|9|S5
7|11|58|234|1|120|3H|N|8|DA
7|11|74|299|186|264|4H|S|9|H5
7|11|139|141|277|236|4H|N|9|S2
7|11|57|34|15|143|2H|N|8|S4
7|11|56|289|183|30|4H|N|9|DK
7|11|28|181|255|124|3H|N|9|DK
7|12|8|230|239|194|2H|N|9|DQ
7|12|189|37|150|131|4H|S|9|S7
7|12|125|285|170|136|2H|N|9|DQ
7|12|68|152|286|39|4H|S|9|D3
7|12|58|234|1|120|4H|S|9|C5
7|12|74|299|186|264|4H|N|9|DQ
7|12|139|141|277|236|4H|S|9|H7
7|12|57|34|15|143|2S|W|7|S3
7|12|56|289|183|30|4H|S|9|D9
7|12|28|181|255|124|4H|N|9|DQ
7|13|8|230|239|194|3H|E|8|CK
7|13|189|37|150|131|3H|W|9|CK
7|13|125|285|170|136|2D|S|7|S5
7|13|68|152|286|39|4H|W|10|CK
7|13|58|234|1|120|2D|S|5|S5
7|13|74|299|186|264|2D|S|7|S5
7|13|139|141|277|236|3C|N|6|H4
7|13|57|34|15|143|2H|W|10|ST
7|13|56|289|183|30|3H|W|9|CK
7|13|28|181|255|124|3HX|W|8|CK
7|14|8|230|239|194|3C|N|9|DK
7|14|189|37|150|131|2S|W|7|HA
7|14|125|285|170|136|1N|E|5|H7
7|14|68|152|286|39|2S|W|7|HA
7|14|58|234|1|120|2S|W|7|HA
7|14|74|299|186|264|1S|W|7|H3
7|14|139|141|277|236|3C|S|9|SK
7|14|57|34|15|143|2S|W|8|S5
7|14|56|289|183|30|2S|W|9|D7
7|14|28|181|255|124|3C|S|9|SK
7|15|8|230|239|194|4H|W|11|CQ
7|15|189|37|150|131|5H|W|13|S4
7|15|125|285|170|136|4H|W|12|CK
7|15|68|152|286|39|4H|W|12|CQ
7|15|58|234|1|120|4H|W|12|D7
7|15|74|299|186|264|4H|W|12|D7
7|15|139|141|277|236|6H|W|13|S4
7|15|57|34|15|143|4H|W|12|D7
7|15|56|289|183|30|6H|W|12|D7
7|15|28|181|255|124|4H|W|12|CK
7|16|8|230|239|194|1N|W|6|C6
7|16|189|37|150|131|2N|W|7|C6
7|16|125|285|170|136|1N|W|5|C6
7|16|68|152|286|39|2D|W|7|HQ
7|16|58|234|1|120|1N|W|8|C6
7|16|74|299|186|264|2H|E|6|SQ
7|16|139|141|277|236|1N|E|8|HT
7|16|57|34|15|143|1N|W|6|C6
7|16|56|289|183|30|3C|N|8|D8
7|16|28|181|255|124|1N|W|6|C6
7|17|37|230|131|194|3D|E|9|S5
7|17|189|8|150|239|1N|W|7|H2
7|17|176|261|22|182|2S|S|8|S4
7|17|68|152|286|39|3S|N|7|DK
7|17|7|234|122|120|3N|W|9|S9
7|17|74|299|186|264|3SX|S|9|HA
7|17|25|141|178|236|3S|N|7|DK
7|17|57|34|15|143|2S|S|7|S3
7|17|56|289|183|30|3D|W|10|C6
7|17|93|181|279|124|4C|E|10|S2
7|18|37|230|131|194|4S|W|11|S2
7|18|189|8|150|239|4S|W|11|D5
7|18|176|261|22|182|4S|W|11|D5
7|18|68|152|286|39|4S|W|11|D3
7|18|7|234|122|120|4S|W|11|D3
7|18|74|299|186|264|4S|W|11|D5
7|18|25|141|178|236|4S|W|11|D5
7|18|57|34|15|143|4S|W|11|D3
7|18|56|289|183|30|4S|W|11|D5
7|18|93|181|279|124|4S|W|11|S6
7|19|37|230|131|194|3N|W|8|S2
7|19|189|8|150|239|3N|W|9|S4
7|19|176|261|22|182|3N|E|9|S6
7|19|68|152|286|39|3N|W|9|S4
7|19|7|234|122|120|1H|W|9|CT
7|19|74|299|186|264|3N|E|10|HT
7|19|25|141|178|236|3N|W|8|S4
7|19|57|34|15|143|1N|E|9|S5
7|19|56|289|183|30|2N|E|7|D9
7|19|93|181|279|124|3N|W|8|S4
7|2|8|230|239|194|4S|N|12|CQ
7|2|189|37|150|131|6S|N|12|CQ
7|2|125|285|170|136|4S|S|11|D5
7|2|68|152|286|39|6N|S|12|DA
7|2|58|234|1|120|4S|S|12|H7
7|2|74|299|186|264|6C|S|10|DA
7|2|139|141|277|236|6S|S|12|DA
7|2|57|34|15|143|6S|S|12|DA
7|2|56|289|183|30|6S|S|12|DA
7|2|28|181|255|124|4S|S|12|C9
7|20|37|230|131|194|4S|N|10|CT
7|20|189|8|150|239|4S|N|10|C9
7|20|176|261|22|182|4S|N|10|C6
7|20|68|152|286|39|4S|N|9|C9
7|20|7|234|122|120|4S|N|10|D8
7|20|74|299|186|264|4S|N|11|S2
7|20|25|141|178|236|4S|N|11|H2
7|20|57|34|15|143|2S|N|11|CT
7|20|56|289|183|30|4S|S|10|DK
7|20|93|181|279|124|4S|N|11|C6
7|21|37|230|131|194|3N|N|9|S5
7|21|189|8|150|239|2S|W|7|HQ
7|21|176|261|22|182|3N|N|10|S2
7|21|68|152|286|39|4H|S|10|DT
7|21|7|234|122|120|3N|N|10|S2
7|21|74|299|186|264|3N|N|10|D6
7|21|25|141|178|236|3N|N|8|CQ
7|21|57|34|15|143|2D|S|7|DT
7|21|56|289|183|30|3N|N|10|S2
7|21|93|181|279|124|3N|N|11|CK
7|22|37|230|131|194|5HX|E|6|DA
7|22|189|8|150|239|4SX|N|7|HA
7|22|176|261|22|182|2H|E|7|C7
7|22|68|152|286|39|3S|N|7|HA
7|22|7|234|122|120|3SX|S|9|HJ
7|22|74|299|186|264|3SX|N|9|C2
7|22|25|141|178|236|3S|N|7|HA
7|22|57|34|15|143|3N|W|8|S6
7|22|56|289|183|30|3SX|N|8|C3
7|22|93|181|279|124|3S|N|8|C3
7|23|37|230|131|194|2DX|E|2|D6
7|23|189|8|150|239|4H|N|12|D4
7|23|176|261|22|182|6H|S|12|DJ
7|23|68|152|286|39|4H|S|12|DJ
7|23|7|234|122|120|4H|N|12|SJ
7|23|74|299|186|264|6H|S|12|DJ
7|23|25|141|178|236|4H|N|12|SJ
7|23|57|34|15|143|4H|N|12|SJ
7|23|56|289|183|30|6H|N|12|SJ
7|23|93|181|279|124|4H|S|12|DJ
7|24|37|230|131|194|3NX|W|9|H7
7|24|189|8|150|239|5D|W|9|S3
7|24|176|261|22|182|3N|E|9|CT
7|24|68|152|286|39|3N|E|10|HT
7|24|7|234|122|120|2N|W|9|C7
7|24|74|299|186|264|5DX|W|9|H7
7|24|25|141|178|236|4D|W|9|H7
7|24|57|34|15|143|3N|W|9|C7
7|24|56|289|183|30|4D|W|9|S5
7|24|93|181|279|124|3N|W|8|S3
7|25|37|230|131|194|2N|E|9|CJ
7|25|189|8|150|239|3N|E|11|CJ
7|25|176|261|22|182|3N|E|9|CJ
7|25|68|152|286|39|3N|E|10|HJ
7|25|7|234|122|120|3N|W|10|S5
7|25|74|299|186|264|3N|E|9|HJ
7|25|25|141|178|236|3N|E|9|CT
7|25|57|34|15|143|2N|E|8|CJ
7|25|56|289|183|30|3N|W|9|S7
7|25|93|181|279|124|3N|E|11|CJ
7|26|37|230|131|194|3N|W|9|S2
7|26|189|8|150|239|3N|W|9|C3
7|26|176|261|22|182|3N|W|9|S2
7|26|68|152|286|39|2N|W|9|S6
7|26|7|234|122|120|3N|E|10|HT
7|26|74|299|186|264|3N|W|8|C4
7|26|25|141|178|236|3N|W|10|C3
7|26|57|34|15|143|3N|W|10|H5
7|26|56|289|183|30|3N|W|9|H2
7|26|93|181|279|124|3N|W|10|H5
7|27|37|230|131|194|3S|W|8|CA
7|27|189|8|150|239|1N|W|8|H2
7|27|176|261|22|182|3S|E|8|H8
7|27|68|152|286|39|3S|W|8|CA
7|27|7|234|122|120|3S|E|8|H7
7|27|74|299|186|264|3N|W|8|D4
7|27|25|141|178|236|3S|E|8|S5
7|27|57|34|15|143|2S|E|9|H7
7|27|56|289|183|30|3S|W|8|CK
7|27|93|181|279|124|3S|E|8|CA
7|28|37|230|131|194|5D|W|8|HK
7|28|189|8|150|239|4S|W|9|HA
7|28|176|261|22|182|5SX|E|10|CA
7|28|68|152|286|39|5S|W|9|HT
7|28|7|234|122|120|5HX|N|11|DT
7|28|74|299|186|264|4SX|W|9|HT
7|28|25|141|178|236|4S|E|9|HT
7|28|57|34|15|143|5S|E|9|HT
7|28|56|289|183|30|5HX|N|10|DT
7|28|93|181|279|124|4H|N|11|DT
7|29|37|230|131|194|2H|N|9|SJ
7|29|189|8|150|239|1N|W|6|H4
7|29|176|261|22|182|2S|W|8|S6
7|29|68|152|286|39|2H|N|8|SJ
7|29|7|234|122|120|1H|N|8|SJ
7|29|74|299|186|264|1S|E|8|C5
7|29|25|141|178|236|2H|N|8|H2
7|29|57|34|15|143|1N|W|8|H4
7|29|56|289|183|30|1H|N|9|SJ
7|29|93|181|279|124|1N|W|6|H4
7|3|8|230|239|194|4S|W|12|C7
7|3|189|37|150|131|6D|W|12|H2
7|3|125|285|170|136|6D|E|12|HK
7|3|68|152|286|39|6S|W|13|D4
7|3|58|234|1|120|6C|E|8|C2
7|3|74|299|186|264|6D|W|13|H5
7|3|139|141|277|236|3N|E|13|HQ
7|3|57|34|15|143|6S|W|12|S3
7|3|56|289|183|30|4S|W|13|H9
7|3|28|181|255|124|3N|E|12|H3
7|30|37|230|131|194|4D|W|9|HJ
7|30|189|8|150|239|3C|N|10|DK
7|30|176|261|22|182|2S|W|8|CA
7|30|68|152|286|39|5HX|S|9|DA
7|30|7|234|122|120|3C|N|9|S4
7|30|74|299|186|264|5D|E|11|H3
7|30|25|141|178|236|3D|E|11|C2
7|30|57|34|15|143|5D|E|11|SK
7|30|56|289|183|30|5D|E|11|C2
7|30|93|181|279|124|4D|W|11|CK
7|31|37|230|131|194|6N|S|11|SJ
7|31|189|8|150|239|3N|S|11|D4
7|31|176|261|22|182|3N|S|11|SJ
7|31|68|152|286|39|4N|S|11|S5
7|31|7|234|122|120|6N|S|11|SJ
7|31|74|299|186|264|4SX|E|7|CA
7|31|25|141|178|236|3N|S|11|SJ
7|31|57|34|15|143|3N|S|11|SJ
7|31|56|289|183|30|6D|N|10|ST
7|31|93|181|279|124|3N|S|11|D4
7|32|37|230|131|194|3N|N|12|HQ
7|32|189|8|150|239|3N|N|11|H8
7|32|176|261|22|182|3N|N|12|HQ
7|32|68|152|286|39|4N|S|11|H7
7|32|7|234|122|120|3N|N|12|HQ
7|32|74|299|186|264|3N|S|12|S5
7|32|25|141|178|236|3N|N|12|HQ
7|32|57|34|15|143|3N|N|11|HQ
7|32|56|289|183|30|3N|S|11|H3
7|32|93|181|279|124|3N|N|12|HQ
7|4|8|230|239|194|4S|W|11|H4
7|4|189|37|150|131|4S|W|12|H4
7|4|125|285|170|136|3N|E|11|H2
7|4|68|152|286|39|4S|W|12|H3
7|4|58|234|1|120|3N|E|7|D3
7|4|74|299|186|264|4S|W|12|H4
7|4|139|141|277|236|4S|W|11|H4
7|4|57|34|15|143|4S|W|12|S2
7|4|56|289|183|30|4S|W|12|H4
7|4|28|181|255|124|4S|W|12|H4
7|5|8|230|239|194|4H|N|9|CA
7|5|189|37|150|131|5HX|N|9|C8
7|5|125|285|170|136|3N|N|10|C7
7|5|68|152|286|39|4H|S|9|C6
7|5|58|234|1|120|6HX|S|9|S9
7|5|74|299|186|264|4H|N|8|D8
7|5|139|141|277|236|3N|N|10|HT
7|5|57|34|15|143|4S|N|9|ST
7|5|56|289|183|30|3N|N|11|CA
7|5|28|181|255|124|4H|N|9|CA
7|6|8|230|239|194|3N|W|9|CQ
7|6|189|37|150|131|3N|W|8|CQ
7|6|125|285|170|136|3N|W|8|SQ
7|6|68|152|286|39|3N|W|9|D6
7|6|58|234|1|120|3N|W|8|D7
7|6|74|299|186|264|3N|W|9|CQ
7|6|139|141|277|236|3N|E|10|S2
7|6|57|34|15|143|3N|E|10|C6
7|6|56|289|183|30|3N|W|9|SQ
7|6|28|181|255|124|3N|W|7|D6
7|7|8|230|239|194|3CX|N|6|H4
7|7|189|37|150|131|2S|S|7|D5
7|7|125|285|170|136|2S|S|7|D4
7|7|68|152|286|39|3C|N|6|D5
7|7|58|234|1|120|2C|N|7|H4
7|7|74|299|186|264|2H|S|8|D4
7|7|139|141|277|236|2C|N|7|H8
7|7|57|34|15|143|2S|S|6|D6
7|7|56|289|183|30|2D|W|7|ST
7|7|28|181|255|124|2C|N|6|H3
7|8|8|230|239|194|3S|E|10|C6
7|8|189|37|150|131|4S|E|10|D2
7|8|125|285|170|136|2S|E|10|C2
7|8|68|152|286|39|5S|E|10|SA
7|8|58|234|1|120|4S|E|11|HA
7|8|74|299|186|264|4S|E|10|C6
7|8|139|141|277|236|4S|E|11|HA
7|8|57|34|15|143|4H|W|10|HA
7|8|56|289|183|30|5HX|S|10|SQ
7|8|28|181|255|124|4S|E|11|HA
7|9|8|230|239|194|4S|N|9|S8
7|9|189|37|150|131|4S|N|9|S4
7|9|125|285|170|136|4S|N|9|S6
7|9|68|152|286|39|4S|N|9|S5
7|9|58|234|1|120|4S|N|8|S2
7|9|74|299|186|264|4S|N|10|S2
7|9|139|141|277|236|5S|N|10|S2
7|9|57|34|15|143|4S|N|9|S2
7|9|56|289|183|30|4S|N|9|S4
7|9|28|181|255|124|4S|N|10|S2
8|1|285|37|136|131|6C|E|12|HK
8|1|8|261|239|182|5C|E|11|HK
8|1|93|152|279|39|5C|E|11|HK
8|1|125|289|170|30|3N|E|9|HK
8|1|74|230|186|137|5C|E|11|HK
8|1|189|234|150|120|3N|E|9|HK
8|1|57|58|15|1|3N|E|9|HK
8|1|7|141|122|236|2D|E|11|HK
8|1|56|139|183|277|3N|E|9|HK
8|1|25|181|178|124|5C|E|11|SQ
8|10|285|37|136|131|5CX|W|9|S6
8|10|8|261|239|182|5CX|W|9|S6
8|10|93|152|279|39|5CX|W|9|S2
8|10|125|289|170|30|5CX|W|9|S7
8|10|74|230|186|137|4S|S|9|CA
8|10|189|234|150|120|5S|S|9|CA
8|10|57|58|15|1|5CX|W|9|S2
8|10|7|141|122|236|4S|S|9|CA
8|10|56|139|183|277|3N|E|7|DA
8|10|25|181|178|124|5S|S|10|CA
8|11|285|37|136|131|4H|W|8|SQ
8|11|8|261|239|182|2H|E|7|CK
8|11|93|152|279|39|2H|E|7|CK
8|11|125|289|170|30|4H|E|7|CK
8|11|74|230|186|137|2H|E|8|CK
8|11|189|234|150|120|4H|E|7|CK
8|11|57|58|15|1|3S|N|7|HA
8|11|7|141|122|236|2S|N|9|HK
8|11|56|139|183|277|3H|E|8|CK
8|11|25|181|178|124|4H|W|7|SQ
8|12|285|37|136|131|3C|W|8|DT
8|12|8|261|239|182|3C|E|8|DT
8|12|93|152|279|39|3C|W|8|D4
8|12|125|289|170|30|3C|E|8|DT
8|12|74|230|186|137|2S|N|6|H9
8|12|189|234|150|120|3C|E|8|DT
8|12|57|58|15|1|1N|E|7|S9
8|12|7|141|122|236|3C|E|8|DT
8|12|56|139|183|277|3C|E|8|DT
8|12|25|181|178|124|5CX|W|8|H7
8|13|285|37|136|131|4H|E|7|CA
8|13|8|261|239|182|3H|W|8|D6
8|13|93|152|279|39|2S|N|7|SQ
8|13|125|289|170|30|3C|S|9|H5
8|13|74|230|186|137|3C|N|9|CJ
8|13|189|234|150|120|2S|N|6|CJ
8|13|57|58|15|1|2S|N|8|CJ
8|13|7|141|122|236|3C|S|7|H5
8|13|56|139|183|277|4H|W|10|D6
8|13|25|181|178|124|3H|W|10|D6
8|14|285|37|136|131|1S|W|8|D2
8|14|8|261|239|182|3D|S|10|SK
8|14|93|152|279|39|1H|W|7|D9
8|14|125|289|170|30|3N|N|8|H3
8|14|74|230|186|137|2N|S|8|SK
8|14|189|234|150|120|2S|E|8|H6
8|14|57|58|15|1|2H|W|6|D9
8|14|7|141|122|236|2H|W|7|D9
8|14|56|139|183|277|2N|N|9|H3
8|14|25|181|178|124|3C|S|9|HA
8|15|285|37|136|131|4H|W|12|S2
8|15|8|261|239|182|4H|W|12|D7
8|15|93|152|279|39|4H|W|12|S4
8|15|125|289|170|30|4H|W|11|D6
8|15|74|230|186|137|4H|W|11|D7
8|15|189|234|150|120|4H|E|12|SQ
8|15|57|58|15|1|4H|W|12|S4
8|15|7|141|122|236|4H|W|10|D6
8|15|56|139|183|277|4H|W|12|D7
8|15|25|181|178|124|4H|W|12|S2
8|16|285|37|136|131|5DX|S|7|HA
8|16|8|261|239|182|4H|W|11|CT
8|16|93|152|279|39|5S|W|13|CT
8|16|125|289|170|30|4H|W|12|CT
8|16|74|230|186|137|4S|E|12|DJ
8|16|189|234|150|120|6S|W|12|DJ
8|16|57|58|15|1|4S|E|11|DJ
8|16|7|141|122|236|4H|W|13|SJ
8|16|56|139|183|277|5S|E|12|DJ
8|16|25|181|178|124|5DX|N|8|SA
8|17|261|37|182|131|2H|N|8|SA
8|17|8|285|239|136|3D|W|10|H2
8|17|28|176|255|22|4H|N|8|CA
8|17|125|93|170|279|2H|N|8|CA
8|17|74|230|186|194|2H|S|8|C6
8|17|189|234|137|120|3D|W|10|CK
8|17|57|58|15|1|2H|N|9|D4
8|17|7|141|122|236|2H|N|8|SA
8|17|56|139|183|277|4H|S|8|DT
8|17|34|181|143|124|2H|N|8|D6
8|18|261|37|182|131|5D|W|11|ST
8|18|8|285|239|136|3N|E|10|CT
8|18|28|176|255|22|3N|E|10|HQ
8|18|125|93|170|279|3D|W|10|S9
8|18|74|230|186|194|3N|E|10|CT
8|18|189|234|137|120|3N|E|8|SJ
8|18|57|58|15|1|3D|W|11|S7
8|18|7|141|122|236|3N|E|10|CT
8|18|56|139|183|277|3D|E|11|S4
8|18|34|181|143|124|6D|W|10|C8
8|19|261|37|182|131|2S|S|10|CQ
8|19|8|285|239|136|3S|S|8|CQ
8|19|28|176|255|22|3N|W|7|S6
8|19|125|93|170|279|2S|S|10|CQ
8|19|74|230|186|194|4C|E|10|ST
8|19|189|234|137|120|1N|W|7|D6
8|19|57|58|15|1|4SX|S|10|CQ
8|19|7|141|122|236|2S|S|9|CQ
8|19|56|139|183|277|3N|W|7|S6
8|19|34|181|143|124|2S|S|8|CQ
8|2|285|37|136|131|3S|N|9|HA
8|2|8|261|239|182|3S|N|9|HK
8|2|93|152|279|39|3S|N|9|HA
8|2|125|289|170|30|2N|E|6|S4
8|2|74|230|186|137|3S|N|9|HA
8|2|189|234|150|120|2S|N|8|HA
8|2|57|58|15|1|4SX|N|9|HA
8|2|7|141|122|236|2N|W|6|SA
8|2|56|139|183|277|3S|N|9|HA
8|2|25|181|178|124|2S|N|8|HA
8|20|261|37|182|131|3D|N|8|HQ
8|20|8|285|239|136|3D|N|8|HQ
8|20|28|176|255|22|3D|N|7|HQ
8|20|125|93|170|279|3D|N|9|HQ
8|20|74|230|186|194|3N|N|7|HQ
8|20|189|234|137|120|3D|N|8|HQ
8|20|57|58|15|1|3D|N|10|HQ
8|20|7|141|122|236|3D|N|8|HQ
8|20|56|139|183|277|3D|N|10|HQ
8|20|34|181|143|124|1N|S|7|H5
8|21|261|37|182|131|3H|W|6|D4
8|21|8|285|239|136|2D|N|6|SJ
8|21|28|176|255|22|2C|W|7|HK
8|21|125|93|170|279|2C|W|9|HK
8|21|74|230|186|194|3NX|E|8|H7
8|21|189|234|137|120|2S|E|9|DT
8|21|57|58|15|1|2N|W|9|HK
8|21|7|141|122|236|4H|E|8|DT
8|21|56|139|183|277|3DX|N|6|SJ
8|21|34|181|143|124|2C|N|5|DA
8|22|261|37|182|131|2SX|S|7|H3
8|22|8|285|239|136|3D|E|10|CK
8|22|28|176|255|22|3N|W|9|SJ
8|22|125|93|170|279|3N|W|8|SJ
8|22|74|230|186|194|3D|E|10|CK
8|22|189|234|137|120|3D|E|9|SA
8|22|57|58|15|1|3N|W|7|SJ
8|22|7|141|122|236|3N|W|10|SJ
8|22|56|139|183|277|3N|W|10|SJ
8|22|34|181|143|124|3D|E|10|H4
8|23|261|37|182|131|4S|S|11|CA
8|23|8|285|239|136|3N|N|9|HT
8|23|28|176|255|22|4S|S|11|H3
8|23|125|93|170|279|4S|S|11|D2
8|23|74|230|186|194|4S|S|12|D8
8|23|189|234|137|120|4S|S|10|D2
8|23|57|58|15|1|4S|S|11|H9
8|23|7|141|122|236|4S|S|10|H9
8|23|56|139|183|277|4S|S|11|D8
8|23|34|181|143|124|4S|S|12|D8
8|24|261|37|182|131|3S|W|10|CT
8|24|8|285|239|136|4S|E|10|HT
8|24|28|176|255|22|4S|E|9|HT
8|24|125|93|170|279|2S|E|10|D3
8|24|74|230|186|194|4S|E|9|D3
8|24|189|234|137|120|4S|W|10|CT
8|24|57|58|15|1|4S|E|9|HT
8|24|7|141|122|236|2S|E|10|D2
8|24|56|139|183|277|4S|E|10|D3
8|24|34|181|143|124|4S|E|10|CA
8|25|261|37|182|131|2H|S|9|H3
8|25|8|285|239|136|2S|S|9|DJ
8|25|28|176|255|22|2H|S|9|D3
8|25|125|93|170|279|1N|W|8|H5
8|25|74|230|186|194|3H|S|9|DJ
8|25|189|234|137|120|4S|S|8|S9
8|25|57|58|15|1|2H|N|9|H5
8|25|7|141|122|236|1N|W|7|H4
8|25|56|139|183|277|1S|S|9|S9
8|25|34|181|143|124|2H|N|9|C6
8|26|261|37|182|131|2H|W|8|H2
8|26|8|285|239|136|2H|W|10|DQ
8|26|28|176|255|22|2H|E|9|C2
8|26|125|93|170|279|3H|W|8|DQ
8|26|74|230|186|194|3H|W|9|DQ
8|26|189|234|137|120|3H|W|9|DQ
8|26|57|58|15|1|3H|W|9|HA
8|26|7|141|122|236|1N|E|5|C5
8|26|56|139|183|277|1N|E|4|C2
8|26|34|181|143|124|3H|W|9|DQ
8|27|261|37|182|131|2H|W|7|D9
8|27|8|285|239|136|2S|N|8|H4
8|27|28|176|255|22|3D|S|8|S3
8|27|125|93|170|279|3D|S|7|S7
8|27|74|230|186|194|3S|N|8|DJ
8|27|189|234|137|120|2H|W|9|D9
8|27|57|58|15|1|2H|W|9|D7
8|27|7|141|122|236|2H|W|8|D7
8|27|56|139|183|277|1N|S|6|C4
8|27|34|181|143|124|4S|N|8|H4
8|28|261|37|182|131|2H|W|8|DT
8|28|8|285|239|136|3S|E|8|HQ
8|28|28|176|255|22|4S|E|8|HQ
8|28|125|93|170|279|1S|W|8|HK
8|28|74|230|186|194|3S|E|8|C7
8|28|189|234|137|120|1N|W|7|D3
8|28|57|58|15|1|3S|E|8|C6
8|28|7|141|122|236|3S|E|9|HQ
8|28|56|139|183|277|1N|W|8|DT
8|28|34|181|143|124|4S|E|8|HQ
8|29|261|37|182|131|4H|N|12|C2
8|29|8|285|239|136|6H|N|12|C2
8|29|28|176|255|22|6H|N|12|C2
8|29|125|93|170|279|4H|N|12|D5
8|29|74|230|186|194|4H|N|12|HT
8|29|189|234|137|120|6H|N|12|SK
8|29|57|58|15|1|4H|N|12|DT
8|29|7|141|122|236|6H|N|12|HT
8|29|56|139|183|277|4H|N|12|S3
8|29|34|181|143|124|4H|N|12|C4
8|3|285|37|136|131|3N|S|11|D5
8|3|8|261|239|182|3N|S|11|D5
8|3|93|152|279|39|3N|S|12|H9
8|3|125|289|170|30|3N|S|11|S7
8|3|74|230|186|137|3N|S|11|S7
8|3|189|234|150|120|3N|S|11|H2
8|3|57|58|15|1|2SX|E|4|SK
8|3|7|141|122|236|3N|S|12|H9
8|3|56|139|183|277|3N|N|12|D4
8|3|25|181|178|124|3N|S|11|H9
8|30|261|37|182|131|4S|W|10|ST
8|30|8|285|239|136|4S|W|10|H5
8|30|28|176|255|22|3S|W|10|H5
8|30|125|93|170|279|4S|E|10|H4
8|30|74|230|186|194|4S|E|10|H6
8|30|189|234|137|120|4S|W|10|H3
8|30|57|58|15|1|4S|E|10|H4
8|30|7|141|122|236|4S|E|10|D7
8|30|56|139|183|277|4S|E|9|H5
8|30|34|181|143|124|4S|E|10|H3
8|31|261|37|182|131|3C|N|10|S7
8|31|8|285|239|136|5C|S|9|H7
8|31|28|176|255|22|5CX|S|9|C2
8|31|125|93|170|279|2D|W|9|S5
8|31|74|230|186|194|3C|S|9|H7
8|31|189|234|137|120|3C|S|9|H3
8|31|57|58|15|1|3N|S|7|H3
8|31|7|141|122|236|3C|S|10|H3
8|31|56|139|183|277|4SX|E|9|C6
8|31|34|181|143|124|3H|E|8|CA
8|32|261|37|182|131|3N|N|7|D4
8|32|8|285|239|136|2S|W|5|H7
8|32|28|176|255|22|1N|N|9|C2
8|32|125|93|170|279|3C|N|8|HK
8|32|74|230|186|194|2C|N|9|HA
8|32|189|234|137|120|3N|S|10|H6
8|32|57|58|15|1|2D|S|6|C7
8|32|7|141|122|236|1N|N|9|C3
8|32|56|139|183|277|3N|S|9|H6
8|32|34|181|143|124|3N|S|9|C7
8|4|285|37|136|131|3N|E|9|H3
8|4|8|261|239|182|3N|E|10|H3
8|4|93|152|279|39|3N|E|9|H3
8|4|125|289|170|30|3N|E|9|H3
8|4|74|230|186|137|3N|E|8|H7
8|4|189|234|150|120|3N|E|9|H3
8|4|57|58|15|1|3N|E|10|H3
8|4|7|141|122|236|3N|E|10|H3
8|4|56|139|183|277|3N|E|10|C3
8|4|25|181|178|124|3N|E|10|H3
8|5|285|37|136|131|2H|E|6|CA
8|5|8|261|239|182|3D|E|8|HQ
8|5|93|152|279|39|2H|E|7|D7
8|5|125|289|170|30|2H|E|7|HJ
8|5|74|230|186|137|2H|E|6|HQ
8|5|189|234|150|120|2D|E|9|D5
8|5|57|58|15|1|2S|S|7|C2
8|5|7|141|122|236|3D|E|8|CA
8|5|56|139|183|277|3C|S|9|H7
8|5|25|181|178|124|3C|S|9|H7
8|6|285|37|136|131|4H|S|11|DQ
8|6|8|261|239|182|4H|S|12|DK
8|6|93|152|279|39|3N|N|11|CA
8|6|125|289|170|30|3N|N|11|S6
8|6|74|230|186|137|4H|S|11|DK
8|6|189|234|150|120|4H|S|10|C2
8|6|57|58|15|1|4H|S|11|DK
8|6|7|141|122|236|4H|S|11|ST
8|6|56|139|183|277|4H|S|12|DK
8|6|25|181|178|124|4H|S|10|C8
8|7|285|37|136|131|6S|E|12|CA
8|7|8|261|239|182|6S|E|13|D2
8|7|93|152|279|39|5H|E|10|D3
8|7|125|289|170|30|4H|E|13|D3
8|7|74|230|186|137|5DX|S|9|HQ
8|7|189|234|150|120|4S|W|11|CQ
8|7|57|58|15|1|4S|W|11|CQ
8|7|7|141|122|236|4H|E|13|D3
8|7|56|139|183|277|5S|E|11|CQ
8|7|25|181|178|124|4H|E|13|D2
8|8|285|37|136|131|1N|W|10|DA
8|8|8|261|239|182|1N|E|9|S4
8|8|93|152|279|39|1N|E|10|DA
8|8|125|289|170|30|1N|E|8|S4
8|8|74|230|186|137|1N|W|7|SJ
8|8|189|234|150|120|1N|E|9|S4
8|8|57|58|15|1|1N|W|10|S2
8|8|7|141|122|236|2S|N|7|DQ
8|8|56|139|183|277|1N|E|9|DA
8|8|25|181|178|124|1S|N|8|DQ
8|9|285|37|136|131|2H|W|9|S4
8|9|8|261|239|182|2D|N|7|C7
8|9|93|152|279|39|1N|N|6|S5
8|9|125|289|170|30|2H|W|8|S4
8|9|74|230|186|137|1N|N|6|S5
8|9|189|234|150|120|1N|N|6|S2
8|9|57|58|15|1|2H|W|8|D2
8|9|7|141|122|236|1N|N|6|S5
8|9|56|139|183|277|2H|W|8|S4
8|9|25|181|178|124|2H|W|8|HK
9|1|8|152|239|39|3N|N|10|H6
9|1|176|37|22|131|3N|N|10|S3
9|1|68|234|286|120|3N|N|12|H6
9|1|74|261|186|182|3N|N|11|H6
9|1|189|57|137|15|3N|N|12|D6
9|1|141|194|236|150|3N|N|10|H6
9|1|58|181|1|124|3N|N|11|D5
9|1|56|299|183|264|3N|N|11|H6
9|1|34|289|143|30|3N|N|11|D6
9|1|28|25|255|178|5CX|N|9|H3
9|10|8|152|239|39|4H|W|10|CJ
9|10|176|37|22|131|4H|W|9|CJ
9|10|68|234|286|120|4H|W|10|SQ
9|10|74|261|186|182|4H|W|9|SK
9|10|189|57|137|15|4H|W|9|CJ
9|10|141|194|236|150|2S|N|5|H5
9|10|58|181|1|124|4H|W|9|SK
9|10|56|299|183|264|2SX|N|5|H5
9|10|34|289|143|30|4H|W|10|SK
9|10|28|25|255|178|4H|W|9|SK
9|11|8|152|239|39|2C|W|9|HQ
9|11|176|37|22|131|3NX|E|7|D4
9|11|68|234|286|120|1N|N|6|H2
9|11|74|261|186|182|1NX|N|6|H2
9|11|189|57|137|15|2C|W|9|HK
9|11|141|194|236|150|2C|W|9|D9
9|11|58|181|1|124|1N|N|7|H6
9|11|56|299|183|264|1N|E|8|D4
9|11|34|289|143|30|1N|E|9|S6
9|11|28|25|255|178|1N|E|9|CJ
9|12|8|152|239|39|3N|N|7|CQ
9|12|176|37|22|131|2N|S|8|H5
9|12|68|234|286|120|3N|N|7|CQ
9|12|74|261|186|182|3N|S|8|H2
9|12|189|57|137|15|2N|S|6|SQ
9|12|141|194|236|150|2N|S|8|H2
9|12|58|181|1|124|2N|S|8|SQ
9|12|56|299|183|264|3N|S|8|H5
9|12|34|289|143|30|3N|N|8|CQ
9|12|28|25|255|178|3N|N|7|CQ
9|13|8|152|239|39|4H|E|11|SJ
9|13|176|37|22|131|3H|E|11|SJ
9|13|68|234|286|120|2S|N|7|D3
9|13|74|261|186|182|4H|E|11|SJ
9|13|189|57|137|15|4H|E|11|SJ
9|13|141|194|236|150|4H|E|11|SJ
9|13|58|181|1|124|2H|E|11|SJ
9|13|56|299|183|264|3H|E|11|SJ
9|13|34|289|143|30|3H|E|11|SJ
9|13|28|25|255|178|4H|W|11|SK
9|14|8|152|239|39|3N|N|9|SJ
9|14|176|37|22|131|3N|S|10|SQ
9|14|68|234|286|120|3N|S|12|D4
9|14|74|261|186|182|3N|S|10|D4
9|14|189|57|137|15|3N|S|11|D4
9|14|141|194|236|150|5C|S|11|C3
9|14|58|181|1|124|3N|N|10|S5
9|14|56|299|183|264|3N|S|9|SQ
9|14|34|289|143|30|3N|S|10|H2
9|14|28|25|255|178|2D|N|9|S3
9|15|8|152|239|39|3H|N|8|DT
9|15|176|37|22|131|3N|W|7|DA
9|15|68|234|286|120|4SX|S|7|C7
9|15|74|261|186|182|2H|S|9|D4
9|15|189|57|137|15|3N|W|9|DA
9|15|141|194|236|150|2N|W|7|DK
9|15|58|181|1|124|2H|S|8|SK
9|15|56|299|183|264|2SX|S|8|C2
9|15|34|289|143|30|3C|E|9|H4
9|15|28|25|255|178|2H|S|8|D2
9|16|8|152|239|39|4H|S|10|CQ
9|16|176|37|22|131|2H|S|8|CQ
9|16|68|234|286|120|4H|S|8|CQ
9|16|74|261|186|182|3H|S|10|CQ
9|16|189|57|137|15|4C|E|8|D9
9|16|141|194|236|150|3H|N|9|CQ
9|16|58|181|1|124|2H|S|8|CQ
9|16|56|299|183|264|4H|S|10|CQ
9|16|34|289|143|30|4H|S|11|CQ
9|16|28|25|255|178|4H|S|10|CQ
9|17|37|176|131|22|3N|S|10|SK
9|17|125|8|170|239|3SX|W|8|D5
9|17|285|234|136|120|4SX|W|7|D5
9|17|74|68|186|286|4D|S|10|SK
9|17|189|57|137|15|3N|N|8|SJ
9|17|141|230|236|194|3N|N|10|SJ
9|17|7|181|122|124|3D|S|10|SK
9|17|56|299|183|264|5D|S|10|SK
9|17|139|93|277|279|3S|W|8|D5
9|17|28|25|255|178|3SX|E|8|D2
9|18|37|176|131|22|3N|N|9|HJ
9|18|125|8|170|239|3D|S|9|CA
9|18|285|234|136|120|3N|S|9|H2
9|18|74|68|186|286|1N|N|10|S6
9|18|189|57|137|15|3N|N|9|HJ
9|18|141|230|236|194|3N|S|10|CA
9|18|7|181|122|124|3N|N|10|C3
9|18|56|299|183|264|3N|S|10|H5
9|18|139|93|277|279|3N|N|9|HJ
9|18|28|25|255|178|3N|N|7|HJ
9|19|37|176|131|22|3N|E|10|D2
9|19|125|8|170|239|3N|E|11|D2
9|19|285|234|136|120|3N|E|10|D2
9|19|74|68|186|286|3N|W|10|H6
9|19|189|57|137|15|3N|E|10|D2
9|19|141|230|236|194|3N|W|9|DT
9|19|7|181|122|124|1N|W|7|H3
9|19|56|299|183|264|3N|E|10|C4
9|19|139|93|277|279|3N|E|9|HJ
9|19|28|25|255|178|3N|E|10|H8
9|2|8|152|239|39|3N|W|11|S4
9|2|176|37|22|131|3N|E|9|HJ
9|2|68|234|286|120|3N|W|6|H4
9|2|74|261|186|182|3N|E|10|HJ
9|2|189|57|137|15|3N|E|10|HJ
9|2|141|194|236|150|3N|E|9|S8
9|2|58|181|1|124|3N|E|10|HJ
9|2|56|299|183|264|3N|W|9|S7
9|2|34|289|143|30|3N|W|9|S4
9|2|28|25|255|178|3N|E|9|H3
9|20|37|176|131|22|3S|E|9|DQ
9|20|125|8|170|239|3C|N|9|SA
9|20|285|234|136|120|3S|E|11|DK
9|20|74|68|186|286|4H|E|9|DK
9|20|189|57|137|15|3S|E|10|DK
9|20|141|230|236|194|3S|E|10|DK
9|20|7|181|122|124|3S|E|11|H4
9|20|56|299|183|264|2C|N|8|DA
9|20|139|93|277|279|4H|W|8|S9
9|20|28|25|255|178|4H|E|10|DK
9|21|37|176|131|22|3D|N|9|D2
9|21|125|8|170|239|3S|W|8|H2
9|21|285|234|136|120|3H|S|8|D5
9|21|74|68|186|286|2S|E|7|DT
9|21|189|57|137|15|3H|S|9|C2
9|21|141|230|236|194|2H|N|9|H3
9|21|7|181|122|124|2S|E|9|DT
9|21|56|299|183|264|2H|S|8|C6
9|21|139|93|277|279|2H|S|9|C2
9|21|28|25|255|178|2H|S|9|S2
9|22|37|176|131|22|4H|S|8|S2
9|22|125|8|170|239|3N|N|5|D5
9|22|285|234|136|120|4H|S|9|S3
9|22|74|68|186|286|3N|N|8|D2
9|22|189|57|137|15|4H|S|10|DQ
9|22|141|230|236|194|3N|N|6|D6
9|22|7|181|122|124|4H|S|10|S5
9|22|56|299|183|264|4H|S|10|DQ
9|22|139|93|277|279|3C|N|9|DA
9|22|28|25|255|178|4H|S|10|DQ
9|23|37|176|131|22|4H|N|11|C2
9|23|125|8|170|239|4H|N|10|SK
9|23|285|234|136|120|4H|N|11|C5
9|23|74|68|186|286|4H|N|11|C5
9|23|189|57|137|15|4H|S|11|C2
9|23|141|230|236|194|4H|N|11|CJ
9|23|7|181|122|124|4H|S|10|C2
9|23|56|299|183|264|4H|N|11|CJ
9|23|139|93|277|279|4H|N|11|CJ
9|23|28|25|255|178|4H|S|10|S3
9|24|37|176|131|22|2H|W|8|DQ
9|24|125|8|170|239|2H|W|8|DQ
9|24|285|234|136|120|2D|N|8|DA
9|24|74|68|186|286|2N|N|6|SJ
9|24|189|57|137|15|3D|N|8|H5
9|24|141|230|236|194|2S|N|6|H4
9|24|7|181|122|124|2N|N|7|SJ
9|24|56|299|183|264|2D|N|8|DA
9|24|139|93|277|279|1N|N|6|SJ
9|24|28|25|255|178|2N|N|7|H5
9|25|37|176|131|22|4H|W|10|D4
9|25|125|8|170|239|6HX|W|10|S9
9|25|285|234|136|120|4H|E|11|D4
9|25|74|68|186|286|4H|E|10|S3
9|25|189|57|137|15|4H|W|11|D7
9|25|141|230|236|194|4H|W|11|C7
9|25|7|181|122|124|4H|E|11|H8
9|25|56|299|183|264|4H|W|10|S2
9|25|139|93|277|279|4SX|N|7|DJ
9|25|28|25|255|178|4H|W|10|S2
9|26|37|176|131|22|3N|N|7|HA
9|26|125|8|170|239|1N|E|7|C7
9|26|285|234|136|120|2S|E|5|DK
9|26|74|68|186|286|2S|E|5|DK
9|26|189|57|137|15|3NX|N|9|HK
9|26|141|230|236|194|2S|E|6|DK
9|26|7|181|122|124|2S|E|6|DK
9|26|56|299|183|264|3C|S|7|DA
9|26|139|93|277|279|2S|E|6|DK
9|26|28|25|255|178|2S|E|5|DK
9|27|37|176|131|22|4S|E|10|H8
9|27|125|8|170|239|4S|E|10|H8
9|27|285|234|136|120|4S|E|11|CQ
9|27|74|68|186|286|4S|W|10|DA
9|27|189|57|137|15|4S|E|10|CQ
9|27|141|230|236|194|3S|E|10|H4
9|27|7|181|122|124|3S|E|10|DJ
9|27|56|299|183|264|3N|E|8|CQ
9|27|139|93|277|279|4S|E|10|H8
9|27|28|25|255|178|4S|E|10|H8
9|28|37|176|131|22|3N|S|10|H8
9|28|125|8|170|239|3N|S|12|H8
9|28|285|234|136|120|3C|S|10|SK
9|28|74|68|186|286|1NX|W|3|SJ
9|28|189|57|137|15|3N|S|11|H8
9|28|141|230|236|194|3N|N|10|C8
9|28|7|181|122|124|3N|S|10|H8
9|28|56|299|183|264|3N|S|10|DJ
9|28|139|93|277|279|4H|N|9|S4
9|28|28|25|255|178|3N|S|10|H8
9|29|37|176|131|22|3N|E|9|C2
9|29|125|8|170|239|3N|E|8|D9
9|29|285|234|136|120|3N|E|9|C2
9|29|74|68|186|286|3N|E|8|C6
9|29|189|57|137|15|3N|W|7|ST
9|29|141|230|236|194|3N|E|8|D9
9|29|7|181|122|124|3N|E|10|C2
9|29|56|299|183|264|3N|E|10|S7
9|29|139|93|277|279|3N|E|9|D9
9|29|28|25|255|178|3N|E|9|C2
9|3|8|152|239|39|4S|S|9|HK
9|3|176|37|22|131|4S|S|8|HK
9|3|68|234|286|120|3S|S|9|S5
9|3|74|261|186|182|4S|N|8|H7
9|3|189|57|137|15|4S|S|9|S4
9|3|141|194|236|150|2S|N|9|H2
9|3|58|181|1|124|4S|N|10|H7
9|3|56|299|183|264|2N|S|6|HK
9|3|34|289|143|30|4S|S|10|CA
9|3|28|25|255|178|2HX|W|8|C2
9|30|37|176|131|22|4H|S|10|S4
9|30|125|8|170|239|4H|N|10|CQ
9|30|285|234|136|120|4S|S|10|CA
9|30|74|68|186|286|4H|N|10|CQ
9|30|189|57|137|15|4H|N|10|DT
9|30|141|230|236|194|4H|N|10|CK
9|30|7|181|122|124|4H|N|10|CK
9|30|56|299|183|264|4H|N|10|DT
9|30|139|93|277|279|4H|N|10|DT
9|30|28|25|255|178|2H|N|10|D3
9|31|37|176|131|22|3N|E|7|S7
9|31|125|8|170|239|3N|E|6|H3
9|31|285|234|136|120|3N|E|6|D9
9|31|74|68|186|286|3N|W|6|SQ
9|31|189|57|137|15|5C|W|9|SQ
9|31|141|230|236|194|3N|W|6|SQ
9|31|7|181|122|124|5C|W|9|SQ
9|31|56|299|183|264|3N|E|7|S7
9|31|139|93|277|279|3N|E|7|S8
9|31|28|25|255|178|3N|W|7|SQ
9|32|37|176|131|22|3C|W|13|H6
9|32|125|8|170|239|3N|W|11|D2
9|32|285|234|136|120|3N|E|9|HJ
9|32|74|68|186|286|2D|W|8|H6
9|32|189|57|137|15|3N|E|9|HJ
9|32|141|230|236|194|3N|E|9|HJ
9|32|7|181|122|124|2C|W|10|D3
9|32|56|299|183|264|3N|E|9|DK
9|32|139|93|277|279|3N|E|9|HJ
9|32|28|25|255|178|3N|E|9|HJ
9|4|8|152|239|39|2C|W|9|S7
9|4|176|37|22|131|3HX|N|7|C6
9|4|68|234|286|120|2D|E|10|H4
9|4|74|261|186|182|3C|W|9|S7
9|4|189|57|137|15|2C|W|8|S7
9|4|141|194|236|150|2C|W|9|C4
9|4|58|181|1|124|1S|S|6|HT
9|4|56|299|183|264|2S|S|5|HT
9|4|34|289|143|30|3C|W|9|D2
9|4|28|25|255|178|1S|S|5|D3
9|5|8|152|239|39|6N|N|12|C9
9|5|176|37|22|131|6N|N|12|DT
9|5|68|234|286|120|6N|S|12|S2
9|5|74|261|186|182|6N|N|12|C9
9|5|189|57|137|15|3N|N|12|DT
9|5|141|194|236|150|3N|N|13|H6
9|5|58|181|1|124|6N|N|13|H6
9|5|56|299|183|264|6N|S|12|D5
9|5|34|289|143|30|3N|N|12|C9
9|5|28|25|255|178|4N|N|13|H6
9|6|8|152|239|39|1N|E|9|C6
9|6|176|37|22|131|2N|E|8|C2
9|6|68|234|286|120|3N|E|9|C6
9|6|74|261|186|182|2N|E|9|C2
9|6|189|57|137|15|1N|E|9|S3
9|6|141|194|236|150|2HX|N|7|DA
9|6|58|181|1|124|2H|N|8|DK
9|6|56|299|183|264|1N|E|9|C9
9|6|34|289|143|30|1N|E|9|C6
9|6|28|25|255|178|2N|E|8|C2
9|7|8|152|239|39|4H|E|12|S4
9|7|176|37|22|131|4H|E|12|S4
9|7|68|234|286|120|4H|E|12|S3
9|7|74|261|186|182|4H|E|11|S4
9|7|189|57|137|15|5H|E|11|S3
9|7|141|194|236|150|5H|E|12|S3
9|7|58|181|1|124|4H|W|12|D9
9|7|56|299|183|264|4H|E|11|S4
9|7|34|289|143|30|4H|E|11|C6
9|7|28|25|255|178|4H|W|11|C7
9|8|8|152|239|39|3S|W|9|DA
9|8|176|37|22|131|3S|W|9|DA
9|8|68|234|286|120|4S|W|9|DA
9|8|74|261|186|182|4S|W|9|DA
9|8|189|57|137|15|4S|W|9|DA
9|8|141|194|236|150|3S|W|9|DK
9|8|58|181|1|124|2S|W|9|DK
9|8|56|299|183|264|4C|S|9|HJ
9|8|34|289|143|30|3S|E|9|CA
9|8|28|25|255|178|3S|W|9|DA
9|9|8|152|239|39|4S|W|8|HT
9|9|176|37|22|131|2S|W|10|S9
9|9|68|234|286|120|1NX|N|5|C5
9|9|74|261|186|182|3H|S|9|S6
9|9|189|57|137|15|2S|W|9|HJ
9|9|141|194|236|150|2S|W|9|HJ
9|9|58|181|1|124|1N|N|6|CQ
9|9|56|299|183|264|3S|E|9|H5
9|9|34|289|143|30|2S|W|8|HJ
9|9|28|25|255|178|2S|E|8|DQ
