                                                       |             |              |           Play           |        Declaring         |                Defending              |
Players                                                |  No. Butler |   Bid   Play |   Declaring    Defending |   Declarer1    Declarer2 |       Lead1        Lead2         Play |
SESTER Sven - LEVENKO Vassili                          |  239   0.89 |  0.56   0.33 |  0.54 (118)   0.12 (120) |  0.22 ( 57)   0.85 ( 61) | -0.13 ( 53)   0.11 ( 67)   0.11 (120) |
HERBST Ilan - HERBST Ophir                             |  260   0.76 |  0.15   0.61 |  0.47 (153)   0.82 (106) |  0.63 ( 84)   0.27 ( 69) | -0.02 ( 61)   0.60 ( 45)   0.58 (106) |
FALLENIUS Bjorn - FREDIN Peter                         |  260   0.70 |  0.57   0.13 |  0.09 (114)   0.17 (146) |  0.28 ( 59)  -0.12 ( 55) |  0.06 ( 62)   0.17 ( 84)   0.04 (146) |
KALITA Jacek - KOTOROWICZ Krzysztof                    |  200   0.69 |  0.34   0.34 |  0.39 ( 97)   0.29 (103) |  0.63 ( 53)   0.10 ( 44) |  0.19 ( 53)  -0.16 ( 50)   0.27 (103) |
JANSMA Jan - PAULISSEN Gert-Jan                        |  239   0.64 |  0.39   0.26 |  0.42 (128)   0.07 (110) |  0.75 ( 62)   0.11 ( 66) | -0.12 ( 59)   0.05 ( 51)   0.11 (110) |
ZACK Yaniv - BAREL Michael                             |  199   0.64 |  0.52   0.12 |  0.27 (100)  -0.03 ( 97) |  0.05 ( 47)   0.46 ( 53) |  0.11 ( 53)   0.20 ( 44)  -0.18 ( 97) |
GINOSSAR Eldad - PACHTMAN Ron                          |  260   0.63 |  0.26   0.38 |  0.42 (128)   0.34 (130) |  0.12 ( 73)   0.81 ( 55) |  0.17 ( 55)   0.35 ( 75)   0.07 (130) |
BURAS Krzysztof - NARKIEWICZ Grzegorz                  |  280   0.59 |  0.23   0.36 |  0.47 (152)   0.23 (127) |  0.39 ( 76)   0.56 ( 76) | -0.31 ( 62)   0.34 ( 65)   0.20 (127) |
LUKS Leo - NABER Lauri                                 |  240   0.53 |  0.46   0.08 | -0.20 (122)   0.37 (116) | -0.04 ( 56)  -0.35 ( 66) |  0.05 ( 55)  -0.03 ( 61)   0.37 (116) |
BERTHEAU Peter - NYSTROM Fredrik                       |  260   0.53 |  0.20   0.33 |  0.61 (144)  -0.02 (115) |  0.68 ( 65)   0.55 ( 79) |  0.27 ( 57)  -0.14 ( 58)  -0.08 (115) |
RUDAKOV Evgeni - KHVEN Max                             |  240   0.51 |  0.14   0.37 |  0.43 (112)   0.32 (126) |  0.14 ( 61)   0.79 ( 51) |  0.10 ( 65)  -0.01 ( 61)   0.28 (126) |
DUBININ Alexander - GROMOV Andrey                      |  220   0.51 |  0.42   0.09 |  0.21 (123)  -0.06 ( 96) | -0.01 ( 55)   0.39 ( 68) |  0.39 ( 42)  -0.00 ( 54)  -0.23 ( 96) |
ZMUDZINSKI Adam - BALICKI Cezary                       |  240   0.49 |  0.07   0.42 |  0.27 (113)   0.56 (125) |  0.19 ( 57)   0.35 ( 56) |  0.11 ( 57)   0.48 ( 68)   0.25 (125) |
HACKETT Jason - HACKETT Justin                         |  260   0.45 |  0.03   0.42 |  0.86 (117)   0.05 (141) |  0.56 ( 56)   1.14 ( 61) | -0.12 ( 68)   0.17 ( 73)   0.02 (141) |
FUCIK Jan - PURKARTHOFER Gunther                       |  280   0.44 |  0.27   0.17 |  0.15 (144)   0.20 (134) |  0.30 ( 75)  -0.01 ( 69) |  0.04 ( 65)   0.30 ( 69)   0.03 (134) |
BLAKSET Lars - RON Jacob                               |  260   0.39 |  0.36   0.03 |  0.25 (125)  -0.18 (131) |  0.23 ( 66)   0.28 ( 59) |  0.04 ( 67)  -0.02 ( 64)  -0.19 (131) |
KHIUPPENEN Yury - KHOLOMEEV Vadim                      |  260   0.27 | -0.10   0.36 |  0.56 (138)   0.14 (122) |  0.93 ( 73)   0.15 ( 65) |  0.17 ( 59)  -0.15 ( 63)   0.13 (122) |
UPMARK Johan - CULLIN Per-Ola                          |  180   0.26 |  0.22   0.04 |  0.01 ( 82)   0.06 ( 97) | -0.13 ( 36)   0.12 ( 46) | -0.30 ( 53)   0.04 ( 44)   0.21 ( 97) |
BJARNARSON Gregers - ASKGAARD Michael                  |  220   0.22 |  0.22   0.00 |  0.12 (114)  -0.12 (105) |  0.13 ( 51)   0.10 ( 63) |  0.05 ( 57)  -0.05 ( 48)  -0.13 (105) |
O'BRIAIN Micheal - O'BRIAIN Padraig                    |  320   0.21 |  0.17   0.04 | -0.05 (157)   0.11 (160) |  0.03 ( 87)  -0.14 ( 70) |  0.02 ( 76)   0.00 ( 84)   0.10 (160) |
CRUZEIRO Jorge - PEREIRA Paulo Goncalves               |  240   0.15 |  0.08   0.07 |  0.25 (101)  -0.06 (137) |  0.36 ( 43)   0.18 ( 58) | -0.05 ( 63)  -0.20 ( 74)   0.07 (137) |
GHIGHECI Ovidiu - ROTARU Iulian                        |  240   0.13 |  0.10   0.02 | -0.07 (124)   0.12 (114) |  0.29 ( 58)  -0.39 ( 66) | -0.11 ( 66)  -0.31 ( 48)   0.32 (114) |
SANDQVIST Nicklas - McINTOSH Andrew                    |  220   0.10 | -0.11   0.21 |  0.28 (115)   0.15 (104) | -0.21 ( 50)   0.64 ( 65) | -0.24 ( 55)  -0.04 ( 49)   0.29 (104) |
BARBOSA Juliano - PALMA Antonio                        |  240   0.06 |  0.06   0.00 |  0.08 (136)  -0.10 (102) |  0.32 ( 62)  -0.12 ( 74) | -0.22 ( 51)   0.22 ( 51)  -0.10 (102) |
DE WIJS Simon - MULLER Bauke                           |  239   0.04 | -0.09   0.13 |  0.02 (112)   0.23 (125) | -0.12 ( 62)   0.20 ( 50) |  0.18 ( 68)   0.16 ( 57)   0.05 (125) |
BRINK Sjoert - DRIJVER Bas                             |  240   0.02 |  0.29  -0.28 | -0.10 (124)  -0.47 (116) |  0.12 ( 59)  -0.29 ( 65) |  0.26 ( 59)   0.21 ( 57)  -0.70 (116) |
GODED Federico - GODED MERINO Gonzalo                  |  280  -0.01 | -0.02   0.01 |  0.21 (144)  -0.19 (135) |  0.19 ( 79)   0.23 ( 65) | -0.16 ( 69)   0.16 ( 66)  -0.19 (135) |
DEMARCIN Eric - BACKES Jean Marie                      |  240  -0.01 | -0.19   0.18 | -0.09 (112)   0.42 (126) | -0.11 ( 67)  -0.07 ( 45) |  0.21 ( 65)   0.11 ( 61)   0.26 (126) |
LOEFGREN Martin - RENNO Ilkka                          |  220  -0.03 |  0.31  -0.34 | -0.62 (105)  -0.09 (115) | -0.17 ( 51)  -1.04 ( 54) | -0.11 ( 65)  -0.52 ( 50)   0.20 (115) |
DEHAYE Bernard - KURGAN Daniel                         |  260  -0.07 | -0.02  -0.04 | -0.02 (141)  -0.08 (116) |  0.05 ( 71)  -0.09 ( 70) | -0.12 ( 51)  -0.27 ( 65)   0.13 (116) |
TOWNSEND Tom - GOLD David                              |  240  -0.11 | -0.03  -0.08 | -0.12 (118)  -0.04 (121) | -0.21 ( 62)  -0.02 ( 56) |  0.06 ( 63)   0.11 ( 58)  -0.13 (121) |
KARAMANLIS Philippos - PROTONOTARIOS Manolis           |  260  -0.12 | -0.00  -0.11 | -0.06 (143)  -0.17 (115) |  0.18 ( 71)  -0.30 ( 72) |  0.12 ( 57)  -0.78 ( 58)   0.16 (115) |
TOGNETTI Rene - DESMOULINS Christophe                  |  240  -0.14 |  0.02  -0.16 | -0.26 (111)  -0.08 (127) | -0.75 ( 52)   0.17 ( 59) | -0.22 ( 65)   0.15 ( 62)  -0.04 (127) |
BAUSBACK Nikolas - ENGEL Berthold                      |  240  -0.14 |  0.06  -0.20 |  0.35 (109)  -0.67 (129) |  0.98 ( 47)  -0.13 ( 62) | -0.45 ( 57)   0.12 ( 72)  -0.54 (129) |
VANDERVORST Mike - DEWASME Isabelle                    |  219  -0.17 | -0.26   0.08 | -0.03 (100)   0.19 (116) |  0.21 ( 53)  -0.30 ( 47) | -0.04 ( 53)  -0.14 ( 63)   0.28 (116) |
O'BRIEN Brendan J - PIGOT Peter Jr                     |  160  -0.17 | -0.15  -0.03 | -0.22 ( 71)   0.13 ( 88) | -0.18 ( 33)  -0.26 ( 38) |  0.26 ( 45)  -0.08 ( 43)   0.04 ( 88) |
TERRANEO Franz - TERRANEO Sylvia                       |  220  -0.20 | -0.25   0.05 |  0.25 (113)  -0.17 (106) |  0.44 ( 61)   0.03 ( 52) |  0.24 ( 54)  -0.06 ( 52)  -0.25 (106) |
ANGELOPOULOS Petros - KOUKOUSELIS Tassos               |  240  -0.22 | -0.19  -0.03 |  0.25 (125)  -0.33 (115) | -0.21 ( 64)   0.74 ( 61) | -0.13 ( 54)  -0.07 ( 61)  -0.23 (115) |
CASTANHEIRA Jorge Carlos - PESSOA Sofia                |  240  -0.22 | -0.07  -0.15 | -0.18 (120)  -0.12 (119) | -0.64 ( 62)   0.31 ( 58) |  0.01 ( 51)  -0.23 ( 68)   0.00 (119) |
KARPOV Maksim - LAANEMAE Tiit                          |  240  -0.22 | -0.51   0.29 | -0.04 (123)   0.64 (116) | -0.15 ( 66)   0.08 ( 57) |  0.47 ( 53)   0.33 ( 63)   0.25 (116) |
FLORIN Filip - IONITA Marius                           |  220  -0.25 | -0.03  -0.22 | -0.10 (117)  -0.36 (101) | -0.11 ( 60)  -0.10 ( 57) |  0.14 ( 49)  -0.34 ( 52)  -0.26 (101) |
ALLAVENA Jean Charles - FREY Nathalie                  |  240  -0.26 | -0.16  -0.10 | -0.09 (128)  -0.12 (111) |  0.09 ( 70)  -0.31 ( 58) | -0.09 ( 53)  -0.06 ( 58)  -0.05 (111) |
BASABE Enrique - KNAP Andres                           |  300  -0.30 | -0.57   0.27 |  0.31 (127)   0.23 (170) |  0.59 ( 64)   0.03 ( 63) |  0.04 ( 77)   0.07 ( 93)   0.18 (170) |
ANASTASIADIS Kostas - OIKONOMOPOULOS Giorgos           |  220  -0.36 | -0.25  -0.11 | -0.11 (114)  -0.11 (106) | -0.30 ( 57)   0.08 ( 57) | -0.30 ( 53)  -0.01 ( 53)   0.05 (106) |
BILDE Morten - HANSEN Jrrgen Cilleborg                 |  240  -0.39 | -0.08  -0.31 | -0.61 (121)  -0.01 (117) | -0.88 ( 47)  -0.45 ( 74) | -0.13 ( 61)  -0.10 ( 56)   0.11 (117) |
CATELLANI Marco - FISSORE Henri                        |  239  -0.46 | -0.49   0.04 | -0.05 (126)   0.14 (112) |  0.05 ( 66)  -0.15 ( 60) |  0.43 ( 63)   0.58 ( 49)  -0.36 (112) |
BONOMELLI Alberto - FIORINI Fiorenzo                   |  260  -0.47 | -0.14  -0.33 | -0.25 (133)  -0.41 (126) | -0.93 ( 53)   0.20 ( 80) | -0.09 ( 64)  -0.08 ( 62)  -0.33 (126) |
BRICIU Marius - COLDEA Ionut                           |  260  -0.49 | -0.28  -0.21 | -0.41 (141)   0.03 (119) | -0.20 ( 77)  -0.67 ( 64) | -0.24 ( 55)  -0.07 ( 64)   0.19 (119) |
SHUKHMEYSTER Borys - KARLYKOV Petro                    |  260  -0.52 | -0.12  -0.40 |  0.35 (135)  -1.22 (124) |  0.44 ( 74)   0.23 ( 61) | -0.43 ( 55)  -0.71 ( 69)  -0.63 (124) |
TERRANEO Christian - LINDERMANN Arno                   |  220  -0.60 | -0.22  -0.37 | -0.73 (105)  -0.05 (114) | -0.88 ( 58)  -0.55 ( 47) |  0.01 ( 53)   0.22 ( 61)  -0.17 (114) |
WALSH Terry - O'GORMAN Derek                           |  240  -0.60 | -0.17  -0.43 | -0.58 (114)  -0.30 (126) |  0.39 ( 50)  -1.34 ( 64) | -0.03 ( 65)   0.12 ( 61)  -0.34 (126) |
CHUMAK Yuliy - ROVYSHYN Oleg                           |  239  -0.65 | -0.47  -0.18 |  0.07 (111)  -0.39 (127) |  0.57 ( 52)  -0.37 ( 59) |  0.03 ( 70)  -0.15 ( 57)  -0.34 (127) |
CARRASCO Gabriel - FRACTMAN Gabriel                    |  100  -0.72 | -0.21  -0.51 | -0.95 ( 49)  -0.09 ( 51) | -1.64 ( 23)  -0.33 ( 26) |  0.17 ( 18)   0.22 ( 33)  -0.29 ( 51) |
RYBNIKOV Gennadii - KYCHANOV Valentin                  |  220  -0.82 | -0.29  -0.54 | -0.52 (116)  -0.55 (104) | -0.63 ( 58)  -0.41 ( 58) | -0.10 ( 45)  -0.12 ( 59)  -0.44 (104) |
BANCHEREAU Philippe - PALAZO Denis                     |  260  -0.87 | -0.43  -0.44 | -0.33 (114)  -0.54 (144) | -0.23 ( 54)  -0.42 ( 60) | -0.21 ( 72)   0.07 ( 72)  -0.46 (144) |
FAZZARDI Gianfranco - PERLINI Maria Cristina           |  220  -0.90 | -0.22  -0.69 | -0.63 ( 81)  -0.73 (137) | -1.01 ( 38)  -0.30 ( 43) | -0.34 ( 72)   0.04 ( 65)  -0.58 (137) |
MIETI Renzo - PAOLUCCI Mauro                           |  240  -1.29 | -0.73  -0.56 | -0.62 (106)  -0.52 (133) | -0.67 ( 64)  -0.55 ( 42) |  0.05 ( 73)  -0.24 ( 60)  -0.44 (133) |

                                                       |             |              |           Play           |        Declaring         |                Defending              |
Players                                                |  No. Butler |   Bid   Play |   Declaring    Defending |   Declarer1    Declarer2 |       Lead1        Lead2         Play |
FRACTMAN Gabriel - KNAP Andres                         |   20   2.75 |  2.41   0.34 |  0.41 ( 16)   0.04 (  4) | -0.60 (  5)   0.87 ( 11) |  0.01 (  3)  -0.14 (  1)   0.07 (  4) |
BERTHEAU Peter - CULLIN Per-Ola                        |   19   0.58 |  0.39   0.19 |  0.50 ( 10)  -0.15 (  9) |  0.42 (  2)   0.52 (  8) | -0.84 (  6)   0.29 (  3)   0.32 (  9) |
FRACTMAN Gabriel - GODED Federico                      |   20   0.00 |  0.54  -0.54 |  2.16 (  6)  -1.69 ( 14) |  1.52 (  3)   2.81 (  3) | -0.35 (  3)  -0.43 ( 11)  -1.28 ( 14) |
CARRASCO Gabriel - FRACTMAN Gabriel                    |  100  -0.72 | -0.21  -0.51 | -0.95 ( 49)  -0.09 ( 51) | -1.64 ( 23)  -0.33 ( 26) |  0.17 ( 18)   0.22 ( 33)  -0.29 ( 51) |

