                                                       |             |              |           Play           |        Declaring         |                Defending              |
Players                                                |  No. Butler |   Bid   Play |   Declaring    Defending |   Declarer1    Declarer2 |       Lead1        Lead2         Play |
FREEMAN Richard (Dick) - NICKELL Nick                  |  160   1.20 |  0.82   0.38 |  0.41 ( 90)   0.36 ( 70) |  0.67 ( 49)   0.09 ( 41) |  0.32 ( 38)   0.21 ( 32)   0.09 ( 70) |
GOLD David - TOWNSEND Tom                              |  192   1.19 |  0.57   0.62 |  0.73 (111)   0.48 ( 81) |  0.62 ( 50)   0.81 ( 61) | -0.23 ( 39)   0.79 ( 42)   0.18 ( 81) |
PIEKAREK Josef - SMIRNOV Alexander                     |  192   1.03 |  0.78   0.25 |  0.47 ( 89)   0.06 (103) |  0.80 ( 50)   0.04 ( 39) |  0.04 ( 66)  -0.10 ( 37)   0.07 (103) |
WLADOW Entscho - ELINESCU Michael                      |  192   1.02 |  0.37   0.65 |  0.45 (104)   0.89 ( 88) |  0.38 ( 53)   0.52 ( 51) |  0.69 ( 39)  -0.04 ( 49)   0.61 ( 88) |
GROMOELLER Michael - KIRMSE Andreas                    |  160   1.01 |  0.26   0.76 |  1.08 ( 77)   0.46 ( 82) |  1.66 ( 33)   0.64 ( 44) | -0.31 ( 49)  -0.40 ( 33)   0.81 ( 82) |
GOKSU Hakan - BEDIR Selahaddin                         |  176   0.88 |  0.61   0.27 |  0.63 ( 91)  -0.11 ( 84) |  0.89 ( 49)   0.32 ( 42) | -0.23 ( 46)  -0.11 ( 38)   0.06 ( 84) |
MECKSTROTH Jeff - RODWELL Eric                         |  240   0.85 |  0.36   0.49 |  0.76 (122)   0.21 (118) |  1.15 ( 71)   0.21 ( 51) |  0.04 ( 65)  -0.10 ( 53)   0.23 (118) |
KANDEMIR Ismail - KOLATA Suleyman                      |  240   0.81 |  0.57   0.24 |  0.11 (124)   0.38 (116) | -0.41 ( 50)   0.47 ( 74) |  0.29 ( 65)   0.09 ( 51)   0.17 (116) |
JITNGAMKUSOL Terasak - PLENGSAP Kridsadayut            |  192   0.69 |  0.53   0.16 | -0.06 ( 92)   0.36 ( 99) |  0.43 ( 41)  -0.45 ( 51) |  0.15 ( 39)   0.26 ( 60)   0.14 ( 99) |
HACKETT Jason - HACKETT Justin                         |  192   0.61 |  0.72  -0.11 | -0.34 ( 97)   0.13 ( 95) |  0.05 ( 45)  -0.68 ( 52) | -0.34 ( 45)   0.06 ( 50)   0.26 ( 95) |
GEORGE Julius Anthonius - ASBI Taufik Gautama          |  208   0.57 | -0.12   0.69 |  0.53 (104)   0.85 (104) |  0.59 ( 43)   0.48 ( 61) |  0.49 ( 44)   0.24 ( 60)   0.51 (104) |
MEDUSHEUSKI Henadzi - SOTNIKAU Andrej                  |  224   0.56 |  0.49   0.07 | -0.25 (100)   0.34 (124) | -0.55 ( 48)   0.02 ( 52) |  0.33 ( 60)   0.31 ( 64)   0.02 (124) |
GONTHA Leslie - BOJOH Jemmy                            |  176   0.48 |  0.49  -0.01 |  0.08 ( 82)  -0.09 ( 93) |  0.05 ( 41)   0.12 ( 41) | -0.33 ( 51)   0.14 ( 42)   0.03 ( 93) |
KARWUR Franky Steven - PANELEWEN Santje                |  160   0.44 |  0.19   0.24 |  0.03 ( 70)   0.41 ( 90) |  0.00 ( 37)   0.07 ( 33) | -0.46 ( 37)   0.25 ( 53)   0.45 ( 90) |
MALINOWSKI Artur - SANDQVIST Nicklas                   |  160   0.32 |  0.10   0.23 |  0.21 ( 77)   0.24 ( 83) |  0.20 ( 40)   0.22 ( 37) | -0.29 ( 35)   0.39 ( 48)   0.13 ( 83) |
BRIGHTLING Richard J - THOMSON Ian                     |  160   0.29 |  0.51  -0.22 | -0.00 ( 74)  -0.40 ( 86) | -0.32 ( 35)   0.28 ( 39) | -0.54 ( 49)   0.70 ( 37)  -0.39 ( 86) |
KARAMANLIS Philippos - PROTONOTARIOS Manolis           |  192   0.28 |  0.16   0.12 |  0.13 (105)   0.11 ( 87) | -0.16 ( 60)   0.52 ( 45) | -0.66 ( 33)  -0.12 ( 54)   0.43 ( 87) |
ANG-KAEW Pramoul - LIMSINSOPON Kirawat                 |  176   0.27 |  0.35  -0.08 | -0.62 ( 97)   0.59 ( 79) | -0.68 ( 49)  -0.56 ( 48) |  0.36 ( 44)   0.03 ( 35)   0.37 ( 79) |
OLANSKI Wojtek - VAINIKONIS Vytautas                   |  176   0.26 | -0.01   0.27 |  0.06 ( 97)   0.53 ( 78) |  0.10 ( 66)  -0.04 ( 31) |  0.38 ( 48)  -0.17 ( 30)   0.36 ( 78) |
GHANEM Marwan - BARAKAT Sireen                         |  272   0.23 |  0.52  -0.28 | -0.17 (131)  -0.39 (141) |  0.17 ( 70)  -0.56 ( 61) |  0.04 ( 73)  -0.27 ( 68)  -0.28 (141) |
TUASON Carmen - VIROLA Romulo                          |  176   0.13 |  0.08   0.05 |  0.10 ( 93)  -0.00 ( 83) |  0.23 ( 32)   0.03 ( 61) |  0.56 ( 36)  -0.61 ( 47)   0.10 ( 83) |
ZOTOS Loukas - SAPOUNAKIS Aris                         |  192   0.10 |  0.49  -0.39 | -0.45 ( 99)  -0.34 ( 92) | -0.30 ( 48)  -0.59 ( 51) |  0.02 ( 52)  -0.10 ( 40)  -0.31 ( 92) |
BOZEMPERGK Kostas - KAMINARIS Filaretos                |  160   0.09 | -0.36   0.45 |  0.61 ( 79)   0.30 ( 81) |  0.34 ( 36)   0.83 ( 43) | -0.51 ( 40)   0.42 ( 41)   0.34 ( 81) |
ABOU CHANAB Bachar - SASSELLI Marco                    |  192   0.09 | -0.05   0.15 |  0.41 ( 83)  -0.06 (109) |  0.91 ( 41)  -0.07 ( 42) | -0.00 ( 61)   0.05 ( 48)  -0.08 (109) |
KITCHAKARN Patnarin - LEELASA-NGUAN Pornthep           |  176   0.01 | -0.13   0.15 |  0.26 ( 89)   0.03 ( 87) |  0.48 ( 44)   0.04 ( 45) | -0.14 ( 48)   0.25 ( 39)   0.00 ( 87) |
GRADOVSKY Oleg - VALFSON Mikhail                       |  208   0.00 |  0.01  -0.01 |  0.02 (109)  -0.03 ( 99) | -0.14 ( 59)   0.20 ( 50) |  0.43 ( 46)  -0.00 ( 53)  -0.23 ( 99) |
EIDI Michel - HARFOUCHE Gabriel                        |  224   0.00 |  0.12  -0.12 | -0.22 (119)  -0.00 (103) | -0.27 (107)   0.19 ( 12) | -0.04 ( 10)  -0.22 ( 93)   0.20 (103) |
GILL Peter - RICHMAN Bobby                             |  208  -0.05 | -0.09   0.04 |  0.24 (113)  -0.20 ( 95) |  0.65 ( 43)  -0.01 ( 70) | -0.12 ( 43)  -0.28 ( 52)   0.00 ( 95) |
JOVANOVIC Dejan - KOLDZIC Zoran                        |  272  -0.06 | -0.09   0.03 |  0.17 (131)  -0.10 (140) | -0.05 ( 79)   0.49 ( 52) |  0.45 ( 70)  -0.14 ( 70)  -0.26 (140) |
BASALYGA Vadim - RAMANOVICH Siarhei                    |  112  -0.06 | -0.59   0.53 |  0.95 ( 53)   0.15 ( 58) |  0.65 ( 21)   1.15 ( 32) |  0.52 ( 32)  -0.50 ( 26)   0.09 ( 58) |
SAULIS Alvydas - VAINIKONIS Erikas                     |  176  -0.07 | -0.32   0.25 |  0.04 ( 84)   0.44 ( 92) |  1.21 ( 35)  -0.79 ( 49) |  0.44 ( 45)   0.32 ( 47)   0.06 ( 92) |
KOKSOY Enver - OZGUL Levent                            |  128  -0.15 | -0.03  -0.11 | -0.15 ( 65)  -0.08 ( 63) | -0.62 ( 27)   0.18 ( 38) |  0.08 ( 23)  -0.12 ( 40)  -0.03 ( 63) |
GROSSET Philippe - TOULET Sandra                       |  176  -0.26 | -0.29   0.03 |  0.19 ( 73)  -0.09 (103) |  0.38 ( 41)  -0.05 ( 32) | -0.01 ( 53)   0.06 ( 50)  -0.12 (103) |
ZIVKOVIC Gojko - MOSSOP David                          |  176  -0.28 | -0.45   0.17 | -0.00 (101)   0.41 ( 74) |  0.17 ( 45)  -0.14 ( 56) |  0.07 ( 41)   0.39 ( 33)   0.20 ( 74) |
SIMON Philippe - TOULET Patrice                        |  176  -0.30 |  0.48  -0.77 | -0.81 ( 90)  -0.75 ( 84) | -1.09 ( 39)  -0.60 ( 51) | -0.14 ( 41)   0.30 ( 43)  -0.83 ( 84) |
GHANEM Ghassan - HATTAR-GHANEM Nuha                    |  272  -0.30 | -0.23  -0.06 |  0.26 (150)  -0.47 (121) |  0.58 ( 83)  -0.14 ( 67) | -0.06 ( 60)  -0.21 ( 61)  -0.33 (121) |
COMPTON Chris - HAMMAN Bob                             |  144  -0.30 | -0.72   0.42 |  0.58 ( 70)   0.26 ( 73) |  0.73 ( 35)   0.44 ( 35) | -0.14 ( 41)   0.50 ( 32)   0.12 ( 73) |
KLINGER Ron - MULLAMPHY Matthew                        |  176  -0.39 |  0.03  -0.41 | -0.71 ( 67)  -0.23 (108) |  0.05 ( 27)  -1.23 ( 40) |  0.35 ( 54)  -0.24 ( 54)  -0.29 (108) |
CHIDIAC Pierre - HACHEM Tony                           |  128  -0.45 | -0.67   0.22 |  0.60 ( 64)  -0.17 ( 64) | -0.18 ( 32)   1.39 ( 32) |  0.35 ( 33)  -0.38 ( 31)  -0.17 ( 64) |
PERISIC Marko - TODOROVIC Nebojsa                      |  272  -0.49 | -0.26  -0.22 | -0.42 (133)  -0.04 (137) | -0.58 ( 79)  -0.17 ( 54) |  0.05 ( 63)  -0.18 ( 74)   0.03 (137) |
PASQUINI Paolo - SULTAN Perla                          |  208  -0.55 | -0.47  -0.08 | -0.19 (100)   0.03 (107) |  0.30 ( 47)  -0.61 ( 53) |  0.14 ( 66)  -0.01 ( 41)  -0.06 (107) |
AHMAD Mushir - MINWALLA Diniar                         |  272  -0.65 |  0.00  -0.66 | -0.55 (152)  -0.80 (120) | -1.02 ( 71)  -0.13 ( 81) | -0.19 ( 58)  -0.19 ( 62)  -0.61 (120) |
LA SPADA Olivier - MAGNUSSON Stephan                   |  160  -0.70 | -0.50  -0.20 |  0.19 ( 81)  -0.60 ( 79) | -0.13 ( 40)   0.51 ( 41) | -0.50 ( 34)   0.07 ( 45)  -0.42 ( 79) |
DROUET Didier - MONDON Yves                            |  176  -0.90 | -0.46  -0.44 | -0.56 ( 91)  -0.31 ( 84) | -0.19 ( 46)  -0.93 ( 45) |  0.06 ( 44)  -0.12 ( 40)  -0.29 ( 84) |
JANKAUSKAS Arunas - POSKA Gediminas                    |  160  -1.26 | -0.77  -0.49 | -0.40 ( 85)  -0.58 ( 75) | -0.52 ( 38)  -0.31 ( 47) | -0.06 ( 41)  -0.61 ( 34)  -0.27 ( 75) |
DIEBOLD Zoraida - ROSEN Eduardo                        |  176  -1.27 | -0.69  -0.58 | -0.30 ( 91)  -0.88 ( 85) |  0.09 ( 52)  -0.82 ( 39) | -0.05 ( 43)  -0.39 ( 42)  -0.65 ( 85) |
DANIEL George - DIKGANG Modisaotsile                   |  272  -1.56 | -0.80  -0.75 | -0.84 (114)  -0.70 (156) | -0.38 ( 61)  -1.38 ( 53) |  0.14 ( 72)  -0.29 ( 84)  -0.60 (156) |
MORGANTI Lillian - MORGANTI Ugo                        |  160  -1.86 | -0.80  -1.06 | -1.13 ( 76)  -1.01 ( 83) | -1.03 ( 39)  -1.23 ( 37) | -0.05 ( 41)  -0.12 ( 42)  -0.92 ( 83) |

                                                       |             |              |           Play           |        Declaring         |                Defending              |
Players                                                |  No. Butler |   Bid   Play |   Declaring    Defending |   Declarer1    Declarer2 |       Lead1        Lead2         Play |
CHIDIAC Pierre - HAMDAN Faycal                         |   64   1.66 |  0.44   1.22 |  2.13 ( 34)   0.19 ( 30) |  1.00 ( 12)   2.74 ( 22) |  0.14 ( 11)  -0.16 ( 19)   0.24 ( 30) |
FAYAD Mireille - HARFOUCHE Gabriel                     |   32   1.06 | -0.04   1.10 |  2.16 ( 10)   0.62 ( 22) |  2.16 ( 10)      - (  0) |  0.00 (  1)   0.24 ( 21)   0.39 ( 22) |
CARREON Ceferino - ANASTACIO Martin                    |   64  -0.11 | -0.26   0.15 |  0.73 ( 33)  -0.48 ( 30) |  1.08 ( 16)   0.39 ( 17) |  0.28 ( 15)  -0.74 ( 15)  -0.25 ( 30) |
REYES Vicente - VIROLA Romulo                          |   16  -0.25 |  0.30  -0.55 | -0.68 ( 12)  -0.16 (  4) |  0.06 (  8)  -2.17 (  4) | -0.15 (  2)  -0.09 (  2)  -0.04 (  4) |
FAYAD Mireille - HAMDAN Faycal                         |   80  -0.35 | -0.17  -0.18 | -0.07 ( 33)  -0.26 ( 45) | -1.02 ( 14)   0.62 ( 19) |  0.38 ( 23)  -0.47 ( 22)  -0.23 ( 45) |
ANASTACIO Martin - REYES Vicente                       |   96  -0.44 |  0.02  -0.46 |  0.24 ( 44)  -1.05 ( 52) | -0.11 ( 21)   0.55 ( 23) | -0.66 ( 33)   0.50 ( 19)  -0.82 ( 52) |
CARREON Ceferino - QUIMSON Angeles                     |   96  -0.63 | -0.81   0.19 |  0.20 ( 48)   0.18 ( 48) |  0.07 ( 25)   0.34 ( 23) |  0.09 ( 23)   0.34 ( 25)  -0.04 ( 48) |
MONDON Yves - TOULET Patrice                           |   16  -0.63 | -0.48  -0.15 |  1.34 (  2)  -0.36 ( 14) |     - (  0)   1.34 (  2) | -0.06 (  5)   0.26 (  9)  -0.50 ( 14) |
MAGNUSSON Stephan - SASSELLI Marco                     |   16  -0.75 | -0.43  -0.32 | -0.48 (  7)  -0.20 (  9) |  0.88 (  2)  -1.02 (  5) | -0.02 (  3)  -0.65 (  6)   0.24 (  9) |
SAULIS Alvydas - VAINIKONIS Vytautas                   |   16  -0.88 | -0.68  -0.19 |  1.45 (  6)  -1.18 ( 10) |  1.94 (  5)  -1.00 (  1) | -0.65 (  3)   1.04 (  7)  -1.71 ( 10) |
QUIMSON Angeles - REYES Vicente                        |   80  -1.36 | -0.92  -0.45 | -0.39 ( 42)  -0.51 ( 38) | -0.41 ( 17)  -0.37 ( 25) | -0.51 ( 15)  -0.43 ( 23)  -0.05 ( 38) |
HACHEM Tony - HAMDAN Faycal                            |   16  -1.75 | -2.00   0.25 |  0.30 ( 12)   0.10 (  4) |  0.20 (  8)   0.49 (  4) |  0.00 (  1)  -0.35 (  3)   0.36 (  4) |
ANASTACIO Martin - QUIMSON Angeles                     |   16  -2.44 | -2.07  -0.36 | -0.55 (  4)  -0.30 ( 12) |  0.06 (  2)  -1.16 (  2) |  0.06 ( 10)   0.02 (  2)  -0.36 ( 12) |
OLANSKI Wojtek - VAINIKONIS Erikas                     |   16  -2.88 | -1.47  -1.41 | -2.07 (  7)  -0.89 (  9) | -1.64 (  5)  -3.14 (  2) | -0.24 (  5)  -1.69 (  4)  -0.01 (  9) |

