                                                       |             |              |           Play           |        Declaring         |                Defending              |
Players                                                |  No.   IMPs |   Bid   Play |   Declaring    Defending |   Declarer1    Declarer2 |       Lead1        Lead2         Play |
DUBOIN Giorgio - SEMENTA Antonio                       |  159   1.32 |  0.82   0.50 |  0.46 ( 75)   0.54 ( 84) |  0.24 ( 34)   0.64 ( 41) |  0.24 ( 42)   0.27 ( 42)   0.28 ( 84) |
FANTONI Fulvio - NUNES Claudio                         |  175   0.98 |  0.29   0.70 |  0.69 ( 92)   0.70 ( 83) |  0.82 ( 44)   0.57 ( 48) |  0.28 ( 45)   0.21 ( 38)   0.46 ( 83) |
MULTON Franck - ZIMMERMANN Pierre                      |  160   0.88 |  0.65   0.23 |  0.45 ( 83)  -0.01 ( 77) |  0.37 ( 40)   0.53 ( 43) |  0.36 ( 37)   0.09 ( 40)  -0.23 ( 77) |
APTEKER Alon - GOWER Craig                             |  160   0.82 |  0.66   0.16 |  0.29 ( 75)   0.05 ( 85) | -0.44 ( 38)   1.04 ( 37) | -0.19 ( 37)  -0.03 ( 48)   0.16 ( 85) |
CHRISTIANSEN Soren - AUKEN Jens                        |  160   0.72 |  0.36   0.36 |  0.21 ( 87)   0.53 ( 73) |  0.41 ( 60)  -0.22 ( 27) | -0.40 ( 34)  -0.03 ( 39)   0.73 ( 73) |
COLDEA Ionut - IONITA Marius                           |  255   0.59 |  0.59   0.00 |  0.29 (135)  -0.31 (120) | -0.11 ( 69)   0.69 ( 66) | -0.29 ( 62)  -0.01 ( 58)  -0.15 (120) |
CHAGAS Gabriel - VILLAS-BOAS Miguel                    |  240   0.59 |  0.59  -0.00 | -0.01 (119)  -0.00 (120) |  0.07 (105)  -0.56 ( 14) |  0.17 ( 10)  -0.27 (110)   0.23 (120) |
LESKELA Vesa - TOIVONEN Mikko                          |  256   0.58 |  0.45   0.13 |  0.20 (135)   0.05 (121) |  0.27 ( 71)   0.13 ( 64) |  0.08 ( 65)   0.17 ( 56)  -0.07 (121) |
HANLON Tom - McGANN Hugh                               |  173   0.57 |  0.18   0.38 |  0.29 ( 86)   0.48 ( 87) |  0.68 ( 47)  -0.19 ( 39) |  0.29 ( 51)   0.64 ( 36)   0.04 ( 87) |
LEVENKO Vassili - SESTER Sven                          |  160   0.51 |  0.25   0.26 | -0.27 ( 82)   0.81 ( 78) | -0.12 ( 41)  -0.42 ( 41) |  0.26 ( 52)   0.52 ( 26)   0.47 ( 78) |
LAURIA Lorenzo - VERSACE Alfredo                       |  159   0.44 |  0.32   0.12 | -0.05 ( 78)   0.28 ( 81) | -0.04 ( 69)  -0.07 (  9) | -0.41 ( 10)   0.01 ( 71)   0.32 ( 81) |
BRICIU Marius - GHIGHECI Ovidiu                        |  256   0.44 |  0.03   0.41 |  0.55 (127)   0.28 (128) |  0.45 ( 45)   0.61 ( 82) |  0.41 ( 51)   0.12 ( 77)   0.04 (128) |
AHMED Jahangir - QURESHI Ahsan                         |  144   0.44 |  0.11   0.33 |  0.65 ( 72)   0.01 ( 72) |  0.92 ( 44)   0.22 ( 28) |  0.21 ( 41)  -0.06 ( 31)  -0.08 ( 72) |
ITO Yoichi - NARITA Hidenori                           |  176   0.40 |  0.33   0.07 |  0.04 ( 82)   0.11 ( 94) |  0.34 ( 25)  -0.10 ( 57) |  0.18 ( 29)  -0.31 ( 65)   0.27 ( 94) |
BOMPIS Marc - QUANTIN Jean-Christophe                  |  224   0.40 | -0.10   0.50 |  0.50 (106)   0.49 (118) |  0.33 ( 62)   0.75 ( 44) |  0.09 ( 64)   0.31 ( 54)   0.30 (118) |
HENC Marian - LOHAY Karol                              |  175   0.36 |  0.04   0.33 |  0.54 ( 81)   0.15 ( 94) |  0.88 ( 53)  -0.11 ( 28) |  0.01 ( 50)  -0.53 ( 44)   0.40 ( 94) |
KOISTINEN Kauko - LEIKOLA Juuso                        |  256   0.34 |  0.05   0.29 |  0.35 (120)   0.25 (135) | -0.00 ( 56)   0.66 ( 64) |  0.11 ( 62)   0.43 ( 73)  -0.03 (135) |
KARPOV Maksim - LAANEMAE Tiit                          |  192   0.32 |  0.23   0.09 |  0.16 ( 90)   0.03 (102) |  0.01 ( 54)   0.37 ( 36) |  0.06 ( 54)  -0.00 ( 48)   0.00 (102) |
JACOB Dan - LEBI Robert                                |  191   0.28 |  0.20   0.09 |  0.12 (112)   0.04 ( 78) | -0.37 ( 59)   0.67 ( 53) | -0.06 ( 35)  -0.21 ( 43)   0.18 ( 78) |
DEMUY Vincent - FOURCAUDOT Marc-Andre                  |  160   0.27 | -0.01   0.29 |  0.60 ( 78)  -0.01 ( 82) |  0.72 ( 73)  -1.15 (  5) | -0.34 (  5)  -0.10 ( 77)   0.10 ( 82) |
BRENNER Diego - CASTELLO BRANCO Marcelo                |  176   0.21 |  0.18   0.03 |  0.44 ( 93)  -0.42 ( 83) |  0.38 ( 52)   0.50 ( 41) |  0.21 ( 48)  -0.35 ( 35)  -0.40 ( 83) |
HANSEN Jorgen - BILDE Morten                           |  171   0.20 | -0.09   0.29 |  0.21 ( 90)   0.39 ( 81) |  0.34 ( 45)   0.07 ( 45) | -0.11 ( 36)   0.08 ( 45)   0.40 ( 81) |
LUKS Leo - NABER Lauri                                 |  160   0.18 |  0.53  -0.35 | -0.98 ( 73)   0.17 ( 87) | -1.43 ( 35)  -0.56 ( 38) | -0.24 ( 43)   0.04 ( 44)   0.27 ( 87) |
BOSENBERG Christopher Henry - EBER Neville             |  176   0.11 | -0.03   0.13 |  0.16 ( 99)   0.10 ( 77) |  0.11 ( 45)   0.20 ( 54) |  0.38 ( 32)  -0.01 ( 45)  -0.05 ( 77) |
PENG Gui Ping - TSANG Yeuk Chow                        |  192   0.09 |  0.20  -0.11 | -0.18 ( 88)  -0.05 (104) | -0.32 ( 54)   0.05 ( 34) |  0.12 ( 58)   0.50 ( 46)  -0.34 (104) |
O'BRIAIN Micheal - O'BRIAIN Padraig                    |  112   0.03 | -0.02   0.05 | -0.36 ( 54)   0.43 ( 58) |  0.14 ( 30)  -0.97 ( 24) |  0.41 ( 23)   0.18 ( 35)   0.16 ( 58) |
ASKGAARD Michael - BJARNARSON Gregers                  |  176   0.02 |  0.03  -0.01 |  0.03 ( 83)  -0.04 ( 93) | -0.18 ( 39)   0.22 ( 44) |  0.05 ( 55)  -0.09 ( 38)  -0.03 ( 93) |
COPE Tim - HOLMAN Glen                                 |  176  -0.05 |  0.09  -0.13 | -0.19 ( 89)  -0.08 ( 87) | -0.36 ( 49)   0.02 ( 40) |  0.23 ( 31)   0.02 ( 56)  -0.17 ( 87) |
CARROLL John - GARVEY Tommy                            |  224  -0.12 |  0.14  -0.26 | -0.29 (123)  -0.22 (101) | -0.09 ( 63)  -0.50 ( 60) | -0.33 ( 41)   0.26 ( 60)  -0.25 (101) |
NODA Hiroyuki - OHTAKA Eiji                            |  160  -0.16 |  0.21  -0.37 | -0.04 ( 76)  -0.66 ( 84) | -0.11 ( 43)   0.04 ( 33) | -0.39 ( 43)   0.11 ( 41)  -0.51 ( 84) |
BOROS Gejza - MUNKA Vladimir                           |  160  -0.17 | -0.35   0.18 |  0.76 ( 78)  -0.37 ( 82) |  0.69 ( 32)   0.82 ( 46) | -0.10 ( 29)  -0.22 ( 53)  -0.20 ( 82) |
MOHAMED Shamshad - MOHAMMED Kalamazad                  |  192  -0.19 | -0.03  -0.16 | -0.18 ( 97)  -0.14 ( 93) | -0.43 ( 46)   0.04 ( 51) | -0.03 ( 46)  -0.66 ( 47)   0.20 ( 93) |
SHAH Ashwin - SHAH Prafula                             |  176  -0.24 | -0.26   0.02 | -0.06 ( 82)   0.10 ( 94) | -0.08 ( 51)  -0.02 ( 31) |  0.24 ( 46)   0.08 ( 48)  -0.06 ( 94) |
FERGANI Kamel - L'ECUYER Nicolas                       |  160  -0.35 | -0.41   0.05 |  0.24 ( 78)  -0.13 ( 82) | -0.13 ( 35)   0.55 ( 43) |  0.41 ( 43)  -0.44 ( 39)  -0.13 ( 82) |
LEI Vincent - ROSARIO Antonio Pedro do                 |  143  -0.35 | -0.62   0.27 |  0.58 ( 60)   0.04 ( 82) |  0.50 ( 30)   0.66 ( 30) | -0.05 ( 30)   0.33 ( 52)  -0.15 ( 82) |
LIAQAT Farrukh - RAHIM Yasser                          |  192  -0.38 |  0.04  -0.42 | -0.34 (106)  -0.52 ( 85) | -0.71 ( 43)  -0.09 ( 63) |  0.17 ( 43)  -0.08 ( 42)  -0.57 ( 85) |
KOBAYASHI Yasushi - YOSHIDA Masaru                     |  175  -0.38 | -0.08  -0.31 | -0.54 ( 85)  -0.08 ( 90) |  0.17 ( 38)  -1.12 ( 47) | -0.06 ( 39)  -0.45 ( 51)   0.20 ( 90) |
BUTT Nauman - NAQI Zia Hyder                           |  173  -0.45 | -0.21  -0.23 |  0.01 ( 74)  -0.41 ( 99) | -0.33 ( 31)   0.26 ( 43) |  0.06 ( 37)  -0.29 ( 62)  -0.25 ( 99) |
FAIGENBAUM Albert - PILON Dominique                    |  128  -0.46 | -0.31  -0.15 |  0.09 ( 69)  -0.43 ( 59) | -0.25 ( 34)   0.43 ( 35) | -0.27 ( 26)  -0.32 ( 33)  -0.14 ( 59) |
PERSAD Bobby - SEEPERSAD Mohan                         |  176  -0.52 | -0.18  -0.34 | -0.30 ( 93)  -0.38 ( 83) | -0.72 ( 34)  -0.06 ( 59) | -0.17 ( 33)  -0.37 ( 50)  -0.09 ( 83) |
CHEONG Hong Mou - LAI U Peng                           |  127  -0.61 | -0.50  -0.11 | -0.17 ( 61)  -0.07 ( 66) | -0.29 ( 31)  -0.04 ( 30) | -0.19 ( 28)   0.00 ( 38)   0.02 ( 66) |
AJANIA Nurdin - BHATT Krishnakant                      |  176  -1.22 | -0.84  -0.38 | -0.38 ( 92)  -0.37 ( 84) | -0.46 ( 39)  -0.33 ( 53) | -0.19 ( 55)   0.09 ( 29)  -0.28 ( 84) |
FITZPATRICK Alvin - HOWARD Joseph                      |  144  -1.32 | -1.22  -0.10 | -0.06 ( 86)  -0.16 ( 58) |  0.25 ( 49)  -0.47 ( 37) |  0.07 ( 29)   0.01 ( 29)  -0.20 ( 58) |
SHAH Kamal K - SHARMA Rakesh                           |  160  -1.36 | -0.99  -0.38 | -0.37 ( 82)  -0.38 ( 78) | -0.83 ( 49)   0.31 ( 33) |  0.12 ( 41)  -0.13 ( 37)  -0.38 ( 78) |
MOKRAN Pavel - SUCHA Eva                               |  176  -1.36 | -0.61  -0.75 | -0.24 ( 83)  -1.21 ( 93) | -0.00 ( 54)  -0.70 ( 29) | -0.25 ( 33)   0.08 ( 60)  -1.17 ( 93) |

                                                       |             |              |           Play           |        Declaring         |                Defending              |
Players                                                |  No.   IMPs |   Bid   Play |   Declaring    Defending |   Declarer1    Declarer2 |       Lead1        Lead2         Play |
SEMENTA Antonio - VERSACE Alfredo                      |   16   1.74 |  0.56   1.18 |  1.63 ( 13)  -0.78 (  3) |  0.65 (  7)   2.78 (  6) |  0.26 (  1)   0.17 (  2)  -0.98 (  3) |
CHEONG Hong Mou - ROSARIO Antonio Pedro do             |   16   0.99 |  0.93   0.05 |  0.15 ( 11)  -0.16 (  5) | -0.06 (  6)   0.41 (  5) |  0.00 (  1)  -0.02 (  4)  -0.14 (  5) |
CHEONG Hong Mou - LEI Vincent                          |   32   0.65 |  0.40   0.25 | -0.53 ( 17)   1.15 ( 15) | -0.29 (  9)  -0.81 (  8) | -0.09 (  8)   0.28 (  7)   1.06 ( 15) |
CASTELLO BRANCO Marcelo - FIGUEIREDO Mauricio          |   32   0.55 | -0.30   0.85 |  0.75 ( 15)   0.94 ( 17) |  1.76 (  8)  -0.40 (  7) |  0.01 (  8)  -0.00 (  9)   0.94 ( 17) |
HAMZARAJ Rasim - XHULI Armand                          |   16  -0.07 |  1.16  -1.23 | -0.14 (  9)  -2.64 (  7) | -0.15 (  8)   0.00 (  1) | -2.62 (  7)      - (  0)  -0.02 (  7) |
XHORI Artan - XHULI Armand                             |   79  -0.48 | -0.30  -0.18 | -0.49 ( 34)   0.05 ( 45) | -0.23 ( 18)  -0.78 ( 16) |  0.22 ( 18)  -0.32 ( 27)   0.15 ( 45) |
KAPO Kostandin - XHORI Artan                           |   80  -0.52 | -0.59   0.07 |  0.23 ( 43)  -0.11 ( 37) |  0.05 ( 27)   0.53 ( 16) | -0.00 ( 22)  -0.10 ( 15)  -0.06 ( 37) |
HAMZARAJ Rasim - XHULI Vjollca                         |   48  -0.52 | -0.06  -0.46 | -0.13 ( 19)  -0.67 ( 29) |  1.46 ( 12)  -2.86 (  7) | -0.59 ( 15)   0.25 ( 14)  -0.49 ( 29) |
BRENNER Diego - FIGUEIREDO Mauricio                    |   47  -0.66 |  0.12  -0.78 | -0.48 ( 16)  -1.00 ( 29) | -0.54 (  9)  -0.39 (  7) | -0.24 ( 11)  -0.40 ( 18)  -0.66 ( 29) |
HAMZARAJ Rasim - SHEQI Gezim                           |   64  -1.34 | -0.67  -0.67 | -0.69 ( 29)  -0.65 ( 35) | -0.68 ( 24)  -0.78 (  5) |  0.10 ( 22)  -0.20 ( 13)  -0.64 ( 35) |
CHAGAS Gabriel - ASSUMPCAO Pedro Paulo                 |   16  -1.42 | -1.07  -0.35 | -0.07 (  8)  -0.62 (  8) |  0.70 (  6)  -2.40 (  2) |  0.08 (  2)  -0.12 (  6)  -0.55 (  8) |
KAPO Kostandin - XHULI Vjollca                         |   96  -1.71 | -0.49  -1.22 | -0.94 ( 40)  -1.42 ( 56) | -0.21 ( 26)  -2.30 ( 14) | -0.70 ( 22)   0.15 ( 34)  -1.24 ( 56) |
KAPO Kostandin - SHEQI Gezim                           |   48  -1.91 | -0.68  -1.24 | -1.91 ( 25)  -0.51 ( 23) | -2.83 ( 13)  -0.91 ( 12) |  0.26 ( 10)  -0.08 ( 13)  -0.57 ( 23) |
SHEQI Gezim - XHULI Armand                             |   80  -3.17 | -2.04  -1.14 | -1.28 ( 48)  -0.92 ( 32) | -1.70 ( 22)  -0.94 ( 26) | -0.91 ( 14)  -0.46 ( 18)  -0.26 ( 32) |

