1|1|56|268|107|244|5SX|E|10|HK
1|1|192|122|171|141|5SX|E|11|CA
1|1|282|207|279|157|5S|E|10|CA
1|1|197|11|144|116|5S|E|10|HK
1|1|72|246|305|98|5S|E|11|CA
1|1|295|303|26|5|5SX|W|10|HJ
1|1|25|259|185|306|5HX|S|10|C2
1|1|149|147|33|199|5S|E|10|D3
1|1|76|63|71|191|6H|S|11|H5
1|1|201|84|304|41|5S|E|10|CA
1|10|56|268|107|244|1N|E|6|DT
1|10|192|122|171|141|1N|E|6|DT
1|10|282|207|279|157|1N|E|6|DT
1|10|197|11|144|116|2S|N|9|SK
1|10|72|246|305|98|1N|W|6|S5
1|10|295|303|26|5|1N|E|7|DT
1|10|25|259|185|306|1N|E|6|S8
1|10|149|147|33|199|1N|W|6|S5
1|10|76|63|71|191|1N|W|6|S5
1|10|201|84|304|41|1N|W|6|S5
1|11|56|268|107|244|2H|E|7|C7
1|11|192|122|171|141|2H|E|8|HA
1|11|282|207|279|157|2H|N|6|S2
1|11|197|11|144|116|2HX|N|6|S2
1|11|72|246|305|98|2H|E|8|HA
1|11|295|303|26|5|2HX|N|6|S2
1|11|25|259|185|306|2D|W|8|D6
1|11|149|147|33|199|2D|W|6|D8
1|11|76|63|71|191|2H|N|5|S2
1|11|201|84|304|41|1N|E|7|C8
1|12|56|268|107|244|4S|N|9|SA
1|12|192|122|171|141|3H|E|7|CQ
1|12|282|207|279|157|1N|N|9|HK
1|12|197|11|144|116|1N|N|9|H7
1|12|72|246|305|98|1N|N|9|H7
1|12|295|303|26|5|3H|E|8|CQ
1|12|25|259|185|306|4S|N|9|HK
1|12|149|147|33|199|2S|S|8|C8
1|12|76|63|71|191|4S|N|8|HK
1|12|201|84|304|41|2S|S|9|C8
1|13|56|268|107|244|1N|N|9|D6
1|13|192|122|171|141|3S|E|7|D5
1|13|282|207|279|157|3C|N|10|S3
1|13|197|11|144|116|4C|N|10|D6
1|13|72|246|305|98|3N|N|9|D7
1|13|295|303|26|5|3D|E|10|C9
1|13|25|259|185|306|2D|E|8|H4
1|13|149|147|33|199|3D|W|8|H7
1|13|76|63|71|191|3C|N|9|D8
1|13|201|84|304|41|3D|E|9|H4
1|14|56|268|107|244|4H|E|10|D3
1|14|192|122|171|141|4H|E|8|D3
1|14|282|207|279|157|3N|E|9|C5
1|14|197|11|144|116|3N|E|10|S6
1|14|72|246|305|98|2CX|S|7|C9
1|14|295|303|26|5|4H|E|9|D3
1|14|25|259|185|306|4H|E|8|D3
1|14|149|147|33|199|4H|E|9|D3
1|14|76|63|71|191|4H|E|9|CA
1|14|201|84|304|41|4H|E|10|D3
1|15|56|268|107|244|2C|W|6|S2
1|15|192|122|171|141|1S|S|9|C2
1|15|282|207|279|157|1N|W|3|H5
1|15|197|11|144|116|1N|W|5|H3
1|15|72|246|305|98|1N|S|7|C5
1|15|295|303|26|5|1N|W|5|H3
1|15|25|259|185|306|1S|S|10|DQ
1|15|149|147|33|199|1N|N|8|D2
1|15|76|63|71|191|2D|N|9|CJ
1|15|201|84|304|41|1D|S|9|C2
1|16|56|268|107|244|4S|E|11|HQ
1|16|192|122|171|141|4S|E|11|HQ
1|16|282|207|279|157|4S|W|11|D7
1|16|197|11|144|116|6S|E|12|DT
1|16|72|246|305|98|4S|E|11|C2
1|16|295|303|26|5|4S|E|11|HQ
1|16|25|259|185|306|4S|W|13|S3
1|16|149|147|33|199|4S|E|11|HQ
1|16|76|63|71|191|4S|E|11|HQ
1|16|201|84|304|41|4S|E|12|HQ
1|17|56|268|107|244|P||0
1|17|192|122|171|141|P||0
1|17|282|242|279|144|1N|E|6|C4
1|17|197|103|157|116|1N|W|6|HJ
1|17|72|246|305|98|P||0
1|17|238|274|209|190|1N|W|6|H3
1|17|25|259|185|306|P||0
1|17|48|95|258|204|P||0
1|17|76|63|71|191|1N|W|6|HJ
1|17|201|84|304|41|1N|W|6|C8
1|18|56|268|107|244|4S|W|12|DA
1|18|192|122|171|141|6C|E|11|HQ
1|18|282|242|279|144|4S|E|11|HQ
1|18|197|103|157|116|4S|W|12|DA
1|18|72|246|305|98|4S|W|11|C2
1|18|238|274|209|190|4S|E|11|HQ
1|18|25|259|185|306|4S|W|12|DA
1|18|48|95|258|204|4S|W|11|C2
1|18|76|63|71|191|4S|W|12|DA
1|18|201|84|304|41|4S|W|11|C2
1|19|56|268|107|244|6S|S|11|C8
1|19|192|122|171|141|6S|N|11|C5
1|19|282|242|279|144|6S|N|11|D2
1|19|197|103|157|116|4S|N|10|C5
1|19|72|246|305|98|4S|N|10|C5
1|19|238|274|209|190|4H|S|12|C4
1|19|25|259|185|306|6S|N|10|C3
1|19|48|95|258|204|6H|N|12|D3
1|19|76|63|71|191|4S|N|13|HQ
1|19|201|84|304|41|6S|N|12|HJ
1|2|56|268|107|244|3N|W|9|HT
1|2|192|122|171|141|3N|E|9|C6
1|2|282|207|279|157|3N|E|8|D4
1|2|197|11|144|116|3N|W|10|C2
1|2|72|246|305|98|3N|E|10|D3
1|2|295|303|26|5|3N|W|9|HT
1|2|25|259|185|306|2N|W|10|C7
1|2|149|147|33|199|3N|E|8|D3
1|2|76|63|71|191|2N|W|8|C7
1|2|201|84|304|41|3N|W|10|C7
1|20|56|268|107|244|1N|S|9|S2
1|20|192|122|171|141|1N|S|9|S2
1|20|282|242|279|144|4H|N|9|D4
1|20|197|103|157|116|4H|N|8|SK
1|20|72|246|305|98|3H|N|8|C8
1|20|238|274|209|190|2H|N|8|C9
1|20|25|259|185|306|1N|S|7|D3
1|20|48|95|258|204|1N|S|8|D3
1|20|76|63|71|191|1H|N|8|S8
1|20|201|84|304|41|3H|N|10|D5
1|21|56|268|107|244|2S|S|8|CA
1|21|192|122|171|141|2S|S|9|S3
1|21|282|242|279|144|2D|S|10|CA
1|21|197|103|157|116|1N|S|7|S3
1|21|72|246|305|98|1N|S|6|CA
1|21|238|274|209|190|2S|S|8|CA
1|21|25|259|185|306|4S|N|8|CT
1|21|48|95|258|204|3S|S|8|CA
1|21|76|63|71|191|3D|N|9|CT
1|21|201|84|304|41|2D|S|10|D6
1|22|56|268|107|244|6D|S|11|CA
1|22|192|122|171|141|6N|S|12|H4
1|22|282|242|279|144|6N|S|13|H6
1|22|197|103|157|116|6N|S|12|CA
1|22|72|246|305|98|6H|N|10|S4
1|22|238|274|209|190|6N|S|12|H6
1|22|25|259|185|306|6N|S|12|CA
1|22|48|95|258|204|6N|S|12|H6
1|22|76|63|71|191|6N|N|12|ST
1|22|201|84|304|41|4N|N|12|S6
1|23|56|268|107|244|4S|E|12|C6
1|23|192|122|171|141|5S|E|12|C6
1|23|282|242|279|144|4S|W|12|HJ
1|23|197|103|157|116|5S|E|12|C6
1|23|72|246|305|98|2S|E|12|C9
1|23|238|274|209|190|4S|E|12|C6
1|23|25|259|185|306|4S|E|12|C6
1|23|48|95|258|204|6C|W|12|C2
1|23|76|63|71|191|6S|E|12|D5
1|23|201|84|304|41|4S|E|12|SJ
1|24|56|268|107|244|4S|E|10|C4
1|24|192|122|171|141|4S|E|10|C4
1|24|282|242|279|144|4S|W|9|CJ
1|24|197|103|157|116|3CX|S|7|CA
1|24|72|246|305|98|4S|E|10|D5
1|24|238|274|209|190|4S|W|9|D2
1|24|25|259|185|306|4S|E|10|D5
1|24|48|95|258|204|2S|E|10|C4
1|24|76|63|71|191|4S|E|10|D5
1|24|201|84|304|41|4S|E|10|C4
1|25|56|268|107|244|3S|N|9|DT
1|25|192|122|171|141|2S|S|9|HT
1|25|282|242|279|144|2S|N|10|HA
1|25|197|103|157|116|4S|N|10|D9
1|25|72|246|305|98|2S|N|9|DT
1|25|238|274|209|190|4S|S|10|HT
1|25|25|259|185|306|4S|N|10|HA
1|25|48|95|258|204|4S|S|10|H9
1|25|76|63|71|191|2S|N|9|DT
1|25|201|84|304|41|4S|S|10|H4
1|26|56|268|107|244|4S|N|9|C3
1|26|192|122|171|141|2S|S|10|C7
1|26|282|242|279|144|3S|S|10|D5
1|26|197|103|157|116|1S|S|10|C7
1|26|72|246|305|98|4S|S|10|D3
1|26|238|274|209|190|4S|S|11|D5
1|26|25|259|185|306|2S|S|10|C5
1|26|48|95|258|204|1S|S|9|D3
1|26|76|63|71|191|3S|S|10|C7
1|26|201|84|304|41|3S|S|8|D9
1|27|56|268|107|244|2H|E|9|DA
1|27|192|122|171|141|3H|E|9|DA
1|27|282|242|279|144|3H|W|8|D8
1|27|197|103|157|116|3D|S|9|HA
1|27|72|246|305|98|3N|S|7|S4
1|27|238|274|209|190|3H|E|9|C8
1|27|25|259|185|306|3N|N|7|HJ
1|27|48|95|258|204|3H|E|9|S9
1|27|76|63|71|191|3D|N|10|CJ
1|27|201|84|304|41|3C|N|9|D9
1|28|56|268|107|244|2H|N|9|DJ
1|28|192|122|171|141|3C|E|9|D5
1|28|282|242|279|144|3C|E|9|S5
1|28|197|103|157|116|2C|E|9|D5
1|28|72|246|305|98|3N|E|6|H2
1|28|238|274|209|190|3C|E|9|S5
1|28|25|259|185|306|4C|E|10|C4
1|28|48|95|258|204|1N|E|6|H2
1|28|76|63|71|191|3H|N|9|DT
1|28|201|84|304|41|3N|E|9|H2
1|29|56|268|107|244|4S|W|10|DJ
1|29|192|122|171|141|4S|E|10|H4
1|29|282|242|279|144|4S|W|10|DJ
1|29|197|103|157|116|4S|W|11|CQ
1|29|72|246|305|98|3N|W|8|D3
1|29|238|274|209|190|4S|W|10|DJ
1|29|25|259|185|306|4S|E|10|DA
1|29|48|95|258|204|4S|W|10|DT
1|29|76|63|71|191|4S|W|9|CQ
1|29|201|84|304|41|4S|W|10|DJ
1|3|56|268|107|244|2N|S|5|DQ
1|3|192|122|171|141|3D|W|8|C7
1|3|282|207|279|157|2D|E|8|SK
1|3|197|11|144|116|2H|N|3|ST
1|3|72|246|305|98|1N|S|6|DA
1|3|295|303|26|5|3C|S|8|SJ
1|3|25|259|185|306|2D|W|10|C7
1|3|149|147|33|199|1N|S|6|DQ
1|3|76|63|71|191|3C|S|8|DA
1|3|201|84|304|41|2C|S|9|CQ
1|30|56|268|107|244|2D|E|9|CJ
1|30|192|122|171|141|2D|E|9|C2
1|30|282|242|279|144|3D|E|8|C2
1|30|197|103|157|116|1N|E|5|H5
1|30|72|246|305|98|1N|E|4|H4
1|30|238|274|209|190|2S|W|5|CK
1|30|25|259|185|306|2D|E|8|SA
1|30|48|95|258|204|3D|E|8|C8
1|30|76|63|71|191|3S|W|8|DA
1|30|201|84|304|41|3N|S|8|D5
1|31|56|268|107|244|2SX|W|6|HA
1|31|192|122|171|141|2SX|W|6|HA
1|31|282|242|279|144|2SX|W|5|HA
1|31|197|103|157|116|3D|N|10|S7
1|31|72|246|305|98|3N|S|9|S5
1|31|238|274|209|190|2SX|W|5|HA
1|31|25|259|185|306|1SX|W|5|HA
1|31|48|95|258|204|2SX|W|6|HA
1|31|76|63|71|191|2SX|W|6|HA
1|31|201|84|304|41|2SX|W|6|HA
1|32|56|268|107|244|3N|E|10|HA
1|32|192|122|171|141|3N|E|7|C6
1|32|282|242|279|144|3CX|E|9|D5
1|32|197|103|157|116|3C|E|8|D5
1|32|72|246|305|98|3C|E|9|D2
1|32|238|274|209|190|2C|E|9|HA
1|32|25|259|185|306|3C|E|10|D5
1|32|48|95|258|204|4C|E|9|D5
1|32|76|63|71|191|2N|E|7|HA
1|32|201|84|304|41|2S|W|7|CJ
1|4|56|268|107|244|4S|E|10|CT
1|4|192|122|171|141|4S|E|10|CJ
1|4|282|207|279|157|4S|E|10|CJ
1|4|197|11|144|116|4S|E|11|DA
1|4|72|246|305|98|3N|W|7|D3
1|4|295|303|26|5|4S|E|10|DA
1|4|25|259|185|306|4S|E|10|CJ
1|4|149|147|33|199|4S|E|10|DA
1|4|76|63|71|191|4S|E|10|CJ
1|4|201|84|304|41|4S|E|10|DA
1|5|56|268|107|244|3N|S|11|C2
1|5|192|122|171|141|4S|N|7|SQ
1|5|282|207|279|157|6DX|S|11|S4
1|5|197|11|144|116|3N|S|10|C2
1|5|72|246|305|98|3N|S|9|C2
1|5|295|303|26|5|3N|S|9|C2
1|5|25|259|185|306|3N|S|11|C2
1|5|149|147|33|199|3CX|E|6|D4
1|5|76|63|71|191|3N|S|10|C2
1|5|201|84|304|41|5D|S|11|H6
1|6|56|268|107|244|4S|S|10|DA
1|6|192|122|171|141|4S|S|10|DA
1|6|282|207|279|157|3N|S|9|D4
1|6|197|11|144|116|3N|S|9|H5
1|6|72|246|305|98|3N|S|9|H5
1|6|295|303|26|5|4S|S|10|DA
1|6|25|259|185|306|4S|S|10|DA
1|6|149|147|33|199|4S|S|10|DA
1|6|76|63|71|191|4S|S|10|DA
1|6|201|84|304|41|4S|S|10|DA
1|7|56|268|107|244|4S|N|9|CK
1|7|192|122|171|141|3N|W|8|SQ
1|7|282|207|279|157|3N|E|7|S4
1|7|197|11|144|116|3N|W|7|SQ
1|7|72|246|305|98|2H|E|9|D2
1|7|295|303|26|5|2H|E|9|D2
1|7|25|259|185|306|3H|E|9|D2
1|7|149|147|33|199|2H|E|10|D2
1|7|76|63|71|191|3S|N|10|CK
1|7|201|84|304|41|3N|W|7|SQ
1|8|56|268|107|244|4S|W|9|HQ
1|8|192|122|171|141|4S|W|10|HQ
1|8|282|207|279|157|4S|E|10|HA
1|8|197|11|144|116|4S|E|10|HA
1|8|72|246|305|98|3N|W|9|H2
1|8|295|303|26|5|5C|W|11|HQ
1|8|25|259|185|306|4S|E|10|HA
1|8|149|147|33|199|5C|W|10|DJ
1|8|76|63|71|191|4S|E|10|HA
1|8|201|84|304|41|3S|E|9|HA
1|9|56|268|107|244|3N|E|9|C7
1|9|192|122|171|141|3D|E|11|H8
1|9|282|207|279|157|3N|E|9|C6
1|9|197|11|144|116|4D|E|10|CA
1|9|72|246|305|98|3NX|W|9|H6
1|9|295|303|26|5|4D|E|10|S9
1|9|25|259|185|306|3D|E|10|H8
1|9|149|147|33|199|3D|E|9|S9
1|9|76|63|71|191|2D|E|11|D2
1|9|201|84|304|41|3D|E|9|D9
2|1|207|122|197|141|3D|S|6|CK
2|1|56|242|107|144|2H|E|10|HA
2|1|295|282|26|279|3H|W|10|S2
2|1|11|238|116|209|1N|S|5|H5
2|1|149|303|33|5|4C|N|8|HT
2|1|274|48|190|258|3H|W|10|C5
2|1|201|147|304|199|2H|W|10|S2
2|1|95|63|204|191|2H|W|10|D3
2|1|129|84|192|41|1N|S|6|H6
2|1|76|268|71|244|1N|S|5|H5
2|10|207|122|197|141|2S|N|8|D3
2|10|56|242|107|144|1N|W|6|CA
2|10|295|282|26|279|2S|N|9|D3
2|10|11|238|116|209|2S|N|9|C8
2|10|149|303|33|5|2S|S|10|CQ
2|10|274|48|190|258|2H|E|8|S6
2|10|201|147|304|199|2S|S|8|CQ
2|10|95|63|204|191|2S|N|10|C8
2|10|129|84|192|41|2S|N|8|C6
2|10|76|268|71|244|2H|W|7|H7
2|11|207|122|197|141|5D|W|12|DQ
2|11|56|242|107|144|5C|E|12|SQ
2|11|295|282|26|279|5D|W|12|HT
2|11|11|238|116|209|3D|E|12|D3
2|11|149|303|33|5|5C|W|12|H9
2|11|274|48|190|258|2S|E|7|H2
2|11|201|147|304|199|4N|E|12|SQ
2|11|95|63|204|191|6C|W|12|H9
2|11|129|84|192|41|6C|E|12|H3
2|11|76|268|71|244|6C|W|12|DQ
2|12|207|122|197|141|4S|N|11|D7
2|12|56|242|107|144|2H|W|5|SQ
2|12|295|282|26|279|3N|S|11|DK
2|12|11|238|116|209|3N|N|11|D7
2|12|149|303|33|5|4S|N|11|D7
2|12|274|48|190|258|3N|S|10|DK
2|12|201|147|304|199|4S|N|11|HT
2|12|95|63|204|191|5S|N|11|D7
2|12|129|84|192|41|4S|N|10|D7
2|12|76|268|71|244|4S|N|11|S3
2|13|207|122|197|141|4S|W|12|CT
2|13|56|242|107|144|5C|E|12|D2
2|13|295|282|26|279|4S|W|11|H2
2|13|11|238|116|209|5C|E|12|D2
2|13|149|303|33|5|4S|W|11|D4
2|13|274|48|190|258|6S|E|11|D2
2|13|201|147|304|199|3H|S|7|D3
2|13|95|63|204|191|5C|E|11|H3
2|13|129|84|192|41|4S|W|11|CT
2|13|76|268|71|244|5DX|S|7|D3
2|14|207|122|197|141|3N|N|8|CT
2|14|56|242|107|144|3N|N|10|C8
2|14|295|282|26|279|3N|N|11|CT
2|14|11|238|116|209|3N|S|8|S5
2|14|149|303|33|5|3N|S|10|D3
2|14|274|48|190|258|3N|N|9|CT
2|14|201|147|304|199|3N|N|10|CT
2|14|95|63|204|191|3N|S|10|S5
2|14|129|84|192|41|3N|S|9|S5
2|14|76|268|71|244|3N|N|9|CT
2|15|207|122|197|141|3N|N|7|D2
2|15|56|242|107|144|2H|S|8|SA
2|15|295|282|26|279|1NX|W|5|S4
2|15|11|238|116|209|3N|N|10|D2
2|15|149|303|33|5|1NX|W|6|CA
2|15|274|48|190|258|3N|N|8|H5
2|15|201|147|304|199|3N|N|8|D3
2|15|95|63|204|191|4H|S|8|SA
2|15|129|84|192|41|3N|N|7|D8
2|15|76|268|71|244|3N|N|7|D2
2|16|207|122|197|141|5C|N|11|HA
2|16|56|242|107|144|3H|E|9|DA
2|16|295|282|26|279|3C|N|11|HK
2|16|11|238|116|209|3N|N|6|HA
2|16|149|303|33|5|5C|N|11|HA
2|16|274|48|190|258|2S|N|10|HK
2|16|201|147|304|199|5C|N|11|HK
2|16|95|63|204|191|5C|S|11|H2
2|16|129|84|192|41|3C|N|11|HA
2|16|76|268|71|244|4S|N|8|CA
2|17|197|122|157|141|3H|N|7|H4
2|17|56|242|107|207|5C|W|11|HA
2|17|295|53|26|282|5C|W|11|HA
2|17|11|246|103|98|3H|N|8|DK
2|17|48|274|258|190|5C|E|12|H3
2|17|303|259|5|306|5C|W|11|HA
2|17|201|147|304|199|4C|E|12|H2
2|17|25|63|185|23|4S|E|10|H2
2|17|192|84|171|41|4C|E|12|H2
2|17|76|268|71|244|5C|W|12|HA
2|18|197|122|157|141|2H|E|9|D2
2|18|56|242|107|207|2S|W|4|DA
2|18|295|53|26|282|2H|E|9|D3
2|18|11|246|103|98|2H|E|9|D3
2|18|48|274|258|190|3N|E|5|CA
2|18|303|259|5|306|1N|E|9|H3
2|18|201|147|304|199|3N|E|7|D2
2|18|25|63|185|23|2S|W|7|DA
2|18|192|84|171|41|2H|E|8|D3
2|18|76|268|71|244|2H|E|9|SJ
2|19|197|122|157|141|3N|E|9|HK
2|19|56|242|107|207|2N|E|6|HK
2|19|295|53|26|282|P||0
2|19|11|246|103|98|1H|S|6|DA
2|19|48|274|258|190|3N|E|7|HK
2|19|303|259|5|306|P||0
2|19|201|147|304|199|3H|S|6|H7
2|19|25|63|185|23|P||0
2|19|192|84|171|41|4C|E|8|HK
2|19|76|268|71|244|P||0
2|2|207|122|197|141|4S|W|10|DT
2|2|56|242|107|144|4S|E|10|H7
2|2|295|282|26|279|4S|W|10|DT
2|2|11|238|116|209|4S|W|10|CA
2|2|149|303|33|5|4S|W|10|DT
2|2|274|48|190|258|4S|W|10|DT
2|2|201|147|304|199|4S|W|10|DT
2|2|95|63|204|191|4S|W|10|CA
2|2|129|84|192|41|4S|W|11|H3
2|2|76|268|71|244|4S|W|11|CA
2|20|197|122|157|141|3D|N|11|HK
2|20|56|242|107|207|3N|N|9|HK
2|20|295|53|26|282|4S|N|8|HK
2|20|11|246|103|98|4S|N|8|HK
2|20|48|274|258|190|3N|N|9|HK
2|20|303|259|5|306|4S|N|9|HK
2|20|201|147|304|199|3N|N|9|HK
2|20|25|63|185|23|3N|N|9|HK
2|20|192|84|171|41|2S|N|9|HK
2|20|76|268|71|244|4S|N|8|HK
2|21|197|122|157|141|3N|S|9|C4
2|21|56|242|107|207|3N|S|5|SA
2|21|295|53|26|282|3N|S|9|C2
2|21|11|246|103|98|1N|S|6|C4
2|21|48|274|258|190|3N|S|7|C4
2|21|303|259|5|306|3N|S|5|C4
2|21|201|147|304|199|3N|S|6|HJ
2|21|25|63|185|23|1N|S|6|C4
2|21|192|84|171|41|3N|S|9|C7
2|21|76|268|71|244|2N|S|9|C4
2|22|197|122|157|141|6C|E|13|SJ
2|22|56|242|107|207|3N|E|11|SJ
2|22|295|53|26|282|6C|W|12|HJ
2|22|11|246|103|98|6N|E|12|H4
2|22|48|274|258|190|3N|E|11|ST
2|22|303|259|5|306|6N|E|12|SJ
2|22|201|147|304|199|3N|E|11|SJ
2|22|25|63|185|23|3N|E|11|H6
2|22|192|84|171|41|5C|E|12|SJ
2|22|76|268|71|244|6N|E|12|H6
2|23|197|122|157|141|2S|S|9|CA
2|23|56|242|107|207|3S|S|9|CA
2|23|295|53|26|282|4S|S|10|CA
2|23|11|246|103|98|4S|S|9|CA
2|23|48|274|258|190|2S|S|10|HQ
2|23|303|259|5|306|2S|S|9|CA
2|23|201|147|304|199|3S|S|9|CA
2|23|25|63|185|23|2S|S|9|HQ
2|23|192|84|171|41|3S|S|9|CA
2|23|76|268|71|244|2S|S|9|CA
2|24|197|122|157|141|3S|S|11|CK
2|24|56|242|107|207|4S|S|11|CA
2|24|295|53|26|282|4S|N|10|CQ
2|24|11|246|103|98|5C|W|11|C3
2|24|48|274|258|190|3S|S|11|CK
2|24|303|259|5|306|4S|N|11|CQ
2|24|201|147|304|199|4S|N|11|CQ
2|24|25|63|185|23|4SX|S|11|CA
2|24|192|84|171|41|4S|N|10|CQ
2|24|76|268|71|244|4S|N|11|CQ
2|25|197|122|157|141|1S|N|5|C6
2|25|56|242|107|207|3H|E|7|S4
2|25|295|53|26|282|2S|N|5|C6
2|25|11|246|103|98|2H|E|7|S4
2|25|48|274|258|190|4H|E|9|S2
2|25|303|259|5|306|2S|N|5|C9
2|25|201|147|304|199|2H|E|9|S4
2|25|25|63|185|23|2H|E|8|S4
2|25|192|84|171|41|2H|E|9|S4
2|25|76|268|71|244|1S|N|6|H3
2|26|197|122|157|141|1S|E|7|HT
2|26|56|242|107|207|2D|N|9|HA
2|26|295|53|26|282|2D|N|7|HA
2|26|11|246|103|98|2D|N|9|CA
2|26|48|274|258|190|2H|W|8|SK
2|26|303|259|5|306|2D|N|9|CA
2|26|201|147|304|199|2D|N|7|HK
2|26|25|63|185|23|1N|N|10|C5
2|26|192|84|171|41|2D|N|9|HA
2|26|76|268|71|244|2D|N|9|HA
2|27|197|122|157|141|2S|E|5|D2
2|27|56|242|107|207|4C|W|9|DA
2|27|295|53|26|282|4C|W|8|S6
2|27|11|246|103|98|2H|E|6|D3
2|27|48|274|258|190|3C|W|8|S5
2|27|303|259|5|306|3C|W|9|S6
2|27|201|147|304|199|4H|E|8|D3
2|27|25|63|185|23|4C|W|8|S6
2|27|192|84|171|41|4C|W|8|DA
2|27|76|268|71|244|4H|E|6|D2
2|28|197|122|157|141|3NX|N|10|C2
2|28|56|242|107|207|2S|S|9|S4
2|28|295|53|26|282|2S|S|9|DA
2|28|11|246|103|98|2S|S|9|S2
2|28|48|274|258|190|1NX|W|5|CQ
2|28|303|259|5|306|3N|N|10|D5
2|28|201|147|304|199|3N|N|10|C3
2|28|25|63|185|23|3N|N|10|D5
2|28|192|84|171|41|2S|S|9|S2
2|28|76|268|71|244|3N|N|11|C2
2|29|197|122|157|141|3H|S|9|CQ
2|29|56|242|107|207|2H|S|9|CQ
2|29|295|53|26|282|3S|W|8|CA
2|29|11|246|103|98|4H|N|9|C4
2|29|48|274|258|190|4S|W|9|D6
2|29|303|259|5|306|4S|E|10|H7
2|29|201|147|304|199|4H|N|9|H2
2|29|25|63|185|23|4S|E|9|HQ
2|29|192|84|171|41|3S|W|8|HJ
2|29|76|268|71|244|4H|N|9|C4
2|3|207|122|197|141|3N|E|7|H7
2|3|56|242|107|144|2N|W|8|DJ
2|3|295|282|26|279|3N|E|9|H7
2|3|11|238|116|209|3N|E|8|S2
2|3|149|303|33|5|3N|E|7|HT
2|3|274|48|190|258|3N|E|8|H7
2|3|201|147|304|199|3C|E|8|D6
2|3|95|63|204|191|3N|E|9|H3
2|3|129|84|192|41|3N|E|9|HA
2|3|76|268|71|244|3N|E|8|C6
2|30|197|122|157|141|6C|E|13|H2
2|30|56|242|107|207|6C|E|12|H3
2|30|295|53|26|282|6HX|N|9|CK
2|30|11|246|103|98|6C|E|12|H3
2|30|48|274|258|190|7HX|N|9|CK
2|30|303|259|5|306|6C|E|13|S3
2|30|201|147|304|199|5HX|N|9|CK
2|30|25|63|185|23|7C|E|12|H8
2|30|192|84|171|41|5C|E|12|H3
2|30|76|268|71|244|7C|E|12|C8
2|31|197|122|157|141|4SX|E|7|HA
2|31|56|242|107|207|1N|S|8|D5
2|31|295|53|26|282|3S|E|6|CQ
2|31|11|246|103|98|2D|W|9|S2
2|31|48|274|258|190|2S|E|7|CJ
2|31|303|259|5|306|3H|S|9|CA
2|31|201|147|304|199|3H|S|9|CA
2|31|25|63|185|23|5DX|W|9|H4
2|31|192|84|171|41|4H|S|9|CA
2|31|76|268|71|244|3H|S|9|SQ
2|32|197|122|157|141|3N|W|11|C5
2|32|56|242|107|207|3N|W|9|CT
2|32|295|53|26|282|3N|W|10|C5
2|32|11|246|103|98|3N|W|10|C5
2|32|48|274|258|190|3N|W|11|C5
2|32|303|259|5|306|3N|W|11|C5
2|32|201|147|304|199|3N|W|11|C5
2|32|25|63|185|23|3N|W|10|C5
2|32|192|84|171|41|3N|E|11|H6
2|32|76|268|71|244|3N|W|12|C5
2|4|207|122|197|141|4S|N|9|S3
2|4|56|242|107|144|3S|N|9|D2
2|4|295|282|26|279|3S|N|10|CT
2|4|11|238|116|209|3N|S|8|C3
2|4|149|303|33|5|3S|N|9|CT
2|4|274|48|190|258|3S|N|10|S6
2|4|201|147|304|199|2S|N|9|S6
2|4|95|63|204|191|3S|N|8|CT
2|4|129|84|192|41|3S|N|9|D8
2|4|76|268|71|244|3S|N|8|D4
2|5|207|122|197|141|3C|N|10|SQ
2|5|56|242|107|144|2H|W|8|DK
2|5|295|282|26|279|3H|W|8|DK
2|5|11|238|116|209|3C|N|12|H8
2|5|149|303|33|5|3C|N|10|H8
2|5|274|48|190|258|4H|W|8|C8
2|5|201|147|304|199|3H|W|8|DK
2|5|95|63|204|191|3H|W|8|DK
2|5|129|84|192|41|2HX|W|8|DK
2|5|76|268|71|244|2N|S|8|H3
2|6|207|122|197|141|6D|E|12|CJ
2|6|56|242|107|144|3N|W|12|H5
2|6|295|282|26|279|6D|E|12|HT
2|6|11|238|116|209|3N|W|12|H5
2|6|149|303|33|5|6D|E|12|HT
2|6|274|48|190|258|6N|E|12|CJ
2|6|201|147|304|199|6D|E|12|CJ
2|6|95|63|204|191|6D|E|12|CJ
2|6|129|84|192|41|6D|E|12|CJ
2|6|76|268|71|244|3N|W|12|ST
2|7|207|122|197|141|3D|W|10|SK
2|7|56|242|107|144|3C|N|9|S5
2|7|295|282|26|279|3S|W|6|HT
2|7|11|238|116|209|2D|E|8|H6
2|7|149|303|33|5|2S|W|6|HT
2|7|274|48|190|258|3C|N|8|S2
2|7|201|147|304|199|2H|E|8|C5
2|7|95|63|204|191|2S|W|9|HT
2|7|129|84|192|41|2D|E|9|H6
2|7|76|268|71|244|3S|W|8|CA
2|8|207|122|197|141|2D|W|10|HQ
2|8|56|242|107|144|2H|W|9|SQ
2|8|295|282|26|279|1N|N|7|H2
2|8|11|238|116|209|1N|N|6|H4
2|8|149|303|33|5|2N|N|6|H4
2|8|274|48|190|258|2D|W|8|SQ
2|8|201|147|304|199|1S|W|7|D5
2|8|95|63|204|191|1S|W|7|D5
2|8|129|84|192|41|1N|N|6|H7
2|8|76|268|71|244|1N|N|6|H4
2|9|207|122|197|141|1S|S|5|C2
2|9|56|242|107|144|3D|S|7|HK
2|9|295|282|26|279|2D|N|6|D3
2|9|11|238|116|209|2C|W|7|S2
2|9|149|303|33|5|4D|N|8|SA
2|9|274|48|190|258|1S|S|5|HK
2|9|201|147|304|199|2C|W|7|S2
2|9|95|63|204|191|2C|N|6|SA
2|9|129|84|192|41|2C|N|5|D3
2|9|76|268|71|244|2D|S|8|D2
3|1|56|295|107|26|6S|E|11|HT
3|1|238|122|209|141|4S|E|12|C2
3|1|53|259|279|306|6D|W|12|HQ
3|1|149|11|33|116|6DX|W|12|HQ
3|1|72|63|305|23|6S|E|11|HJ
3|1|201|303|304|5|4S|E|11|HJ
3|1|25|84|185|41|4S|E|11|C2
3|1|76|95|71|204|4S|E|11|C7
3|1|207|268|197|244|5S|E|11|C7
3|1|192|242|171|144|6S|E|12|HJ
3|10|56|295|107|26|3H|W|9|H2
3|10|238|122|209|141|4S|S|10|HK
3|10|53|259|279|306|3D|S|11|D8
3|10|149|11|33|116|4D|S|10|HK
3|10|72|63|305|23|2H|W|10|SA
3|10|201|303|304|5|3D|S|9|CK
3|10|25|84|185|41|3D|S|10|CK
3|10|76|95|71|204|4HX|W|10|SA
3|10|207|268|197|244|3H|E|9|DK
3|10|192|242|171|144|4S|S|10|HK
3|11|56|295|107|26|4S|S|11|HQ
3|11|238|122|209|141|6S|S|11|D5
3|11|53|259|279|306|4S|S|11|HQ
3|11|149|11|33|116|6S|S|11|D5
3|11|72|63|305|23|4S|S|12|HQ
3|11|201|303|304|5|4S|S|11|D5
3|11|25|84|185|41|6S|S|12|D5
3|11|76|95|71|204|6S|S|11|S7
3|11|207|268|197|244|6S|S|12|HQ
3|11|192|242|171|144|4S|S|11|HQ
3|12|56|295|107|26|1N|N|6|D7
3|12|238|122|209|141|2S|E|8|C8
3|12|53|259|279|306|2D|E|9|C6
3|12|149|11|33|116|2D|W|10|HK
3|12|72|63|305|23|1N|W|8|HK
3|12|201|303|304|5|2D|E|8|C6
3|12|25|84|185|41|1N|N|3|D7
3|12|76|95|71|204|1N|N|3|D2
3|12|207|268|197|244|1H|N|7|CQ
3|12|192|242|171|144|2D|W|10|HK
3|13|56|295|107|26|5C|E|10|D5
3|13|238|122|209|141|4H|E|9|DT
3|13|53|259|279|306|4H|E|9|DT
3|13|149|11|33|116|6C|E|11|DT
3|13|72|63|305|23|3C|E|10|C8
3|13|201|303|304|5|5C|E|11|C8
3|13|25|84|185|41|4H|E|6|DT
3|13|76|95|71|204|5C|E|11|DT
3|13|207|268|197|244|3N|W|11|D6
3|13|192|242|171|144|5C|W|11|DA
3|14|56|295|107|26|4S|N|11|DJ
3|14|238|122|209|141|4S|N|11|D7
3|14|53|259|279|306|4S|N|11|C7
3|14|149|11|33|116|3N|S|10|H6
3|14|72|63|305|23|4S|S|11|S2
3|14|201|303|304|5|4S|N|10|H4
3|14|25|84|185|41|4S|N|12|DJ
3|14|76|95|71|204|3N|S|10|S9
3|14|207|268|197|244|6S|N|10|H4
3|14|192|242|171|144|4S|N|12|DJ
3|15|56|295|107|26|6S|W|13|D5
3|15|238|122|209|141|4S|W|12|D5
3|15|53|259|279|306|4S|W|12|D5
3|15|149|11|33|116|6S|W|12|D5
3|15|72|63|305|23|2HX|N|7|CJ
3|15|201|303|304|5|5S|W|13|H2
3|15|25|84|185|41|3N|E|12|SQ
3|15|76|95|71|204|4S|E|11|D8
3|15|207|268|197|244|4S|E|12|HA
3|15|192|242|171|144|6S|W|12|D5
3|16|56|295|107|26|4C|W|10|DJ
3|16|238|122|209|141|4C|W|10|DJ
3|16|53|259|279|306|2H|W|7|DJ
3|16|149|11|33|116|2N|S|8|H8
3|16|72|63|305|23|3N|S|8|CA
3|16|201|303|304|5|4SX|N|6|H3
3|16|25|84|185|41|3D|N|8|H3
3|16|76|95|71|204|4C|W|10|S2
3|16|207|268|197|244|4DX|S|9|CK
3|16|192|242|171|144|3S|N|7|H3
3|17|56|238|107|209|3N|S|11|H7
3|17|246|122|98|141|3N|S|10|SJ
3|17|282|48|279|258|2HX|E|5|CA
3|17|149|103|33|116|3N|N|12|S6
3|17|274|201|190|304|3N|S|11|SJ
3|17|63|72|23|305|3NXX|S|11|SJ
3|17|147|84|199|41|6N|S|11|CJ
3|17|76|95|71|204|3N|N|12|S6
3|17|197|268|157|244|3N|N|9|H5
3|17|129|242|171|144|3N|N|10|SA
3|18|56|238|107|209|2S|E|10|CT
3|18|246|122|98|141|3S|E|9|S2
3|18|282|48|279|258|2S|E|9|S2
3|18|149|103|33|116|3S|E|10|C9
3|18|274|201|190|304|3S|E|9|HQ
3|18|63|72|23|305|3S|E|8|S2
3|18|147|84|199|41|3S|E|9|S3
3|18|76|95|71|204|3S|E|9|HQ
3|18|197|268|157|244|4S|E|9|DA
3|18|129|242|171|144|3S|E|9|CT
3|19|56|238|107|209|3H|N|8|C7
3|19|246|122|98|141|2S|S|8|CK
3|19|282|48|279|258|4S|S|9|CK
3|19|149|103|33|116|2S|S|8|CA
3|19|274|201|190|304|4H|N|8|C7
3|19|63|72|23|305|2S|S|8|H6
3|19|147|84|199|41|3C|W|9|S7
3|19|76|95|71|204|3CX|W|9|S7
3|19|197|268|157|244|3H|N|8|C7
3|19|129|242|171|144|3H|N|8|C4
3|2|56|295|107|26|3DX|E|6|DA
3|2|238|122|209|141|3H|N|9|D9
3|2|53|259|279|306|1N|N|8|H2
3|2|149|11|33|116|3N|N|8|H2
3|2|72|63|305|23|2N|S|8|D5
3|2|201|303|304|5|1NX|E|6|HA
3|2|25|84|185|41|2N|N|9|S5
3|2|76|95|71|204|3H|N|8|D3
3|2|207|268|197|244|5DX|E|9|HA
3|2|192|242|171|144|3N|S|10|H6
3|20|56|238|107|209|2S|N|8|D3
3|20|246|122|98|141|3N|W|10|C5
3|20|282|48|279|258|4H|E|10|SA
3|20|149|103|33|116|4SX|S|8|DA
3|20|274|201|190|304|4H|W|9|CK
3|20|63|72|23|305|4SX|S|8|DK
3|20|147|84|199|41|3H|W|10|CK
3|20|76|95|71|204|4H|W|9|CK
3|20|197|268|157|244|4H|W|9|CA
3|20|129|242|171|144|2N|E|8|SK
3|21|56|238|107|209|4SX|N|10|H7
3|21|246|122|98|141|4S|S|9|CK
3|21|282|48|279|258|5SX|S|9|CK
3|21|149|103|33|116|3S|S|10|CK
3|21|274|201|190|304|4S|S|10|CK
3|21|63|72|23|305|4S|S|10|DK
3|21|147|84|199|41|5CX|W|10|HK
3|21|76|95|71|204|6S|S|10|CK
3|21|197|268|157|244|2S|S|10|CK
3|21|129|242|171|144|4S|S|10|DK
3|22|56|238|107|209|3N|N|13|H2
3|22|246|122|98|141|3N|S|11|H3
3|22|282|48|279|258|3N|N|11|D6
3|22|149|103|33|116|3N|N|11|C8
3|22|274|201|190|304|3N|N|11|D6
3|22|63|72|23|305|1N|E|3|CA
3|22|147|84|199|41|3N|N|11|C8
3|22|76|95|71|204|3N|N|12|H2
3|22|197|268|157|244|5C|S|11|H6
3|22|129|242|171|144|3N|N|11|C8
3|23|56|238|107|209|4SX|N|10|HA
3|23|246|122|98|141|4SX|S|10|C6
3|23|282|48|279|258|4SX|S|10|H3
3|23|149|103|33|116|4SX|N|10|HK
3|23|274|201|190|304|5D|W|11|SQ
3|23|63|72|23|305|4S|N|10|HK
3|23|147|84|199|41|4SX|N|10|HA
3|23|76|95|71|204|5D|W|12|SQ
3|23|197|268|157|244|4SX|N|10|HK
3|23|129|242|171|144|5H|W|10|SQ
3|24|56|238|107|209|4SX|S|9|C6
3|24|246|122|98|141|4SX|S|9|C6
3|24|282|48|279|258|4S|S|9|HA
3|24|149|103|33|116|5D|W|8|ST
3|24|274|201|190|304|5SX|S|9|D3
3|24|63|72|23|305|5D|W|8|C8
3|24|147|84|199|41|4S|S|9|C9
3|24|76|95|71|204|4SX|S|9|SA
3|24|197|268|157|244|5SX|S|9|D3
3|24|129|242|171|144|4S|S|9|HA
3|25|56|238|107|209|3N|E|10|DT
3|25|246|122|98|141|3N|E|10|DT
3|25|282|48|279|258|3N|W|9|H3
3|25|149|103|33|116|3N|E|10|D9
3|25|274|201|190|304|3N|E|10|H6
3|25|63|72|23|305|3N|E|8|H6
3|25|147|84|199|41|3N|E|9|DT
3|25|76|95|71|204|3N|E|8|C3
3|25|197|268|157|244|3N|E|9|DT
3|25|129|242|171|144|3N|E|8|H9
3|26|56|238|107|209|3N|W|12|S8
3|26|246|122|98|141|3N|E|11|CT
3|26|282|48|279|258|3N|W|11|S3
3|26|149|103|33|116|6NX|E|11|SA
3|26|274|201|190|304|3N|W|11|C6
3|26|63|72|23|305|4N|E|11|CT
3|26|147|84|199|41|3N|W|11|H3
3|26|76|95|71|204|3N|E|11|CT
3|26|197|268|157|244|3N|E|11|CT
3|26|129|242|171|144|3N|E|11|CT
3|27|56|238|107|209|3D|S|10|SK
3|27|246|122|98|141|3D|S|9|SK
3|27|282|48|279|258|3N|S|7|SQ
3|27|149|103|33|116|4HX|W|8|CQ
3|27|274|201|190|304|3N|S|7|SK
3|27|63|72|23|305|3D|S|9|SK
3|27|147|84|199|41|5D|S|9|SK
3|27|76|95|71|204|4D|S|10|SK
3|27|197|268|157|244|2N|S|7|SK
3|27|129|242|171|144|4D|S|9|SK
3|28|56|238|107|209|2H|S|8|S5
3|28|246|122|98|141|4H|S|8|S5
3|28|282|48|279|258|3H|S|8|S2
3|28|149|103|33|116|3H|S|8|S5
3|28|274|201|190|304|4H|S|8|S5
3|28|63|72|23|305|3H|N|8|SK
3|28|147|84|199|41|2H|S|9|S5
3|28|76|95|71|204|3H|S|8|S5
3|28|197|268|157|244|4H|S|8|S5
3|28|129|242|171|144|4H|S|8|S5
3|29|56|238|107|209|6S|N|11|HA
3|29|246|122|98|141|5S|N|11|HA
3|29|282|48|279|258|6SX|N|11|HA
3|29|149|103|33|116|6SX|N|11|HA
3|29|274|201|190|304|5S|N|10|DK
3|29|63|72|23|305|6S|N|11|HA
3|29|147|84|199|41|5SX|N|11|HA
3|29|76|95|71|204|6SX|N|11|HA
3|29|197|268|157|244|6SX|N|11|HA
3|29|129|242|171|144|6S|N|11|HA
3|3|56|295|107|26|3N|W|8|HK
3|3|238|122|209|141|3N|W|9|C3
3|3|53|259|279|306|3N|W|8|C2
3|3|149|11|33|116|3N|W|6|HK
3|3|72|63|305|23|3N|W|6|HQ
3|3|201|303|304|5|3N|W|6|HK
3|3|25|84|185|41|3N|W|8|HK
3|3|76|95|71|204|3N|W|9|C3
3|3|207|268|197|244|3N|W|8|C3
3|3|192|242|171|144|3N|W|7|HK
3|30|56|238|107|209|3D|W|9|H9
3|30|246|122|98|141|3D|W|8|HT
3|30|282|48|279|258|3D|E|9|H4
3|30|149|103|33|116|2S|E|7|H7
3|30|274|201|190|304|3D|W|9|SQ
3|30|63|72|23|305|3H|S|8|CQ
3|30|147|84|199|41|3D|W|9|SQ
3|30|76|95|71|204|3D|E|10|H5
3|30|197|268|157|244|2S|E|7|H5
3|30|129|242|171|144|3D|W|9|SQ
3|31|56|238|107|209|4SX|W|8|DQ
3|31|246|122|98|141|2S|W|8|C2
3|31|282|48|279|258|3N|W|5|S4
3|31|149|103|33|116|3SX|W|8|DQ
3|31|274|201|190|304|4SX|W|8|HK
3|31|63|72|23|305|3N|E|7|H6
3|31|147|84|199|41|2S|W|8|C8
3|31|76|95|71|204|3S|W|8|DQ
3|31|197|268|157|244|4S|W|8|DQ
3|31|129|242|171|144|2S|W|8|DQ
3|32|56|238|107|209|6N|W|12|C8
3|32|246|122|98|141|4N|E|12|H9
3|32|282|48|279|258|3N|E|12|H4
3|32|149|103|33|116|6C|E|11|H8
3|32|274|201|190|304|6C|W|10|DA
3|32|63|72|23|305|6N|W|12|D7
3|32|147|84|199|41|6N|W|12|H2
3|32|76|95|71|204|6N|W|12|S7
3|32|197|268|157|244|6N|W|12|DA
3|32|129|242|171|144|6N|E|12|S3
3|4|56|295|107|26|2S|E|6|HK
3|4|238|122|209|141|1S|S|7|C3
3|4|53|259|279|306|4H|S|10|C2
3|4|149|11|33|116|3H|S|10|SA
3|4|72|63|305|23|4SX|E|6|HK
3|4|201|303|304|5|3H|N|8|D8
3|4|25|84|185|41|2S|E|5|HK
3|4|76|95|71|204|4H|S|9|D4
3|4|207|268|197|244|4H|N|9|D8
3|4|192|242|171|144|2S|E|6|HK
3|5|56|295|107|26|3H|S|8|H9
3|5|238|122|209|141|3N|W|6|HK
3|5|53|259|279|306|4C|E|10|H6
3|5|149|11|33|116|2H|S|8|H2
3|5|72|63|305|23|3C|W|9|HK
3|5|201|303|304|5|3H|N|8|CQ
3|5|25|84|185|41|3N|W|7|HK
3|5|207|268|197|244|4C|E|10|HT
3|5|192|242|171|144|3C|E|10|H6
3|6|56|295|107|26|4S|S|10|DA
3|6|238|122|209|141|4H|E|10|D9
3|6|53|259|279|306|5H|E|10|C5
3|6|149|11|33|116|4S|S|10|DK
3|6|72|63|305|23|6H|E|10|SA
3|6|201|303|304|5|4S|S|10|DA
3|6|25|84|185|41|4SX|S|10|DA
3|6|76|95|71|204|5SX|S|10|DK
3|6|207|268|197|244|4H|E|10|SA
3|6|192|242|171|144|4S|S|10|DA
3|7|56|295|107|26|3D|S|10|SA
3|7|238|122|209|141|3N|N|10|S6
3|7|53|259|279|306|5D|S|10|SA
3|7|149|11|33|116|5D|S|11|SA
3|7|72|63|305|23|3D|S|10|SA
3|7|201|303|304|5|4D|S|10|SA
3|7|25|84|185|41|3D|S|12|CA
3|7|76|95|71|204|4D|S|10|SA
3|7|207|268|197|244|2D|S|10|SA
3|7|192|242|171|144|3D|S|11|SA
3|8|56|295|107|26|3C|E|8|D2
3|8|238|122|209|141|1N|N|4|CK
3|8|53|259|279|306|2D|S|9|CT
3|8|149|11|33|116|2D|S|9|CT
3|8|72|63|305|23|3C|E|9|S5
3|8|201|303|304|5|3D|S|9|CT
3|8|25|84|185|41|3C|E|8|D2
3|8|76|95|71|204|3S|N|10|CK
3|8|207|268|197|244|3D|S|10|CT
3|8|192|242|171|144|3C|E|8|DT
3|9|56|295|107|26|4S|N|10|DT
3|9|238|122|209|141|4S|S|10|D7
3|9|53|259|279|306|4S|N|10|DT
3|9|149|11|33|116|4S|N|11|DT
3|9|72|63|305|23|4S|S|10|D7
3|9|201|303|304|5|4S|N|10|DT
3|9|25|84|185|41|4S|N|10|DT
3|9|76|95|71|204|4S|N|10|DT
3|9|207|268|197|244|5S|N|10|DT
3|9|192|242|171|144|4S|N|10|HA
4|1|48|141|258|195|4S|S|7|CK
4|1|104|259|248|306|2S|S|8|D7
4|1|196|11|23|116|2S|S|8|CK
4|1|282|63|279|191|3C|S|10|H2
4|1|76|274|71|190|1N|W|4|CQ
4|1|72|84|305|41|1N|W|4|CQ
4|1|129|95|192|204|3S|S|8|D8
4|1|147|268|199|244|3C|S|9|H2
4|1|22|246|197|98|1N|W|4|CQ
4|1|295|207|26|157|3C|S|8|ST
4|10|48|141|258|195|4H|W|10|D6
4|10|104|259|248|306|3N|W|12|CJ
4|10|196|11|23|116|4H|W|11|D5
4|10|282|63|279|191|4S|W|12|CJ
4|10|76|274|71|190|4S|W|12|HK
4|10|72|84|305|41|4H|W|10|S2
4|10|129|95|192|204|4H|W|10|DT
4|10|147|268|199|244|4H|W|12|S2
4|10|22|246|197|98|4S|E|10|D2
4|10|295|207|26|157|4S|E|10|D3
4|11|48|141|258|195|1N|W|7|S2
4|11|104|259|248|306|2S|N|7|H6
4|11|196|11|23|116|2S|N|7|H5
4|11|282|63|279|191|1N|W|7|S3
4|11|76|274|71|190|3D|W|8|SJ
4|11|72|84|305|41|1N|N|6|C6
4|11|129|95|192|204|3D|W|9|SJ
4|11|147|268|199|244|1N|W|7|S2
4|11|22|246|197|98|1N|W|8|SJ
4|11|295|207|26|157|2S|S|7|H2
4|12|48|141|258|195|2H|E|5|DJ
4|12|104|259|248|306|2D|N|8|SQ
4|12|196|11|23|116|3C|S|12|C5
4|12|282|63|279|191|2H|E|6|CA
4|12|76|274|71|190|3C|S|11|H6
4|12|72|84|305|41|2H|E|6|CK
4|12|129|95|192|204|2H|E|6|CA
4|12|147|268|199|244|3C|S|11|S6
4|12|22|246|197|98|2C|S|12|H5
4|12|295|207|26|157|3C|S|11|S4
4|13|48|141|258|195|3S|N|9|HA
4|13|104|259|248|306|3N|E|8|S4
4|13|196|11|23|116|2S|N|8|HA
4|13|282|63|279|191|2S|N|6|HA
4|13|76|274|71|190|3N|E|8|S9
4|13|72|84|305|41|3S|N|8|HA
4|13|129|95|192|204|3S|N|8|HA
4|13|147|268|199|244|2S|N|8|HA
4|13|22|246|197|98|3S|N|6|HA
4|13|295|207|26|157|2S|N|7|CT
4|14|48|141|258|195|2S|N|9|DK
4|14|104|259|248|306|3D|W|11|ST
4|14|196|11|23|116|3S|N|7|DK
4|14|282|63|279|191|2N|E|7|C8
4|14|76|274|71|190|3N|E|8|HJ
4|14|72|84|305|41|3D|W|10|C5
4|14|129|95|192|204|2H|E|9|C8
4|14|147|268|199|244|2N|E|7|S5
4|14|22|246|197|98|5D|W|10|C6
4|14|295|207|26|157|3N|E|6|S5
4|15|48|141|258|195|1N|N|7|S9
4|15|104|259|248|306|3N|S|9|C6
4|15|196|11|23|116|2N|N|8|HA
4|15|282|63|279|191|2N|S|9|C6
4|15|76|274|71|190|2N|N|8|ST
4|15|72|84|305|41|1N|S|9|C6
4|15|129|95|192|204|3N|S|9|HJ
4|15|147|268|199|244|2N|N|10|HA
4|15|22|246|197|98|2N|S|8|HJ
4|15|295|207|26|157|3N|S|9|S7
4|16|48|141|258|195|3N|N|11|H2
4|16|104|259|248|306|3N|N|9|H2
4|16|196|11|23|116|3N|N|11|H2
4|16|282|63|279|191|2H|N|10|S5
4|16|76|274|71|190|3N|S|8|S3
4|16|72|84|305|41|3N|S|9|SJ
4|16|129|95|192|204|3N|N|10|H2
4|16|147|268|199|244|3N|N|8|S8
4|16|22|246|197|98|3N|S|9|SJ
4|16|295|207|26|157|3N|N|10|HJ
4|17|149|141|33|195|3H|E|8|C7
4|17|104|259|248|306|3H|W|9|S7
4|17|196|103|23|116|4S|N|9|H2
4|17|53|201|279|304|2H|W|9|S2
4|17|76|274|71|190|3H|E|9|H4
4|17|72|84|305|41|4S|N|8|H2
4|17|268|147|244|199|3S|N|8|H5
4|17|185|129|51|192|3S|N|8|H2
4|17|197|246|157|98|4S|N|8|H2
4|17|238|22|209|242|2S|S|8|S5
4|18|149|141|33|195|4H|E|9|SK
4|18|104|259|248|306|3H|E|8|C2
4|18|196|103|23|116|3D|E|9|SK
4|18|53|201|279|304|1D|E|9|SK
4|18|76|274|71|190|4H|E|9|SQ
4|18|72|84|305|41|3H|W|9|SJ
4|18|268|147|244|199|6H|W|9|SJ
4|18|185|129|51|192|3H|W|9|SJ
4|18|197|246|157|98|3N|E|8|SK
4|18|238|22|209|242|3H|E|8|D3
4|19|149|141|33|195|3D|S|10|C5
4|19|104|259|248|306|3D|S|10|C2
4|19|196|103|23|116|3S|W|10|D4
4|19|53|201|279|304|3S|W|10|D4
4|19|76|274|71|190|1N|S|4|S6
4|19|72|84|305|41|4D|S|9|C5
4|19|268|147|244|199|3D|S|9|H5
4|19|185|129|51|192|3S|W|10|D4
4|19|197|246|157|98|4S|W|10|D2
4|19|238|22|209|242|2S|W|10|D4
4|2|48|141|258|195|4S|S|9|DA
4|2|104|259|248|306|4S|S|9|DA
4|2|196|11|23|116|4S|S|9|DA
4|2|282|63|279|191|4S|S|9|DA
4|2|76|274|71|190|5SX|S|9|HA
4|2|72|84|305|41|4S|S|9|DA
4|2|129|95|192|204|4S|S|9|DA
4|2|147|268|199|244|4S|N|9|H5
4|2|22|246|197|98|4S|S|9|HA
4|2|295|207|26|157|5S|S|9|HA
4|20|149|141|33|195|3S|S|9|C2
4|20|104|259|248|306|P||0
4|20|196|103|23|116|3S|N|9|H2
4|20|53|201|279|304|3N|N|7|H5
4|20|76|274|71|190|2S|N|9|H5
4|20|72|84|305|41|3S|S|10|D6
4|20|268|147|244|199|2S|S|8|C8
4|20|185|129|51|192|1S|N|9|H2
4|20|197|246|157|98|4S|S|9|C8
4|20|238|22|209|242|3N|S|8|D6
4|21|149|141|33|195|4S|N|12|HJ
4|21|104|259|248|306|4S|N|12|H4
4|21|196|103|23|116|4S|N|12|CT
4|21|53|201|279|304|5S|N|12|CT
4|21|76|274|71|190|4S|N|11|CT
4|21|72|84|305|41|4S|N|11|CT
4|21|268|147|244|199|4S|N|12|HJ
4|21|185|129|51|192|4S|N|11|CT
4|21|197|246|157|98|4S|N|11|CT
4|21|238|22|209|242|4S|N|12|CT
4|22|149|141|33|195|3N|N|11|S6
4|22|104|259|248|306|6D|S|13|CT
4|22|196|103|23|116|6D|N|12|S2
4|22|53|201|279|304|3N|S|13|CT
4|22|76|274|71|190|3N|S|12|CT
4|22|72|84|305|41|6N|S|13|C5
4|22|268|147|244|199|6D|S|13|DT
4|22|185|129|51|192|6D|S|13|CT
4|22|197|246|157|98|6D|S|13|CT
4|22|238|22|209|242|6D|S|13|C5
4|23|149|141|33|195|2S|E|8|DK
4|23|104|259|248|306|2H|S|9|D6
4|23|196|103|23|116|2S|E|8|DK
4|23|53|201|279|304|1N|N|6|S6
4|23|76|274|71|190|3S|E|8|H6
4|23|72|84|305|41|2S|W|9|HK
4|23|268|147|244|199|2H|N|9|SQ
4|23|185|129|51|192|3S|E|8|DK
4|23|197|246|157|98|2CX|N|8|CA
4|23|238|22|209|242|2S|E|8|DK
4|24|149|141|33|195|3C|W|8|HA
4|24|104|259|248|306|4C|W|5|HA
4|24|196|103|23|116|4S|S|10|CA
4|24|53|201|279|304|3C|W|6|HA
4|24|76|274|71|190|4S|S|10|DK
4|24|72|84|305|41|4S|S|10|CA
4|24|268|147|244|199|4S|S|9|H5
4|24|185|129|51|192|2S|S|10|DK
4|24|197|246|157|98|4S|S|10|CA
4|24|238|22|209|242|3S|S|10|CA
4|25|149|141|33|195|3N|W|9|S3
4|25|104|259|248|306|3N|W|10|C8
4|25|196|103|23|116|5D|E|11|CA
4|25|53|201|279|304|2D|W|11|C4
4|25|76|274|71|190|3N|W|10|S3
4|25|72|84|305|41|3N|W|9|C8
4|25|268|147|244|199|2D|E|11|CA
4|25|185|129|51|192|2N|W|10|C9
4|25|197|246|157|98|3D|E|10|CA
4|25|238|22|209|242|3N|W|9
4|26|149|141|33|195|4S|S|9|C6
4|26|104|259|248|306|3S|S|9|C6
4|26|196|103|23|116|4H|W|10|CK
4|26|53|201|279|304|4SX|N|11|DA
4|26|76|274|71|190|5DX|E|10|SQ
4|26|72|84|305|41|3S|S|10|HK
4|26|268|147|244|199|4S|N|11|DK
4|26|185|129|51|192|3D|E|10|SQ
4|26|197|246|157|98|5S|S|10|HK
4|26|238|22|209|242|3C|N|10|DA
4|27|149|141|33|195|3N|W|8|H4
4|27|104|259|248|306|3C|W|9|S5
4|27|196|103|23|116|3N|E|9|SJ
4|27|53|201|279|304|3N|E|9|H6
4|27|76|274|71|190|3N|E|8|H7
4|27|72|84|305|41|3C|E|9|H7
4|27|268|147|244|199|5C|W|9|HA
4|27|185|129|51|192|3N|E|8|H6
4|27|197|246|157|98|3N|W|9|H4
4|27|238|22|209|242|4C|W|9|S4
4|28|149|141|33|195|4C|E|11|DQ
4|28|104|259|248|306|3C|W|10|SA
4|28|196|103|23|116|3C|W|10|HJ
4|28|53|201|279|304|5C|W|10|SA
4|28|76|274|71|190|4C|E|11|DQ
4|28|72|84|305|41|3C|W|9|H5
4|28|268|147|244|199|3C|W|9|HJ
4|28|185|129|51|192|3C|W|11|S5
4|28|197|246|157|98|4C|E|10|DQ
4|28|238|22|209|242|4C|W|9|HJ
4|29|149|141|33|195|4H|W|10|D7
4|29|104|259|248|306|4H|E|11|CQ
4|29|196|103|23|116|4H|E|9|D3
4|29|53|201|279|304|4H|E|9|S3
4|29|76|274|71|190|4H|E|11|CQ
4|29|72|84|305|41|4H|W|11|CA
4|29|268|147|244|199|4H|W|9|D7
4|29|185|129|51|192|4H|E|10|S3
4|29|197|246|157|98|3N|E|8|H2
4|29|238|22|209|242|4H|E|10|CQ
4|3|48|141|258|195|2S|W|9|CA
4|3|104|259|248|306|2H|W|11|D5
4|3|196|11|23|116|4S|E|9|D8
4|3|282|63|279|191|2N|W|10|SA
4|3|76|274|71|190|2S|E|8|D6
4|3|72|84|305|41|3N|W|10|D5
4|3|129|95|192|204|2S|E|9|D8
4|3|147|268|199|244|2N|W|10|D5
4|3|22|246|197|98|3N|W|10|D5
4|3|295|207|26|157|3S|E|8|D8
4|30|149|141|33|195|3S|W|8|HK
4|30|104|259|248|306|3S|W|8|HK
4|30|196|103|23|116|3C|N|7|S4
4|30|53|201|279|304|3S|W|8|HK
4|30|76|274|71|190|3S|W|8|C4
4|30|72|84|305|41|5D|S|11|SA
4|30|268|147|244|199|3S|W|8|C3
4|30|185|129|51|192|3S|W|8|HK
4|30|197|246|157|98|5D|S|11|SA
4|30|238|22|209|242|3S|W|7|HK
4|31|149|141|33|195|4H|E|8|S3
4|31|104|259|248|306|4H|W|9|CJ
4|31|196|103|23|116|4H|E|9|C2
4|31|53|201|279|304|4H|E|8|D3
4|31|76|274|71|190|4H|E|10|DQ
4|31|72|84|305|41|3N|E|7|D5
4|31|268|147|244|199|3N|E|8|D5
4|31|185|129|51|192|4H|E|10|DQ
4|31|197|246|157|98|4H|E|9|S3
4|31|238|22|209|242|2N|W|7|H7
4|32|149|141|33|195|2H|E|7|S7
4|32|104|259|248|306|2H|E|7|S2
4|32|196|103|23|116|2H|E|8|S7
4|32|53|201|279|304|2S|N|7|DA
4|32|76|274|71|190|2H|E|8|S2
4|32|72|84|305|41|3C|S|7|HJ
4|32|268|147|244|199|2S|N|7|CK
4|32|185|129|51|192|2H|E|7|S7
4|32|197|246|157|98|3N|S|8|HJ
4|32|238|22|209|242|3D|E|8|D4
4|4|48|141|258|195|5C|N|11|SK
4|4|104|259|248|306|5CX|N|11|SK
4|4|196|11|23|116|5C|S|11|S4
4|4|282|63|279|191|3N|S|8|S3
4|4|76|274|71|190|5C|N|11|SK
4|4|72|84|305|41|4C|S|10|S4
4|4|129|95|192|204|5C|N|11|SK
4|4|147|268|199|244|3N|S|12|H7
4|4|22|246|197|98|4H|S|8|S4
4|4|295|207|26|157|5C|N|11|SK
4|5|48|141|258|195|3N|S|7|H3
4|5|104|259|248|306|2C|S|8|H3
4|5|196|11|23|116|4DX|W|9|DJ
4|5|282|63|279|191|3D|W|8|S2
4|5|76|274|71|190|2D|W|8|CQ
4|5|72|84|305|41|2D|W|9|HT
4|5|129|95|192|204|3N|S|9|D7
4|5|147|268|199|244|4DX|W|7|DJ
4|5|22|246|197|98|2S|N|7|DT
4|5|295|207|26|157|3C|N|8|CT
4|6|48|141|258|195|6D|W|12|C6
4|6|104|259|248|306|6D|W|12|S5
4|6|196|11|23|116|6D|E|12|S3
4|6|282|63|279|191|6D|E|12|HA
4|6|76|274|71|190|6D|W|12|C6
4|6|72|84|305|41|5D|E|12|HA
4|6|129|95|192|204|6D|W|12|HT
4|6|147|268|199|244|6N|E|12|S4
4|6|22|246|197|98|6D|W|12|HT
4|6|295|207|26|157|5D|W|12|C7
4|7|48|141|258|195|2H|S|6|CA
4|7|104|259|248|306|4HX|E|8|HK
4|7|196|11|23|116|4S|E|5|HK
4|7|282|63|279|191|3S|W|8|H5
4|7|76|274|71|190|2N|W|6|H7
4|7|72|84|305|41|2S|W|8|H7
4|7|129|95|192|204|3D|E|6|C5
4|7|147|268|199|244|2H|S|7|CA
4|7|22|246|197|98|1N|W|5|H7
4|7|295|207|26|157|2H|S|9|CA
4|8|48|141|258|195|2D|N|9|H4
4|8|104|259|248|306|2H|W|8|SA
4|8|196|11|23|116|3C|S|9|HK
4|8|282|63|279|191|3C|S|9|HK
4|8|76|274|71|190|3D|N|9|H9
4|8|72|84|305|41|5D|N|9|H4
4|8|129|95|192|204|3C|S|9|HK
4|8|147|268|199|244|2S|E|8|CK
4|8|22|246|197|98|3C|S|9|HK
4|8|295|207|26|157|2S|W|8|DJ
4|9|48|141|258|195|2S|N|8|HA
4|9|104|259|248|306|2S|N|8|HA
4|9|196|11|23|116|2S|N|8|HA
4|9|282|63|279|191|2N|W|4|S6
4|9|76|274|71|190|3H|W|9|SA
4|9|72|84|305|41|2S|N|7|C2
4|9|129|95|192|204|2S|N|9|HA
4|9|147|268|199|244|2S|N|9|HA
4|9|22|246|197|98|2S|N|9|HA
4|9|295|207|26|157|2S|N|8|C9
5|1|104|63|248|191|2S|E|6|CJ
5|1|201|141|304|195|2S|E|8|SA
5|1|11|84|116|41|2N|N|8|SJ
5|1|76|53|71|282|2N|N|9|SJ
5|1|72|95|305|204|2S|E|7|CJ
5|1|185|274|51|190|2S|E|7|SA
5|1|149|22|33|242|2N|N|9|SJ
5|1|207|48|197|258|2S|E|7|CJ
5|1|295|268|26|244|2S|E|7|CJ
5|1|129|238|192|209|2S|E|6|HT
5|10|104|63|248|191|2D|S|10|C3
5|10|201|141|304|195|3N|S|8|C4
5|10|11|84|116|41|3D|S|10|C6
5|10|76|53|71|282|2D|S|11|C3
5|10|72|95|305|204|2H|S|9|D7
5|10|185|274|51|190|3N|S|8|C4
5|10|149|22|33|242|3N|S|8|C4
5|10|207|48|197|258|2H|S|9|S4
5|10|295|268|26|244|2D|S|10|C3
5|10|129|238|192|209|3N|S|8|C4
5|11|104|63|248|191|4H|W|11|H6
5|11|201|141|304|195|4H|W|11|CK
5|11|11|84|116|41|3D|E|12|CA
5|11|76|53|71|282|4H|W|11|H2
5|11|72|95|305|204|4H|E|11|H4
5|11|185|274|51|190|4H|W|10|C7
5|11|149|22|33|242|3H|E|11|S4
5|11|207|48|197|258|4H|E|13|H4
5|11|295|268|26|244|4H|W|10|CK
5|11|129|238|192|209|3D|E|11|HJ
5|12|104|63|248|191|4H|N|12|DK
5|12|201|141|304|195|5DX|E|7|CK
5|12|11|84|116|41|4H|N|13|DK
5|12|76|53|71|282|4H|N|11|DK
5|12|72|95|305|204|4H|N|11|DK
5|12|185|274|51|190|4H|N|11|DK
5|12|149|22|33|242|4H|S|11|C9
5|12|207|48|197|258|5H|N|11|H4
5|12|295|268|26|244|4H|N|11|DK
5|12|129|238|192|209|4H|N|11|DK
5|13|104|63|248|191|2D|N|8|SJ
5|13|201|141|304|195|2D|N|8|D6
5|13|11|84|116|41|2H|E|8|D5
5|13|76|53|71|282|2D|N|8|D6
5|13|72|95|305|204|2D|N|8|D6
5|13|185|274|51|190|2D|N|8|SJ
5|13|149|22|33|242|2D|N|8|D8
5|13|207|48|197|258|2D|N|8|ST
5|13|295|268|26|244|2D|N|9|D6
5|13|129|238|192|209|2D|N|8|SJ
5|14|104|63|248|191|4H|S|12|CA
5|14|201|141|304|195|4S|S|11|D4
5|14|11|84|116|41|4H|N|10|C2
5|14|76|53|71|282|4H|N|11|D5
5|14|72|95|305|204|4S|S|8|CA
5|14|185|274|51|190|5CX|W|9|S4
5|14|149|22|33|242|6H|N|10|C2
5|14|207|48|197|258|4H|N|9|C2
5|14|295|268|26|244|4S|S|10|D4
5|14|129|238|192|209|4H|N|8|S3
5|15|104|63|248|191|2N|E|7|D5
5|15|201|141|304|195|4H|W|9|C2
5|15|11|84|116|41|3H|E|8|D2
5|15|76|53|71|282|3N|W|6|D6
5|15|72|95|305|204|4H|E|8|CA
5|15|185|274|51|190|4H|E|8|D2
5|15|149|22|33|242|3H|E|8|D2
5|15|207|48|197|258|3N|W|6|D6
5|15|295|268|26|244|2H|E|8|D2
5|15|129|238|192|209|4HX|E|8|D2
5|16|104|63|248|191|3N|S|12|CT
5|16|201|141|304|195|6D|N|12|C7
5|16|11|84|116|41|3N|S|12|CT
5|16|76|53|71|282|5D|N|12|H4
5|16|72|95|305|204|3N|N|12|H6
5|16|185|274|51|190|3N|S|12|CT
5|16|149|22|33|242|5D|N|12|C2
5|16|207|48|197|258|5N|N|12|C2
5|16|295|268|26|244|6S|N|12|D2
5|16|129|238|192|209|6D|S|12|CT
5|17|104|63|248|191|3N|W|10|H8
5|17|201|141|304|195|3N|W|10|SQ
5|17|11|84|103|41|3N|W|9|S7
5|17|76|282|71|279|3N|W|9|SQ
5|17|72|147|305|199|3D|W|11|SQ
5|17|185|274|51|190|3N|W|9|SQ
5|17|48|207|258|157|3N|W|9|SJ
5|17|242|259|197|306|3N|W|10|HT
5|17|295|268|26|244|3N|W|10|SQ
5|17|129|246|192|98|3N|W|9|SQ
5|18|104|63|248|191|3N|W|11|H4
5|18|201|141|304|195|6S|E|12|CK
5|18|11|84|103|41|3N|W|12|H3
5|18|76|282|71|279|6S|E|12|S2
5|18|72|147|305|199|6D|W|12|H4
5|18|185|274|51|190|3N|E|11|H5
5|18|48|207|258|157|6S|E|11|CQ
5|18|242|259|197|306|6D|E|12|S6
5|18|295|268|26|244|3N|W|11|H3
5|18|129|246|192|98|6D|E|11|S2
5|19|104|63|248|191|4S|E|13|C9
5|19|201|141|304|195|4S|E|11|H3
5|19|11|84|103|41|4S|W|13|C7
5|19|76|282|71|279|4S|E|13|C8
5|19|72|147|305|199|4S|E|13|C8
5|19|185|274|51|190|5S|E|13|D2
5|19|48|207|258|157|4S|E|13|S4
5|19|242|259|197|306|4S|W|13|C4
5|19|295|268|26|244|4S|W|13|C4
5|19|129|246|192|98|5S|E|13|C9
5|2|104|63|248|191|5H|W|9|DJ
5|2|201|141|304|195|4H|W|10|SJ
5|2|11|84|116|41|4H|W|9|SJ
5|2|76|53|71|282|4H|E|9|SA
5|2|72|95|305|204|3N|W|8|SJ
5|2|185|274|51|190|4H|E|8|DK
5|2|149|22|33|242|4H|E|9|SA
5|2|207|48|197|258|4H|E|10|DK
5|2|295|268|26|244|4H|E|9|DK
5|2|129|238|192|209|3N|W|7|DJ
5|20|104|63|248|191|2H|S|9|ST
5|20|201|141|304|195|3N|N|9|D3
5|20|11|84|103|41|2H|S|9|ST
5|20|76|282|71|279|3N|N|7|S4
5|20|72|147|305|199|3N|N|11|D3
5|20|185|274|51|190|2H|S|8|ST
5|20|48|207|258|157|3N|N|9|C2
5|20|242|259|197|306|3N|N|7|S5
5|20|295|268|26|244|3N|N|8|S4
5|20|129|246|192|98|3N|N|9|D3
5|21|104|63|248|191|6S|N|12|H5
5|21|201|141|304|195|4S|N|12|C3
5|21|11|84|103|41|4S|N|12|H5
5|21|76|282|71|279|4S|N|12|H5
5|21|72|147|305|199|4S|N|12|H7
5|21|185|274|51|190|4S|N|11|H7
5|21|48|207|258|157|4S|N|12|H3
5|21|242|259|197|306|6S|N|12|H7
5|21|295|268|26|244|6S|N|12|C3
5|21|129|246|192|98|4S|N|12|C3
5|22|104|63|248|191|4S|S|9|C4
5|22|201|141|304|195|4SX|S|10|HA
5|22|11|84|103|41|3S|S|9|D9
5|22|76|282|71|279|4S|S|9|C4
5|22|72|147|305|199|2S|S|9|C5
5|22|185|274|51|190|3S|S|9|C5
5|22|48|207|258|157|3S|S|9|D8
5|22|242|259|197|306|2S|S|9|C5
5|22|295|268|26|244|4S|S|9|C4
5|22|129|246|192|98|2S|S|9|C5
5|23|104|63|248|191|1S|E|8|C2
5|23|201|141|304|195|3H|W|9|D4
5|23|11|84|103|41|2H|E|8|C4
5|23|76|282|71|279|1S|E|8|C2
5|23|72|147|305|199|2S|E|9|H6
5|23|185|274|51|190|2S|E|7|C4
5|23|48|207|258|157|2S|E|8|C2
5|23|242|259|197|306|1N|N|7|SJ
5|23|295|268|26|244|2H|E|9|C4
5|23|129|246|192|98|2C|E|6|S6
5|24|104|63|248|191|4S|W|8|HA
5|24|201|141|304|195|4H|N|9|DA
5|24|11|84|103|41|2H|S|9|D4
5|24|76|282|71|279|4H|N|9|DK
5|24|72|147|305|199|4H|N|9|DK
5|24|185|274|51|190|3D|W|11|DT
5|24|48|207|258|157|4H|N|9|DA
5|24|242|259|197|306|4H|S|9|D4
5|24|295|268|26|244|3N|E|6|H2
5|24|129|246|192|98|4H|N|9|DA
5|25|104|63|248|191|1N|N|7|H2
5|25|201|141|304|195|1N|N|7|D3
5|25|11|84|103|41|1N|N|8|S5
5|25|76|282|71|279|1N|N|7|D8
5|25|72|147|305|199|1N|N|9|CQ
5|25|185|274|51|190|1N|N|7|S4
5|25|48|207|258|157|1N|N|7|D9
5|25|242|259|197|306|1N|N|6|H4
5|25|295|268|26|244|1N|N|7|D9
5|25|129|246|192|98|1N|N|7|S4
5|26|104|63|248|191|3N|W|8|DK
5|26|201|141|304|195|3N|W|8|DK
5|26|11|84|103|41|4C|W|10|DK
5|26|76|282|71|279|3NX|W|9|DK
5|26|72|147|305|199|3N|W|8|DK
5|26|185|274|51|190|3N|W|8|DK
5|26|48|207|258|157|4C|E|10|SJ
5|26|242|259|197|306|3CX|E|10|SQ
5|26|295|268|26|244|3NX|W|8|DK
5|26|129|246|192|98|5C|W|10|DK
5|27|104|63|248|191|4D|E|9|SA
5|27|201|141|304|195|3S|S|9|DT
5|27|11|84|103|41|3S|S|7|DT
5|27|76|282|71|279|3S|S|8|DT
5|27|72|147|305|199|3S|S|9|DT
5|27|185|274|51|190|5DX|E|9|SA
5|27|48|207|258|157|4S|S|9|DT
5|27|242|259|197|306|3S|S|8|DT
5|27|295|268|26|244|3S|S|8|DT
5|27|129|246|192|98|3S|S|9|DT
5|28|104|63|248|191|2S|W|10|C6
5|28|201|141|304|195|4S|W|10|D3
5|28|11|84|103|41|2S|W|12|HJ
5|28|76|282|71|279|3S|W|12|HJ
5|28|72|147|305|199|3N|E|8|DK
5|28|185|274|51|190|2S|W|11|HJ
5|28|48|207|258|157|4S|W|11|S3
5|28|242|259|197|306|3N|E|8|DA
5|28|295|268|26|244|4S|W|12|HJ
5|28|129|246|192|98|2S|W|12|C4
5|29|104|63|248|191|2H|E|6|C4
5|29|201|141|304|195|2S|N|8|DK
5|29|11|84|103|41|3D|E|7|D6
5|29|76|282|71|279|2S|N|8|DK
5|29|72|147|305|199|2S|N|8|DK
5|29|185|274|51|190|2S|N|9|DK
5|29|48|207|258|157|2S|N|7|DK
5|29|242|259|197|306|2S|S|8|D4
5|29|295|268|26|244|3S|N|8|DK
5|29|129|246|192|98|4S|N|8|DK
5|3|104|63|248|191|4H|W|10|CK
5|3|201|141|304|195|3C|S|10|HK
5|3|11|84|116|41|2H|W|10|DJ
5|3|76|53|71|282|3H|W|10|SA
5|3|72|95|305|204|4S|S|7|HK
5|3|185|274|51|190|3H|W|10|H2
5|3|149|22|33|242|1S|S|9|HK
5|3|207|48|197|258|2S|S|9|C6
5|3|295|268|26|244|2S|S|9|C6
5|3|129|238|192|209|1N|S|7|HK
5|30|104|63|248|191|3H|N|8|H6
5|30|201|141|304|195|2S|N|9|SJ
5|30|11|84|103|41|3H|N|9|D4
5|30|76|282|71|279|2S|N|9|H6
5|30|72|147|305|199|2N|S|6|H2
5|30|185|274|51|190|2S|N|9|H7
5|30|48|207|258|157|2S|N|9|H7
5|30|242|259|197|306|2S|N|8|H7
5|30|295|268|26|244|2S|N|9|H6
5|30|129|246|192|98|3H|N|8|H8
5|31|104|63|248|191|P||0
5|31|201|141|304|195|P||0
5|31|11|84|103|41|P||0
5|31|76|282|71|279|3S|S|9|HQ
5|31|72|147|305|199|2S|S|9|HQ
5|31|185|274|51|190|P||0
5|31|48|207|258|157|2S|S|9|HQ
5|31|242|259|197|306|2S|S|9|HQ
5|31|295|268|26|244|2S|S|9|HQ
5|31|129|246|192|98|P||0
5|32|104|63|248|191|4H|N|11|SA
5|32|201|141|304|195|4H|N|11|SA
5|32|11|84|103|41|4H|N|11|SA
5|32|76|282|71|279|4H|N|11|SK
5|32|72|147|305|199|4H|S|11|SJ
5|32|185|274|51|190|5H|N|11|SK
5|32|48|207|258|157|4H|N|11|SA
5|32|242|259|197|306|4H|S|11|SJ
5|32|295|268|26|244|5H|N|11|SA
5|32|129|246|192|98|5H|N|11|SA
5|4|104|63|248|191|5C|S|12|DA
5|4|201|141|304|195|6C|S|10|DA
5|4|11|84|116|41|4H|S|10|DA
5|4|76|53|71|282|4H|S|10|S3
5|4|72|95|305|204|5C|S|12|S3
5|4|185|274|51|190|4H|S|10|S2
5|4|149|22|33|242|4H|S|10|DA
5|4|207|48|197|258|3N|S|12|S2
5|4|295|268|26|244|4H|S|10|S3
5|4|129|238|192|209|4H|N|10|SK
5|5|104|63|248|191|2H|W|6|SK
5|5|201|141|304|195|3S|N|9|DK
5|5|11|84|116|41|2S|N|10|HJ
5|5|76|53|71|282|3N|S|9|H2
5|5|72|95|305|204|2S|N|12|HJ
5|5|185|274|51|190|3S|N|10|DK
5|5|149|22|33|242|4S|N|11|DK
5|5|207|48|197|258|3D|E|9|SJ
5|5|295|268|26|244|4S|N|9|DK
5|5|129|238|192|209|2H|W|7|DA
5|6|104|63|248|191|2S|W|6|DK
5|6|201|141|304|195|3D|S|10|SK
5|6|11|84|116|41|3N|S|9|SK
5|6|76|53|71|282|3N|N|10|C3
5|6|72|95|305|204|3D|N|9|SJ
5|6|185|274|51|190|3N|S|11|C4
5|6|149|22|33|242|2D|N|10|SJ
5|6|207|48|197|258|3N|S|10|SQ
5|6|295|268|26|244|3N|N|10|SJ
5|6|129|238|192|209|3N|S|10|SK
5|7|104|63|248|191|3N|S|8|H4
5|7|201|141|304|195|3N|S|7|H4
5|7|11|84|116|41|3N|S|9|H7
5|7|76|53|71|282|3N|S|8|H2
5|7|72|95|305|204|3N|S|8|H4
5|7|185|274|51|190|3N|S|10|H4
5|7|149|22|33|242|3N|S|9|H4
5|7|207|48|197|258|3N|S|7|H4
5|7|295|268|26|244|3N|S|8|H4
5|7|129|238|192|209|3N|S|9|H4
5|8|104|63|248|191|5DX|W|7|HK
5|8|201|141|304|195|4H|N|7|DQ
5|8|11|84|116|41|3H|S|8|DA
5|8|76|53|71|282|4H|N|8|C8
5|8|72|95|305|204|5CX|E|8|SA
5|8|185|274|51|190|3DX|E|7|D2
5|8|149|22|33|242|5DX|E|7|H7
5|8|207|48|197|258|5DX|E|8|SA
5|8|295|268|26|244|2N|W|6|H3
5|8|129|238|192|209|4S|N|8|DQ
5|9|104|63|248|191|4H|S|8|CA
5|9|201|141|304|195|4C|W|10|H4
5|9|11|84|116|41|3H|S|8|CA
5|9|76|53|71|282|3H|S|8|D5
5|9|72|95|305|204|4H|N|8|CT
5|9|185|274|51|190|4SX|E|9|DK
5|9|149|22|33|242|3H|S|8|CA
5|9|207|48|197|258|4H|S|7|CK
5|9|295|268|26|244|2H|S|9|CK
5|9|129|238|192|209|3H|S|9|CA
6|1|76|141|71|195|4S|W|10|H8
6|1|56|84|107|41|4S|W|10|H9
6|1|185|11|51|116|4S|E|9|HA
6|1|282|95|279|204|4S|W|10|H9
6|1|268|274|244|190|4S|W|8|H9
6|1|72|129|305|192|4S|W|11|H8
6|1|197|201|157|304|4S|W|8|H9
6|1|196|22|23|242|4S|W|10|CA
6|1|238|259|209|306|4S|W|10|H9
6|1|149|295|33|26|4S|W|10|CA
6|10|76|141|71|195|1N|W|8|S5
6|10|56|84|107|41|1N|W|7|S5
6|10|185|11|51|116|2CX|S|6|H3
6|10|282|95|279|204|1N|E|6|C3
6|10|268|274|244|190|2N|E|6|C3
6|10|72|129|305|192|1N|W|7|C8
6|10|197|201|157|304|1N|E|7|C5
6|10|196|22|23|242|1N|E|6|C5
6|10|238|259|209|306|2N|E|7|C5
6|10|149|295|33|26|1N|W|8|S3
6|11|76|141|71|195|6SX|N|8|DK
6|11|56|84|107|41|5H|E|12|SA
6|11|185|11|51|116|5H|E|12|SA
6|11|282|95|279|204|6H|E|12|SK
6|11|268|274|244|190|5SX|N|8|CJ
6|11|72|129|305|192|5H|E|12|SK
6|11|197|201|157|304|6D|W|12|C5
6|11|196|22|23|242|5H|E|12|SA
6|11|238|259|209|306|4H|E|12|SA
6|11|149|295|33|26|5H|E|12|SA
6|12|76|141|71|195|4S|N|11|C6
6|12|56|84|107|41|4S|S|10|DQ
6|12|185|11|51|116|4S|S|11|DQ
6|12|282|95|279|204|4S|N|11|C3
6|12|268|274|244|190|4S|N|11|DT
6|12|72|129|305|192|4S|S|11|DQ
6|12|197|201|157|304|4S|N|11|H2
6|12|196|22|23|242|4S|N|11|SA
6|12|238|259|209|306|2S|N|11|C3
6|12|149|295|33|26|4S|S|11|DQ
6|13|76|141|71|195|3N|S|6|C3
6|13|56|84|107|41|3N|S|6|C9
6|13|185|11|51|116|2N|S|9|C9
6|13|282|95|279|204|3D|S|10|C3
6|13|268|274|244|190|3D|S|10|CJ
6|13|72|129|305|192|3N|S|9|H2
6|13|197|201|157|304|2D|S|10|C3
6|13|196|22|23|242|3N|S|9|H2
6|13|238|259|209|306|3N|S|7|C9
6|13|149|295|33|26|4D|S|10|C3
6|14|76|141|71|195|1N|E|10|CT
6|14|56|84|107|41|2N|W|11|C3
6|14|185|11|51|116|1N|E|11|D3
6|14|282|95|279|204|3N|W|11|C6
6|14|268|274|244|190|3N|E|9|S6
6|14|72|129|305|192|1NX|S|4|DK
6|14|197|201|157|304|1N|E|9|HA
6|14|196|22|23|242|2N|W|9|S4
6|14|238|259|209|306|3N|W|10|D6
6|14|149|295|33|26|3N|W|10|C3
6|15|76|141|71|195|3N|E|10|S4
6|15|56|84|107|41|3N|E|9|S5
6|15|185|11|51|116|3N|W|11|C5
6|15|282|95|279|204|3N|E|9|D5
6|15|268|274|244|190|3N|E|10|S5
6|15|72|129|305|192|2SX|S|5|CQ
6|15|197|201|157|304|2SX|S|6|H2
6|15|196|22|23|242|3N|E|10|S5
6|15|238|259|209|306|3N|E|9|S5
6|15|149|295|33|26|3N|E|9|D4
6|16|76|141|71|195|3S|N|9|C2
6|16|56|84|107|41|2S|N|9|DT
6|16|185|11|51|116|2S|N|9|DT
6|16|282|95|279|204|2S|S|9|S2
6|16|268|274|244|190|2S|N|9|DT
6|16|72|129|305|192|3S|N|9|DT
6|16|197|201|157|304|3S|N|9|DT
6|16|196|22|23|242|2S|N|9|DT
6|16|238|259|209|306|2S|N|9|DT
6|16|149|295|33|26|2S|S|9|CJ
6|17|76|104|71|248|2H|N|9|DA
6|17|56|84|107|41|4H|N|9|DA
6|17|147|103|199|116|4H|N|9|DA
6|17|282|95|279|204|3H|N|9|DA
6|17|268|274|244|190|4H|N|10|DK
6|17|72|129|305|192|1N|S|9|S2
6|17|207|63|157|191|2H|N|9|S5
6|17|196|22|23|197|4H|N|9|DA
6|17|246|48|98|258|2H|N|9|DK
6|17|149|238|33|209|2H|N|9|DA
6|18|76|104|71|248|3C|N|8|H5
6|18|56|84|107|41|P||0
6|18|147|103|199|116|2H|E|10|SK
6|18|282|95|279|204|2H|E|10|D3
6|18|268|274|244|190|2H|E|9|SK
6|18|72|129|305|192|2H|E|10|SQ
6|18|207|63|157|191|2H|E|9|SK
6|18|196|22|23|197|2H|E|10|SK
6|18|246|48|98|258|2H|E|10|SK
6|18|149|238|33|209|P||0
6|19|76|104|71|248|3D|S|8|HK
6|19|56|84|107|41|3S|W|8|H2
6|19|147|103|199|116|4S|E|8|S6
6|19|282|95|279|204|2S|E|8|DA
6|19|268|274|244|190|3D|S|8|HK
6|19|72|129|305|192|3S|E|8|C7
6|19|207|63|157|191|2S|E|8|C3
6|19|196|22|23|197|2S|W|9|D3
6|19|246|48|98|258|4S|E|8|DA
6|19|149|238|33|209|2S|E|8|S7
6|2|76|141|71|195|3H|W|11|C5
6|2|56|84|107|41|2H|W|10|SQ
6|2|185|11|51|116|3H|W|10|C4
6|2|282|95|279|204|4H|W|11|D4
6|2|268|274|244|190|2S|E|9|D2
6|2|72|129|305|192|3H|E|11|H4
6|2|197|201|157|304|2H|E|10|CA
6|2|196|22|23|242|3H|W|10|SQ
6|2|238|259|209|306|4H|W|10|C4
6|2|149|295|33|26|3H|W|11|C4
6|20|76|104|71|248|4H|W|9|D3
6|20|56|84|107|41|4H|E|10|S3
6|20|147|103|199|116|4S|W|10|H9
6|20|282|95|279|204|4H|E|10|S3
6|20|268|274|244|190|4H|E|11|C2
6|20|72|129|305|192|4H|E|10|S6
6|20|207|63|157|191|4H|E|12|H2
6|20|196|22|23|197|4H|E|10|C2
6|20|246|48|98|258|4S|E|11|S3
6|20|149|238|33|209|4H|E|12|C2
6|21|76|104|71|248|3N|E|10|C6
6|21|56|84|107|41|3N|E|7|H2
6|21|147|103|199|116|3N|E|9|H2
6|21|282|95|279|204|3N|E|9|H4
6|21|268|274|244|190|3N|E|9|H4
6|21|72|129|305|192|3N|E|9|D4
6|21|207|63|157|191|1N|E|11|C6
6|21|196|22|23|197|3N|E|9|H2
6|21|246|48|98|258|3H|N|6|H3
6|21|149|238|33|209|5CX|W|9|DQ
6|22|76|104|71|248|4S|S|11|D2
6|22|56|84|107|41|4S|S|11|SJ
6|22|147|103|199|116|4S|S|11|C7
6|22|282|95|279|204|4S|S|11|D2
6|22|268|274|244|190|4S|S|11|D2
6|22|72|129|305|192|4S|S|11|HA
6|22|207|63|157|191|4S|S|11|SJ
6|22|196|22|23|197|4S|S|11|C3
6|22|246|48|98|258|4S|S|11|C7
6|22|149|238|33|209|4S|S|11|C7
6|23|76|104|71|248|6H|N|11|DA
6|23|56|84|107|41|4H|S|11|DK
6|23|147|103|199|116|6H|S|12|D5
6|23|282|95|279|204|6H|N|12|DA
6|23|268|274|244|190|6H|N|12|S4
6|23|72|129|305|192|6H|S|12|S8
6|23|207|63|157|191|4H|N|12|S3
6|23|196|22|23|197|4S|N|6|DA
6|23|246|48|98|258|5H|N|11|S4
6|23|149|238|33|209|6H|N|12|DA
6|24|76|104|71|248|3N|E|11|H7
6|24|56|84|107|41|3N|E|12|D6
6|24|147|103|199|116|3N|E|12|D6
6|24|282|95|279|204|3N|E|12|D4
6|24|268|274|244|190|3N|W|12|C2
6|24|72|129|305|192|3N|W|11|D3
6|24|207|63|157|191|3N|W|11|D9
6|24|196|22|23|197|4H|W|11|D9
6|24|246|48|98|258|3N|E|12|D6
6|24|149|238|33|209|4H|W|11|C5
6|25|76|104|71|248|4S|N|11|CK
6|25|56|84|107|41|3N|N|11|CK
6|25|147|103|199|116|4S|N|8|CK
6|25|282|95|279|204|4S|N|10|CK
6|25|268|274|244|190|4S|N|11|CK
6|25|72|129|305|192|4S|N|8|CK
6|25|207|63|157|191|4S|N|11|S2
6|25|196|22|23|197|4S|N|11|CK
6|25|246|48|98|258|4S|N|10|CQ
6|25|149|238|33|209|4S|N|11|CK
6|26|76|104|71|248|3SX|S|6|CA
6|26|56|84|107|41|4HX|N|7|CK
6|26|147|103|199|116|3SX|S|5|CA
6|26|282|95|279|204|4D|W|8|S6
6|26|268|274|244|190|5C|E|10|SK
6|26|72|129|305|192|5C|E|9|SK
6|26|207|63|157|191|5C|E|9|SA
6|26|196|22|23|197|5C|E|10|SK
6|26|246|48|98|258|4C|E|10|SA
6|26|149|238|33|209|3D|W|8|HQ
6|27|76|104|71|248|4HX|S|10|D3
6|27|56|84|107|41|4H|S|10|H5
6|27|147|103|199|116|3H|S|10|D7
6|27|282|95|279|204|6DX|W|11|HA
6|27|268|274|244|190|5DX|W|11|HA
6|27|72|129|305|192|4H|S|10|DT
6|27|207|63|157|191|4C|E|7|HK
6|27|196|22|23|197|4H|S|10|DT
6|27|246|48|98|258|5HX|S|10|D3
6|27|149|238|33|209|4H|S|10|D7
6|28|76|104|71|248|3S|N|9|H2
6|28|56|84|107|41|2S|N|8|HT
6|28|147|103|199|116|4S|N|8|H2
6|28|282|95|279|204|4H|W|8|S4
6|28|268|274|244|190|3S|N|8|H5
6|28|72|129|305|192|4H|W|8|DT
6|28|207|63|157|191|2S|N|8|H2
6|28|196|22|23|197|4HX|W|8|DT
6|28|246|48|98|258|2S|N|9|DA
6|28|149|238|33|209|3D|E|8|S7
6|29|76|104|71|248|4HX|S|8|CA
6|29|56|84|107|41|2H|S|9|CA
6|29|147|103|199|116|2N|S|6|C4
6|29|282|95|279|204|3N|S|6|C4
6|29|268|274|244|190|2N|S|6|C9
6|29|72|129|305|192|2H|S|9|D5
6|29|207|63|157|191|2N|S|6|C4
6|29|196|22|23|197|3D|N|9|C3
6|29|246|48|98|258|3N|S|6|C4
6|29|149|238|33|209|3D|S|10|D3
6|3|76|141|71|195|3N|N|8|DQ
6|3|56|84|107|41|3C|S|9|DA
6|3|185|11|51|116|3N|N|8|DQ
6|3|282|95|279|204|3C|S|9|SA
6|3|268|274|244|190|2S|E|6|HJ
6|3|72|129|305|192|3S|W|6|CJ
6|3|197|201|157|304|3C|S|9|DA
6|3|196|22|23|242|3S|W|6|HA
6|3|238|259|209|306|4H|N|8|S7
6|3|149|295|33|26|3C|S|10|DA
6|30|76|104|71|248|3N|W|10|C2
6|30|56|84|107|41|4SX|E|8|H5
6|30|147|103|199|116|5D|E|11|H2
6|30|282|95|279|204|5D|E|11|C4
6|30|268|274|244|190|6D|W|12|SK
6|30|72|129|305|192|2D|E|12|H2
6|30|207|63|157|191|5D|E|10|D4
6|30|196|22|23|197|5D|E|12|H4
6|30|246|48|98|258|5D|E|12|S9
6|30|149|238|33|209|5D|E|11|D3
6|31|76|104|71|248|5D|S|10|H6
6|31|56|84|107|41|5D|N|11|DA
6|31|147|103|199|116|3N|S|10|S2
6|31|282|95|279|204|2D|S|10|D2
6|31|268|274|244|190|3N|N|9|S7
6|31|72|129|305|192|3N|N|10|S7
6|31|207|63|157|191|3N|N|9|S7
6|31|196|22|23|197|3N|N|10|S7
6|31|246|48|98|258|6D|N|11|S7
6|31|149|238|33|209|5D|S|11|SA
6|32|76|104|71|248|5DX|N|9|HK
6|32|56|84|107|41|4H|W|10|DK
6|32|147|103|199|116|4H|W|10|DK
6|32|282|95|279|204|4H|W|10|DK
6|32|268|274|244|190|4H|W|10|DK
6|32|72|129|305|192|4HX|W|10|DK
6|32|207|63|157|191|3H|W|10|DK
6|32|196|22|23|197|4H|W|10|DK
6|32|246|48|98|258|4S|S|8|CQ
6|32|149|238|33|209|4H|W|10|DK
6|4|76|141|71|195|3C|N|8|S2
6|4|56|84|107|41|1N|S|7|D6
6|4|185|11|51|116|1N|S|7|D6
6|4|282|95|279|204|1N|N|6|S9
6|4|268|274|244|190|1N|N|7|H5
6|4|72|129|305|192|1N|N|7|S6
6|4|197|201|157|304|2S|W|8|D5
6|4|196|22|23|242|1N|S|8|D6
6|4|238|259|209|306|1N|S|7|D6
6|4|149|295|33|26|1N|N|8|S9
6|5|76|141|71|195|1N|N|4|C3
6|5|56|84|107|41|1N|N|6|C3
6|5|185|11|51|116|1N|N|4|HQ
6|5|282|95|279|204|1C|N|5|C2
6|5|268|274|244|190|1N|N|6|C2
6|5|72|129|305|192|2N|W|9|CA
6|5|197|201|157|304|3H|E|9|C8
6|5|196|22|23|242|1N|N|5|H9
6|5|238|259|209|306|1N|N|5|HQ
6|5|149|295|33|26|1N|E|9|S3
6|6|76|141|71|195|4H|S|11|C4
6|6|56|84|107|41|3H|S|10|H5
6|6|185|11|51|116|4H|S|11|H5
6|6|282|95|279|204|4H|S|11|C4
6|6|268|274|244|190|2H|S|10|H4
6|6|72|129|305|192|4H|S|9|C4
6|6|197|201|157|304|2H|S|11|C4
6|6|196|22|23|242|4H|S|10|C2
6|6|238|259|209|306|4H|S|10|C2
6|6|149|295|33|26|4H|S|11|H5
6|7|76|141|71|195|6D|W|13|S3
6|7|56|84|107|41|3D|W|13|S5
6|7|185|11|51|116|5D|W|12|CA
6|7|282|95|279|204|3D|W|13|S5
6|7|268|274|244|190|4D|W|12|CA
6|7|72|129|305|192|5D|W|12|CA
6|7|197|201|157|304|5D|W|12|S3
6|7|196|22|23|242|3D|W|12|CA
6|7|238|259|209|306|3D|W|12|S5
6|7|149|295|33|26|4H|E|10|CK
6|8|76|141|71|195|3N|N|10|SQ
6|8|56|84|107|41|3N|N|8|H2
6|8|185|11|51|116|3N|N|8|SQ
6|8|282|95|279|204|3N|N|9|H2
6|8|268|274|244|190|3N|N|9|H7
6|8|72|129|305|192|3N|S|11|HQ
6|8|197|201|157|304|3N|N|9|SQ
6|8|196|22|23|242|3N|N|9|H2
6|8|238|259|209|306|3N|N|8|H7
6|8|149|295|33|26|3N|N|10|SQ
6|9|76|141|71|195|3D|S|8|SA
6|9|56|84|107|41|2H|S|8|SA
6|9|185|11|51|116|2H|S|8|SK
6|9|282|95|279|204|3D|S|9|SA
6|9|268|274|244|190|4H|S|8|SA
6|9|72|129|305|192|3D|N|8|S8
6|9|197|201|157|304|2H|S|8|SA
6|9|196|22|23|242|2H|S|8|SA
6|9|238|259|209|306|4H|S|8|SQ
6|9|149|295|33|26|4H|S|8|SA
7|1|122|95|141|204|2S|E|9|HJ
7|1|25|104|185|248|3S|E|9|CA
7|1|11|313|116|193|3S|E|7|HJ
7|1|72|282|305|279|3H|W|11|D4
7|1|221|197|87|144|2H|E|11|SJ
7|1|207|76|157|71|3H|W|11|C2
7|1|196|246|23|98|3S|E|9|HJ
7|1|295|63|26|191|4D|N|8|SA
7|1|149|268|33|244|4C|S|8|S6
7|1|129|259|171|306|2S|E|9|HJ
7|10|122|95|141|204|4S|W|9|D5
7|10|25|104|185|248|4S|W|10|D5
7|10|11|313|116|193|3N|E|8|DQ
7|10|72|282|305|279|4S|E|10|DQ
7|10|221|197|87|144|4S|E|10|DQ
7|10|207|76|157|71|4S|W|11|D4
7|10|196|246|23|98|4S|W|11|C5
7|10|295|63|26|191|4S|W|9|H5
7|10|149|268|33|244|4S|E|10|DQ
7|10|129|259|171|306|4S|E|10|DQ
7|11|122|95|141|204|3N|S|10|CT
7|11|25|104|185|248|4S|N|10|H5
7|11|11|313|116|193|2C|W|8|D2
7|11|72|282|305|279|4S|N|10|H3
7|11|221|197|87|144|4S|S|10|CT
7|11|207|76|157|71|4S|N|10|CK
7|11|196|246|23|98|2S|N|9|H3
7|11|295|63|26|191|4S|N|11|CK
7|11|149|268|33|244|4S|N|11|S2
7|11|129|259|171|306|4S|N|11|CK
7|12|122|95|141|204|2S|E|10|DK
7|12|25|104|185|248|4H|N|10|SK
7|12|11|313|116|193|4D|W|9|H2
7|12|72|282|305|279|2S|E|11|S5
7|12|221|197|87|144|5D|W|8|D5
7|12|207|76|157|71|4D|W|10|H5
7|12|196|246|23|98|3D|W|8|H2
7|12|295|63|26|191|4SX|E|10|CQ
7|12|149|268|33|244|3D|W|10|D6
7|12|129|259|171|306|4H|S|9|S9
7|13|122|95|141|204|3N|N|8|CQ
7|13|25|104|185|248|3N|N|7|CQ
7|13|11|313|116|193|3N|N|7|CQ
7|13|72|282|305|279|3N|N|7|CQ
7|13|221|197|87|144|3N|N|7|CQ
7|13|207|76|157|71|3S|E|9|DA
7|13|196|246|23|98|2S|E|8|DA
7|13|295|63|26|191|2S|E|8|HK
7|13|149|268|33|244|3N|N|7|CQ
7|13|129|259|171|306|3N|N|7|CQ
7|14|122|95|141|204|5S|N|13|H4
7|14|25|104|185|248|4S|S|13|HK
7|14|11|313|116|193|4S|S|13|HK
7|14|72|282|305|279|4S|S|13|HK
7|14|221|197|87|144|4S|S|13|HK
7|14|207|76|157|71|4S|S|13|HK
7|14|196|246|23|98|4S|N|13|H4
7|14|295|63|26|191|4S|N|11|C9
7|14|149|268|33|244|4S|S|13|HK
7|14|129|259|171|306|4S|N|13|H5
7|15|122|95|141|204|3N|E|9|HJ
7|15|25|104|185|248|3C|E|9|HJ
7|15|11|313|116|193|3C|E|9|HJ
7|15|72|282|305|279|3C|E|10|S9
7|15|221|197|87|144|3C|E|9|HJ
7|15|207|76|157|71|3N|W|9|DK
7|15|196|246|23|98|3C|E|9|D4
7|15|295|63|26|191|3C|E|10|HJ
7|15|149|268|33|244|3S|N|9|CK
7|15|129|259|171|306|4C|E|9|D4
7|16|122|95|141|204|6H|S|8|DA
7|16|25|104|185|248|4S|S|9|CT
7|16|11|313|116|193|4S|N|10|D9
7|16|72|282|305|279|3N|S|8|C9
7|16|221|197|87|144|4S|S|10|C2
7|16|207|76|157|71|4S|N|9|DT
7|16|196|246|23|98|4S|S|10|S3
7|16|295|63|26|191|4S|S|10|CT
7|16|149|268|33|244|4S|N|10|DT
7|16|129|259|171|306|3N|S|7|CT
7|17|56|95|107|204|3N|N|12|DJ
7|17|25|104|185|248|6N|N|12|H5
7|17|103|313|116|193|6N|N|12|DJ
7|17|72|53|305|279|6N|S|11|H9
7|17|221|197|87|157|3N|N|12|S9
7|17|22|76|242|71|6N|N|12|H8
7|17|196|246|23|98|5D|N|12|H4
7|17|135|201|2|304|6N|S|12|H3
7|17|48|268|258|244|3N|N|12|S2
7|17|192|259|171|306|6N|N|12|S3
7|18|56|95|107|204|4S|N|10|D5
7|18|25|104|185|248|4S|N|10|D4
7|18|103|313|116|193|4S|N|10|D4
7|18|72|53|305|279|4S|N|10|D5
7|18|221|197|87|157|4S|N|10|D5
7|18|22|76|242|71|4S|N|10|D4
7|18|196|246|23|98|4S|N|10|C5
7|18|135|201|2|304|4S|N|10|D5
7|18|48|268|258|244|4S|N|10|D5
7|18|192|259|171|306|4S|N|10|D4
7|19|56|95|107|204|3N|E|11|H2
7|19|25|104|185|248|3N|E|11|H2
7|19|103|313|116|193|6C|E|11|DJ
7|19|72|53|305|279|3N|W|11|D4
7|19|221|197|87|157|3N|E|11|S4
7|19|22|76|242|71|3N|E|11|H2
7|19|196|246|23|98|3N|E|11|H2
7|19|135|201|2|304|3N|E|10|DJ
7|19|48|268|258|244|3N|E|10|H2
7|19|192|259|171|306|5C|E|11|H5
7|2|122|95|141|204|2S|N|9|H3
7|2|25|104|185|248|1S|N|10|H5
7|2|11|313|116|193|1S|N|10|C8
7|2|72|282|305|279|2S|N|8|H3
7|2|221|197|87|144|1NX|W|6|SQ
7|2|207|76|157|71|1N|W|6|SQ
7|2|196|246|23|98|1S|N|9|H3
7|2|295|63|26|191|1S|N|10|C6
7|2|149|268|33|244|1N|N|9|D2
7|2|129|259|171|306|1S|N|10|H5
7|20|56|95|107|204|4S|N|12|CT
7|20|25|104|185|248|4S|N|12|C4
7|20|103|313|116|193|4S|N|11|HA
7|20|72|53|305|279|4S|N|12|C2
7|20|221|197|87|157|5D|N|12|C4
7|20|22|76|242|71|4D|N|12|CT
7|20|196|246|23|98|4S|N|12|C2
7|20|135|201|2|304|3N|S|12|S6
7|20|48|268|258|244|4S|N|12|C2
7|20|192|259|171|306|4S|S|13|S5
7|21|56|95|107|204|3N|N|10|D9
7|21|25|104|185|248|3N|N|10|D6
7|21|103|313|116|193|3N|S|11|S8
7|21|72|53|305|279|3N|N|10|D6
7|21|221|197|87|157|3N|N|11|DT
7|21|22|76|242|71|3N|N|9|S9
7|21|196|246|23|98|6C|N|11|S9
7|21|135|201|2|304|2C|N|11|S9
7|21|48|268|258|244|3N|N|10|S9
7|21|192|259|171|306|3N|N|10|D6
7|22|56|95|107|204|5C|N|12|CT
7|22|25|104|185|248|4C|N|12|HQ
7|22|103|313|116|193|4S|N|11|HA
7|22|72|53|305|279|4S|N|11|CT
7|22|221|197|87|157|5CX|N|11|HA
7|22|22|76|242|71|4C|S|12|HK
7|22|196|246|23|98|5C|N|12|S7
7|22|135|201|2|304|6C|N|13|CT
7|22|48|268|258|244|5C|N|12|HA
7|22|192|259|171|306|6C|N|12|CT
7|23|56|95|107|204|3N|E|9|SQ
7|23|25|104|185|248|3H|S|6|H2
7|23|103|313|116|193|2SX|N|7|CA
7|23|72|53|305|279|2N|E|8|HT
7|23|221|197|87|157|3N|E|8|H6
7|23|22|76|242|71|1N|E|8|H6
7|23|196|246|23|98|3N|W|9|S5
7|23|135|201|2|304|2N|E|8|SQ
7|23|48|268|258|244|3N|E|9|DQ
7|23|192|259|171|306|2S|N|8|CA
7|24|56|95|107|204|4S|E|8|D4
7|24|25|104|185|248|4S|E|9|C6
7|24|103|313|116|193|4S|E|8|D9
7|24|72|53|305|279|4S|E|9|C6
7|24|221|197|87|157|4S|W|8|H4
7|24|22|76|242|71|4S|W|8|DK
7|24|196|246|23|98|5S|E|9|C6
7|24|135|201|2|304|4S|E|8|D9
7|24|48|268|258|244|4S|W|9|S3
7|24|192|259|171|306|4S|W|8|DK
7|25|56|95|107|204|3D|W|10|S4
7|25|25|104|185|248|3D|W|10|S4
7|25|103|313|116|193|3D|W|10|S4
7|25|72|53|305|279|3D|W|10|S3
7|25|221|197|87|157|3D|W|10|S4
7|25|22|76|242|71|3N|E|9|S2
7|25|196|246|23|98|2D|W|10|S4
7|25|135|201|2|304|3N|E|9|H2
7|25|48|268|258|244|3D|W|10|S3
7|25|192|259|171|306|3N|W|9|S4
7|26|56|95|107|204|4H|S|11|C4
7|26|25|104|185|248|7H|S|11|D4
7|26|103|313|116|193|6H|S|12|SQ
7|26|72|53|305|279|4H|S|11|SQ
7|26|221|197|87|157|4H|S|10|SQ
7|26|22|76|242|71|4H|S|9|SQ
7|26|196|246|23|98|4H|S|10|SQ
7|26|135|201|2|304|4H|S|10|SQ
7|26|48|268|258|244|4H|S|10|C4
7|26|192|259|171|306|6H|S|12|SQ
7|27|56|95|107|204|2S|W|7|H8
7|27|25|104|185|248|2S|W|8|H8
7|27|103|313|116|193|2H|S|6|CT
7|27|72|53|305|279|2S|W|9|H8
7|27|221|197|87|157|3S|W|8|H8
7|27|22|76|242|71|2S|W|9|H8
7|27|196|246|23|98|3S|W|8|DJ
7|27|135|201|2|304|3S|W|8|C4
7|27|48|268|258|244|2S|W|9|H8
7|27|192|259|171|306|3N|N|9|S5
7|28|56|95|107|204|3N|S|9|C2
7|28|25|104|185|248|3N|S|8|C2
7|28|103|313|116|193|4S|S|9|HK
7|28|72|53|305|279|4H|S|7|C4
7|28|221|197|87|157|3N|S|5|C7
7|28|22|76|242|71|3N|S|8|C7
7|28|196|246|23|98|4H|N|9|CA
7|28|135|201|2|304|4S|S|8|HK
7|28|48|268|258|244|3N|N|12|H7
7|28|192|259|171|306|3N|S|9|C2
7|29|56|95|107|204|4S|S|10|DK
7|29|25|104|185|248|4S|S|10|DK
7|29|103|313|116|193|4S|S|10|DK
7|29|72|53|305|279|4S|S|10|HJ
7|29|221|197|87|157|4S|N|10|CQ
7|29|22|76|242|71|4H|S|10|S2
7|29|196|246|23|98|4S|S|10|S2
7|29|135|201|2|304|4S|S|9|DK
7|29|48|268|258|244|4S|S|10|DK
7|29|192|259|171|306|3S|S|10|DK
7|3|122|95|141|204|3H|S|12|SQ
7|3|25|104|185|248|4H|S|12|SQ
7|3|11|313|116|193|4H|S|11|SQ
7|3|72|282|305|279|4H|S|11|SQ
7|3|221|197|87|144|4H|S|12|C4
7|3|207|76|157|71|4H|S|11|SQ
7|3|196|246|23|98|4H|S|11|SQ
7|3|295|63|26|191|4H|S|11|SQ
7|3|149|268|33|244|4H|S|12|SQ
7|3|129|259|171|306|3H|S|11|SQ
7|30|56|95|107|204|2N|E|8|H7
7|30|25|104|185|248|3N|W|7|H2
7|30|103|313|116|193|3N|W|8|H2
7|30|72|53|305|279|3N|E|10|DT
7|30|221|197|87|157|3N|E|8|H7
7|30|22|76|242|71|3N|W|8|H2
7|30|196|246|23|98|3N|W|7|H2
7|30|135|201|2|304|3N|W|9|S6
7|30|48|268|258|244|2N|W|8|S5
7|30|192|259|171|306|3N|E|8|H7
7|31|56|95|107|204|2S|W|8|C7
7|31|25|104|185|248|3N|W|5|D6
7|31|103|313|116|193|2S|W|8|C7
7|31|72|53|305|279|4S|W|9|CK
7|31|221|197|87|157|2S|W|8|C7
7|31|22|76|242|71|4S|E|8|D4
7|31|196|246|23|98|2S|W|8|C7
7|31|135|201|2|304|2S|W|9|H6
7|31|48|268|258|244|2S|E|8|H8
7|31|192|259|171|306|3S|W|8|H3
7|32|56|95|107|204|3N|W|9|D3
7|32|25|104|185|248|3N|W|6|S4
7|32|103|313|116|193|3N|E|9|H9
7|32|72|53|305|279|3N|W|9|D3
7|32|221|197|87|157|3N|W|9|S4
7|32|22|76|242|71|3N|W|11|H4
7|32|196|246|23|98|3N|W|9|S4
7|32|135|201|2|304|3N|W|8|S4
7|32|48|268|258|244|3D|S|7|C3
7|32|192|259|171|306|3C|W|10|H4
7|4|122|95|141|204|3N|W|6|CA
7|4|25|104|185|248|1S|E|8|H9
7|4|11|313|116|193|3N|E|9|S7
7|4|72|282|305|279|4S|W|8|CA
7|4|221|197|87|144|3N|W|8|D3
7|4|207|76|157|71|2N|W|8|D3
7|4|196|246|23|98|2N|W|8|D3
7|4|295|63|26|191|2N|W|7|H4
7|4|149|268|33|244|2N|W|8|D3
7|4|129|259|171|306|1S|W|8|H5
7|5|122|95|141|204|3N|N|8|H3
7|5|25|104|185|248|1N|E|6|CA
7|5|11|313|116|193|2N|N|8|H9
7|5|72|282|305|279|2C|S|8|S8
7|5|221|197|87|144|3N|N|7|H3
7|5|207|76|157|71|2C|S|8|H2
7|5|196|246|23|98|1N|S|6|H2
7|5|295|63|26|191|3NX|N|8|H3
7|5|149|268|33|244|3C|S|8|H4
7|5|129|259|171|306|2C|S|8|H2
7|6|122|95|141|204|3N|E|9|D5
7|6|25|104|185|248|3N|W|10|S6
7|6|11|313|116|193|3N|W|10|S6
7|6|72|282|305|279|3N|E|11|D2
7|6|221|197|87|144|3N|E|9|D5
7|6|207|76|157|71|3N|E|9|DT
7|6|196|246|23|98|3N|E|9|D9
7|6|295|63|26|191|3N|W|10|S6
7|6|149|268|33|244|3N|E|11|ST
7|6|129|259|171|306|3N|E|10|D3
7|7|122|95|141|204|1N|E|9|C3
7|7|25|104|185|248|4H|E|10|HA
7|7|11|313|116|193|1N|E|9|S4
7|7|72|282|305|279|4H|E|9|C3
7|7|221|197|87|144|1N|S|4|H2
7|7|207|76|157|71|2CX|N|8|CA
7|7|196|246|23|98|4H|E|9|C4
7|7|295|63|26|191|3H|E|9|C4
7|7|149|268|33|244|1N|S|3|H2
7|7|129|259|171|306|3N|E|9|C7
7|8|122|95|141|204|4S|N|12|CJ
7|8|25|104|185|248|4S|S|12|D3
7|8|11|313|116|193|4S|S|12|D6
7|8|72|282|305|279|4S|S|11|D4
7|8|221|197|87|144|4S|S|12|D3
7|8|207|76|157|71|6S|S|11|H4
7|8|196|246|23|98|4S|S|12|D7
7|8|295|63|26|191|3N|S|12|D3
7|8|149|268|33|244|4S|S|12|D4
7|8|129|259|171|306|6S|S|12|D6
7|9|122|95|141|204|2C|S|11|H2
7|9|25|104|185|248|3N|S|8|S5
7|9|11|313|116|193|3N|S|10|S5
7|9|72|282|305|279|3C|S|9|S8
7|9|221|197|87|144|3N|S|7|S8
7|9|207|76|157|71|3N|S|8|H4
7|9|196|246|23|98|3C|S|10|H8
7|9|295|63|26|191|3N|S|8|S8
7|9|149|268|33|244|4C|S|9|S8
7|9|129|259|171|306|3N|S|8|S5
8|1|72|122|305|141|3N|W|9|S3
8|1|56|313|107|193|3N|W|9|S3
8|1|129|53|192|282|3N|W|9|H3
8|1|11|268|103|244|3N|W|9|S3
8|1|22|95|144|204|3N|W|10|S3
8|1|25|207|185|197|3N|W|10|H3
8|1|295|76|26|71|3N|W|8|S3
8|1|221|135|87|2|3N|W|8|C3
8|1|48|63|258|191|3N|W|11|H3
8|1|201|149|304|33|3N|W|9|DQ
8|10|72|122|305|141|6H|E|12|DJ
8|10|56|313|107|193|4H|E|12|SJ
8|10|129|53|192|282|6H|E|12|DJ
8|10|11|268|103|244|4H|E|12|DJ
8|10|22|95|144|204|4H|E|12|DJ
8|10|25|207|185|197|5H|E|12|DJ
8|10|295|76|26|71|4H|E|12|SJ
8|10|221|135|87|2|5H|E|12|DJ
8|10|48|63|258|191|6H|E|12|H8
8|10|201|149|304|33|4H|E|10|C7
8|11|72|122|305|141|4S|S|13|S5
8|11|56|313|107|193|4S|S|13|ST
8|11|129|53|192|282|5S|S|13|D3
8|11|11|268|103|244|5S|N|13|DK
8|11|22|95|144|204|4S|S|13|H5
8|11|25|207|185|197|4S|N|13|DK
8|11|295|76|26|71|4S|N|13|DK
8|11|221|135|87|2|4S|S|12|C7
8|11|48|63|258|191|6S|N|13|DK
8|11|201|149|304|33|4S|N|13|DJ
8|12|72|122|305|141|2H|W|7|C2
8|12|56|313|107|193|2H|E|8|CJ
8|12|11|268|103|244|2H|W|8|C5
8|12|22|95|144|204|3C|S|9|HA
8|12|25|207|185|197|2S|S|8|D8
8|12|295|76|26|71|3C|S|8|D6
8|12|221|135|87|2|2H|E|8|CJ
8|12|48|63|258|191|2H|W|7|D2
8|12|201|149|304|33|3D|E|8|H3
8|13|72|122|305|141|3N|W|9|C6
8|13|56|313|107|193|3N|W|9|SJ
8|13|129|53|192|282|3N|W|9|SJ
8|13|11|268|103|244|3N|W|9|C9
8|13|22|95|144|204|1N|W|10|CT
8|13|25|207|185|197|3N|W|9|C6
8|13|295|76|26|71|3N|W|8|CT
8|13|221|135|87|2|3N|W|9|C9
8|13|48|63|258|191|2N|W|10|SJ
8|13|201|149|304|33|3N|W|8|C6
8|14|72|122|305|141|3N|S|12|C3
8|14|56|313|107|193|3N|S|12|C7
8|14|129|53|192|282|6N|S|12|C2
8|14|11|268|103|244|6D|S|12|C2
8|14|22|95|144|204|6N|S|12|C8
8|14|25|207|185|197|6D|S|13|SJ
8|14|295|76|26|71|3N|S|12|H8
8|14|221|135|87|2|6N|S|12|C8
8|14|48|63|258|191|3N|S|12|H8
8|14|201|149|304|33|6N|N|12|H5
8|15|72|122|305|141|5S|S|11|CQ
8|15|56|313|107|193|4S|S|11|CQ
8|15|129|53|192|282|4S|S|11|DA
8|15|11|268|103|244|5S|S|11|S4
8|15|22|95|144|204|4S|S|11|CQ
8|15|25|207|185|197|5S|S|11|HA
8|15|295|76|26|71|5S|S|11|DA
8|15|221|135|87|2|5S|S|12|CQ
8|15|48|63|258|191|4S|S|11|S4
8|15|201|149|304|33|4S|S|11|DA
8|16|72|122|305|141|3H|N|8|HT
8|16|56|313|107|193|3D|E|9|CQ
8|16|129|53|192|282|3HX|N|7|HT
8|16|11|268|103|244|3H|S|9|H3
8|16|22|95|144|204|3C|S|6|D2
8|16|25|207|185|197|3H|N|8|CA
8|16|295|76|26|71|2H|N|8|HT
8|16|221|135|87|2|2S|W|7|C6
8|16|48|63|258|191|3HX|S|9|C7
8|16|201|149|304|33|3C|S|8|H3
8|17|72|104|305|248|4H|E|11|H6
8|17|122|313|141|193|3N|W|11|C2
8|17|268|282|244|279|3N|W|10|C2
8|17|11|192|103|171|3N|W|11|S6
8|17|242|95|207|204|4H|E|11|H7
8|17|25|197|185|157|3N|W|10|C2
8|17|295|76|26|71|3N|W|10|S6
8|17|221|246|87|98|3N|W|10|C2
8|17|48|63|258|191|3N|W|11|S6
8|17|201|259|304|306|3N|W|10|S6
8|18|72|104|305|248|5H|E|11|SK
8|18|122|313|141|193|4H|E|12|H6
8|18|268|282|244|279|4H|E|10|SK
8|18|11|192|103|171|4H|E|11|SK
8|18|242|95|207|204|4H|E|12|CA
8|18|25|197|185|157|4H|E|11|SK
8|18|295|76|26|71|4H|E|11|SK
8|18|221|246|87|98|4H|E|12|H8
8|18|48|63|258|191|5HX|E|10|SQ
8|18|201|259|304|306|5HX|E|10|SK
8|19|72|104|305|248|3H|S|10|C5
8|19|122|313|141|193|3H|S|10|C5
8|19|268|282|244|279|2C|N|8|S7
8|19|11|192|103|171|3H|S|9|DA
8|19|242|95|207|204|4HX|S|9|SA
8|19|25|197|185|157|4H|S|8|SA
8|19|295|76|26|71|2S|W|8|CA
8|19|221|246|87|98|3S|W|6|HA
8|19|48|63|258|191|4H|N|11|S7
8|19|201|259|304|306|2H|S|9|DA
8|2|72|122|305|141|2H|W|10|CQ
8|2|56|313|107|193|2H|W|8|CQ
8|2|129|53|192|282|2H|W|9|CQ
8|2|11|268|103|244|1N|E|8|D8
8|2|22|95|144|204|1N|E|7|S5
8|2|25|207|185|197|3H|E|7|S7
8|2|295|76|26|71|1N|E|7|S5
8|2|221|135|87|2|2H|W|8|CQ
8|2|48|63|258|191|2H|W|8|CJ
8|2|201|149|304|33|2H|E|9|H2
8|20|72|104|305|248|3N|W|9|H3
8|20|122|313|141|193|3N|E|11|S3
8|20|268|282|244|279|3N|W|11|SQ
8|20|11|192|103|171|3N|W|9|H3
8|20|242|95|207|204|3N|W|10|C5
8|20|25|197|185|157|3N|W|10|C5
8|20|295|76|26|71|3N|W|9|C5
8|20|221|246|87|98|3N|W|11|SQ
8|20|48|63|258|191|3N|E|11|S3
8|20|201|259|304|306|3N|W|11|SQ
8|21|72|104|305|248|4S|N|8|HA
8|21|122|313|141|193|3N|N|8|H6
8|21|268|282|244|279|3N|S|9|H2
8|21|11|192|103|171|4S|N|9|HA
8|21|242|95|207|204|3N|S|10|H4
8|21|25|197|185|157|4S|N|10|SJ
8|21|295|76|26|71|4S|N|10|D5
8|21|221|246|87|98|4S|N|10|SJ
8|21|48|63|258|191|6S|N|9|HA
8|21|201|259|304|306|4S|N|10|SJ
8|22|72|104|305|248|3H|E|9|D7
8|22|122|313|141|193|4H|E|8|SJ
8|22|268|282|244|279|3D|N|9|CK
8|22|11|192|103|171|3H|E|9|SJ
8|22|242|95|207|204|4D|N|9|HK
8|22|25|197|185|157|4D|N|9|CK
8|22|295|76|26|71|3H|E|8|D4
8|22|221|246|87|98|3H|E|9|D4
8|22|48|63|258|191|3H|E|8|D7
8|22|201|259|304|306|3H|E|9|D4
8|23|72|104|305|248|6S|S|12|C5
8|23|122|313|141|193|6S|S|11|HT
8|23|268|282|244|279|6N|N|12|H5
8|23|11|192|103|171|4S|S|11|HT
8|23|242|95|207|204|6S|S|12|D6
8|23|25|197|185|157|4S|S|11|HT
8|23|295|76|26|71|4S|S|12|C5
8|23|221|246|87|98|4S|S|11|H9
8|23|48|63|258|191|6N|S|10|H6
8|23|201|259|304|306|6N|N|12|H4
8|24|72|104|305|248|5D|S|9|SA
8|24|122|313|141|193|4H|E|10|C2
8|24|268|282|244|279|2S|W|10|CJ
8|24|11|192|103|171|4H|W|10|CJ
8|24|242|95|207|204|4H|W|10|D3
8|24|25|197|185|157|4S|W|10|CJ
8|24|295|76|26|71|4S|W|9|CJ
8|24|221|246|87|98|4H|W|10|CJ
8|24|48|63|258|191|4H|E|9|DA
8|24|201|259|304|306|4H|W|10|D4
8|25|72|104|305|248|4H|W|10|H5
8|25|122|313|141|193|4H|W|10|H5
8|25|268|282|244|279|4S|W|10|C7
8|25|11|192|103|171|3N|W|6|C6
8|25|242|95|207|204|4H|W|10|H6
8|25|25|197|185|157|4H|W|10|H6
8|25|295|76|26|71|4S|W|10|H6
8|25|221|246|87|98|4H|E|9|S8
8|25|48|63|258|191|3N|W|11|H5
8|25|201|259|304|306|4S|W|10|S2
8|26|72|104|305|248|4H|W|12|C8
8|26|122|313|141|193|6C|E|12|D7
8|26|268|282|244|279|6S|E|11|D7
8|26|11|192|103|171|6C|E|12|D7
8|26|242|95|207|204|6C|W|12|S4
8|26|25|197|185|157|6C|E|12|D7
8|26|295|76|26|71|6C|E|12|D7
8|26|221|246|87|98|4S|E|12|H2
8|26|48|63|258|191|6C|E|12|D2
8|26|201|259|304|306|4H|W|12|C8
8|27|72|104|305|248|2S|S|9|H5
8|27|122|313|141|193|5C|E|10|D3
8|27|268|282|244|279|2S|N|8|S7
8|27|11|192|103|171|2N|E|9|S4
8|27|242|95|207|204|1N|E|9|S4
8|27|25|197|185|157|3S|S|9|C4
8|27|295|76|26|71|3N|E|9|HK
8|27|221|246|87|98|2D|E|9|CT
8|27|48|63|258|191|2S|N|9|S7
8|27|201|259|304|306|2N|E|9|S4
8|28|72|104|305|248|4H|W|8|SJ
8|28|122|313|141|193|3H|W|8|SJ
8|28|268|282|244|279|3H|W|8|DQ
8|28|11|192|103|171|3H|W|8|SJ
8|28|242|95|207|204|3H|W|8|DQ
8|28|25|197|185|157|4C|S|10|HK
8|28|295|76|26|71|3H|W|9|SJ
8|28|221|246|87|98|2S|S|9|HK
8|28|48|63|258|191|3H|W|8|SJ
8|28|201|259|304|306|3H|W|9|SJ
8|29|72|104|305|248|6S|E|11|D6
8|29|122|313|141|193|6S|W|12|S7
8|29|268|282|244|279|6S|E|10|D5
8|29|11|192|103|171|4N|E|12|H9
8|29|242|95|207|204|6S|E|10|D6
8|29|25|197|185|157|6S|E|11|C7
8|29|295|76|26|71|6S|W|11|D3
8|29|221|246|87|98|6S|E|11|D5
8|29|48|63|258|191|4S|E|10|D5
8|29|201|259|304|306|6S|E|10|C7
8|3|72|122|305|141|4H|S|11|SJ
8|3|56|313|107|193|4S|N|11|C8
8|3|129|53|192|282|4S|N|11|D2
8|3|11|268|103|244|4S|N|12|HK
8|3|22|95|144|204|4S|N|11|C2
8|3|25|207|185|197|4S|S|11|D3
8|3|295|76|26|71|3S|N|11|D8
8|3|221|135|87|2|4S|N|11|D5
8|3|48|63|258|191|1N|N|10|D5
8|3|201|149|304|33|4H|S|10|D3
8|30|72|104|305|248|3C|N|11|ST
8|30|122|313|141|193|1N|W|7|SK
8|30|268|282|244|279|3H|W|9|SK
8|30|11|192|103|171|4S|N|9|H5
8|30|242|95|207|204|3S|N|9|H2
8|30|25|197|185|157|3H|W|9|SK
8|30|295|76|26|71|4C|S|9|HA
8|30|221|246|87|98|1N|W|6|S4
8|30|48|63|258|191|5HX|W|10|HJ
8|30|201|259|304|306|3H|W|9|SK
8|31|72|104|305|248|2D|N|10|S5
8|31|122|313|141|193|2D|N|10|S5
8|31|268|282|244|279|3D|N|10|S3
8|31|11|192|103|171|4HX|W|8|DK
8|31|242|95|207|204|3H|W|7|DA
8|31|25|197|185|157|2D|N|10|S3
8|31|295|76|26|71|2D|N|10|D5
8|31|221|246|87|98|2D|N|10|D2
8|31|48|63|258|191|3D|N|10|S5
8|31|201|259|304|306|2D|N|10|S5
8|32|72|104|305|248|3N|N|9|D6
8|32|122|313|141|193|3N|S|10|DT
8|32|268|282|244|279|3N|N|11|SK
8|32|11|192|103|171|3N|N|9|SQ
8|32|242|95|207|204|3N|N|9|SK
8|32|25|197|185|157|3N|S|10|DT
8|32|295|76|26|71|3N|S|10|CT
8|32|221|246|87|98|3N|N|11|SK
8|32|48|63|258|191|2H|N|10|SK
8|32|201|259|304|306|3N|N|9|S6
8|4|72|122|305|141|2D|N|7|HK
8|4|56|313|107|193|1N|W|7|D6
8|4|129|53|192|282|3N|E|8|H2
8|4|11|268|103|244|2H|W|9|S7
8|4|22|95|144|204|3N|W|8|S7
8|4|25|207|185|197|3N|W|8|S7
8|4|295|76|26|71|2N|W|9|S7
8|4|221|135|87|2|1S|S|4|H8
8|4|48|63|258|191|1S|S|5|H8
8|4|201|149|304|33|1N|W|8|D6
8|5|72|122|305|141|3N|E|11|S6
8|5|56|313|107|193|5C|W|11|SJ
8|5|129|53|192|282|3SX|S|7|DA
8|5|11|268|103|244|3N|E|11|SQ
8|5|22|95|144|204|3N|E|10|S5
8|5|25|207|185|197|6C|W|11|SJ
8|5|295|76|26|71|6N|E|11|D9
8|5|221|135|87|2|3N|E|10|S6
8|5|48|63|258|191|3N|E|11|S5
8|5|201|149|304|33|3N|E|11|S6
8|6|72|122|305|141|3N|E|11|C2
8|6|56|313|107|193|3N|E|12|C5
8|6|129|53|192|282|6D|E|12|HT
8|6|11|268|103|244|3N|E|11|C5
8|6|22|95|144|204|6D|E|10|S4
8|6|25|207|185|197|6D|E|11|C6
8|6|295|76|26|71|6D|W|11|SQ
8|6|221|135|87|2|3N|E|11|S4
8|6|48|63|258|191|3N|E|12|H9
8|6|201|149|304|33|3N|E|12|HT
8|7|72|122|305|141|3N|W|10|S3
8|7|56|313|107|193|1N|E|10|S8
8|7|129|53|192|282|1N|W|9|S6
8|7|11|268|103|244|1N|E|10|S8
8|7|22|95|144|204|1N|W|10|S6
8|7|25|207|185|197|3N|W|10|H4
8|7|295|76|26|71|3C|W|11|S5
8|7|221|135|87|2|3N|W|11|S6
8|7|48|63|258|191|2N|E|10|S7
8|7|201|149|304|33|1N|W|7|S6
8|8|72|122|305|141|4N|N|5|SK
8|8|56|313|107|193|4HX|E|10|CA
8|8|129|53|192|282|4HX|E|11|SA
8|8|11|268|103|244|4S|E|9|CK
8|8|22|95|144|204|4H|E|11|CA
8|8|25|207|185|197|4S|E|10|CA
8|8|295|76|26|71|2S|E|9|CA
8|8|221|135|87|2|5H|E|10|CK
8|8|48|63|258|191|4H|E|10|H3
8|8|201|149|304|33|4HX|E|11|CA
8|9|72|122|305|141|4CX|W|4|HK
8|9|56|313|107|193|4H|N|7|SK
8|9|129|53|192|282|4H|N|8|SK
8|9|11|268|103|244|3SX|E|7|CA
8|9|22|95|144|204|4H|N|9|SA
8|9|25|207|185|197|4H|S|9|C3
8|9|295|76|26|71|4D|N|10|SA
8|9|221|135|87|2|4H|N|8|SA
8|9|48|63|258|191|3H|S|10|S9
8|9|201|149|304|33|4H|N|7|SQ
9|1|56|103|107|116|4H|S|9|D3
9|1|53|122|279|141|3N|S|8|S4
9|1|274|22|190|242|4H|S|10|S4
9|1|197|313|144|193|3N|S|9|S4
9|1|25|246|185|98|4H|S|10|D9
9|1|135|95|2|204|3N|N|9|SJ
9|1|221|259|87|306|4H|S|10|D8
9|1|149|76|33|71|4H|N|7|SJ
9|1|196|192|23|171|3N|N|9|SJ
9|1|268|201|244|304|4H|S|9|S2
9|10|56|103|107|116|3C|S|11|HK
9|10|53|122|279|141|3C|S|11|S7
9|10|274|22|190|242|2H|W|7|DJ
9|10|197|313|144|193|3N|S|10|H7
9|10|25|246|185|98|2S|W|6|DJ
9|10|135|95|2|204|3C|S|11|HK
9|10|221|259|87|306|3N|N|8|HJ
9|10|149|76|33|71|3N|N|8|SQ
9|10|196|192|23|171|3C|S|11|S7
9|10|268|201|244|304|3H|W|7|DJ
9|11|56|103|107|116|4H|S|12|D3
9|11|53|122|279|141|4H|S|12|CJ
9|11|274|22|190|242|4H|S|12|S2
9|11|197|313|144|193|4H|S|12|CJ
9|11|25|246|185|98|4H|S|12|CJ
9|11|135|95|2|204|4H|S|12|ST
9|11|221|259|87|306|3H|N|12|DA
9|11|149|76|33|71|6H|S|12|CJ
9|11|196|192|23|171|4H|S|12|ST
9|11|268|201|244|304|4H|S|12|CJ
9|12|56|103|107|116|5H|N|10|C4
9|12|53|122|279|141|3C|W|8|SK
9|12|274|22|190|242|4C|W|8|HT
9|12|197|313|144|193|4H|N|12|SJ
9|12|25|246|185|98|4H|N|11|SJ
9|12|135|95|2|204|2N|W|4|SK
9|12|221|259|87|306|4H|N|10|C5
9|12|149|76|33|71|3C|W|8|H9
9|12|196|192|23|171|5CX|W|8|SK
9|12|268|201|244|304|4S|S|9|HJ
9|13|56|103|107|116|2SX|N|5|HJ
9|13|53|122|279|141|3N|E|8|D2
9|13|274|22|190|242|2SX|N|5|C8
9|13|197|313|144|193|4H|E|10|SQ
9|13|25|246|185|98|3H|E|10|SQ
9|13|135|95|2|204|4H|E|9|DK
9|13|221|259|87|306|3N|W|9|S5
9|13|149|76|33|71|3C|W|10|DQ
9|13|196|192|23|171|4H|E|11|DA
9|13|268|201|244|304|2C|W|10|D9
9|14|56|103|107|116|4S|E|11|H3
9|14|53|122|279|141|4S|E|10|H3
9|14|274|22|190|242|3S|E|12|HT
9|14|197|313|144|193|3S|E|10|H4
9|14|25|246|185|98|4S|W|9|DA
9|14|135|95|2|204|5DX|N|8|SQ
9|14|221|259|87|306|3S|E|11|H3
9|14|149|76|33|71|5DX|N|9|HK
9|14|196|192|23|171|2S|E|12|CT
9|14|268|201|244|304|4S|E|11|HT
9|15|56|103|107|116|4S|W|12|HA
9|15|53|122|279|141|4S|W|11|HA
9|15|274|22|190|242|4H|S|7|C2
9|15|197|313|144|193|4S|W|12|HA
9|15|25|246|185|98|4S|E|12|HK
9|15|135|95|2|204|4S|W|11|HA
9|15|221|259|87|306|4S|W|12|HA
9|15|149|76|33|71|4S|W|12|HA
9|15|196|192|23|171|4S|W|11|HA
9|15|268|201|244|304|4S|W|12|DT
9|16|56|103|107|116|3N|N|9|DJ
9|16|53|122|279|141|3N|S|8|S2
9|16|274|22|190|242|3N|S|9|S2
9|16|197|313|144|193|3N|N|8|H7
9|16|25|246|185|98|3N|S|10|S2
9|16|135|95|2|204|3N|N|8|H2
9|16|221|259|87|306|3N|N|8|H2
9|16|149|76|33|71|3N|S|7|S2
9|16|196|192|23|171|3N|N|9|DJ
9|16|268|201|244|304|3N|S|8|S2
9|17|56|11|107|116|2D|S|8|HA
9|17|53|104|282|248|2SX|W|6|DQ
9|17|274|22|190|144|2H|W|9|DQ
9|17|197|313|157|193|3H|E|9|SA
9|17|25|295|185|26|4H|W|8|DQ
9|17|135|95|2|204|3H|E|9|SA
9|17|76|48|71|258|3D|S|8|HA
9|17|149|221|33|87|4DX|S|8|HA
9|17|196|268|23|244|3S|N|10|HT
9|17|192|63|171|191|3C|S|6|HA
9|18|56|11|107|116|4H|S|11|D4
9|18|53|104|282|248|4S|S|11|S7
9|18|274|22|190|144|4S|S|12|H3
9|18|197|313|157|193|4S|S|11|S7
9|18|25|295|185|26|4S|S|12|D4
9|18|135|95|2|204|4H|S|11|D4
9|18|76|48|71|258|4S|S|11|H3
9|18|149|221|33|87|4S|S|11|H3
9|18|196|268|23|244|5DX|E|7|HA
9|18|192|63|171|191|4S|S|11|S9
9|19|56|11|107|116|3N|S|10|H4
9|19|53|104|282|248|3S|S|9|H4
9|19|274|22|190|144|3N|S|10|H4
9|19|197|313|157|193|3N|S|9|H4
9|19|25|295|185|26|3N|S|11|H4
9|19|135|95|2|204|3N|S|11|C4
9|19|76|48|71|258|3N|S|10|H5
9|19|149|221|33|87|3N|S|11|C4
9|19|196|268|23|244|3N|S|10|H4
9|19|192|63|171|191|3N|S|9|H5
9|2|56|103|107|116|4H|S|10
9|2|53|122|279|141|3N|S|6|C7
9|2|274|22|190|242|4H|S|10|D4
9|2|197|313|144|193|4H|S|9|S7
9|2|25|246|185|98|4H|S|11|H8
9|2|135|95|2|204|4S|S|10|D5
9|2|221|259|87|306|3N|N|7|C4
9|2|149|76|33|71|4H|N|11|D8
9|2|196|192|23|171|4H|N|10|D9
9|2|268|201|244|304|4S|S|10|C9
9|20|56|11|107|116|3N|W|10|C2
9|20|53|104|282|248|4H|W|9|DT
9|20|274|22|190|144|3DX|N|7|HJ
9|20|197|313|157|193|4HX|W|10|S6
9|20|25|295|185|26|4H|W|9|D4
9|20|135|95|2|204|4H|W|9|S4
9|20|76|48|71|258|3D|N|6|SQ
9|20|149|221|33|87|3D|N|6|HJ
9|20|196|268|23|244|3D|N|6|C8
9|20|192|63|171|191|4H|W|9|D4
9|21|56|11|107|116|4S|N|12|C7
9|21|53|104|282|248|4S|N|12|C7
9|21|274|22|190|144|4S|N|10|H4
9|21|197|313|157|193|4S|N|11|H5
9|21|25|295|185|26|4S|N|11|C7
9|21|135|95|2|204|5SX|N|11|H4
9|21|76|48|71|258|5S|N|12|C7
9|21|149|221|33|87|5S|N|10|H4
9|21|196|268|23|244|6SX|N|11|H4
9|21|192|63|171|191|6SX|N|11|SA
9|22|56|11|107|116|2H|W|8|S4
9|22|53|104|282|248|2H|E|8|CJ
9|22|274|22|190|144|1N|W|6|D4
9|22|197|313|157|193|2S|S|5|C4
9|22|25|295|185|26|2H|E|8|S8
9|22|135|95|2|204|1N|W|9|HK
9|22|76|48|71|258|2H|E|8|CJ
9|22|149|221|33|87|1NX|W|6|CK
9|22|196|268|23|244|2H|W|8|D2
9|22|192|63|171|191|2H|E|8|CJ
9|23|56|11|107|116|3N|N|9|HT
9|23|53|104|282|248|3N|S|9|H6
9|23|274|22|190|144|3N|N|9|HT
9|23|197|313|157|193|3N|S|9|H6
9|23|25|295|185|26|3N|S|9|H6
9|23|135|95|2|204|3H|W|6|C2
9|23|76|48|71|258|2N|S|8|H6
9|23|149|221|33|87|3N|S|8|H6
9|23|196|268|23|244|3N|N|9|HT
9|23|192|63|171|191|2N|N|8|HT
9|24|56|11|107|116|4C|N|9|DA
9|24|53|104|282|248|2H|W|8|DJ
9|24|274|22|190|144|1N|W|6|C7
9|24|197|313|157|193|3H|W|8|DJ
9|24|25|295|185|26|2H|W|8|DJ
9|24|135|95|2|204|3H|W|8|DJ
9|24|76|48|71|258|3H|W|8|DJ
9|24|149|221|33|87|1N|W|8|C7
9|24|196|268|23|244|3H|W|8|SA
9|24|192|63|171|191|3H|W|8|DJ
9|25|56|11|107|116|3H|N|7|C6
9|25|53|104|282|248|2S|E|8|H6
9|25|274|22|190|144|2S|E|9|H4
9|25|197|313|157|193|3C|N|5|C6
9|25|25|295|185|26|2S|E|9|H6
9|25|135|95|2|204|2S|E|9|H6
9|25|76|48|71|258|2H|N|6|SJ
9|25|149|221|33|87|2S|E|8|H6
9|25|196|268|23|244|3S|E|9|H6
9|25|192|63|171|191|3N|E|9|H6
9|26|56|11|107|116|3H|S|10|SQ
9|26|53|104|282|248|3H|S|10|SQ
9|26|274|22|190|144|4H|N|10|SJ
9|26|197|313|157|193|4H|N|10|D8
9|26|25|295|185|26|4H|S|10|SQ
9|26|135|95|2|204|4H|S|10|HT
9|26|76|48|71|258|4H|N|10|ST
9|26|149|221|33|87|4H|S|10|HT
9|26|196|268|23|244|4H|N|10|HA
9|26|192|63|171|191|4H|S|10|HT
9|27|56|11|107|116|4H|N|11|SK
9|27|53|104|282|248|4H|N|11|SK
9|27|274|22|190|144|6H|N|11|SK
9|27|197|313|157|193|4H|N|10|C3
9|27|25|295|185|26|4H|N|10|SK
9|27|135|95|2|204|4H|N|11|SK
9|27|76|48|71|258|6D|N|12|SQ
9|27|149|221|33|87|4H|N|11|C8
9|27|196|268|23|244|4H|N|11|SK
9|27|192|63|171|191|4H|N|10|SK
9|28|56|11|107|116|6H|N|13|C2
9|28|53|104|282|248|3N|S|13|S2
9|28|274|22|190|144|6N|S|12|S2
9|28|197|313|157|193|6N|S|12|S2
9|28|25|295|185|26|6C|S|12|SJ
9|28|135|95|2|204|3N|S|13|S2
9|28|76|48|71|258|6C|S|13|S2
9|28|149|221|33|87|6C|S|13|S6
9|28|196|268|23|244|4SX|E|6|CA
9|28|192|63|171|191|3H|N|12|SK
9|29|56|11|107|116|4S|S|8|HT
9|29|53|104|282|248|4S|S|10|DA
9|29|274|22|190|144|4S|N|9|DQ
9|29|197|313|157|193|4S|N|8|DQ
9|29|25|295|185|26|4S|N|8|DQ
9|29|135|95|2|204|4S|S|9|HT
9|29|76|48|71|258|1N|S|9|H9
9|29|149|221|33|87|4S|N|9|DQ
9|29|196|268|23|244|4S|S|9|HT
9|29|192|63|171|191|1N|S|6|HT
9|3|56|103|107|116|2S|S|10|C6
9|3|53|122|279|141|2H|S|10|H2
9|3|274|22|190|242|1N|N|9|D4
9|3|197|313|144|193|2H|S|9|S4
9|3|25|246|185|98|2H|S|10|H2
9|3|135|95|2|204|2H|S|10|H2
9|3|221|259|87|306|2H|S|9|S4
9|3|149|76|33|71|2H|S|9|S4
9|3|196|192|23|171|2H|S|10|H2
9|3|268|201|244|304|2D|N|6|C3
9|30|56|11|107|116|3H|E|6|D5
9|30|53|104|282|248|3N|S|12|HT
9|30|274|22|190|144|3N|S|12|HT
9|30|197|313|157|193|3N|S|10|HT
9|30|25|295|185|26|4S|N|12|DJ
9|30|135|95|2|204|3N|S|12|HT
9|30|76|48|71|258|4H|E|6|D7
9|30|149|221|33|87|3N|S|13|HT
9|30|196|268|23|244|3N|S|10|HT
9|30|192|63|171|191|4H|E|6|D5
9|31|56|11|107|116|1N|W|9|D3
9|31|53|104|282|248|2S|E|8|CA
9|31|274|22|190|144|1N|S|8|SK
9|31|197|313|157|193|2D|N|5|CT
9|31|25|295|185|26|2C|S|6|SK
9|31|135|95|2|204|2C|S|7|SK
9|31|76|48|71|258|2D|E|7|CA
9|31|149|221|33|87|2HX|S|6|SK
9|31|196|268|23|244|2S|E|7|CK
9|31|192|63|171|191|2S|E|8|H2
9|32|56|11|107|116|4S|N|9|HK
9|32|53|104|282|248|3N|N|6|C7
9|32|274|22|190|144|4S|N|9|HK
9|32|197|313|157|193|4S|N|9|HQ
9|32|25|295|185|26|2S|S|9|CA
9|32|135|95|2|204|4S|N|9|HK
9|32|76|48|71|258|4S|N|9|HQ
9|32|149|221|33|87|4S|N|9|C6
9|32|196|268|23|244|5D|N|8|D8
9|32|192|63|171|191|4S|N|10|D8
9|4|56|103|107|116|3S|W|10|CA
9|4|53|122|279|141|4S|W|9|CA
9|4|274|22|190|242|3S|W|10|CK
9|4|197|313|144|193|5HX|S|6|SK
9|4|25|246|185|98|5CX|N|8|DA
9|4|135|95|2|204|4H|S|6|SA
9|4|221|259|87|306|5CX|N|9|DA
9|4|149|76|33|71|4HX|S|7|SA
9|4|196|192|23|171|3N|N|9|ST
9|4|268|201|244|304|3NX|N|9|DA
9|5|56|103|107|116|3S|W|10|DK
9|5|53|122|279|141|4S|W|11|DK
9|5|274|22|190|242|4S|W|11|DK
9|5|197|313|144|193|4S|W|10|DK
9|5|25|246|185|98|4S|W|11|DK
9|5|135|95|2|204|4S|W|11|DK
9|5|221|259|87|306|4S|W|11|CT
9|5|149|76|33|71|4S|W|11|CT
9|5|196|192|23|171|4S|W|10|DK
9|5|268|201|244|304|4S|W|10|DK
9|6|56|103|107|116|3S|E|9|C8
9|6|53|122|279|141|5HX|N|11|H4
9|6|274|22|190|242|5H|N|10|SQ
9|6|197|313|144|193|3S|E|9|H8
9|6|25|246|185|98|5HX|N|10|CK
9|6|135|95|2|204|5HX|N|11|H3
9|6|221|259|87|306|4H|N|10|SQ
9|6|149|76|33|71|4H|N|10|SQ
9|6|196|192|23|171|4H|N|10|SQ
9|6|268|201|244|304|3S|E|10|HK
9|7|56|103|107|116|1S|S|9|C9
9|7|53|122|279|141|3S|S|6|DK
9|7|274|22|190|242|3D|E|8|SK
9|7|197|313|144|193|3D|E|10|SK
9|7|25|246|185|98|3D|E|9|SK
9|7|135|95|2|204|4D|E|9|SK
9|7|221|259|87|306|3D|E|9|SQ
9|7|149|76|33|71|5DX|E|9|SK
9|7|196|192|23|171|3D|E|9|SK
9|7|268|201|244|304|5DX|E|9|SK
9|8|56|103|107|116|2S|E|8|DA
9|8|53|122|279|141|2S|W|8|C4
9|8|274|22|190|242|2C|N|9|H4
9|8|197|313|144|193|3D|S|8|SA
9|8|25|246|185|98|3S|W|7|D7
9|8|135|95|2|204|1N|W|7|C2
9|8|221|259|87|306|3D|S|8|SA
9|8|149|76|33|71|3C|N|11|DQ
9|8|196|192|23|171|3C|N|8|S2
9|8|268|201|244|304|1N|W|8|HJ
9|9|56|103|107|116|3N|N|9|D5
9|9|53|122|279|141|3N|N|10|S4
9|9|274|22|190|242|3N|S|9|D6
9|9|197|313|144|193|3N|N|9|S4
9|9|25|246|185|98|3N|N|9|S4
9|9|135|95|2|204|3N|N|9|S4
9|9|221|259|87|306|3N|N|9|S4
9|9|149|76|33|71|5C|S|8|HK
9|9|196|192|23|171|3C|S|9|D3
9|9|268|201|244|304|3N|S|9|S8
