1|1|105|102|299|298|5S|E|10|CA
1|1|297|164|187|73|4S|E|10|HK
1|1|230|269|81|283|5S|E|10|HK
1|1|86|39|139|206|5SX|W|10|HJ
1|1|69|12|19|290|5S|E|10|HK
1|1|262|148|318|158|4S|E|10|HK
1|1|281|188|232|160|6H|N|11|SK
1|1|241|292|74|52|5S|E|11|CA
1|1|312|77|31|174|5S|E|10|CA
1|1|13|75|92|222|5S|E|10|HK
1|10|105|102|299|298|1N|E|6|DT
1|10|297|164|187|73|1N|E|6|DT
1|10|230|269|81|283|1N|W|5|S4
1|10|86|39|139|206|1N|E|6|DT
1|10|69|12|19|290|1N|W|6|S4
1|10|262|148|318|158|1N|W|6|S5
1|10|281|188|232|160|1N|W|6|S4
1|10|241|292|74|52|1N|E|7|DT
1|10|312|77|31|174|1N|E|5|DT
1|10|13|75|92|222|1N|E|6|DT
1|11|105|102|299|298|2D|W|8|D6
1|11|297|164|187|73|2HX|N|5|S2
1|11|230|269|81|283|2H|E|6|C9
1|11|86|39|139|206|2H|E|6|C6
1|11|69|12|19|290|2H|E|7|C9
1|11|262|148|318|158|2D|W|8|D8
1|11|281|188|232|160|2H|E|6|C7
1|11|241|292|74|52|2HX|N|5|S2
1|11|312|77|31|174|1S|W|7|CQ
1|11|13|75|92|222|2HX|N|6|S2
1|12|105|102|299|298|1N|N|9|H7
1|12|297|164|187|73|4S|N|9|HK
1|12|230|269|81|283|1N|N|9|H7
1|12|86|39|139|206|1N|N|9|H7
1|12|69|12|19|290|1N|N|9|H7
1|12|262|148|318|158|3S|N|9|HQ
1|12|281|188|232|160|1N|N|9|C2
1|12|241|292|74|52|1N|N|9|C3
1|12|312|77|31|174|3D|W|7|SK
1|12|13|75|92|222|1N|N|9|D6
1|13|105|102|299|298|1N|N|8|D7
1|13|297|164|187|73|1N|N|8|D6
1|13|230|269|81|283|3N|N|8|D7
1|13|86|39|139|206|3C|N|9|D7
1|13|69|12|19|290|3D|E|9|S4
1|13|262|148|318|158|2C|N|10|D6
1|13|281|188|232|160|3C|N|10|S7
1|13|241|292|74|52|4C|N|9|D6
1|13|312|77|31|174|3D|E|8|C5
1|13|13|75|92|222|3C|N|9|D6
1|14|105|102|299|298|4H|E|9|CA
1|14|297|164|187|73|3N|E|9|C6
1|14|230|269|81|283|4H|E|10|D3
1|14|86|39|139|206|4H|E|10|D3
1|14|69|12|19|290|4H|E|9|D3
1|14|262|148|318|158|3N|E|10|C2
1|14|281|188|232|160|4H|E|11|CA
1|14|241|292|74|52|4H|E|9|D3
1|14|312|77|31|174|4H|W|9|C8
1|14|13|75|92|222|4H|E|10|H2
1|15|105|102|299|298|2S|S|10|S7
1|15|297|164|187|73|1N|W|5|H3
1|15|230|269|81|283|2C|W|5|S2
1|15|86|39|139|206|2D|W|4|H7
1|15|69|12|19|290|2C|W|6|S2
1|15|262|148|318|158|2N|N|8|CJ
1|15|281|188|232|160|2H|E|6|CT
1|15|241|292|74|52|1N|W|8|C4
1|15|312|77|31|174|1D|W|3|H5
1|15|13|75|92|222|1S|S|10|S7
1|16|105|102|299|298|4S|W|11|C7
1|16|297|164|187|73|4S|W|11|D3
1|16|230|269|81|283|4S|E|11|HQ
1|16|86|39|139|206|4S|W|12|S3
1|16|69|12|19|290|4S|E|10|HQ
1|16|262|148|318|158|4S|E|12|HQ
1|16|281|188|232|160|4S|E|12|HQ
1|16|241|292|74|52|4S|W|12|S3
1|16|312|77|31|174|4S|E|11|HQ
1|16|13|75|92|222|4S|E|12|C6
1|17|105|102|299|298|1N|E|8|S6
1|17|8|182|254|78|1NX|E|8|S6
1|17|230|269|81|283|1N|W|6|C9
1|17|111|39|162|206|2S|E|9|D9
1|17|69|12|19|290|P||0
1|17|262|166|318|57|1H|N|6|D5
1|17|83|188|224|160|1N|W|5|HT
1|17|241|292|74|52|1N|E|6|C4
1|17|312|77|31|174|P||0
1|17|13|38|92|6|1N|W|6|C9
1|18|105|102|299|298|4S|E|11|HQ
1|18|8|182|254|78|4S|W|12|C2
1|18|230|269|81|283|4S|W|11|C2
1|18|111|39|162|206|4S|E|11|HQ
1|18|69|12|19|290|4S|W|11|C2
1|18|262|166|318|57|5C|E|12|HQ
1|18|83|188|224|160|4S|W|11|C2
1|18|241|292|74|52|4S|W|11|C2
1|18|312|77|31|174|4S|W|11|C2
1|18|13|38|92|6|4S|W|11|C2
1|19|105|102|299|298|6S|N|13|HQ
1|19|8|182|254|78|4H|S|12|D9
1|19|230|269|81|283|6H|S|12|D9
1|19|111|39|162|206|6S|N|11|C5
1|19|69|12|19|290|6S|N|12|C6
1|19|262|166|318|57|6S|N|13|D3
1|19|83|188|224|160|6S|N|13|S7
1|19|241|292|74|52|4H|S|12|D7
1|19|312|77|31|174|4S|N|11|C6
1|19|13|38|92|6|6S|N|11|C3
1|2|105|102|299|298|3N|E|9|D6
1|2|297|164|187|73|3N|W|10|C2
1|2|230|269|81|283|3N|E|9|C6
1|2|86|39|139|206|3N|W|10|C7
1|2|69|12|19|290|3N|W|9|C2
1|2|262|148|318|158|2N|W|10|C7
1|2|281|188|232|160|3N|W|11|C2
1|2|241|292|74|52|3N|W|11|C2
1|2|312|77|31|174|3N|W|11|C2
1|2|13|75|92|222|3N|W|9|C2
1|20|105|102|299|298|4H|N|9|D4
1|20|8|182|254|78|1N|S|7|D3
1|20|230|269|81|283|3H|N|8|S8
1|20|111|39|162|206|2DX|W|9|H3
1|20|69|12|19|290|2H|S|8|S2
1|20|262|166|318|57|1N|S|8|D3
1|20|83|188|224|160|3H|N|8|C8
1|20|241|292|74|52|2C|W|5|H4
1|20|312|77|31|174|3H|N|8|DA
1|20|13|38|92|6|2H|N|8|C9
1|21|105|102|299|298|3D|S|10|CA
1|21|8|182|254|78|2S|N|8|CT
1|21|230|269|81|283|2D|S|9|CA
1|21|111|39|162|206|2S|N|8|CT
1|21|69|12|19|290|3D|N|10|C4
1|21|262|166|318|57|2S|N|8|CT
1|21|83|188|224|160|2S|N|8|D3
1|21|241|292|74|52|4S|N|9|D4
1|21|312|77|31|174|2S|S|8|CK
1|21|13|38|92|6|2S|N|8|D3
1|22|105|102|299|298|6DX|S|10|H4
1|22|8|182|254|78|6N|N|12|S5
1|22|230|269|81|283|6N|N|12|S4
1|22|111|39|162|206|6D|S|11|CA
1|22|69|12|19|290|6N|S|12|CA
1|22|262|166|318|57|6D|N|12|S5
1|22|83|188|224|160|6N|N|12|S5
1|22|241|292|74|52|6N|S|12|H5
1|22|312|77|31|174|6N|S|12|CA
1|22|13|38|92|6|6N|N|12|S2
1|23|105|102|299|298|4S|W|12|HJ
1|23|8|182|254|78|5S|W|12|D9
1|23|230|269|81|283|4S|E|13|C6
1|23|111|39|162|206|5S|E|13|D5
1|23|69|12|19|290|4S|E|12|C6
1|23|262|166|318|57|4S|E|12|C6
1|23|83|188|224|160|6C|E|12|HA
1|23|241|292|74|52|4S|E|12|D4
1|23|312|77|31|174|6S|E|13|SJ
1|23|13|38|92|6|6S|E|12|D5
1|24|105|102|299|298|4S|E|10|D5
1|24|8|182|254|78|4S|E|10|C4
1|24|230|269|81|283|3N|E|9|D5
1|24|111|39|162|206|2S|E|10|C5
1|24|69|12|19|290|4S|E|8|C4
1|24|262|166|318|57|4S|E|10|D5
1|24|83|188|224|160|4S|E|10|C4
1|24|241|292|74|52|4S|E|9|H2
1|24|312|77|31|174|4S|W|9|HA
1|24|13|38|92|6|2S|E|10|D5
1|25|105|102|299|298|4S|N|10|C2
1|25|8|182|254|78|2S|N|8|ST
1|25|230|269|81|283|3C|N|6|DT
1|25|111|39|162|206|2S|S|11|HT
1|25|69|12|19|290|2S|N|9|D6
1|25|262|166|318|57|4S|N|10|C2
1|25|83|188|224|160|2S|N|10|D9
1|25|241|292|74|52|4SX|N|9|C5
1|25|312|77|31|174|4S|N|9|DT
1|25|13|38|92|6|2S|N|10|DT
1|26|105|102|299|298|1S|S|10|S8
1|26|8|182|254|78|2S|S|10|S2
1|26|230|269|81|283|2S|S|9|C7
1|26|111|39|162|206|3D|W|8|H9
1|26|69|12|19|290|2S|S|10|C5
1|26|262|166|318|57|2S|S|10|C5
1|26|83|188|224|160|4S|S|9|D3
1|26|241|292|74|52|3S|S|9|C7
1|26|312|77|31|174|2S|S|9|D5
1|26|13|38|92|6|1S|S|9|C5
1|27|105|102|299|298|3D|S|9|D4
1|27|8|182|254|78|3HX|E|9|H7
1|27|230|269|81|283|2H|W|9|CA
1|27|111|39|162|206|3H|E|9|H5
1|27|69|12|19|290|3D|S|9|D4
1|27|262|166|318|57|4D|S|9|HA
1|27|83|188|224|160|3H|E|9|C8
1|27|241|292|74|52|3S|W|9|D2
1|27|312|77|31|174|3D|N|9|CJ
1|27|13|38|92|6|3H|E|9|C2
1|28|105|102|299|298|3C|E|10|HA
1|28|8|182|254|78|3H|N|9|C5
1|28|230|269|81|283|4C|E|9|C4
1|28|111|39|162|206|3C|E|9|S6
1|28|69|12|19|290|3C|E|9|C4
1|28|262|166|318|57|3N|E|6|H2
1|28|83|188|224|160|2C|E|10|S5
1|28|241|292|74|52|3C|E|9|S5
1|28|312|77|31|174|1N|W|4|HT
1|28|13|38|92|6|3C|E|10|HA
1|29|105|102|299|298|4S|W|10|CQ
1|29|8|182|254|78|4S|E|9|H4
1|29|230|269|81|283|4S|W|10|D2
1|29|111|39|162|206|4S|E|10|H7
1|29|69|12|19|290|4S|W|10|DJ
1|29|262|166|318|57|3N|E|8|H8
1|29|83|188|224|160|3N|W|7|D2
1|29|241|292|74|52|4S|W|10|DJ
1|29|312|77|31|174|3N|E|6|H4
1|29|13|38|92|6|4S|W|10|D3
1|3|105|102|299|298|1NX|S|5|DA
1|3|297|164|187|73|2S|S|8|CQ
1|3|230|269|81|283|2D|W|9|C7
1|3|86|39|139|206|1N|S|4|DQ
1|3|69|12|19|290|2D|W|10|C7
1|3|262|148|318|158|3D|W|9|SA
1|3|281|188|232|160|1N|S|5|DQ
1|3|241|292|74|52|2DX|W|10|C7
1|3|312|77|31|174|2D|W|9|D5
1|3|13|75|92|222|3D|W|10|C8
1|30|105|102|299|298|3C|S|9|SJ
1|30|8|182|254|78|4C|N|9|SK
1|30|230|269|81|283|1N|E|5|D2
1|30|111|39|162|206|2S|W|6|CK
1|30|69|12|19|290|2D|E|8|C2
1|30|262|166|318|57|3D|E|9|C2
1|30|83|188|224|160|2D|E|8|C2
1|30|241|292|74|52|3D|E|9|C2
1|30|312|77|31|174|3D|E|9|C2
1|30|13|38|92|6|3CX|N|8|SK
1|31|105|102|299|298|2S|W|5|HA
1|31|8|182|254|78|2SX|W|6|DQ
1|31|230|269|81|283|2SX|W|5|HA
1|31|111|39|162|206|2S|W|5|HA
1|31|69|12|19|290|2S|W|6|HA
1|31|262|166|318|57|3N|N|9|C3
1|31|83|188|224|160|2SX|W|6|HA
1|31|241|292|74|52|3N|S|7|H3
1|31|312|77|31|174|2SX|W|5|HA
1|31|13|38|92|6|2S|W|6|HA
1|32|105|102|299|298|3C|E|9|C9
1|32|8|182|254|78|3C|E|9|S4
1|32|230|269|81|283|3C|E|8|D5
1|32|111|39|162|206|3C|E|10|D2
1|32|69|12|19|290|3C|E|7|S4
1|32|262|166|318|57|2D|N|5|SK
1|32|83|188|224|160|2S|E|9|HA
1|32|241|292|74|52|2S|W|6|DQ
1|32|312|77|31|174|3N|E|7|D5
1|32|13|38|92|6|3N|E|7|D5
1|4|105|102|299|298|4S|E|10|CJ
1|4|297|164|187|73|4S|E|10|CJ
1|4|230|269|81|283|4S|E|10|CJ
1|4|86|39|139|206|4S|E|10|DA
1|4|69|12|19|290|4S|E|10|DA
1|4|262|148|318|158|4S|E|10|CJ
1|4|281|188|232|160|4S|E|10|DA
1|4|241|292|74|52|4S|E|10|CJ
1|4|312|77|31|174|4S|E|10|CJ
1|4|13|75|92|222|4S|E|10|CJ
1|5|105|102|299|298|3N|S|9|C2
1|5|297|164|187|73|4H|N|9|D9
1|5|230|269|81|283|4H|N|11|H8
1|5|86|39|139|206|3N|S|10|C2
1|5|69|12|19|290|3N|S|10|C2
1|5|262|148|318|158|3N|S|10|C6
1|5|281|188|232|160|3N|S|10|S4
1|5|241|292|74|52|3N|S|11|C6
1|5|312|77|31|174|3N|S|10|C2
1|5|13|75|92|222|3D|S|11|C6
1|6|105|102|299|298|3N|S|9|H5
1|6|297|164|187|73|3N|S|9|H2
1|6|230|269|81|283|4S|S|10|DA
1|6|86|39|139|206|3N|S|12|CT
1|6|69|12|19|290|3N|S|9|DA
1|6|262|148|318|158|4S|S|10|DA
1|6|281|188|232|160|3N|S|9|D4
1|6|241|292|74|52|3N|S|9|S6
1|6|312|77|31|174|3N|N|9|C3
1|6|13|75|92|222|3N|N|10|H3
1|7|105|102|299|298|3N|W|8|SQ
1|7|297|164|187|73|3H|E|10|D2
1|7|230|269|81|283|3N|E|7|S4
1|7|86|39|139|206|3N|W|7|SQ
1|7|69|12|19|290|3N|E|7|S4
1|7|262|148|318|158|3N|E|8|S6
1|7|281|188|232|160|5DX|W|8|CA
1|7|241|292|74|52|1N|W|8|SQ
1|7|312|77|31|174|3N|W|7|SQ
1|7|13|75|92|222|2D|E|8|HT
1|8|105|102|299|298|4S|E|11|HA
1|8|297|164|187|73|5C|W|11|HQ
1|8|230|269|81|283|4S|E|10|HA
1|8|86|39|139|206|4S|E|10|HA
1|8|69|12|19|290|4S|E|10|HA
1|8|262|148|318|158|3N|W|9|H4
1|8|281|188|232|160|4S|E|11|D4
1|8|241|292|74|52|4S|E|10|HA
1|8|312|77|31|174|4S|E|12|DT
1|8|13|75|92|222|3N|W|9|H6
1|9|105|102|299|298|3N|E|9|C7
1|9|297|164|187|73|3N|E|8|C7
1|9|230|269|81|283|3D|E|11|CA
1|9|86|39|139|206|3D|E|11|D2
1|9|69|12|19|290|3D|E|9|H8
1|9|262|148|318|158|3D|E|9|H8
1|9|281|188|232|160|4CX|S|8|DJ
1|9|241|292|74|52|2D|E|11|D2
1|9|312|77|31|174|3N|E|9|CQ
1|9|13|75|92|222|3H|W|7|C2
2|1|111|164|162|73|1N|S|5|H3
2|1|182|86|78|139|4H|E|10|HA
2|1|262|230|318|81|2H|W|10|C4
2|1|39|12|206|290|4H|W|10|S7
2|1|241|148|74|158|5CX|S|8|H3
2|1|166|188|57|160|1N|S|7|H5
2|1|13|281|92|232|2N|S|6|H3
2|1|83|77|224|174|4H|E|10|C2
2|1|297|75|187|222|4C|S|9|H3
2|1|38|8|6|254|3H|W|10|S5
2|10|111|164|162|73|1N|W|7|CA
2|10|182|86|78|139|1N|W|7|D6
2|10|262|230|318|81|2H|W|7|H7
2|10|39|12|206|290|2S|N|9|C6
2|10|241|148|74|158|2S|N|8|C8
2|10|166|188|57|160|3H|E|8|S6
2|10|13|281|92|232|1N|W|7|H7
2|10|83|77|224|174|2H|S|5|DQ
2|10|297|75|187|222|2H|W|7|H7
2|10|38|8|6|254|2S|S|9|CQ
2|11|111|164|162|73|5C|W|12|H5
2|11|182|86|78|139|5C|W|12|H5
2|11|262|230|318|81|5C|W|11|HT
2|11|39|12|206|290|5D|W|12|HT
2|11|241|148|74|158|5D|W|12|HT
2|11|166|188|57|160|6C|E|12|SQ
2|11|13|281|92|232|3N|W|11|H5
2|11|83|77|224|174|3C|W|12|S3
2|11|297|75|187|222|3N|E|12|SQ
2|11|38|8|6|254|6C|E|12|SQ
2|12|111|164|162|73|4S|N|10|D7
2|12|182|86|78|139|2H|W|6|SQ
2|12|262|230|318|81|3N|S|11|H4
2|12|39|12|206|290|4S|N|10|D3
2|12|241|148|74|158|4S|N|11|HT
2|12|166|188|57|160|4S|N|11|D3
2|12|13|281|92|232|4S|N|10|HT
2|12|83|77|224|174|4S|N|10|HT
2|12|297|75|187|222|4S|N|11|HT
2|12|38|8|6|254|4S|N|10|D7
2|13|111|164|162|73|4S|E|11|H4
2|13|182|86|78|139|5DX|S|7|HK
2|13|262|230|318|81|4S|E|11|CJ
2|13|39|12|206|290|5C|E|11|CJ
2|13|241|148|74|158|4S|E|11|CJ
2|13|166|188|57|160|4S|E|11|D6
2|13|13|281|92|232|4S|E|11|D6
2|13|83|77|224|174|5S|E|11|H3
2|13|297|75|187|222|5S|E|11|CJ
2|13|38|8|6|254|4S|E|11|CJ
2|14|111|164|162|73|3N|N|10|CT
2|14|182|86|78|139|3N|S|11|D3
2|14|262|230|318|81|3N|S|10|H5
2|14|39|12|206|290|3N|N|10|C8
2|14|241|148|74|158|3N|N|9|CT
2|14|166|188|57|160|3N|S|10|C3
2|14|13|281|92|232|3N|N|11|CT
2|14|83|77|224|174|3N|N|10|CT
2|14|297|75|187|222|3N|N|10|CT
2|14|38|8|6|254|3N|N|9|C9
2|15|111|164|162|73|3N|N|9|S2
2|15|182|86|78|139|3N|N|9|ST
2|15|262|230|318|81|3N|N|10|C3
2|15|39|12|206|290|3N|N|8|D8
2|15|241|148|74|158|3N|N|8|S2
2|15|166|188|57|160|3N|N|8|H2
2|15|13|281|92|232|1N|W|5|C8
2|15|83|77|224|174|3N|N|8|C7
2|15|297|75|187|222|3N|N|7|H5
2|15|38|8|6|254|1NX|W|6|S4
2|16|111|164|162|73|4HX|E|9|DA
2|16|182|86|78|139|5C|N|11|HA
2|16|262|230|318|81|4S|N|10|HA
2|16|39|12|206|290|5C|N|11|HA
2|16|241|148|74|158|4S|N|8|CA
2|16|166|188|57|160|5C|N|11|HK
2|16|13|281|92|232|5CX|N|11|HA
2|16|83|77|224|174|5C|N|11|HK
2|16|297|75|187|222|5C|N|11|HK
2|16|38|8|6|254|4S|S|10|S2
2|17|269|182|283|78|4HX|N|8|H4
2|17|105|86|299|139|5C|W|12|HA
2|17|12|39|290|206|5C|W|12|HA
2|17|230|262|81|318|4HX|N|7|HT
2|17|241|148|74|158|5C|E|12|H2
2|17|69|188|19|160|5C|E|13|SK
2|17|13|83|92|224|4HX|N|7|H4
2|17|281|77|232|174|4HX|N|7|HT
2|17|297|75|187|222|6C|E|12|H3
2|17|312|8|31|254|5C|E|12|H2
2|18|269|182|283|78|2N|E|8|C2
2|18|105|86|299|139|2H|E|9|D3
2|18|12|39|290|206|2N|E|7|C2
2|18|230|262|81|318|3N|E|7|C8
2|18|241|148|74|158|2H|E|8|SJ
2|18|69|188|19|160|2S|W|6|DK
2|18|13|83|92|224|3S|W|7|DA
2|18|281|77|232|174|3N|E|8|D3
2|18|297|75|187|222|3C|W|7|HT
2|18|312|8|31|254|3N|E|8|D3
2|19|269|182|283|78|P||0
2|19|105|86|299|139|2H|N|7|H4
2|19|12|39|290|206|P||0
2|19|230|262|81|318|2N|W|6|HT
2|19|241|148|74|158|2H|N|6|H4
2|19|69|188|19|160|1D|N|5|SK
2|19|13|83|92|224|2N|E|7|HK
2|19|281|77|232|174|2H|S|6|DK
2|19|297|75|187|222|2N|E|9|HK
2|19|312|8|31|254|2N|E|9|HK
2|2|111|164|162|73|4S|E|10|H4
2|2|182|86|78|139|4S|E|10|H4
2|2|262|230|318|81|4S|E|10|H7
2|2|39|12|206|290|4S|W|10|H2
2|2|241|148|74|158|4S|W|10|CA
2|2|166|188|57|160|4S|W|10|H2
2|2|13|281|92|232|4S|E|10|D3
2|2|83|77|224|174|4S|W|10|CA
2|2|297|75|187|222|4S|E|10|H4
2|2|38|8|6|254|4S|W|10|D6
2|20|269|182|283|78|3N|N|9|HK
2|20|105|86|299|139|5C|S|10|H7
2|20|12|39|290|206|3D|N|11|HK
2|20|230|262|81|318|3N|N|9|HK
2|20|241|148|74|158|3N|N|9|HK
2|20|69|188|19|160|3N|N|9|HK
2|20|13|83|92|224|3C|N|10|HK
2|20|281|77|232|174|3N|S|10|C9
2|20|297|75|187|222|4S|N|9|HK
2|20|312|8|31|254|3N|N|9|HK
2|21|269|182|283|78|2D|S|8|C4
2|21|105|86|299|139|2C|W|6|D3
2|21|12|39|290|206|3N|S|5|C4
2|21|230|262|81|318|3N|S|8|C4
2|21|241|148|74|158|3N|S|10|C2
2|21|69|188|19|160|3N|S|6|C4
2|21|13|83|92|224|3D|N|9|S6
2|21|281|77|232|174|3N|S|9|C4
2|21|297|75|187|222|3N|S|7|C4
2|21|312|8|31|254|3N|S|9|C4
2|22|269|182|283|78|3N|E|12|SJ
2|22|105|86|299|139|6C|W|12|HJ
2|22|12|39|290|206|3N|E|12|SJ
2|22|230|262|81|318|3N|E|12|C8
2|22|241|148|74|158|6N|E|12|SJ
2|22|69|188|19|160|6C|E|12|H5
2|22|13|83|92|224|3N|E|12|SJ
2|22|281|77|232|174|6N|E|12|SJ
2|22|297|75|187|222|3N|E|11|H4
2|22|312|8|31|254|6C|W|12|HJ
2|23|269|182|283|78|2S|S|9|HQ
2|23|105|86|299|139|3N|N|9|H6
2|23|12|39|290|206|2S|S|10|HQ
2|23|230|262|81|318|2S|S|9|CK
2|23|241|148|74|158|2S|S|9|CA
2|23|69|188|19|160|2S|S|10|CK
2|23|13|83|92|224|2S|S|9|CA
2|23|281|77|232|174|4S|S|10|CK
2|23|297|75|187|222|3S|S|9|CA
2|23|312|8|31|254|3S|S|10|CK
2|24|269|182|283|78|5SX|S|11|CA
2|24|105|86|299|139|4S|N|10|CQ
2|24|12|39|290|206|5SX|N|11|CQ
2|24|230|262|81|318|4D|E|9|S5
2|24|241|148|74|158|5S|N|11|CQ
2|24|69|188|19|160|4S|N|10|D5
2|24|13|83|92|224|4S|N|11|CQ
2|24|281|77|232|174|5S|S|11|CK
2|24|297|75|187|222|4S|S|11|CA
2|24|312|8|31|254|6CX|W|8|C9
2|25|269|182|283|78|2H|E|9|S4
2|25|105|86|299|139|1S|N|6|C9
2|25|12|39|290|206|2H|E|9|S4
2|25|230|262|81|318|3N|W|9|S5
2|25|241|148|74|158|2H|E|8|S4
2|25|69|188|19|160|2H|E|8|S4
2|25|13|83|92|224|2D|N|5|C6
2|25|281|77|232|174|2S|N|6|HA
2|25|297|75|187|222|2H|E|9|S4
2|25|312|8|31|254|2H|E|8|S4
2|26|269|182|283|78|1S|E|6|D4
2|26|105|86|299|139|2D|N|9|HA
2|26|12|39|290|206|3D|N|9|CA
2|26|230|262|81|318|3C|E|6|D4
2|26|241|148|74|158|2D|N|8|HK
2|26|69|188|19|160|2S|N|7|HA
2|26|13|83|92|224|2S|N|5|HA
2|26|281|77|232|174|2S|N|7|HA
2|26|297|75|187|222|2D|N|9|CA
2|26|312|8|31|254|2D|N|9|HA
2|27|269|182|283|78|4C|W|8|S6
2|27|105|86|299|139|3D|N|9|C2
2|27|12|39|290|206|3S|E|7|D2
2|27|230|262|81|318|3D|S|9|CA
2|27|241|148|74|158|3C|W|9|S6
2|27|69|188|19|160|3D|N|9|C2
2|27|13|83|92|224|3D|N|10|C5
2|27|281|77|232|174|3D|N|9|C2
2|27|297|75|187|222|2H|E|6|D2
2|27|312|8|31|254|4H|E|7|D3
2|28|269|182|283|78|2S|S|8|DA
2|28|105|86|299|139|3N|N|10|DT
2|28|12|39|290|206|2S|S|9|S2
2|28|230|262|81|318|1S|S|9|DA
2|28|241|148|74|158|3N|N|10|D5
2|28|69|188|19|160|1N|N|10|D9
2|28|13|83|92|224|2H|W|4|CK
2|28|281|77|232|174|5D|N|7|H5
2|28|297|75|187|222|2S|S|9|S2
2|28|312|8|31|254|2S|S|9|DA
2|29|269|182|283|78|3S|W|9|CA
2|29|105|86|299|139|4S|W|9|HJ
2|29|12|39|290|206|4S|W|8|H4
2|29|230|262|81|318|4S|E|9|H7
2|29|241|148|74|158|4H|S|9|S3
2|29|69|188|19|160|2H|S|9|CQ
2|29|13|83|92|224|3S|W|10|D7
2|29|281|77|232|174|4H|N|9|C5
2|29|297|75|187|222|2H|S|9|CQ
2|29|312|8|31|254|4S|W|10|D5
2|3|111|164|162|73|5C|E|10|HA
2|3|182|86|78|139|2D|E|9|HA
2|3|262|230|318|81|5C|E|10|HA
2|3|39|12|206|290|2H|N|6|DA
2|3|241|148|74|158|5C|E|9|HA
2|3|166|188|57|160|3N|E|9|H7
2|3|13|281|92|232|3N|E|6|H7
2|3|83|77|224|174|3N|E|9|H6
2|3|297|75|187|222|3N|E|7|H7
2|3|38|8|6|254|3N|E|8|HA
2|30|269|182|283|78|6C|E|12|DQ
2|30|105|86|299|139|6HX|N|9|CA
2|30|12|39|290|206|6HX|N|9|CA
2|30|230|262|81|318|6HX|N|9|CA
2|30|241|148|74|158|6C|E|13|H3
2|30|69|188|19|160|7C|E|12|H3
2|30|13|83|92|224|7HX|N|9|CA
2|30|281|77|232|174|6C|E|13|H3
2|30|297|75|187|222|6C|E|12|H2
2|30|312|8|31|254|6C|E|13|H2
2|31|269|182|283|78|4H|S|9|CA
2|31|105|86|299|139|4D|W|9|H4
2|31|12|39|290|206|3H|S|9|SQ
2|31|230|262|81|318|4H|S|9|CA
2|31|241|148|74|158|3H|S|8|D4
2|31|69|188|19|160|3H|S|9|D4
2|31|13|83|92|224|3S|E|7|CQ
2|31|281|77|232|174|3H|S|9|CK
2|31|297|75|187|222|5DX|W|9|H3
2|31|312|8|31|254|4H|S|9|CK
2|32|269|182|283|78|3N|W|11|C4
2|32|105|86|299|139|3N|W|11|C4
2|32|12|39|290|206|3N|W|10|CT
2|32|230|262|81|318|3N|E|10|D6
2|32|241|148|74|158|3N|W|11|C4
2|32|69|188|19|160|3N|W|10|H5
2|32|13|83|92|224|3N|E|9|H3
2|32|281|77|232|174|5D|W|8|H5
2|32|297|75|187|222|3N|W|11|CT
2|32|312|8|31|254|3N|W|11|S4
2|4|111|164|162|73|3S|N|9|D4
2|4|182|86|78|139|3S|N|9|CT
2|4|262|230|318|81|3S|N|8|C9
2|4|39|12|206|290|3S|N|9|D2
2|4|241|148|74|158|3S|N|9|S3
2|4|166|188|57|160|3S|N|9|C9
2|4|13|281|92|232|3S|N|9|D4
2|4|83|77|224|174|3S|N|9|CT
2|4|297|75|187|222|3S|S|10|DT
2|4|38|8|6|254|3S|N|10|C9
2|5|111|164|162|73|3H|W|8|DK
2|5|182|86|78|139|5HX|W|8|DK
2|5|262|230|318|81|4C|N|10|SQ
2|5|39|12|206|290|5C|N|10|H7
2|5|241|148|74|158|1N|N|8|SQ
2|5|166|188|57|160|3C|N|10|SQ
2|5|13|281|92|232|3H|W|7|DK
2|5|83|77|224|174|5C|N|9|SQ
2|5|297|75|187|222|2H|W|8|DK
2|5|38|8|6|254|3H|W|8|DK
2|6|111|164|162|73|3N|E|12|S7
2|6|182|86|78|139|3N|E|12|CJ
2|6|262|230|318|81|3N|E|12|HT
2|6|39|12|206|290|3N|W|12|H5
2|6|241|148|74|158|6D|E|12|CJ
2|6|166|188|57|160|6D|E|12|HT
2|6|13|281|92|232|3N|E|12|HT
2|6|83|77|224|174|6D|E|12|CJ
2|6|297|75|187|222|6D|E|12|HT
2|6|38|8|6|254|5D|E|12|CJ
2|7|111|164|162|73|2S|W|8|H9
2|7|182|86|78|139|2S|E|10|D3
2|7|262|230|318|81|2S|E|8|H6
2|7|39|12|206|290|2S|W|9|HT
2|7|241|148|74|158|2D|E|9|C5
2|7|166|188|57|160|2S|W|9|HT
2|7|13|281|92|232|3D|W|9|HT
2|7|83|77|224|174|3C|N|9|HK
2|7|297|75|187|222|3C|N|8|S5
2|7|38|8|6|254|2S|W|7|HT
2|8|111|164|162|73|2S|W|8|HQ
2|8|182|86|78|139|2C|N|7|SA
2|8|262|230|318|81|2S|W|7|SQ
2|8|39|12|206|290|3HX|S|4|S3
2|8|241|148|74|158|1S|W|7|D5
2|8|166|188|57|160|1N|N|6|H4
2|8|13|281|92|232|3C|N|6|SA
2|8|83|77|224|174|1N|N|7|H4
2|8|297|75|187|222|3S|W|8|SQ
2|8|38|8|6|254|1N|N|6|H4
2|9|111|164|162|73|3D|S|7|HK
2|9|182|86|78|139|2S|S|5|C5
2|9|262|230|318|81|2S|S|5|C2
2|9|39|12|206|290|1S|S|6|D6
2|9|241|148|74|158|1N|N|4|H7
2|9|166|188|57|160|1N|N|7|H2
2|9|13|281|92|232|3D|S|6|HK
2|9|83|77|224|174|3D|S|8|HK
2|9|297|75|187|222|1S|S|6|D2
2|9|38|8|6|254|3D|S|6|D2
3|1|182|12|78|290|6S|E|12|HJ
3|1|262|164|318|73|7D|W|12|SA
3|1|230|188|81|160|6S|E|11|C2
3|1|241|36|74|120|6S|E|11|HJ
3|1|166|77|57|174|6D|W|12|HQ
3|1|13|148|92|158|6S|E|12|C7
3|1|83|38|224|6|6S|E|11|HJ
3|1|312|292|31|52|6S|E|11|HJ
3|1|86|102|139|298|4S|E|11|HJ
3|1|297|111|187|162|6D|W|10|C4
3|10|182|12|78|290|4S|S|10|HK
3|10|262|164|318|73|4H|W|10|SA
3|10|230|188|81|160|5D|S|10|D8
3|10|241|36|74|120|3D|S|11|HQ
3|10|166|77|57|174|4D|S|10|HQ
3|10|13|148|92|158|5D|S|11|HK
3|10|83|38|224|6|4H|W|10|SA
3|10|312|292|31|52|5HX|W|10|SA
3|10|86|102|139|298|3H|W|10|SA
3|10|297|111|187|162|3D|S|11|D8
3|11|182|12|78|290|5S|S|12|HQ
3|11|262|164|318|73|6S|S|11|HQ
3|11|230|188|81|160|4S|S|11|D5
3|11|241|36|74|120|6S|S|11|HJ
3|11|166|77|57|174|6S|S|11|D6
3|11|13|148|92|158|6S|S|11|D5
3|11|83|38|224|6|6S|S|10|D6
3|11|312|292|31|52|6S|S|11|D6
3|11|86|102|139|298|6S|S|12|D6
3|11|297|111|187|162|4S|S|11|HQ
3|12|182|12|78|290|2D|E|8|C8
3|12|262|164|318|73|2D|E|8|C7
3|12|230|188|81|160|2DX|W|9|DK
3|12|241|36|74|120|3N|W|7|C3
3|12|166|77|57|174|1N|N|4|D7
3|12|13|148|92|158|3D|E|9|C8
3|12|83|38|224|6|2D|E|9|C6
3|12|312|292|31|52|2N|N|7|S6
3|12|86|102|139|298|2D|E|8|C6
3|12|297|111|187|162|2D|E|9|C7
3|13|182|12|78|290|5C|E|10|DT
3|13|262|164|318|73|5C|E|11|DT
3|13|230|188|81|160|5C|E|11|DT
3|13|241|36|74|120|3N|W|9|C4
3|13|166|77|57|174|4H|E|7|DT
3|13|13|148|92|158|3N|W|10|S9
3|13|83|38|224|6|3N|W|10|H5
3|13|312|292|31|52|3N|W|10|H5
3|13|86|102|139|298|5C|E|10|C8
3|13|297|111|187|162|4S|W|10|DK
3|14|182|12|78|290|4S|N|11|DJ
3|14|262|164|318|73|4S|N|10|H4
3|14|230|188|81|160|4S|N|11|SA
3|14|241|36|74|120|4S|N|10|H9
3|14|166|77|57|174|4S|N|10|H9
3|14|13|148|92|158|4S|N|11|DJ
3|14|83|38|224|6|4S|N|11|DJ
3|14|312|292|31|52|4S|N|11|DT
3|14|86|102|139|298|4S|N|11|DJ
3|14|297|111|187|162|4S|N|10|H9
3|15|182|12|78|290|4S|W|12|H7
3|15|262|164|318|73|5S|E|13|D8
3|15|230|188|81|160|4S|W|13|H2
3|15|241|36|74|120|4S|W|12|D5
3|15|166|77|57|174|5S|E|13|D8
3|15|13|148|92|158|5S|W|13|H7
3|15|83|38|224|6|4S|W|13|D5
3|15|312|292|31|52|4S|W|12|D5
3|15|86|102|139|298|5S|W|12|D4
3|15|297|111|187|162|4S|W|13|D5
3|16|182|12|78|290|2N|S|8|H5
3|16|262|164|318|73|5D|N|10|H3
3|16|230|188|81|160|3S|N|7|H3
3|16|241|36|74|120|3N|S|8|CA
3|16|166|77|57|174|2NX|S|7|CK
3|16|13|148|92|158|3N|S|8|CA
3|16|83|38|224|6|2N|S|8|CA
3|16|312|292|31|52|4C|W|10|S5
3|16|86|102|139|298|3N|S|8|CA
3|16|297|111|187|162|3N|S|8|CA
3|17|105|12|299|290|3N|S|11|H7
3|17|262|164|318|73|3N|S|9|CJ
3|17|230|188|81|160|3N|S|11|CJ
3|17|241|36|74|120|6D|N|11|D5
3|17|166|77|57|174|1N|S|11|SJ
3|17|13|69|92|19|3C|S|10|CJ
3|17|83|38|281|6|2HX|E|6|CA
3|17|75|292|222|232|3N|S|11|SJ
3|17|269|102|283|298|2DX|E|5|CA
3|17|8|111|254|162|6NX|S|10|SJ
3|18|105|12|299|290|3S|E|9|S2
3|18|262|164|318|73|4S|E|9|S2
3|18|230|188|81|160|4S|E|9|S2
3|18|241|36|74|120|4S|E|10|CT
3|18|166|77|57|174|4D|N|10|HT
3|18|13|69|92|19|3S|E|9|S2
3|18|83|38|281|6|4S|E|9|S2
3|18|75|292|222|232|3S|E|9|HQ
3|18|269|102|283|298|3S|E|9|HQ
3|18|8|111|254|162|3S|E|10|C9
3|19|105|12|299|290|3C|W|9|S9
3|19|262|164|318|73|2S|S|8|CA
3|19|230|188|81|160|3S|S|8|H6
3|19|241|36|74|120|2S|S|8|H6
3|19|166|77|57|174|2S|S|8|CK
3|19|13|69|92|19|2S|S|8|CK
3|19|83|38|281|6|2S|S|8|H6
3|19|75|292|222|232|2S|S|8|CK
3|19|269|102|283|298|3S|S|8|CA
3|19|8|111|254|162|2S|S|9|H6
3|2|182|12|78|290|1N|N|9|D3
3|2|262|164|318|73|4H|N|9|CA
3|2|230|188|81|160|2H|N|9|CA
3|2|241|36|74|120|3N|N|9|S5
3|2|166|77|57|174|3N|S|9|C7
3|2|13|148|92|158|1N|N|9|H4
3|2|83|38|224|6|2N|N|9|H2
3|2|312|292|31|52|4H|N|9|CA
3|2|86|102|139|298|4H|N|7|CA
3|2|297|111|187|162|3N|N|9|SA
3|20|105|12|299|290|5HX|W|9|CA
3|20|262|164|318|73|2N|E|10|SK
3|20|230|188|81|160|4H|W|9|CA
3|20|241|36|74|120|3S|S|8|DA
3|20|166|77|57|174|3N|W|10|CA
3|20|13|69|92|19|4H|W|9|CA
3|20|83|38|281|6|3D|W|9|H2
3|20|75|292|222|232|3S|S|7|DA
3|20|269|102|283|298|4S|S|8|DA
3|20|8|111|254|162|1N|W|10|C5
3|21|105|12|299|290|5CX|W|10|HK
3|21|262|164|318|73|4S|S|10|DK
3|21|230|188|81|160|5CX|W|9|HK
3|21|241|36|74|120|5SX|S|10|DQ
3|21|166|77|57|174|4S|S|9|CQ
3|21|13|69|92|19|5CX|W|10|HK
3|21|83|38|281|6|6CX|W|10|HK
3|21|75|292|222|232|6CX|W|10|HK
3|21|269|102|283|298|6CX|W|10|HK
3|21|8|111|254|162|4S|S|9|CK
3|22|105|12|299|290|3N|N|11|D9
3|22|262|164|318|73|3N|N|11|D2
3|22|230|188|81|160|3N|N|11|D9
3|22|241|36|74|120|4C|S|12|H3
3|22|166|77|57|174|3N|N|11|D6
3|22|13|69|92|19|3N|N|11|S7
3|22|83|38|281|6|6C|S|12|D3
3|22|75|292|222|232|3N|N|11|D2
3|22|269|102|283|298|3N|N|12|H2
3|22|8|111|254|162|3N|N|11|D6
3|23|105|12|299|290|5C|E|9|H8
3|23|262|164|318|73|4SX|N|10|HK
3|23|230|188|81|160|6SX|N|10|HK
3|23|241|36|74|120|5H|W|9|SQ
3|23|166|77|57|174|6SX|N|10|HQ
3|23|13|69|92|19|5SX|N|10|HK
3|23|83|38|281|6|5C|E|10|H8
3|23|75|292|222|232|5D|W|12|SQ
3|23|269|102|283|298|4SX|N|10|HK
3|23|8|111|254|162|4S|N|10|HA
3|24|105|12|299|290|5D|W|8|ST
3|24|262|164|318|73|4H|E|9|SK
3|24|230|188|81|160|4S|S|9|C7
3|24|241|36|74|120|4S|S|9|SA
3|24|166|77|57|174|4SX|S|9|SA
3|24|13|69|92|19|4SX|S|9|D3
3|24|83|38|281|6|5SX|S|9|D2
3|24|75|292|222|232|6SX|S|9|D3
3|24|269|102|283|298|5SX|S|9|SA
3|24|8|111|254|162|4S|S|9|D2
3|25|105|12|299|290|3N|E|10|DT
3|25|262|164|318|73|3N|E|8|H6
3|25|230|188|81|160|3N|E|10|D9
3|25|241|36|74|120|3N|E|10|DT
3|25|166|77|57|174|3N|E|10|DT
3|25|13|69|92|19|3N|E|10|DT
3|25|83|38|281|6|3N|E|11|DT
3|25|75|292|222|232|3N|E|7|H2
3|25|269|102|283|298|3N|E|10|D9
3|25|8|111|254|162|3N|E|9|D9
3|26|105|12|299|290|3N|E|11|CT
3|26|262|164|318|73|3N|E|11|CT
3|26|230|188|81|160|3N|W|11|C2
3|26|241|36|74|120|3N|E|12|CT
3|26|166|77|57|174|3N|E|11|CT
3|26|13|69|92|19|3N|E|11|CT
3|26|83|38|281|6|3N|E|11|CT
3|26|75|292|222|232|3N|E|11|CT
3|26|269|102|283|298|4S|E|11|D4
3|26|8|111|254|162|3N|W|12|S8
3|27|105|12|299|290|4D|S|9|SK
3|27|262|164|318|73|4D|S|9|SK
3|27|230|188|81|160|4HX|W|9|CQ
3|27|241|36|74|120|3N|S|7|SQ
3|27|166|77|57|174|6D|S|10|SK
3|27|13|69|92|19|3D|S|10|SK
3|27|83|38|281|6|3D|S|9|SK
3|27|75|292|222|232|4HX|W|9|CQ
3|27|269|102|283|298|3D|S|9|SK
3|27|8|111|254|162|3N|S|7|SK
3|28|105|12|299|290|3H|S|8|S5
3|28|262|164|318|73|2N|S|7|C6
3|28|230|188|81|160|3C|E|9|HA
3|28|241|36|74|120|3H|S|8|S2
3|28|166|77|57|174|3H|S|8|S2
3|28|13|69|92|19|3H|S|8|S5
3|28|83|38|281|6|3N|S|8|S2
3|28|75|292|222|232|2N|S|7|S5
3|28|269|102|283|298|4H|S|8|S2
3|28|8|111|254|162|4H|S|8|S2
3|29|105|12|299|290|5S|N|11|HA
3|29|262|164|318|73|5SX|N|11|HA
3|29|230|188|81|160|5S|N|11|HA
3|29|241|36|74|120|7S|N|11|HA
3|29|166|77|57|174|5S|N|11|HA
3|29|13|69|92|19|4S|N|11|HA
3|29|83|38|281|6|6SX|N|10|DK
3|29|75|292|222|232|5S|N|11|HA
3|29|269|102|283|298|7SX|N|11|HA
3|29|8|111|254|162|6S|N|11|HA
3|3|182|12|78|290|1S|E|7|CT
3|3|262|164|318|73|3N|W|9|HK
3|3|230|188|81|160|3N|W|6|HK
3|3|241|36|74|120|3N|W|9|C3
3|3|166|77|57|174|3N|W|8|C3
3|3|13|148|92|158|3N|W|11|C3
3|3|83|38|224|6|3N|W|8|HK
3|3|312|292|31|52|3N|W|8|HK
3|3|86|102|139|298|3N|W|10|C3
3|3|297|111|187|162|3D|E|10|CT
3|30|105|12|299|290|3N|N|9|D2
3|30|262|164|318|73|4D|E|10|H4
3|30|230|188|81|160|3D|W|8|HK
3|30|241|36|74|120|3D|W|8|HT
3|30|166|77|57|174|3D|W|8|DJ
3|30|13|69|92|19|5HX|S|8|SK
3|30|83|38|281|6|3HX|S|8|SK
3|30|75|292|222|232|5DX|E|9|C2
3|30|269|102|283|298|2S|E|6|H4
3|30|8|111|254|162|3NX|W|6|HK
3|31|105|12|299|290|2S|W|8|DQ
3|31|262|164|318|73|4S|W|8|HK
3|31|230|188|81|160|3S|W|9|DQ
3|31|241|36|74|120|3S|W|8|DQ
3|31|166|77|57|174|3NX|E|5|D2
3|31|13|69|92|19|3S|W|8|DQ
3|31|83|38|281|6|3S|W|8|DQ
3|31|75|292|222|232|4S|W|7|HK
3|31|269|102|283|298|3S|W|8|DQ
3|31|8|111|254|162|3S|W|8|DQ
3|32|105|12|299|290|3N|W|12|C2
3|32|262|164|318|73|6N|W|12|S7
3|32|230|188|81|160|6N|E|12|D3
3|32|241|36|74|120|6N|E|12|H4
3|32|166|77|57|174|6C|W|10|DA
3|32|13|69|92|19|6C|W|10|S8
3|32|83|38|281|6|6N|W|12|C9
3|32|75|292|222|232|6N|W|12|C4
3|32|269|102|283|298|5C|E|10|D3
3|32|8|111|254|162|6N|E|12|H8
3|4|182|12|78|290|2SX|E|6|HK
3|4|262|164|318|73|2CX|W|3|SQ
3|4|230|188|81|160|2S|E|6|HK
3|4|241|36|74|120|2S|E|5|HK
3|4|166|77|57|174|2SX|E|5|HK
3|4|13|148|92|158|4H|S|8|D4
3|4|83|38|224|6|2S|E|6|HK
3|4|312|292|31|52|2CX|W|3|SQ
3|4|86|102|139|298|2S|E|6|HK
3|4|297|111|187|162|4H|N|8|D8
3|5|182|12|78|290|3H|N|8|CQ
3|5|262|164|318|73|4C|W|10|HK
3|5|230|188|81|160|3C|W|10|HK
3|5|241|36|74|120|3N|E|10|S5
3|5|166|77|57|174|4C|W|10|HK
3|5|13|148|92|158|2H|S|8|H2
3|5|83|38|224|6|3H|N|8|CQ
3|5|312|292|31|52|3H|S|8|H9
3|5|86|102|139|298|2H|N|9|CQ
3|5|297|111|187|162|2H|S|8|H2
3|6|182|12|78|290|4S|S|10|DA
3|6|262|164|318|73|5HX|E|10|D7
3|6|230|188|81|160|4S|S|10|DK
3|6|241|36|74|120|4H|E|10|C2
3|6|166|77|57|174|4S|S|10|H5
3|6|13|148|92|158|4H|E|10|C2
3|6|83|38|224|6|5H|E|10|D7
3|6|312|292|31|52|5H|E|10|D7
3|6|86|102|139|298|4H|E|10|SA
3|6|297|111|187|162|4H|E|10|C2
3|7|182|12|78|290|4D|S|10|SA
3|7|262|164|318|73|3N|N|10|S4
3|7|230|188|81|160|3N|N|10|S6
3|7|241|36|74|120|3D|S|10|H3
3|7|166|77|57|174|3N|N|10|SQ
3|7|13|148|92|158|3N|S|10|C3
3|7|83|38|224|6|3N|N|10|S3
3|7|312|292|31|52|3N|N|10|S4
3|7|86|102|139|298|3N|S|10|C5
3|7|297|111|187|162|3N|N|10|S6
3|8|182|12|78|290|3CX|E|8|DT
3|8|262|164|318|73|3C|E|8|H4
3|8|230|188|81|160|3C|E|8|DT
3|8|241|36|74|120|3N|N|5|CK
3|8|166|77|57|174|3C|E|8|H3
3|8|13|148|92|158|2S|N|8|CK
3|8|83|38|224|6|3H|W|4|SK
3|8|312|292|31|52|2N|N|5|CK
3|8|86|102|139|298|2H|S|8|CT
3|8|297|111|187|162|1N|N|5|CK
3|9|182|12|78|290|4S|N|11|DT
3|9|262|164|318|73|4S|N|10|DT
3|9|230|188|81|160|4S|N|10|HA
3|9|241|36|74|120|4S|N|10|D9
3|9|166|77|57|174|4S|S|10|D7
3|9|13|148|92|158|4S|N|10|DT
3|9|83|38|224|6|5S|S|10|D7
3|9|312|292|31|52|4S|N|11|D9
3|9|86|102|139|298|4S|N|10|DT
3|9|297|111|187|162|5S|S|10|CA
4|1|241|164|74|73|3N|N|9|H8
4|1|105|154|299|110|1N|W|4|CQ
4|1|92|36|215|120|3C|S|8|ST
4|1|39|77|206|174|2N|N|9|S3
4|1|312|148|31|158|1N|W|5|CQ
4|1|69|75|19|222|2S|S|8|H2
4|1|297|292|187|52|4S|S|9|H2
4|1|281|102|232|298|3N|S|7|H5
4|1|111|290|139|316|5C|N|10|DJ
4|1|262|256|318|283|2S|S|8|D6
4|10|241|164|74|73|4S|E|11|D3
4|10|105|154|299|110|4H|W|9|DT
4|10|92|36|215|120|4S|W|11|D5
4|10|39|77|206|174|2S|W|10|DT
4|10|312|148|31|158|4S|E|11|C5
4|10|69|75|19|222|4S|W|12|HK
4|10|297|292|187|52|4S|E|12|C7
4|10|281|102|232|298|4S|W|12|S2
4|10|111|290|139|316|4S|E|11|D2
4|10|262|256|318|283|4S|E|11|C5
4|11|241|164|74|73|1N|E|7|S6
4|11|105|154|299|110|1N|E|8|HJ
4|11|92|36|215|120|1N|W|7|SJ
4|11|39|77|206|174|2N|W|7|S2
4|11|312|148|31|158|2S|S|7|H2
4|11|69|75|19|222|1N|N|7|H6
4|11|297|292|187|52|2S|S|7|H2
4|11|281|102|232|298|P||0
4|11|111|290|139|316|1N|W|9|S2
4|11|262|256|318|283|3C|E|8|S7
4|12|241|164|74|73|2S|N|8|D5
4|12|105|154|299|110|2C|S|12|H5
4|12|92|36|215|120|2H|W|6|SA
4|12|39|77|206|174|2S|N|8|D6
4|12|312|148|31|158|2H|E|6|CA
4|12|69|75|19|222|2H|E|6|CK
4|12|297|292|187|52|3C|S|12|CJ
4|12|281|102|232|298|3C|S|12|H6
4|12|111|290|139|316|2H|E|5|CA
4|12|262|256|318|283|2H|E|4|CK
4|13|241|164|74|73|3H|W|8|SK
4|13|105|154|299|110|2S|N|7|CT
4|13|92|36|215|120|3N|E|10|S3
4|13|39|77|206|174|2S|S|8|DK
4|13|312|148|31|158|3S|N|6|CT
4|13|69|75|19|222|3S|N|6|D2
4|13|297|292|187|52|3N|E|8|S3
4|13|281|102|232|298|3NX|E|7|S3
4|13|111|290|139|316|2S|N|8|HK
4|13|262|256|318|283|3N|E|8|S3
4|14|241|164|74|73|2N|E|7|S5
4|14|105|154|299|110|3D|W|11|S3
4|14|92|36|215|120|3S|N|7|DK
4|14|39|77|206|174|4D|W|10|ST
4|14|312|148|31|158|4H|E|9|HJ
4|14|69|75|19|222|4H|E|9|HJ
4|14|297|292|187|52|3D|W|10|ST
4|14|281|102|232|298|3D|W|12|DA
4|14|111|290|139|316|3N|E|7|S5
4|14|262|256|318|283|3S|N|8|DK
4|15|241|164|74|73|3N|S|8|C4
4|15|105|154|299|110|2N|S|9|HJ
4|15|92|36|215|120|3N|N|9|S4
4|15|39|77|206|174|2N|S|7|HJ
4|15|312|148|31|158|2N|N|9|HA
4|15|69|75|19|222|3N|S|9|C6
4|15|297|292|187|52|2N|N|8|H6
4|15|281|102|232|298|2N|S|9|C6
4|15|111|290|139|316|3N|S|8|C6
4|15|262|256|318|283|3N|S|9|C6
4|16|241|164|74|73|4H|S|8|C2
4|16|105|154|299|110|2H|S|9|C2
4|16|92|36|215|120|3N|S|9|ST
4|16|39|77|206|174|3N|S|6|SJ
4|16|312|148|31|158|1D|W|4|HK
4|16|69|75|19|222|3N|N|9|H2
4|16|297|292|187|52|2CX|E|4|H6
4|16|281|102|232|298|1N|W|6|H5
4|16|111|290|139|316|3N|N|9|HT
4|16|262|256|318|283|4H|N|10|S5
4|17|241|182|74|78|2S|N|8|H5
4|17|105|154|299|110|4H|E|9|SA
4|17|92|36|215|120|3S|S|8|S5
4|17|39|77|206|174|3H|E|9|H4
4|17|38|148|6|158|5HX|E|9|H4
4|17|69|312|19|31|3S|N|8|H2
4|17|297|292|187|232|4H|E|9|SA
4|17|281|102|224|298|4H|W|9|S2
4|17|111|290|139|316|4S|N|8|H5
4|17|262|283|318|198|3S|N|8|D4
4|18|241|182|74|78|4H|W|9|SJ
4|18|105|154|299|110|4H|E|9|SK
4|18|92|36|215|120|1D|E|9|SK
4|18|39|77|206|174|2H|E|9|SK
4|18|38|148|6|158|4S|E|7|CA
4|18|69|312|19|31|3H|E|9|SQ
4|18|297|292|187|232|3H|E|9|SK
4|18|281|102|224|298|1D|E|9|SK
4|18|111|290|139|316|3N|E|7|HT
4|18|262|283|318|198|3H|E|9|SK
4|19|241|182|74|78|1N|S|3|H7
4|19|105|154|299|110|3S|W|10|D4
4|19|92|36|215|120|5S|W|11|D4
4|19|39|77|206|174|2N|N|3|C8
4|19|38|148|6|158|4S|E|11|DA
4|19|69|312|19|31|4S|W|10|D4
4|19|297|292|187|232|3D|S|9|D7
4|19|281|102|224|298|3S|W|10|D4
4|19|111|290|139|316|2N|N|3|SK
4|19|262|283|318|198|4H|S|8|S2
4|2|241|164|74|73|2C|N|7|DJ
4|2|105|154|299|110|5DX|W|8|CA
4|2|92|36|215|120|4S|S|9|HA
4|2|39|77|206|174|4S|N|9|DJ
4|2|312|148|31|158|4S|S|9|DA
4|2|69|75|19|222|4S|S|9|DA
4|2|297|292|187|52|5HX|E|6|SQ
4|2|281|102|232|298|4S|S|9|HA
4|2|111|290|139|316|4S|S|9|DA
4|2|262|256|318|283|4S|S|9|HA
4|20|241|182|74|78|4S|S|9|C2
4|20|105|154|299|110|3S|S|9|C2
4|20|92|36|215|120|4S|N|9|H5
4|20|39|77|206|174|4S|S|10|C8
4|20|38|148|6|158|1S|N|9|H2
4|20|69|312|19|31|3S|N|9|C4
4|20|297|292|187|232|4S|N|9|H2
4|20|281|102|224|298|2H|E|8|SK
4|20|111|290|139|316|2N|S|9|DT
4|20|262|283|318|198|2S|N|9|H2
4|21|241|182|74|78|5C|S|12|SA
4|21|105|154|299|110|4S|N|12|CT
4|21|92|36|215|120|4S|N|12|S4
4|21|39|77|206|174|4S|N|12|HJ
4|21|38|148|6|158|4S|N|11|CT
4|21|69|312|19|31|6S|N|11|CT
4|21|297|292|187|232|5S|N|12|HJ
4|21|281|102|224|298|5S|N|11|CT
4|21|111|290|139|316|4S|N|11|CT
4|21|262|283|318|198|5C|N|12|HJ
4|22|241|182|74|78|7D|S|13|DT
4|22|105|154|299|110|6D|S|12|CT
4|22|92|36|215|120|6N|N|12|S6
4|22|39|77|206|174|6D|S|12|CT
4|22|38|148|6|158|3D|S|13|C2
4|22|69|312|19|31|6D|S|12|CT
4|22|297|292|187|232|3N|S|12|ST
4|22|281|102|224|298|6D|S|13|DT
4|22|111|290|139|316|6D|S|13|C9
4|22|262|283|318|198|4N|N|12|S7
4|23|241|182|74|78|4S|W|8|HK
4|23|105|154|299|110|1NX|N|8|S6
4|23|92|36|215|120|2S|W|8|HK
4|23|39|77|206|174|1N|N|5|S6
4|23|38|148|6|158|3H|N|9|CA
4|23|69|312|19|31|2S|W|8|C5
4|23|297|292|187|232|2S|E|8|DK
4|23|281|102|224|298|3S|W|8|HK
4|23|111|290|139|316|2S|W|9|HK
4|23|262|283|318|198|3S|W|8|HK
4|24|241|182|74|78|5CX|W|8|HK
4|24|105|154|299|110|3S|S|10|CA
4|24|92|36|215|120|4S|S|10|CA
4|24|39|77|206|174|4S|S|10|CA
4|24|38|148|6|158|4H|N|9|C5
4|24|69|312|19|31|4S|S|11|H4
4|24|297|292|187|232|4H|N|8|C5
4|24|281|102|224|298|4SXX|S|10|DK
4|24|111|290|139|316|4S|S|10|CA
4|24|262|283|318|198|4S|S|9|H4
4|25|241|182|74|78|3N|W|10|S5
4|25|105|154|299|110|3N|W|9|S3
4|25|92|36|215|120|3N|W|9|S5
4|25|39|77|206|174|5D|E|12|CK
4|25|38|148|6|158|5D|E|11|CA
4|25|69|312|19|31|3N|W|9|S5
4|25|297|292|187|232|3N|W|9|S3
4|25|281|102|224|298|3N|W|8|HT
4|25|111|290|139|316|3N|W|9|S3
4|25|262|283|318|198|2N|W|9|S3
4|26|241|182|74|78|3S|N|11|H3
4|26|105|154|299|110|5DX|E|10|SQ
4|26|92|36|215|120|4S|S|11|C6
4|26|39|77|206|174|3S|N|10|DK
4|26|38|148|6|158|3S|S|9|C6
4|26|69|312|19|31|4S|S|9|C6
4|26|297|292|187|232|4S|N|11|DA
4|26|281|102|224|298|4S|N|11|DK
4|26|111|290|139|316|2D|E|10|SQ
4|26|262|283|318|198|4H|W|10|CK
4|27|241|182|74|78|3N|W|9|H4
4|27|105|154|299|110|3C|W|9|H2
4|27|92|36|215|120|3N|E|9|H6
4|27|39|77|206|174|3N|E|9|H6
4|27|38|148|6|158|5C|W|9|C3
4|27|69|312|19|31|3N|W|8|H2
4|27|297|292|187|232|3N|E|9|H6
4|27|281|102|224|298|3N|W|10|H2
4|27|111|290|139|316|3C|W|9|D3
4|27|262|283|318|198|5C|W|9|S4
4|28|241|182|74|78|5C|W|11|SA
4|28|105|154|299|110|5C|W|10|DA
4|28|92|36|215|120|3C|W|9|SA
4|28|39|77|206|174|4C|W|9|HJ
4|28|38|148|6|158|5CX|W|9|HJ
4|28|69|312|19|31|3C|W|9|HJ
4|28|297|292|187|232|3S|S|8|CK
4|28|281|102|224|298|3C|W|9|H7
4|28|111|290|139|316|5C|W|10|DA
4|28|262|283|318|198|4C|W|9|HJ
4|29|241|182|74|78|4H|E|9|S3
4|29|105|154|299|110|4H|E|10|S8
4|29|92|36|215|120|4H|E|10|CQ
4|29|39|77|206|174|4H|E|10|CQ
4|29|38|148|6|158|4H|W|10|D4
4|29|69|312|19|31|4H|W|10|CA
4|29|297|292|187|232|4H|E|9|D5
4|29|281|102|224|298|2CX|N|6|SJ
4|29|111|290|139|316|4H|E|11|H2
4|29|262|283|318|198|4H|W|9|D7
4|3|241|164|74|73|2H|W|10|D3
4|3|105|154|299|110|2S|E|8|C9
4|3|92|36|215|120|3N|W|8|D3
4|3|39|77|206|174|2N|W|10|D3
4|3|312|148|31|158|2H|W|11|D3
4|3|69|75|19|222|2S|E|8|C4
4|3|297|292|187|52|2H|W|9|D3
4|3|281|102|232|298|2N|E|10|D8
4|3|111|290|139|316|1H|W|10|SA
4|3|262|256|318|283|2H|W|10|D3
4|30|241|182|74|78|3S|W|8|HK
4|30|105|154|299|110|3CX|N|7|S6
4|30|92|36|215|120|3S|W|8|C3
4|30|39|77|206|174|4SX|W|8|DA
4|30|38|148|6|158|3S|W|7|C4
4|30|69|312|19|31|4S|W|7|HQ
4|30|297|292|187|232|2S|W|8|HK
4|30|281|102|224|298|5D|S|9|D3
4|30|111|290|139|316|3S|W|7|HK
4|30|262|283|318|198|3S|W|8|HK
4|31|241|182|74|78|4H|E|9|S4
4|31|105|154|299|110|2N|W|8|C4
4|31|92|36|215|120|1N|W|7|C6
4|31|39|77|206|174|3H|W|10|D4
4|31|38|148|6|158|2H|W|10|CJ
4|31|69|312|19|31|4H|E|9|C2
4|31|297|292|187|232|6H|E|10|DQ
4|31|281|102|224|298|4H|W|8|C6
4|31|111|290|139|316|3H|W|10|D7
4|31|262|283|318|198|4S|W|9|CJ
4|32|241|182|74|78|2N|E|9|HK
4|32|105|154|299|110|3N|W|10|SQ
4|32|92|36|215|120|2S|N|8|S5
4|32|39|77|206|174|3C|N|5|S3
4|32|38|148|6|158|2H|N|6|DA
4|32|69|312|19|31|2H|E|8|S7
4|32|297|292|187|232|2H|E|8|S7
4|32|281|102|224|298|2H|E|8|S7
4|32|111|290|139|316|3S|N|7|CK
4|32|262|283|318|198|2H|E|8|S7
4|4|241|164|74|73|5C|N|11|SK
4|4|105|154|299|110|5CX|N|11|SK
4|4|92|36|215|120|5C|N|11|H6
4|4|39|77|206|174|5C|N|11|SK
4|4|312|148|31|158|3N|S|9|S4
4|4|69|75|19|222|5C|N|11|SK
4|4|297|292|187|52|6C|N|11|SQ
4|4|281|102|232|298|4SX|E|8|CA
4|4|111|290|139|316|5C|N|11|SQ
4|4|262|256|318|283|5C|N|11|SK
4|5|241|164|74|73|2S|N|7|DT
4|5|105|154|299|110|3N|W|3|CQ
4|5|92|36|215|120|3NX|S|6|D7
4|5|39|77|206|174|2C|S|8|H3
4|5|312|148|31|158|2S|N|10|DT
4|5|69|75|19|222|2N|W|5|H4
4|5|297|292|187|52|3N|S|10|SJ
4|5|281|102|232|298|2D|W|10|CQ
4|5|111|290|139|316|4S|N|8|CT
4|5|262|256|318|283|2S|S|7|H3
4|6|241|164|74|73|6D|W|12|S6
4|6|105|154|299|110|6D|E|12|S3
4|6|92|36|215|120|3N|E|12|S3
4|6|39|77|206|174|6D|W|12|S7
4|6|312|148|31|158|6D|W|12|S6
4|6|69|75|19|222|6D|W|12|S6
4|6|297|292|187|52|6D|W|12|C7
4|6|281|102|232|298|6D|W|12|C7
4|6|111|290|139|316|6D|W|12|C6
4|6|262|256|318|283|6N|E|12|S3
4|7|241|164|74|73|2N|W|6|H5
4|7|105|154|299|110|3D|E|6|HK
4|7|92|36|215|120|3H|S|8|H8
4|7|39|77|206|174|4S|E|8|HK
4|7|312|148|31|158|3S|W|7|H5
4|7|69|75|19|222|2H|S|8|CA
4|7|297|292|187|52|3S|E|8|HK
4|7|281|102|232|298|2H|S|8|CA
4|7|111|290|139|316|2S|W|8|CQ
4|7|262|256|318|283|2H|S|9|CA
4|8|241|164|74|73|3N|N|7|ST
4|8|105|154|299|110|3D|N|9|H4
4|8|92|36|215|120|3C|S|9|HQ
4|8|39|77|206|174|3C|N|10|H6
4|8|312|148|31|158|3C|S|9|HK
4|8|69|75|19|222|3C|S|9|HK
4|8|297|292|187|52|5C|S|9|SQ
4|8|281|102|232|298|3N|N|8|DQ
4|8|111|290|139|316|3C|S|9|HQ
4|8|262|256|318|283|3C|S|8|HK
4|9|241|164|74|73|3H|W|8|SA
4|9|105|154|299|110|2S|N|8|HK
4|9|92|36|215|120|3S|N|8|HA
4|9|39|77|206|174|2C|S|7|HJ
4|9|312|148|31|158|3H|W|9|CK
4|9|69|75|19|222|2S|N|9|HK
4|9|297|292|187|52|2H|W|9|H7
4|9|281|102|232|298|3H|W|9|SA
4|9|111|290|139|316|2S|N|9|HK
4|9|262|256|318|283|3H|W|9|CK
5|1|182|77|78|174|3C|N|8|D5
5|1|92|164|215|73|2S|E|8|CJ
5|1|173|75|265|222|2S|E|8|SA
5|1|38|36|6|120|2N|N|9|ST
5|1|69|292|19|52|2N|N|8|SJ
5|1|281|148|224|158|2S|E|7|HT
5|1|241|256|74|198|2SX|E|7|CJ
5|1|111|154|139|110|2S|E|7|CJ
5|1|262|102|318|298|3H|N|9|D5
5|1|297|290|187|316|2S|E|6|HT
5|10|182|77|78|174|3N|S|8|C4
5|10|92|164|215|73|3N|S|8|C3
5|10|173|75|265|222|3N|S|8|C4
5|10|38|36|6|120|3D|S|10|CK
5|10|69|292|19|52|3N|S|8|C3
5|10|281|148|224|158|3D|S|10|C3
5|10|241|256|74|198|3N|S|8|C4
5|10|111|154|139|110|3N|S|8|C4
5|10|262|102|318|298|2D|S|10|C4
5|10|297|290|187|316|5D|S|10|D7
5|11|182|77|78|174|4H|W|11|D3
5|11|92|164|215|73|4H|W|11|C7
5|11|173|75|265|222|4H|W|11|C3
5|11|38|36|6|120|2H|E|13|D5
5|11|69|292|19|52|3D|E|11|S4
5|11|281|148|224|158|3N|E|7|C4
5|11|241|256|74|198|4H|W|11|C7
5|11|111|154|139|110|4H|W|11|C3
5|11|262|102|318|298|4H|W|11|C7
5|11|297|290|187|316|3N|E|8|C6
5|12|182|77|78|174|5C|N|11|DK
5|12|92|164|215|73|4H|N|11|DK
5|12|173|75|265|222|4H|N|11|DK
5|12|38|36|6|120|4H|N|11|DQ
5|12|69|292|19|52|5DX|E|5|HK
5|12|281|148|224|158|4H|N|10|DK
5|12|241|256|74|198|4H|N|12|DK
5|12|111|154|139|110|4SX|W|6|HT
5|12|262|102|318|298|4H|N|11|DK
5|12|297|290|187|316|4H|N|11|DQ
5|13|182|77|78|174|2H|W|8|SQ
5|13|92|164|215|73|2D|N|8|D6
5|13|173|75|265|222|2D|N|8|D6
5|13|38|36|6|120|2D|N|8|D8
5|13|69|292|19|52|2H|E|9|H3
5|13|281|148|224|158|2D|N|8|D8
5|13|241|256|74|198|1N|N|8|H6
5|13|111|154|139|110|2D|N|8|SJ
5|13|262|102|318|298|2D|N|8|D6
5|13|297|290|187|316|2H|E|8|D7
5|14|182|77|78|174|4H|N|8|C2
5|14|92|164|215|73|4S|S|8|D4
5|14|173|75|265|222|4S|S|10|H6
5|14|38|36|6|120|4H|N|9|D5
5|14|69|292|19|52|5H|N|10|C3
5|14|281|148|224|158|4S|S|9|CA
5|14|241|256|74|198|4H|N|9|C3
5|14|111|154|139|110|4H|S|10|D4
5|14|262|102|318|298|4H|N|9|C2
5|14|297|290|187|316|4S|S|7|D2
5|15|182|77|78|174|4H|E|8|D7
5|15|92|164|215|73|3N|W|8|D4
5|15|173|75|265|222|3N|W|7|D6
5|15|38|36|6|120|4H|S|10
5|15|69|292|19|52|3N|E|7|D2
5|15|281|148|224|158|3N|E|8|D2
5|15|241|256|74|198|4H|E|8|CA
5|15|111|154|139|110|3H|E|8|C6
5|15|262|102|318|298|4H|E|9|D2
5|15|297|290|187|316|3N|W|7|D6
5|16|182|77|78|174|6N|N|12|C2
5|16|92|164|215|73|3N|S|12|CT
5|16|173|75|265|222|3N|N|12|C2
5|16|38|36|6|120|6D|N|12|H8
5|16|69|292|19|52|5H|S|10|C9
5|16|281|148|224|158|6N|N|12|C3
5|16|241|256|74|198|4S|N|12|S2
5|16|111|154|139|110|6N|N|12|H9
5|16|262|102|318|298|4N|N|12|H6
5|16|297|290|187|316|3N|N|12|C2
5|17|105|77|299|174|3N|W|9|SQ
5|17|92|182|215|78|5D|W|12|C4
5|17|36|312|120|31|3N|W|10|H8
5|17|38|173|6|265|3N|W|9|SQ
5|17|148|292|158|52|3N|W|9|S2
5|17|281|69|232|19|3N|W|9|SQ
5|17|241|256|74|283|3N|W|9|SQ
5|17|111|154|139|110|3N|W|10|SQ
5|17|262|102|318|298|3N|W|10|C4
5|17|297|290|187|316|3N|W|9|SQ
5|18|105|77|299|174|3N|W|12|H3
5|18|92|182|215|78|3N|W|12|H3
5|18|36|312|120|31|3N|W|12|H4
5|18|38|173|6|265|3N|W|11|H4
5|18|148|292|158|52|6D|E|13|CK
5|18|281|69|232|19|6D|W|12|H3
5|18|241|256|74|283|3N|W|12|HJ
5|18|111|154|139|110|2HX|S|5|C9
5|18|262|102|318|298|6D|E|12|S2
5|18|297|290|187|316|3N|W|10|HJ
5|19|105|77|299|174|4S|W|13|C7
5|19|92|182|215|78|6S|E|13|C9
5|19|36|312|120|31|4S|W|13|C4
5|19|38|173|6|265|4S|E|13|C8
5|19|148|292|158|52|6S|E|13|S4
5|19|281|69|232|19|4S|E|13|C9
5|19|241|256|74|283|6S|W|11|HA
5|19|111|154|139|110|4S|E|13|C8
5|19|262|102|318|298|4S|W|13|C3
5|19|297|290|187|316|4S|W|13|C4
5|2|182|77|78|174|4H|E|10|DK
5|2|92|164|215|73|5H|E|9|DK
5|2|173|75|265|222|6DX|E|10|SA
5|2|38|36|6|120|4H|W|10|SJ
5|2|69|292|19|52|4H|W|8|CT
5|2|281|148|224|158|4H|W|10|SJ
5|2|241|256|74|198|4H|W|9|SJ
5|2|111|154|139|110|4H|W|10|DJ
5|2|262|102|318|298|4H|E|10|DK
5|2|297|290|187|316|4H|E|10|DK
5|20|105|77|299|174|3N|N|8|S5
5|20|92|182|215|78|3N|N|9|D3
5|20|36|312|120|31|2H|S|9|ST
5|20|38|173|6|265|3H|S|8|ST
5|20|148|292|158|52|4HX|S|8|ST
5|20|281|69|232|19|2H|S|8|ST
5|20|241|256|74|283|4H|S|8|ST
5|20|111|154|139|110|3NX|N|8|S5
5|20|262|102|318|298|2H|S|8|ST
5|20|297|290|187|316|2H|S|9|ST
5|21|105|77|299|174|6S|N|11|H7
5|21|92|182|215|78|4S|N|12|C6
5|21|36|312|120|31|4S|N|12|H5
5|21|38|173|6|265|4S|N|12|H7
5|21|148|292|158|52|4S|N|12|H5
5|21|281|69|232|19|4S|N|12|H5
5|21|241|256|74|283|4S|N|12|H5
5|21|111|154|139|110|6S|N|12|H5
5|21|262|102|318|298|6H|S|12|C5
5|21|297|290|187|316|4S|N|12|H7
5|22|105|77|299|174|2S|S|9|D9
5|22|92|182|215|78|4S|S|10|D9
5|22|36|312|120|31|2S|N|9|CJ
5|22|38|173|6|265|4S|S|11|D8
5|22|148|292|158|52|2S|S|10|C4
5|22|281|69|232|19|4S|S|9|C4
5|22|241|256|74|283|3H|E|7|DQ
5|22|111|154|139|110|3S|S|9|C4
5|22|262|102|318|298|4S|S|9|C5
5|22|297|290|187|316|4S|S|9|D8
5|23|105|77|299|174|2S|E|7|C4
5|23|92|182|215|78|2S|E|7|C4
5|23|36|312|120|31|3H|E|9|H6
5|23|38|173|6|265|2S|E|8|S2
5|23|148|292|158|52|3C|N|9|ST
5|23|281|69|232|19|2N|N|8|HA
5|23|241|256|74|283|2H|W|9|D4
5|23|111|154|139|110|4S|W|8|D6
5|23|262|102|318|298|2H|W|9|D4
5|23|297|290|187|316|2N|N|7|ST
5|24|105|77|299|174|4H|N|9|DK
5|24|92|182|215|78|4S|W|9|DT
5|24|36|312|120|31|4S|E|8|H2
5|24|38|173|6|265|4S|W|8|HA
5|24|148|292|158|52|4S|W|10|DT
5|24|281|69|232|19|5DX|W|9|HA
5|24|241|256|74|283|4S|W|8|HA
5|24|111|154|139|110|5H|N|9|DK
5|24|262|102|318|298|5HX|N|10|DK
5|24|297|290|187|316|4H|N|9|DK
5|25|105|77|299|174|1N|N|7|CQ
5|25|92|182|215|78|1N|N|7|D3
5|25|36|312|120|31|1N|N|7|S5
5|25|38|173|6|265|1N|N|6|D3
5|25|148|292|158|52|1N|N|7|D8
5|25|281|69|232|19|1N|N|6|D3
5|25|241|256|74|283|1N|N|8|D3
5|25|111|154|139|110|1N|N|8|CQ
5|25|262|102|318|298|1N|N|7|D3
5|25|297|290|187|316|1N|N|8|S4
5|26|105|77|299|174|3S|S|8|C7
5|26|92|182|215|78|3C|E|10|H3
5|26|36|312|120|31|3C|E|10|SJ
5|26|38|173|6|265|3N|E|9|SQ
5|26|148|292|158|52|4C|W|10|DK
5|26|281|69|232|19|3N|W|8|DK
5|26|241|256|74|283|5C|E|10|DA
5|26|111|154|139|110|3C|E|10|SQ
5|26|262|102|318|298|3S|S|8|C7
5|26|297|290|187|316|3N|W|9|DK
5|27|105|77|299|174|3S|S|9|DT
5|27|92|182|215|78|5DX|E|9|SA
5|27|36|312|120|31|3N|E|3|C5
5|27|38|173|6|265|4S|S|9|DT
5|27|148|292|158|52|3S|S|9|DT
5|27|281|69|232|19|2S|S|9|DT
5|27|241|256|74|283|4S|S|9|DT
5|27|111|154|139|110|4H|E|8|SK
5|27|262|102|318|298|3S|S|9|DT
5|27|297|290|187|316|4S|S|9|DT
5|28|105|77|299|174|3N|E|8|D8
5|28|92|182|215|78|4S|W|11|D3
5|28|36|312|120|31|4S|W|11|HT
5|28|38|173|6|265|4S|W|10|D3
5|28|148|292|158|52|4S|W|10|D3
5|28|281|69|232|19|2S|W|10|C4
5|28|241|256|74|283|3S|W|12|C4
5|28|111|154|139|110|4S|W|12|C6
5|28|262|102|318|298|2S|W|10|HJ
5|28|297|290|187|316|2S|W|11|HJ
5|29|105|77|299|174|3H|E|5|SA
5|29|92|182|215|78|2S|N|7|DK
5|29|36|312|120|31|3D|E|7|D6
5|29|38|173|6|265|3SX|E|6|D6
5|29|148|292|158|52|3D|W|7|D5
5|29|281|69|232|19|4S|N|8|DK
5|29|241|256|74|283|2S|S|8|D2
5|29|111|154|139|110|3D|E|7|D7
5|29|262|102|318|298|2S|N|9|DK
5|29|297|290|187|316|2S|N|8|DQ
5|3|182|77|78|174|3H|W|9|H2
5|3|92|164|215|73|3H|W|9|CK
5|3|173|75|265|222|2S|S|8|HK
5|3|38|36|6|120|3H|W|9|CK
5|3|69|292|19|52|3H|W|10|H2
5|3|281|148|224|158|2S|S|6|HK
5|3|241|256|74|198|3D|W|10|CK
5|3|111|154|139|110|4H|W|9|CK
5|3|262|102|318|298|1S|S|9|C6
5|3|297|290|187|316|3H|W|10|CK
5|30|105|77|299|174|3S|N|8|H7
5|30|92|182|215|78|2S|N|9|SJ
5|30|36|312|120|31|3H|N|7|H7
5|30|38|173|6|265|2S|S|9|DK
5|30|148|292|158|52|2S|S|9|DQ
5|30|281|69|232|19|4H|N|10|DA
5|30|241|256|74|283|4H|N|10|H6
5|30|111|154|139|110|3C|W|7|D5
5|30|262|102|318|298|P||0
5|30|297|290|187|316|2S|N|9|H7
5|31|105|77|299|174|3H|W|9|SQ
5|31|92|182|215|78|2S|S|9|HQ
5|31|36|312|120|31|P||0
5|31|38|173|6|265|2S|S|9|HQ
5|31|148|292|158|52|2S|S|9|HJ
5|31|281|69|232|19|4HX|E|8|CA
5|31|241|256|74|283|P||0
5|31|111|154|139|110|2S|S|9|HQ
5|31|262|102|318|298|4S|S|9|HQ
5|31|297|290|187|316|2S|S|9|HJ
5|32|105|77|299|174|4H|S|11|SJ
5|32|92|182|215|78|6H|N|11|SA
5|32|36|312|120|31|5H|N|11|SK
5|32|38|173|6|265|4H|N|11|SA
5|32|148|292|158|52|4H|N|11|SK
5|32|281|69|232|19|4H|S|11|SJ
5|32|241|256|74|283|4H|S|11|SJ
5|32|111|154|139|110|5H|S|11|SJ
5|32|262|102|318|298|4H|N|11|SK
5|32|297|290|187|316|4H|N|11|SK
5|4|182|77|78|174|3C|S|11|S4
5|4|92|164|215|73|4H|S|10|S3
5|4|173|75|265|222|2H|S|10|C4
5|4|38|36|6|120|3H|S|10|S4
5|4|69|292|19|52|3N|S|9|S3
5|4|281|148|224|158|4H|S|10|S3
5|4|241|256|74|198|5C|N|12|SK
5|4|111|154|139|110|4H|S|10|C4
5|4|262|102|318|298|3N|S|9|S2
5|4|297|290|187|316|3N|S|12|S4
5|5|182|77|78|174|4S|N|8|DK
5|5|92|164|215|73|4S|N|10|DK
5|5|173|75|265|222|4S|N|9|DK
5|5|38|36|6|120|4D|E|9|CQ
5|5|69|292|19|52|4S|N|9|DQ
5|5|281|148|224|158|2S|N|11|DK
5|5|241|256|74|198|2N|N|8|DK
5|5|111|154|139|110|3C|N|11|DK
5|5|262|102|318|298|2H|W|9|SK
5|5|297|290|187|316|3S|N|9|HJ
5|6|182|77|78|174|3N|S|10|SQ
5|6|92|164|215|73|3N|N|10|C3
5|6|173|75|265|222|3N|N|9|C5
5|6|38|36|6|120|3D|N|10|SJ
5|6|69|292|19|52|3D|N|10|SJ
5|6|281|148|224|158|3N|N|9|SJ
5|6|241|256|74|198|3N|S|9|SK
5|6|111|154|139|110|2D|N|10|SJ
5|6|262|102|318|298|3D|N|10|SJ
5|6|297|290|187|316|3D|N|10|SJ
5|7|182|77|78|174|3N|S|9|H4
5|7|92|164|215|73|3N|S|8|H2
5|7|173|75|265|222|3N|S|9|H4
5|7|38|36|6|120|3N|S|10|H4
5|7|69|292|19|52|3N|S|11|H2
5|7|281|148|224|158|3N|S|9|H2
5|7|241|256|74|198|3N|S|6|H4
5|7|111|154|139|110|3N|S|9|H4
5|7|262|102|318|298|3N|S|9|H4
5|7|297|290|187|316|3N|S|8|H4
5|8|182|77|78|174|4SX|N|9|C4
5|8|92|164|215|73|4H|N|8|C8
5|8|173|75|265|222|2H|N|9|H2
5|8|38|36|6|120|4H|S|8|S7
5|8|69|292|19|52|4D|W|7|HK
5|8|281|148|224|158|3C|E|7|SA
5|8|241|256|74|198|3H|S|9|DA
5|8|111|154|139|110|5DX|W|7|HA
5|8|262|102|318|298|4HX|N|8|DQ
5|8|297|290|187|316|4H|N|8|C4
5|9|182|77|78|174|4SX|E|8|DK
5|9|92|164|215|73|4H|S|9|CA
5|9|173|75|265|222|5S|E|9|DK
5|9|38|36|6|120|4S|W|10|H9
5|9|69|292|19|52|3H|S|9|CK
5|9|281|148|224|158|4H|S|9|CA
5|9|241|256|74|198|4H|S|9|CA
5|9|111|154|139|110|3H|S|9|CK
5|9|262|102|318|298|3H|S|9|CK
5|9|297|290|187|316|4S|E|8|DK
6|1|38|164|6|73|4S|W|10|H9
6|1|182|75|78|222|4S|W|8|H9
6|1|292|173|232|265|4H|S|8|SK
6|1|230|52|81|224|4S|W|10|H9
6|1|297|148|187|158|4S|E|8|HA
6|1|69|102|19|298|4S|W|10|H9
6|1|111|77|139|174|4S|W|8|H8
6|1|92|283|215|198|4S|W|10|H9
6|1|262|154|318|110|4S|W|10|H9
6|1|241|290|74|316|4S|W|10|H9
6|10|38|164|6|73|1N|E|7|C5
6|10|182|75|78|222|1N|W|8|S3
6|10|292|173|232|265|1N|E|7|C3
6|10|230|52|81|224|1N|E|7|C3
6|10|297|148|187|158|1N|W|8|S3
6|10|69|102|19|298|1N|E|7|C3
6|10|111|77|139|174|2D|E|9|D7
6|10|92|283|215|198|1N|W|9|S4
6|10|262|154|318|110|1N|E|7|CA
6|10|241|290|74|316|1N|W|6|S3
6|11|38|164|6|73|6H|E|12|SA
6|11|182|75|78|222|6H|E|12|SA
6|11|292|173|232|265|5H|E|12|SA
6|11|230|52|81|224|6H|E|12|SA
6|11|297|148|187|158|6H|E|12|SA
6|11|69|102|19|298|5H|E|12|SK
6|11|111|77|139|174|5H|E|12|SA
6|11|92|283|215|198|6H|E|12|SA
6|11|262|154|318|110|5H|W|12|SQ
6|11|241|290|74|316|5H|E|12|SA
6|12|38|164|6|73|4S|S|11|DQ
6|12|182|75|78|222|4S|N|11|DT
6|12|292|173|232|265|4S|N|11|DT
6|12|230|52|81|224|4S|S|11|DQ
6|12|297|148|187|158|4S|S|11|DQ
6|12|69|102|19|298|4S|S|11|DQ
6|12|111|77|139|174|4S|N|11|C3
6|12|92|283|215|198|4S|N|11|D9
6|12|262|154|318|110|4S|N|11|SA
6|12|241|290|74|316|4S|N|11|C3
6|13|38|164|6|73|3S|N|9|CK
6|13|182|75|78|222|3N|S|9|H2
6|13|292|173|232|265|3N|S|11|H2
6|13|230|52|81|224|4S|N|10|CA
6|13|297|148|187|158|3N|N|9|C5
6|13|69|102|19|298|3N|S|9|H2
6|13|111|77|139|174|2D|S|10|C9
6|13|92|283|215|198|3N|S|7|C9
6|13|262|154|318|110|5D|S|10|C3
6|13|241|290|74|316|3N|S|8|D8
6|14|38|164|6|73|1N|E|9|CT
6|14|182|75|78|222|2N|W|10|C3
6|14|292|173|232|265|1N|E|9|HA
6|14|230|52|81|224|3N|E|10|CT
6|14|297|148|187|158|3N|W|10|C3
6|14|69|102|19|298|1N|E|9|CT
6|14|111|77|139|174|1N|E|10|HA
6|14|92|283|215|198|3N|E|10|HA
6|14|262|154|318|110|1N|E|10|S9
6|14|241|290|74|316|1S|W|10|C6
6|15|38|164|6|73|3N|W|11|C5
6|15|182|75|78|222|3N|E|10|S6
6|15|292|173|232|265|3N|E|10|S4
6|15|230|52|81|224|3N|E|9|S4
6|15|297|148|187|158|3N|E|11|S5
6|15|69|102|19|298|2H|S|7|CQ
6|15|111|77|139|174|3N|E|10|S5
6|15|92|283|215|198|3N|W|9|C4
6|15|262|154|318|110|3N|E|10|S5
6|15|241|290|74|316|3N|E|10|S5
6|16|38|164|6|73|2S|N|10|DT
6|16|182|75|78|222|2D|W|8|D5
6|16|292|173|232|265|2S|S|9|CJ
6|16|230|52|81|224|2H|E|7|SJ
6|16|297|148|187|158|2S|S|9|H7
6|16|69|102|19|298|2S|N|9|DT
6|16|111|77|139|174|2S|N|9|DT
6|16|92|283|215|198|2S|N|9|DT
6|16|262|154|318|110|2S|N|9|DT
6|16|241|290|74|316|3S|N|9|DT
6|17|6|164|31|73|1N|N|7|D3
6|17|105|75|299|222|4H|N|9|DA
6|17|281|173|232|265|4H|N|9|DA
6|17|230|52|81|224|3H|N|9|DA
6|17|297|148|187|158|4H|N|9|DK
6|17|69|102|19|298|1N|N|7|DA
6|17|111|77|139|174|2H|N|8|DK
6|17|92|256|215|198|2H|S|9|DT
6|17|262|154|318|110|2S|W|7|CK
6|17|241|290|74|316|1N|N|6|D3
6|18|6|164|31|73|3H|E|10|SK
6|18|105|75|299|222|2H|E|10|SK
6|18|281|173|232|265|3H|E|10|H7
6|18|230|52|81|224|2H|E|10|SK
6|18|297|148|187|158|2H|E|10|SK
6|18|69|102|19|298|2H|E|10|D3
6|18|111|77|139|174|2H|E|10|H9
6|18|92|256|215|198|2H|E|10|D3
6|18|262|154|318|110|P||0
6|18|241|290|74|316|2H|E|10|SK
6|19|6|164|31|73|1N|S|6|HK
6|19|105|75|299|222|3D|N|8|H3
6|19|281|173|232|265|3S|E|8|S7
6|19|230|52|81|224|3S|E|8|HA
6|19|297|148|187|158|2S|E|8|DA
6|19|69|102|19|298|3S|E|8|DA
6|19|111|77|139|174|3S|E|8|S6
6|19|92|256|215|198|3S|E|8|DA
6|19|262|154|318|110|2N|W|8|H2
6|19|241|290|74|316|2S|E|8|S7
6|2|38|164|6|73|2H|W|10|HQ
6|2|182|75|78|222|3H|W|10|C4
6|2|292|173|232|265|2H|E|10|H9
6|2|230|52|81|224|2H|W|10|C4
6|2|297|148|187|158|4H|W|11|C5
6|2|69|102|19|298|2H|E|10|H4
6|2|111|77|139|174|4H|W|11|D6
6|2|92|283|215|198|4H|E|11|D2
6|2|262|154|318|110|4H|W|11|SQ
6|2|241|290|74|316|3H|E|11|H4
6|20|6|164|31|73|4H|E|10|S3
6|20|105|75|299|222|4H|E|10|S7
6|20|281|173|232|265|4H|W|9|D2
6|20|230|52|81|224|4H|E|11|C2
6|20|297|148|187|158|4H|E|10|S6
6|20|69|102|19|298|4H|E|10|C2
6|20|111|77|139|174|4H|E|11|S6
6|20|92|256|215|198|2H|E|12|H2
6|20|262|154|318|110|4H|E|10|S3
6|20|241|290|74|316|4H|W|10|SJ
6|21|6|164|31|73|5D|E|10|S8
6|21|105|75|299|222|5C|W|9|HJ
6|21|281|173|232|265|3N|E|11|C3
6|21|230|52|81|224|3N|E|9|H4
6|21|297|148|187|158|3N|E|9|H2
6|21|69|102|19|298|3N|E|11|C3
6|21|111|77|139|174|3N|E|9|H2
6|21|92|256|215|198|1N|E|11|C3
6|21|262|154|318|110|1N|E|11|C6
6|21|241|290|74|316|3N|E|8|H2
6|22|6|164|31|73|4S|S|11|C7
6|22|105|75|299|222|4S|S|11|C7
6|22|281|173|232|265|4S|S|11|D2
6|22|230|52|81|224|4S|S|11|C7
6|22|297|148|187|158|4S|S|11|D5
6|22|69|102|19|298|4S|S|11|D2
6|22|111|77|139|174|4S|S|11|C3
6|22|92|256|215|198|4S|S|11|C7
6|22|262|154|318|110|4S|S|11|SJ
6|22|241|290|74|316|4S|N|11|D9
6|23|6|164|31|73|6H|S|11|D5
6|23|105|75|299|222|6H|N|12|DA
6|23|281|173|232|265|6H|S|11|D6
6|23|230|52|81|224|6H|N|11|DA
6|23|297|148|187|158|6H|S|12|S8
6|23|69|102|19|298|6SX|W|5|CA
6|23|111|77|139|174|6H|S|12|S9
6|23|92|256|215|198|6H|N|11|DA
6|23|262|154|318|110|6H|S|12|S8
6|23|241|290|74|316|6H|S|11|D3
6|24|6|164|31|73|3N|E|12|C8
6|24|105|75|299|222|4N|E|10|H9
6|24|281|173|232|265|3N|E|12|D4
6|24|230|52|81|224|6C|E|11|DA
6|24|297|148|187|158|3N|E|12|SJ
6|24|69|102|19|298|3N|E|10|SJ
6|24|111|77|139|174|4H|W|9|S8
6|24|92|256|215|198|3N|E|12|D4
6|24|262|154|318|110|3N|E|12|CT
6|24|241|290|74|316|3N|E|12|SJ
6|25|6|164|31|73|4S|N|11|CK
6|25|105|75|299|222|4S|N|11|CK
6|25|281|173|232|265|4S|N|11|CK
6|25|230|52|81|224|4S|N|11|CK
6|25|297|148|187|158|4S|N|11|CK
6|25|69|102|19|298|4S|N|12|CK
6|25|111|77|139|174|4H|N|11|CQ
6|25|92|256|215|198|4S|N|9|CK
6|25|262|154|318|110|4S|N|11|CK
6|25|241|290|74|316|4S|N|11|CQ
6|26|6|164|31|73|5CX|E|8|SK
6|26|105|75|299|222|4HX|N|7|CK
6|26|281|173|232|265|3NX|W|12|HQ
6|26|230|52|81|224|4SX|S|5|CA
6|26|297|148|187|158|3SX|S|5|CA
6|26|69|102|19|298|3N|E|8|SK
6|26|111|77|139|174|3S|S|6|CA
6|26|92|256|215|198|4D|W|9|S6
6|26|262|154|318|110|4SX|S|5|CA
6|26|241|290|74|316|5C|E|9|SA
6|27|6|164|31|73|5H|S|10|D3
6|27|105|75|299|222|5DX|W|10|HA
6|27|281|173|232|265|4H|S|10|DT
6|27|230|52|81|224|4H|S|10|DT
6|27|297|148|187|158|4H|S|11|D3
6|27|69|102|19|298|5DX|W|10|S8
6|27|111|77|139|174|4H|S|10|DT
6|27|92|256|215|198|5H|S|9|D3
6|27|262|154|318|110|4H|S|10|DT
6|27|241|290|74|316|4H|N|10|CK
6|28|6|164|31|73|3S|N|9|H2
6|28|105|75|299|222|3S|N|9|H3
6|28|281|173|232|265|3S|N|9|H2
6|28|230|52|81|224|4H|W|8|S4
6|28|297|148|187|158|3H|W|8|DT
6|28|69|102|19|298|4H|W|8|DT
6|28|111|77|139|174|2H|W|8|S8
6|28|92|256|215|198|3S|N|9|H3
6|28|262|154|318|110|4H|W|8|S9
6|28|241|290|74|316|3S|N|9|H2
6|29|6|164|31|73|3N|S|6|C4
6|29|105|75|299|222|3D|S|10|D3
6|29|281|173|232|265|3C|W|8|SQ
6|29|230|52|81|224|4H|S|8|CA
6|29|297|148|187|158|3N|S|6|C2
6|29|69|102|19|298|3D|S|9|D5
6|29|111|77|139|174|3D|S|10|D5
6|29|92|256|215|198|3N|S|6|C4
6|29|262|154|318|110|4D|S|9|CA
6|29|241|290|74|316|3N|S|6|C4
6|3|38|164|6|73|2H|N|8|DQ
6|3|182|75|78|222|3N|N|6|DQ
6|3|292|173|232|265|3N|N|11|DQ
6|3|230|52|81|224|3C|S|9|DA
6|3|297|148|187|158|3S|W|6|HK
6|3|69|102|19|298|3C|S|9|DA
6|3|111|77|139|174|3C|S|10|DA
6|3|92|283|215|198|3S|W|6|HA
6|3|262|154|318|110|3C|S|9|DA
6|3|241|290|74|316|3H|N|9|S5
6|30|6|164|31|73|5D|E|11|S9
6|30|105|75|299|222|5D|E|10|D3
6|30|281|173|232|265|3N|W|10|C3
6|30|230|52|81|224|5D|E|11|H4
6|30|297|148|187|158|4S|E|8|C5
6|30|69|102|19|298|5D|E|11|H4
6|30|111|77|139|174|6D|E|12|S9
6|30|92|256|215|198|2S|E|8|H4
6|30|262|154|318|110|5D|W|12|SK
6|30|241|290|74|316|5D|E|12|S9
6|31|6|164|31|73|5D|S|10|H2
6|31|105|75|299|222|5D|S|11|SA
6|31|281|173|232|265|5D|S|11|DT
6|31|230|52|81|224|3N|N|10|S8
6|31|297|148|187|158|5D|N|11|S8
6|31|69|102|19|298|5D|S|11|DT
6|31|111|77|139|174|3D|S|10|DT
6|31|92|256|215|198|3N|N|9|S7
6|31|262|154|318|110|5D|S|10|H2
6|31|241|290|74|316|3N|N|10|S7
6|32|6|164|31|73|4HX|W|10|DK
6|32|105|75|299|222|5H|W|9|C6
6|32|281|173|232|265|5HX|W|10|DK
6|32|230|52|81|224|4H|W|10|DK
6|32|297|148|187|158|4H|W|10|DK
6|32|69|102|19|298|4H|W|10|DK
6|32|111|77|139|174|5DX|N|10|D8
6|32|92|256|215|198|4H|W|9|DK
6|32|262|154|318|110|4SX|S|9|CQ
6|32|241|290|74|316|4HX|W|10|DK
6|4|38|164|6|73|2S|E|8|H4
6|4|182|75|78|222|1N|N|8|S8
6|4|292|173|232|265|1N|N|8|S9
6|4|230|52|81|224|2S|W|8|C7
6|4|297|148|187|158|2S|E|7|C2
6|4|69|102|19|298|1N|N|9|S8
6|4|111|77|139|174|1N|N|7|S8
6|4|92|283|215|198|1N|S|7|D6
6|4|262|154|318|110|2S|E|9|D4
6|4|241|290|74|316|1N|W|5|C6
6|5|38|164|6|73|1N|N|6|HQ
6|5|182|75|78|222|1C|N|6|C2
6|5|292|173|232|265|1N|E|9|C8
6|5|230|52|81|224|3N|W|8|S2
6|5|297|148|187|158|1N|N|5|HQ
6|5|69|102|19|298|2H|E|9|C8
6|5|111|77|139|174|1N|E|9|H8
6|5|92|283|215|198|1N|N|5|HQ
6|5|262|154|318|110|1N|N|5|HQ
6|5|241|290|74|316|2S|N|5|C2
6|6|38|164|6|73|4H|S|11|C4
6|6|182|75|78|222|4H|S|10|H4
6|6|292|173|232|265|1N|N|10|D2
6|6|230|52|81|224|4H|S|11|C4
6|6|297|148|187|158|4H|S|10|H4
6|6|69|102|19|298|4H|S|10|H4
6|6|111|77|139|174|4H|S|10|C7
6|6|92|283|215|198|4H|S|10|C4
6|6|262|154|318|110|4H|S|10|C4
6|6|241|290|74|316|4H|N|10|C8
6|7|38|164|6|73|6D|W|12|CA
6|7|182|75|78|222|5D|W|12|CA
6|7|292|173|232|265|5D|W|12|S3
6|7|230|52|81|224|5D|W|12|CA
6|7|297|148|187|158|3N|W|8|C2
6|7|69|102|19|298|5D|W|12|CA
6|7|111|77|139|174|5D|W|12|CA
6|7|92|283|215|198|3D|W|12|S5
6|7|262|154|318|110|5D|W|12|CA
6|7|241|290|74|316|3D|W|11|H8
6|8|38|164|6|73|3N|N|11|SQ
6|8|182|75|78|222|3N|N|10|SQ
6|8|292|173|232|265|3N|N|9|H7
6|8|230|52|81|224|3N|N|10|H6
6|8|297|148|187|158|3N|N|9|H6
6|8|69|102|19|298|3N|N|9|H7
6|8|111|77|139|174|3N|N|10|SQ
6|8|92|283|215|198|3N|N|10|SQ
6|8|262|154|318|110|3N|N|9|H2
6|8|241|290|74|316|3N|S|11|HJ
6|9|38|164|6|73|2S|S|8|SA
6|9|182|75|78|222|3H|N|7|S8
6|9|292|173|232|265|4H|N|7|S7
6|9|230|52|81|224|3H|N|10|C2
6|9|297|148|187|158|2S|W|8|HQ
6|9|69|102|19|298|2H|S|8|SK
6|9|111|77|139|174|3N|N|8|C5
6|9|92|283|215|198|4H|N|8|S8
6|9|262|154|318|110|3S|W|6|HQ
6|9|241|290|74|316|3D|S|9|SK
7|1|105|281|299|232|3C|S|8|D7
7|1|83|164|224|73|3H|W|11|C2
7|1|230|148|81|158|2S|E|9|HJ
7|1|166|36|57|120|3S|E|11|HJ
7|1|312|162|31|86|2S|E|11|HJ
7|1|269|75|283|222|2S|E|10|HJ
7|1|13|290|92|316|2S|E|8|HJ
7|1|218|77|15|174|3C|S|7|S9
7|1|241|102|74|298|2H|E|11|SJ
7|1|297|188|187|160|2S|E|9|HJ
7|10|105|281|299|232|4S|W|10|H9
7|10|83|164|224|73|4S|W|11|C5
7|10|230|148|81|158|4S|E|9|DQ
7|10|166|36|57|120|4S|W|11|H7
7|10|312|162|31|86|4S|W|11|H5
7|10|269|75|283|222|4S|E|11|DQ
7|10|13|290|92|316|3N|E|9|DQ
7|10|218|77|15|174|4S|W|11|SJ
7|10|241|102|74|298|4S|W|11|D5
7|10|297|188|187|160|3N|E|9|DQ
7|11|105|281|299|232|4S|N|10|H3
7|11|83|164|224|73|4S|S|10|CT
7|11|230|148|81|158|1D|S|9|CT
7|11|166|36|57|120|3N|S|9|C9
7|11|312|162|31|86|4S|N|10|H7
7|11|269|75|283|222|3S|N|11|C2
7|11|13|290|92|316|4S|N|10|CJ
7|11|218|77|15|174|4S|N|10|H7
7|11|241|102|74|298|4S|S|9|CT
7|11|297|188|187|160|4S|N|9|H7
7|12|105|281|299|232|4S|E|9|HA
7|12|83|164|224|73|4H|N|10|SK
7|12|230|148|81|158|2S|E|10|CQ
7|12|166|36|57|120|3D|W|10|H5
7|12|312|162|31|86|4S|E|10|HA
7|12|269|75|283|222|2S|E|9|CQ
7|12|13|290|92|316|3H|N|10|SQ
7|12|218|77|15|174|4H|N|10|SK
7|12|241|102|74|298|2S|E|9|CQ
7|12|297|188|187|160|4S|E|10|HA
7|13|105|281|299|232|2S|E|9|DA
7|13|83|164|224|73|2S|E|9|DA
7|13|230|148|81|158|2D|S|9|H4
7|13|166|36|57|120|2S|E|8|DK
7|13|312|162|31|86|2S|E|9|DK
7|13|269|75|283|222|3N|N|8|CQ
7|13|13|290|92|316|3N|N|8|S5
7|13|218|77|15|174|4S|E|9|DK
7|13|241|102|74|298|3N|S|9|D4
7|13|297|188|187|160|3N|N|10|CQ
7|14|105|281|299|232|4S|N|13|H4
7|14|83|164|224|73|6S|S|11|CA
7|14|230|148|81|158|4S|S|13|HK
7|14|166|36|57|120|4S|N|13|H3
7|14|312|162|31|86|4S|S|13|HK
7|14|269|75|283|222|4S|S|13|HK
7|14|13|290|92|316|6S|N|11|C6
7|14|218|77|15|174|4S|S|12|HQ
7|14|241|102|74|298|4S|S|13|HQ
7|14|297|188|187|160|4S|S|13|HK
7|15|105|281|299|232|3C|E|9|HJ
7|15|83|164|224|73|3N|W|8|DK
7|15|230|148|81|158|3C|E|10|HJ
7|15|166|36|57|120|3N|W|8|DK
7|15|312|162|31|86|3SX|S|9|HQ
7|15|269|75|283|222|3C|E|9|D4
7|15|13|290|92|316|3H|N|9|CK
7|15|218|77|15|174|3C|E|9|HJ
7|15|241|102|74|298|4C|E|9|HJ
7|15|297|188|187|160|3S|N|9|CK
7|16|105|281|299|232|4S|N|10|DT
7|16|83|164|224|73|4S|N|10|DT
7|16|230|148|81|158|4S|S|10|H8
7|16|166|36|57|120|4S|N|10|D9
7|16|312|162|31|86|4S|S|10|CT
7|16|269|75|283|222|4S|N|10|DT
7|16|13|290|92|316|4S|N|10|D9
7|16|218|77|15|174|4S|N|10|DT
7|16|241|102|74|298|4S|N|10|DT
7|16|297|188|187|160|3N|S|7|C2
7|17|105|292|299|52|6N|N|12|H4
7|17|83|182|224|78|6N|N|12|DJ
7|17|230|148|81|158|3N|N|11|H4
7|17|112|36|180|120|6N|N|12|DT
7|17|38|269|6|283|6N|S|12|SA
7|17|162|312|86|31|6N|S|12|H9
7|17|13|290|92|316|6N|N|12|H5
7|17|218|77|15|174|6C|S|11|SA
7|17|241|8|74|254|6C|S|11|D7
7|17|297|188|187|160|6N|S|12|SA
7|18|105|292|299|52|4S|N|10|D5
7|18|83|182|224|78|6S|N|10|D5
7|18|230|148|81|158|4S|N|10|D5
7|18|112|36|180|120|4S|N|10|D4
7|18|38|269|6|283|4S|N|10|ST
7|18|162|312|86|31|4S|N|11|D5
7|18|13|290|92|316|4S|N|11|D4
7|18|218|77|15|174|4S|N|11|D4
7|18|241|8|74|254|4S|N|10|D5
7|18|297|188|187|160|4S|N|10|D4
7|19|105|292|299|52|3N|E|11|H2
7|19|83|182|224|78|3N|E|10|H5
7|19|230|148|81|158|5C|E|11|H5
7|19|112|36|180|120|3N|E|11|H2
7|19|38|269|6|283|5HX|N|8|S9
7|19|162|312|86|31|3N|E|11|DJ
7|19|13|290|92|316|3N|E|10|DJ
7|19|218|77|15|174|3N|E|10|DJ
7|19|241|8|74|254|5C|E|11|S2
7|19|297|188|187|160|3N|E|11|H2
7|2|105|281|299|232|2S|N|10|H3
7|2|83|164|224|73|2S|N|8|H3
7|2|230|148|81|158|2N|S|7|HA
7|2|166|36|57|120|2S|N|10|C9
7|2|312|162|31|86|2D|E|7|SK
7|2|269|75|283|222|4S|N|9|H3
7|2|13|290|92|316|1N|W|6|SQ
7|2|218|77|15|174|2D|W|6|C3
7|2|241|102|74|298|3C|W|5|HJ
7|2|297|188|187|160|1S|N|10|H6
7|20|105|292|299|52|6S|N|12|C9
7|20|83|182|224|78|6S|N|12|CT
7|20|230|148|81|158|5S|N|12|CT
7|20|112|36|180|120|4S|N|12|C9
7|20|38|269|6|283|4S|N|12|CT
7|20|162|312|86|31|5S|N|12|HA
7|20|13|290|92|316|4S|N|13|C9
7|20|218|77|15|174|4S|S|13|S6
7|20|241|8|74|254|6S|N|12|HA
7|20|297|188|187|160|4S|N|12|CT
7|21|105|292|299|52|3N|N|9|H5
7|21|83|182|224|78|3N|N|10|D6
7|21|230|148|81|158|3N|N|11|D3
7|21|112|36|180|120|3N|N|10|D9
7|21|38|269|6|283|3N|N|11|H2
7|21|162|312|86|31|3N|S|10|S5
7|21|13|290|92|316|3N|N|10|DT
7|21|218|77|15|174|3N|S|11|D5
7|21|241|8|74|254|3N|N|9|D6
7|21|297|188|187|160|3N|N|10|D6
7|22|105|292|299|52|5C|N|12|CT
7|22|83|182|224|78|5HX|E|9|CA
7|22|230|148|81|158|5C|N|11|CT
7|22|112|36|180|120|6C|N|12|CT
7|22|38|269|6|283|5S|N|12|CT
7|22|162|312|86|31|4HX|E|9|CA
7|22|13|290|92|316|4S|N|11|CT
7|22|218|77|15|174|4S|N|10|HA
7|22|241|8|74|254|6C|N|9|CT
7|22|297|188|187|160|5C|N|12|HA
7|23|105|292|299|52|1N|E|9|SQ
7|23|83|182|224|78|1N|E|9|SQ
7|23|230|148|81|158|3N|E|9|SQ
7|23|112|36|180|120|1N|E|8|HT
7|23|38|269|6|283|3N|E|9|S3
7|23|162|312|86|31|2N|E|9|DQ
7|23|13|290|92|316|1N|E|9|HT
7|23|218|77|15|174|3N|W|11|D2
7|23|241|8|74|254|2N|E|9|SQ
7|23|297|188|187|160|2N|E|10|SQ
7|24|105|292|299|52|4S|E|9|C6
7|24|230|148|81|158|4S|E|9|C6
7|24|112|36|180|120|4S|W|8|D6
7|24|38|269|6|283|4S|E|9|C6
7|24|162|312|86|31|4S|W|9|C8
7|24|13|290|92|316|4S|E|8|D9
7|24|218|77|15|174|4S|E|9|C6
7|24|241|8|74|254|4S|W|8|DK
7|24|297|188|187|160|4S|E|8|D4
7|25|105|292|299|52|3D|W|9|S4
7|25|83|182|224|78|3D|W|10|S4
7|25|230|148|81|158|3N|E|9|H3
7|25|112|36|180|120|3D|W|10|S3
7|25|38|269|6|283|4SX|N|8|D2
7|25|162|312|86|31|2D|W|10|C3
7|25|13|290|92|316|2S|N|8|D3
7|25|218|77|15|174|2S|S|9|DK
7|25|241|8|74|254|5D|E|10|SA
7|25|297|188|187|160|3N|E|8|S2
7|26|105|292|299|52|4H|S|10|C4
7|26|83|182|224|78|6H|S|9|C4
7|26|230|148|81|158|6H|S|12|SQ
7|26|112|36|180|120|4H|S|11|C4
7|26|38|269|6|283|6H|S|12|SQ
7|26|162|312|86|31|5H|S|11|SQ
7|26|13|290|92|316|4H|S|10|SJ
7|26|218|77|15|174|4H|S|11|SQ
7|26|241|8|74|254|6H|S|10|C4
7|26|297|188|187|160|4H|S|10|SQ
7|27|105|292|299|52|3C|N|9|S4
7|27|83|182|224|78|2S|W|8|DJ
7|27|230|148|81|158|5CX|N|9|S6
7|27|112|36|180|120|3C|N|9|S6
7|27|38|269|6|283|4C|N|9|S5
7|27|162|312|86|31|2S|W|7|H8
7|27|13|290|92|316|3C|N|9|S5
7|27|218|77|15|174|3S|W|7|H8
7|27|241|8|74|254|3D|S|6|CT
7|27|297|188|187|160|3S|W|6|H8
7|28|105|292|299|52|3N|N|11|H8
7|28|83|182|224|78|3N|S|5|C7
7|28|230|148|81|158|4S|S|9|C4
7|28|112|36|180|120|3S|S|8|HK
7|28|38|269|6|283|3N|S|5|C8
7|28|162|312|86|31|3N|N|8|S2
7|28|13|290|92|316|4S|S|9|C7
7|28|218|77|15|174|3N|N|9|H7
7|28|241|8|74|254|4H|S|8|C4
7|28|297|188|187|160|3N|S|9|C7
7|29|105|292|299|52|4S|N|10|S7
7|29|83|182|224|78|4S|S|9|DK
7|29|230|148|81|158|4S|S|10|HJ
7|29|112|36|180|120|4S|S|10|DQ
7|29|38|269|6|283|2H|N|8|CQ
7|29|162|312|86|31|4S|S|9|DK
7|29|13|290|92|316|4S|S|10|DQ
7|29|218|77|15|174|4S|S|10|DQ
7|29|241|8|74|254|4S|S|10|HJ
7|29|297|188|187|160|4S|S|10|DK
7|3|105|281|299|232|4H|S|12|SQ
7|3|83|164|224|73|4H|S|11|SQ
7|3|230|148|81|158|4H|S|12|SQ
7|3|166|36|57|120|4H|S|11|SJ
7|3|312|162|31|86|4H|S|11|SQ
7|3|269|75|283|222|4H|S|11|SQ
7|3|13|290|92|316|4H|S|11|SJ
7|3|218|77|15|174|4H|S|11|SQ
7|3|241|102|74|298|4H|S|12|C3
7|3|297|188|187|160|4H|S|11|SQ
7|30|105|292|299|52|2N|E|8|H7
7|30|83|182|224|78|2N|E|8|H8
7|30|230|148|81|158|3N|W|7|H4
7|30|112|36|180|120|2N|E|8|H7
7|30|38|269|6|283|3N|E|8|H7
7|30|162|312|86|31|3N|E|7|H7
7|30|13|290|92|316|3N|W|8|S6
7|30|218|77|15|174|1N|E|7|H9
7|30|241|8|74|254|2N|E|7|H7
7|30|297|188|187|160|3N|W|8|H2
7|31|105|292|299|52|3S|W|8|CK
7|31|83|182|224|78|3S|W|8|H3
7|31|230|148|81|158|2S|E|8|D3
7|31|112|36|180|120|2S|W|8|H6
7|31|38|269|6|283|2S|E|9|D4
7|31|162|312|86|31|2S|W|8|H6
7|31|13|290|92|316|3C|N|8|HQ
7|31|218|77|15|174|2S|W|9|H7
7|31|241|8|74|254|2S|E|8|D3
7|31|297|188|187|160|2S|E|8|D3
7|32|105|292|299|52|3N|W|9|S4
7|32|83|182|224|78|3N|W|8|S5
7|32|230|148|81|158|3N|W|10|D9
7|32|112|36|180|120|3N|W|9|S4
7|32|38|269|6|283|3N|W|11|H4
7|32|162|312|86|31|3N|W|10|DT
7|32|13|290|92|316|3N|W|8|D3
7|32|218|77|15|174|3N|W|9|DT
7|32|241|8|74|254|3N|W|9|S4
7|32|297|188|187|160|3N|E|10|HT
7|4|105|281|299|232|3N|W|8|D3
7|4|83|164|224|73|3N|W|7|D6
7|4|230|148|81|158|2N|W|7|H5
7|4|166|36|57|120|2N|W|6|SK
7|4|312|162|31|86|3N|W|8|H5
7|4|269|75|283|222|1N|W|5|CA
7|4|13|290|92|316|1N|W|5|H4
7|4|218|77|15|174|1N|W|6|H5
7|4|241|102|74|298|3N|E|6|H3
7|4|297|188|187|160|2N|W|6|H4
7|5|105|281|299|232|3N|N|7|H3
7|5|83|164|224|73|3N|N|8|DT
7|5|230|148|81|158|2C|S|8|H4
7|5|166|36|57|120|2C|S|8|H2
7|5|312|162|31|86|2H|S|5|H2
7|5|269|75|283|222|2C|S|8|H4
7|5|13|290|92|316|2S|N|6|H9
7|5|218|77|15|174|3N|N|9|S3
7|5|241|102|74|298|3NX|N|7|H9
7|5|297|188|187|160|3N|S|7|H2
7|6|105|281|299|232|3N|E|9|H6
7|6|83|164|224|73|3N|E|10|D3
7|6|230|148|81|158|3N|E|9|H6
7|6|166|36|57|120|3N|E|10|DT
7|6|312|162|31|86|3N|E|9|ST
7|6|269|75|283|222|3N|W|10|S6
7|6|13|290|92|316|3N|W|10|S6
7|6|218|77|15|174|3N|W|10|S4
7|6|241|102|74|298|3N|E|10|DT
7|6|297|188|187|160|3N|E|11|DT
7|7|105|281|299|232|2CX|N|7|H7
7|7|83|164|224|73|1N|S|3|H8
7|7|230|148|81|158|3N|E|8|C4
7|7|166|36|57|120|2H|W|9|H6
7|7|312|162|31|86|1N|E|9|C4
7|7|269|75|283|222|3N|E|9|C7
7|7|13|290|92|316|4H|E|10|D4
7|7|218|77|15|174|2H|W|10|C5
7|7|241|102|74|298|2CX|S|4|CJ
7|7|297|188|187|160|2H|E|10|C3
7|8|105|281|299|232|4S|S|12|D4
7|8|83|164|224|73|4S|S|12|C8
7|8|230|148|81|158|4S|S|12|S4
7|8|166|36|57|120|5S|S|12|D6
7|8|312|162|31|86|6S|S|12|S7
7|8|269|75|283|222|4S|S|11|D4
7|8|13|290|92|316|6S|S|11|H4
7|8|218|77|15|174|3N|S|12|D6
7|8|241|102|74|298|6S|N|12|CJ
7|8|297|188|187|160|4S|S|11|D6
7|9|105|281|299|232|3N|S|8|H2
7|9|83|164|224|73|3N|S|10|S8
7|9|230|148|81|158|3N|S|7|S8
7|9|166|36|57|120|3C|S|9|S5
7|9|312|162|31|86|3N|S|9|S5
7|9|269|75|283|222|3C|S|10|H2
7|9|13|290|92|316|3N|S|7|S5
7|9|218|77|15|174|3N|S|10|S5
7|9|241|102|74|298|3C|S|9|S5
7|9|297|188|187|160|2N|N|8|S4
8|1|112|164|180|73|3N|W|9|H3
8|1|182|166|78|57|3N|W|9|H3
8|1|102|230|298|81|3N|W|8|S3
8|1|36|8|120|254|3N|W|9|H3
8|1|111|281|139|232|3N|W|9|H3
8|1|292|269|52|283|3N|W|8|H7
8|1|290|75|316|222|3N|W|9|H3
8|1|38|218|6|15|3N|W|9|ST
8|1|241|77|74|174|5D|E|11|CQ
8|1|13|188|92|160|3N|W|9|S3
8|10|112|164|180|73|4H|E|11|CA
8|10|182|166|78|57|6H|E|12|CA
8|10|102|230|298|81|4H|E|12|SJ
8|10|36|8|120|254|4H|E|12|DT
8|10|111|281|139|232|4H|E|12|SJ
8|10|292|269|52|283|4H|E|12|DT
8|10|290|75|316|222|4H|E|12|ST
8|10|38|218|6|15|4H|E|12|DJ
8|10|241|77|74|174|5H|E|12|SJ
8|10|13|188|92|160|4H|E|12|SJ
8|11|112|164|180|73|4S|S|13|C6
8|11|182|166|78|57|4S|S|13|D2
8|11|102|230|298|81|4S|S|12|H5
8|11|36|8|120|254|4S|S|13|C6
8|11|111|281|139|232|6S|S|13|H5
8|11|292|269|52|283|4S|S|13|D3
8|11|290|75|316|222|4S|N|13|DK
8|11|38|218|6|15|6S|N|13|DK
8|11|241|77|74|174|4S|S|13|H6
8|11|13|188|92|160|3N|S|13|H2
8|12|112|164|180|73|3C|S|7|HA
8|12|182|166|78|57|3H|E|8|CJ
8|12|102|230|298|81|1N|W|5|ST
8|12|36|8|120|254|1N|W|6|S9
8|12|111|281|139|232|3D|E|8|H3
8|12|292|269|52|283|2H|E|7|CT
8|12|290|75|316|222|3N|N|8|DQ
8|12|38|218|6|15|3H|E|7|CJ
8|12|241|77|74|174|2D|W|8|C5
8|12|13|188|92|160|3H|E|8|S5
8|13|112|164|180|73|3N|W|9|SJ
8|13|182|166|78|57|3N|W|9|SJ
8|13|102|230|298|81|3N|W|10|CT
8|13|36|8|120|254|3N|E|7|S6
8|13|111|281|139|232|3N|W|9|C6
8|13|292|269|52|283|3N|W|9|SJ
8|13|290|75|316|222|3N|W|10|SJ
8|13|38|218|6|15|3N|W|9|C2
8|13|241|77|74|174|3N|W|8|CT
8|13|13|188|92|160|3N|W|7|CT
8|14|112|164|180|73|4S|S|10|D9
8|14|182|166|78|57|6N|S|12|H4
8|14|102|230|298|81|3N|N|12|C5
8|14|36|8|120|254|6N|N|12|S7
8|14|111|281|139|232|3N|N|12|H2
8|14|292|269|52|283|3N|S|12|C8
8|14|290|75|316|222|3N|S|12|C7
8|14|38|218|6|15|3N|S|12|SJ
8|14|241|77|74|174|3N|S|12|C7
8|14|13|188|92|160|6D|N|12|S7
8|15|112|164|180|73|4S|S|11|CQ
8|15|182|166|78|57|5S|S|11|DA
8|15|102|230|298|81|4S|S|11|CQ
8|15|36|8|120|254|5S|S|11|S4
8|15|111|281|139|232|5S|S|11|CJ
8|15|292|269|52|283|5S|S|11|CQ
8|15|290|75|316|222|4S|S|11|DA
8|15|38|218|6|15|4S|S|11|DA
8|15|241|77|74|174|4S|S|11|CQ
8|15|13|188|92|160|5SX|S|12|CQ
8|16|112|164|180|73|3N|W|8|SK
8|16|182|166|78|57|1N|E|8|CQ
8|16|102|230|298|81|2S|W|8|C6
8|16|36|8|120|254|4D|W|7|SQ
8|16|111|281|139|232|4HX|S|8|C7
8|16|292|269|52|283|3HX|S|8|C7
8|16|290|75|316|222|3S|W|8|H6
8|16|38|218|6|15|3H|S|8|C7
8|16|241|77|74|174|3S|W|8|C6
8|16|13|188|92|160|3CX|E|7|HA
8|17|166|164|57|73|3N|W|11|C2
8|17|105|148|299|158|3N|W|11|C2
8|17|102|230|298|81|3N|E|10|S4
8|17|39|8|206|254|3N|W|10|C2
8|17|111|281|139|232|3N|W|12|S6
8|17|83|269|224|283|4H|E|11|C7
8|17|290|75|316|222|3N|W|11|S6
8|17|38|318|31|218|3N|W|10|C2
8|17|241|77|74|174|4H|E|11|C7
8|17|13|154|92|110|4H|E|11|D5
8|18|166|164|57|73|6H|E|10|SK
8|18|105|148|299|158|4H|E|11|SK
8|18|102|230|298|81|5H|E|10|SQ
8|18|39|8|206|254|4H|E|10|SK
8|18|111|281|139|232|4H|E|10|SK
8|18|83|269|224|283|4H|E|11|SK
8|18|290|75|316|222|4H|E|12|H6
8|18|38|318|31|218|4H|E|10|SK
8|18|241|77|74|174|4H|E|11|SK
8|18|13|154|92|110|4H|E|10|SK
8|19|166|164|57|73|4H|S|10|C8
8|19|105|148|299|158|3N|N|9|C4
8|19|102|230|298|81|3H|N|9|S7
8|19|39|8|206|254|3S|W|7|HA
8|19|111|281|139|232|4H|S|10|C8
8|19|83|269|224|283|3H|S|8|SA
8|19|290|75|316|222|3H|S|9|C8
8|19|38|318|31|218|3H|S|12|C8
8|19|241|77|74|174|4H|S|9|SA
8|19|13|154|92|110|4H|S|10|C8
8|2|112|164|180|73|2S|S|8|HJ
8|2|182|166|78|57|1N|E|6|S5
8|2|102|230|298|81|2S|S|8|HJ
8|2|36|8|120|254|2H|W|7|CJ
8|2|111|281|139|232|2H|W|8|CQ
8|2|292|269|52|283|2H|W|8|CJ
8|2|290|75|316|222|2H|E|8|D8
8|2|38|218|6|15|2S|S|7|CA
8|2|241|77|74|174|2S|S|7|HJ
8|2|13|188|92|160|2D|W|8|CQ
8|20|166|164|57|73|3N|W|9|C5
8|20|105|148|299|158|3N|E|11|S3
8|20|102|230|298|81|3N|W|9|C5
8|20|39|8|206|254|3N|W|9|C5
8|20|111|281|139|232|3N|W|11|C5
8|20|83|269|224|283|3N|W|9|H6
8|20|290|75|316|222|3N|W|10|C5
8|20|38|318|31|218|3N|W|11|C2
8|20|241|77|74|174|3N|W|10|H3
8|20|13|154|92|110|3N|W|10|C5
8|21|166|164|57|73|3N|N|9|H7
8|21|105|148|299|158|3S|N|10|D3
8|21|102|230|298|81|4S|N|10|SJ
8|21|39|8|206|254|4S|N|9|CA
8|21|111|281|139|232|3N|S|9|H2
8|21|83|269|224|283|4S|N|10|ST
8|21|290|75|316|222|5N|S|10|H4
8|21|38|318|31|218|4S|N|10|SJ
8|21|241|77|74|174|4S|N|10|D5
8|21|13|154|92|110|5HX|W|6|D7
8|22|166|164|57|73|3D|N|9|CK
8|22|105|148|299|158|4D|N|10|CK
8|22|102|230|298|81|4D|N|9|HK
8|22|39|8|206|254|3D|N|9|HK
8|22|111|281|139|232|5DX|N|9|CK
8|22|83|269|224|283|3H|E|9|D4
8|22|290|75|316|222|4D|N|9|CK
8|22|38|318|31|218|3H|E|9|D4
8|22|241|77|74|174|2S|S|7|H8
8|22|13|154|92|110|4H|E|9|D4
8|23|166|164|57|73|4S|S|11|HT
8|23|105|148|299|158|4S|S|11|HT
8|23|102|230|298|81|4S|S|12|C8
8|23|39|8|206|254|4S|S|11|H9
8|23|111|281|139|232|4S|S|11|H2
8|23|83|269|224|283|3N|N|11|H5
8|23|290|75|316|222|4S|S|11|HT
8|23|38|318|31|218|4S|S|11|HT
8|23|241|77|74|174|4S|S|11|D3
8|23|13|154|92|110|4S|S|11|HT
8|24|166|164|57|73|4H|E|10|SJ
8|24|105|148|299|158|4S|W|9|CJ
8|24|102|230|298|81|4S|W|9|CJ
8|24|39|8|206|254|2S|W|9|CJ
8|24|111|281|139|232|4H|E|10|DA
8|24|83|269|224|283|4S|W|9|CJ
8|24|290|75|316|222|4C|N|7|HK
8|24|38|318|31|218|5DX|S|9|SK
8|24|241|77|74|174|4H|W|10|CJ
8|24|13|154|92|110|4H|E|10|C2
8|25|166|164|57|73|4H|W|10|H5
8|25|105|148|299|158|4S|W|9|S2
8|25|102|230|298|81|4H|W|10|H5
8|25|39|8|206|254|4H|E|9|CQ
8|25|111|281|139|232|4H|W|8|C6
8|25|83|269|224|283|4H|W|9|C7
8|25|290|75|316|222|4H|W|10|H5
8|25|38|318|31|218|4H|W|10|H5
8|25|241|77|74|174|4H|W|10|H6
8|25|13|154|92|110|4S|W|10|H6
8|26|166|164|57|73|6C|E|12|D2
8|26|105|148|299|158|3N|W|10|D6
8|26|102|230|298|81|6C|E|12|D2
8|26|39|8|206|254|6C|E|12|D2
8|26|111|281|139|232|6C|E|12|D2
8|26|83|269|224|283|6C|E|12|H2
8|26|290|75|316|222|6C|E|12|D7
8|26|38|318|31|218|3N|W|12|D4
8|26|241|77|74|174|6C|E|12|D7
8|26|13|154|92|110|5C|E|12|D2
8|27|166|164|57|73|2S|N|8|SJ
8|27|105|148|299|158|3C|W|10|SA
8|27|102|230|298|81|3S|N|8|D8
8|27|39|8|206|254|3C|E|10|D3
8|27|111|281|139|232|1N|E|7|S4
8|27|83|269|224|283|3C|E|10|D3
8|27|290|75|316|222|2S|N|8|D8
8|27|38|318|31|218|3S|N|9|SJ
8|27|241|77|74|174|3S|N|8|S7
8|27|13|154|92|110|3S|N|9|S7
8|28|166|164|57|73|3H|W|8|SJ
8|28|105|148|299|158|4H|W|8|SJ
8|28|102|230|298|81|3H|W|9|SJ
8|28|39|8|206|254|3H|W|8|SJ
8|28|111|281|139|232|4H|W|8|SJ
8|28|83|269|224|283|3H|W|9|SJ
8|28|290|75|316|222|4H|W|8|SJ
8|28|38|318|31|218|3H|W|8|SJ
8|28|241|77|74|174|3S|S|10|HK
8|28|13|154|92|110|4H|W|8|DQ
8|29|166|164|57|73|4S|E|11|C7
8|29|105|148|299|158|6S|W|10|C3
8|29|102|230|298|81|6S|W|12|S3
8|29|39|8|206|254|6S|E|11|D8
8|29|111|281|139|232|6S|E|9|HT
8|29|83|269|224|283|6SX|E|11|H2
8|29|290|75|316|222|6S|E|10|D8
8|29|38|318|31|218|6S|E|11|D5
8|29|241|77|74|174|6N|W|11|S6
8|29|13|154|92|110|6S|E|10|D6
8|3|112|164|180|73|2N|N|7|D2
8|3|182|166|78|57|1S|N|12|HK
8|3|102|230|298|81|4S|N|11|D2
8|3|36|8|120|254|4S|N|11|C4
8|3|111|281|139|232|4S|N|11|D2
8|3|292|269|52|283|4S|N|11|C4
8|3|290|75|316|222|4S|N|11|D2
8|3|38|218|6|15|4H|S|11|H3
8|3|241|77|74|174|4H|N|11|C8
8|3|13|188|92|160|4S|N|11|D8
8|30|166|164|57|73|4S|N|9|H5
8|30|105|148|299|158|1N|W|6|S4
8|30|102|230|298|81|3S|N|9|H5
8|30|39|8|206|254|4S|N|9|H5
8|30|111|281|139|232|3S|N|9|H5
8|30|83|269|224|283|4H|W|9|SK
8|30|290|75|316|222|4H|W|9|CK
8|30|38|318|31|218|3C|S|9|HK
8|30|241|77|74|174|4S|N|9|H2
8|30|13|154|92|110|4H|W|11|SK
8|31|166|164|57|73|2D|N|10|S3
8|31|105|148|299|158|4H|E|8|DT
8|31|102|230|298|81|3D|N|10|S3
8|31|39|8|206|254|3D|N|10|S3
8|31|111|281|139|232|3H|W|7|DA
8|31|83|269|224|283|3H|W|7|DA
8|31|290|75|316|222|2D|N|10|D2
8|31|38|318|31|218|2D|N|10|S3
8|31|241|77|74|174|2D|N|10|S5
8|31|13|154|92|110|2D|N|10|D2
8|32|166|164|57|73|3N|N|10|SK
8|32|105|148|299|158|3N|N|10|D4
8|32|102|230|298|81|3N|N|10|SK
8|32|39|8|206|254|3N|S|10|C2
8|32|111|281|139|232|3N|N|10|SK
8|32|83|269|224|283|3N|N|10|D6
8|32|290|75|316|222|2N|N|10|SQ
8|32|38|318|31|218|3N|N|10|SQ
8|32|241|77|74|174|3N|N|9|D6
8|32|13|154|92|110|3N|N|10|D6
8|4|112|164|180|73|2S|S|4|H8
8|4|182|166|78|57|1N|W|7|D6
8|4|102|230|298|81|3D|N|6|CJ
8|4|36|8|120|254|3C|W|8|D6
8|4|111|281|139|232|2C|W|8|S7
8|4|292|269|52|283|1N|W|7|D3
8|4|290|75|316|222|2C|W|8|S7
8|4|38|218|6|15|1N|W|7|S7
8|4|241|77|74|174|1N|W|9|D6
8|4|13|188|92|160|2C|W|8|S7
8|5|112|164|180|73|3N|E|11|ST
8|5|182|166|78|57|3N|E|11|ST
8|5|102|230|298|81|3N|E|8|S6
8|5|36|8|120|254|3N|E|11|SQ
8|5|111|281|139|232|3N|E|11|ST
8|5|292|269|52|283|3N|E|11|S5
8|5|290|75|316|222|3N|E|11|ST
8|5|38|218|6|15|3N|E|11|ST
8|5|241|77|74|174|3N|E|11|ST
8|5|13|188|92|160|3N|E|11|ST
8|6|112|164|180|73|3N|E|11|H9
8|6|182|166|78|57|6D|E|10|HT
8|6|102|230|298|81|6D|E|11|HT
8|6|36|8|120|254|6D|E|11|C7
8|6|111|281|139|232|6D|W|12|SQ
8|6|292|269|52|283|3N|E|11|HT
8|6|290|75|316|222|6D|E|12|S4
8|6|38|218|6|15|3N|E|11|C5
8|6|241|77|74|174|3N|E|12|C5
8|6|13|188|92|160|3N|E|12|HT
8|7|112|164|180|73|1N|W|8|S3
8|7|182|166|78|57|1N|E|7|S8
8|7|102|230|298|81|1N|E|10|S7
8|7|36|8|120|254|1N|W|10|S6
8|7|111|281|139|232|1N|W|10|S6
8|7|292|269|52|283|2S|N|6|C5
8|7|290|75|316|222|1N|E|10|S7
8|7|38|218|6|15|3C|W|10|C8
8|7|241|77|74|174|3N|W|10|S6
8|7|13|188|92|160|2N|E|9|S8
8|8|112|164|180|73|4H|E|10|CK
8|8|182|166|78|57|4H|E|11|CA
8|8|102|230|298|81|4H|E|11|CK
8|8|36|8|120|254|4H|E|10|CK
8|8|111|281|139|232|5CX|S|8|H6
8|8|292|269|52|283|4H|E|10|H2
8|8|290|75|316|222|5S|E|10|CK
8|8|38|218|6|15|4S|E|9|CA
8|8|241|77|74|174|3S|E|8|CA
8|8|13|188|92|160|4H|E|10|CA
8|9|112|164|180|73|2S|E|6|H8
8|9|182|166|78|57|4S|N|5|D8
8|9|102|230|298|81|3C|N|8|SA
8|9|36|8|120|254|4SX|E|6|H8
8|9|111|281|139|232|3N|E|8|CA
8|9|292|269|52|283|3N|N|8|SK
8|9|290|75|316|222|3C|S|9|S9
8|9|38|218|6|15|2S|E|7|H8
8|9|241|77|74|174|3S|E|7|H5
8|9|13|188|92|160|3D|S|8|S9
9|1|105|173|299|265|3N|S|7|S4
9|1|39|182|206|78|4H|N|10|SJ
9|1|112|162|180|86|4H|S|9|D8
9|1|111|166|139|57|4H|N|8|SJ
9|1|281|290|232|316|3H|N|10|C4
9|1|318|292|218|52|4H|S|10|C6
9|1|312|154|31|110|4H|S|10|C6
9|1|188|75|160|222|3N|S|8|S4
9|1|13|8|92|254|4H|S|8|D3
9|1|297|77|187|174|3N|S|9|S4
9|10|105|173|299|265|3N|N|9|SQ
9|10|39|182|206|78|3H|W|7|C6
9|10|112|162|180|86|2S|W|6|DJ
9|10|111|166|139|57|3S|E|7|H9
9|10|281|290|232|316|3C|S|11|HQ
9|10|318|292|218|52|2H|W|7|C5
9|10|312|154|31|110|3HX|W|8|C5
9|10|188|75|160|222|3C|S|11|S7
9|10|13|8|92|254|4H|W|7|DJ
9|10|297|77|187|174|2H|W|7|DJ
9|11|105|173|299|265|3N|S|11|D2
9|11|39|182|206|78|4H|S|12|CJ
9|11|112|162|180|86|4H|S|12|CJ
9|11|111|166|139|57|4H|S|12|ST
9|11|281|290|232|316|4H|S|12|CT
9|11|318|292|218|52|2N|N|12|D7
9|11|312|154|31|110|4H|S|12|CJ
9|11|188|75|160|222|4H|S|12|D3
9|11|13|8|92|254|4H|S|12|CJ
9|11|297|77|187|174|4H|S|12|ST
9|12|105|173|299|265|4H|N|12|C8
9|12|39|182|206|78|4H|N|12|SJ
9|12|112|162|180|86|4H|N|12|C5
9|12|111|166|139|57|4H|N|12|SJ
9|12|281|290|232|316|5CX|W|8|SK
9|12|318|292|218|52|3H|N|12|ST
9|12|312|154|31|110|3H|N|12|SJ
9|12|188|75|160|222|4HX|N|11|H2
9|12|13|8|92|254|3C|W|8|H6
9|12|297|77|187|174|3N|S|6|CQ
9|13|105|173|299|265|2N|W|8|S5
9|13|39|182|206|78|3N|W|9|ST
9|13|112|162|180|86|4H|E|10|DK
9|13|111|166|139|57|2C|E|11|DK
9|13|281|290|232|316|4H|E|10|DA
9|13|318|292|218|52|4H|E|9|DK
9|13|312|154|31|110|4H|E|10|DK
9|13|188|75|160|222|4H|E|9|DK
9|13|13|8|92|254|4H|E|9|DA
9|13|297|77|187|174|4H|E|10|DA
9|14|105|173|299|265|3S|E|9|HT
9|14|39|182|206|78|3S|E|10|HT
9|14|112|162|180|86|2S|W|9|DK
9|14|111|166|139|57|4S|E|11|SA
9|14|281|290|232|316|4S|E|9|CJ
9|14|318|292|218|52|4S|E|11|HT
9|14|312|154|31|110|4S|E|10|HT
9|14|188|75|160|222|3S|E|9|CT
9|14|13|8|92|254|4S|E|11|HT
9|14|297|77|187|174|3S|E|10|HT
9|15|105|173|299|265|4S|W|12|DT
9|15|39|182|206|78|4S|W|11|HA
9|15|112|162|180|86|2H|N|7|H3
9|15|111|166|139|57|4S|E|11|HK
9|15|281|290|232|316|3H|S|7|C2
9|15|318|292|218|52|4S|W|11|DT
9|15|312|154|31|110|4S|W|12|HA
9|15|188|75|160|222|4S|W|13|S7
9|15|13|8|92|254|4S|W|13|DT
9|15|297|77|187|174|4S|W|11|HA
9|16|105|173|299|265|3N|S|8|S2
9|16|39|182|206|78|3N|S|8|S2
9|16|112|162|180|86|3N|S|8|S2
9|16|111|166|139|57|3N|S|9|S2
9|16|281|290|232|316|3N|S|8|S2
9|16|318|292|218|52|3N|N|8|S6
9|16|312|154|31|110|3N|N|9|DJ
9|16|188|75|160|222|3N|S|8|S2
9|16|13|8|92|254|3N|S|8|S2
9|16|297|77|187|174|3N|S|8|S2
9|17|105|173|299|265|2N|N|4|HT
9|17|39|164|206|73|3H|W|9|DQ
9|17|112|162|180|86|3D|S|10|SK
9|17|111|166|139|57|2H|W|9|H2
9|17|83|290|224|316|3H|E|9|C6
9|17|318|292|218|52|3N|N|6|H4
9|17|38|154|6|110|3S|N|8|D4
9|17|188|312|160|31|3S|N|7|D4
9|17|13|102|92|298|2S|N|9|D4
9|17|297|77|187|174|2H|E|10|SA
9|18|105|173|299|265|4H|S|12|C2
9|18|39|164|206|73|4S|S|11|S7
9|18|112|162|180|86|4S|S|12|S9
9|18|111|166|139|57|5DX|E|7|HK
9|18|83|290|224|316|4H|S|11|D4
9|18|318|292|218|52|4H|S|12|C2
9|18|38|154|6|110|4S|S|11|DK
9|18|188|312|160|31|4S|S|11|D4
9|18|13|102|92|298|2H|N|11|SJ
9|18|297|77|187|174|4H|N|11|H2
9|19|105|173|299|265|3N|S|10|H4
9|19|39|164|206|73|3N|S|11|H5
9|19|112|162|180|86|3N|S|9|H4
9|19|111|166|139|57|3N|S|9|H4
9|19|83|290|224|316|4S|S|10|H4
9|19|318|292|218|52|3N|S|9|H5
9|19|38|154|6|110|3N|S|10|H4
9|19|188|312|160|31|6D|N|12|HJ
9|19|13|102|92|298|3N|S|9|H4
9|19|297|77|187|174|3N|S|9|H4
9|2|105|173|299|265|4H|S|10|D4
9|2|39|182|206|78|4H|S|11|HT
9|2|112|162|180|86|4H|S|10|S4
9|2|111|166|139|57|3N|N|7|C4
9|2|281|290|232|316|4H|S|11|HT
9|2|318|292|218|52|4S|S|10|S3
9|2|312|154|31|110|2H|S|10|S4
9|2|188|75|160|222|4H|S|10|C9
9|2|13|8|92|254|4H|S|10|S3
9|2|297|77|187|174|1NX|E|6|H4
9|20|105|173|299|265|4HX|W|8|CJ
9|20|39|164|206|73|4H|W|10|CJ
9|20|112|162|180|86|4H|W|9|CJ
9|20|111|166|139|57|4H|W|9|S4
9|20|83|290|224|316|4HX|W|10|C5
9|20|318|292|218|52|3D|N|7|SQ
9|20|38|154|6|110|4H|W|10|CJ
9|20|188|312|160|31|4SX|S|6|D6
9|20|13|102|92|298|3SX|S|6|HQ
9|20|297|77|187|174|3DX|N|7|HJ
9|21|105|173|299|265|4S|N|12|C7
9|21|39|164|206|73|4S|N|12|C7
9|21|112|162|180|86|4S|N|11|S4
9|21|111|166|139|57|6S|N|11|SA
9|21|83|290|224|316|5S|N|11|DA
9|21|318|292|218|52|4S|N|11|C7
9|21|38|154|6|110|4S|N|12|C7
9|21|188|312|160|31|4S|N|12|C7
9|21|13|102|92|298|4S|N|12|C7
9|21|297|77|187|174|5S|N|11|S4
9|22|105|173|299|265|1N|W|7|HK
9|22|39|164|206|73|2S|S|7|C2
9|22|112|162|180|86|2H|E|8|CJ
9|22|111|166|139|57|2H|E|8|C6
9|22|83|290|224|316|2S|N|6|H5
9|22|318|292|218|52|1N|W|7|D2
9|22|38|154|6|110|1N|W|8|D4
9|22|188|312|160|31|2H|E|8|CJ
9|22|13|102|92|298|1N|W|8|D4
9|22|297|77|187|174|2H|E|8|CJ
9|23|105|173|299|265|3C|S|9|HA
9|23|39|164|206|73|3N|N|10|CJ
9|23|112|162|180|86|3N|N|10|HT
9|23|111|166|139|57|2D|S|9|C5
9|23|83|290|224|316|3N|N|9|HT
9|23|318|292|218|52|3N|S|9|DJ
9|23|38|154|6|110|3N|S|9|H6
9|23|188|312|160|31|3N|S|9|H5
9|23|13|102|92|298|3N|S|8|H6
9|23|297|77|187|174|3N|N|9|HT
9|24|105|173|299|265|3H|W|8|DJ
9|24|39|164|206|73|1N|W|6|C7
9|24|112|162|180|86|3H|W|8|DJ
9|24|111|166|139|57|3H|W|8|DJ
9|24|83|290|224|316|3H|W|8|DJ
9|24|318|292|218|52|2H|W|8|DJ
9|24|38|154|6|110|3H|W|8|DJ
9|24|188|312|160|31|3H|W|8|SA
9|24|13|102|92|298|1N|W|7|C7
9|24|297|77|187|174|4C|N|9|C2
9|25|105|173|299|265|4S|E|8|H6
9|25|39|164|206|73|4S|E|9|H4
9|25|112|162|180|86|3S|E|8|H4
9|25|111|166|139|57|2S|E|9|H4
9|25|83|290|224|316|3H|N|7|C4
9|25|318|292|218|52|4S|E|9|H6
9|25|38|154|6|110|3S|E|9|H4
9|25|188|312|160|31|2S|E|9|H4
9|25|13|102|92|298|3H|N|7|C4
9|25|297|77|187|174|3N|E|8|H6
9|26|105|173|299|265|2H|S|10|SQ
9|26|39|164|206|73|4H|S|10|SQ
9|26|112|162|180|86|4H|S|10|SQ
9|26|111|166|139|57|4SX|E|8|DK
9|26|83|290|224|316|4H|S|10|SQ
9|26|318|292|218|52|5CX|W|8|DJ
9|26|38|154|6|110|4H|S|10|SQ
9|26|188|312|160|31|4H|N|10|SJ
9|26|13|102|92|298|2H|S|10|SQ
9|26|297|77|187|174|4H|S|10|SQ
9|27|105|173|299|265|4H|N|11|SK
9|27|39|164|206|73|4H|N|10|SK
9|27|112|162|180|86|4H|N|10|SK
9|27|111|166|139|57|4H|N|10|D4
9|27|83|290|224|316|4H|N|11|SQ
9|27|318|292|218|52|4H|N|11|SQ
9|27|38|154|6|110|4H|N|11|SK
9|27|188|312|160|31|4H|N|10|C8
9|27|13|102|92|298|4H|N|11|SQ
9|27|297|77|187|174|4H|N|11|SQ
9|28|105|173|299|265|6C|S|13|S2
9|28|39|164|206|73|6C|S|13|C3
9|28|112|162|180|86|6C|S|13|HJ
9|28|111|166|139|57|3N|S|13|S2
9|28|83|290|224|316|3N|S|12|S2
9|28|318|292|218|52|6H|N|13|C2
9|28|38|154|6|110|6C|S|13|H2
9|28|188|312|160|31|6C|S|13|S6
9|28|13|102|92|298|3SX|E|5|CA
9|28|297|77|187|174|6C|S|12|S2
9|29|105|173|299|265|4S|N|11|H6
9|29|39|164|206|73|4S|N|8|DQ
9|29|112|162|180|86|4S|N|10|DQ
9|29|111|166|139|57|4S|N|10|DQ
9|29|83|290|224|316|4S|N|8|DJ
9|29|318|292|218|52|4S|S|10|H9
9|29|38|154|6|110|4S|N|7|H6
9|29|188|312|160|31|4S|S|9|HT
9|29|13|102|92|298|4S|S|10|DA
9|29|297|77|187|174|4S|N|9|DQ
9|3|105|173|299|265|2H|S|10|H5
9|3|39|182|206|78|2H|S|10|H2
9|3|112|162|180|86|2H|S|10|H2
9|3|111|166|139|57|2H|S|10|D9
9|3|281|290|232|316|3C|S|9|D9
9|3|318|292|218|52|2H|S|9|SJ
9|3|312|154|31|110|1N|S|9|C6
9|3|188|75|160|222|2H|S|9|S4
9|3|13|8|92|254|2H|S|10|H2
9|3|297|77|187|174|2N|N|8|D4
9|30|105|173|299|265|4S|N|12|DJ
9|30|39|164|206|73|4S|N|11|DJ
9|30|112|162|180|86|3N|S|12|HT
9|30|111|166|139|57|3N|S|12|HT
9|30|83|290|224|316|3N|S|12|HT
9|30|318|292|218|52|4HX|E|6|D5
9|30|38|154|6|110|4S|N|11|DJ
9|30|188|312|160|31|4S|N|12|DJ
9|30|13|102|92|298|3N|S|12|HT
9|30|297|77|187|174|5D|S|12|HT
9|31|105|173|299|265|1N|W|8|D3
9|31|39|164|206|73|1N|E|7|ST
9|31|112|162|180|86|1N|W|7|D3
9|31|111|166|139|57|2S|E|9|CK
9|31|83|290|224|316|2C|S|7|SK
9|31|318|292|218|52|1N|W|7|D2
9|31|38|154|6|110|2N|W|8|D3
9|31|188|312|160|31|1N|W|8|D3
9|31|13|102|92|298|1N|W|8|D3
9|31|297|77|187|174|2N|W|7|D3
9|32|105|173|299|265|2D|S|8|CA
9|32|39|164|206|73|2N|S|7|DJ
9|32|112|162|180|86|4S|N|9|HK
9|32|111|166|139|57|3D|S|8|H3
9|32|83|290|224|316|4S|N|9|C3
9|32|318|292|218|52|4S|N|9|HQ
9|32|38|154|6|110|2N|S|8|H2
9|32|188|312|160|31|2N|S|8|H2
9|32|13|102|92|298|4S|N|10|HQ
9|32|297|77|187|174|4S|N|10|D8
9|4|105|173|299|265|5CX|N|9|ST
9|4|39|182|206|78|3S|W|10|CA
9|4|112|162|180|86|5C|N|9|DA
9|4|111|166|139|57|4S|E|10|C8
9|4|281|290|232|316|3S|W|9|CK
9|4|318|292|218|52|4S|W|10|CK
9|4|312|154|31|110|4S|W|9|CK
9|4|188|75|160|222|3S|W|10|CK
9|4|13|8|92|254|5C|N|8|DK
9|4|297|77|187|174|5CX|N|8|ST
9|5|105|173|299|265|3N|E|7|D2
9|5|39|182|206|78|4S|W|11|DK
9|5|112|162|180|86|2S|W|11|DQ
9|5|111|166|139|57|4S|W|11|DK
9|5|281|290|232|316|3S|W|9|CT
9|5|318|292|218|52|4S|W|11|DK
9|5|312|154|31|110|4S|W|11|DK
9|5|188|75|160|222|4S|W|10|DK
9|5|13|8|92|254|4S|W|11|CT
9|5|297|77|187|174|3N|E|7|D2
9|6|105|173|299|265|4S|E|9|HK
9|6|39|182|206|78|4HX|S|10|SA
9|6|112|162|180|86|5HX|N|9|H3
9|6|111|166|139|57|3S|E|9|HK
9|6|281|290|232|316|4S|E|9|H8
9|6|318|292|218|52|4HX|N|10|H3
9|6|312|154|31|110|5HX|N|10|SQ
9|6|188|75|160|222|3S|E|9|HK
9|6|13|8|92|254|3H|S|10|SK
9|6|297|77|187|174|3S|E|9|H8
9|7|105|173|299|265|5DX|E|9|SK
9|7|39|182|206|78|5DX|E|9|SK
9|7|112|162|180|86|4D|E|9|SK
9|7|111|166|139|57|3N|W|8|H5
9|7|281|290|232|316|2H|N|8|CQ
9|7|318|292|218|52|3D|E|9|SK
9|7|312|154|31|110|3D|E|9|SK
9|7|188|75|160|222|3D|E|9|SK
9|7|13|8|92|254|2D|E|9|SK
9|7|297|77|187|174|4D|E|9|SK
9|8|105|173|299|265|2S|E|8|HQ
9|8|39|182|206|78|2S|E|8|DK
9|8|112|162|180|86|2S|W|8|C2
9|8|111|166|139|57|3C|N|11|C6
9|8|281|290|232|316|3S|W|8|S7
9|8|318|292|218|52|2S|E|8|DK
9|8|312|154|31|110|2S|E|8|DK
9|8|188|75|160|222|1N|W|7|C2
9|8|13|8|92|254|1N|W|8|C7
9|8|297|77|187|174|1N|W|7|HJ
9|9|105|173|299|265|3N|N|9|S4
9|9|39|182|206|78|3N|N|9|S4
9|9|112|162|180|86|3N|S|9|D6
9|9|111|166|139|57|4HX|W|7|DJ
9|9|281|290|232|316|3N|N|10|S2
9|9|318|292|218|52|3C|S|9|D3
9|9|312|154|31|110|2H|N|7|D4
9|9|188|75|160|222|3N|N|9|S4
9|9|13|8|92|254|3C|S|9|D3
9|9|297|77|187|174|4H|N|7|D5
