1|1|239|17|289|16|6CX|S|9|SA
1|1|34|172|203|50|5S|E|10|HK
1|1|10|233|24|229|5S|E|10|HK
1|1|220|260|278|315|5HX|S|10|C2
1|1|296|168|37|186|6S|E|10|CA
1|1|208|194|99|311|4S|E|11|S3
1|1|170|106|184|82|5S|E|11|S3
1|1|249|314|54|247|4S|E|10|HK
1|1|80|44|49|161|5S|E|10|CK
1|1|237|308|212|211|5SX|E|10|CA
1|10|239|17|289|16|1N|W|7|S4
1|10|34|172|203|50|1N|W|7|S5
1|10|10|233|24|229|1N|W|6|S4
1|10|220|260|278|315|1N|E|6|DT
1|10|296|168|37|186|1N|E|6|D9
1|10|208|194|99|311|1N|E|6|DT
1|10|170|106|184|82|1N|E|6|DT
1|10|249|314|54|247|1N|E|6|DT
1|10|80|44|49|161|1N|W|7|S4
1|10|237|308|212|211|1N|E|6|DT
1|11|239|17|289|16|3D|W|7|D8
1|11|34|172|203|50|2H|E|6|C8
1|11|10|233|24|229|2H|E|7|D4
1|11|220|260|278|315|2H|E|7|C8
1|11|296|168|37|186|2H|E|6|C9
1|11|208|194|99|311|2H|E|6|C7
1|11|170|106|184|82|2N|N|7|S2
1|11|249|314|54|247|2H|E|7|C7
1|11|80|44|49|161|2HX|N|5|S2
1|11|237|308|212|211|1S|W|7|HT
1|12|239|17|289|16|1N|N|9|HK
1|12|34|172|203|50|1N|N|8|H7
1|12|10|233|24|229|4S|S|8|C8
1|12|220|260|278|315|3S|S|8|C8
1|12|296|168|37|186|4S|N|9|HQ
1|12|208|194|99|311|2S|S|8|C8
1|12|170|106|184|82|2S|S|8|C8
1|12|249|314|54|247|3NX|N|8|D6
1|12|80|44|49|161|2S|S|8|C8
1|12|237|308|212|211|1N|N|9|C2
1|13|239|17|289|16|3C|N|9|D9
1|13|34|172|203|50|4C|N|9|D7
1|13|10|233|24|229|3C|N|10|D6
1|13|220|260|278|315|2S|E|7|D5
1|13|296|168|37|186|3D|E|9|C9
1|13|208|194|99|311|3D|E|8|C5
1|13|170|106|184|82|2D|W|8|D4
1|13|249|314|54|247|1N|N|8|D7
1|13|80|44|49|161|3C|N|9|D9
1|13|237|308|212|211|2C|N|10|D7
1|14|239|17|289|16|4H|E|9|D3
1|14|34|172|203|50|4H|E|11|D3
1|14|10|233|24|229|4H|E|9|D3
1|14|220|260|278|315|3N|W|11|D6
1|14|296|168|37|186|4H|E|9|D3
1|14|208|194|99|311|4H|E|10|H2
1|14|170|106|184|82|4H|E|10|D3
1|14|249|314|54|247|4H|E|11|CA
1|14|80|44|49|161|3N|E|11|C2
1|14|237|308|212|211|3CX|S|6|S3
1|15|239|17|289|16|2H|W|7|H3
1|15|34|172|203|50|1N|W|5|S9
1|15|10|233|24|229|2S|N|10|CJ
1|15|220|260|278|315|1N|N|8|S6
1|15|296|168|37|186|1N|N|7|H8
1|15|208|194|99|311|1S|N|9|CJ
1|15|170|106|184|82|2N|N|7|S6
1|15|249|314|54|247|2N|N|7|S6
1|15|80|44|49|161|2S|N|10|H4
1|15|237|308|212|211|1N|W|6|H5
1|16|239|17|289|16|4S|E|12|HQ
1|16|34|172|203|50|4S|E|11|HQ
1|16|10|233|24|229|4S|E|11|DT
1|16|220|260|278|315|4S|E|11|HQ
1|16|296|168|37|186|4S|W|11|D7
1|16|208|194|99|311|4S|W|11|HK
1|16|170|106|184|82|4S|E|11|DT
1|16|249|314|54|247|4S|W|12|S3
1|16|80|44|49|161|4S|E|11|HQ
1|16|237|308|212|211|3N|W|12|C7
1|17|236|17|261|16|1N|W|6|C9
1|17|271|172|240|50|P||0
1|17|10|233|24|229|P||0
1|17|220|260|278|315|P||0
1|17|138|168|300|186|1N|E|9|C4
1|17|208|194|99|311|1N|E|8|S3
1|17|314|106|247|82|P||0
1|17|45|219|152|146|P||0
1|17|308|165|211|67|1N|N|7|S5
1|17|237|101|212|90|2S|E|8|S2
1|18|236|17|261|16|4S|E|11|HQ
1|18|271|172|240|50|4S|W|12|C2
1|18|10|233|24|229|4S|W|10|C2
1|18|220|260|278|315|6C|W|12|H5
1|18|138|168|300|186|4S|W|11|C2
1|18|208|194|99|311|4S|E|11|HQ
1|18|314|106|247|82|4S|E|11|HQ
1|18|45|219|152|146|4S|E|11|HQ
1|18|308|165|211|67|4S|W|10|C2
1|18|237|101|212|90|4S|E|11|HQ
1|19|236|17|261|16|4S|N|11|C6
1|19|271|172|240|50|6H|S|12|C4
1|19|10|233|24|229|6S|N|13|HQ
1|19|220|260|278|315|4S|N|11|D2
1|19|138|168|300|186|4H|S|12|S6
1|19|208|194|99|311|6H|S|12|C8
1|19|314|106|247|82|6H|S|12|D9
1|19|45|219|152|146|6S|N|13|D2
1|19|308|165|211|67|5H|S|11|S2
1|19|237|101|212|90|6H|S|12|D8
1|2|239|17|289|16|2N|W|8|C2
1|2|34|172|203|50|3N|W|10|C7
1|2|10|233|24|229|3N|W|9|C2
1|2|220|260|278|315|2N|W|8|C7
1|2|296|168|37|186|3N|W|11|C2
1|2|208|194|99|311|3N|W|9|C7
1|2|170|106|184|82|2N|W|10|C7
1|2|249|314|54|247|3N|E|9|H5
1|2|80|44|49|161|3N|W|9|C7
1|2|237|308|212|211|2S|E|9|D4
1|20|236|17|261|16|1N|S|7|S2
1|20|271|172|240|50|3H|N|9|D4
1|20|10|233|24|229|3D|E|8|CA
1|20|220|260|278|315|1N|S|7|D3
1|20|138|168|300|186|4HX|N|8|DA
1|20|208|194|99|311|1N|S|9|S3
1|20|314|106|247|82|1N|S|9|H8
1|20|45|219|152|146|2H|N|8|S8
1|20|308|165|211|67|4H|N|8|C9
1|20|237|101|212|90|3H|N|8|C9
1|21|236|17|261|16|2S|S|8|CA
1|21|271|172|240|50|1N|S|6|CA
1|21|10|233|24|229|3D|N|9|H3
1|21|220|260|278|315|3S|S|9|CA
1|21|138|168|300|186|2S|S|8|CK
1|21|208|194|99|311|2S|S|8|CA
1|21|314|106|247|82|2S|S|8|CA
1|21|45|219|152|146|2S|N|8|CT
1|21|308|165|211|67|2S|S|8|CA
1|21|237|101|212|90|2S|S|8|CK
1|22|236|17|261|16|6N|S|12|C6
1|22|271|172|240|50|5D|S|13|SJ
1|22|10|233|24|229|6N|N|12|S7
1|22|220|260|278|315|6N|S|12|H8
1|22|138|168|300|186|6N|N|12|C3
1|22|208|194|99|311|6D|S|10|H4
1|22|314|106|247|82|6D|N|12|S5
1|22|45|219|152|146|6D|S|11|CA
1|22|308|165|211|67|6N|N|12|S5
1|22|237|101|212|90|6N|S|12|D6
1|23|236|17|261|16|5S|E|12|C6
1|23|271|172|240|50|4S|E|13|D4
1|23|10|233|24|229|6S|E|12|C6
1|23|220|260|278|315|4S|E|12|D5
1|23|138|168|300|186|5S|E|12|D4
1|23|208|194|99|311|5S|W|12|HJ
1|23|314|106|247|82|6S|W|12|D9
1|23|45|219|152|146|4S|E|12|SJ
1|23|308|165|211|67|5S|E|12|SJ
1|23|237|101|212|90|5S|E|12|C6
1|24|236|17|261|16|4S|E|9|H2
1|24|271|172|240|50|4S|E|10|C4
1|24|10|233|24|229|4S|E|9|H2
1|24|220|260|278|315|4H|W|8|D3
1|24|138|168|300|186|4S|E|10|C4
1|24|208|194|99|311|4S|W|9|HA
1|24|314|106|247|82|4S|W|7|HA
1|24|45|219|152|146|4S|E|10|C4
1|24|308|165|211|67|4S|E|10|C5
1|24|237|101|212|90|4S|E|10|C4
1|25|236|17|261|16|4S|N|10|DT
1|25|271|172|240|50|4S|N|10|HA
1|25|10|233|24|229|4S|N|9|HA
1|25|220|260|278|315|4S|N|9|DT
1|25|138|168|300|186|2S|N|10|D9
1|25|208|194|99|311|2S|S|11|HT
1|25|314|106|247|82|4S|N|10|HA
1|25|45|219|152|146|3S|S|9|D3
1|25|308|165|211|67|4S|N|10|DT
1|25|237|101|212|90|4S|N|10|C2
1|26|236|17|261|16|2S|S|9|S2
1|26|271|172|240|50|2S|S|10|C5
1|26|10|233|24|229|3D|W|7|HT
1|26|220|260|278|315|2S|S|10|C7
1|26|138|168|300|186|3D|W|7|HT
1|26|208|194|99|311|3D|E|8|CJ
1|26|314|106|247|82|4S|S|10|C5
1|26|45|219|152|146|3S|S|10|C7
1|26|308|165|211|67|1S|S|10|C5
1|26|237|101|212|90|2S|S|9|D5
1|27|236|17|261|16|3D|N|9|CJ
1|27|271|172|240|50|2H|W|9|H4
1|27|10|233|24|229|3H|E|9|H5
1|27|220|260|278|315|3H|W|9|D2
1|27|138|168|300|186|3C|N|10|HT
1|27|208|194|99|311|3H|E|9|H5
1|27|314|106|247|82|3H|E|8|H5
1|27|45|219|152|146|3C|N|9|S5
1|27|308|165|211|67|3H|E|9|C2
1|27|237|101|212|90|3H|E|8|H7
1|28|236|17|261|16|2N|E|5|S6
1|28|271|172|240|50|3C|W|9|H4
1|28|10|233|24|229|3H|N|9|C6
1|28|220|260|278|315|3C|W|9|HT
1|28|138|168|300|186|3C|W|9|H3
1|28|208|194|99|311|2H|N|9|C5
1|28|314|106|247|82|2S|E|8|HA
1|28|45|219|152|146|3C|E|9|S5
1|28|308|165|211|67|4C|E|9|HA
1|28|237|101|212|90|3H|N|9|S2
1|29|236|17|261|16|4S|E|10|C2
1|29|271|172|240|50|4S|W|9|H3
1|29|10|233|24|229|3N|W|9|H2
1|29|220|260|278|315|4S|W|10|DJ
1|29|138|168|300|186|4S|W|11|H3
1|29|208|194|99|311|3S|W|10|D2
1|29|314|106|247|82|5C|E|8|H7
1|29|45|219|152|146|4S|W|10|CQ
1|29|308|165|211|67|3N|W|8|DJ
1|29|237|101|212|90|4S|W|10|CQ
1|3|239|17|289|16|1NX|S|4|DQ
1|3|34|172|203|50|3D|W|10|C8
1|3|10|233|24|229|2N|S|5|DQ
1|3|220|260|278|315|3D|W|9|C2
1|3|296|168|37|186|4D|W|10|C7
1|3|208|194|99|311|1N|S|5|DQ
1|3|170|106|184|82|2S|S|8|CQ
1|3|249|314|54|247|2N|S|5|DQ
1|3|80|44|49|161|2S|S|8|CQ
1|3|237|308|212|211|1NX|S|5|DQ
1|30|236|17|261|16|2D|E|9|C2
1|30|271|172|240|50|2D|E|9|C2
1|30|10|233|24|229|4C|N|8|D8
1|30|220|260|278|315|4C|N|9|SK
1|30|138|168|300|186|3N|W|5|CK
1|30|208|194|99|311|3D|W|8|CK
1|30|314|106|247|82|3D|W|9|CK
1|30|45|219|152|146|4D|E|9|C2
1|30|308|165|211|67|2S|W|9|CK
1|30|237|101|212|90|3D|W|9|CK
1|31|236|17|261|16|2SX|W|5|HA
1|31|271|172|240|50|3N|N|8|S7
1|31|10|233|24|229|2SX|W|6|HA
1|31|220|260|278|315|2SX|W|6|HA
1|31|138|168|300|186|2SX|W|5|HA
1|31|208|194|99|311|2S|W|6|HA
1|31|314|106|247|82|3N|N|8|S7
1|31|45|219|152|146|2SX|W|5|HA
1|31|308|165|211|67|2SX|W|6|HA
1|31|237|101|212|90|2SX|W|6|DQ
1|32|236|17|261|16|2C|E|9|S4
1|32|271|172|240|50|2H|N|5|SK
1|32|10|233|24|229|3C|E|8|S4
1|32|220|260|278|315|3N|E|8|HA
1|32|138|168|300|186|1N|E|7|C6
1|32|208|194|99|311|1N|E|8|HA
1|32|314|106|247|82|3C|E|8|D2
1|32|45|219|152|146|2S|W|7|CJ
1|32|308|165|211|67|3N|E|6|D2
1|32|237|101|212|90|2S|W|7|DQ
1|4|239|17|289|16|4S|E|10|DA
1|4|34|172|203|50|4S|E|10|CJ
1|4|10|233|24|229|4S|E|10|CJ
1|4|220|260|278|315|4S|E|10|CJ
1|4|296|168|37|186|4S|E|10|CJ
1|4|208|194|99|311|4S|E|10|CJ
1|4|170|106|184|82|4S|E|10|DA
1|4|249|314|54|247|4S|E|10|CJ
1|4|80|44|49|161|4S|E|10|CJ
1|4|237|308|212|211|4S|W|10|D2
1|5|239|17|289|16|5D|S|11|C2
1|5|34|172|203|50|3N|S|10|C2
1|5|10|233|24|229|3N|S|11|C2
1|5|220|260|278|315|3N|S|9|C2
1|5|296|168|37|186|3N|S|12|C6
1|5|208|194|99|311|3N|S|10|C2
1|5|170|106|184|82|3N|S|11|C2
1|5|249|314|54|247|3N|S|10|C2
1|5|80|44|49|161|3N|S|9|C2
1|5|237|308|212|211|3N|S|9|C2
1|6|239|17|289|16|4S|S|10|DA
1|6|34|172|203|50|4S|S|10|DA
1|6|10|233|24|229|4S|S|10|DA
1|6|220|260|278|315|3N|S|10|S6
1|6|296|168|37|186|4S|S|10|DK
1|6|208|194|99|311|4S|S|10|DA
1|6|170|106|184|82|3N|N|10|C3
1|6|249|314|54|247|3N|S|9|H5
1|6|80|44|49|161|3N|N|9|H3
1|6|237|308|212|211|3N|N|9|D3
1|7|239|17|289|16|3N|W|8|SQ
1|7|34|172|203|50|3N|W|8|SQ
1|7|10|233|24|229|2S|N|10|D8
1|7|220|260|278|315|3D|W|9|SQ
1|7|296|168|37|186|4H|E|9|D2
1|7|208|194|99|311|4SX|N|9|D8
1|7|170|106|184|82|3D|W|10|CA
1|7|249|314|54|247|3N|E|7|S6
1|7|80|44|49|161|3N|W|8|SQ
1|7|237|308|212|211|3N|E|7|S4
1|8|239|17|289|16|4S|W|12|DK
1|8|34|172|203|50|5HX|N|8|SJ
1|8|10|233|24|229|4S|E|11|HA
1|8|220|260|278|315|4S|E|10|HA
1|8|296|168|37|186|5C|W|11|HQ
1|8|208|194|99|311|3S|E|10|HA
1|8|170|106|184|82|4H|E|10|HA
1|8|249|314|54|247|4S|W|11|HQ
1|8|80|44|49|161|4S|E|10|D2
1|8|237|308|212|211|3N|W|10|H4
1|9|239|17|289|16|3H|W|7|C3
1|9|34|172|203|50|3D|E|11|D2
1|9|10|233|24|229|4C|S|8|DJ
1|9|220|260|278|315|2D|E|11|D2
1|9|296|168|37|186|3N|E|9|C7
1|9|208|194|99|311|2D|E|9|H8
1|9|170|106|184|82|2D|E|11|D2
1|9|249|314|54|247|5D|E|11|D2
1|9|80|44|49|161|3D|E|11|D2
1|9|237|308|212|211|3N|E|9|C6
2|1|124|236|179|261|2H|W|10|C4
2|1|239|220|289|278|3H|W|10|C4
2|1|208|302|99|136|3H|W|11|S2
2|1|10|168|24|186|3H|W|10|S2
2|1|249|138|54|300|3H|W|10|D3
2|1|296|106|37|82|3H|E|10|HA
2|1|165|170|67|184|3H|W|10|S5
2|1|314|44|247|161|2H|W|10|D7
2|1|34|101|203|90|4H|W|11|D7
2|1|80|271|49|240|2D|W|7|S5
2|10|124|236|179|261|2H|W|8|D8
2|10|239|220|289|278|2S|N|8|C6
2|10|208|302|99|136|2S|N|9|C8
2|10|10|168|24|186|2S|S|8|CJ
2|10|249|138|54|300|2H|E|7|S6
2|10|296|106|37|82|2S|S|8|CQ
2|10|165|170|67|184|2S|N|11|C6
2|10|314|44|247|161|2H|W|7|CA
2|10|34|101|203|90|2S|S|8|H3
2|10|80|271|49|240|1N|W|7|CA
2|11|124|236|179|261|6C|W|12|HT
2|11|239|220|289|278|3N|W|11|H9
2|11|208|302|99|136|5C|E|12|H3
2|11|10|168|24|186|3N|W|11|HT
2|11|249|138|54|300|5C|W|12|HT
2|11|296|106|37|82|6C|W|12|DQ
2|11|165|170|67|184|6C|W|12|H5
2|11|314|44|247|161|3N|E|11|SQ
2|11|34|101|203|90|3N|W|11|HT
2|11|80|271|49|240|6N|W|11|HT
2|12|124|236|179|261|4S|N|10|HT
2|12|239|220|289|278|4S|N|11|D3
2|12|208|302|99|136|4S|N|11|D7
2|12|10|168|24|186|4S|N|11|D7
2|12|249|138|54|300|4S|N|10|HT
2|12|296|106|37|82|3N|S|11|DQ
2|12|165|170|67|184|4S|N|10|D3
2|12|314|44|247|161|4S|N|11|D3
2|12|34|101|203|90|4S|N|12|H9
2|12|80|271|49|240|4S|N|11|D7
2|13|124|236|179|261|2HX|S|7|S3
2|13|239|220|289|278|5S|E|11|H3
2|13|208|302|99|136|4S|W|11|H2
2|13|10|168|24|186|6C|E|11|H3
2|13|249|138|54|300|4S|E|11|CJ
2|13|296|106|37|82|4S|E|11|CJ
2|13|165|170|67|184|5C|E|12|D6
2|13|314|44|247|161|6S|E|11|H4
2|13|34|101|203|90|5S|W|11|H8
2|13|80|271|49|240|2H|S|8|D3
2|14|124|236|179|261|3N|N|10|C9
2|14|239|220|289|278|3N|S|10|S5
2|14|208|302|99|136|3N|S|10|S7
2|14|10|168|24|186|2CX|E|5|SA
2|14|249|138|54|300|3N|S|9|S5
2|14|296|106|37|82|3N|N|10|CT
2|14|165|170|67|184|3N|S|10|S5
2|14|314|44|247|161|3N|N|11|S8
2|14|34|101|203|90|3N|N|10|CT
2|14|80|271|49|240|3N|N|10|C9
2|15|124|236|179|261|2N|N|9|C3
2|15|239|220|289|278|3N|N|10|C7
2|15|208|302|99|136|3N|N|8|D2
2|15|10|168|24|186|1NX|W|5|CA
2|15|249|138|54|300|2N|N|8|D2
2|15|296|106|37|82|1NX|W|5|CA
2|15|165|170|67|184|2N|N|7|D3
2|15|314|44|247|161|3N|N|9|C7
2|15|34|101|203|90|1NX|W|5|CA
2|15|80|271|49|240|2CX|E|5|C2
2|16|124|236|179|261|3C|N|11|HA
2|16|239|220|289|278|4S|N|10|HA
2|16|208|302|99|136|5C|N|11|HA
2|16|10|168|24|186|5C|N|11|HK
2|16|249|138|54|300|4C|S|11|H2
2|16|296|106|37|82|5C|N|11|HK
2|16|165|170|67|184|4S|N|10|HK
2|16|314|44|247|161|2S|N|10|CA
2|16|34|101|203|90|5C|N|11|HK
2|16|80|271|49|240|5C|N|11|HA
2|17|124|172|179|50|3HX|N|7|H5
2|17|239|233|289|229|5C|E|11|H2
2|17|208|260|99|315|5C|W|12|HA
2|17|10|168|24|186|5C|E|12|H2
2|17|45|296|152|37|5C|E|13|SK
2|17|138|106|300|82|4HX|N|7|H5
2|17|237|314|212|247|4HX|N|7|H4
2|17|170|44|184|161|4S|E|8|H3
2|17|17|101|16|90|4HX|N|7|H4
2|17|308|271|211|240|4S|E|6|H3
2|18|124|172|179|50|2H|E|9|D3
2|18|239|233|289|229|2H|E|9|D3
2|18|208|260|99|315|2SX|W|8|DA
2|18|10|168|24|186|2S|W|7|DA
2|18|45|296|152|37|2H|E|9|D3
2|18|138|106|300|82|2H|W|9|DA
2|18|237|314|212|247|1N|E|7|H5
2|18|170|44|184|161|2S|W|7|DA
2|18|17|101|16|90|2H|E|9|SJ
2|18|308|271|211|240|2H|E|8|SJ
2|19|124|172|179|50|P||0
2|19|239|233|289|229|1N|W|7|HT
2|19|208|260|99|315|2H|N|6|H4
2|19|10|168|24|186|P||0
2|19|45|296|152|37|3C|E|9|HK
2|19|138|106|300|82|P||0
2|19|237|314|212|247|1N|E|7|HK
2|19|170|44|184|161|1N|W|7|H9
2|19|17|101|16|90|P||0
2|19|308|271|211|240|3S|E|8|HK
2|2|124|236|179|261|4S|W|10|H3
2|2|239|220|289|278|4S|E|10|H7
2|2|208|302|99|136|4S|W|10|DT
2|2|10|168|24|186|4S|E|10|H7
2|2|249|138|54|300|4S|W|10|DT
2|2|296|106|37|82|4S|W|11|CA
2|2|165|170|67|184|4S|W|10|DT
2|2|314|44|247|161|4S|W|10|H2
2|2|34|101|203|90|4S|W|10|DT
2|2|80|271|49|240|4S|E|10|H4
2|20|124|172|179|50|3C|N|10|HK
2|20|239|233|289|229|4D|N|11|HK
2|20|208|260|99|315|4S|N|9|HK
2|20|10|168|24|186|5D|N|11|HQ
2|20|45|296|152|37|5D|S|11|H5
2|20|138|106|300|82|4S|N|9|HK
2|20|237|314|212|247|3N|N|9|HK
2|20|170|44|184|161|3N|N|9|HK
2|20|17|101|16|90|3N|N|9|HQ
2|20|308|271|211|240|4S|N|8|HK
2|21|124|172|179|50|3N|S|7|C4
2|21|239|233|289|229|3N|S|9|C4
2|21|208|260|99|315|3N|S|6|HJ
2|21|10|168|24|186|2NX|S|8|HJ
2|21|45|296|152|37|3N|S|9|C4
2|21|138|106|300|82|3N|S|9|C4
2|21|237|314|212|247|3N|S|5|C4
2|21|170|44|184|161|3N|S|9|C4
2|21|17|101|16|90|3N|S|6|C4
2|21|308|271|211|240|3N|S|10|C2
2|22|124|172|179|50|6C|W|12|HJ
2|22|239|233|289|229|3N|E|12|H5
2|22|208|260|99|315|6C|W|12|HJ
2|22|10|168|24|186|3N|E|12|SJ
2|22|45|296|152|37|6N|E|12|SJ
2|22|138|106|300|82|3N|E|12|SJ
2|22|237|314|212|247|6C|W|12|HJ
2|22|170|44|184|161|3N|E|12|H4
2|22|17|101|16|90|6N|E|12|SJ
2|22|308|271|211|240|6N|E|12|SJ
2|23|124|172|179|50|4S|S|9|CA
2|23|239|233|289|229|2S|S|9|CA
2|23|208|260|99|315|3S|S|9|CA
2|23|10|168|24|186|2N|N|9|CT
2|23|45|296|152|37|2S|S|9|CA
2|23|138|106|300|82|2S|S|9|CA
2|23|237|314|212|247|2S|S|11|HQ
2|23|170|44|184|161|2S|S|9|CA
2|23|17|101|16|90|3S|S|10|CK
2|23|308|271|211|240|3S|S|10|CA
2|24|124|172|179|50|5C|W|9|SA
2|24|239|233|289|229|5SX|N|11|CQ
2|24|208|260|99|315|6S|S|11|CA
2|24|10|168|24|186|4S|N|10|CJ
2|24|45|296|152|37|4S|N|11|CQ
2|24|138|106|300|82|6CX|W|8|SA
2|24|237|314|212|247|5CX|W|9|C3
2|24|170|44|184|161|4S|N|10|CQ
2|24|17|101|16|90|5S|N|11|CJ
2|24|308|271|211|240|4S|N|10|CQ
2|25|124|172|179|50|3C|W|8|DQ
2|25|239|233|289|229|2H|E|8|S4
2|25|208|260|99|315|1S|N|6|C6
2|25|10|168|24|186|1N|W|8|DQ
2|25|45|296|152|37|2C|W|8|CT
2|25|138|106|300|82|2S|N|6|C9
2|25|237|314|212|247|2H|E|8|S4
2|25|170|44|184|161|2H|E|9|S2
2|25|17|101|16|90|2C|W|7|DQ
2|25|308|271|211|240|2H|E|9|S2
2|26|124|172|179|50|2D|N|9|HA
2|26|239|233|289|229|3H|W|7|SK
2|26|208|260|99|315|2D|N|7|HA
2|26|10|168|24|186|3D|N|9|HA
2|26|45|296|152|37|2S|N|7|HA
2|26|138|106|300|82|2D|N|7|HA
2|26|237|314|212|247|3D|N|9|HA
2|26|170|44|184|161|2S|E|5|D3
2|26|17|101|16|90|2S|N|7|HK
2|26|308|271|211|240|4S|E|6|H9
2|27|124|172|179|50|4H|W|7|DA
2|27|239|233|289|229|4H|W|8|DA
2|27|208|260|99|315|4C|W|9|DA
2|27|10|168|24|186|3D|N|10|C5
2|27|45|296|152|37|3C|W|8|S6
2|27|138|106|300|82|3C|W|10|S6
2|27|237|314|212|247|3D|N|8|C2
2|27|170|44|184|161|3N|W|6|S5
2|27|17|101|16|90|3N|W|5|S5
2|27|308|271|211|240|4S|E|7|D2
2|28|124|172|179|50|3N|N|9|C3
2|28|239|233|289|229|3N|N|10|D9
2|28|208|260|99|315|2H|W|5|CK
2|28|10|168|24|186|2S|S|9|DA
2|28|45|296|152|37|3N|S|9|C4
2|28|138|106|300|82|2S|S|9|DA
2|28|237|314|212|247|2S|S|9|H3
2|28|170|44|184|161|3N|N|9|D5
2|28|17|101|16|90|2S|S|8|S2
2|28|308|271|211|240|3N|N|9|D5
2|29|124|172|179|50|2S|E|9|H7
2|29|239|233|289|229|3S|W|9|CA
2|29|208|260|99|315|3H|N|9|D8
2|29|10|168|24|186|4H|N|9|D8
2|29|45|296|152|37|4S|W|9|CA
2|29|138|106|300|82|4S|W|8|HT
2|29|237|314|212|247|4S|W|10|D5
2|29|170|44|184|161|3S|W|8|CA
2|29|17|101|16|90|3H|N|9|C5
2|29|308|271|211|240|4S|W|8|D6
2|3|124|236|179|261|3N|E|8|H3
2|3|239|220|289|278|3NX|E|9|H6
2|3|208|302|99|136|3N|E|9|H6
2|3|10|168|24|186|4C|W|10|H9
2|3|249|138|54|300|3N|E|9|H6
2|3|296|106|37|82|3N|E|9|C9
2|3|165|170|67|184|3N|E|7|S2
2|3|314|44|247|161|3N|E|8|C9
2|3|34|101|203|90|3N|E|9|H7
2|3|80|271|49|240|3N|E|9|HT
2|30|124|172|179|50|6C|E|13|H3
2|30|239|233|289|229|6HX|N|9|CA
2|30|208|260|99|315|7C|E|13|C9
2|30|10|168|24|186|7C|E|12|H6
2|30|45|296|152|37|6C|E|13|S3
2|30|138|106|300|82|5C|E|12|H3
2|30|237|314|212|247|5C|E|12|H3
2|30|170|44|184|161|6HX|N|9|CK
2|30|17|101|16|90|5C|E|13|C9
2|30|308|271|211|240|6HX|N|9|CA
2|31|124|172|179|50|4H|S|9|SQ
2|31|239|233|289|229|4HX|S|10|SQ
2|31|208|260|99|315|3H|S|9|SQ
2|31|10|168|24|186|2S|W|7|DK
2|31|45|296|152|37|3H|S|9|CA
2|31|138|106|300|82|1N|S|7|D5
2|31|237|314|212|247|4HX|S|9|CA
2|31|170|44|184|161|2S|E|7|CQ
2|31|17|101|16|90|4H|S|9|SQ
2|31|308|271|211|240|3H|S|9|CA
2|32|124|172|179|50|3N|E|10|HJ
2|32|239|233|289|229|3N|W|11|S4
2|32|208|260|99|315|4C|W|9|S4
2|32|10|168|24|186|3N|W|10|S4
2|32|45|296|152|37|3N|W|11|C4
2|32|138|106|300|82|3N|W|11|C4
2|32|237|314|212|247|3N|E|9|H3
2|32|170|44|184|161|3N|W|10|S2
2|32|17|101|16|90|3N|W|11|H7
2|32|308|271|211|240|3N|W|11|C5
2|4|124|236|179|261|3S|N|8|C9
2|4|239|220|289|278|3S|N|8|S3
2|4|208|302|99|136|4S|N|10|DA
2|4|10|168|24|186|3S|N|9|C9
2|4|249|138|54|300|3S|N|10|C9
2|4|296|106|37|82|3S|N|8|CT
2|4|165|170|67|184|3S|N|8|CT
2|4|314|44|247|161|3S|N|10|D2
2|4|34|101|203|90|3S|N|8|S3
2|4|80|271|49|240|3S|N|8|C9
2|5|124|236|179|261|3C|N|10|SQ
2|5|239|220|289|278|2S|E|7|DJ
2|5|208|302|99|136|5C|N|10|SQ
2|5|10|168|24|186|3H|W|8|DK
2|5|249|138|54|300|3C|N|10|SQ
2|5|296|106|37|82|2H|E|9|S6
2|5|165|170|67|184|4H|W|8|DK
2|5|314|44|247|161|3C|N|10|SQ
2|5|34|101|203|90|3C|N|9|SJ
2|5|80|271|49|240|3C|N|9|SQ
2|6|124|236|179|261|6D|E|12|CJ
2|6|239|220|289|278|3N|W|12|H5
2|6|208|302|99|136|6D|E|12|HT
2|6|10|168|24|186|6D|E|12|CJ
2|6|249|138|54|300|6N|E|12|DJ
2|6|296|106|37|82|6N|W|12|ST
2|6|165|170|67|184|6D|E|12|S7
2|6|314|44|247|161|3N|W|12|H5
2|6|34|101|203|90|6D|E|12|CJ
2|6|80|271|49|240|3N|W|12|H5
2|7|124|236|179|261|2D|E|9|H6
2|7|239|220|289|278|3D|W|9|SK
2|7|208|302|99|136|2D|E|10|H6
2|7|10|168|24|186|2S|W|9|HT
2|7|249|138|54|300|2S|W|9|HT
2|7|296|106|37|82|2S|W|8|HT
2|7|165|170|67|184|2S|W|8|HT
2|7|314|44|247|161|3C|N|9|HA
2|7|34|101|203|90|1N|E|6|C5
2|7|80|271|49|240|4SX|E|7|H4
2|8|124|236|179|261|1N|N|6|H2
2|8|239|220|289|278|1NX|N|6|H4
2|8|208|302|99|136|1N|N|6|H4
2|8|10|168|24|186|3N|W|8|CQ
2|8|249|138|54|300|2C|N|6|SA
2|8|296|106|37|82|2N|N|5|H7
2|8|165|170|67|184|2S|W|10|HQ
2|8|314|44|247|161|1N|N|6|H4
2|8|34|101|203|90|1S|W|7|SQ
2|8|80|271|49|240|1N|N|6|H2
2|9|124|236|179|261|1S|S|5|HK
2|9|239|220|289|278|1N|N|8|D5
2|9|208|302|99|136|1S|S|5|HK
2|9|10|168|24|186|3D|S|7|HK
2|9|249|138|54|300|2D|S|6|C2
2|9|296|106|37|82|2D|N|6|H7
2|9|165|170|67|184|2D|S|6|HK
2|9|314|44|247|161|1S|S|5|C9
2|9|34|101|203|90|1S|S|4|C5
2|9|80|271|49|240|3D|S|6|HK
3|1|236|168|261|186|6S|E|11|H8
3|1|208|172|99|50|6D|W|12|HQ
3|1|260|249|315|54|3HX|S|6|CA
3|1|45|302|152|136|5N|W|11|C4
3|1|194|44|311|161|6S|E|11|C2
3|1|165|296|67|37|4S|E|11|C7
3|1|314|80|247|49|6S|E|11|C2
3|1|101|219|90|146|7SX|E|11|H2
3|1|124|34|179|203|6S|E|11|H8
3|1|271|220|240|278|6S|E|11|C2
3|10|236|168|261|186|5D|S|10|HQ
3|10|208|172|99|50|4H|W|10|SA
3|10|260|249|315|54|4D|S|10|HK
3|10|45|302|152|136|4S|S|8|HK
3|10|194|44|311|161|4D|S|10|HK
3|10|165|296|67|37|4H|W|10|H7
3|10|314|80|247|49|5D|S|10|CQ
3|10|101|219|90|146|3H|W|9|H7
3|10|124|34|179|203|3N|N|7|HA
3|10|271|220|240|278|3S|S|9|D8
3|11|236|168|261|186|6S|S|11|D5
3|11|208|172|99|50|6S|S|12|D6
3|11|260|249|315|54|4S|S|11|HQ
3|11|45|302|152|136|6S|S|11|D5
3|11|194|44|311|161|4S|S|12|D6
3|11|165|296|67|37|4S|S|11|HQ
3|11|314|80|247|49|5S|S|11|D6
3|11|101|219|90|146|4S|S|11|DJ
3|11|124|34|179|203|4S|S|11|HQ
3|11|271|220|240|278|5S|S|11|D6
3|12|236|168|261|186|2DX|W|9|HK
3|12|208|172|99|50|1N|N|4|D7
3|12|260|249|315|54|2D|E|8|C6
3|12|45|302|152|136|2D|E|8|C6
3|12|194|44|311|161|3N|W|9|C5
3|12|165|296|67|37|1N|N|4|D7
3|12|314|80|247|49|1N|N|3|D2
3|12|101|219|90|146|1N|N|4|D5
3|12|124|34|179|203|2D|W|8|HK
3|12|271|220|240|278|1N|N|5|D7
3|13|236|168|261|186|5CX|E|10|DT
3|13|208|172|99|50|5C|E|11|DT
3|13|260|249|315|54|5H|E|6|DT
3|13|45|302|152|136|5C|E|10|C7
3|13|194|44|311|161|4H|E|6|DT
3|13|165|296|67|37|4H|E|6|DT
3|13|314|80|247|49|5C|E|12|D9
3|13|101|219|90|146|5C|E|11|D9
3|13|124|34|179|203|3C|E|10|D5
3|13|271|220|240|278|3N|W|9|S5
3|14|236|168|261|186|4S|N|11|D7
3|14|208|172|99|50|4S|N|11|DJ
3|14|260|249|315|54|4S|N|11|DJ
3|14|45|302|152|136|4S|N|11|DJ
3|14|194|44|311|161|4S|N|11|H9
3|14|165|296|67|37|4S|N|11|DJ
3|14|314|80|247|49|4S|N|11|DT
3|14|101|219|90|146|4S|N|11|H4
3|14|124|34|179|203|4S|N|11|DJ
3|14|271|220|240|278|4S|N|11|DJ
3|15|236|168|261|186|6S|W|12|D4
3|15|208|172|99|50|5S|W|12|D5
3|15|260|249|315|54|4S|W|12|D5
3|15|45|302|152|136|6S|W|13|H2
3|15|194|44|311|161|2HX|N|7|CJ
3|15|165|296|67|37|4S|E|12|D8
3|15|314|80|247|49|4S|E|12|HA
3|15|101|219|90|146|4S|W|12|D4
3|15|124|34|179|203|4S|E|12|C6
3|15|271|220|240|278|4S|W|12|D5
3|16|236|168|261|186|1H|W|7|C8
3|16|208|172|99|50|2N|S|9|CK
3|16|260|249|315|54|1H|W|5|DJ
3|16|45|302|152|136|3C|W|9|C4
3|16|194|44|311|161|2C|W|10|C4
3|16|165|296|67|37|4C|W|10|DJ
3|16|314|80|247|49|4C|W|10|S2
3|16|101|219|90|146|3C|W|10|DT
3|16|124|34|179|203|3N|S|7|CA
3|16|271|220|240|278|3C|W|10|C4
3|17|236|168|261|186|3N|N|12|S2
3|17|208|239|99|289|3N|S|11|CJ
3|17|10|249|315|54|3N|S|11|CJ
3|17|106|302|82|136|3N|S|11|H7
3|17|194|237|311|212|3N|S|11|CJ
3|17|165|138|67|300|3N|S|11|H7
3|17|170|80|184|49|3N|S|11|H4
3|17|308|219|211|146|3N|N|12|S2
3|17|233|34|229|203|3HX|E|5|CA
3|17|17|220|16|278|3N|N|12|S6
3|18|236|168|261|186|3S|E|9|S2
3|18|208|239|99|289|3S|E|9|S2
3|18|10|249|315|54|2S|E|9|S2
3|18|106|302|82|136|3S|E|9|HQ
3|18|194|237|311|212|3S|E|9|CT
3|18|165|138|67|300|3S|E|9|S2
3|18|170|80|184|49|2S|E|9|HQ
3|18|308|219|211|146|3S|E|9|S3
3|18|233|34|229|203|3S|E|9|S2
3|18|17|220|16|278|1N|E|7|HQ
3|19|236|168|261|186|3C|W|10|DK
3|19|208|239|99|289|3C|W|9|S9
3|19|10|249|315|54|2S|S|8|CA
3|19|106|302|82|136|2S|S|8|CK
3|19|194|237|311|212|3C|W|9|S9
3|19|165|138|67|300|3C|W|9|S9
3|19|170|80|184|49|4C|W|9|S7
3|19|308|219|211|146|3S|S|8|CK
3|19|233|34|229|203|3H|N|8|C4
3|19|17|220|16|278|2S|S|8|H6
3|2|236|168|261|186|4H|N|9|DK
3|2|208|172|99|50|1N|N|8|H2
3|2|260|249|315|54|2N|S|8|H6
3|2|45|302|152|136|2N|N|9|SA
3|2|194|44|311|161|3D|E|9|HA
3|2|165|296|67|37|2H|S|7|D6
3|2|314|80|247|49|1N|N|8|D3
3|2|101|219|90|146|2N|N|8|H2
3|2|124|34|179|203|1N|N|8|H7
3|2|271|220|240|278|1N|N|8|H7
3|20|236|168|261|186|4SX|S|8|DK
3|20|208|239|99|289|3N|W|9|C5
3|20|10|249|315|54|3H|W|9|CA
3|20|106|302|82|136|4SX|S|7|DA
3|20|194|237|311|212|4H|W|9|CA
3|20|165|138|67|300|2S|N|8|D4
3|20|170|80|184|49|3S|S|8|DA
3|20|308|219|211|146|3H|W|9|S5
3|20|233|34|229|203|2N|E|10|SA
3|20|17|220|16|278|4HX|W|9|CA
3|21|236|168|261|186|5CX|W|10|HK
3|21|208|239|99|289|4S|S|10|CK
3|21|10|249|315|54|4S|S|10|CK
3|21|106|302|82|136|5C|W|9|HQ
3|21|194|237|311|212|3S|S|9|CK
3|21|165|138|67|300|4S|S|10
3|21|170|80|184|49|4S|S|10|CK
3|21|308|219|211|146|4S|N|10|C4
3|21|233|34|229|203|4S|S|10|CK
3|21|17|220|16|278|4S|S|9|CK
3|22|236|168|261|186|3N|S|11|H6
3|22|208|239|99|289|3N|N|11|D9
3|22|10|249|315|54|3N|N|11|D9
3|22|106|302|82|136|3N|N|11|S7
3|22|194|237|311|212|3N|N|11|SJ
3|22|165|138|67|300|3N|N|11|S9
3|22|170|80|184|49|3N|N|13|D6
3|22|308|219|211|146|3N|N|11|D9
3|22|233|34|229|203|5C|S|12|D5
3|22|17|220|16|278|3N|N|11|D6
3|23|236|168|261|186|5SX|N|10|HA
3|23|208|239|99|289|6D|W|12|SQ
3|23|10|249|315|54|6SX|N|10|HA
3|23|106|302|82|136|4SX|N|10|HA
3|23|194|237|311|212|6H|W|10|SQ
3|23|165|138|67|300|4SX|N|10|HA
3|23|170|80|184|49|6D|W|12|S6
3|23|308|219|211|146|4SX|N|10|HQ
3|23|233|34|229|203|4SX|N|10|HK
3|23|17|220|16|278|4H|W|10|SQ
3|24|236|168|261|186|4SX|S|9|D3
3|24|208|239|99|289|5HX|E|8|CK
3|24|10|249|315|54|5H|W|10|ST
3|24|106|302|82|136|4S|N|10|H7
3|24|194|237|311|212|5D|W|8|ST
3|24|165|138|67|300|5SX|S|9|D3
3|24|170|80|184|49|4SX|N|9|H8
3|24|308|219|211|146|5HX|E|8|CK
3|24|233|34|229|203|5HX|E|9|CK
3|24|17|220|16|278|5SX|S|9|D2
3|25|236|168|261|186|3N|E|8|H9
3|25|208|239|99|289|3N|E|9|H9
3|25|10|249|315|54|3N|E|10|DT
3|25|106|302|82|136|3N|E|11|ST
3|25|194|237|311|212|3N|E|8|H2
3|25|165|138|67|300|3N|E|9|DT
3|25|170|80|184|49|3N|E|9|DT
3|25|308|219|211|146|3N|E|7|H6
3|25|233|34|229|203|3N|E|9|H6
3|25|17|220|16|278|3N|E|10|DT
3|26|236|168|261|186|3N|E|11|CT
3|26|208|239|99|289|3N|E|12|CT
3|26|10|249|315|54|3N|E|11|CT
3|26|194|237|311|212|3N|E|11|CT
3|26|165|138|67|300|3N|E|10|H9
3|26|170|80|184|49|4N|E|11|CT
3|26|308|219|211|146|3N|E|12|C9
3|26|233|34|229|203|3N|E|11|CT
3|26|17|220|16|278|3N|E|12|CT
3|27|236|168|261|186|4HX|W|8|DQ
3|27|208|239|99|289|5D|S|10|SK
3|27|10|249|315|54|3C|N|9|S8
3|27|106|302|82|136|3D|S|9|SK
3|27|194|237|311|212|5CX|N|8|S8
3|27|165|138|67|300|5D|S|9|SK
3|27|170|80|184|49|3S|W|9|CQ
3|27|308|219|211|146|5DX|S|9|SK
3|27|233|34|229|203|3D|S|8|SK
3|27|17|220|16|278|3N|S|7|SK
3|28|236|168|261|186|3H|S|8|S5
3|28|208|239|99|289|3C|E|9|HA
3|28|10|249|315|54|3H|S|8|S2
3|28|106|302|82|136|3H|S|8|S5
3|28|194|237|311|212|3H|S|8|S2
3|28|165|138|67|300|2H|S|8|S5
3|28|170|80|184|49|3H|N|8|SK
3|28|308|219|211|146|4H|S|8|S5
3|28|233|34|229|203|3H|S|8|S2
3|28|17|220|16|278|2H|S|8|S2
3|29|236|168|261|186|5S|N|11|HA
3|29|208|239|99|289|6SX|N|11|HA
3|29|10|249|315|54|6SX|N|10|DK
3|29|106|302|82|136|5S|N|11|HA
3|29|194|237|311|212|6S|N|11|HA
3|29|165|138|67|300|7HX|E|10|S6
3|29|170|80|184|49|6S|N|11|HA
3|29|308|219|211|146|5H|E|10|C9
3|29|233|34|229|203|6SX|N|11|HA
3|29|17|220|16|278|6HX|E|10|C4
3|3|236|168|261|186|3HX|N|6|DK
3|3|208|172|99|50|3N|W|8|C3
3|3|260|249|315|54|3HX|S|7|SJ
3|3|45|302|152|136|3N|W|9|HK
3|3|194|44|311|161|3N|W|8|HK
3|3|165|296|67|37|3D|E|9|CT
3|3|314|80|247|49|2S|E|7|CT
3|3|101|219|90|146|3N|W|7|C3
3|3|124|34|179|203|3N|W|9|C6
3|3|271|220|240|278|3NX|W|9|HK
3|30|236|168|261|186|4DX|W|10|SQ
3|30|208|239|99|289|3N|W|7|HT
3|30|10|249|315|54|2S|E|5|H5
3|30|106|302|82|136|5DX|W|9|HT
3|30|194|237|311|212|3D|W|8|HT
3|30|165|138|67|300|3D|W|9|HT
3|30|170|80|184|49|3H|S|8|CQ
3|30|308|219|211|146|2S|E|7|C4
3|30|233|34|229|203|3H|S|7|HA
3|30|17|220|16|278|2N|N|7|S6
3|31|236|168|261|186|4SX|W|8|DQ
3|31|208|239|99|289|4S|W|9|DQ
3|31|10|249|315|54|4S|W|8|DQ
3|31|106|302|82|136|4SX|W|8|DQ
3|31|194|237|311|212|3N|E|7|CT
3|31|165|138|67|300|4S|W|7|DQ
3|31|170|80|184|49|4SX|W|8|DQ
3|31|308|219|211|146|3S|W|8|DQ
3|31|233|34|229|203|4SX|W|8|DQ
3|31|17|220|16|278|4S|W|8|DQ
3|32|236|168|261|186|3N|W|12|D5
3|32|208|239|99|289|6N|E|12|H9
3|32|10|249|315|54|6N|W|12|C4
3|32|106|302|82|136|6N|E|12|H9
3|32|194|237|311|212|6N|W|12|DA
3|32|165|138|67|300|3N|W|12|C4
3|32|170|80|184|49|6N|W|12|S4
3|32|308|219|211|146|5N|W|12|C4
3|32|233|34|229|203|3N|W|12|D7
3|32|17|220|16|278|6N|W|12|S7
3|4|236|168|261|186|2CX|W|5|CA
3|4|208|172|99|50|2S|E|5|HK
3|4|260|249|315|54|2S|E|5|HK
3|4|45|302|152|136|2S|E|7|HK
3|4|194|44|311|161|2C|N|7|D8
3|4|165|296|67|37|4H|N|7|D8
3|4|314|80|247|49|2S|E|5|HK
3|4|101|219|90|146|2CX|W|4|SQ
3|4|124|34|179|203|2S|E|6|HK
3|4|271|220|240|278|2H|S|8|D5
3|5|236|168|261|186|3H|N|8|CJ
3|5|208|172|99|50|3H|N|8|CQ
3|5|260|249|315|54|3H|N|8|CQ
3|5|45|302|152|136|3N|E|6|H6
3|5|194|44|311|161|2H|S|8|D3
3|5|165|296|67|37|2H|S|8|H2
3|5|314|80|247|49|3N|E|6|H6
3|5|101|219|90|146|3D|E|10|H7
3|5|124|34|179|203|3N|E|6|H6
3|5|271|220|240|278|3C|E|10|H6
3|6|236|168|261|186|4S|S|11|DK
3|6|208|172|99|50|4S|S|10|DA
3|6|260|249|315|54|4S|S|10|DA
3|6|45|302|152|136|4H|E|10|C7
3|6|194|44|311|161|4H|E|10|SA
3|6|165|296|67|37|4S|S|10|DA
3|6|314|80|247|49|4S|S|10|DK
3|6|101|219|90|146|4H|E|10|SA
3|6|124|34|179|203|4H|E|10|D7
3|6|271|220|240|278|4H|E|10|D7
3|7|236|168|261|186|3N|S|10|C3
3|7|208|172|99|50|3N|N|10|SQ
3|7|260|249|315|54|3N|N|10|S6
3|7|45|302|152|136|3N|N|10|SQ
3|7|194|44|311|161|3N|N|10|C8
3|7|165|296|67|37|3N|N|11|SQ
3|7|314|80|247|49|3N|N|11|C9
3|7|101|219|90|146|3N|N|10|S4
3|7|124|34|179|203|2D|S|11|SA
3|7|271|220|240|278|3N|N|10|S6
3|8|236|168|261|186|3CX|E|8|H4
3|8|208|172|99|50|3C|E|8|DT
3|8|260|249|315|54|3C|E|8|D2
3|8|45|302|152|136|2H|S|8|CT
3|8|194|44|311|161|4S|N|9|DA
3|8|165|296|67|37|3S|N|9|CK
3|8|314|80|247|49|3C|E|8|D9
3|8|101|219|90|146|3C|E|8|D9
3|8|124|34|179|203|3C|E|8|H4
3|8|271|220|240|278|1N|N|4|CK
3|9|236|168|261|186|4S|N|11|DT
3|9|208|172|99|50|4S|N|10|DT
3|9|260|249|315|54|4S|N|10|DT
3|9|45|302|152|136|4S|N|10|DT
3|9|194|44|311|161|4S|N|10|HA
3|9|165|296|67|37|4S|N|10|DT
3|9|314|80|247|49|4S|N|10|DT
3|9|101|219|90|146|4S|S|10|D7
3|9|124|34|179|203|4S|N|10|D9
3|9|271|220|240|278|4S|N|10|DT
4|1|249|239|54|289|3N|S|7|H2
4|1|264|272|263|127|3N|S|9|ST
4|1|117|260|67|315|2S|S|8|CK
4|1|10|165|228|161|2S|S|7|H5
4|1|308|296|211|37|3N|S|7|H5
4|1|138|101|300|90|4C|S|9|H5
4|1|34|219|203|70|3C|N|9|H8
4|1|314|17|247|16|3N|S|7|H5
4|1|220|168|278|186|3N|S|10|H2
4|1|96|233|210|229|1SX|E|5|DK
4|10|249|239|54|289|4H|W|12|CJ
4|10|264|272|263|127|4H|W|10|S6
4|10|117|260|67|315|4S|E|10|D2
4|10|10|165|228|161|3H|W|11|S6
4|10|308|296|211|37|4S|W|11|S2
4|10|138|101|300|90|4S|E|10|D3
4|10|34|219|203|70|3H|W|10|DT
4|10|314|17|247|16|4S|E|11|C7
4|10|220|168|278|186|4S|E|11|H6
4|10|96|233|210|229|3S|E|11|C5
4|11|249|239|54|289|1N|E|7|S6
4|11|264|272|263|127|2S|N|7|S9
4|11|117|260|67|315|1NX|N|7|H6
4|11|10|165|228|161|2S|S|7|S4
4|11|308|296|211|37|3C|W|8|SJ
4|11|138|101|300|90|3D|W|8|HA
4|11|34|219|203|70|1N|E|9|HJ
4|11|314|17|247|16|2S|N|6|H6
4|11|220|168|278|186|1S|N|7|H5
4|11|96|233|210|229|2S|N|7|H5
4|12|249|239|54|289|1N|E|5|HK
4|12|264|272|263|127|3C|S|10|CJ
4|12|117|260|67|315|1N|E|7|HK
4|12|10|165|228|161|2H|E|5|CA
4|12|308|296|211|37|1N|S|8|S4
4|12|138|101|300|90|3C|S|12|H6
4|12|34|219|203|70|2H|E|6|CK
4|12|314|17|247|16|2H|E|5|CA
4|12|220|168|278|186|3C|S|12|H5
4|12|96|233|210|229|2H|E|7|CA
4|13|249|239|54|289|4D|W|9|SK
4|13|264|272|263|127|3S|N|6|HA
4|13|117|260|67|315|2S|N|8|HA
4|13|10|165|228|161|2S|N|8|HA
4|13|308|296|211|37|3N|E|9|S4
4|13|138|101|300|90|2S|N|8|HK
4|13|34|219|203|70|3N|E|8|S4
4|13|314|17|247|16|3N|E|8|S4
4|13|220|168|278|186|3N|E|8|S4
4|13|96|233|210|229|3S|N|8|HA
4|14|249|239|54|289|1N|W|8|ST
4|14|264|272|263|127|5C|W|9|ST
4|14|117|260|67|315|2N|E|8|HJ
4|14|10|165|228|161|3S|N|7|DK
4|14|308|296|211|37|3S|N|8|DK
4|14|138|101|300|90|3N|E|7|S5
4|14|34|219|203|70|2S|N|8|DK
4|14|314|17|247|16|3S|N|8|DK
4|14|220|168|278|186|3D|W|10|C5
4|14|96|233|210|229|3S|N|7|DK
4|15|249|239|54|289|1N|N|9|ST
4|15|264|272|263|127|3N|N|9|HA
4|15|117|260|67|315|2N|S|9|C6
4|15|10|165|228|161|1N|N|8|S9
4|15|308|296|211|37|1N|N|9|S4
4|15|138|101|300|90|2N|N|9|S4
4|15|34|219|203|70|3N|S|8|C4
4|15|314|17|247|16|3N|S|9|C4
4|15|220|168|278|186|2HX|W|5|HQ
4|15|96|233|210|229|2N|N|9|ST
4|16|249|239|54|289|1N|S|8|S7
4|16|264|272|263|127|1D|W|4|HK
4|16|117|260|67|315|3N|S|8|SJ
4|16|10|165|228|161|3N|S|8|S3
4|16|308|296|211|37|3N|N|9|H2
4|16|138|101|300|90|3N|S|7|S3
4|16|34|219|203|70|2H|N|9|S5
4|16|314|17|247|16|3D|N|8|HJ
4|16|220|168|278|186|2H|N|9|C5
4|16|96|233|210|229|2N|N|9|C6
4|17|249|236|54|261|3H|W|9|S2
4|17|264|272|263|127|4H|E|9|SA
4|17|165|260|161|315|4S|N|8|H2
4|17|302|237|136|212|2S|N|8|H2
4|17|80|194|49|311|2S|N|8|H2
4|17|138|101|300|90|3H|W|9|S2
4|17|34|146|203|70|3H|E|9|SA
4|17|314|17|247|16|3S|S|7|S4
4|17|124|168|179|186|2H|E|9|C7
4|17|96|233|210|229|3S|N|8|H2
4|18|249|236|54|261|1D|E|9|HT
4|18|264|272|263|127|4H|W|9|SJ
4|18|165|260|161|315|4H|E|8|D8
4|18|302|237|136|212|1D|E|9|SK
4|18|80|194|49|311|4H|E|9|S8
4|18|138|101|300|90|2D|W|9|SJ
4|18|34|146|203|70|4H|E|10|CA
4|18|314|17|247|16|3D|W|9|HK
4|18|124|168|179|186|3N|E|8|SK
4|18|96|233|210|229|4H|W|9|SJ
4|19|249|236|54|261|5DX|S|9|S4
4|19|264|272|263|127|3D|S|10|C2
4|19|165|260|161|315|5DX|S|10|C5
4|19|302|237|136|212|4S|E|10|DA
4|19|80|194|49|311|1N|S|3|S4
4|19|138|101|300|90|2S|W|10|H6
4|19|34|146|203|70|3S|W|10|D6
4|19|314|17|247|16|1N|S|3|S2
4|19|124|168|179|186|2S|W|10|C4
4|19|96|233|210|229|3S|W|10|D2
4|2|249|239|54|289|4S|S|9|DA
4|2|264|272|263|127|5DX|W|8|CK
4|2|117|260|67|315|4S|S|9|HA
4|2|10|165|228|161|4S|S|9|DA
4|2|308|296|211|37|4S|S|9|DA
4|2|138|101|300|90|4S|S|11|C4
4|2|34|219|203|70|4S|S|9|DA
4|2|314|17|247|16|4S|S|9|DA
4|2|220|168|278|186|4S|S|9|HA
4|2|96|233|210|229|4S|S|12|C6
4|20|249|236|54|261|4S|N|9|SA
4|20|264|272|263|127|3N|N|6|H5
4|20|165|260|161|315|2N|N|10|H2
4|20|302|237|136|212|1S|N|9|H2
4|20|80|194|49|311|1S|N|9|H2
4|20|138|101|300|90|1S|N|9|C5
4|20|34|146|203|70|4S|S|9|C2
4|20|314|17|247|16|2S|S|9|S8
4|20|124|168|179|186|4S|S|9|H3
4|20|96|233|210|229|4S|N|9|H2
4|21|249|236|54|261|4S|N|11|CT
4|21|264|272|263|127|4S|N|11|CT
4|21|165|260|161|315|4S|N|11|CT
4|21|302|237|136|212|4S|N|12|DJ
4|21|80|194|49|311|4S|N|12|HJ
4|21|138|101|300|90|4S|N|11|CT
4|21|34|146|203|70|4S|N|12|HJ
4|21|314|17|247|16|4S|N|11|CT
4|21|124|168|179|186|6S|N|12|H5
4|21|96|233|210|229|6S|N|12|CT
4|22|249|236|54|261|6D|S|12|ST
4|22|264|272|263|127|6D|S|12|H4
4|22|165|260|161|315|6D|S|12|CT
4|22|302|237|136|212|5D|S|13|CT
4|22|80|194|49|311|6D|S|13|C2
4|22|138|101|300|90|6D|S|13|C9
4|22|34|146|203|70|3N|N|13|C3
4|22|314|17|247|16|6D|S|13|DT
4|22|124|168|179|186|6D|S|13|C9
4|22|96|233|210|229|6D|S|13|D7
4|23|249|236|54|261|3H|N|9|SQ
4|23|264|272|263|127|4S|W|9|HK
4|23|165|260|161|315|2S|W|8|C6
4|23|302|237|136|212|2S|W|8|HK
4|23|80|194|49|311|2S|E|8|DQ
4|23|138|101|300|90|3S|E|8|H4
4|23|34|146|203|70|1NXX|N|7|S7
4|23|314|17|247|16|2S|E|8|DK
4|23|124|168|179|186|1N|E|5|DQ
4|23|96|233|210|229|2S|W|8|HK
4|24|249|236|54|261|3S|S|10|DK
4|24|264|272|263|127|3S|S|10|DK
4|24|165|260|161|315|3C|W|8|HA
4|24|302|237|136|212|3S|S|10|DK
4|24|80|194|49|311|2S|S|9|DK
4|24|138|101|300|90|4S|S|10|CA
4|24|34|146|203|70|4S|S|10|CA
4|24|314|17|247|16|4S|S|10|CA
4|24|124|168|179|186|3N|E|8|SJ
4|24|96|233|210|229|4S|S|10|CA
4|25|249|236|54|261|3N|W|9|S3
4|25|264|272|263|127|5D|E|11|CK
4|25|165|260|161|315|3N|W|9|S3
4|25|302|237|136|212|3N|W|10|S3
4|25|80|194|49|311|5D|E|11|CK
4|25|138|101|300|90|3N|W|8|HT
4|25|34|146|203|70|3N|W|9|S3
4|25|314|17|247|16|4D|E|11|D4
4|25|124|168|179|186|5D|E|11|CK
4|25|96|233|210|229|2H|E|8|CA
4|26|249|236|54|261|3H|W|10|CA
4|26|264|272|263|127|4S|S|9|C6
4|26|165|260|161|315|4S|S|11|HK
4|26|302|237|136|212|4S|N|11|DA
4|26|80|194|49|311|3C|N|10|DA
4|26|138|101|300|90|3S|S|10|C6
4|26|34|146|203|70|4D|W|12|CA
4|26|314|17|247|16|4SX|N|11|DA
4|26|124|168|179|186|3C|N|10|DK
4|26|96|233|210|229|3C|N|10|DA
4|27|249|236|54|261|3N|W|8|H4
4|27|264|272|263|127|3C|W|9|S4
4|27|165|260|161|315|3N|W|8|H4
4|27|302|237|136|212|3N|W|9|H4
4|27|80|194|49|311|3N|E|9|CQ
4|27|138|101|300|90|3N|E|8|H6
4|27|34|146|203|70|3C|W|9|S5
4|27|314|17|247|16|3C|W|9|HA
4|27|124|168|179|186|2HX|N|7|S7
4|27|96|233|210|229|3C|E|9|CQ
4|28|249|236|54|261|4C|W|10|HJ
4|28|264|272|263|127|5C|W|10|DA
4|28|165|260|161|315|5C|W|10|SA
4|28|302|237|136|212|5C|W|10|HJ
4|28|80|194|49|311|4C|W|10|SA
4|28|138|101|300|90|3C|W|11|S5
4|28|34|146|203|70|3C|W|10|HJ
4|28|314|17|247|16|3C|W|10|HJ
4|28|124|168|179|186|5C|W|10|SA
4|28|96|233|210|229|3C|W|10|HJ
4|29|249|236|54|261|4H|W|11|CA
4|29|264|272|263|127|4H|E|11|CQ
4|29|165|260|161|315|4H|E|10|D5
4|29|302|237|136|212|4H|W|10|CA
4|29|80|194|49|311|4H|E|10|D5
4|29|138|101|300|90|4H|E|11|CQ
4|29|34|146|203|70|4H|E|11|S4
4|29|314|17|247|16|4H|W|10|D4
4|29|124|168|179|186|4H|E|10|S3
4|29|96|233|210|229|4H|E|10|D3
4|3|249|239|54|289|3N|W|9|D5
4|3|264|272|263|127|2D|S|6|HK
4|3|117|260|67|315|2H|W|10|D5
4|3|10|165|228|161|3N|W|6|D3
4|3|308|296|211|37|2S|E|8|D6
4|3|138|101|300|90|3N|E|9|D6
4|3|34|219|203|70|2H|W|10|D5
4|3|314|17|247|16|2H|W|9|SA
4|3|220|168|278|186|2H|W|10|D5
4|3|96|233|210|229|3N|W|8|D3
4|30|249|236|54|261|3C|S|6|C8
4|30|264|272|263|127|3SX|W|8|C3
4|30|165|260|161|315|3S|W|9|C4
4|30|302|237|136|212|3C|N|7|S4
4|30|80|194|49|311|5D|S|11|SA
4|30|138|101|300|90|3S|W|8|C4
4|30|34|146|203|70|3C|N|6|S4
4|30|314|17|247|16|3S|W|8|C4
4|30|124|168|179|186|3S|W|8|C3
4|30|96|233|210|229|3S|W|7|HK
4|31|249|236|54|261|2H|W|10|CJ
4|31|264|272|263|127|4H|E|9|D3
4|31|165|260|161|315|1S|W|10|CJ
4|31|302|237|136|212|4H|W|10|SQ
4|31|80|194|49|311|3N|W|8|C4
4|31|138|101|300|90|4H|W|10|D4
4|31|34|146|203|70|4H|E|10|DQ
4|31|314|17|247|16|2H|W|10|CJ
4|31|124|168|179|186|6C|W|10|HA
4|31|96|233|210|229|4H|E|10|DQ
4|32|249|236|54|261|2H|E|6|S7
4|32|264|272|263|127|3H|E|8|S7
4|32|165|260|161|315|2H|E|8|S7
4|32|302|237|136|212|2H|E|8|S7
4|32|80|194|49|311|2S|N|7|HA
4|32|138|101|300|90|2H|E|7|S7
4|32|34|146|203|70|2H|E|8|S2
4|32|314|17|247|16|2S|N|6|S3
4|32|124|168|179|186|2H|E|8|S7
4|32|96|233|210|229|3H|E|8|S7
4|4|249|239|54|289|5C|N|11|SK
4|4|264|272|263|127|3N|S|11|S3
4|4|117|260|67|315|5C|N|11|SK
4|4|10|165|228|161|5C|S|11|S3
4|4|308|296|211|37|5C|N|11|SK
4|4|138|101|300|90|5C|N|11|SQ
4|4|34|219|203|70|5CX|N|11|SK
4|4|314|17|247|16|5C|N|11|SK
4|4|220|168|278|186|5C|N|11|SQ
4|4|96|233|210|229|6C|N|11|SK
4|5|249|239|54|289|2H|N|6|DT
4|5|264|272|263|127|3N|S|9|D7
4|5|117|260|67|315|2H|N|7|DT
4|5|10|165|228|161|3C|S|8|H3
4|5|308|296|211|37|2H|E|5|CA
4|5|138|101|300|90|3HX|S|7|C8
4|5|34|219|203|70|2D|W|8|CQ
4|5|314|17|247|16|2S|N|6|DT
4|5|220|168|278|186|2S|N|7|DT
4|5|96|233|210|229|3NX|S|6|D7
4|6|249|239|54|289|6N|E|12|D6
4|6|264|272|263|127|3N|E|12|S3
4|6|117|260|67|315|6D|W|12|S7
4|6|10|165|228|161|6D|E|12|S3
4|6|308|296|211|37|6D|W|12|C6
4|6|138|101|300|90|6D|W|12|S6
4|6|34|219|203|70|6D|E|12|S4
4|6|314|17|247|16|6D|W|12|S7
4|6|220|168|278|186|3N|E|12|S4
4|6|96|233|210|229|6D|E|12|S3
4|7|249|239|54|289|2CX|N|6|H3
4|7|264|272|263|127|2N|W|5|H5
4|7|117|260|67|315|3S|E|6|HK
4|7|10|165|228|161|2H|S|8|H8
4|7|308|296|211|37|2D|E|6|C5
4|7|138|101|300|90|2S|W|8|H5
4|7|34|219|203|70|2S|W|8|H7
4|7|314|17|247|16|2H|S|8|CA
4|7|220|168|278|186|2S|W|8|H7
4|7|96|233|210|229|2H|S|9|CA
4|8|249|239|54|289|2S|W|8|DJ
4|8|264|272|263|127|3C|S|9|HK
4|8|117|260|67|315|3C|S|9|HK
4|8|10|165|228|161|3C|S|8|HK
4|8|308|296|211|37|3N|N|8|H4
4|8|138|101|300|90|3C|S|8|HQ
4|8|34|219|203|70|3N|S|8|HK
4|8|314|17|247|16|3C|S|9|HK
4|8|220|168|278|186|3D|N|9|H9
4|8|96|233|210|229|3C|S|8|HK
4|9|249|239|54|289|3H|W|9|CK
4|9|264|272|263|127|2S|N|9|HA
4|9|117|260|67|315|2S|N|8|HA
4|9|10|165|228|161|2H|W|8|SA
4|9|308|296|211|37|3S|N|8|HA
4|9|138|101|300|90|3S|N|9|HK
4|9|34|219|203|70|3H|W|8|CK
4|9|314|17|247|16|2S|N|8|HA
4|9|220|168|278|186|3H|W|9|SA
4|9|96|233|210|229|2S|N|7|C9
5|1|239|237|289|212|2N|N|9|SK
5|1|117|236|67|261|2N|N|9|SK
5|1|10|80|228|49|2S|E|7|CJ
5|1|308|302|211|136|2S|E|7|SA
5|1|194|219|311|146|2S|E|7|D7
5|1|314|296|247|37|2S|E|6|HT
5|1|272|220|127|278|2S|E|7|H3
5|1|124|249|179|54|2S|E|8|SA
5|1|96|240|210|17|2S|E|5|H9
5|1|271|168|16|186|2S|E|7|H9
5|10|239|237|289|212|3N|S|8|C3
5|10|117|236|67|261|3N|S|8|C3
5|10|10|80|228|49|3N|S|8|CK
5|10|308|302|211|136|2N|S|8|C4
5|10|194|219|311|146|2D|S|11|H5
5|10|314|296|247|37|5D|S|10|C3
5|10|272|220|127|278|3N|S|8|C4
5|10|124|249|179|54|3N|S|8|S4
5|10|96|240|210|17|3N|S|8|C4
5|10|271|168|16|186|2D|S|10|C3
5|11|239|237|289|212|4H|W|11|CK
5|11|117|236|67|261|4H|E|13|D5
5|11|10|80|228|49|4H|W|10|CJ
5|11|308|302|211|136|1D|S|1|H5
5|11|194|219|311|146|4H|W|11|C7
5|11|314|296|247|37|2D|E|11|S2
5|11|272|220|127|278|4H|W|11|C3
5|11|124|249|179|54|4H|W|11|C7
5|11|96|240|210|17|5D|E|11|CA
5|11|271|168|16|186|2D|E|13|D6
5|12|239|237|289|212|3N|S|10|D4
5|12|117|236|67|261|4H|N|12|DK
5|12|10|80|228|49|4H|N|11|DK
5|12|308|302|211|136|4H|N|11|DK
5|12|194|219|311|146|4H|N|11|DK
5|12|314|296|247|37|4H|N|10|DK
5|12|272|220|127|278|4H|N|11|DK
5|12|124|249|179|54|4H|N|11|DK
5|12|96|240|210|17|4H|N|11|DK
5|12|271|168|16|186|5C|N|11|DQ
5|13|239|237|289|212|2H|E|8|D5
5|13|117|236|67|261|2C|N|7|CJ
5|13|10|80|228|49|2D|N|8|D8
5|13|308|302|211|136|2C|N|7|SJ
5|13|194|219|311|146|2D|N|8|D8
5|13|314|296|247|37|2D|N|8|D8
5|13|272|220|127|278|2D|N|8|D6
5|13|124|249|179|54|2H|W|8|SQ
5|13|96|240|210|17|3H|W|9|SQ
5|13|271|168|16|186|2D|N|8|D8
5|14|239|237|289|212|4S|S|11|D4
5|14|117|236|67|261|4H|N|8|C3
5|14|10|80|228|49|4H|N|11|D7
5|14|308|302|211|136|4H|N|9|C3
5|14|194|219|311|146|4H|N|9|C3
5|14|314|296|247|37|4H|S|8|D2
5|14|272|220|127|278|5CX|W|9|CT
5|14|124|249|179|54|4S|S|11|H6
5|14|96|240|210|17|4H|N|11|D7
5|14|271|168|16|186|5H|N|11|D5
5|15|239|237|289|212|4H|E|8|D2
5|15|117|236|67|261|3H|E|8|CA
5|15|10|80|228|49|2H|E|9|D2
5|15|308|302|211|136|2H|E|8|D5
5|15|194|219|311|146|3N|W|8|D4
5|15|314|296|247|37|4H|E|8|D5
5|15|272|220|127|278|3N|E|8|C6
5|15|124|249|179|54|4H|W|8|HJ
5|15|96|240|210|17|2N|E|7|C4
5|15|271|168|16|186|3NX|W|8|C2
5|16|239|237|289|212|6D|N|12|H4
5|16|117|236|67|261|3N|S|12|CT
5|16|10|80|228|49|6D|S|12|CT
5|16|308|302|211|136|3N|N|12|C2
5|16|194|219|311|146|6S|N|12|D2
5|16|314|296|247|37|6D|N|12|H4
5|16|272|220|127|278|6D|N|12|H6
5|16|124|249|179|54|6S|N|12|H4
5|16|96|240|210|17|3N|N|12|C2
5|16|271|168|16|186|6N|N|12|C3
5|17|239|117|289|67|3N|W|9|SQ
5|17|165|264|161|263|3N|W|10|SQ
5|17|10|80|228|49|3N|W|9|SQ
5|17|101|260|90|315|3N|W|9|SJ
5|17|138|146|300|70|3N|W|9|C7
5|17|314|296|247|37|3N|W|9|SQ
5|17|272|220|127|278|3N|W|9|H8
5|17|124|249|179|54|3N|W|9|S2
5|17|96|240|210|17|3N|W|10|H7
5|17|271|168|16|186|3N|W|9|SQ
5|18|239|117|289|67|6D|E|12|SJ
5|18|165|264|161|263|2D|S|0|C9
5|18|10|80|228|49|6D|E|12|CK
5|18|101|260|90|315|4S|W|11|H4
5|18|138|146|300|70|3N|W|12|H3
5|18|314|296|247|37|3N|W|12|H3
5|18|272|220|127|278|6D|W|12|H4
5|18|124|249|179|54|3N|W|11|H3
5|18|96|240|210|17|3N|W|12|H3
5|18|271|168|16|186|2HX|S|6|C9
5|19|239|117|289|67|5S|E|11|H3
5|19|165|264|161|263|4S|E|13|C8
5|19|10|80|228|49|5S|W|11|H2
5|19|101|260|90|315|6S|E|13|S7
5|19|138|146|300|70|6S|E|13|C9
5|19|314|296|247|37|4S|W|11|HA
5|19|272|220|127|278|4S|W|11|HA
5|19|124|249|179|54|4S|W|13|C7
5|19|96|240|210|17|4S|E|13|C9
5|19|271|168|16|186|4S|E|11|H3
5|2|239|237|289|212|6H|W|9|SJ
5|2|117|236|67|261|5H|W|11|SJ
5|2|10|80|228|49|4H|E|10|DK
5|2|308|302|211|136|4HX|E|9|SA
5|2|194|219|311|146|4H|E|8|DK
5|2|314|296|247|37|4H|W|9|SJ
5|2|272|220|127|278|4H|E|9|DK
5|2|124|249|179|54|4H|E|9|SA
5|2|96|240|210|17|4H|E|10|DK
5|2|271|168|16|186|4H|W|10|DJ
5|20|239|117|289|67|2H|S|9|ST
5|20|165|264|161|263|2H|S|8|ST
5|20|10|80|228|49|3H|S|8|ST
5|20|101|260|90|315|3H|S|9|ST
5|20|138|146|300|70|3N|S|9|ST
5|20|314|296|247|37|3N|S|8|C6
5|20|272|220|127|278|3N|N|8|S5
5|20|124|249|179|54|4HX|S|8|ST
5|20|96|240|210|17|2H|S|10|HT
5|20|271|168|16|186|3N|N|9|D4
5|21|239|117|289|67|4S|N|12|C6
5|21|165|264|161|263|4S|N|11|H5
5|21|10|80|228|49|4S|S|12|D4
5|21|101|260|90|315|5CX|E|7|HK
5|21|138|146|300|70|4S|N|12|H5
5|21|314|296|247|37|4S|N|11|C3
5|21|272|220|127|278|5H|S|13|D5
5|21|124|249|179|54|4S|N|12|DQ
5|21|96|240|210|17|4S|N|13|H7
5|21|271|168|16|186|4S|N|12|C3
5|22|239|117|289|67|2S|N|10|CJ
5|22|165|264|161|263|4S|S|10|HA
5|22|10|80|228|49|4S|N|9|CJ
5|22|101|260|90|315|4S|S|9|D8
5|22|138|146|300|70|4S|S|9|C4
5|22|314|296|247|37|4S|S|10|HA
5|22|272|220|127|278|2S|S|9|C5
5|22|124|249|179|54|2S|S|9|C4
5|22|96|240|210|17|4S|S|10|HA
5|22|271|168|16|186|4S|S|9|C4
5|23|239|117|289|67|2H|W|9|HK
5|23|165|264|161|263|2S|E|8|C4
5|23|10|80|228|49|2S|E|7|C4
5|23|101|260|90|315|3C|S|8|SA
5|23|138|146|300|70|2H|E|8|C4
5|23|314|296|247|37|2D|W|8|HK
5|23|272|220|127|278|3H|W|9|D6
5|23|124|249|179|54|3H|E|9|C4
5|23|96|240|210|17|2S|E|8|H3
5|23|271|168|16|186|2S|W|7|D4
5|24|239|117|289|67|3H|N|9|DK
5|24|165|264|161|263|4H|N|9|DA
5|24|10|80|228|49|3D|W|8|HA
5|24|101|260|90|315|4H|N|9|DA
5|24|138|146|300|70|4D|E|8|H3
5|24|314|296|247|37|4H|N|10|DA
5|24|272|220|127|278|3H|S|9|D4
5|24|124|249|179|54|3D|W|8|DT
5|24|96|240|210|17|2N|N|6|DA
5|24|271|168|16|186|4H|N|9|DK
5|25|239|117|289|67|1N|N|7|D3
5|25|165|264|161|263|1N|N|7|S4
5|25|10|80|228|49|1N|S|7|DQ
5|25|101|260|90|315|1N|N|5|H4
5|25|138|146|300|70|1N|N|8|D8
5|25|314|296|247|37|1N|N|7|D3
5|25|272|220|127|278|1N|N|7|S4
5|25|124|249|179|54|1N|N|7|S4
5|25|96|240|210|17|1N|N|8|S4
5|25|271|168|16|186|1N|N|8|D8
5|26|239|117|289|67|5C|E|10|DA
5|26|165|264|161|263|3N|W|10|DK
5|26|10|80|228|49|3N|W|8|DK
5|26|101|260|90|315|3N|W|8|DK
5|26|138|146|300|70|5C|E|10|DA
5|26|314|296|247|37|3N|W|8|DQ
5|26|272|220|127|278|3S|S|8|C7
5|26|124|249|179|54|3C|E|10|SQ
5|26|96|240|210|17|3N|E|9|ST
5|26|271|168|16|186|4C|W|10|DK
5|27|239|117|289|67|4S|S|9|DT
5|27|165|264|161|263|3S|S|8|DT
5|27|10|80|228|49|3D|E|8|SA
5|27|101|260|90|315|4SX|S|9|DT
5|27|138|146|300|70|5H|W|8|CK
5|27|314|296|247|37|3S|S|8|DT
5|27|272|220|127|278|3S|S|9|DT
5|27|124|249|179|54|3S|S|9|DT
5|27|96|240|210|17|3S|S|7|DT
5|27|271|168|16|186|5CX|N|8|DA
5|28|239|117|289|67|3N|E|8|D4
5|28|165|264|161|263|3N|W|10|HJ
5|28|10|80|228|49|3N|E|8|DA
5|28|101|260|90|315|3N|E|8|D8
5|28|138|146|300|70|2S|W|12|C4
5|28|314|296|247|37|4S|W|11|HJ
5|28|272|220|127|278|3N|E|8|D8
5|28|124|249|179|54|2S|W|12|HJ
5|28|96|240|210|17|2S|W|12|HJ
5|28|271|168|16|186|4S|W|12|C4
5|29|239|117|289|67|3DX|E|6|D7
5|29|165|264|161|263|3S|N|9|DK
5|29|10|80|228|49|3D|E|6|D6
5|29|101|260|90|315|2S|N|8|DK
5|29|138|146|300|70|3S|N|9|DK
5|29|314|296|247|37|3DX|E|6|D7
5|29|272|220|127|278|3S|N|8|DK
5|29|124|249|179|54|3S|N|8|DK
5|29|96|240|210|17|3S|N|8|DK
5|29|271|168|16|186|P||0
5|3|239|237|289|212|3H|W|10|DJ
5|3|117|236|67|261|1N|N|9|DA
5|3|10|80|228|49|4H|W|10|H2
5|3|308|302|211|136|1S|S|7|HK
5|3|194|219|311|146|3C|S|10|HK
5|3|314|296|247|37|4H|W|10|CK
5|3|272|220|127|278|3H|W|9|SA
5|3|124|249|179|54|3C|N|10|DA
5|3|96|240|210|17|5C|S|10|D7
5|3|271|168|16|186|4H|W|10|CK
5|30|239|117|289|67|2S|S|9|H2
5|30|165|264|161|263|3H|S|10|DK
5|30|10|80|228|49|2S|N|9|SJ
5|30|101|260|90|315|2S|N|9|SJ
5|30|138|146|300|70|3DX|E|8|S5
5|30|314|296|247|37|3H|N|10|H8
5|30|272|220|127|278|3D|W|8|SK
5|30|124|249|179|54|4H|N|9|DA
5|30|96|240|210|17|1N|E|8|C4
5|30|271|168|16|186|2S|N|8|SJ
5|31|239|117|289|67|3S|N|9|DA
5|31|165|264|161|263|2S|S|10|HQ
5|31|10|80|228|49|3S|S|9|HQ
5|31|101|260|90|315|P||0
5|31|138|146|300|70|4H|W|8|SQ
5|31|314|296|247|37|2S|S|9|HQ
5|31|272|220|127|278|3H|W|8|H3
5|31|124|249|179|54|3S|S|9|HQ
5|31|96|240|210|17|4S|S|9|HQ
5|31|271|168|16|186|3S|S|9|HJ
5|32|239|117|289|67|4H|S|11|SJ
5|32|165|264|161|263|4H|N|11|D2
5|32|10|80|228|49|4H|N|11|SA
5|32|101|260|90|315|4H|N|11|SA
5|32|138|146|300|70|4H|N|11|SA
5|32|314|296|247|37|4H|N|11|SA
5|32|272|220|127|278|5H|S|11|SJ
5|32|124|249|179|54|4H|N|11|SA
5|32|96|240|210|17|5H|N|11|SK
5|32|271|168|16|186|4H|N|11|SK
5|4|239|237|289|212|5C|N|11|SK
5|4|117|236|67|261|3N|N|11|SK
5|4|10|80|228|49|4H|N|10|SK
5|4|308|302|211|136|5C|N|11|SK
5|4|194|219|311|146|3C|S|12|HT
5|4|314|296|247|37|4H|N|10|SK
5|4|272|220|127|278|4H|S|10|S4
5|4|124|249|179|54|5C|S|12|S3
5|4|96|240|210|17|5C|N|11|SK
5|4|271|168|16|186|3H|S|11|S3
5|5|239|237|289|212|2S|N|9|HJ
5|5|117|236|67|261|4S|N|11|DK
5|5|10|80|228|49|2S|N|9|DK
5|5|308|302|211|136|3D|E|9|CQ
5|5|194|219|311|146|4H|N|10|DK
5|5|314|296|247|37|2H|W|9|SK
5|5|272|220|127|278|4S|N|9|HJ
5|5|124|249|179|54|3D|E|9|CQ
5|5|96|240|210|17|4S|N|11|HJ
5|5|271|168|16|186|3S|N|11|HJ
5|6|239|237|289|212|3N|N|10|C3
5|6|117|236|67|261|3D|N|10|SJ
5|6|10|80|228|49|3N|N|11|CJ
5|6|308|302|211|136|3N|S|11|C8
5|6|194|219|311|146|3D|N|9|SJ
5|6|314|296|247|37|3N|S|10|SK
5|6|272|220|127|278|2D|W|4|SA
5|6|124|249|179|54|2S|W|8|C9
5|6|96|240|210|17|3N|S|10|C4
5|6|271|168|16|186|3D|N|10|SJ
5|7|239|237|289|212|3N|N|9|S3
5|7|117|236|67|261|1N|N|9|SQ
5|7|10|80|228|49|3N|S|9|H4
5|7|308|302|211|136|3N|S|7|H4
5|7|194|219|311|146|3N|S|7|H2
5|7|314|296|247|37|3N|S|7|H4
5|7|272|220|127|278|3N|S|8|H4
5|7|124|249|179|54|3N|S|9|H4
5|7|96|240|210|17|3N|S|9|H4
5|7|271|168|16|186|3N|S|9|H2
5|8|239|237|289|212|4H|S|9|S7
5|8|117|236|67|261|4H|N|8|C8
5|8|10|80|228|49|3DX|W|6|HA
5|8|308|302|211|136|4H|S|10|S7
5|8|194|219|311|146|3C|E|7|H7
5|8|314|296|247|37|3H|N|9|DQ
5|8|272|220|127|278|4H|S|10|S7
5|8|124|249|179|54|4HX|N|9|DQ
5|8|96|240|210|17|3CX|E|6|H6
5|8|271|168|16|186|3H|N|8|DQ
5|9|239|237|289|212|5HX|S|8|CK
5|9|117|236|67|261|4S|E|9|DK
5|9|10|80|228|49|4H|S|9|CK
5|9|308|302|211|136|3S|E|9|DK
5|9|194|219|311|146|2C|W|9|H4
5|9|314|296|247|37|3H|S|9|CA
5|9|272|220|127|278|3S|W|9|H9
5|9|124|249|179|54|4H|S|9|CA
5|9|96|240|210|17|3H|S|9|CA
5|9|271|168|16|186|3H|S|8|CK
6|1|101|236|90|261|4S|E|8|HK
6|1|264|308|263|211|4SX|W|8|H9
6|1|314|302|247|136|4S|W|10|CA
6|1|260|146|315|70|3S|W|8|H9
6|1|271|194|16|311|4S|W|8|H9
6|1|296|240|37|17|4S|W|9|H9
6|1|220|237|278|212|4S|W|8|H8
6|1|117|233|67|229|4S|W|8|H8
6|1|96|249|210|54|3S|W|10|H9
6|1|272|168|127|186|4S|W|10|H8
6|10|101|236|90|261|1N|E|7|C5
6|10|264|308|263|211|1N|W|9|S4
6|10|314|302|247|136|1N|W|7|C8
6|10|260|146|315|70|1N|E|7|C5
6|10|271|194|16|311|1N|E|7|C3
6|10|296|240|37|17|1N|W|8|S3
6|10|220|237|278|212|1N|E|7|C5
6|10|117|233|67|229|2D|W|8|C9
6|10|96|249|210|54|1N|W|6|S4
6|10|272|168|127|186|1N|E|5|C5
6|11|101|236|90|261|6H|W|12|SJ
6|11|264|308|263|211|6H|E|12|SA
6|11|314|302|247|136|5H|E|12|SK
6|11|260|146|315|70|6H|E|12|SA
6|11|271|194|16|311|5H|W|12|SQ
6|11|296|240|37|17|4H|E|12|SA
6|11|220|237|278|212|6H|E|12|SA
6|11|117|233|67|229|6H|W|12|SQ
6|11|96|249|210|54|6H|W|12|ST
6|11|272|168|127|186|6SX|N|9|DA
6|12|101|236|90|261|4S|N|11|C6
6|12|264|308|263|211|5CX|W|8|SK
6|12|314|302|247|136|4S|S|11|DQ
6|12|260|146|315|70|4S|N|11|SA
6|12|271|194|16|311|4S|N|10|DT
6|12|296|240|37|17|4S|N|11|SA
6|12|220|237|278|212|4S|S|11|DQ
6|12|117|233|67|229|4S|S|11|DQ
6|12|96|249|210|54|4S|N|11|C6
6|12|272|168|127|186|4S|N|11|D9
6|13|101|236|90|261|3N|N|6|C2
6|13|264|308|263|211|3N|S|9|S5
6|13|314|302|247|136|2D|S|10|C3
6|13|260|146|315|70|2D|S|10|C3
6|13|271|194|16|311|3D|S|10|C3
6|13|296|240|37|17|3N|S|9|H2
6|13|220|237|278|212|3S|N|9|D6
6|13|117|233|67|229|2D|S|10|C3
6|13|96|249|210|54|3N|S|6|CJ
6|13|272|168|127|186|2D|S|10|C3
6|14|101|236|90|261|3N|W|9|C3
6|14|264|308|263|211|2S|W|9|C6
6|14|314|302|247|136|1N|E|8|HQ
6|14|260|146|315|70|1N|E|9|CT
6|14|271|194|16|311|1N|E|10|HA
6|14|296|240|37|17|3N|W|10|C3
6|14|220|237|278|212|2N|W|10|C3
6|14|117|233|67|229|1N|E|8|HQ
6|14|96|249|210|54|2N|W|10|ST
6|14|272|168|127|186|1N|E|8|HQ
6|15|101|236|90|261|2HX|N|7|H3
6|15|264|308|263|211|3N|E|10|S6
6|15|314|302|247|136|3N|E|10|D4
6|15|260|146|315|70|3N|W|9|H4
6|15|271|194|16|311|3N|E|10|S5
6|15|296|240|37|17|3N|W|10|H4
6|15|220|237|278|212|3N|E|10|S5
6|15|117|233|67|229|2H|S|7|CQ
6|15|96|249|210|54|3H|N|6|DA
6|15|272|168|127|186|3N|E|10|H5
6|16|101|236|90|261|3S|N|9|C3
6|16|264|308|263|211|2S|S|9|CJ
6|16|314|302|247|136|2S|N|9|DT
6|16|260|146|315|70|2S|S|9|CJ
6|16|271|194|16|311|2S|N|9|DT
6|16|296|240|37|17|2S|N|9|DT
6|16|220|237|278|212|2S|S|9|CJ
6|16|117|233|67|229|2S|S|9|H7
6|16|96|249|210|54|3D|W|8|CK
6|16|272|168|127|186|4S|S|9|DA
6|17|80|236|49|261|2H|N|9|DA
6|17|239|308|289|211|1N|N|7|D4
6|17|219|302|146|136|2H|N|9|DA
6|17|10|314|228|247|2H|N|9|C2
6|17|271|194|16|311|2H|N|9|DA
6|17|138|240|300|17|4H|N|9|DK
6|17|233|237|229|212|2H|N|9|H8
6|17|165|124|161|179|2H|N|9|DK
6|17|96|249|210|54|2H|N|9|DA
6|17|272|168|127|186|2H|N|9|DK
6|18|80|236|49|261|2H|E|10|SQ
6|18|239|308|289|211|3C|N|8|H5
6|18|219|302|146|136|3C|N|8|H4
6|18|10|314|228|247|3C|N|7|S4
6|18|271|194|16|311|3H|E|10|SK
6|18|138|240|300|17|2H|E|10|D3
6|18|233|237|229|212|2S|S|7|CJ
6|18|165|124|161|179|2H|E|10|SK
6|18|96|249|210|54|2D|E|10|D3
6|18|272|168|127|186|2H|E|10|SK
6|19|80|236|49|261|3D|S|8|HK
6|19|239|308|289|211|3D|N|8|H4
6|19|219|302|146|136|3S|E|8|H7
6|19|10|314|228|247|3S|E|8|HA
6|19|271|194|16|311|1N|S|4|HK
6|19|138|240|300|17|2S|W|8|D3
6|19|233|237|229|212|3D|N|8|H3
6|19|165|124|161|179|3D|S|8|HK
6|19|96|249|210|54|3D|N|8|S2
6|19|272|168|127|186|3D|N|8|D2
6|2|101|236|90|261|3H|W|10|SJ
6|2|264|308|263|211|4H|W|10|C4
6|2|314|302|247|136|4H|W|11|C5
6|2|260|146|315|70|4H|E|10|D2
6|2|271|194|16|311|4H|W|10|C4
6|2|296|240|37|17|4H|W|11|D4
6|2|220|237|278|212|4H|W|10|D6
6|2|117|233|67|229|2H|W|10|C9
6|2|96|249|210|54|4H|E|10|D2
6|2|272|168|127|186|4H|W|10|C5
6|20|80|236|49|261|2H|E|10|S3
6|20|239|308|289|211|3N|E|11|S3
6|20|219|302|146|136|4H|E|10|S7
6|20|10|314|228|247|4H|E|9|DA
6|20|271|194|16|311|4H|E|10|S3
6|20|138|240|300|17|4H|E|10|S3
6|20|233|237|229|212|4H|E|10|S3
6|20|165|124|161|179|4H|E|10|S6
6|20|96|249|210|54|4H|W|9|D2
6|20|272|168|127|186|4H|E|10|C9
6|21|80|236|49|261|3N|E|9|H2
6|21|239|308|289|211|3N|E|10|C3
6|21|219|302|146|136|5C|W|8|HJ
6|21|10|314|228|247|3N|E|9|H2
6|21|271|194|16|311|3N|E|10|C3
6|21|138|240|300|17|3N|E|8|H2
6|21|233|237|229|212|5D|E|11|S8
6|21|165|124|161|179|4D|E|11|S8
6|21|96|249|210|54|3N|E|11|C3
6|21|272|168|127|186|3N|E|9|H2
6|22|80|236|49|261|4S|S|11|C7
6|22|239|308|289|211|4S|S|11|D2
6|22|219|302|146|136|4S|S|11|C7
6|22|10|314|228|247|4S|S|11|D2
6|22|271|194|16|311|4S|S|11|C7
6|22|138|240|300|17|4S|S|11|C3
6|22|233|237|229|212|4S|S|11|D5
6|22|165|124|161|179|4S|S|11|D5
6|22|96|249|210|54|4S|S|11|D5
6|22|272|168|127|186|4S|S|11|D5
6|23|80|236|49|261|6H|S|12|S8
6|23|239|308|289|211|6H|S|11|D5
6|23|219|302|146|136|5DX|E|10|S2
6|23|10|314|228|247|6H|N|12|S4
6|23|271|194|16|311|6H|N|11|DA
6|23|138|240|300|17|6H|S|12|CJ
6|23|233|237|229|212|6H|N|12|DA
6|23|165|124|161|179|6H|S|12|S8
6|23|96|249|210|54|6SX|E|6|HK
6|23|272|168|127|186|6H|S|11|D5
6|24|80|236|49|261|6H|W|11|C2
6|24|239|308|289|211|6C|W|10|S9
6|24|219|302|146|136|3N|E|10|SJ
6|24|10|314|228|247|3N|E|10|H9
6|24|271|194|16|311|3N|E|12|SJ
6|24|138|240|300|17|3N|E|10|SJ
6|24|233|237|229|212|6C|E|11|DA
6|24|165|124|161|179|3N|E|10|SJ
6|24|96|249|210|54|6HX|W|11|S9
6|24|272|168|127|186|4H|W|11|ST
6|25|80|236|49|261|4S|N|11|CQ
6|25|239|308|289|211|4S|N|11|CK
6|25|219|302|146|136|4H|S|8|C7
6|25|10|314|228|247|4S|N|11|CK
6|25|271|194|16|311|4S|N|11|CK
6|25|138|240|300|17|3N|N|11|DT
6|25|233|237|229|212|3N|N|11|CK
6|25|165|124|161|179|4H|N|11|CQ
6|25|96|249|210|54|4S|N|11|CK
6|25|272|168|127|186|4H|N|11|CQ
6|26|80|236|49|261|5C|E|10|SK
6|26|239|308|289|211|4HX|N|6|CK
6|26|219|302|146|136|5C|E|10|SK
6|26|10|314|228|247|4HX|N|7|DQ
6|26|271|194|16|311|5C|E|8|SA
6|26|138|240|300|17|4HX|N|6|CK
6|26|233|237|229|212|5C|E|9|SA
6|26|165|124|161|179|2D|W|7|S6
6|26|96|249|210|54|4HX|N|6|CK
6|26|272|168|127|186|4HX|N|7|CQ
6|27|80|236|49|261|4H|S|10|D9
6|27|239|308|289|211|4H|S|10|DT
6|27|219|302|146|136|4H|S|10|SK
6|27|10|314|228|247|4H|S|10|DT
6|27|271|194|16|311|4H|S|10|S3
6|27|138|240|300|17|4H|S|10|DT
6|27|233|237|229|212|5DX|W|10|HA
6|27|165|124|161|179|4H|S|10|DT
6|27|96|249|210|54|4H|N|10|D4
6|27|272|168|127|186|5HX|S|10|D3
6|28|80|236|49|261|3S|N|6|H3
6|28|239|308|289|211|4HX|W|8|DT
6|28|219|302|146|136|3S|N|9|H3
6|28|10|314|228|247|4S|N|9|H5
6|28|271|194|16|311|2S|S|8|H7
6|28|138|240|300|17|4H|W|8|DT
6|28|233|237|229|212|3S|N|9|H3
6|28|165|124|161|179|2S|N|9|H3
6|28|96|249|210|54|3H|W|8|DT
6|28|272|168|127|186|4H|W|8|DT
6|29|80|236|49|261|3H|S|8|CA
6|29|239|308|289|211|3N|S|7|C4
6|29|219|302|146|136|3D|S|10|D3
6|29|10|314|228|247|4D|N|9|C5
6|29|271|194|16|311|2D|S|10|D5
6|29|138|240|300|17|3N|S|6|C4
6|29|233|237|229|212|2N|S|6|C2
6|29|165|124|161|179|3N|S|6|C2
6|29|96|249|210|54|5DX|N|9|C3
6|29|272|168|127|186|2N|S|6|C2
6|3|101|236|90|261|1N|S|6|S9
6|3|264|308|263|211|3C|S|9|SA
6|3|314|302|247|136|3C|S|9|DA
6|3|260|146|315|70|4H|N|9|S5
6|3|271|194|16|311|3N|N|8|DQ
6|3|296|240|37|17|3C|S|9|H8
6|3|220|237|278|212|2S|W|6|HA
6|3|117|233|67|229|3C|S|9|DA
6|3|96|249|210|54|3C|S|9|H2
6|3|272|168|127|186|3H|N|8|DJ
6|30|80|236|49|261|5DXX|E|11|D4
6|30|239|308|289|211|2SX|N|5|HK
6|30|219|302|146|136|5D|E|11|C8
6|30|10|314|228|247|5D|W|12|SK
6|30|271|194|16|311|5D|E|12|H4
6|30|138|240|300|17|4S|E|8|D3
6|30|233|237|229|212|5D|W|12|SK
6|30|165|124|161|179|5D|E|12|C5
6|30|96|249|210|54|2SX|N|4|HK
6|30|272|168|127|186|5D|W|11|S7
6|31|80|236|49|261|5D|S|11|SA
6|31|239|308|289|211|3N|N|10|S7
6|31|219|302|146|136|5D|S|11|D2
6|31|10|314|228|247|3N|N|10|S7
6|31|271|194|16|311|5D|S|11|SA
6|31|138|240|300|17|3N|N|11|H4
6|31|233|237|229|212|3N|N|10|S8
6|31|165|124|161|179|5D|S|11|SA
6|31|96|249|210|54|5D|S|11|SA
6|31|272|168|127|186|5D|S|11|SA
6|32|80|236|49|261|4H|W|9|S3
6|32|239|308|289|211|4H|W|10|DK
6|32|219|302|146|136|3H|W|10|DK
6|32|10|314|228|247|4H|W|10|S9
6|32|271|194|16|311|4H|W|10|DK
6|32|138|240|300|17|4H|W|10|DK
6|32|233|237|229|212|4H|W|10|DK
6|32|165|124|161|179|5HX|W|9|S9
6|32|96|249|210|54|4H|W|10|DJ
6|32|272|168|127|186|4SX|S|9|CQ
6|4|101|236|90|261|2S|W|8|C6
6|4|264|308|263|211|2S|W|8|C7
6|4|314|302|247|136|1N|N|8|S8
6|4|260|146|315|70|1N|N|7|S2
6|4|271|194|16|311|2S|W|8|D5
6|4|296|240|37|17|1N|S|7|D6
6|4|220|237|278|212|1N|N|8|S2
6|4|117|233|67|229|1N|N|8|S6
6|4|96|249|210|54|1N|S|7|D6
6|4|272|168|127|186|2S|W|9|SA
6|5|101|236|90|261|2S|N|5|ST
6|5|264|308|263|211|1N|N|5|HQ
6|5|314|302|247|136|1N|N|6|HA
6|5|260|146|315|70|3N|W|9|S4
6|5|271|194|16|311|1C|N|6|DQ
6|5|296|240|37|17|2S|N|5|DQ
6|5|220|237|278|212|2S|N|5|S5
6|5|117|233|67|229|1N|E|10|H8
6|5|96|249|210|54|1N|N|6|C2
6|5|272|168|127|186|1N|N|4|HJ
6|6|101|236|90|261|2H|S|11|C4
6|6|264|308|263|211|2H|N|11|SQ
6|6|314|302|247|136|2H|S|10|C2
6|6|260|146|315|70|4H|S|11|C4
6|6|271|194|16|311|4H|S|9|H5
6|6|296|240|37|17|4H|S|11|C7
6|6|220|237|278|212|4H|S|11|C4
6|6|117|233|67|229|2H|S|10|H4
6|6|96|249|210|54|2H|S|11|C4
6|6|272|168|127|186|4H|S|11|C4
6|7|101|236|90|261|5D|W|11|CA
6|7|264|308|263|211|5D|W|12|CA
6|7|314|302|247|136|5D|W|12|CA
6|7|260|146|315|70|5D|W|12|CA
6|7|271|194|16|311|4H|E|10|CK
6|7|296|240|37|17|5D|W|11|CA
6|7|220|237|278|212|5D|E|11|CK
6|7|117|233|67|229|6D|W|12|CA
6|7|96|249|210|54|5D|W|12|CA
6|7|272|168|127|186|5D|W|13|S3
6|8|101|236|90|261|3N|N|10|SQ
6|8|264|308|263|211|3N|S|10|S6
6|8|314|302|247|136|3N|N|9|H7
6|8|260|146|315|70|3N|N|10|SQ
6|8|271|194|16|311|3N|N|10|SQ
6|8|296|240|37|17|3N|N|8|H7
6|8|220|237|278|212|3N|N|8|H6
6|8|117|233|67|229|3N|S|11|H4
6|8|96|249|210|54|3N|N|10|H7
6|8|272|168|127|186|3N|N|10|SQ
6|9|101|236|90|261|2H|N|7|S8
6|9|264|308|263|211|3H|N|7|S7
6|9|314|302|247|136|2H|S|8|SA
6|9|260|146|315|70|4H|N|7|S8
6|9|271|194|16|311|3D|N|8|S8
6|9|296|240|37|17|2H|S|9|SA
6|9|220|237|278|212|3H|N|7|S8
6|9|117|233|67|229|2H|S|10|SA
6|9|96|249|210|54|3H|N|7|S8
6|9|272|168|127|186|2H|N|7|S8
7|1|239|219|289|70|2S|E|12|SJ
7|1|170|172|184|50|3S|E|12|HJ
7|1|260|296|315|37|3H|W|9|C2
7|1|194|302|311|136|3S|E|8|HJ
7|1|80|124|49|179|3H|E|10|SJ
7|1|233|308|229|211|3C|S|7|C5
7|1|237|168|212|186|3H|W|10|D5
7|1|208|165|99|161|2S|E|11|HJ
7|1|272|271|127|16|4S|E|10|CA
7|1|34|106|203|82|2S|E|9|HJ
7|10|239|219|289|70|4S|W|11|SJ
7|10|170|172|184|50|4S|W|10|H7
7|10|260|296|315|37|3N|E|8|DQ
7|10|194|302|311|136|4S|W|10|D5
7|10|80|124|49|179|4S|E|11|DQ
7|10|233|308|229|211|4S|E|10|DQ
7|10|237|168|212|186|4S|W|10|D5
7|10|208|165|99|161|4S|W|10|H5
7|10|272|271|127|16|4S|E|10|DQ
7|10|34|106|203|82|4S|W|10|H7
7|11|239|219|289|70|4S|N|10|H3
7|11|170|172|184|50|4S|N|10|H5
7|11|260|296|315|37|4S|N|10|C2
7|11|194|302|311|136|4S|S|11|CT
7|11|80|124|49|179|4S|N|10|C2
7|11|233|308|229|211|4S|N|9|H7
7|11|237|168|212|186|4S|S|10|C9
7|11|208|165|99|161|4S|N|11|C2
7|11|272|271|127|16|3N|S|10|CT
7|11|34|106|203|82|4S|N|11|CK
7|12|239|219|289|70|4S|E|10|HA
7|12|170|172|184|50|3S|E|9|D2
7|12|260|296|315|37|2S|E|9|CQ
7|12|194|302|311|136|4S|E|9|CQ
7|12|80|124|49|179|3H|N|10|SK
7|12|233|308|229|211|5CX|W|8|H2
7|12|237|168|212|186|4S|E|9|HA
7|12|208|165|99|161|4SX|E|8|HA
7|12|272|271|127|16|2S|E|8|C2
7|12|34|106|203|82|3H|N|9|DJ
7|13|239|219|289|70|3N|N|8|CQ
7|13|170|172|184|50|3N|N|7|CQ
7|13|260|296|315|37|3N|N|8|CQ
7|13|194|302|311|136|3N|N|7|CQ
7|13|80|124|49|179|3N|N|8|CQ
7|13|233|308|229|211|3D|S|10|H4
7|13|237|168|212|186|2N|N|7|CQ
7|13|208|165|99|161|3N|N|7|CQ
7|13|272|271|127|16|1N|N|7|CQ
7|13|34|106|203|82|3N|N|7|CQ
7|14|239|219|289|70|4S|S|13|HK
7|14|170|172|184|50|4S|S|13|HK
7|14|260|296|315|37|5S|N|13|H4
7|14|194|302|311|136|4S|S|13|HK
7|14|80|124|49|179|6S|S|13|HK
7|14|233|308|229|211|4S|N|11|C6
7|14|237|168|212|186|4S|S|13|HQ
7|14|208|165|99|161|4S|S|13|HK
7|14|272|271|127|16|4S|S|13|HK
7|14|34|106|203|82|5S|N|13|H6
7|15|239|219|289|70|3C|E|9|HJ
7|15|170|172|184|50|3C|E|9|HJ
7|15|260|296|315|37|3C|E|9|HJ
7|15|194|302|311|136|3C|E|9|HJ
7|15|80|124|49|179|3C|E|9|HJ
7|15|233|308|229|211|5H|N|9|CA
7|15|237|168|212|186|3SX|S|9|HQ
7|15|208|165|99|161|3NX|W|8|DK
7|15|272|271|127|16|3C|E|9|HJ
7|15|34|106|203|82|4C|E|10|S4
7|16|239|219|289|70|4S|N|10|C5
7|16|170|172|184|50|4S|S|10|H8
7|16|260|296|315|37|4S|S|7|CT
7|16|194|302|311|136|4S|S|10|H8
7|16|80|124|49|179|4S|N|10|DT
7|16|233|308|229|211|4S|N|10|C5
7|16|237|168|212|186|4S|N|10|D9
7|16|208|165|99|161|4S|N|9|HJ
7|16|272|271|127|16|3N|S|6|C9
7|16|34|106|203|82|4S|S|10|H8
7|17|236|219|261|146|6N|N|12|S2
7|17|170|172|184|50|6N|N|12|DJ
7|17|260|138|315|300|6N|N|12|H5
7|17|194|302|311|136|6N|N|12|DJ
7|17|80|233|49|229|6N|N|12|DJ
7|17|220|101|278|90|6N|N|12|DT
7|17|237|168|212|186|6N|N|12|DT
7|17|96|117|210|67|3N|N|12|S9
7|17|45|271|152|16|6C|N|11|DJ
7|17|240|106|17|82|6C|N|11|DJ
7|18|236|219|261|146|4S|N|10|D5
7|18|170|172|184|50|5S|N|11|D4
7|18|260|138|315|300|4S|N|10|D5
7|18|194|302|311|136|4S|N|11|D5
7|18|80|233|49|229|4S|N|10|D5
7|18|220|101|278|90|4S|N|11|D4
7|18|237|168|212|186|4S|N|10|D5
7|18|96|117|210|67|6S|N|10|HA
7|18|45|271|152|16|4S|N|9|ST
7|18|240|106|17|82|4S|N|10|D4
7|19|236|219|261|146|3N|E|10|H5
7|19|170|172|184|50|3N|E|10|H2
7|19|260|138|315|300|3N|E|10|DJ
7|19|194|302|311|136|3N|E|11|H5
7|19|80|233|49|229|3N|E|10|H2
7|19|220|101|278|90|3N|E|11|DJ
7|19|237|168|212|186|3N|E|10|H5
7|19|96|117|210|67|4HX|N|7|S8
7|19|45|271|152|16|3N|E|11|H5
7|19|240|106|17|82|6C|E|11|H7
7|2|239|219|289|70|2S|N|9|H3
7|2|170|172|184|50|1S|N|10|C8
7|2|260|296|315|37|2S|N|10|H3
7|2|194|302|311|136|3S|N|10|S5
7|2|80|124|49|179|1S|N|9|S5
7|2|233|308|229|211|2S|N|10|S7
7|2|237|168|212|186|1NX|W|6|SA
7|2|208|165|99|161|2H|S|7|D8
7|2|272|271|127|16|2S|N|10|S5
7|2|34|106|203|82|1NX|W|7|C2
7|20|236|219|261|146|4S|N|12|HA
7|20|170|172|184|50|5S|N|11|HA
7|20|260|138|315|300|4S|N|11|HA
7|20|194|302|311|136|4S|N|12|CT
7|20|80|233|49|229|5D|N|12|HA
7|20|220|101|278|90|6S|N|12|HA
7|20|237|168|212|186|5S|N|11|HA
7|20|96|117|210|67|4S|N|12|CT
7|20|45|271|152|16|4S|N|12|CT
7|20|240|106|17|82|4S|N|12|DJ
7|21|236|219|261|146|3N|N|10|H5
7|21|170|172|184|50|3N|N|10|D6
7|21|260|138|315|300|3N|N|10|D9
7|21|194|302|311|136|3N|N|10|DT
7|21|80|233|49|229|6C|N|11|DT
7|21|220|101|278|90|3N|S|10|S6
7|21|237|168|212|186|3N|N|10|D9
7|21|96|117|210|67|5C|N|11|S9
7|21|45|271|152|16|3N|N|11|D9
7|21|240|106|17|82|3N|S|10|D7
7|22|236|219|261|146|4S|S|11|H3
7|22|170|172|184|50|6S|N|12|DK
7|22|260|138|315|300|4S|S|10|H3
7|22|194|302|311|136|5HX|E|9|CA
7|22|80|233|49|229|6C|N|12|DK
7|22|220|101|278|90|5C|N|12|S5
7|22|237|168|212|186|6C|N|12|S7
7|22|96|117|210|67|5C|N|12|HA
7|22|45|271|152|16|6HX|E|9|CA
7|22|240|106|17|82|6CX|N|12|HA
7|23|236|219|261|146|3N|E|9|C2
7|23|170|172|184|50|3H|S|6|H2
7|23|260|138|315|300|3H|S|7|C5
7|23|194|302|311|136|2N|E|8|HT
7|23|80|233|49|229|2N|E|8|SQ
7|23|220|101|278|90|2N|E|9|H6
7|23|237|168|212|186|3N|E|10|HT
7|23|96|117|210|67|3N|E|7|H9
7|23|45|271|152|16|1N|E|7|H3
7|23|240|106|17|82|2N|E|9|SQ
7|24|236|219|261|146|4S|W|8|H4
7|24|170|172|184|50|4S|E|9|D5
7|24|260|138|315|300|4S|E|9|C6
7|24|194|302|311|136|4S|E|8|D4
7|24|80|233|49|229|4S|E|8|C3
7|24|220|101|278|90|4S|W|9|H2
7|24|237|168|212|186|4S|E|9|C6
7|24|96|117|210|67|4S|E|8|D9
7|24|45|271|152|16|4S|E|9|C6
7|24|240|106|17|82|4H|E|9|C3
7|25|236|219|261|146|2N|E|10|H2
7|25|170|172|184|50|3D|W|10|S3
7|25|260|138|315|300|3D|W|10|D5
7|25|194|302|311|136|3D|W|9|S4
7|25|80|233|49|229|3S|N|9|HQ
7|25|220|101|278|90|3D|W|9|C5
7|25|237|168|212|186|3N|E|8|H3
7|25|96|117|210|67|2N|W|8|S4
7|25|45|271|152|16|1N|E|9|H3
7|25|240|106|17|82|3D|W|10|D5
7|26|236|219|261|146|4H|S|10|SQ
7|26|170|172|184|50|4H|S|10|SQ
7|26|260|138|315|300|7H|S|12|SQ
7|26|194|302|311|136|4H|S|10|C4
7|26|80|233|49|229|6H|S|12|SQ
7|26|220|101|278|90|4H|S|10|C4
7|26|237|168|212|186|4H|S|10|SJ
7|26|96|117|210|67|4H|S|10|SQ
7|26|45|271|152|16|4H|S|10|SQ
7|26|240|106|17|82|6H|S|12|C4
7|27|236|219|261|146|2S|W|8|H8
7|27|170|172|184|50|3S|W|7|DJ
7|27|260|138|315|300|2S|W|8|H8
7|27|194|302|311|136|3S|W|8|H8
7|27|80|233|49|229|2S|W|7|SJ
7|27|220|101|278|90|2S|W|6|SJ
7|27|237|168|212|186|3C|N|9|C5
7|27|96|117|210|67|3C|N|9|S6
7|27|45|271|152|16|2S|W|8|H8
7|27|240|106|17|82|2S|W|8|H8
7|28|236|219|261|146|3N|S|9|C4
7|28|170|172|184|50|3N|N|8|S4
7|28|260|138|315|300|4S|S|9|C4
7|28|194|302|311|136|3D|N|8|CA
7|28|80|233|49|229|4S|S|9|HK
7|28|220|101|278|90|3N|S|8|C7
7|28|237|168|212|186|3N|S|5|C4
7|28|96|117|210|67|5D|N|9|CA
7|28|45|271|152|16|3N|S|9|C4
7|28|240|106|17|82|3N|N|9|H7
7|29|236|219|261|146|4S|S|10|S6
7|29|170|172|184|50|4S|S|10|S2
7|29|260|138|315|300|4S|S|10|HJ
7|29|194|302|311|136|4S|N|10|CQ
7|29|80|233|49|229|4S|S|10|DK
7|29|220|101|278|90|4S|N|10|D3
7|29|237|168|212|186|4S|S|9|DQ
7|29|96|117|210|67|4S|S|10|DK
7|29|45|271|152|16|4S|S|10|DK
7|29|240|106|17|82|3N|N|8|CQ
7|3|239|219|289|70|4H|S|12|SQ
7|3|170|172|184|50|4H|S|12|SQ
7|3|260|296|315|37|4H|S|12|SQ
7|3|194|302|311|136|4H|S|12|SQ
7|3|80|124|49|179|4H|S|11|SQ
7|3|233|308|229|211|4H|S|12|SQ
7|3|237|168|212|186|4H|S|11|SJ
7|3|208|165|99|161|4H|S|11|SQ
7|3|272|271|127|16|4H|S|11|SQ
7|3|34|106|203|82|5H|S|11|SQ
7|30|236|219|261|146|2N|E|8|H7
7|30|170|172|184|50|3N|W|8|H2
7|30|260|138|315|300|3N|E|8|H9
7|30|194|302|311|136|3N|W|7|H4
7|30|80|233|49|229|2N|W|8|H2
7|30|220|101|278|90|3N|E|8|C4
7|30|237|168|212|186|2N|E|8|H8
7|30|96|117|210|67|3N|E|10|DT
7|30|45|271|152|16|3N|E|6|H8
7|30|240|106|17|82|2N|E|8|H9
7|31|236|219|261|146|3C|N|8|HK
7|31|170|172|184|50|3S|W|8|C7
7|31|260|138|315|300|2S|E|8|H9
7|31|194|302|311|136|3S|E|8|D3
7|31|80|233|49|229|3S|E|8|D4
7|31|220|101|278|90|2S|W|8|CK
7|31|237|168|212|186|3S|W|8|C7
7|31|96|117|210|67|3S|W|8|C7
7|31|45|271|152|16|P||0
7|31|240|106|17|82|2S|W|8|H6
7|32|236|219|261|146|3N|W|9|S5
7|32|170|172|184|50|3N|W|9|S4
7|32|260|138|315|300|3N|E|10|HT
7|32|194|302|311|136|3N|W|8|DT
7|32|80|233|49|229|1N|E|9|HT
7|32|220|101|278|90|3N|W|9|S4
7|32|237|168|212|186|3N|W|9|S5
7|32|96|117|210|67|3N|W|9|C7
7|32|45|271|152|16|3N|W|10|H4
7|32|240|106|17|82|3N|W|9|DT
7|4|239|219|289|70|1N|N|4|DT
7|4|170|172|184|50|3C|S|7|DA
7|4|260|296|315|37|3N|W|6|CA
7|4|194|302|311|136|1S|S|6|DA
7|4|80|124|49|179|3C|S|7|DK
7|4|233|308|229|211|4SX|E|8|H9
7|4|237|168|212|186|1N|S|4|DQ
7|4|208|165|99|161|1H|W|8|D6
7|4|272|271|127|16|3N|W|6|D7
7|4|34|106|203|82|1N|E|8|S7
7|5|239|219|289|70|3C|S|7|H4
7|5|170|172|184|50|2C|S|8|H2
7|5|260|296|315|37|3CX|S|8|H4
7|5|194|302|311|136|3N|N|8|DT
7|5|80|124|49|179|2C|S|8|C2
7|5|233|308|229|211|3N|N|8|H3
7|5|237|168|212|186|2C|S|9|H4
7|5|208|165|99|161|2N|N|7|H9
7|5|272|271|127|16|2D|S|8|H4
7|5|34|106|203|82|3N|N|8|DT
7|6|239|219|289|70|3N|E|10|H6
7|6|170|172|184|50|3N|E|10|ST
7|6|260|296|315|37|4H|E|10|ST
7|6|194|302|311|136|3N|E|9|D3
7|6|80|124|49|179|3N|W|9|D6
7|6|233|308|229|211|3N|W|10|S6
7|6|237|168|212|186|3N|E|10|D3
7|6|208|165|99|161|3N|E|9|ST
7|6|272|271|127|16|3N|E|9|D5
7|6|34|106|203|82|3N|E|10|DK
7|7|239|219|289|70|3C|N|6|CA
7|7|170|172|184|50|2H|E|11|C3
7|7|260|296|315|37|2H|W|10|S9
7|7|194|302|311|136|2H|W|10|S9
7|7|80|124|49|179|1N|E|10|S4
7|7|233|308|229|211|2H|E|9|C4
7|7|237|168|212|186|1NX|S|5|CJ
7|7|208|165|99|161|4H|E|9|C4
7|7|272|271|127|16|4H|E|10|C7
7|7|34|106|203|82|1N|S|3|H2
7|8|239|219|289|70|4S|S|12|D4
7|8|170|172|184|50|6S|S|11|H4
7|8|260|296|315|37|3N|S|12|D3
7|8|194|302|311|136|4S|S|12|D4
7|8|80|124|49|179|4S|S|12|C8
7|8|233|308|229|211|6S|S|11|H4
7|8|237|168|212|186|6S|S|12|D4
7|8|208|165|99|161|3N|S|12|D6
7|8|272|271|127|16|6S|S|12|S4
7|8|34|106|203|82|4S|S|12|C3
7|9|239|219|289|70|3N|S|9|S8
7|9|170|172|184|50|3N|S|9|H4
7|9|260|296|315|37|3N|S|10|S8
7|9|194|302|311|136|3C|S|10|H2
7|9|80|124|49|179|3N|S|9|S8
7|9|233|308|229|211|3C|S|11|H4
7|9|237|168|212|186|3N|S|7|S8
7|9|208|165|99|161|3N|S|10|H4
7|9|272|271|127|16|3N|S|8|S8
7|9|34|106|203|82|3C|S|9|S5
8|1|138|236|300|261|3N|W|9|H3
8|1|172|296|50|37|3N|W|9|S3
8|1|34|260|203|315|3N|W|9|S3
8|1|10|240|228|17|3N|W|11|H3
8|1|124|146|179|70|3N|W|9|S5
8|1|170|220|184|278|3N|W|9|S3
8|1|208|101|99|90|3N|W|9|S5
8|1|80|96|49|210|4S|E|10|S2
8|1|249|117|54|67|3N|W|9|H3
8|1|165|106|161|82|3N|W|9|H3
8|10|138|236|300|261|4H|E|12|DJ
8|10|172|296|50|37|6H|E|12|DJ
8|10|34|260|203|315|4H|E|12|DJ
8|10|10|240|228|17|4H|E|12|DJ
8|10|124|146|179|70|4H|E|12|SJ
8|10|170|220|184|278|4H|E|12|DJ
8|10|208|101|99|90|4H|W|10|CK
8|10|80|96|49|210|6H|E|12|CA
8|10|249|117|54|67|4H|E|12|H8
8|10|165|106|161|82|4H|E|12|H8
8|11|138|236|300|261|4S|N|13|DK
8|11|172|296|50|37|4S|N|13|DK
8|11|34|260|203|315|4S|S|13|D4
8|11|10|240|228|17|4S|N|13|DK
8|11|124|146|179|70|4S|S|13|D3
8|11|170|220|184|278|4S|N|13|DK
8|11|208|101|99|90|6S|N|13|DQ
8|11|80|96|49|210|4S|N|13|DJ
8|11|249|117|54|67|6S|N|13|DK
8|11|165|106|161|82|4S|N|13|DK
8|12|138|236|300|261|2H|W|7|D2
8|12|172|296|50|37|3C|S|10|HA
8|12|34|260|203|315|1N|W|5|ST
8|12|10|240|228|17|3C|S|9|D8
8|12|124|146|179|70|3C|S|10|HA
8|12|170|220|184|278|3C|S|10|HA
8|12|208|101|99|90|3C|S|10|HK
8|12|80|96|49|210|3C|S|10|HA
8|12|249|117|54|67|3C|S|8|HA
8|12|165|106|161|82|3C|S|9|HA
8|13|138|236|300|261|3N|W|10|H7
8|13|172|296|50|37|3N|W|9|C6
8|13|34|260|203|315|3N|W|8|CT
8|13|10|240|228|17|3N|W|9|H7
8|13|124|146|179|70|3N|W|8|C2
8|13|170|220|184|278|3N|E|8|S6
8|13|208|101|99|90|3N|W|8|CT
8|13|80|96|49|210|3N|W|9|CT
8|13|249|117|54|67|3N|W|8|CT
8|13|165|106|161|82|3N|W|9|CT
8|14|138|236|300|261|3N|N|11|S6
8|14|172|296|50|37|6N|S|12|C8
8|14|34|260|203|315|3N|S|12|D9
8|14|10|240|228|17|3N|N|12|S6
8|14|124|146|179|70|3N|S|12|SJ
8|14|170|220|184|278|6D|N|12|H3
8|14|208|101|99|90|6D|S|12|C7
8|14|80|96|49|210|6D|S|12|C2
8|14|249|117|54|67|6D|N|12|S6
8|14|165|106|161|82|6N|S|12|C8
8|15|138|236|300|261|6S|S|11|DA
8|15|172|296|50|37|6S|S|11|HA
8|15|34|260|203|315|5S|S|11|S3
8|15|10|240|228|17|5S|S|11|HA
8|15|124|146|179|70|5S|S|11|S4
8|15|170|220|184|278|5S|S|11|S3
8|15|208|101|99|90|6S|S|11|HA
8|15|80|96|49|210|5S|S|11|HA
8|15|249|117|54|67|4S|S|11|DA
8|15|165|106|161|82|5S|S|11|HA
8|16|138|236|300|261|3HX|S|8|C7
8|16|172|296|50|37|3C|S|7|D2
8|16|34|260|203|315|2S|W|7|C6
8|16|10|240|228|17|2C|S|7|H2
8|16|124|146|179|70|2C|S|6|D2
8|16|170|220|184|278|3N|W|7|H6
8|16|208|101|99|90|3S|W|6|SK
8|16|80|96|49|210|3S|E|6|CQ
8|16|249|117|54|67|3S|W|8|H6
8|16|165|106|161|82|1S|N|7|HT
8|17|138|239|300|289|4H|E|10|C7
8|17|236|296|261|37|3N|W|10|S3
8|17|271|260|16|315|3N|W|11|S3
8|17|10|240|228|17|3N|W|11|C2
8|17|124|146|179|70|4H|E|10|C7
8|17|170|233|184|229|3N|W|10|S6
8|17|168|308|186|211|4H|E|10|D5
8|17|101|208|90|99|4H|E|11|C4
8|17|106|117|82|67|3N|W|11|C2
8|17|237|45|212|152|3N|W|11|S3
8|18|138|239|300|289|4H|E|10|D3
8|18|236|296|261|37|4H|E|11|SK
8|18|271|260|16|315|4H|E|11|SK
8|18|10|240|228|17|4H|E|10|SK
8|18|124|146|179|70|4H|E|11|SK
8|18|170|233|184|229|4H|E|12|H6
8|18|168|308|186|211|4H|E|11|SQ
8|18|101|208|90|99|6H|E|10|SQ
8|18|106|117|82|67|5H|E|10|SQ
8|18|237|45|212|152|4H|E|10|SK
8|19|138|239|300|289|4H|S|9|SA
8|19|236|296|261|37|3H|N|9|S7
8|19|271|260|16|315|3H|S|9|SA
8|19|10|240|228|17|4H|S|9|SA
8|19|124|146|179|70|4H|S|10|C8
8|19|170|233|184|229|4HX|N|10|S7
8|19|168|308|186|211|4H|S|10|DA
8|19|101|208|90|99|4H|N|11|S7
8|19|106|117|82|67|3H|S|9|SA
8|19|237|45|212|152|4HX|S|9|HJ
8|2|138|236|300|261|1H|W|8|CQ
8|2|172|296|50|37|2H|W|8|CQ
8|2|34|260|203|315|2H|W|9|CQ
8|2|10|240|228|17|2H|W|9|CQ
8|2|124|146|179|70|2H|E|8|C6
8|2|170|220|184|278|1N|E|6|S5
8|2|208|101|99|90|2S|S|7|HT
8|2|80|96|49|210|2S|S|7|CA
8|2|249|117|54|67|2S|S|7|CA
8|2|165|106|161|82|2S|S|8|HJ
8|20|138|239|300|289|3N|W|10|H3
8|20|236|296|261|37|3N|W|9|H7
8|20|271|260|16|315|3N|W|9|H6
8|20|10|240|228|17|3N|E|11|H4
8|20|124|146|179|70|3N|W|10|C2
8|20|170|233|184|229|3N|E|11|S3
8|20|168|308|186|211|3N|W|9|H6
8|20|101|208|90|99|3N|W|9|C5
8|20|106|117|82|67|3N|W|11|SQ
8|20|237|45|212|152|3N|W|10|C2
8|21|138|239|300|289|3N|N|11|C5
8|21|236|296|261|37|4S|N|10|SJ
8|21|271|260|16|315|4S|N|10|D3
8|21|10|240|228|17|4S|N|10|SJ
8|21|124|146|179|70|4S|N|10|SJ
8|21|170|233|184|229|2S|N|10|H7
8|21|168|308|186|211|4S|N|9|HA
8|21|101|208|90|99|3N|N|8|H6
8|21|106|117|82|67|4S|N|10|SJ
8|21|237|45|212|152|4S|N|10|D3
8|22|138|239|300|289|3H|E|9|D4
8|22|236|296|261|37|3D|N|9|CK
8|22|271|260|16|315|3H|E|9|SJ
8|22|10|240|228|17|5DX|N|9|CK
8|22|124|146|179|70|4H|E|9|SJ
8|22|170|233|184|229|3H|E|9|H2
8|22|168|308|186|211|2H|E|8|D4
8|22|101|208|90|99|4H|E|8|D7
8|22|106|117|82|67|3D|N|9|CK
8|22|237|45|212|152|3H|E|9|D4
8|23|138|239|300|289|4S|S|11|H9
8|23|236|296|261|37|6S|S|11|HT
8|23|271|260|16|315|6S|S|11|D3
8|23|10|240|228|17|6S|S|11|HT
8|23|124|146|179|70|6S|S|11|HT
8|23|170|233|184|229|4S|S|11|H2
8|23|168|308|186|211|4S|S|11|HT
8|23|101|208|90|99|6S|S|11|HT
8|23|106|117|82|67|5S|S|11|D3
8|23|237|45|212|152|4S|S|11|H2
8|24|138|239|300|289|4H|W|10|CJ
8|24|236|296|261|37|4H|E|10|CQ
8|24|271|260|16|315|4S|W|10|CJ
8|24|10|240|228|17|4S|W|10|CJ
8|24|124|146|179|70|4S|W|9|CJ
8|24|170|233|184|229|4S|W|9|C7
8|24|168|308|186|211|4H|W|10|CT
8|24|101|208|90|99|4DX|S|9|SA
8|24|106|117|82|67|3S|W|9|CJ
8|24|237|45|212|152|5H|E|10|DA
8|25|138|239|300|289|4S|W|10|H6
8|25|236|296|261|37|4H|W|8|C7
8|25|271|260|16|315|4H|W|10|H6
8|25|10|240|228|17|4H|W|10|H6
8|25|124|146|179|70|4H|W|10|H6
8|25|170|233|184|229|4S|W|8|S2
8|25|168|308|186|211|4H|W|10|H6
8|25|101|208|90|99|4H|W|10|H5
8|25|106|117|82|67|4H|E|9|S8
8|25|237|45|212|152|4S|E|8|CQ
8|26|138|239|300|289|3N|W|12|C8
8|26|236|296|261|37|4H|W|12|C8
8|26|271|260|16|315|6C|E|12|D7
8|26|10|240|228|17|6H|W|12|C8
8|26|124|146|179|70|3N|E|6|D7
8|26|170|233|184|229|6C|E|12|D2
8|26|168|308|186|211|6C|E|12|D7
8|26|101|208|90|99|6C|E|12|H5
8|26|106|117|82|67|5H|W|12|C8
8|26|237|45|212|152|6C|E|12|D7
8|27|138|239|300|289|3S|N|8|S7
8|27|236|296|261|37|3S|N|8|SJ
8|27|271|260|16|315|2D|E|11|HK
8|27|10|240|228|17|4S|N|8|S7
8|27|124|146|179|70|1N|E|7|S3
8|27|170|233|184|229|3D|W|11|D2
8|27|168|308|186|211|2S|N|8|SJ
8|27|101|208|90|99|2S|N|8|S7
8|27|106|117|82|67|1N|E|7|S4
8|27|237|45|212|152|4S|N|8|D7
8|28|138|239|300|289|3H|W|8|SJ
8|28|236|296|261|37|2H|W|8|CQ
8|28|271|260|16|315|3H|W|8|SJ
8|28|10|240|228|17|3H|W|8|SJ
8|28|124|146|179|70|3H|W|8|SJ
8|28|170|233|184|229|3H|W|8|SJ
8|28|168|308|186|211|3H|W|8|SJ
8|28|101|208|90|99|3H|W|8|SJ
8|28|106|117|82|67|3H|W|8|SJ
8|28|237|45|212|152|2H|W|8|DQ
8|29|138|239|300|289|6S|E|11|D5
8|29|236|296|261|37|6S|E|10|D5
8|29|271|260|16|315|6S|E|11|HT
8|29|10|240|228|17|6S|W|11|D2
8|29|124|146|179|70|6S|E|11|D5
8|29|170|233|184|229|6S|E|11|C7
8|29|168|308|186|211|2HX|N|3|SA
8|29|101|208|90|99|6S|E|11|D6
8|29|106|117|82|67|6S|E|12|D8
8|29|237|45|212|152|6S|E|11|C7
8|3|138|236|300|261|4S|N|11|C4
8|3|172|296|50|37|1S|N|11|D2
8|3|34|260|203|315|4H|S|11|DK
8|3|10|240|228|17|2S|N|11|D8
8|3|124|146|179|70|4S|N|11|D2
8|3|170|220|184|278|4S|S|11|SJ
8|3|208|101|99|90|4S|N|11|D5
8|3|80|96|49|210|4H|S|11|SJ
8|3|249|117|54|67|4H|S|11|SJ
8|3|165|106|161|82|4S|N|12|HK
8|30|138|239|300|289|4S|N|10|C8
8|30|236|296|261|37|1N|W|6|SK
8|30|271|260|16|315|4S|N|9|H5
8|30|10|240|228|17|4H|W|9|C4
8|30|124|146|179|70|3S|N|9|H5
8|30|170|233|184|229|1N|W|7|SK
8|30|168|308|186|211|3N|N|7|D6
8|30|101|208|90|99|3H|W|9|SQ
8|30|106|117|82|67|5C|S|10|HA
8|30|237|45|212|152|4H|W|9|SK
8|31|138|239|300|289|3D|N|10|S3
8|31|236|296|261|37|2D|N|10|D2
8|31|271|260|16|315|3H|W|6|DA
8|31|10|240|228|17|3D|N|10|D5
8|31|124|146|179|70|2D|N|10|D2
8|31|170|233|184|229|2D|N|10|D2
8|31|168|308|186|211|2H|W|7|DK
8|31|101|208|90|99|3N|S|9|H8
8|31|106|117|82|67|3D|N|10|S5
8|31|237|45|212|152|3D|N|10|D2
8|32|138|239|300|289|3N|N|9|D4
8|32|236|296|261|37|3N|N|10|D6
8|32|271|260|16|315|2DX|E|5|D2
8|32|10|240|228|17|3N|N|9|SK
8|32|124|146|179|70|3N|N|9|SK
8|32|170|233|184|229|2DX|E|5|D3
8|32|168|308|186|211|3N|N|10|D6
8|32|101|208|90|99|3N|N|10|SK
8|32|106|117|82|67|3N|N|10|D6
8|32|237|45|212|152|3N|N|9|D4
8|4|138|236|300|261|1N|W|8|D6
8|4|172|296|50|37|1N|W|7|D6
8|4|34|260|203|315|1S|S|4|H8
8|4|10|240|228|17|3N|W|6|D6
8|4|124|146|179|70|2N|E|8|S2
8|4|170|220|184|278|2N|E|6|S5
8|4|208|101|99|90|1N|W|7|D6
8|4|80|96|49|210|4H|E|8|D4
8|4|249|117|54|67|1N|W|8|D6
8|4|165|106|161|82|2H|E|7|DJ
8|5|138|236|300|261|3N|E|11|D9
8|5|172|296|50|37|3N|E|11|ST
8|5|34|260|203|315|3N|E|11|S6
8|5|10|240|228|17|3N|E|11|ST
8|5|124|146|179|70|3N|E|8|ST
8|5|170|220|184|278|3N|E|11|S4
8|5|208|101|99|90|3N|E|11|ST
8|5|80|96|49|210|3N|E|11|ST
8|5|249|117|54|67|3N|E|10|ST
8|5|165|106|161|82|3N|E|11|ST
8|6|138|236|300|261|6D|E|11|S4
8|6|172|296|50|37|6D|E|11|C5
8|6|34|260|203|315|6D|E|10|C5
8|6|10|240|228|17|6D|W|11|SQ
8|6|124|146|179|70|3N|E|11|C3
8|6|170|220|184|278|3N|E|11|C2
8|6|208|101|99|90|3N|E|11|C5
8|6|80|96|49|210|6D|W|11|C4
8|6|249|117|54|67|3N|E|11|C5
8|6|165|106|161|82|3N|E|11|C5
8|7|138|236|300|261|2S|N|7|C5
8|7|172|296|50|37|3N|W|6|S6
8|7|34|260|203|315|1N|W|10|S6
8|7|10|240|228|17|1N|E|10|S8
8|7|124|146|179|70|1N|W|10|S5
8|7|170|220|184|278|3N|W|10|S3
8|7|208|101|99|90|2N|W|8|S6
8|7|80|96|49|210|1N|E|9|S7
8|7|249|117|54|67|1N|W|10|S6
8|7|165|106|161|82|1N|W|7|S6
8|8|138|236|300|261|4HX|E|10|CA
8|8|172|296|50|37|4H|E|10|CA
8|8|34|260|203|315|5CX|S|8|CQ
8|8|10|240|228|17|4S|E|9|CA
8|8|124|146|179|70|4H|E|11|CK
8|8|170|220|184|278|4H|E|10|CA
8|8|208|101|99|90|3CX|S|7|H6
8|8|80|96|49|210|4HX|E|10|CK
8|8|249|117|54|67|4S|E|9|CA
8|8|165|106|161|82|4HX|E|9|CK
8|9|138|236|300|261|2S|E|6|H5
8|9|172|296|50|37|3D|N|8|SA
8|9|34|260|203|315|2S|E|6|H8
8|9|10|240|228|17|3D|N|8|SK
8|9|124|146|179|70|2N|E|7|CQ
8|9|170|220|184|278|4C|S|8|S9
8|9|208|101|99|90|2N|E|8|CT
8|9|80|96|49|210|3C|S|9|S9
8|9|249|117|54|67|3S|E|6|H5
8|9|165|106|161|82|4H|N|11|SK
9|1|239|302|289|136|4H|S|10|D3
9|1|10|236|228|261|4H|S|10|D3
9|1|194|220|311|278|2N|S|9|D8
9|1|124|296|179|37|4H|S|10|D3
9|1|170|168|184|186|4H|S|10|D3
9|1|96|219|210|70|3N|N|9|C4
9|1|101|272|90|127|2C|E|5|CA
9|1|249|308|54|211|4H|S|10|D8
9|1|117|34|67|203|3N|N|9|SJ
9|1|240|165|17|161|4H|S|10|D8
9|10|239|302|289|136|1N|N|8|SQ
9|10|10|236|228|261|3N|N|9|SQ
9|10|194|220|311|278|3N|N|8|SQ
9|10|124|296|179|37|2S|W|7|DJ
9|10|170|168|184|186|3N|N|9|SQ
9|10|96|219|210|70|2S|E|6|DK
9|10|101|272|90|127|2S|E|7|H9
9|10|249|308|54|211|2S|E|8|H9
9|10|117|34|67|203|3N|N|9|SQ
9|10|240|165|17|161|3C|S|11|HK
9|11|239|302|289|136|4H|S|12|ST
9|11|10|236|228|261|4H|S|12|CJ
9|11|194|220|311|278|4H|S|12|CJ
9|11|124|296|179|37|4H|S|12|CJ
9|11|170|168|184|186|4H|S|12|CT
9|11|96|219|210|70|4H|S|12|CJ
9|11|101|272|90|127|4H|S|12|CJ
9|11|249|308|54|211|4H|S|12|S9
9|11|117|34|67|203|6H|S|12|S9
9|11|240|165|17|161|4H|S|12|CJ
9|12|239|302|289|136|3C|W|9|H9
9|12|10|236|228|261|4H|N|10|SJ
9|12|194|220|311|278|5DX|E|7|HK
9|12|124|296|179|37|4H|N|12|C8
9|12|170|168|184|186|3N|S|8|CK
9|12|96|219|210|70|4H|N|12|C4
9|12|101|272|90|127|5CX|W|8|HT
9|12|249|308|54|211|3H|N|12|C5
9|12|117|34|67|203|5CX|W|9|SK
9|12|240|165|17|161|5CX|W|8|HT
9|13|239|302|289|136|3N|E|9|SQ
9|13|10|236|228|261|4H|E|10|DA
9|13|194|220|311|278|3N|W|12|HT
9|13|124|296|179|37|4H|W|10|C3
9|13|170|168|184|186|4H|E|9|DA
9|13|96|219|210|70|3N|E|8|D2
9|13|101|272|90|127|2S|N|5|C6
9|13|249|308|54|211|4H|E|11|DA
9|13|117|34|67|203|4H|E|11|DA
9|13|240|165|17|161|4H|E|9|DA
9|14|239|302|289|136|4S|E|9|CT
9|14|10|236|228|261|4S|E|10|CJ
9|14|194|220|311|278|3S|E|9|CJ
9|14|124|296|179|37|4S|E|11|HT
9|14|170|168|184|186|4S|E|9|CJ
9|14|96|219|210|70|4S|E|9|D2
9|14|101|272|90|127|3S|E|9|CJ
9|14|249|308|54|211|3S|E|9|CJ
9|14|117|34|67|203|4S|E|9|CJ
9|14|240|165|17|161|4S|E|9|CJ
9|15|239|302|289|136|4S|W|12|HA
9|15|10|236|228|261|4S|W|12|HA
9|15|194|220|311|278|4S|W|11|HA
9|15|124|296|179|37|4S|W|13|DT
9|15|170|168|184|186|4S|W|11|HA
9|15|96|219|210|70|4S|W|11|HA
9|15|101|272|90|127|4S|W|12|HA
9|15|249|308|54|211|4S|W|11|HA
9|15|117|34|67|203|4S|W|13|DT
9|15|240|165|17|161|4S|W|11|DT
9|16|239|302|289|136|3N|N|8|H7
9|16|10|236|228|261|3N|N|10|DJ
9|16|194|220|311|278|3N|S|9|S2
9|16|124|296|179|37|3N|N|10|DJ
9|16|170|168|184|186|3N|S|8|S8
9|16|96|219|210|70|3N|N|9|S6
9|16|101|272|90|127|3N|N|9|H7
9|16|249|308|54|211|3N|S|11|H6
9|16|117|34|67|203|3N|S|8|S2
9|16|240|165|17|161|3N|N|7|H7
9|17|239|302|289|136|3C|S|6|HA
9|17|10|236|228|261|2D|S|9|SK
9|17|194|220|311|278|2H|E|9|C6
9|17|233|138|229|300|3D|S|8|HA
9|17|170|208|184|99|3D|S|8|HA
9|17|96|219|210|146|3D|S|8|SK
9|17|308|106|211|82|3D|S|8|HA
9|17|249|101|54|90|5DX|N|8|HT
9|17|237|271|212|16|3NX|N|5|H9
9|17|34|165|203|161|2H|E|9|SA
9|18|239|302|289|136|4S|S|11|S7
9|18|10|236|228|261|4H|S|11|C2
9|18|194|220|311|278|4H|S|11|D7
9|18|233|138|229|300|4S|S|11|D4
9|18|170|208|184|99|6S|S|11|DK
9|18|96|219|210|146|4S|S|11|DK
9|18|308|106|211|82|5S|N|11|DA
9|18|249|101|54|90|4H|S|11|C5
9|18|237|271|212|16|4S|S|11|S9
9|18|34|165|203|161|4H|S|11|D7
9|19|239|302|289|136|4S|S|11|C6
9|19|10|236|228|261|3N|S|12|C4
9|19|194|220|311|278|3N|S|10|H4
9|19|233|138|229|300|3N|S|10|H4
9|19|170|208|184|99|3N|S|9|H4
9|19|96|219|210|146|3N|S|9|H5
9|19|308|106|211|82|3N|N|10|HJ
9|19|249|101|54|90|3N|S|9|H4
9|19|237|271|212|16|3N|S|9|H5
9|19|34|165|203|161|3N|S|9|H4
9|2|239|302|289|136|4H|S|10|S3
9|2|10|236|228|261|4H|N|10|CA
9|2|194|220|311|278|4H|S|10|S4
9|2|124|296|179|37|3N|N|7|C2
9|2|170|168|184|186|4H|S|10|C9
9|2|96|219|210|70|4H|N|10|S2
9|2|101|272|90|127|4H|S|10|D4
9|2|249|308|54|211|4H|S|10|C7
9|2|117|34|67|203|4H|S|10|C7
9|2|240|165|17|161|4H|N|10|D8
9|20|239|302|289|136|3D|N|6|HJ
9|20|10|236|228|261|4H|W|9|D2
9|20|194|220|311|278|4S|W|10|S6
9|20|233|138|229|300|5SX|S|6|D6
9|20|170|208|184|99|3DX|N|7|HJ
9|20|96|219|210|146|3DX|N|6|C8
9|20|308|106|211|82|4HX|W|10|CJ
9|20|249|101|54|90|4H|W|9|DT
9|20|237|271|212|16|3DX|N|7|HJ
9|20|34|165|203|161|4HX|W|9|DK
9|21|239|302|289|136|5S|N|11|H5
9|21|10|236|228|261|6SX|N|11|SA
9|21|194|220|311|278|6SX|N|12|SA
9|21|233|138|229|300|5S|N|11|H4
9|21|170|208|184|99|5S|N|12|H4
9|21|96|219|210|146|4S|N|12|C7
9|21|308|106|211|82|6SX|N|12|DA
9|21|249|101|54|90|4S|N|11|DA
9|21|237|271|212|16|4S|N|11|C7
9|21|34|165|203|161|4S|N|11|C7
9|22|239|302|289|136|3H|E|7|H9
9|22|10|236|228|261|2H|W|9|D2
9|22|194|220|311|278|2H|W|7|D2
9|22|233|138|229|300|2H|E|8|CJ
9|22|170|208|184|99|2S|S|6|HA
9|22|96|219|210|146|1H|E|8|CJ
9|22|308|106|211|82|1N|W|7|D4
9|22|249|101|54|90|3H|E|8|S8
9|22|237|271|212|16|2H|W|8|S4
9|22|34|165|203|161|2H|E|8|CJ
9|23|239|302|289|136|3N|N|9|HT
9|23|10|236|228|261|3N|N|9|HT
9|23|194|220|311|278|3N|S|9|H6
9|23|233|138|229|300|3N|N|9|HT
9|23|170|208|184|99|1N|N|8|HT
9|23|96|219|210|146|3N|N|9|HT
9|23|308|106|211|82|2S|N|9|HT
9|23|249|101|54|90|3N|S|8|H6
9|23|237|271|212|16|2N|N|9|HT
9|23|34|165|203|161|3N|S|9|H6
9|24|239|302|289|136|3H|W|8|SA
9|24|10|236|228|261|3H|W|8|DJ
9|24|194|220|311|278|2H|W|9|SA
9|24|233|138|229|300|2H|W|7|SA
9|24|170|208|184|99|3H|W|8|DJ
9|24|96|219|210|146|3H|W|8|DJ
9|24|308|106|211|82|1N|W|6|C7
9|24|249|101|54|90|3H|W|8|SA
9|24|237|271|212|16|3H|W|8|DJ
9|24|34|165|203|161|4C|N|9|DA
9|25|239|302|289|136|3N|E|8|H6
9|25|10|236|228|261|4SX|E|9|H6
9|25|194|220|311|278|3N|E|8|H6
9|25|233|138|229|300|3S|E|9|H6
9|25|170|208|184|99|4S|E|9|H4
9|25|96|219|210|146|3H|N|7|C6
9|25|308|106|211|82|2S|E|9|H4
9|25|249|101|54|90|3S|E|8|H6
9|25|237|271|212|16|2S|E|8|H6
9|25|34|165|203|161|2S|E|8|SK
9|26|239|302|289|136|4H|S|10|HT
9|26|10|236|228|261|4H|S|10|SQ
9|26|194|220|311|278|4H|N|10|SJ
9|26|233|138|229|300|3H|S|10|SQ
9|26|170|208|184|99|4H|N|10|SJ
9|26|96|219|210|146|3S|E|8|DA
9|26|308|106|211|82|3H|N|10|SJ
9|26|249|101|54|90|4H|S|10|SQ
9|26|237|271|212|16|2N|S|8|SQ
9|26|34|165|203|161|4H|S|10|SQ
9|27|239|302|289|136|4H|N|11|SK
9|27|10|236|228|261|4H|N|10|S4
9|27|194|220|311|278|3N|S|10|S6
9|27|233|138|229|300|4H|N|11|SK
9|27|170|208|184|99|4H|N|11|SK
9|27|96|219|210|146|4H|N|11|SK
9|27|308|106|211|82|3H|N|11|D4
9|27|249|101|54|90|4H|S|11|S3
9|27|237|271|212|16|4H|N|10|SK
9|27|34|165|203|161|3N|S|10|S5
9|28|239|302|289|136|6D|N|13|C2
9|28|10|236|228|261|6C|S|13|S6
9|28|194|220|311|278|6C|S|12|S2
9|28|233|138|229|300|5C|S|13|S6
9|28|170|208|184|99|6C|S|13|S6
9|28|96|219|210|146|6C|N|12|SK
9|28|308|106|211|82|6C|N|13|SQ
9|28|249|101|54|90|3N|S|13|C3
9|28|237|271|212|16|7C|S|13|S6
9|28|34|165|203|161|6C|S|12|S2
9|29|239|302|289|136|4S|N|7|DQ
9|29|10|236|228|261|4S|S|8|HT
9|29|194|220|311|278|4S|S|8|HT
9|29|233|138|229|300|4S|S|7|HT
9|29|170|208|184|99|4S|S|9|DA
9|29|96|219|210|146|4S|S|8|HT
9|29|308|106|211|82|3N|S|10|DA
9|29|249|101|54|90|4S|N|9|DJ
9|29|237|271|212|16|4S|S|8|HT
9|29|34|165|203|161|4S|S|7|H9
9|3|239|302|289|136|2D|S|7|S4
9|3|10|236|228|261|2H|S|8|S4
9|3|194|220|311|278|2H|S|10|H5
9|3|124|296|179|37|2H|S|10|H5
9|3|170|168|184|186|2H|S|10|H2
9|3|96|219|210|70|2N|N|8|ST
9|3|101|272|90|127|2S|S|10|H2
9|3|249|308|54|211|2S|S|9|C4
9|3|117|34|67|203|1N|S|8|C4
9|3|240|165|17|161|2H|S|8|S4
9|30|239|302|289|136|4S|N|12|DJ
9|30|10|236|228|261|5D|S|11|HT
9|30|194|220|311|278|4S|N|11|DJ
9|30|233|138|229|300|4S|N|12|DJ
9|30|170|208|184|99|5S|N|12|DJ
9|30|96|219|210|146|3N|S|10|HT
9|30|308|106|211|82|4HX|E|7|C6
9|30|249|101|54|90|4S|N|12|DJ
9|30|237|271|212|16|3N|S|12|HT
9|30|34|165|203|161|4S|N|12|DJ
9|31|239|302|289|136|1N|N|5|S4
9|31|10|236|228|261|1N|W|8|D5
9|31|194|220|311|278|1N|W|7|SQ
9|31|233|138|229|300|1N|W|8|D3
9|31|170|208|184|99|2C|S|7|SK
9|31|96|219|210|146|2S|E|8|CA
9|31|308|106|211|82|1N|W|8|D3
9|31|249|101|54|90|1N|W|7|D3
9|31|237|271|212|16|3S|E|7|CK
9|31|34|165|203|161|1N|W|8|D3
9|32|239|302|289|136|4S|N|9|HK
9|32|10|236|228|261|4S|N|8|CT
9|32|194|220|311|278|2N|S|8|H5
9|32|233|138|229|300|2N|S|6|H3
9|32|170|208|184|99|3S|S|9|CA
9|32|96|219|210|146|3S|N|8|HK
9|32|308|106|211|82|3S|N|9|HK
9|32|249|101|54|90|4S|N|9|HQ
9|32|237|271|212|16|4S|N|9|C6
9|32|34|165|203|161|4S|N|9|HK
9|4|239|302|289|136|4S|W|10|CA
9|4|10|236|228|261|3C|N|10|DA
9|4|194|220|311|278|4C|N|9|DA
9|4|124|296|179|37|3S|W|10|CK
9|4|170|168|184|186|4S|W|9|CA
9|4|96|219|210|70|4S|E|10|C9
9|4|101|272|90|127|4S|W|10|CK
9|4|249|308|54|211|3S|W|10|CA
9|4|117|34|67|203|3S|W|10|D3
9|4|240|165|17|161|4S|W|11|CK
9|5|239|302|289|136|4S|W|11|CT
9|5|10|236|228|261|4S|W|10|DK
9|5|194|220|311|278|4C|E|10|HT
9|5|124|296|179|37|4S|W|11|CT
9|5|170|168|184|186|4S|W|11|DK
9|5|96|219|210|70|1S|W|11|CT
9|5|101|272|90|127|3H|S|9|CK
9|5|249|308|54|211|4S|W|10|DK
9|5|117|34|67|203|4S|W|11|CT
9|5|240|165|17|161|4S|W|11|DK
9|6|239|302|289|136|5H|N|10|SQ
9|6|10|236|228|261|3S|W|10|HA
9|6|194|220|311|278|3S|W|9|HA
9|6|124|296|179|37|4H|N|10|SQ
9|6|170|168|184|186|4HX|S|10|SA
9|6|96|219|210|70|3H|N|10|SQ
9|6|101|272|90|127|3H|N|10|SQ
9|6|249|308|54|211|5HX|N|10|SQ
9|6|117|34|67|203|P||0
9|6|240|165|17|161|4HX|N|10|SQ
9|7|239|302|289|136|2D|E|9|SK
9|7|10|236|228|261|4H|N|8|CK
9|7|194|220|311|278|3D|E|10|SK
9|7|124|296|179|37|3D|E|9|SK
9|7|170|168|184|186|4D|E|9|SK
9|7|96|219|210|70|5DX|E|9|SK
9|7|101|272|90|127|4D|E|9|HA
9|7|249|308|54|211|3D|E|9|SK
9|7|117|34|67|203|3D|E|10|SK
9|7|240|165|17|161|3D|E|9|SK
9|8|239|302|289|136|3S|W|8|D7
9|8|10|236|228|261|2S|W|8|D7
9|8|194|220|311|278|3C|N|9|S4
9|8|124|296|179|37|2S|W|8|D7
9|8|170|168|184|186|2S|E|8|DA
9|8|96|219|210|70|1N|W|7|HT
9|8|101|272|90|127|3C|N|9|C3
9|8|249|308|54|211|3S|W|8|C4
9|8|117|34|67|203|1D|W|5|HJ
9|8|240|165|17|161|3C|N|9|C3
9|9|239|302|289|136|3N|N|9|S4
9|9|10|236|228|261|3N|N|9|S6
9|9|194|220|311|278|3N|N|9|S4
9|9|124|296|179|37|4C|N|9|H9
9|9|170|168|184|186|5C|N|10|S2
9|9|96|219|210|70|3N|S|10|D3
9|9|101|272|90|127|3N|N|9|S4
9|9|249|308|54|211|3N|N|9|S4
9|9|117|34|67|203|3H|W|6|CA
9|9|240|165|17|161|2H|W|7|DJ
