1|1|96|297|181|24|3N|N|11|C4
1|1|241|116|247|160|3N|N|10|C3
1|1|200|66|22|183|3N|N|10|C4
1|1|101|203|315|304|3N|N|10|C4
1|1|40|63|67|13|3N|N|10|C4
1|1|154|126|250|60|3N|N|10|C4
1|1|23|6|191|136|3N|N|11|C4
1|1|318|36|128|156|3N|N|10|C4
1|1|3|288|5|143|3N|N|10|C4
1|1|99|226|93|277|3N|N|10|C4
1|10|96|297|181|24|1CX|S|6|CJ
1|10|241|116|247|160|1N|E|7|S3
1|10|200|66|22|183|1H|W|7|S4
1|10|101|203|315|304|3N|E|7|DQ
1|10|40|63|67|13|1S|W|8|C7
1|10|154|126|250|60|3N|E|7|S3
1|10|23|6|191|136|1CX|S|5|CJ
1|10|318|36|128|156|2D|N|6|H6
1|10|3|288|5|143|1N|E|6|S3
1|10|99|226|93|277|1H|W|8|C7
1|11|96|297|181|24|3N|W|8|H3
1|11|241|116|247|160|2S|W|8|D9
1|11|200|66|22|183|3N|E|7|H9
1|11|101|203|315|304|3N|E|8|H9
1|11|40|63|67|13|3N|W|8|H3
1|11|154|126|250|60|4S|W|8|D9
1|11|23|6|191|136|3N|E|8|H9
1|11|318|36|128|156|2D|E|9|C3
1|11|3|288|5|143|3N|E|8|H9
1|11|99|226|93|277|2S|W|9|D9
1|12|96|297|181|24|4H|N|12|CJ
1|12|241|116|247|160|3N|N|12|CJ
1|12|200|66|22|183|6N|N|12|CJ
1|12|101|203|315|304|4H|N|12|CJ
1|12|40|63|67|13|6N|N|12|CJ
1|12|154|126|250|60|4N|N|12|CJ
1|12|23|6|191|136|6N|N|12|CJ
1|12|318|36|128|156|6N|N|12|CJ
1|12|3|288|5|143|6H|N|12|CJ
1|12|99|226|93|277|6N|N|12|CJ
1|13|96|297|181|24|4S|N|11|HT
1|13|241|116|247|160|4H|N|9|C7
1|13|200|66|22|183|4S|N|10|S5
1|13|101|203|315|304|4S|N|10|S5
1|13|40|63|67|13|4S|N|9|DA
1|13|154|126|250|60|4S|N|11|HT
1|13|23|6|191|136|4S|N|10|C7
1|13|318|36|128|156|4S|N|11|HT
1|13|3|288|5|143|4S|N|10|S5
1|13|99|226|93|277|4S|N|10|D9
1|14|96|297|181|24|2H|E|8|CK
1|14|241|116|247|160|2H|E|8|CK
1|14|200|66|22|183|2H|E|8|CK
1|14|101|203|315|304|3S|N|9|H3
1|14|40|63|67|13|3H|E|8|CQ
1|14|154|126|250|60|2C|S|9|S4
1|14|23|6|191|136|2H|E|8|CK
1|14|318|36|128|156|4H|E|7|CK
1|14|3|288|5|143|2N|E|7|S8
1|14|99|226|93|277|1N|E|8|CK
1|15|96|297|181|24|3H|N|8|CK
1|15|241|116|247|160|5DX|E|10|H5
1|15|200|66|22|183|4H|N|9|CK
1|15|101|203|315|304|4H|N|10|CK
1|15|40|63|67|13|4H|N|10|H3
1|15|154|126|250|60|4HX|N|9|S6
1|15|23|6|191|136|2H|N|8|CK
1|15|318|36|128|156|2H|N|9|S3
1|15|3|288|5|143|3H|N|8|CK
1|15|99|226|93|277|4D|E|10|H5
1|16|96|297|181|24|2H|E|9|C5
1|16|241|116|247|160|2H|E|9|S5
1|16|200|66|22|183|2S|S|7|HT
1|16|101|203|315|304|2H|W|9|H9
1|16|40|63|67|13|2H|E|8|S5
1|16|154|126|250|60|4H|E|11|C3
1|16|23|6|191|136|2H|E|8|S5
1|16|318|36|128|156|2H|E|9|S5
1|16|3|288|5|143|2S|N|7|DA
1|16|99|226|93|277|2S|N|8|DK
1|17|96|297|230|24|3N|N|10|HA
1|17|2|181|105|71|3N|N|9|S5
1|17|200|66|22|183|3N|N|9|HA
1|17|138|203|72|304|3N|N|10|HA
1|17|40|63|67|13|3D|S|10|H5
1|17|154|126|250|60|3N|N|9|C3
1|17|23|6|191|136|2HX|W|6|D6
1|17|65|151|1|299|3N|N|7|C3
1|17|34|288|162|143|3N|N|10|C3
1|17|217|226|92|277|3N|N|10|HA
1|18|96|297|230|24|6N|S|12|H8
1|18|2|181|105|71|6N|S|12|S8
1|18|200|66|22|183|6N|S|12|S8
1|18|138|203|72|304|6N|N|12|H3
1|18|40|63|67|13|6N|S|12|S8
1|18|154|126|250|60|6N|S|11|S2
1|18|23|6|191|136|6N|N|12|D2
1|18|65|151|1|299|6N|N|12|H7
1|18|34|288|162|143|6N|S|12|S8
1|18|217|226|92|277|6N|S|12|S8
1|19|96|297|230|24|3S|N|9|DQ
1|19|2|181|105|71|3N|N|7|DQ
1|19|200|66|22|183|2S|N|9|DQ
1|19|138|203|72|304|2S|N|10|DQ
1|19|40|63|67|13|2NX|W|6|CK
1|19|154|126|250|60|3N|N|7|DQ
1|19|23|6|191|136|2S|N|9|DQ
1|19|65|151|1|299|3S|N|9|DQ
1|19|34|288|162|143|3S|S|10|D2
1|19|217|226|92|277|3S|N|9|DQ
1|2|96|297|181|24|3N|E|10|C6
1|2|241|116|247|160|3N|E|11|C9
1|2|200|66|22|183|3N|E|10|C9
1|2|101|203|315|304|2N|E|9|CT
1|2|40|63|67|13|3N|E|10|C6
1|2|154|126|250|60|3N|E|11|C6
1|2|23|6|191|136|3N|E|8|C6
1|2|318|36|128|156|3N|E|9|ST
1|2|3|288|5|143|3N|E|11|D6
1|2|99|226|93|277|3N|E|9|CT
1|20|96|297|230|24|3N|E|9|S3
1|20|2|181|105|71|3N|E|7|C4
1|20|200|66|22|183|3D|W|10|HT
1|20|138|203|72|304|3D|W|11|C2
1|20|40|63|67|13|3D|E|10|HA
1|20|154|126|250|60|3D|E|11|C4
1|20|23|6|191|136|3D|W|11|HT
1|20|65|151|1|299|3D|W|11|C5
1|20|34|288|162|143|3N|E|8|H6
1|20|217|226|92|277|5D|W|11|C5
1|21|96|297|230|24|3N|E|9|S4
1|21|2|181|105|71|3N|E|9|D4
1|21|200|66|22|183|3N|E|9|DT
1|21|138|203|72|304|3N|E|9|C7
1|21|40|63|67|13|3N|E|10|HJ
1|21|154|126|250|60|3N|W|10|H3
1|21|23|6|191|136|3N|W|10|H6
1|21|65|151|1|299|3N|E|9|C7
1|21|34|288|162|143|3N|E|9|HJ
1|21|217|226|92|277|3N|E|8|HJ
1|22|96|297|230|24|3H|S|9|DK
1|22|2|181|105|71|4HX|S|9|DK
1|22|200|66|22|183|2S|W|7|HQ
1|22|138|203|72|304|2H|S|9|DK
1|22|40|63|67|13|3S|W|9|HQ
1|22|154|126|250|60|3H|S|7|DK
1|22|23|6|191|136|4S|W|8|C2
1|22|65|151|1|299|3C|W|7|HQ
1|22|34|288|162|143|2N|W|7|HQ
1|22|217|226|92|277|5H|S|9|DK
1|23|96|297|230|24|2N|E|7|DQ
1|23|2|181|105|71|2N|E|7|DQ
1|23|200|66|22|183|2N|E|8|SQ
1|23|138|203|72|304|2N|E|7|DQ
1|23|40|63|67|13|2N|E|7|DQ
1|23|154|126|250|60|2N|E|7|DQ
1|23|23|6|191|136|2N|E|7|DQ
1|23|65|151|1|299|2N|E|7|DQ
1|23|34|288|162|143|2N|E|7|DQ
1|23|217|226|92|277|2N|E|7|DQ
1|24|96|297|230|24|3C|W|7|DK
1|24|2|181|105|71|3S|N|7|C4
1|24|200|66|22|183|3C|W|7|DK
1|24|138|203|72|304|4C|W|7|DK
1|24|40|63|67|13|3N|N|8|HQ
1|24|154|126|250|60|3N|N|9|SQ
1|24|23|6|191|136|4S|N|7|C4
1|24|65|151|1|299|3C|W|7|DK
1|24|34|288|162|143|3NX|N|9|SK
1|24|217|226|92|277|3CX|W|7|DK
1|25|96|297|230|24|4N|S|11|S5
1|25|2|181|105|71|3N|N|11|HT
1|25|200|66|22|183|3N|N|11|S8
1|25|138|203|72|304|3N|S|11|H5
1|25|40|63|67|13|3N|S|11|S5
1|25|154|126|250|60|4H|N|10|DT
1|25|23|6|191|136|3N|S|10|C6
1|25|65|151|1|299|4H|N|10|S9
1|25|34|288|162|143|3N|S|11|S5
1|25|217|226|92|277|3N|N|12|DT
1|26|96|297|230|24|3C|S|10|S4
1|26|2|181|105|71|3C|N|8|SA
1|26|200|66|22|183|3C|S|9|S7
1|26|138|203|72|304|3C|N|9|SA
1|26|40|63|67|13|3C|S|9|S7
1|26|154|126|250|60|4S|E|6|C6
1|26|23|6|191|136|3C|S|9|S7
1|26|65|151|1|299|2S|E|7|C6
1|26|34|288|162|143|3H|E|8|D2
1|26|217|226|92|277|3C|N|9|SK
1|27|96|297|230|24|4H|W|9|SA
1|27|2|181|105|71|4H|W|9|SA
1|27|200|66|22|183|4H|W|9|H4
1|27|138|203|72|304|4H|W|9|SA
1|27|40|63|67|13|4H|W|9|SK
1|27|154|126|250|60|4H|W|9|SK
1|27|23|6|191|136|1H|W|9|SA
1|27|65|151|1|299|4H|W|9|SA
1|27|34|288|162|143|4H|W|9|SA
1|27|217|226|92|277|2CX|S|5|C6
1|28|96|297|230|24|3CX|N|5|DT
1|28|2|181|105|71|4H|W|10|D2
1|28|200|66|22|183|4H|E|10|ST
1|28|138|203|72|304|3H|E|10|DK
1|28|40|63|67|13|2H|E|10|CA
1|28|154|126|250|60|4H|E|10|DK
1|28|23|6|191|136|4H|E|10|ST
1|28|65|151|1|299|3H|E|11|CA
1|28|34|288|162|143|3H|E|9|DK
1|28|217|226|92|277|3H|E|9|ST
1|29|96|297|230|24|3N|S|10|H4
1|29|2|181|105|71|5D|S|11|HK
1|29|200|66|22|183|5D|S|12|S3
1|29|138|203|72|304|5D|N|11|H3
1|29|40|63|67|13|3D|S|11|HK
1|29|154|126|250|60|5D|N|11|DT
1|29|23|6|191|136|6D|S|11|HK
1|29|65|151|1|299|3D|N|12|S7
1|29|34|288|162|143|3N|S|11|H4
1|29|217|226|92|277|3N|S|11|H4
1|3|96|297|181|24|4S|E|11|CQ
1|3|241|116|247|160|6S|E|12|D2
1|3|200|66|22|183|4S|E|11|CQ
1|3|101|203|315|304|4S|W|11|C7
1|3|40|63|67|13|4S|W|12|C5
1|3|154|126|250|60|4S|E|11|CQ
1|3|23|6|191|136|6S|E|11|CQ
1|3|318|36|128|156|6S|W|11|H3
1|3|3|288|5|143|4S|E|11|CQ
1|3|99|226|93|277|4S|E|11|CQ
1|30|96|297|230|24|1N|E|4|S4
1|30|2|181|105|71|2N|N|8|SK
1|30|200|66|22|183|2D|E|6|HA
1|30|138|203|72|304|2DX|W|5|DQ
1|30|40|63|67|13|3N|N|9|D3
1|30|154|126|250|60|3S|N|9|SK
1|30|23|6|191|136|2H|S|7|C2
1|30|65|151|1|299|1N|N|9|SQ
1|30|34|288|162|143|2S|N|11|CT
1|30|217|226|92|277|2H|S|9|C2
1|31|96|297|230|24|2S|W|5|SQ
1|31|2|181|105|71|3H|S|10|CK
1|31|200|66|22|183|2SX|E|7|S7
1|31|138|203|72|304|2S|E|6|DQ
1|31|40|63|67|13|3NX|S|7|S2
1|31|154|126|250|60|4SX|E|7|S7
1|31|23|6|191|136|3SX|E|6|S7
1|31|65|151|1|299|2N|N|7|SJ
1|31|34|288|162|143|2SX|W|8|D6
1|31|217|226|92|277|2SX|E|6|S7
1|32|96|297|230|24|4S|E|10|HJ
1|32|2|181|105|71|4S|E|10|HJ
1|32|200|66|22|183|4S|E|10|HJ
1|32|138|203|72|304|2S|E|11|HJ
1|32|40|63|67|13|2S|E|10|HJ
1|32|154|126|250|60|2S|E|10|HJ
1|32|23|6|191|136|2S|E|10|HJ
1|32|65|151|1|299|2N|S|7|C7
1|32|34|288|162|143|2S|W|10|H2
1|32|217|226|92|277|4S|E|10|HJ
1|4|96|297|181|24|2S|W|7|C3
1|4|241|116|247|160|2S|W|7|H9
1|4|200|66|22|183|2S|W|7|DA
1|4|101|203|315|304|2S|W|7|C4
1|4|40|63|67|13|2N|E|9|H3
1|4|154|126|250|60|2C|N|9|ST
1|4|23|6|191|136|1N|E|6|H3
1|4|318|36|128|156|3S|W|7|C3
1|4|3|288|5|143|3D|E|7|H7
1|4|99|226|93|277|2S|W|7|C3
1|5|96|297|181|24|2C|N|9|DJ
1|5|241|116|247|160|2S|W|8|HJ
1|5|200|66|22|183|2S|W|9|H3
1|5|101|203|315|304|3C|N|9|S4
1|5|40|63|67|13|1N|S|6|C7
1|5|154|126|250|60|2S|W|9|HJ
1|5|23|6|191|136|4S|E|9|H6
1|5|318|36|128|156|4SX|W|9|HJ
1|5|3|288|5|143|2S|W|8|HJ
1|5|99|226|93|277|2D|E|8|H6
1|6|96|297|181|24|5D|W|11|H6
1|6|241|116|247|160|4HX|S|7|CA
1|6|200|66|22|183|3N|E|8|H7
1|6|101|203|315|304|5D|W|11|H9
1|6|40|63|67|13|3N|W|8|H6
1|6|154|126|250|60|3N|W|7|H9
1|6|23|6|191|136|3NX|W|7|H6
1|6|318|36|128|156|3N|E|7|H4
1|6|3|288|5|143|3N|E|8|H3
1|6|99|226|93|277|4S|E|9|DT
1|7|96|297|181|24|3D|S|11|S3
1|7|241|116|247|160|3N|N|10|SJ
1|7|200|66|22|183|3N|N|9|SJ
1|7|101|203|315|304|3N|S|9|S5
1|7|40|63|67|13|3N|N|9|SJ
1|7|154|126|250|60|3N|S|10|C2
1|7|23|6|191|136|3N|S|10|C2
1|7|318|36|128|156|3N|N|10|SJ
1|7|3|288|5|143|3N|N|11|CJ
1|7|99|226|93|277|3S|E|6|HK
1|8|96|297|181|24|4S|W|8|HT
1|8|241|116|247|160|4S|W|7|HT
1|8|200|66|22|183|4S|W|7|DK
1|8|101|203|315|304|3S|W|9|HT
1|8|40|63|67|13|4S|W|9|HT
1|8|154|126|250|60|3N|E|9|D4
1|8|23|6|191|136|3S|W|9|HT
1|8|318|36|128|156|4S|W|8|HT
1|8|3|288|5|143|4S|W|10|C3
1|8|99|226|93|277|3CX|S|6|CQ
1|9|96|297|181|24|3H|S|9|SA
1|9|241|116|247|160|4S|E|6|HQ
1|9|200|66|22|183|3N|E|6|HQ
1|9|101|203|315|304|3C|E|8|HQ
1|9|40|63|67|13|3S|E|7|DA
1|9|154|126|250|60|4H|N|9|C6
1|9|23|6|191|136|3H|N|8|DK
1|9|318|36|128|156|3S|E|7|HQ
1|9|3|288|5|143|4S|E|7|HQ
1|9|99|226|93|277|3H|N|8|DK
2|1|138|116|72|160|3N|S|11|SJ
2|1|181|101|71|315|3N|S|12|H7
2|1|63|203|13|304|3N|S|12|SJ
2|1|200|154|22|250|3N|S|10|H7
2|1|318|126|128|60|3N|S|11|D9
2|1|40|65|67|1|1SX|E|6|CK
2|1|99|36|93|156|3N|S|12|SJ
2|1|151|217|299|92|3N|S|12|SJ
2|1|2|34|105|162|3N|S|12|H7
2|1|3|241|5|247|3N|S|11|H7
2|10|138|116|72|160|2H|S|7|SA
2|10|181|101|71|315|3N|S|10|S4
2|10|63|203|13|304|3N|S|10|D8
2|10|200|154|22|250|2C|N|10|S3
2|10|318|126|128|60|2C|N|10|S9
2|10|40|65|67|1|3N|S|10|S6
2|10|99|36|93|156|3N|S|10|S6
2|10|151|217|299|92|2S|W|7|CK
2|10|2|34|105|162|2H|S|8|D7
2|10|3|241|5|247|3C|N|9|S9
2|11|138|116|72|160|3N|N|8|C5
2|11|181|101|71|315|3N|N|7|C5
2|11|63|203|13|304|3N|N|8|C3
2|11|200|154|22|250|3D|S|10|C2
2|11|318|126|128|60|4S|N|10|C3
2|11|40|65|67|1|5D|S|10|C2
2|11|99|36|93|156|3N|N|8|C5
2|11|151|217|299|92|3N|S|7|C2
2|11|2|34|105|162|3N|N|7|C5
2|11|3|241|5|247|3N|N|7|C5
2|12|138|116|72|160|4H|N|10|D6
2|12|181|101|71|315|4H|N|10|S2
2|12|63|203|13|304|4H|N|10|H5
2|12|200|154|22|250|4H|S|11|D9
2|12|318|126|128|60|4H|N|10|D4
2|12|40|65|67|1|4H|N|11|D6
2|12|99|36|93|156|4SX|W|7|HA
2|12|151|217|299|92|4SX|E|7|H2
2|12|2|34|105|162|4H|S|10|S7
2|12|3|241|5|247|4H|N|10|S2
2|13|138|116|72|160|3N|W|10|S7
2|13|181|101|71|315|3N|E|10|S5
2|13|63|203|13|304|3N|W|10|H5
2|13|200|154|22|250|3N|E|10|S5
2|13|318|126|128|60|3N|E|10|S3
2|13|40|65|67|1|3N|E|10|S6
2|13|99|36|93|156|3N|E|10|S5
2|13|151|217|299|92|3N|E|10|S5
2|13|2|34|105|162|3N|E|11|S3
2|13|3|241|5|247|3N|W|11|C4
2|14|138|116|72|160|2C|E|5|HA
2|14|181|101|71|315|1N|N|7|C4
2|14|63|203|13|304|3HX|N|8|CA
2|14|200|154|22|250|2C|S|9|D3
2|14|318|126|128|60|1CXX|E|6|H3
2|14|40|65|67|1|2H|S|7|CJ
2|14|99|36|93|156|2C|E|5|HA
2|14|151|217|299|92|2H|S|7|CJ
2|14|2|34|105|162|2HX|S|7|DQ
2|14|3|241|5|247|1N|N|7|C4
2|15|138|116|72|160|3N|S|7|S4
2|15|181|101|71|315|3N|N|9|H5
2|15|63|203|13|304|3N|N|9|H5
2|15|200|154|22|250|3N|S|8|HK
2|15|318|126|128|60|3N|N|9|S3
2|15|40|65|67|1|2S|N|9|C4
2|15|99|36|93|156|3N|S|9|HK
2|15|151|217|299|92|3N|S|9|D6
2|15|2|34|105|162|3N|N|10|C4
2|15|3|241|5|247|3N|S|9|DQ
2|16|138|116|72|160|3N|W|10|S4
2|16|181|101|71|315|3N|W|10|S2
2|16|63|203|13|304|3N|W|10|S2
2|16|200|154|22|250|3N|W|12|S2
2|16|318|126|128|60|3N|W|10|H6
2|16|40|65|67|1|3N|W|10|S2
2|16|99|36|93|156|3N|W|10|S2
2|16|151|217|299|92|3N|W|12|S2
2|16|2|34|105|162|3N|W|10|S4
2|16|3|241|5|247|3N|W|10|H3
2|17|66|116|183|160|4S|S|11|DK
2|17|96|138|230|72|4S|S|11|DK
2|17|63|203|13|304|4S|N|12|C4
2|17|200|154|22|250|4S|N|11|C9
2|17|65|40|1|67|4S|S|11|DK
2|17|126|318|60|128|4S|S|11|DK
2|17|288|36|143|156|4S|S|11|DK
2|17|23|99|191|92|4S|S|11|DK
2|17|2|34|105|162|4S|S|11|DK
2|17|226|297|277|24|4S|S|11|DK
2|18|66|116|183|160|5H|E|13|C9
2|18|96|138|230|72|6H|E|13|C2
2|18|63|203|13|304|6H|W|13|C7
2|18|200|154|22|250|4H|W|13|C7
2|18|65|40|1|67|6H|W|12|DJ
2|18|126|318|60|128|6H|E|13|S3
2|18|288|36|143|156|6H|E|11|C5
2|18|23|99|191|92|6H|E|13|C2
2|18|2|34|105|162|4H|W|12|C7
2|18|226|297|277|24|6H|E|12|C5
2|19|66|116|183|160|2S|N|8|CA
2|19|96|138|230|72|2S|S|7|H9
2|19|63|203|13|304|2S|N|9|CA
2|19|200|154|22|250|3H|E|9|SK
2|19|65|40|1|67|2S|N|8|HA
2|19|126|318|60|128|2S|N|8|CA
2|19|288|36|143|156|2H|E|8|SK
2|19|23|99|191|92|2S|N|9|HA
2|19|2|34|105|162|2S|N|9|CA
2|19|226|297|277|24|2S|N|8|HA
2|2|138|116|72|160|4S|S|9|H8
2|2|181|101|71|315|4S|N|9|HJ
2|2|63|203|13|304|3N|N|11|D2
2|2|200|154|22|250|4S|N|11|C5
2|2|318|126|128|60|4S|S|9|H9
2|2|40|65|67|1|5S|N|10|HJ
2|2|99|36|93|156|4S|S|9|H9
2|2|151|217|299|92|4S|N|11|D5
2|2|2|34|105|162|4S|S|11|C8
2|2|3|241|5|247|4S|S|11|H9
2|20|66|116|183|160|2H|S|10|C5
2|20|96|138|230|72|3H|N|10|SQ
2|20|63|203|13|304|4H|S|9|D5
2|20|200|154|22|250|2SX|W|7|C4
2|20|65|40|1|67|4H|S|9|D5
2|20|126|318|60|128|3N|S|9|D5
2|20|288|36|143|156|3N|S|8|S3
2|20|23|99|191|92|3N|S|10|D5
2|20|2|34|105|162|3N|S|9|S3
2|20|226|297|277|24|1N|S|9|D5
2|21|66|116|183|160|2S|S|9|HA
2|21|96|138|230|72|3S|N|9|C2
2|21|63|203|13|304|3D|W|9|S2
2|21|200|154|22|250|2S|S|8|DA
2|21|65|40|1|67|3D|W|10|HK
2|21|126|318|60|128|2S|S|10|S3
2|21|288|36|143|156|2S|S|10|DA
2|21|23|99|191|92|4D|E|8|HK
2|21|2|34|105|162|3C|W|11|DJ
2|21|226|297|277|24|3D|W|9|HK
2|22|66|116|183|160|2N|W|8|S5
2|22|96|138|230|72|1N|W|7|S5
2|22|63|203|13|304|2N|E|5|SJ
2|22|200|154|22|250|3N|E|10|C2
2|22|65|40|1|67|3N|W|8|S5
2|22|126|318|60|128|2N|W|8|S5
2|22|288|36|143|156|3N|W|8|S5
2|22|23|99|191|92|2N|W|8|S5
2|22|2|34|105|162|3N|E|8|SJ
2|22|226|297|277|24|3N|W|8|H9
2|23|66|116|183|160|2H|W|10|D2
2|23|96|138|230|72|3C|W|10|C2
2|23|63|203|13|304|1H|W|9|D2
2|23|200|154|22|250|2N|E|7|D9
2|23|65|40|1|67|3N|E|10|D6
2|23|126|318|60|128|3C|W|10|S5
2|23|288|36|143|156|3N|W|7|S2
2|23|23|99|191|92|1DX|S|4|DJ
2|23|2|34|105|162|1NX|S|4|HQ
2|23|226|297|277|24|2N|E|8|S8
2|24|66|116|183|160|4S|W|11|CJ
2|24|96|138|230|72|4S|W|10|H9
2|24|63|203|13|304|3N|W|9|H3
2|24|200|154|22|250|3N|W|9|H3
2|24|65|40|1|67|3N|W|9|H9
2|24|126|318|60|128|3N|W|9|H3
2|24|288|36|143|156|4S|W|10|H3
2|24|23|99|191|92|4S|E|10|H2
2|24|2|34|105|162|4S|W|10|CJ
2|24|226|297|277|24|3N|W|10|H8
2|25|66|116|183|160|2S|W|7|DT
2|25|96|138|230|72|2S|W|9|DT
2|25|63|203|13|304|2N|S|8|C6
2|25|200|154|22|250|2S|E|10|D5
2|25|65|40|1|67|2S|W|8|DT
2|25|126|318|60|128|2N|S|8|C4
2|25|288|36|143|156|2S|W|10|DT
2|25|23|99|191|92|3N|S|9|S9
2|25|2|34|105|162|2S|E|7|S2
2|25|226|297|277|24|2S|E|9|D2
2|26|66|116|183|160|4S|S|9|DK
2|26|96|138|230|72|4H|W|9|SJ
2|26|63|203|13|304|4S|S|9|HK
2|26|200|154|22|250|3S|S|10|HK
2|26|65|40|1|67|3S|S|10|HK
2|26|126|318|60|128|4S|S|9|HK
2|26|288|36|143|156|4H|W|10|SJ
2|26|23|99|191|92|4HX|W|9|C4
2|26|2|34|105|162|4S|S|9|HK
2|26|226|297|277|24|4S|S|10|HK
2|27|66|116|183|160|3D|N|7|C4
2|27|96|138|230|72|2H|W|8|DK
2|27|63|203|13|304|2D|S|10|SA
2|27|200|154|22|250|4SX|S|6|DA
2|27|65|40|1|67|2S|W|7|DK
2|27|126|318|60|128|3DX|S|8|SA
2|27|288|36|143|156|2HX|S|6|SA
2|27|23|99|191|92|2N|W|7|DK
2|27|2|34|105|162|2H|W|9|ST
2|27|226|297|277|24|3N|W|7|DK
2|28|66|116|183|160|3N|E|8|S5
2|28|96|138|230|72|3N|E|9|S2
2|28|63|203|13|304|1N|W|7|H6
2|28|200|154|22|250|2S|S|5|CQ
2|28|65|40|1|67|3N|E|9|S5
2|28|126|318|60|128|2N|W|9|H6
2|28|288|36|143|156|2N|E|8|S5
2|28|23|99|191|92|3N|E|8|S5
2|28|2|34|105|162|1N|E|8|S4
2|28|226|297|277|24|3N|E|8|S5
2|29|66|116|183|160|3C|N|9|SA
2|29|96|138|230|72|3H|E|8|D7
2|29|63|203|13|304|2H|E|9|CA
2|29|200|154|22|250|2C|N|9|SK
2|29|65|40|1|67|3C|N|9|SK
2|29|126|318|60|128|3C|N|9|SK
2|29|288|36|143|156|3H|W|8|C4
2|29|23|99|191|92|2H|E|10|H2
2|29|2|34|105|162|2C|N|9|SA
2|29|226|297|277|24|4H|E|9|DT
2|3|138|116|72|160|3N|N|10|SA
2|3|181|101|71|315|4C|N|10|SA
2|3|63|203|13|304|3N|N|9|S2
2|3|200|154|22|250|3N|S|9|H6
2|3|318|126|128|60|3N|S|9|H6
2|3|40|65|67|1|3N|S|8|H6
2|3|99|36|93|156|3N|N|11|D7
2|3|151|217|299|92|3N|S|10|S5
2|3|2|34|105|162|3N|S|9|S5
2|3|3|241|5|247|3N|N|9|S2
2|30|66|116|183|160|6D|S|13|D3
2|30|96|138|230|72|3N|S|12|H2
2|30|63|203|13|304|3N|S|13|S5
2|30|200|154|22|250|3N|S|13|S2
2|30|65|40|1|67|3N|S|12|H2
2|30|126|318|60|128|3N|S|12|HJ
2|30|288|36|143|156|7D|S|13|D3
2|30|23|99|191|92|6D|S|13|D7
2|30|2|34|105|162|3N|N|13|S4
2|30|226|297|277|24|6D|S|13|HJ
2|31|66|116|183|160|3D|E|6|C5
2|31|96|138|230|72|4H|S|9|CK
2|31|63|203|13|304|5CX|S|9|D2
2|31|200|154|22|250|4S|S|8|CK
2|31|65|40|1|67|4H|S|9|CK
2|31|126|318|60|128|4H|S|9|CK
2|31|288|36|143|156|4H|S|9|CK
2|31|23|99|191|92|4H|N|9|DK
2|31|2|34|105|162|3H|S|9|CK
2|31|226|297|277|24|3HX|S|9|CK
2|32|66|116|183|160|4S|S|9|CK
2|32|96|138|230|72|5D|N|10|HK
2|32|63|203|13|304|4SX|S|10|CK
2|32|200|154|22|250|5D|N|10|HK
2|32|65|40|1|67|4S|S|9|CK
2|32|126|318|60|128|6D|N|12|D5
2|32|288|36|143|156|5S|S|10|CK
2|32|23|99|191|92|4S|S|8|CK
2|32|2|34|105|162|4H|E|10|H5
2|32|226|297|277|24|4S|S|8|CK
2|4|138|116|72|160|4S|W|11|HA
2|4|181|101|71|315|5DX|W|10|HA
2|4|63|203|13|304|5D|W|10|HA
2|4|200|154|22|250|1H|N|9|H6
2|4|318|126|128|60|3HX|N|9|H6
2|4|40|65|67|1|5D|W|10|HA
2|4|99|36|93|156|3C|S|9|DK
2|4|151|217|299|92|3D|W|11|HK
2|4|2|34|105|162|3D|W|10|HA
2|4|3|241|5|247|3D|W|10|HK
2|5|138|116|72|160|3H|S|7|D8
2|5|181|101|71|315|3H|N|7|S9
2|5|63|203|13|304|4D|E|10|HK
2|5|200|154|22|250|4S|S|7|D4
2|5|318|126|128|60|2S|S|8|S4
2|5|40|65|67|1|4S|S|7|HQ
2|5|99|36|93|156|2S|S|8|S3
2|5|151|217|299|92|2H|N|8|H5
2|5|2|34|105|162|2S|S|7|HQ
2|5|3|241|5|247|2S|S|8|D8
2|6|138|116|72|160|2C|N|6|D6
2|6|181|101|71|315|1N|E|9|S3
2|6|63|203|13|304|P||0
2|6|200|154|22|250|2H|E|8|H3
2|6|318|126|128|60|1N|W|9|CQ
2|6|40|65|67|1|2H|E|8|C7
2|6|99|36|93|156|2CX|N|6|D6
2|6|151|217|299|92|2D|W|8|CQ
2|6|2|34|105|162|1N|W|8|CQ
2|6|3|241|5|247|1N|W|7|CQ
2|7|138|116|72|160|5S|W|10|H3
2|7|181|101|71|315|5DX|N|11|CA
2|7|63|203|13|304|4S|E|10|HK
2|7|200|154|22|250|4S|E|10|HK
2|7|318|126|128|60|4S|E|10|HK
2|7|40|65|67|1|4S|E|10|HK
2|7|99|36|93|156|4S|E|10|HA
2|7|151|217|299|92|5HX|S|10|SQ
2|7|2|34|105|162|5S|E|10|HK
2|7|3|241|5|247|5HX|S|10|SQ
2|8|138|116|72|160|2S|N|11|CK
2|8|181|101|71|315|2S|S|10|HA
2|8|63|203|13|304|4SX|S|9|HA
2|8|200|154|22|250|2S|S|10|HK
2|8|318|126|128|60|4S|N|10|H3
2|8|40|65|67|1|4S|S|10|HA
2|8|99|36|93|156|2S|S|10|HA
2|8|151|217|299|92|4S|N|10|H8
2|8|2|34|105|162|3S|S|10|HA
2|8|3|241|5|247|2S|N|9|H3
2|9|138|116|72|160|3N|W|11|HT
2|9|181|101|71|315|6N|W|11|HA
2|9|63|203|13|304|6D|E|11|HQ
2|9|200|154|22|250|5D|E|11|HQ
2|9|318|126|128|60|4HX|N|5|S6
2|9|40|65|67|1|3N|W|10|HT
2|9|99|36|93|156|3N|W|11|H8
2|9|151|217|299|92|5D|E|10|HQ
2|9|2|34|105|162|3N|W|12|HT
2|9|3|241|5|247|5D|W|11|HA
3|1|96|154|230|250|2C|W|8|DA
3|1|63|181|13|71|2S|S|7|CQ
3|1|200|6|22|136|2C|W|9|H8
3|1|65|203|1|304|1N|W|8|D5
3|1|40|288|67|143|2C|W|9|H8
3|1|217|126|92|60|3C|W|8|DK
3|1|151|226|299|277|2S|N|8|C3
3|1|3|23|5|191|1N|W|9|H4
3|1|138|297|72|24|3C|W|8|DA
3|1|241|101|247|315|2C|W|8|DA
3|10|96|154|230|250|3N|E|6|C4
3|10|63|181|13|71|1N|N|6|H9
3|10|200|6|22|136|3S|W|6|CJ
3|10|65|203|1|304|4S|W|7|DQ
3|10|40|288|67|143|2S|E|9|D3
3|10|217|126|92|60|4H|E|8|CA
3|10|151|226|299|277|3S|W|8|CJ
3|10|3|23|5|191|3C|S|8|D7
3|10|138|297|72|24|3N|E|8|SQ
3|10|241|101|247|315|4S|E|7|H2
3|11|96|154|230|250|3S|W|9|S3
3|11|63|181|13|71|2S|W|10|CJ
3|11|200|6|22|136|3S|E|10|HA
3|11|65|203|1|304|3S|E|10|HK
3|11|40|288|67|143|4SX|E|11|HK
3|11|217|126|92|60|4S|E|9|HK
3|11|151|226|299|277|4S|E|10|HA
3|11|3|23|5|191|1NX|N|6|S6
3|11|138|297|72|24|4S|E|9|HA
3|11|241|101|247|315|4S|W|10|CJ
3|12|96|154|230|250|3N|S|9|D5
3|12|63|181|13|71|3N|S|10|CT
3|12|200|6|22|136|3N|S|10|CJ
3|12|65|203|1|304|3N|S|10|D5
3|12|40|288|67|143|3N|N|10|S2
3|12|217|126|92|60|3N|S|8|CJ
3|12|151|226|299|277|3N|S|9|H7
3|12|3|23|5|191|3N|S|9|C2
3|12|138|297|72|24|3N|S|10|S9
3|12|241|101|247|315|3N|S|9|S5
3|13|96|154|230|250|6H|S|13|H4
3|13|63|181|13|71|6H|S|13|H4
3|13|200|6|22|136|4H|S|13|SQ
3|13|65|203|1|304|4H|S|13|SQ
3|13|40|288|67|143|6H|S|13|H4
3|13|217|126|92|60|6H|N|13|D5
3|13|151|226|299|277|4H|S|13|SQ
3|13|3|23|5|191|7N|N|13|ST
3|13|138|297|72|24|7H|N|13|HT
3|13|241|101|247|315|7H|S|13|H7
3|14|96|154|230|250|1N|N|10|D2
3|14|63|181|13|71|3N|N|9|S4
3|14|200|6|22|136|2S|W|6|DA
3|14|65|203|1|304|2S|W|6|C7
3|14|40|288|67|143|3N|N|9|S4
3|14|217|126|92|60|3N|N|9|S4
3|14|151|226|299|277|3N|N|8|S4
3|14|3|23|5|191|2S|W|6|C7
3|14|138|297|72|24|2S|W|5|C4
3|14|241|101|247|315|3C|S|8|H4
3|15|96|154|230|250|3N|E|8|S6
3|15|63|181|13|71|3N|E|9|C8
3|15|200|6|22|136|4S|E|9|D9
3|15|65|203|1|304|3S|E|9|D2
3|15|40|288|67|143|4S|E|10|C7
3|15|217|126|92|60|4S|E|9|D9
3|15|151|226|299|277|4S|E|10|HA
3|15|3|23|5|191|3N|E|9|C7
3|15|138|297|72|24|3C|S|10|HT
3|15|241|101|247|315|5HX|S|9|SA
3|16|96|154|230|250|3S|N|8|C9
3|16|63|181|13|71|3N|N|10|C9
3|16|200|6|22|136|4S|S|9|HT
3|16|65|203|1|304|3N|N|11|H3
3|16|40|288|67|143|3N|N|10|H3
3|16|217|126|92|60|4S|N|9|HA
3|16|151|226|299|277|3N|N|10|H3
3|16|3|23|5|191|3N|S|9|C4
3|16|138|297|72|24|3N|S|10|HT
3|16|241|101|247|315|3N|N|10|D5
3|17|116|154|160|250|2N|W|8|S2
3|17|63|181|13|71|2N|E|9|S2
3|17|200|6|22|136|2H|E|8|CT
3|17|318|203|128|304|1N|E|8|S3
3|17|40|288|67|99|2N|E|9|DT
3|17|217|126|92|60|3N|E|9|DT
3|17|36|34|156|162|2S|S|9|DQ
3|17|3|151|5|299|2H|E|7|CT
3|17|101|241|315|247|2C|S|5|S9
3|17|2|66|105|183|2H|E|7|CT
3|18|116|154|160|250|3N|W|11|D5
3|18|63|181|13|71|4H|W|12|C4
3|18|200|6|22|136|4H|E|11|D5
3|18|318|203|128|304|4H|E|11|D5
3|18|40|288|67|99|4H|E|11|D5
3|18|217|126|92|60|4H|E|11|ST
3|18|36|34|156|162|4H|W|11|C8
3|18|3|151|5|299|4H|W|11|C4
3|18|101|241|315|247|4H|W|11|S3
3|18|2|66|105|183|4H|E|12|H6
3|19|116|154|160|250|6H|S|11|SA
3|19|63|181|13|71|6H|S|11|C7
3|19|200|6|22|136|5H|S|11|SA
3|19|318|203|128|304|6H|N|11|SA
3|19|40|288|67|99|5H|S|12|C7
3|19|217|126|92|60|5H|S|11|SA
3|19|36|34|156|162|5H|S|11|C7
3|19|3|151|5|299|4H|S|11|DJ
3|19|101|241|315|247|6H|S|11|DJ
3|19|2|66|105|183|6H|S|11|SA
3|2|96|154|230|250|4H|E|9|DJ
3|2|63|181|13|71|4H|W|9|DA
3|2|200|6|22|136|4H|W|10|S3
3|2|65|203|1|304|4H|E|10|DJ
3|2|40|288|67|143|4H|E|9|DJ
3|2|217|126|92|60|4H|W|9|S5
3|2|151|226|299|277|4H|W|9|S3
3|2|3|23|5|191|4H|W|10|S5
3|2|138|297|72|24|3H|W|10|S3
3|2|241|101|247|315|4H|W|10|S3
3|20|116|154|160|250|2D|W|7|HK
3|20|63|181|13|71|1N|E|6|C6
3|20|200|6|22|136|3C|S|9|CJ
3|20|318|203|128|304|1N|E|7|C3
3|20|40|288|67|99|2H|E|8|C3
3|20|217|126|92|60|1N|E|8|C6
3|20|36|34|156|162|1N|E|6|C6
3|20|3|151|5|299|1N|E|6|C6
3|20|101|241|315|247|2C|N|8|D2
3|20|2|66|105|183|1N|E|7|C3
3|21|116|154|160|250|4HX|S|10|S8
3|21|63|181|13|71|4H|S|9|S9
3|21|200|6|22|136|3H|S|10|S9
3|21|318|203|128|304|5CX|W|9|H4
3|21|40|288|67|99|3D|E|9|C3
3|21|217|126|92|60|4SX|E|8|C2
3|21|36|34|156|162|4H|S|10|S9
3|21|3|151|5|299|4C|W|9|H3
3|21|101|241|315|247|3H|S|10|S9
3|21|2|66|105|183|3C|W|7|H4
3|22|116|154|160|250|1N|S|8|ST
3|22|63|181|13|71|2N|S|8|SQ
3|22|200|6|22|136|2N|S|6|SQ
3|22|318|203|128|304|1N|S|7|S9
3|22|40|288|67|99|1N|S|8|D7
3|22|217|126|92|60|2N|S|6|H7
3|22|36|34|156|162|1N|S|7|S9
3|22|3|151|5|299|1N|S|8|D4
3|22|101|241|315|247|2N|S|7|S9
3|22|2|66|105|183|3N|S|6|SQ
3|23|116|154|160|250|3D|S|9|D5
3|23|63|181|13|71|2D|S|9|H3
3|23|200|6|22|136|3N|N|7|H5
3|23|318|203|128|304|3N|N|7|C7
3|23|40|288|67|99|3D|S|9|D8
3|23|217|126|92|60|1N|N|8|H5
3|23|36|34|156|162|3D|S|9|H6
3|23|3|151|5|299|3D|S|9|D2
3|23|101|241|315|247|2D|S|9|H2
3|23|2|66|105|183|3D|S|10|H6
3|24|116|154|160|250|4H|W|11|CQ
3|24|63|181|13|71|4H|W|12|H7
3|24|200|6|22|136|6H|W|12|CQ
3|24|318|203|128|304|4H|W|12|CQ
3|24|40|288|67|99|4H|W|10|CQ
3|24|217|126|92|60|6H|W|12|CQ
3|24|36|34|156|162|4H|W|12|C2
3|24|3|151|5|299|4H|W|12|CQ
3|24|101|241|315|247|4H|W|12|CQ
3|24|2|66|105|183|6H|W|12|CQ
3|25|116|154|160|250|3S|S|6|HA
3|25|63|181|13|71|2H|W|8|CK
3|25|200|6|22|136|2S|S|6|DK
3|25|318|203|128|304|2H|W|8|CK
3|25|40|288|67|99|2H|W|8|CA
3|25|217|126|92|60|3H|W|8|CK
3|25|36|34|156|162|2H|W|8|CA
3|25|3|151|5|299|2H|W|8|CK
3|25|101|241|315|247|2H|W|8|CA
3|25|2|66|105|183|3H|W|8|D2
3|26|116|154|160|250|3H|W|9|H3
3|26|63|181|13|71|2H|E|8|CK
3|26|200|6|22|136|1H|E|8|CK
3|26|318|203|128|304|3H|W|10|S7
3|26|40|288|67|99|3N|E|7|CQ
3|26|217|126|92|60|3H|E|7|CK
3|26|36|34|156|162|3H|E|9|CK
3|26|3|151|5|299|3H|E|9|H5
3|26|101|241|315|247|3S|N|8|DK
3|26|2|66|105|183|1N|E|10|D6
3|27|116|154|160|250|4S|W|12|ST
3|27|63|181|13|71|3S|E|12|DT
3|27|200|6|22|136|5CX|N|8|SA
3|27|318|203|128|304|6H|W|9|CK
3|27|40|288|67|99|3N|E|12|H3
3|27|217|126|92|60|4S|E|11|CA
3|27|36|34|156|162|5C|N|8|SA
3|27|3|151|5|299|4S|E|12|DT
3|27|101|241|315|247|4S|W|9|CK
3|27|2|66|105|183|4S|E|11|CA
3|28|116|154|160|250|4S|S|10|S4
3|28|63|181|13|71|4S|S|10|CJ
3|28|200|6|22|136|4S|N|10|H4
3|28|318|203|128|304|3N|S|9|HJ
3|28|40|288|67|99|4S|N|10|H4
3|28|217|126|92|60|4S|N|10|H5
3|28|36|34|156|162|4S|N|10|H4
3|28|3|151|5|299|4S|S|10|CJ
3|28|101|241|315|247|4S|S|10|CJ
3|28|2|66|105|183|3H|W|6|DQ
3|29|116|154|160|250|3N|W|8|D9
3|29|63|181|13|71|2D|N|5|SK
3|29|200|6|22|136|2H|N|5|D5
3|29|318|203|128|304|3N|E|9|DT
3|29|40|288|67|99|3N|W|9|DQ
3|29|217|126|92|60|3N|W|11|DQ
3|29|36|34|156|162|3N|E|9|DT
3|29|3|151|5|299|2N|W|12|DQ
3|29|101|241|315|247|3N|W|10|DQ
3|29|2|66|105|183|3N|W|10|DQ
3|3|96|154|230|250|5H|E|10|CA
3|3|63|181|13|71|4H|W|10|SA
3|3|200|6|22|136|4H|E|11|CA
3|3|65|203|1|304|4SX|S|9|D6
3|3|40|288|67|143|6H|E|11|S4
3|3|217|126|92|60|5H|E|11|CA
3|3|151|226|299|277|5H|E|10|CA
3|3|3|23|5|191|5H|W|11|SA
3|3|138|297|72|24|5H|W|11|SA
3|3|241|101|247|315|4S|N|9|DA
3|30|116|154|160|250|3S|S|10|CK
3|30|63|181|13|71|3S|S|10|HA
3|30|200|6|22|136|3S|S|10|HA
3|30|318|203|128|304|3H|E|8|DK
3|30|40|288|67|99|4S|S|10|CK
3|30|217|126|92|60|4S|S|10|CK
3|30|36|34|156|162|3S|S|10|HA
3|30|3|151|5|299|3S|S|10|HA
3|30|101|241|315|247|4S|S|10|HA
3|30|2|66|105|183|4S|S|10|HK
3|31|116|154|160|250|6H|S|13|DA
3|31|63|181|13|71|7H|S|13|DK
3|31|200|6|22|136|6S|N|13|D5
3|31|318|203|128|304|5S|S|13|DA
3|31|40|288|67|99|7DX|W|8|S3
3|31|217|126|92|60|7S|N|13|D2
3|31|36|34|156|162|6S|N|13|D5
3|31|3|151|5|299|7DX|W|9|HT
3|31|101|241|315|247|7S|S|13|DA
3|31|2|66|105|183|7DX|W|8|HK
3|32|116|154|160|250|2N|N|5|CT
3|32|63|181|13|71|3N|N|9|CT
3|32|200|6|22|136|2N|N|9|CT
3|32|318|203|128|304|3N|N|5|S7
3|32|40|288|67|99|2N|N|8|CT
3|32|217|126|92|60|2N|N|9|CT
3|32|36|34|156|162|1N|N|8|CT
3|32|3|151|5|299|3S|N|9|S7
3|32|101|241|315|247|2S|S|8|CK
3|32|2|66|105|183|4S|S|9|CK
3|4|96|154|230|250|3S|N|7|H7
3|4|63|181|13|71|2S|S|7|D5
3|4|200|6|22|136|1N|E|6|DJ
3|4|65|203|1|304|3S|S|8|D5
3|4|40|288|67|143|2H|W|8|DA
3|4|217|126|92|60|4S|N|8|D3
3|4|151|226|299|277|2S|S|8|D7
3|4|3|23|5|191|4S|N|7|H3
3|4|138|297|72|24|2S|N|7|H3
3|4|241|101|247|315|3S|N|6|H7
3|5|96|154|230|250|3N|E|12|CT
3|5|63|181|13|71|4S|W|9|HA
3|5|200|6|22|136|3N|W|10|H3
3|5|65|203|1|304|3N|E|9|C2
3|5|40|288|67|143|3N|E|9|ST
3|5|217|126|92|60|5D|E|10|H5
3|5|151|226|299|277|4S|W|12|S7
3|5|3|23|5|191|2S|W|11|HA
3|5|138|297|72|24|4S|W|10|HA
3|5|241|101|247|315|3N|W|10|H3
3|6|96|154|230|250|5H|E|10|C8
3|6|63|181|13|71|4H|E|10|DQ
3|6|200|6|22|136|4H|E|10|H7
3|6|65|203|1|304|4H|W|10|D3
3|6|40|288|67|143|4H|E|10|DQ
3|6|217|126|92|60|4H|E|10|S3
3|6|151|226|299|277|4H|E|10|DQ
3|6|3|23|5|191|4H|E|10|DQ
3|6|138|297|72|24|5H|E|10|S2
3|6|241|101|247|315|4H|E|10|S2
3|7|96|154|230|250|3N|N|10|C2
3|7|63|181|13|71|1N|N|9|HQ
3|7|200|6|22|136|1N|N|9|S3
3|7|65|203|1|304|1N|N|9|HQ
3|7|40|288|67|143|3C|S|10|S8
3|7|217|126|92|60|3N|N|9|C2
3|7|151|226|299|277|1N|N|9|D6
3|7|3|23|5|191|1N|N|10|S3
3|7|138|297|72|24|3N|N|9|HQ
3|7|241|101|247|315|2H|E|7|H8
3|8|96|154|230|250|3N|W|11|S7
3|8|63|181|13|71|3N|W|10|D7
3|8|200|6|22|136|3N|W|11|D7
3|8|65|203|1|304|3N|W|11|S7
3|8|40|288|67|143|3N|W|11|S3
3|8|217|126|92|60|3N|W|11|D9
3|8|151|226|299|277|3N|W|10|S3
3|8|3|23|5|191|3N|W|11|S6
3|8|138|297|72|24|3N|W|11|D8
3|8|241|101|247|315|3N|W|11|D7
3|9|96|154|230|250|4S|S|11|CJ
3|9|63|181|13|71|3C|N|12|D3
3|9|200|6|22|136|3N|N|9|D2
3|9|65|203|1|304|4S|S|12|CJ
3|9|40|288|67|143|4S|S|12|D8
3|9|217|126|92|60|4S|S|11|CJ
3|9|151|226|299|277|4S|S|12|H4
3|9|3|23|5|191|4S|S|12|CJ
3|9|138|297|72|24|3N|N|10|D2
3|9|241|101|247|315|3N|N|9|D2
4|1|128|116|279|160|2H|W|6|H5
4|1|96|6|181|136|2S|S|8|HJ
4|1|99|64|93|196|4H|W|9|H5
4|1|200|288|22|143|4H|W|8|DA
4|1|226|228|277|122|4SX|S|9|CJ
4|1|126|34|67|162|4S|N|8|HQ
4|1|247|23|105|191|4H|W|8|DA
4|1|151|297|299|24|3D|S|9|HK
4|1|72|154|28|250|4H|E|11|H5
4|1|63|101|13|315|4H|W|9|DA
4|10|128|116|279|160|6N|E|13|C4
4|10|96|6|181|136|6N|E|12|C7
4|10|99|64|93|196|6C|W|12|C9
4|10|200|288|22|143|6N|W|13|H4
4|10|226|228|277|122|7N|E|13|C7
4|10|126|34|67|162|6N|E|13|D3
4|10|247|23|105|191|6N|E|13|C4
4|10|151|297|299|24|6C|W|13|H2
4|10|72|154|28|250|6N|W|13|C8
4|10|63|101|13|315|6N|E|13|HQ
4|11|128|116|279|160|4S|W|11|CA
4|11|96|6|181|136|3S|W|11|CA
4|11|99|64|93|196|4S|W|12|SA
4|11|200|288|22|143|4S|W|11|CA
4|11|226|228|277|122|4S|W|12|D8
4|11|126|34|67|162|4S|W|11|CA
4|11|247|23|105|191|4S|W|11|CA
4|11|151|297|299|24|4S|W|11|CA
4|11|72|154|28|250|4S|W|10|CK
4|11|63|101|13|315|4S|W|11|CK
4|12|128|116|279|160|1N|E|9|HQ
4|12|96|6|181|136|2H|W|6|H3
4|12|99|64|93|196|2DX|N|6|CQ
4|12|200|288|22|143|1N|E|8|C3
4|12|226|228|277|122|2S|N|8|CQ
4|12|126|34|67|162|2S|N|8|CQ
4|12|247|23|105|191|2H|W|6|SA
4|12|151|297|299|24|1N|E|8|C2
4|12|72|154|28|250|2H|W|6|SK
4|12|63|101|13|315|2H|W|6|DT
4|13|128|116|279|160|1N|S|7|SA
4|13|96|6|181|136|1N|S|5|SA
4|13|99|64|93|196|1N|N|5|S5
4|13|200|288|22|143|1N|N|7|S5
4|13|226|228|277|122|1N|N|7|S5
4|13|126|34|67|162|1N|S|7|SA
4|13|247|23|105|191|1N|S|5|SA
4|13|151|297|299|24|1N|W|8|DK
4|13|72|154|28|250|1N|N|7|S6
4|13|63|101|13|315|1N|W|6|DA
4|14|128|116|279|160|1N|W|7|S5
4|14|96|6|181|136|2S|S|8|S2
4|14|99|64|93|196|2S|S|8|D4
4|14|200|288|22|143|3C|W|10|DJ
4|14|226|228|277|122|1N|E|8|SQ
4|14|126|34|67|162|2S|S|7|S7
4|14|247|23|105|191|2S|S|8|D4
4|14|151|297|299|24|1N|E|8|SQ
4|14|72|154|28|250|1N|W|9|DJ
4|14|63|101|13|315|3C|W|10|S4
4|15|128|116|279|160|2S|W|8|SQ
4|15|96|6|181|136|4S|W|8|SQ
4|15|99|64|93|196|3S|W|8|HJ
4|15|200|288|22|143|2H|W|6|SQ
4|15|226|228|277|122|3S|W|8|SQ
4|15|126|34|67|162|3S|W|8|SQ
4|15|247|23|105|191|3S|W|8|HJ
4|15|151|297|299|24|3S|W|8|HJ
4|15|72|154|28|250|3S|W|8|ST
4|15|63|101|13|315|3S|W|9|SQ
4|16|128|116|279|160|1N|N|4|C6
4|16|96|6|181|136|2C|E|8|D9
4|16|99|64|93|196|3N|E|9|D9
4|16|200|288|22|143|2S|E|9|C4
4|16|226|228|277|122|3N|E|10|S4
4|16|126|34|67|162|3N|E|9|C4
4|16|247|23|105|191|3S|W|10|HQ
4|16|151|297|299|24|3N|E|9|D8
4|16|72|154|28|250|3N|E|8|H4
4|16|63|101|13|315|3N|E|9|H4
4|17|65|189|1|160|3N|N|11|H9
4|17|96|6|181|136|3N|N|11|C2
4|17|288|64|143|196|3N|N|10|C2
4|17|200|217|22|92|3N|N|11|C2
4|17|226|228|277|122|3N|N|12|C2
4|17|126|34|67|162|3N|N|12|C2
4|17|297|151|24|299|3N|N|11|C2
4|17|36|241|156|210|3N|N|11|H7
4|17|72|154|28|250|3N|N|12|CQ
4|17|63|66|13|183|3N|N|10|C2
4|18|65|189|1|160|4S|S|8|CA
4|18|96|6|181|136|3S|S|9|CA
4|18|288|64|143|196|3HX|E|6|SA
4|18|200|217|22|92|5S|S|7|CK
4|18|226|228|277|122|5CX|W|9|S2
4|18|126|34|67|162|4S|S|8|CA
4|18|297|151|24|299|4S|S|9|CK
4|18|36|241|156|210|4H|N|7|C8
4|18|63|66|13|183|4S|S|9|CK
4|19|65|189|1|160|3H|S|8|D2
4|19|96|6|181|136|2H|S|9|H7
4|19|288|64|143|196|2S|S|9|H7
4|19|200|217|22|92|2S|S|7|H8
4|19|226|228|277|122|2H|S|8|D4
4|19|126|34|67|162|3H|S|8|D2
4|19|297|151|24|299|2H|S|9|H8
4|19|36|241|156|210|2H|S|8|D2
4|19|72|154|28|250|2H|S|9|H7
4|19|63|66|13|183|2S|S|8|H7
4|2|128|116|279|160|3N|S|6|D4
4|2|96|6|181|136|4D|E|8|C2
4|2|99|64|93|196|1N|S|7|D8
4|2|200|288|22|143|3NX|S|9|SK
4|2|226|228|277|122|4S|S|7|DJ
4|2|126|34|67|162|4H|S|9|DJ
4|2|247|23|105|191|3D|W|8|CA
4|2|151|297|299|24|2D|W|9|CA
4|2|72|154|28|250|4S|N|7|H6
4|2|63|101|13|315|3S|S|7|DJ
4|20|65|189|1|160|7CX|E|13|D4
4|20|96|6|181|136|7N|W|13|DK
4|20|288|64|143|196|6N|E|13|SK
4|20|200|217|22|92|6C|E|13|SK
4|20|226|228|277|122|6N|E|13|SK
4|20|126|34|67|162|6C|E|13|SK
4|20|297|151|24|299|6C|E|13|SK
4|20|36|241|156|210|5C|E|13|SK
4|20|72|154|28|250|7C|E|13|SK
4|20|63|66|13|183|6C|E|13|SK
4|21|65|189|1|160|2H|W|10|S7
4|21|96|6|181|136|2H|W|8|DK
4|21|288|64|143|196|P||0
4|21|200|217|22|92|3H|W|8|S4
4|21|226|228|277|122|2H|W|9|S7
4|21|126|34|67|162|3H|W|9|DK
4|21|297|151|24|299|4H|W|10|S4
4|21|36|241|156|210|2H|W|9|DK
4|21|72|154|28|250|3H|W|9|DK
4|21|63|66|13|183|2H|W|8|S5
4|22|65|189|1|160|4S|E|10|CJ
4|22|96|6|181|136|4S|W|10|H9
4|22|288|64|143|196|3HX|N|7|S8
4|22|200|217|22|92|3N|W|10|H7
4|22|226|228|277|122|5S|W|10|H3
4|22|126|34|67|162|4S|W|11|C6
4|22|297|151|24|299|4S|W|10|DT
4|22|36|241|156|210|4S|W|10|H7
4|22|72|154|28|250|4S|W|10|H6
4|22|63|66|13|183|4S|W|10|H7
4|23|65|189|1|160|4H|E|10|ST
4|23|96|6|181|136|4H|E|10|ST
4|23|288|64|143|196|2S|N|6|H2
4|23|200|217|22|92|4H|E|10|DT
4|23|226|228|277|122|4H|E|10|D8
4|23|126|34|67|162|4H|W|9|DT
4|23|297|151|24|299|4H|W|9|D5
4|23|36|241|156|210|4H|E|9|ST
4|23|72|154|28|250|1N|S|4|H6
4|23|63|66|13|183|4H|E|10|ST
4|24|65|189|1|160|4H|E|9|SJ
4|24|96|6|181|136|4H|E|8|H3
4|24|288|64|143|196|4H|E|10|C3
4|24|200|217|22|92|3H|E|8|H3
4|24|226|228|277|122|4H|E|7|H7
4|24|126|34|67|162|4H|E|10|C5
4|24|297|151|24|299|1N|E|5|C3
4|24|36|241|156|210|3H|W|8|C6
4|24|72|154|28|250|4H|E|8|H3
4|24|63|66|13|183|3H|W|9|C6
4|25|65|189|1|160|3H|N|10|DA
4|25|96|6|181|136|5D|E|10|HA
4|25|288|64|143|196|6DX|E|10|HA
4|25|200|217|22|92|4H|N|10|DK
4|25|226|228|277|122|5CX|S|10|D8
4|25|126|34|67|162|5D|E|10|HA
4|25|297|151|24|299|5DX|E|10|HA
4|25|36|241|156|210|4H|N|10|DA
4|25|72|154|28|250|4H|N|10|DK
4|25|63|66|13|183|6DX|E|8|HA
4|26|65|189|1|160|3N|W|10|HJ
4|26|96|6|181|136|3D|E|8|HA
4|26|288|64|143|196|2DX|E|8|HA
4|26|200|217|22|92|3N|W|10|HJ
4|26|226|228|277|122|4CX|N|6|S9
4|26|126|34|67|162|3N|W|10|HJ
4|26|297|151|24|299|4CX|N|6|DA
4|26|36|241|156|210|3N|W|9|C8
4|26|72|154|28|250|3C|N|5|S9
4|26|63|66|13|183|3N|W|10|HJ
4|27|65|189|1|160|4S|S|12|DT
4|27|96|6|181|136|4S|S|12|DJ
4|27|288|64|143|196|4S|S|12|DJ
4|27|200|217|22|92|6S|S|12|DJ
4|27|226|228|277|122|6CX|N|10|DA
4|27|126|34|67|162|4S|S|12|DJ
4|27|297|151|24|299|4S|S|12|DJ
4|27|36|241|156|210|4S|S|11|DJ
4|27|72|154|28|250|4S|S|12|DJ
4|27|63|66|13|183|4S|S|12|DJ
4|28|65|189|1|160|4H|E|10|DA
4|28|96|6|181|136|3N|E|11|S4
4|28|288|64|143|196|4H|E|11|D3
4|28|200|217|22|92|4H|E|11|D3
4|28|226|228|277|122|4H|E|11|D3
4|28|126|34|67|162|3N|W|10|DK
4|28|297|151|24|299|4H|E|10|D3
4|28|36|241|156|210|4H|E|10|DA
4|28|72|154|28|250|3N|W|10|DK
4|28|63|66|13|183|4H|E|11|D3
4|29|65|189|1|160|2D|S|8|CT
4|29|96|6|181|136|3C|E|6|S6
4|29|288|64|143|196|2D|S|8|DJ
4|29|200|217|22|92|2D|S|8|CT
4|29|226|228|277|122|3C|E|8|D5
4|29|126|34|67|162|1N|E|6|D5
4|29|297|151|24|299|2C|E|6|S6
4|29|36|241|156|210|1N|W|7|S4
4|29|72|154|28|250|1N|E|5|D5
4|29|63|66|13|183|3C|E|8|HK
4|3|128|116|279|160|3H|N|11|CT
4|3|96|6|181|136|3N|N|12|C2
4|3|99|64|93|196|4H|N|11|SK
4|3|200|288|22|143|4H|N|11|SA
4|3|226|228|277|122|4H|N|11|SA
4|3|126|34|67|162|4H|N|9|SA
4|3|247|23|105|191|4H|N|11|SA
4|3|151|297|299|24|4H|N|10|SA
4|3|72|154|28|250|4H|N|10|SK
4|3|63|101|13|315|3N|S|9|C5
4|30|65|189|1|160|2C|N|8|S7
4|30|96|6|181|136|3CX|N|7|S7
4|30|288|64|143|196|3N|S|7|H2
4|30|200|217|22|92|3N|S|7|S8
4|30|226|228|277|122|3N|S|9|S8
4|30|126|34|67|162|3N|N|8|CT
4|30|297|151|24|299|3N|S|7|S8
4|30|36|241|156|210|3N|N|8|CT
4|30|72|154|28|250|3H|S|8|D6
4|30|63|66|13|183|3NX|S|7|H2
4|31|65|189|1|160|5DX|S|11|HA
4|31|96|6|181|136|5C|N|11|S3
4|31|288|64|143|196|6SX|W|10|CK
4|31|200|217|22|92|6HX|E|11|DK
4|31|226|228|277|122|6DX|S|11|HA
4|31|126|34|67|162|5D|S|11|HA
4|31|297|151|24|299|5DX|S|11|SA
4|31|36|241|156|210|5D|S|11|D4
4|31|72|154|28|250|5D|S|11|SA
4|31|63|66|13|183|6DX|S|11|HA
4|32|65|189|1|160|1N|N|11|H8
4|32|96|6|181|136|3N|N|8|D5
4|32|288|64|143|196|3N|N|8|S3
4|32|200|217|22|92|1N|N|8|S3
4|32|226|228|277|122|3N|N|9|C9
4|32|126|34|67|162|2N|N|11|S3
4|32|297|151|24|299|2N|N|8|S2
4|32|36|241|156|210|2N|N|8|S4
4|32|72|154|28|250|3N|N|10|H9
4|32|63|66|13|183|3N|N|8|S2
4|4|128|116|279|160|4C|S|8|HK
4|4|96|6|181|136|4H|W|9|CQ
4|4|99|64|93|196|3H|W|8|CQ
4|4|200|288|22|143|3C|S|10|HK
4|4|226|228|277|122|3H|W|9|CQ
4|4|126|34|67|162|3H|W|9|DQ
4|4|247|23|105|191|3H|E|8|CA
4|4|151|297|299|24|3H|W|9|CQ
4|4|72|154|28|250|4HX|E|8|H4
4|4|63|101|13|315|2H|W|8|H4
4|5|128|116|279|160|4H|E|9|C3
4|5|96|6|181|136|3D|N|8|HK
4|5|99|64|93|196|2H|W|9|SK
4|5|200|288|22|143|3H|E|10|D4
4|5|226|228|277|122|1N|N|7|H3
4|5|126|34|67|162|3H|E|9|D4
4|5|247|23|105|191|3H|E|9|C3
4|5|151|297|299|24|3H|E|9|D4
4|5|72|154|28|250|1N|N|7|H3
4|5|63|101|13|315|3H|E|10|C2
4|6|128|116|279|160|3N|S|11|D5
4|6|96|6|181|136|4H|N|12|D7
4|6|99|64|93|196|4H|N|10|D3
4|6|200|288|22|143|3N|S|7|SQ
4|6|226|228|277|122|4H|S|10|SQ
4|6|126|34|67|162|4H|N|12|D3
4|6|247|23|105|191|3N|N|11|S5
4|6|151|297|299|24|4H|N|10|D3
4|6|72|154|28|250|4H|S|12|C4
4|6|63|101|13|315|5H|N|11|SA
4|7|128|116|279|160|4S|S|9|DA
4|7|96|6|181|136|4S|S|10|DA
4|7|99|64|93|196|4S|S|9|DK
4|7|200|288|22|143|4S|S|10|H5
4|7|226|228|277|122|4S|S|10|DA
4|7|126|34|67|162|4S|S|9|DA
4|7|247|23|105|191|4S|S|9|H7
4|7|151|297|299|24|4S|S|10|S4
4|7|72|154|28|250|4S|S|10|S2
4|7|63|101|13|315|4S|S|9|DA
4|8|128|116|279|160|4H|E|10|SK
4|8|96|6|181|136|4H|E|8|CJ
4|8|99|64|93|196|2N|W|8|ST
4|8|200|288|22|143|3N|E|9|S5
4|8|226|228|277|122|4H|E|10|SK
4|8|126|34|67|162|3H|W|9|ST
4|8|247|23|105|191|3N|E|8|S5
4|8|151|297|299|24|4H|E|10|SK
4|8|72|154|28|250|4H|E|10|SK
4|8|63|101|13|315|4H|W|9|ST
4|9|128|116|279|160|2H|E|9|CJ
4|9|96|6|181|136|4H|W|8|S3
4|9|99|64|93|196|2H|E|8|CJ
4|9|200|288|22|143|2S|S|6|S9
4|9|226|228|277|122|4H|W|6|S6
4|9|126|34|67|162|1N|W|7|S4
4|9|247|23|105|191|2H|E|9|CJ
4|9|151|297|299|24|4H|E|9|CJ
4|9|72|154|28|250|1S|S|8|S5
4|9|63|101|13|315|3SX|S|6|S9
5|1|96|217|181|92|3D|N|11|CK
5|1|99|189|93|116|1S|N|7|CA
5|1|200|34|22|162|1S|N|6|CA
5|1|226|64|277|196|2D|N|12|CK
5|1|126|23|67|191|2N|S|8|H3
5|1|36|228|156|122|3D|N|9|CA
5|1|65|66|1|183|2D|N|11|CA
5|1|101|128|315|279|3D|N|11|CK
5|1|63|247|13|105|1N|S|8|H2
5|1|241|154|210|250|2S|N|5|CK
5|10|96|217|181|92|3N|W|12|HT
5|10|99|189|93|116|7NX|W|12|DA
5|10|200|34|22|162|3N|E|13|SJ
5|10|226|64|277|196|5D|E|11|H4
5|10|126|23|67|191|6N|W|12|S2
5|10|36|228|156|122|5D|E|11|H3
5|10|65|66|1|183|6C|W|12|HT
5|10|101|128|315|279|6C|W|12|H7
5|10|63|247|13|105|6C|W|12|S4
5|10|241|154|210|250|6D|E|11|SJ
5|11|96|217|181|92|3N|S|9|HT
5|11|99|189|93|116|3N|S|9|HT
5|11|200|34|22|162|3N|S|9|H9
5|11|226|64|277|196|3N|S|9|H4
5|11|126|23|67|191|3N|S|9|H4
5|11|36|228|156|122|3N|S|9|HT
5|11|65|66|1|183|3N|S|9|HT
5|11|101|128|315|279|3N|N|9|H7
5|11|63|247|13|105|3N|S|9|H9
5|11|241|154|210|250|3N|S|9|H4
5|12|96|217|181|92|3N|W|10|D5
5|12|99|189|93|116|4S|W|11|D7
5|12|200|34|22|162|6S|W|12|C3
5|12|226|64|277|196|3N|W|11|D5
5|12|126|23|67|191|3N|W|9|D5
5|12|36|228|156|122|6S|W|12|C4
5|12|65|66|1|183|4S|W|12|D5
5|12|101|128|315|279|4S|W|12|C4
5|12|63|247|13|105|3N|W|12|D5
5|12|241|154|210|250|3N|W|12|D5
5|13|96|217|181|92|3S|S|10|DK
5|13|99|189|93|116|3N|S|10|D6
5|13|200|34|22|162|3C|S|8|DA
5|13|226|64|277|196|3N|S|10|D6
5|13|126|23|67|191|3N|S|10|ST
5|13|36|228|156|122|3C|N|10|DT
5|13|65|66|1|183|4S|S|11|S2
5|13|101|128|315|279|4S|S|9|C5
5|13|63|247|13|105|4S|S|8|DA
5|13|241|154|210|250|3N|S|10|D3
5|14|96|217|181|92|4S|S|10|DJ
5|14|99|189|93|116|4S|S|10|DJ
5|14|200|34|22|162|6S|S|10|DJ
5|14|226|64|277|196|4S|S|10|DJ
5|14|126|23|67|191|4S|S|10|DJ
5|14|36|228|156|122|6S|S|10|DJ
5|14|65|66|1|183|4S|S|10|DJ
5|14|101|128|315|279|4S|S|10|DJ
5|14|63|247|13|105|4S|S|10|DJ
5|14|241|154|210|250|4S|S|10|DJ
5|15|96|217|181|92|3H|N|7|CQ
5|15|99|189|93|116|4S|W|9|HK
5|15|200|34|22|162|2H|N|8|CQ
5|15|226|64|277|196|3S|W|9|HK
5|15|126|23|67|191|4SX|W|10|C7
5|15|36|228|156|122|3S|W|10|HA
5|15|65|66|1|183|3S|W|8|HA
5|15|101|128|315|279|3S|W|9|HA
5|15|63|247|13|105|4H|N|8|CQ
5|15|241|154|210|250|2S|W|9|HA
5|16|96|217|181|92|6H|N|12|S7
5|16|99|189|93|116|6S|S|13|C5
5|16|200|34|22|162|6H|N|12|DA
5|16|226|64|277|196|6H|N|12|D2
5|16|126|23|67|191|6H|N|12|DA
5|16|36|228|156|122|6S|N|13|C8
5|16|65|66|1|183|6H|S|12|H3
5|16|101|128|315|279|6H|S|12|H5
5|16|63|247|13|105|6H|N|12|DA
5|16|241|154|210|250|4H|N|12|S9
5|17|96|217|181|92|3H|W|9|SJ
5|17|288|116|143|160|4SX|N|7|C5
5|17|200|34|22|162|3S|N|7|HK
5|17|226|64|277|196|3H|W|9|H8
5|17|126|23|67|191|3H|W|10|CQ
5|17|151|228|299|122|3H|W|9|CQ
5|17|128|101|279|315|3H|W|10|CQ
5|17|72|65|28|1|2S|S|8|HJ
5|17|63|247|13|105|3H|E|10|DT
5|17|297|154|24|250|3S|N|7|C5
5|18|96|217|181|92|2H|S|8|SQ
5|18|288|116|143|160|1N|N|5|S5
5|18|200|34|22|162|2H|S|8|SQ
5|18|226|64|277|196|1N|N|5|S2
5|18|126|23|67|191|2H|S|8|SQ
5|18|151|228|299|122|2H|S|8|S4
5|18|128|101|279|315|2S|W|9|SA
5|18|72|65|28|1|2H|S|8|S4
5|18|63|247|13|105|1N|N|6|S5
5|18|297|154|24|250|2H|S|7|S4
5|19|96|217|181|92|3H|N|10|H5
5|19|288|116|143|160|5DX|W|10|CA
5|19|200|34|22|162|5DX|W|10|CA
5|19|226|64|277|196|3N|E|8|H2
5|19|126|23|67|191|4H|N|9|DA
5|19|151|228|299|122|5D|W|10|CK
5|19|128|101|279|315|5D|W|10|CK
5|19|72|65|28|1|3H|N|9|DA
5|19|63|247|13|105|5DX|E|10|HQ
5|19|297|154|24|250|3H|N|10|C9
5|2|96|217|181|92|3N|E|11|S6
5|2|99|189|93|116|3N|E|11|S6
5|2|200|34|22|162|3N|E|10|S6
5|2|226|64|277|196|3N|E|11|S6
5|2|126|23|67|191|3N|E|10|S6
5|2|36|228|156|122|3N|E|12|S6
5|2|65|66|1|183|3N|E|11|S6
5|2|101|128|315|279|3N|E|11|S6
5|2|63|247|13|105|3N|W|11|S2
5|2|241|154|210|250|3N|E|12|S6
5|20|96|217|181|92|3H|E|8|H4
5|20|288|116|143|160|1S|E|7|H4
5|20|200|34|22|162|2S|E|7|H8
5|20|226|64|277|196|1S|E|8|H4
5|20|126|23|67|191|1S|E|6|H8
5|20|151|228|299|122|4H|E|8|H4
5|20|128|101|279|315|2N|N|7|HA
5|20|72|65|28|1|3H|E|8|H4
5|20|63|247|13|105|2N|N|6|HA
5|20|297|154|24|250|1S|E|7|H8
5|21|96|217|181|92|4H|E|7|S4
5|21|288|116|143|160|4H|E|8|S2
5|21|200|34|22|162|2H|E|8|C2
5|21|226|64|277|196|4D|W|9|SQ
5|21|126|23|67|191|3N|E|7|C4
5|21|151|228|299|122|3N|E|8|C4
5|21|128|101|279|315|4H|E|8|C2
5|21|72|65|28|1|4HX|E|8|S4
5|21|63|247|13|105|3N|W|8|D2
5|21|297|154|24|250|4H|W|9|SQ
5|22|96|217|181|92|4H|S|13|DK
5|22|288|116|143|160|4H|S|12|DK
5|22|200|34|22|162|7H|S|12|CA
5|22|226|64|277|196|4H|S|13|DK
5|22|126|23|67|191|6H|S|13|DK
5|22|151|228|299|122|6H|S|12|DK
5|22|128|101|279|315|6H|S|12|DK
5|22|72|65|28|1|5H|S|12|DK
5|22|63|247|13|105|6H|S|12|DK
5|22|297|154|24|250|6S|S|13|DK
5|23|96|217|181|92|1N|E|5|ST
5|23|288|116|143|160|2S|S|8|H7
5|23|200|34|22|162|3S|S|8|H3
5|23|226|64|277|196|3S|S|8|H7
5|23|126|23|67|191|1N|E|6|SQ
5|23|151|228|299|122|4H|W|8|S4
5|23|128|101|279|315|1N|E|7|ST
5|23|72|65|28|1|3S|S|8|C2
5|23|63|247|13|105|1N|E|6|ST
5|23|297|154|24|250|4S|S|8|D8
5|24|96|217|181|92|4H|N|12|DT
5|24|288|116|143|160|4H|N|12|CA
5|24|200|34|22|162|4H|N|11|CA
5|24|226|64|277|196|4H|N|11|SA
5|24|126|23|67|191|4H|N|12|DT
5|24|151|228|299|122|5H|N|11|SA
5|24|128|101|279|315|4H|N|12|DT
5|24|72|65|28|1|4H|N|11|CA
5|24|63|247|13|105|4SX|E|6|DK
5|24|297|154|24|250|4H|N|12|SA
5|25|96|217|181|92|6N|W|12|D6
5|25|288|116|143|160|4H|W|12|C3
5|25|200|34|22|162|4S|E|11|D5
5|25|226|64|277|196|4H|W|10|C3
5|25|126|23|67|191|4H|W|11|C2
5|25|151|228|299|122|4H|W|12|H3
5|25|128|101|279|315|4H|W|10|D9
5|25|72|65|28|1|4H|W|11|C2
5|25|63|247|13|105|4H|W|12|H6
5|25|297|154|24|250|4H|W|12|C2
5|26|96|217|181|92|4S|E|10|D4
5|26|288|116|143|160|4S|W|12|D6
5|26|200|34|22|162|5DX|N|9|SA
5|26|226|64|277|196|4S|E|10|C2
5|26|126|23|67|191|4S|E|10|C3
5|26|151|228|299|122|4S|E|10|D4
5|26|128|101|279|315|5D|N|8|SA
5|26|72|65|28|1|4D|N|9|SA
5|26|63|247|13|105|2S|W|10|CA
5|26|297|154|24|250|4S|E|10|C3
5|27|96|217|181|92|1N|E|7|D8
5|27|288|116|143|160|3H|N|7|H4
5|27|200|34|22|162|1N|E|8|HK
5|27|226|64|277|196|1N|E|8|D8
5|27|126|23|67|191|2N|W|9|S6
5|27|151|228|299|122|2H|W|7|D2
5|27|128|101|279|315|1N|E|8|D9
5|27|72|65|28|1|2N|E|8|HQ
5|27|63|247|13|105|1N|E|8|D8
5|27|297|154|24|250|2S|E|9|HK
5|28|96|217|181|92|1S|W|7|H7
5|28|288|116|143|160|1N|E|9|H3
5|28|200|34|22|162|2N|E|7|H3
5|28|226|64|277|196|1N|E|6|DQ
5|28|126|23|67|191|2N|E|6|H3
5|28|151|228|299|122|1N|E|7|H3
5|28|128|101|279|315|1N|E|6|H5
5|28|72|65|28|1|2S|W|6|CJ
5|28|63|247|13|105|1N|E|7|DQ
5|28|297|154|24|250|1S|W|7|DJ
5|29|96|217|181|92|4S|W|9|S4
5|29|288|116|143|160|2S|W|9|S4
5|29|200|34|22|162|2S|W|9|C4
5|29|226|64|277|196|4S|W|10|DA
5|29|126|23|67|191|4S|W|10|C4
5|29|151|228|299|122|3D|N|10|D3
5|29|128|101|279|315|4S|W|9|S4
5|29|72|65|28|1|3S|W|10|S4
5|29|63|247|13|105|2S|W|9|C7
5|29|297|154|24|250|2S|W|8|C4
5|3|96|217|181|92|4S|W|10|S2
5|3|99|189|93|116|4S|E|9|CT
5|3|200|34|22|162|2S|E|9|CT
5|3|226|64|277|196|4S|E|10|D3
5|3|126|23|67|191|2S|E|10|CT
5|3|36|228|156|122|4S|W|9|H2
5|3|65|66|1|183|4S|E|10|D3
5|3|101|128|315|279|3S|E|9|CT
5|3|63|247|13|105|4S|W|9|S3
5|3|241|154|210|250|3S|E|9|CT
5|30|96|217|181|92|1N|E|5|D3
5|30|288|116|143|160|1N|E|5|D3
5|30|200|34|22|162|1N|E|4|D9
5|30|226|64|277|196|1N|E|7|D3
5|30|126|23|67|191|1N|E|4|DT
5|30|151|228|299|122|1N|E|4|D3
5|30|128|101|279|315|2S|W|8|C2
5|30|72|65|28|1|1N|E|4|D3
5|30|63|247|13|105|1N|E|5|DT
5|30|297|154|24|250|2N|E|5|D2
5|31|96|217|181|92|3H|W|10|S2
5|31|288|116|143|160|3H|W|9|H4
5|31|200|34|22|162|2S|S|8|HK
5|31|226|64|277|196|3H|W|9|ST
5|31|126|23|67|191|3H|W|10|S2
5|31|151|228|299|122|3H|W|10|S2
5|31|128|101|279|315|3S|S|8|HK
5|31|72|65|28|1|3H|W|9|H8
5|31|63|247|13|105|3H|W|10|ST
5|31|297|154|24|250|3H|W|10|S2
5|32|96|217|181|92|3S|N|6|C3
5|32|288|116|143|160|4C|W|9|ST
5|32|200|34|22|162|3C|W|9|C6
5|32|226|64|277|196|3S|N|7|H6
5|32|126|23|67|191|2S|N|8|H6
5|32|151|228|299|122|3N|E|6|S3
5|32|128|101|279|315|5D|E|9|SA
5|32|72|65|28|1|3S|N|7|C3
5|32|63|247|13|105|3D|E|10|SA
5|32|297|154|24|250|3D|E|8|SA
5|4|96|217|181|92|2D|W|10|SK
5|4|99|189|93|116|2D|W|10|H2
5|4|200|34|22|162|1N|E|9|H4
5|4|226|64|277|196|2H|N|6|D2
5|4|126|23|67|191|3H|N|8|D2
5|4|36|228|156|122|2H|N|6|D6
5|4|65|66|1|183|2H|S|6|DK
5|4|101|128|315|279|1N|E|9|H4
5|4|63|247|13|105|1N|E|10|H4
5|4|241|154|210|250|3D|W|9|D4
5|5|96|217|181|92|3N|N|11|H2
5|5|99|189|93|116|3N|N|9|H9
5|5|200|34|22|162|3N|N|7|H2
5|5|226|64|277|196|3N|N|10|HT
5|5|126|23|67|191|3N|N|9|HT
5|5|36|228|156|122|3N|N|9|H9
5|5|65|66|1|183|3N|N|9|HT
5|5|101|128|315|279|3N|S|10|H3
5|5|63|247|13|105|3N|N|9|H2
5|5|241|154|210|250|3N|N|9|HT
5|6|96|217|181|92|4S|S|8|CK
5|6|99|189|93|116|4H|W|8|SA
5|6|200|34|22|162|3S|S|8|CA
5|6|226|64|277|196|3S|S|8|CK
5|6|126|23|67|191|3HX|W|8|C4
5|6|36|228|156|122|4SX|S|8|CA
5|6|65|66|1|183|3H|W|8|SA
5|6|101|128|315|279|4S|S|8|CK
5|6|63|247|13|105|4HX|W|8|DA
5|6|241|154|210|250|4S|S|7|CK
5|7|96|217|181|92|3H|N|8|S8
5|7|99|189|93|116|4H|N|9|S5
5|7|200|34|22|162|2H|N|9|S6
5|7|226|64|277|196|3H|N|9|S5
5|7|126|23|67|191|4H|N|9|CA
5|7|36|228|156|122|3H|S|9|D7
5|7|65|66|1|183|4H|N|9|S6
5|7|101|128|315|279|4H|N|9|CA
5|7|63|247|13|105|4H|N|9|S5
5|7|241|154|210|250|2H|N|8|S6
5|8|96|217|181|92|2C|W|9|DT
5|8|99|189|93|116|3N|E|9|S8
5|8|200|34|22|162|2C|W|9|HA
5|8|226|64|277|196|2S|N|5|DA
5|8|126|23|67|191|2C|W|9|HA
5|8|36|228|156|122|3N|E|9|DQ
5|8|65|66|1|183|1D|N|8|H4
5|8|101|128|315|279|3N|E|9|DQ
5|8|63|247|13|105|3N|E|9|DQ
5|8|241|154|210|250|2H|E|7|DQ
5|9|96|217|181|92|5HX|E|8|CK
5|9|99|189|93|116|4SX|N|9|HK
5|9|200|34|22|162|5SX|N|9|HK
5|9|226|64|277|196|4S|N|9|HK
5|9|126|23|67|191|4H|E|9|CK
5|9|36|228|156|122|5H|E|9|CK
5|9|65|66|1|183|5HX|E|9|CK
5|9|101|128|315|279|3H|W|9|S3
5|9|63|247|13|105|4S|N|9|HK
5|9|241|154|210|250|4H|E|9|CK
6|1|226|189|277|160|3D|E|12|SQ
6|1|96|34|181|162|5D|E|11|SQ
6|1|36|64|156|196|3D|E|12|H4
6|1|200|151|22|299|2H|W|7|C3
6|1|247|228|105|122|5D|E|10|CA
6|1|126|241|67|210|2H|N|5|D4
6|1|72|217|28|92|3N|W|7|C6
6|1|99|66|93|183|3H|W|7|C3
6|1|63|65|13|1|3N|W|9|H2
6|1|6|154|136|250|3H|W|8|C6
6|10|226|189|277|160|4H|W|10|S6
6|10|96|34|181|162|4H|W|10|D6
6|10|36|64|156|196|4H|W|10|S6
6|10|200|151|22|299|6H|W|10|D6
6|10|247|228|105|122|4H|W|10|D6
6|10|126|241|67|210|4H|W|11|CJ
6|10|72|217|28|92|4H|W|10|S5
6|10|99|66|93|183|4H|W|10|H4
6|10|63|65|13|1|6H|E|10|D2
6|10|6|154|136|250|4H|W|10|D3
6|11|226|189|277|160|5C|N|11|DJ
6|11|96|34|181|162|5C|N|12|H4
6|11|36|64|156|196|5C|N|11|DJ
6|11|200|151|22|299|5C|N|12|H6
6|11|247|228|105|122|5C|N|11|DJ
6|11|126|241|67|210|5C|N|12|H6
6|11|72|217|28|92|5HX|W|9|H9
6|11|99|66|93|183|3H|W|9|CK
6|11|63|65|13|1|5C|N|12|CA
6|11|6|154|136|250|5C|N|12|H4
6|12|226|189|277|160|5CX|E|10|ST
6|12|96|34|181|162|5CX|E|10|D3
6|12|36|64|156|196|5HX|E|11|CK
6|12|200|151|22|299|5HX|E|11|S9
6|12|247|228|105|122|4CX|W|11|C5
6|12|126|241|67|210|3N|N|10|C7
6|12|72|217|28|92|5HX|E|11|CK
6|12|99|66|93|183|5CX|W|11|C3
6|12|63|65|13|1|2H|E|10|HJ
6|12|6|154|136|250|5HX|E|10|H7
6|13|226|189|277|160|2S|N|8|C7
6|13|96|34|181|162|2D|S|8|CK
6|13|36|64|156|196|1NX|N|7|H5
6|13|200|151|22|299|3C|W|8|DK
6|13|247|228|105|122|1N|N|8|H5
6|13|126|241|67|210|2D|S|9|CK
6|13|72|217|28|92|2S|N|9|C7
6|13|99|66|93|183|3S|N|8|C3
6|13|63|65|13|1|2S|N|10|H5
6|13|6|154|136|250|4S|N|8|C3
6|14|226|189|277|160|2S|N|8|DK
6|14|96|34|181|162|3S|N|9|DK
6|14|36|64|156|196|2S|N|8|DK
6|14|200|151|22|299|3S|N|8|DK
6|14|247|228|105|122|2S|N|8|DK
6|14|126|241|67|210|3S|N|8|DK
6|14|72|217|28|92|3C|W|9|SA
6|14|99|66|93|183|2S|N|8|DK
6|14|63|65|13|1|4SX|N|8|DK
6|14|6|154|136|250|3H|W|9|SA
6|15|226|189|277|160|2H|N|9|SJ
6|15|96|34|181|162|3H|N|8|SJ
6|15|36|64|156|196|3H|N|9|SJ
6|15|200|151|22|299|2S|E|6|H7
6|15|247|228|105|122|2H|N|8|SJ
6|15|126|241|67|210|4H|N|10|SJ
6|15|72|217|28|92|4H|N|10|SJ
6|15|99|66|93|183|2S|E|6|H7
6|15|63|65|13|1|3H|S|10|S6
6|15|6|154|136|250|2D|N|8|SJ
6|16|226|189|277|160|3N|N|9|S8
6|16|96|34|181|162|3N|N|9|S2
6|16|36|64|156|196|3N|N|10|C4
6|16|200|151|22|299|3H|N|9|S6
6|16|247|228|105|122|2N|N|9|C9
6|16|126|241|67|210|3N|N|9|S2
6|16|72|217|28|92|3N|N|9|S2
6|16|99|66|93|183|3N|N|9|DT
6|16|63|65|13|1|3N|N|11|S8
6|16|6|154|136|250|3N|N|10|DT
6|17|226|116|277|160|5S|N|11|DK
6|17|96|34|181|162|4S|S|11|C5
6|17|36|64|156|196|6SX|S|11|D5
6|17|200|23|22|191|6SX|N|10|HK
6|17|297|228|24|122|6S|S|12|D2
6|17|126|241|67|210|6SX|N|11|HK
6|17|66|288|183|143|6SX|S|11|D5
6|17|99|101|93|315|4S|S|12|C5
6|17|63|6|13|136|6S|N|9|HK
6|17|128|154|279|250|7SX|N|11|HQ
6|18|226|116|277|160|2D|N|8|S2
6|18|96|34|181|162|2H|E|6|DA
6|18|36|64|156|196|2H|E|6|DA
6|18|200|23|22|191|2N|W|6|HK
6|18|297|228|24|122|2N|W|5|D5
6|18|126|241|67|210|2H|E|6|DA
6|18|66|288|183|143|2H|E|6|DA
6|18|99|101|93|315|2H|E|7|DA
6|18|63|6|13|136|2H|E|7|DA
6|18|128|154|279|250|2H|E|7|DA
6|19|226|116|277|160|2C|N|9|HT
6|19|96|34|181|162|2S|S|9|D6
6|19|36|64|156|196|2S|S|9|C3
6|19|200|23|22|191|2S|S|9|C3
6|19|297|228|24|122|2S|S|9|D8
6|19|126|241|67|210|2N|N|9|HT
6|19|66|288|183|143|2S|S|8|HA
6|19|99|101|93|315|1N|N|9|HT
6|19|63|6|13|136|2N|N|9|HT
6|19|128|154|279|250|2S|S|9|HA
6|2|226|189|277|160|P||0
6|2|96|34|181|162|P||0
6|2|36|64|156|196|3D|W|8|S8
6|2|200|151|22|299|3D|W|8|S3
6|2|247|228|105|122|P||0
6|2|126|241|67|210|4S|S|8|D3
6|2|72|217|28|92|4SX|S|9|SJ
6|2|99|66|93|183|P||0
6|2|63|65|13|1|P||0
6|2|6|154|136|250|2S|S|9|HK
6|20|226|116|277|160|2D|S|9|D2
6|20|96|34|181|162|3N|S|9|C3
6|20|36|64|156|196|3N|S|9|HJ
6|20|200|23|22|191|3N|S|8|HJ
6|20|297|228|24|122|3S|S|9|HJ
6|20|126|241|67|210|3N|S|8|HJ
6|20|66|288|183|143|3N|S|9|HJ
6|20|99|101|93|315|3S|S|9|HJ
6|20|63|6|13|136|4S|S|9|HJ
6|20|128|154|279|250|4S|N|9|HJ
6|21|226|116|277|160|3N|S|8|CQ
6|21|96|34|181|162|4S|N|10|CA
6|21|36|64|156|196|4H|S|10|CQ
6|21|200|23|22|191|4H|S|10|CQ
6|21|297|228|24|122|4S|N|10|CA
6|21|126|241|67|210|3S|N|10|DA
6|21|66|288|183|143|2H|S|10|CQ
6|21|99|101|93|315|4H|S|6|DJ
6|21|63|6|13|136|4S|N|10|CA
6|21|128|154|279|250|2H|S|12|DJ
6|22|226|116|277|160|5DX|N|8|S2
6|22|96|34|181|162|4S|W|10|SJ
6|22|36|64|156|196|4S|W|10|D7
6|22|200|23|22|191|5DX|N|8|S8
6|22|297|228|24|122|5DX|N|8|S5
6|22|126|241|67|210|4S|W|11|D5
6|22|66|288|183|143|4S|W|10|C2
6|22|99|101|93|315|4S|W|10|SJ
6|22|63|6|13|136|4S|W|10|SJ
6|22|128|154|279|250|4S|W|11|D6
6|23|226|116|277|160|3N|S|11|DJ
6|23|96|34|181|162|3HX|E|6|CJ
6|23|36|64|156|196|5C|N|10|SQ
6|23|200|23|22|191|3HX|E|6|S4
6|23|297|228|24|122|3N|S|11|DJ
6|23|126|241|67|210|3N|N|11|HQ
6|23|66|288|183|143|4HX|E|5|CJ
6|23|99|101|93|315|3N|N|11|HQ
6|23|63|6|13|136|3N|N|11|H9
6|23|128|154|279|250|3N|S|11|DJ
6|24|226|116|277|160|4H|N|9|SQ
6|24|96|34|181|162|3H|N|9|SQ
6|24|36|64|156|196|2N|N|8|SQ
6|24|200|23|22|191|2H|N|9|SQ
6|24|297|228|24|122|4H|N|9|SQ
6|24|126|241|67|210|3N|S|8|SQ
6|24|66|288|183|143|4H|N|9|SQ
6|24|99|101|93|315|3H|N|9|SQ
6|24|63|6|13|136|3H|N|9|SQ
6|24|128|154|279|250|2H|N|9|SQ
6|25|226|116|277|160|2S|N|7|H2
6|25|96|34|181|162|3C|E|10|S5
6|25|36|64|156|196|2S|N|8|C3
6|25|200|23|22|191|3N|E|6|S5
6|25|297|228|24|122|3S|N|8|D7
6|25|126|241|67|210|3S|N|9|D8
6|25|66|288|183|143|4C|E|9|ST
6|25|99|101|93|315|3C|E|10|S5
6|25|63|6|13|136|3S|N|9|C2
6|25|128|154|279|250|2S|N|8|S9
6|26|226|116|277|160|4S|N|8|DA
6|26|96|34|181|162|3H|S|9|C4
6|26|36|64|156|196|3H|S|9|DA
6|26|200|23|22|191|4H|S|9|DA
6|26|297|228|24|122|3H|S|11|DA
6|26|126|241|67|210|4H|N|9|DA
6|26|66|288|183|143|3H|S|10|DA
6|26|99|101|93|315|4H|S|9|DA
6|26|63|6|13|136|3D|W|10|H2
6|26|128|154|279|250|3H|S|9|DA
6|27|226|116|277|160|5C|W|12|HK
6|27|96|34|181|162|5D|E|12|C6
6|27|36|64|156|196|6D|E|12|H4
6|27|200|23|22|191|5HX|N|9|SK
6|27|297|228|24|122|5C|W|11|D2
6|27|126|241|67|210|5C|W|11|D2
6|27|66|288|183|143|6C|W|11|D2
6|27|99|101|93|315|6C|W|12|HK
6|27|63|6|13|136|6C|W|11|D2
6|27|128|154|279|250|5D|W|12|C6
6|28|226|116|277|160|3N|N|9|H4
6|28|96|34|181|162|3N|N|9|H4
6|28|36|64|156|196|3N|N|9|H4
6|28|200|23|22|191|3D|S|10|H9
6|28|297|228|24|122|3N|N|9|H4
6|28|126|241|67|210|3N|N|11|H4
6|28|66|288|183|143|3N|N|9|H4
6|28|99|101|93|315|3N|N|9|H4
6|28|63|6|13|136|3N|N|9|H4
6|28|128|154|279|250|3N|N|9|H4
6|29|226|116|277|160|5H|W|10|C7
6|29|96|34|181|162|4H|E|10|DT
6|29|36|64|156|196|4H|W|9|C7
6|29|200|23|22|191|4H|W|11|C7
6|29|297|228|24|122|4H|E|9|DT
6|29|126|241|67|210|4H|W|9|D5
6|29|66|288|183|143|4H|E|9|DT
6|29|99|101|93|315|4H|E|9|H4
6|29|63|6|13|136|4H|W|9|C7
6|29|128|154|279|250|4H|E|9|DT
6|3|226|189|277|160|3S|N|9|HQ
6|3|96|34|181|162|1N|S|8|D7
6|3|36|64|156|196|3N|N|10|HQ
6|3|200|151|22|299|1N|S|11|S6
6|3|247|228|105|122|1N|S|9|D6
6|3|126|241|67|210|2D|N|10|HQ
6|3|72|217|28|92|3N|S|8|H3
6|3|99|66|93|183|2S|S|7|H3
6|3|63|65|13|1|3N|S|11|S3
6|3|6|154|136|250|1N|S|9|S3
6|30|226|116|277|160|3S|W|8|S4
6|30|96|34|181|162|3H|S|9|H8
6|30|36|64|156|196|2H|S|9|H5
6|30|200|23|22|191|P||0
6|30|297|228|24|122|P||0
6|30|126|241|67|210|P||0
6|30|66|288|183|143|2S|E|8|HK
6|30|99|101|93|315|1N|E|6|H6
6|30|63|6|13|136|2H|S|9|ST
6|30|128|154|279|250|P||0
6|31|226|116|277|160|3D|E|9|CJ
6|31|96|34|181|162|2S|S|8|DJ
6|31|36|64|156|196|2S|S|8|DJ
6|31|200|23|22|191|2S|S|8|DJ
6|31|297|228|24|122|2S|S|8|DJ
6|31|126|241|67|210|2S|S|7|DJ
6|31|66|288|183|143|2S|S|8|DJ
6|31|99|101|93|315|3D|E|9|SA
6|31|63|6|13|136|5DX|E|9|HQ
6|31|128|154|279|250|4C|W|8|SK
6|32|226|116|277|160|4S|S|9|DK
6|32|96|34|181|162|4S|N|9|CK
6|32|36|64|156|196|4S|N|8|SJ
6|32|200|23|22|191|4S|N|9|CK
6|32|297|228|24|122|3S|S|9|C5
6|32|126|241|67|210|4S|S|8|C3
6|32|66|288|183|143|4S|S|9|DK
6|32|99|101|93|315|4S|N|9|CK
6|32|63|6|13|136|4S|S|9|DK
6|32|128|154|279|250|4S|N|8|SJ
6|4|226|189|277|160|2H|E|8|SK
6|4|96|34|181|162|3N|E|9|C6
6|4|36|64|156|196|2H|E|8|SK
6|4|200|151|22|299|3N|E|10|C2
6|4|247|228|105|122|2H|E|8|SK
6|4|126|241|67|210|4HX|E|8|SK
6|4|72|217|28|92|2H|E|8|SK
6|4|99|66|93|183|3D|W|10|C5
6|4|63|65|13|1|3N|E|9|SK
6|4|6|154|136|250|3N|E|10|C2
6|5|226|189|277|160|3H|E|10|C7
6|5|96|34|181|162|3H|E|9|H2
6|5|36|64|156|196|4H|E|8|SA
6|5|200|151|22|299|3H|E|10|H2
6|5|247|228|105|122|4H|E|8|H2
6|5|126|241|67|210|4S|N|9|HQ
6|5|72|217|28|92|5HX|E|9|DK
6|5|99|66|93|183|4H|E|8|C4
6|5|63|65|13|1|2H|E|9|H2
6|5|6|154|136|250|3H|E|9|SA
6|6|226|189|277|160|3S|E|9|C7
6|6|96|34|181|162|2S|E|9|S7
6|6|36|64|156|196|4S|E|9|S4
6|6|200|151|22|299|2N|W|8|H2
6|6|247|228|105|122|2N|E|8|C7
6|6|126|241|67|210|P||0
6|6|72|217|28|92|2S|E|9|C9
6|6|99|66|93|183|2N|W|8|H2
6|6|63|65|13|1|2N|W|8|H2
6|6|6|154|136|250|2S|E|9|C9
6|7|226|189|277|160|4S|N|11|CK
6|7|96|34|181|162|4S|N|10|CA
6|7|36|64|156|196|4S|N|11|HK
6|7|200|151|22|299|4S|N|11|CK
6|7|247|228|105|122|4S|N|10|CA
6|7|126|241|67|210|4S|N|10|S2
6|7|72|217|28|92|4S|N|11|CK
6|7|99|66|93|183|4S|N|10|HK
6|7|63|65|13|1|4S|N|11|HK
6|7|6|154|136|250|4S|N|10|CK
6|8|226|189|277|160|2S|S|9|HT
6|8|96|34|181|162|3S|S|8|CA
6|8|36|64|156|196|3D|S|10|CA
6|8|200|151|22|299|2D|S|8|DJ
6|8|247|228|105|122|2D|S|7|HT
6|8|126|241|67|210|2S|N|10|C4
6|8|72|217|28|92|3N|S|11|S4
6|8|99|66|93|183|3D|S|9|CA
6|8|63|65|13|1|3C|E|7|DA
6|8|6|154|136|250|2S|S|8|CA
6|9|226|189|277|160|2H|S|10|C5
6|9|96|34|181|162|2H|S|9|C5
6|9|36|64|156|196|2H|S|10|S4
6|9|200|151|22|299|2H|S|8|C5
6|9|247|228|105|122|2H|S|9|C8
6|9|126|241|67|210|2H|S|8|C5
6|9|72|217|28|92|2H|S|10|C8
6|9|99|66|93|183|2H|S|8|C8
6|9|63|65|13|1|4H|S|9|DA
6|9|6|154|136|250|2H|S|9|C8
7|1|96|151|181|299|4S|E|11|HK
7|1|36|116|156|160|4S|E|11|HK
7|1|200|126|22|60|4S|W|11|S7
7|1|40|64|67|196|3N|W|9|S7
7|1|3|138|5|28|4S|W|10|S6
7|1|101|34|315|162|4S|E|11|D6
7|1|288|154|143|90|4S|E|11|HK
7|1|13|217|250|92|4S|E|9|S3
7|1|6|297|136|24|4S|W|11|D2
7|1|247|318|105|279|4S|W|10|C3
7|10|96|151|181|299|4H|E|7|DA
7|10|36|116|156|160|4H|W|9|CJ
7|10|200|126|22|60|4H|W|8|CJ
7|10|40|64|67|196|3N|E|10|D6
7|10|3|138|5|28|3N|E|6|D7
7|10|101|34|315|162|4H|W|11|CJ
7|10|288|154|143|90|4S|N|8|DK
7|10|13|217|250|92|5HX|W|9|D8
7|10|6|297|136|24|4H|W|9|CJ
7|10|247|318|105|279|5CX|E|10|DA
7|11|96|151|181|299|4S|S|9|HQ
7|11|36|116|156|160|2DX|W|9|SA
7|11|200|126|22|60|2S|S|9|HQ
7|11|40|64|67|196|2S|S|10|HQ
7|11|3|138|5|28|3S|S|7|D4
7|11|101|34|315|162|3S|S|9|HQ
7|11|288|154|143|90|4S|S|8|HQ
7|11|13|217|250|92|3S|S|9|HQ
7|11|6|297|136|24|4S|S|9|HQ
7|11|247|318|105|279|4S|S|9|S2
7|12|96|151|181|299|1N|W|9|H8
7|12|36|116|156|160|2D|W|10|H5
7|12|200|126|22|60|2N|E|10|C2
7|12|40|64|67|196|2D|W|10|C4
7|12|3|138|5|28|1N|E|7|S3
7|12|101|34|315|162|2D|W|10|C6
7|12|288|154|143|90|5D|W|10|H8
7|12|13|217|250|92|2D|W|10|H5
7|12|6|297|136|24|3N|E|10|C2
7|12|247|318|105|279|3N|E|10|CA
7|13|96|151|181|299|5D|N|10|SA
7|13|36|116|156|160|3N|N|11|H3
7|13|200|126|22|60|3N|N|10|H3
7|13|40|64|67|196|3N|N|10|H3
7|13|3|138|5|28|3N|N|10|H3
7|13|101|34|315|162|3N|N|11|H3
7|13|288|154|143|90|3N|N|10|H3
7|13|13|217|250|92|3N|N|10|H3
7|13|6|297|136|24|3N|N|10|H3
7|13|247|318|105|279|3N|N|10|H2
7|14|96|151|181|299|4D|N|9|S6
7|14|36|116|156|160|4H|S|7|SA
7|14|200|126|22|60|4C|N|9|SJ
7|14|40|64|67|196|5C|N|9|S6
7|14|3|138|5|28|3S|W|9|DK
7|14|101|34|315|162|3N|S|8|S4
7|14|288|154|143|90|3N|S|9|S4
7|14|13|217|250|92|4C|N|10|S6
7|14|6|297|136|24|3N|S|8|S4
7|14|247|318|105|279|4H|S|7|DJ
7|15|96|151|181|299|4S|W|7|C7
7|15|36|116|156|160|3H|S|10|C4
7|15|200|126|22|60|1N|S|7|C2
7|15|40|64|67|196|3H|S|10|C4
7|15|3|138|5|28|4H|S|10|D6
7|15|101|34|315|162|4H|S|10|D9
7|15|288|154|143|90|4H|S|10|C2
7|15|13|217|250|92|4H|S|10|D8
7|15|6|297|136|24|3H|S|11|D6
7|15|247|318|105|279|4H|S|10|HA
7|16|96|151|181|299|3H|E|8|DJ
7|16|36|116|156|160|3N|W|9|D5
7|16|200|126|22|60|2H|E|8|S7
7|16|40|64|67|196|3D|N|8|S9
7|16|3|138|5|28|3D|N|8|S9
7|16|101|34|315|162|2H|E|8|DJ
7|16|288|154|143|90|3D|N|8|S9
7|16|13|217|250|92|2H|W|8|CJ
7|16|6|297|136|24|3D|N|8|HK
7|16|247|318|105|279|2H|E|8|S7
7|17|181|191|71|206|3S|E|9|C8
7|17|36|116|156|160|2H|N|8|SQ
7|17|203|126|304|60|4S|E|8|C8
7|17|40|64|67|196|2H|N|8|SQ
7|17|3|138|5|28|2H|N|8|SQ
7|17|66|226|183|277|2S|E|7|C2
7|17|288|154|99|90|3H|N|8|SQ
7|17|13|217|250|92|3S|E|8|C2
7|17|65|297|1|24|2S|E|9|C2
7|17|247|6|105|136|2H|N|8|SQ
7|18|181|191|71|206|3N|W|11|C4
7|18|36|116|156|160|3N|W|9|H5
7|18|203|126|304|60|6D|E|10|HK
7|18|40|64|67|196|3N|W|9|H7
7|18|3|138|5|28|3N|W|10|H7
7|18|66|226|183|277|4D|E|11|HK
7|18|288|154|99|90|3N|E|10|HK
7|18|13|217|250|92|5D|E|11|HK
7|18|65|297|1|24|6D|E|11|HK
7|18|247|6|105|136|3N|W|12|C4
7|19|181|191|71|206|5SX|N|9|CA
7|19|36|116|156|160|4SX|S|9|C3
7|19|203|126|304|60|6D|E|11|SK
7|19|40|64|67|196|4SX|N|8|CA
7|19|3|138|5|28|3N|W|9|H5
7|19|66|226|183|277|2HX|N|6|CK
7|19|288|154|99|90|3N|E|12|S6
7|19|13|217|250|92|3N|W|7|H5
7|19|65|297|1|24|3N|E|10|H7
7|19|247|6|105|136|3N|E|10|C8
7|2|96|151|181|299|1N|N|7|DT
7|2|36|116|156|160|3N|S|7|H3
7|2|200|126|22|60|1N|E|4|S9
7|2|40|64|67|196|2S|S|8|D8
7|2|3|138|5|28|3H|W|8|H4
7|2|101|34|315|162|2D|E|6|C6
7|2|288|154|143|90|3N|S|7|H3
7|2|13|217|250|92|1N|S|7|H3
7|2|6|297|136|24|1N|N|7|DT
7|2|247|318|105|279|2N|S|8|H3
7|20|181|191|71|206|3H|E|8|C2
7|20|36|116|156|160|3N|S|8|DK
7|20|203|126|304|60|3H|W|8|CA
7|20|40|64|67|196|1N|S|7|H3
7|20|3|138|5|28|3D|W|9|CA
7|20|66|226|183|277|3C|N|10|D6
7|20|288|154|99|90|3C|S|9|DQ
7|20|13|217|250|92|3C|N|9|C5
7|20|65|297|1|24|3C|N|9|C9
7|20|247|6|105|136|1N|S|8|D5
7|21|181|191|71|206|4S|E|10|HK
7|21|36|116|156|160|2S|E|10|HK
7|21|203|126|304|60|4S|E|10|HK
7|21|40|64|67|196|4S|E|10|HK
7|21|3|138|5|28|4S|E|10|HK
7|21|66|226|183|277|4S|E|10|HK
7|21|288|154|99|90|4S|E|10|HK
7|21|13|217|250|92|3S|E|10|HK
7|21|65|297|1|24|4S|E|10|HK
7|21|247|6|105|136|4S|E|10|HK
7|22|181|191|71|206|6S|W|12|ST
7|22|36|116|156|160|6H|E|13|SQ
7|22|203|126|304|60|4S|W|12|C7
7|22|40|64|67|196|6H|E|13|C2
7|22|3|138|5|28|4S|W|12|D3
7|22|66|226|183|277|4S|W|12|D6
7|22|288|154|99|90|5CX|S|8|HK
7|22|13|217|250|92|6S|W|12|D6
7|22|65|297|1|24|6S|W|12|H6
7|22|247|6|105|136|6S|W|12|D3
7|23|181|191|71|206|3N|N|10|H5
7|23|36|116|156|160|2D|S|13|H3
7|23|203|126|304|60|3N|N|10|H5
7|23|40|64|67|196|5D|S|12|C4
7|23|3|138|5|28|3N|N|10|H9
7|23|66|226|183|277|3N|N|10|C5
7|23|288|154|99|90|3N|N|10|C5
7|23|13|217|250|92|6D|N|12|CA
7|23|65|297|1|24|2D|S|12|DJ
7|23|247|6|105|136|5D|S|13|DJ
7|24|181|191|71|206|4H|N|10|C6
7|24|36|116|156|160|4H|S|10|CQ
7|24|203|126|304|60|4H|N|9|D9
7|24|40|64|67|196|4H|N|10|D4
7|24|3|138|5|28|4H|N|10|C6
7|24|66|226|183|277|6H|N|10|SA
7|24|288|154|99|90|4H|N|10|C4
7|24|13|217|250|92|4H|N|11|D9
7|24|65|297|1|24|4H|N|10|C6
7|24|247|6|105|136|4H|N|10|D4
7|25|181|191|71|206|2N|N|10|H8
7|25|36|116|156|160|1N|N|7|D7
7|25|203|126|304|60|3N|N|10|S3
7|25|40|64|67|196|3N|N|10|H8
7|25|3|138|5|28|3N|N|6|D7
7|25|66|226|183|277|3N|N|9|H8
7|25|288|154|99|90|1N|N|7|D9
7|25|13|217|250|92|2S|S|8|CK
7|25|65|297|1|24|2N|N|7|D7
7|25|247|6|105|136|3N|N|8|D7
7|26|181|191|71|206|3C|N|9|DJ
7|26|36|116|156|160|3C|N|11|C5
7|26|203|126|304|60|3S|W|7|DA
7|26|40|64|67|196|3S|W|8|DK
7|26|3|138|5|28|3C|N|9|SA
7|26|66|226|183|277|3C|N|9|DJ
7|26|288|154|99|90|3C|N|10|C5
7|26|13|217|250|92|2S|W|6|DA
7|26|65|297|1|24|3C|N|11|C4
7|26|247|6|105|136|3C|N|11|DJ
7|27|181|191|71|206|2C|S|9|C2
7|27|36|116|156|160|3C|S|11|D9
7|27|203|126|304|60|3C|N|9|DK
7|27|40|64|67|196|3N|N|9|DK
7|27|3|138|5|28|2D|E|7|HK
7|27|66|226|183|277|3C|S|10|D6
7|27|288|154|99|90|3C|S|10|D6
7|27|13|217|250|92|2C|S|10|C6
7|27|65|297|1|24|3C|S|9|C7
7|27|247|6|105|136|3N|N|8|D5
7|28|181|191|71|206|3H|N|10|DA
7|28|36|116|156|160|4H|N|10|DA
7|28|203|126|304|60|1N|E|8|CA
7|28|40|64|67|196|4HX|N|11|DA
7|28|3|138|5|28|4HX|N|10|DA
7|28|66|226|183|277|3H|N|10|DK
7|28|288|154|99|90|2H|N|11|DK
7|28|13|217|250|92|2D|W|9|ST
7|28|65|297|1|24|2D|W|9|ST
7|28|247|6|105|136|2H|S|11|D5
7|29|181|191|71|206|1N|N|6|D2
7|29|36|116|156|160|1N|N|6|D8
7|29|203|126|304|60|2S|N|8|D5
7|29|40|64|67|196|2S|S|8|D7
7|29|3|138|5|28|2D|S|8|CK
7|29|66|226|183|277|2S|S|8|D3
7|29|288|154|99|90|2S|N|8|D2
7|29|13|217|250|92|2S|N|8|H3
7|29|65|297|1|24|2S|N|8|D5
7|29|247|6|105|136|1N|N|5|D2
7|3|96|151|181|299|3C|W|10|HA
7|3|36|116|156|160|3C|W|9|HA
7|3|200|126|22|60|2S|W|8|HA
7|3|40|64|67|196|3DX|S|9|SA
7|3|3|138|5|28|3S|W|6|HK
7|3|101|34|315|162|3H|N|7|H9
7|3|288|154|143|90|3C|W|10|HA
7|3|13|217|250|92|3S|W|6|HK
7|3|6|297|136|24|4S|W|7|HA
7|3|247|318|105|279|3C|W|9|HA
7|30|181|191|71|206|1N|E|9|S9
7|30|36|116|156|160|2H|W|7|C3
7|30|203|126|304|60|2H|E|7|S9
7|30|40|64|67|196|1S|W|9|C6
7|30|3|138|5|28|3NX|S|8|HQ
7|30|66|226|183|277|3N|W|6|C3
7|30|288|154|99|90|1N|E|8|C9
7|30|13|217|250|92|2H|W|7|DJ
7|30|65|297|1|24|1S|W|8|S5
7|30|247|6|105|136|1S|W|8|C6
7|31|181|191|71|206|6S|E|11|H4
7|31|36|116|156|160|3N|W|11|C4
7|31|203|126|304|60|6S|W|11|H3
7|31|40|64|67|196|4S|W|11|C2
7|31|3|138|5|28|4S|W|11|C4
7|31|66|226|183|277|1N|E|11|S9
7|31|288|154|99|90|5D|W|11|SQ
7|31|13|217|250|92|4S|W|12|DK
7|31|65|297|1|24|4S|W|11|C4
7|31|247|6|105|136|4S|W|11|C2
7|32|181|191|71|206|4S|N|10|HJ
7|32|36|116|156|160|2S|N|8|DJ
7|32|203|126|304|60|3N|S|9|SK
7|32|40|64|67|196|4S|S|9|C6
7|32|3|138|5|28|3N|S|9|D2
7|32|66|226|183|277|3N|S|7|H2
7|32|288|154|99|90|4S|N|9|DJ
7|32|13|217|250|92|4S|N|8|DJ
7|32|65|297|1|24|4S|S|8|C6
7|32|247|6|105|136|4S|N|9|DJ
7|4|96|151|181|299|1N|N|9|SQ
7|4|36|116|156|160|1H|W|5|H9
7|4|200|126|22|60|3C|N|12|SQ
7|4|40|64|67|196|1S|E|5|H5
7|4|3|138|5|28|2C|S|11|HQ
7|4|101|34|315|162|3C|S|10|HQ
7|4|288|154|143|90|3C|S|10|HQ
7|4|13|217|250|92|1H|W|6|CJ
7|4|6|297|136|24|1N|W|4|C2
7|4|247|318|105|279|1H|W|5|H9
7|5|96|151|181|299|5D|E|9|HA
7|5|36|116|156|160|4S|S|8|DQ
7|5|200|126|22|60|4SX|S|9|DK
7|5|40|64|67|196|4S|S|8|DK
7|5|3|138|5|28|4S|S|8|DK
7|5|101|34|315|162|4S|S|8|DK
7|5|288|154|143|90|2S|S|8|DQ
7|5|13|217|250|92|3S|N|9|S3
7|5|6|297|136|24|4S|S|9|DK
7|5|247|318|105|279|4S|S|8|DK
7|6|96|151|181|299|1N|W|10|HJ
7|6|36|116|156|160|2N|W|9|HJ
7|6|200|126|22|60|3N|E|4|H5
7|6|40|64|67|196|2N|E|8|S8
7|6|3|138|5|28|3N|W|9|HJ
7|6|101|34|315|162|2N|E|8|H5
7|6|288|154|143|90|3N|E|10|DJ
7|6|13|217|250|92|3N|W|8|CJ
7|6|6|297|136|24|2N|E|9|S8
7|6|247|318|105|279|1N|W|8|H4
7|7|96|151|181|299|3H|S|9|SK
7|7|36|116|156|160|3C|S|7|SK
7|7|200|126|22|60|3H|S|8|SK
7|7|40|64|67|196|2S|W|9|H2
7|7|3|138|5|28|2S|W|9|H3
7|7|101|34|315|162|2S|W|9|H3
7|7|288|154|143|90|3S|W|9|H3
7|7|13|217|250|92|2S|W|8|S2
7|7|6|297|136|24|2S|W|9|H3
7|7|247|318|105|279|P||0
7|8|96|151|181|299|2H|E|9|DA
7|8|36|116|156|160|2H|E|8|DA
7|8|200|126|22|60|2H|E|8|DA
7|8|40|64|67|196|1N|W|7|D5
7|8|3|138|5|28|2S|N|6|S6
7|8|101|34|315|162|3C|S|6|H7
7|8|288|154|143|90|2S|N|7|HK
7|8|13|217|250|92|2H|E|8|DK
7|8|6|297|136|24|1N|E|7|C2
7|8|247|318|105|279|2H|E|8|DA
7|9|96|151|181|299|2S|N|9|CK
7|9|36|116|156|160|4S|N|8|CK
7|9|200|126|22|60|1S|N|9|CA
7|9|40|64|67|196|2C|S|8|H3
7|9|3|138|5|28|3S|N|9|CA
7|9|101|34|315|162|2S|N|9|CA
7|9|288|154|143|90|2S|N|9|D3
7|9|13|217|250|92|2S|N|10|CK
7|9|6|297|136|24|2S|N|9|CA
7|9|247|318|105|279|4S|N|9|CA
8|1|40|96|67|230|3N|N|9|H5
8|1|181|126|71|60|4SX|E|8|C3
8|1|247|203|105|304|3N|N|9|HJ
8|1|200|297|22|24|2H|E|7|S2
8|1|138|191|28|206|3N|N|9|S5
8|1|151|66|299|183|3N|N|9|HJ
8|1|13|34|250|162|3D|N|9|HJ
8|1|226|154|277|90|3N|S|10|H3
8|1|318|288|279|143|3N|N|8|HJ
8|1|99|65|92|1|2N|N|8|H7
8|10|40|96|67|230|2S|N|9|CK
8|10|181|126|71|60|2S|N|8|HJ
8|10|247|203|105|304|2H|E|6|DQ
8|10|200|297|22|24|2D|S|9|C2
8|10|138|191|28|206|2S|N|9|HJ
8|10|151|66|299|183|2S|N|9|HJ
8|10|13|34|250|162|2S|N|8|HJ
8|10|226|154|277|90|3S|N|9|HJ
8|10|318|288|279|143|2H|E|8|DQ
8|10|99|65|92|1|2H|E|7|ST
8|11|40|96|67|230|3N|N|8|CT
8|11|181|126|71|60|4H|N|9|S5
8|11|247|203|105|304|4H|N|9|S7
8|11|200|297|22|24|3N|N|9|S7
8|11|138|191|28|206|4H|S|9|S2
8|11|151|66|299|183|4H|N|8|CT
8|11|13|34|250|162|3N|S|7|S6
8|11|226|154|277|90|3NX|S|8|S6
8|11|318|288|279|143|4H|N|9|S7
8|11|99|65|92|1|3N|N|9|S7
8|12|40|96|67|230|3N|S|9|DA
8|12|181|126|71|60|4S|N|11|D6
8|12|247|203|105|304|4S|S|10|DA
8|12|200|297|22|24|3N|S|9|DA
8|12|138|191|28|206|4H|S|11|DA
8|12|151|66|299|183|3H|S|11|DK
8|12|13|34|250|162|4S|N|13|CT
8|12|226|154|277|90|4S|S|10|DK
8|12|318|288|279|143|6NX|S|9|DA
8|12|99|65|92|1|4S|N|11|D2
8|13|40|96|67|230|3N|W|9|H4
8|13|181|126|71|60|2C|N|7|CT
8|13|247|203|105|304|2D|E|7|S3
8|13|200|297|22|24|2DX|E|8|D4
8|13|138|191|28|206|2D|N|6|SQ
8|13|151|66|299|183|2N|W|7|C3
8|13|13|34|250|162|2D|E|7|S4
8|13|226|154|277|90|3NX|W|8|H4
8|13|318|288|279|143|2N|E|8|S3
8|13|99|65|92|1|2D|E|7|C7
8|14|40|96|67|230|4D|S|9|C3
8|14|181|126|71|60|4D|S|9|C3
8|14|247|203|105|304|3C|E|9|SA
8|14|200|297|22|24|3C|E|9|SA
8|14|138|191|28|206|3S|S|8|C3
8|14|151|66|299|183|3D|S|9|C2
8|14|13|34|250|162|3C|E|9|SA
8|14|226|154|277|90|4C|E|9|SK
8|14|318|288|279|143|4H|N|7|S9
8|14|99|65|92|1|3H|N|9|CQ
8|15|40|96|67|230|3S|S|10|DK
8|15|181|126|71|60|2N|E|7|S2
8|15|247|203|105|304|3S|S|9|DK
8|15|200|297|22|24|2S|S|8|DK
8|15|138|191|28|206|4D|W|7|D5
8|15|151|66|299|183|4S|S|9|DK
8|15|13|34|250|162|3S|S|9|DK
8|15|226|154|277|90|2S|S|8|DQ
8|15|318|288|279|143|P||0
8|15|99|65|92|1|2S|S|9|DK
8|16|40|96|67|230|3N|E|9|H5
8|16|181|126|71|60|3N|E|9|H5
8|16|247|203|105|304|3N|E|9|H5
8|16|200|297|22|24|3N|E|10|DT
8|16|138|191|28|206|3N|E|10|S3
8|16|151|66|299|183|3N|E|9|S2
8|16|13|34|250|162|3N|E|11|DT
8|16|226|154|277|90|3N|E|11|H5
8|16|318|288|279|143|3N|E|10|DT
8|16|99|65|92|1|3N|E|11|H5
8|17|126|116|60|160|4H|E|10|C2
8|17|96|40|181|67|P||0
8|17|297|64|24|196|3H|W|10|CA
8|17|203|2|304|210|5H|E|10|C2
8|17|138|151|28|299|4HX|E|10|C2
8|17|36|101|156|315|3N|N|5|S7
8|17|13|3|250|5|4H|E|10|C3
8|17|226|154|277|63|4H|E|10|C8
8|17|6|288|279|143|5H|E|10|C2
8|17|217|65|92|1|4H|E|10|C3
8|18|126|116|60|160|3C|S|8|DA
8|18|96|40|181|67|5D|W|11|HK
8|18|297|64|24|196|3D|W|10|D9
8|18|203|2|304|210|1N|E|6|C6
8|18|138|151|28|299|5CX|S|8|DA
8|18|36|101|156|315|3N|W|10|S2
8|18|13|3|250|5|3D|W|10|D4
8|18|226|154|277|63|1N|W|10|HK
8|18|6|288|279|143|3D|E|8|CQ
8|18|217|65|92|1|3D|E|9|CQ
8|19|126|116|60|160|2N|W|8|C3
8|19|96|40|181|67|2S|E|11|H4
8|19|297|64|24|196|3N|E|11|C2
8|19|203|2|304|210|2D|E|11|H4
8|19|138|151|28|299|3N|E|10|H2
8|19|36|101|156|315|3N|E|9|H8
8|19|13|3|250|5|3N|E|9|H2
8|19|226|154|277|63|1N|E|10|C2
8|19|6|288|279|143|2S|E|10|C4
8|19|217|65|92|1|3N|W|11|C8
8|2|40|96|67|230|5C|N|12|D7
8|2|181|126|71|60|4S|N|11|C2
8|2|247|203|105|304|5C|N|12|ST
8|2|200|297|22|24|6C|N|12|D3
8|2|138|191|28|206|5HX|W|7|CA
8|2|151|66|299|183|4S|N|10|H4
8|2|13|34|250|162|3HX|W|7|CK
8|2|226|154|277|90|6C|S|12|SK
8|2|318|288|279|143|5HX|W|7|CK
8|2|99|65|92|1|5C|S|12|HQ
8|20|126|116|60|160|4H|E|10|H4
8|20|96|40|181|67|4H|E|10|S3
8|20|297|64|24|196|4H|E|10|S3
8|20|203|2|304|210|4H|W|11|S4
8|20|138|151|28|299|4H|E|10|S3
8|20|36|101|156|315|4H|W|10|S2
8|20|13|3|250|5|4H|E|11|H4
8|20|226|154|277|63|4H|W|11|D2
8|20|6|288|279|143|4H|W|10|H7
8|20|217|65|92|1|4H|W|10|D2
8|21|126|116|60|160|2H|E|8|HA
8|21|96|40|181|67|2HX|S|6|SK
8|21|297|64|24|196|2S|E|8|HA
8|21|203|2|304|210|2S|E|8|HA
8|21|138|151|28|299|2HX|S|7|SK
8|21|36|101|156|315|2S|E|8|HA
8|21|13|3|250|5|3C|W|9|HT
8|21|226|154|277|63|2S|E|8|HK
8|21|6|288|279|143|2HX|S|6|SK
8|21|217|65|92|1|2S|E|9|HK
8|22|126|116|60|160|3N|E|9|C2
8|22|96|40|181|67|2H|W|9|HJ
8|22|297|64|24|196|2H|W|7|D3
8|22|203|2|304|210|3N|E|9|D8
8|22|138|151|28|299|2N|E|9|C2
8|22|36|101|156|315|2H|W|9|D4
8|22|13|3|250|5|3N|E|10|D8
8|22|226|154|277|63|2H|W|8|D4
8|22|6|288|279|143|3C|E|9|HQ
8|22|217|65|92|1|3N|E|10|D8
8|23|126|116|60|160|7H|N|11|DK
8|23|96|40|181|67|5H|N|11|DK
8|23|297|64|24|196|7H|N|12|DK
8|23|203|2|304|210|4H|S|12|D5
8|23|138|151|28|299|4H|N|12|DK
8|23|36|101|156|315|6H|N|12|DK
8|23|13|3|250|5|4H|N|12|DK
8|23|226|154|277|63|4H|N|12|DK
8|23|6|288|279|143|4H|N|12|DK
8|23|217|65|92|1|4H|N|11|DK
8|24|126|116|60|160|4H|W|10|DT
8|24|96|40|181|67|4H|W|10|DT
8|24|297|64|24|196|3N|W|10|S5
8|24|203|2|304|210|4H|W|10|DT
8|24|138|151|28|299|3N|W|10|DT
8|24|36|101|156|315|3N|W|9|DT
8|24|13|3|250|5|4H|W|10|H3
8|24|226|154|277|63|3N|W|10|S5
8|24|6|288|279|143|4H|W|10|DT
8|24|217|65|92|1|3N|W|10|S5
8|25|126|116|60|160|5HX|S|6|C4
8|25|96|40|181|67|3H|S|7|D2
8|25|297|64|24|196|5D|E|12|HK
8|25|203|2|304|210|4H|S|8|C4
8|25|138|151|28|299|5HX|N|8|H4
8|25|36|101|156|315|4S|W|10|CK
8|25|13|3|250|5|4D|E|12|HK
8|25|226|154|277|63|3H|N|7|DA
8|25|6|288|279|143|2D|E|12|HK
8|25|217|65|92|1|4S|W|9|CK
8|26|126|116|60|160|4S|N|8|D8
8|26|96|40|181|67|4S|N|8|D8
8|26|297|64|24|196|2H|E|7|DA
8|26|203|2|304|210|2S|N|7|HT
8|26|138|151|28|299|4S|N|8|HT
8|26|36|101|156|315|4S|N|8|D6
8|26|13|3|250|5|3S|N|8|D6
8|26|226|154|277|63|2S|N|8|HT
8|26|6|288|279|143|3N|N|7|HT
8|26|217|65|92|1|1N|E|4|ST
8|27|126|116|60|160|3N|W|9|DA
8|27|96|40|181|67|3N|E|8|CQ
8|27|297|64|24|196|3N|E|9|CQ
8|27|203|2|304|210|3N|W|9|S4
8|27|138|151|28|299|3N|E|10|CQ
8|27|36|101|156|315|3N|E|10|C6
8|27|13|3|250|5|1N|E|10|C6
8|27|226|154|277|63|3N|W|9|S4
8|27|6|288|279|143|3N|W|9|H5
8|27|217|65|92|1|3N|W|8|C8
8|28|126|116|60|160|3D|S|12|SK
8|28|96|40|181|67|4S|W|8|DQ
8|28|297|64|24|196|4SX|W|9|DQ
8|28|203|2|304|210|3N|N|5|H8
8|28|138|151|28|299|5D|S|11|SK
8|28|36|101|156|315|5C|S|11|SK
8|28|13|3|250|5|5D|S|11|SK
8|28|226|154|277|63|5DX|S|11|SK
8|28|6|288|279|143|4S|W|7|DQ
8|28|217|65|92|1|5DX|S|11|SK
8|29|126|116|60|160|4H|N|11|SK
8|29|96|40|181|67|4H|N|11|SK
8|29|297|64|24|196|4H|N|11|DT
8|29|203|2|304|210|4H|N|11|SK
8|29|138|151|28|299|4H|N|11|SK
8|29|36|101|156|315|4H|N|11|SK
8|29|13|3|250|5|4H|N|11|SK
8|29|226|154|277|63|4H|N|11|SK
8|29|6|288|279|143|3N|S|11|ST
8|29|217|65|92|1|3H|N|11|DT
8|3|40|96|67|230|2D|E|8|HA
8|3|181|126|71|60|2H|N|7|DA
8|3|247|203|105|304|1N|S|8|S9
8|3|200|297|22|24|1N|S|4|C3
8|3|138|191|28|206|2D|E|10|HA
8|3|151|66|299|183|1N|S|4|H7
8|3|13|34|250|162|2D|E|9|HK
8|3|226|154|277|90|2D|E|7|HK
8|3|318|288|279|143|1N|S|8|H7
8|3|99|65|92|1|2D|E|9|HK
8|30|126|116|60|160|3N|S|10|H5
8|30|96|40|181|67|3N|S|9|H4
8|30|297|64|24|196|3N|S|10|H5
8|30|203|2|304|210|3N|S|9|H8
8|30|138|151|28|299|3N|S|10|H5
8|30|36|101|156|315|3N|S|10|H5
8|30|13|3|250|5|2S|N|11|HA
8|30|226|154|277|63|3N|S|9|H8
8|30|6|288|279|143|3N|S|9|D4
8|30|217|65|92|1|3N|S|10|H8
8|31|126|116|60|160|2D|W|6|CK
8|31|96|40|181|67|3S|W|6|CK
8|31|297|64|24|196|3H|W|7|CK
8|31|203|2|304|210|3D|W|6|CK
8|31|138|151|28|299|3H|W|8|CK
8|31|36|101|156|315|2C|N|8|S3
8|31|13|3|250|5|1N|W|6|CK
8|31|226|154|277|63|1N|W|6|CK
8|31|6|288|279|143|1N|E|7|S4
8|31|217|65|92|1|1N|W|6|CK
8|32|126|116|60|160|4S|N|11|HK
8|32|96|40|181|67|4S|N|9|HK
8|32|297|64|24|196|4S|S|8|H9
8|32|203|2|304|210|4S|S|9|H9
8|32|138|151|28|299|4S|N|9|HK
8|32|36|101|156|315|4S|N|10|HK
8|32|13|3|250|5|4S|S|9|H7
8|32|226|154|277|63|4S|N|11|HK
8|32|6|288|279|143|3N|N|7|H5
8|32|217|65|92|1|4S|N|10|HK
8|4|40|96|67|230|4H|S|12|S5
8|4|181|126|71|60|4H|S|12|DK
8|4|247|203|105|304|4H|S|11|S5
8|4|200|297|22|24|4H|S|11|S5
8|4|138|191|28|206|4H|S|12|DK
8|4|151|66|299|183|4H|S|12|DK
8|4|13|34|250|162|4H|S|12|DK
8|4|226|154|277|90|4H|S|11|S5
8|4|318|288|279|143|3C|W|8|DA
8|4|99|65|92|1|5H|S|11|DK
8|5|40|96|67|230|4H|W|9|CQ
8|5|181|126|71|60|4H|W|9|CQ
8|5|247|203|105|304|4S|E|9|DT
8|5|200|297|22|24|5H|W|10|CQ
8|5|138|191|28|206|4H|W|9|CQ
8|5|151|66|299|183|4S|E|9|DT
8|5|13|34|250|162|3N|E|9|C8
8|5|226|154|277|90|4S|E|9|DT
8|5|318|288|279|143|3N|E|8|H5
8|5|99|65|92|1|3N|E|9|DT
8|6|40|96|67|230|3H|E|10|CT
8|6|181|126|71|60|4H|E|10|CT
8|6|247|203|105|304|4H|E|10|DQ
8|6|200|297|22|24|1N|W|9|SQ
8|6|138|191|28|206|2H|E|9|CT
8|6|151|66|299|183|4H|E|10|CT
8|6|13|34|250|162|3H|E|10|CT
8|6|226|154|277|90|4H|E|10|C9
8|6|318|288|279|143|4H|E|10|CT
8|6|99|65|92|1|4H|E|10|S4
8|7|40|96|67|230|2S|S|9|DA
8|7|181|126|71|60|2S|S|10|C2
8|7|247|203|105|304|2S|S|9|C2
8|7|200|297|22|24|2S|S|9|C2
8|7|138|191|28|206|2S|S|8|C8
8|7|151|66|299|183|2S|S|8|C3
8|7|13|34|250|162|3S|N|8|H6
8|7|226|154|277|90|2N|S|7|H4
8|7|318|288|279|143|2H|W|6|HT
8|7|99|65|92|1|2N|S|6|H4
8|8|40|96|67|230|3C|S|6|HA
8|8|181|126|71|60|2H|N|6|H7
8|8|247|203|105|304|3N|E|8|CQ
8|8|200|297|22|24|2C|N|6|C2
8|8|138|191|28|206|2D|W|9|SK
8|8|151|66|299|183|2HX|N|6|C2
8|8|13|34|250|162|3N|W|8|SK
8|8|226|154|277|90|2H|N|6|C2
8|8|318|288|279|143|2C|N|6|C2
8|8|99|65|92|1|3D|W|9|SK
8|9|40|96|67|230|4S|W|8|CK
8|9|181|126|71|60|5C|N|10|S2
8|9|247|203|105|304|3N|S|8|SQ
8|9|200|297|22|24|3N|S|5|SQ
8|9|138|191|28|206|5CX|N|10|S2
8|9|151|66|299|183|5C|N|10|S2
8|9|13|34|250|162|3N|S|6|SQ
8|9|226|154|277|90|5C|N|10|S9
8|9|318|288|279|143|3S|W|10|CA
8|9|99|65|92|1|3C|N|10|DQ
9|1|96|203|71|304|5D|W|11|S8
9|1|200|116|22|160|5D|W|10|S8
9|1|40|138|67|28|5D|W|10|S5
9|1|66|126|183|60|4D|W|12|D6
9|1|36|154|156|90|5D|W|11|S5
9|1|13|191|250|206|3D|W|12|C3
9|1|226|6|277|136|5D|E|11|S3
9|1|65|34|1|162|3N|E|9|S3
9|1|217|2|92|210|3N|E|9|S3
9|1|247|288|105|99|5D|E|10|S2
9|10|96|203|71|304|4H|S|7|DA
9|10|200|116|22|160|4D|E|8|SK
9|10|40|138|67|28|5DX|E|9|SK
9|10|66|126|183|60|4H|S|7|DA
9|10|36|154|156|90|4H|S|6|DK
9|10|13|191|250|206|4S|S|9|DK
9|10|226|6|277|136|4S|S|9|DA
9|10|65|34|1|162|4S|S|9|DA
9|10|217|2|92|210|4H|S|6|DA
9|10|247|288|105|99|4C|N|9|D4
9|11|96|203|71|304|6H|W|9|CA
9|11|200|116|22|160|3N|E|11|C6
9|11|40|138|67|28|5D|W|11|SA
9|11|66|126|183|60|4SX|N|8|D6
9|11|36|154|156|90|4D|W|10|SA
9|11|13|191|250|206|4SX|N|8|CK
9|11|226|6|277|136|6D|W|12|CA
9|11|65|34|1|162|4SX|N|8|CK
9|11|217|2|92|210|4SX|N|8|CK
9|11|247|288|105|99|5H|W|10|SA
9|12|96|203|71|304|2N|S|9|D6
9|12|200|116|22|160|3NX|W|7|CQ
9|12|40|138|67|28|2S|W|6|S3
9|12|66|126|183|60|2S|W|6|S3
9|12|36|154|156|90|3N|S|8|DK
9|12|13|191|250|206|2N|S|8|D6
9|12|226|6|277|136|2S|W|6|S2
9|12|65|34|1|162|2H|E|7|H5
9|12|217|2|92|210|2H|E|7|ST
9|12|247|288|105|99|3S|W|6|HA
9|13|96|203|71|304|3N|E|8|SJ
9|13|200|116|22|160|4H|W|11|SQ
9|13|40|138|67|28|5D|W|11|SQ
9|13|66|126|183|60|4H|W|11|SQ
9|13|36|154|156|90|3N|E|7|S7
9|13|13|191|250|206|4D|W|11|SQ
9|13|226|6|277|136|5D|W|11|SQ
9|13|65|34|1|162|3H|W|11|SQ
9|13|217|2|92|210|4H|W|11|SQ
9|13|247|288|105|99|4H|E|11|DT
9|14|96|203|71|304|4H|S|11|D4
9|14|200|116|22|160|4H|S|11|D4
9|14|40|138|67|28|4H|S|12|CT
9|14|66|126|183|60|4H|S|11|D4
9|14|36|154|156|90|4H|S|11|D8
9|14|13|191|250|206|3S|E|7|HA
9|14|226|6|277|136|2H|S|11|D8
9|14|65|34|1|162|4H|S|12|D4
9|14|217|2|92|210|4H|S|11|D4
9|14|247|288|105|99|3H|S|11|SK
9|15|96|203|71|304|3D|S|10|SA
9|15|200|116|22|160|4HX|E|11|CJ
9|15|40|138|67|28|5D|S|8|SA
9|15|66|126|183|60|4H|E|11|D5
9|15|36|154|156|90|4H|E|11|CJ
9|15|13|191|250|206|4H|E|11|CJ
9|15|226|6|277|136|5C|W|7|CK
9|15|65|34|1|162|4H|E|11|D5
9|15|217|2|92|210|4H|E|10|CJ
9|15|247|288|105|99|4H|E|11|CJ
9|16|96|203|71|304|4H|S|11|D4
9|16|200|116|22|160|4H|S|12|D4
9|16|40|138|67|28|5H|S|11|S4
9|16|66|126|183|60|5H|S|11|S2
9|16|36|154|156|90|2S|E|8|HK
9|16|13|191|250|206|4H|N|12|CT
9|16|226|6|277|136|4H|S|12|S5
9|16|65|34|1|162|4H|S|12|S5
9|16|217|2|92|210|3N|S|9|S5
9|16|247|288|105|99|4S|W|9|CA
9|17|181|203|71|304|4H|N|9|CQ
9|17|200|96|22|230|4H|N|9|CQ
9|17|40|138|67|28|4H|N|9|CQ
9|17|66|126|183|60|4H|N|10|CQ
9|17|151|154|299|90|5H|N|10|HA
9|17|13|191|250|206|4H|N|9|CQ
9|17|3|6|5|136|5H|N|10|CQ
9|17|65|34|1|162|5H|N|9|S2
9|17|217|2|92|210|5H|N|10|CQ
9|17|297|288|24|143|4SX|W|10|DJ
9|18|181|203|71|304|4H|W|11|D3
9|18|200|96|22|230|6H|E|11|CK
9|18|40|138|67|28|4H|W|10|S3
9|18|66|126|183|60|6HX|W|10|C5
9|18|151|154|299|90|3N|E|10|CK
9|18|13|191|250|206|3N|E|11|CK
9|18|3|6|5|136|4H|W|11|D4
9|18|65|34|1|162|4H|W|11|D9
9|18|217|2|92|210|4H|E|11|CK
9|18|297|288|24|143|3N|E|10|CK
9|19|181|203|71|304|4H|S|10|S4
9|19|200|96|22|230|4H|S|10|S4
9|19|40|138|67|28|6H|S|10|C7
9|19|66|126|183|60|4H|S|11|H5
9|19|151|154|299|90|4H|S|10|H5
9|19|13|191|250|206|4H|S|10|H5
9|19|3|6|5|136|4H|S|10|C3
9|19|65|34|1|162|4H|S|10|S4
9|19|217|2|92|210|4H|S|10|S4
9|19|297|288|24|143|4H|S|10|S2
9|2|96|203|71|304|3D|S|9|SK
9|2|200|116|22|160|4S|E|8|C3
9|2|40|138|67|28|4S|E|8|HJ
9|2|66|126|183|60|4S|E|8|HJ
9|2|36|154|156|90|3D|S|10|SK
9|2|13|191|250|206|3S|E|7|DA
9|2|226|6|277|136|4S|E|7|C4
9|2|65|34|1|162|3D|S|9|SK
9|2|217|2|92|210|4S|E|8|DA
9|2|247|288|105|99|4SX|E|8|HJ
9|20|181|203|71|304|3N|S|10|SQ
9|20|200|96|22|230|2S|E|9|CQ
9|20|40|138|67|28|6C|N|11|SA
9|20|66|126|183|60|5D|W|10|S2
9|20|151|154|299|90|3D|E|10|HK
9|20|13|191|250|206|5C|N|11|HJ
9|20|3|6|5|136|4C|N|11|SA
9|20|65|34|1|162|3C|N|11|D3
9|20|217|2|92|210|3C|N|11|D2
9|20|297|288|24|143|3D|E|8|CQ
9|21|181|203|71|304|3N|N|9|S3
9|21|200|96|22|230|3N|N|9|S3
9|21|40|138|67|28|2N|N|10|HJ
9|21|66|126|183|60|3N|N|9|D4
9|21|151|154|299|90|3N|N|8|C9
9|21|13|191|250|206|2S|S|9|H8
9|21|3|6|5|136|2N|S|9|D8
9|21|65|34|1|162|3N|N|8|C9
9|21|217|2|92|210|2N|N|8|C9
9|21|297|288|24|143|2N|N|9|S3
9|22|181|203|71|304|4H|N|10|SJ
9|22|200|96|22|230|4H|N|10|SJ
9|22|40|138|67|28|4HX|N|10|SJ
9|22|66|126|183|60|4H|N|10|SJ
9|22|151|154|299|90|4H|N|10|SJ
9|22|13|191|250|206|4H|S|10|SA
9|22|3|6|5|136|4H|N|10|SJ
9|22|65|34|1|162|4SX|E|8|DA
9|22|217|2|92|210|4H|N|10|SJ
9|22|297|288|24|143|4H|N|10|SJ
9|23|181|203|71|304|2D|E|7|SA
9|23|200|96|22|230|3S|N|7|S9
9|23|40|138|67|28|4HX|W|9|SJ
9|23|66|126|183|60|4H|E|9|SK
9|23|151|154|299|90|3C|S|9|HK
9|23|13|191|250|206|4H|W|9|SJ
9|23|3|6|5|136|4H|W|9|SJ
9|23|65|34|1|162|2D|E|8|SA
9|23|217|2|92|210|3C|N|9|DA
9|23|297|288|24|143|2H|W|9|SJ
9|24|181|203|71|304|4H|N|9|C5
9|24|200|96|22|230|4H|N|9|C5
9|24|40|138|67|28|2D|W|8|C4
9|24|66|126|183|60|3H|N|9|C5
9|24|151|154|299|90|3N|N|8|S2
9|24|13|191|250|206|3H|N|8|C5
9|24|3|6|5|136|4H|N|10|C5
9|24|65|34|1|162|3H|N|9|C5
9|24|217|2|92|210|4H|N|8|C5
9|24|297|288|24|143|3H|N|9|C5
9|25|181|203|71|304|P||0
9|25|200|96|22|230|1N|N|6|HT
9|25|40|138|67|28|1N|W|7|S3
9|25|66|126|183|60|P||0
9|25|151|154|299|90|1N|S|5|C3
9|25|13|191|250|206|1N|S|5|C3
9|25|3|6|5|136|P||0
9|25|65|34|1|162|P||0
9|25|217|2|92|210|1N|S|5|C3
9|25|297|288|24|143|1N|E|7|D4
9|26|181|203|71|304|2S|N|8|DA
9|26|200|96|22|230|3S|S|8|HK
9|26|40|138|67|28|3H|E|10|SK
9|26|66|126|183|60|2S|N|8|HA
9|26|151|154|299|90|2S|N|7|S2
9|26|13|191|250|206|2H|W|10|SJ
9|26|3|6|5|136|2S|S|8|S7
9|26|65|34|1|162|2H|E|9|SA
9|26|217|2|92|210|3S|S|9|S9
9|26|297|288|24|143|2S|N|8|S2
9|27|181|203|71|304|4S|N|12|D4
9|27|200|96|22|230|4S|N|12|D3
9|27|40|138|67|28|5D|S|12|CA
9|27|66|126|183|60|4S|N|12|CK
9|27|151|154|299|90|4S|N|12|CK
9|27|13|191|250|206|4S|N|12|CK
9|27|3|6|5|136|4S|N|12|CK
9|27|65|34|1|162|4S|S|11|D4
9|27|217|2|92|210|5S|N|12|CK
9|27|297|288|24|143|4S|N|12|D3
9|28|181|203|71|304|3N|E|10|SJ
9|28|200|96|22|230|3N|E|9|SJ
9|28|40|138|67|28|3N|W|9|S5
9|28|66|126|183|60|4N|W|11|C2
9|28|151|154|299|90|3N|E|11|SJ
9|28|13|191|250|206|3N|W|10|S5
9|28|3|6|5|136|3N|E|10|SJ
9|28|65|34|1|162|3N|E|11|D6
9|28|217|2|92|210|3N|W|10|S5
9|28|297|288|24|143|3N|W|10|S5
9|29|181|203|71|304|3N|N|10|C4
9|29|200|96|22|230|4H|S|10|DA
9|29|40|138|67|28|3N|S|10|C6
9|29|66|126|183|60|4H|S|9|S4
9|29|151|154|299|90|4H|S|11|C6
9|29|13|191|250|206|4H|N|11|D3
9|29|3|6|5|136|4H|S|11|C6
9|29|65|34|1|162|4H|N|11|D5
9|29|217|2|92|210|4H|S|11|C8
9|29|297|288|24|143|4H|S|10|S5
9|3|96|203|71|304|2D|S|9|C5
9|3|200|116|22|160|3D|S|9|C5
9|3|40|138|67|28|2D|S|10|C5
9|3|66|126|183|60|3N|S|6|C4
9|3|36|154|156|90|4S|N|9|CJ
9|3|13|191|250|206|3N|S|8|C4
9|3|226|6|277|136|3D|S|9|C4
9|3|65|34|1|162|3D|S|9|H4
9|3|217|2|92|210|4S|N|8|CJ
9|3|247|288|105|99|3N|S|5|C4
9|30|181|203|71|304|3SX|W|6|C7
9|30|200|96|22|230|4H|N|9|S9
9|30|40|138|67|28|3N|S|11|S6
9|30|66|126|183|60|4H|N|8|S9
9|30|151|154|299|90|3H|N|10|S3
9|30|13|191|250|206|4H|N|10|S9
9|30|3|6|5|136|4H|N|7|D6
9|30|65|34|1|162|3H|N|9|S9
9|30|217|2|92|210|4H|N|8|S9
9|30|297|288|24|143|4H|N|10|S2
9|31|181|203|71|304|5DX|E|9|SA
9|31|200|96|22|230|4S|N|8|D4
9|31|40|138|67|28|3S|N|8|S8
9|31|66|126|183|60|5CX|W|9|DK
9|31|151|154|299|90|4S|N|8|S8
9|31|13|191|250|206|5DX|E|9|SA
9|31|3|6|5|136|3S|N|9|D7
9|31|65|34|1|162|3S|N|7|D7
9|31|217|2|92|210|3S|N|8|D3
9|31|297|288|24|143|3S|N|8|D7
9|32|181|203|71|304|4H|N|11|H5
9|32|200|96|22|230|4C|S|10|DA
9|32|40|138|67|28|4H|S|10|DA
9|32|66|126|183|60|5C|S|10|DA
9|32|151|154|299|90|4H|N|10|DJ
9|32|13|191|250|206|3D|E|9|CA
9|32|3|6|5|136|4H|N|11|H5
9|32|65|34|1|162|4H|N|11|H5
9|32|217|2|92|210|4H|N|10|DJ
9|32|297|288|24|143|4H|N|10|DJ
9|4|96|203|71|304|2N|S|7|H8
9|4|200|116|22|160|1N|N|7|H5
9|4|40|138|67|28|3N|S|7|H8
9|4|66|126|183|60|1N|N|8|H5
9|4|36|154|156|90|1N|N|9|H5
9|4|13|191|250|206|1S|N|10|D8
9|4|226|6|277|136|3N|S|9|C4
9|4|65|34|1|162|2N|S|8|H7
9|4|217|2|92|210|1N|N|7|H5
9|4|247|288|105|99|1N|N|8|H5
9|5|96|203|71|304|3H|N|10|C4
9|5|200|116|22|160|4HX|N|10|S2
9|5|40|138|67|28|3S|W|8|HQ
9|5|66|126|183|60|4H|N|10|S2
9|5|36|154|156|90|3SX|W|8|HQ
9|5|13|191|250|206|4SX|W|7|HQ
9|5|226|6|277|136|3H|N|10|DT
9|5|65|34|1|162|4S|W|7|HQ
9|5|217|2|92|210|2S|W|6|HQ
9|5|247|288|105|99|4H|S|11|H9
9|6|96|203|71|304|3H|S|9|S5
9|6|200|116|22|160|4H|S|10|DA
9|6|40|138|67|28|2C|N|4|C4
9|6|66|126|183|60|4H|S|9|CJ
9|6|36|154|156|90|2S|N|8|C4
9|6|13|191|250|206|4H|S|10|S5
9|6|226|6|277|136|4H|N|9|C6
9|6|65|34|1|162|4H|S|8|S5
9|6|217|2|92|210|4H|S|9|CT
9|6|247|288|105|99|4H|N|9|C4
9|7|96|203|71|304|6D|W|13|S7
9|7|200|116|22|160|6N|W|13|H6
9|7|40|138|67|28|6N|W|13|S4
9|7|66|126|183|60|6H|E|12|S6
9|7|36|154|156|90|6N|W|13|D7
9|7|13|191|250|206|6N|E|12|S8
9|7|226|6|277|136|3N|E|13|C6
9|7|65|34|1|162|6N|W|12|D6
9|7|217|2|92|210|3N|E|13|S6
9|7|247|288|105|99|5D|W|12|C4
9|8|96|203|71|304|P||0
9|8|200|116|22|160|P||0
9|8|40|138|67|28|2H|W|8|S5
9|8|66|126|183|60|P||0
9|8|36|154|156|90|1N|S|7|H6
9|8|13|191|250|206|2H|W|7|DK
9|8|226|6|277|136|2H|W|8|S4
9|8|65|34|1|162|P||0
9|8|217|2|92|210|P||0
9|8|247|288|105|99|2H|W|8|S5
9|9|96|203|71|304|6H|N|13|CJ
9|9|200|116|22|160|6H|N|13|C7
9|9|40|138|67|28|6D|S|11|C3
9|9|66|126|183|60|7H|N|13|C7
9|9|36|154|156|90|6H|S|13|D2
9|9|13|191|250|206|6H|N|13|CJ
9|9|226|6|277|136|7H|N|13|C4
9|9|65|34|1|162|7H|N|13|CJ
9|9|217|2|92|210|6H|N|13|D9
9|9|247|288|105|99|6C|S|10|S3
