1|1|127|165|145|43|3N|N|11|S9
1|1|137|38|182|113|3N|N|10|C4
1|1|58|147|163|26|3N|N|9|S9
1|1|186|104|255|139|3N|N|10|C3
1|1|68|16|8|15|3N|N|11|C4
1|1|32|25|205|229|3N|N|10|S8
1|1|202|169|281|78|3N|N|11|C3
1|1|187|48|83|9|3N|S|9|D4
1|1|317|236|237|232|3N|N|11|C3
1|1|223|148|278|123|3N|N|10|C4
1|10|127|165|145|43|1H|W|8|C7
1|10|137|38|182|113|2C|E|8|DQ
1|10|58|147|163|26|2H|W|9|S4
1|10|186|104|255|139|1N|E|6|S5
1|10|68|16|8|15|1CX|S|3|HA
1|10|32|25|205|229|1N|E|10|S3
1|10|202|169|281|78|1N|E|7|DQ
1|10|187|48|83|9|1N|S|6|H5
1|10|317|236|237|232|1N|E|7|DQ
1|10|223|148|278|123|1H|W|6|S6
1|11|127|165|145|43|4S|W|9|D7
1|11|137|38|182|113|2S|W|9|H3
1|11|58|147|163|26|2S|W|10|H5
1|11|186|104|255|139|3N|W|8|H5
1|11|68|16|8|15|3N|E|8|H8
1|11|32|25|205|229|3N|W|8|H3
1|11|202|169|281|78|3N|W|8|H3
1|11|187|48|83|9|3C|W|9|H3
1|11|317|236|237|232|3N|E|8|H8
1|11|223|148|278|123|2S|W|8|H3
1|12|127|165|145|43|3N|N|12|CJ
1|12|137|38|182|113|3N|N|11|CJ
1|12|58|147|163|26|4H|S|12|C6
1|12|186|104|255|139|6N|N|12|CJ
1|12|68|16|8|15|6N|N|12|CJ
1|12|32|25|205|229|6H|S|12|D6
1|12|202|169|281|78|3N|N|12|CJ
1|12|187|48|83|9|4H|S|12|C6
1|12|317|236|237|232|4H|N|12|CJ
1|12|223|148|278|123|6N|N|12|CJ
1|13|127|165|145|43|4S|N|10|S5
1|13|137|38|182|113|4S|N|11|HT
1|13|58|147|163|26|4S|N|11|HT
1|13|186|104|255|139|4S|N|11|HT
1|13|68|16|8|15|4S|N|10|C7
1|13|32|25|205|229|4S|N|10|S6
1|13|202|169|281|78|4S|N|10|S6
1|13|187|48|83|9|4S|N|10|DA
1|13|317|236|237|232|4S|N|10|S5
1|13|223|148|278|123|5CX|W|9|S4
1|14|127|165|145|43|2S|N|9|H2
1|14|137|38|182|113|2H|E|8|CK
1|14|58|147|163|26|2H|E|8|CK
1|14|186|104|255|139|1N|E|6|CK
1|14|68|16|8|15|3H|W|8|DJ
1|14|32|25|205|229|2S|N|8|H3
1|14|202|169|281|78|1N|E|5|CQ
1|14|187|48|83|9|2S|N|8|H2
1|14|317|236|237|232|2S|N|8|H3
1|14|223|148|278|123|3S|N|10|H2
1|15|127|165|145|43|3S|E|7|HK
1|15|137|38|182|113|3H|N|8|CK
1|15|58|147|163|26|3H|N|9|CK
1|15|186|104|255|139|3H|N|8|CK
1|15|68|16|8|15|3H|N|9|D7
1|15|32|25|205|229|4H|N|8|DT
1|15|202|169|281|78|4H|S|10|DA
1|15|187|48|83|9|3H|N|9|D4
1|15|317|236|237|232|4H|N|9|DT
1|15|223|148|278|123|3H|S|8|H2
1|16|127|165|145|43|3H|E|8|S5
1|16|137|38|182|113|1N|W|7|S3
1|16|58|147|163|26|2H|E|8|C4
1|16|186|104|255|139|3H|E|9|S5
1|16|68|16|8|15|2S|S|7|S2
1|16|32|25|205|229|2S|N|7|DK
1|16|202|169|281|78|3H|E|9|S4
1|16|187|48|83|9|2H|E|9|C6
1|16|317|236|237|232|3H|E|9|S5
1|16|223|148|278|123|3H|E|9|C6
1|17|127|165|145|43|3N|N|8
1|17|188|111|21|248|3N|N|10
1|17|58|147|163|26|3N|N|10
1|17|186|95|255|129|3N|N|10
1|17|68|16|8|15|3N|N|10
1|17|32|25|205|229|3N|N|10|HA
1|17|202|263|281|301|2HX|W|7|D7
1|17|187|273|83|9|3N|N|9|C3
1|17|61|236|50|232|3N|N|10
1|17|130|148|184|123|3N|N|10
1|18|127|165|145|43|6N|S|12
1|18|188|111|21|248|3N|S|12
1|18|58|147|163|26|6N|S|12
1|18|186|95|255|129|6N|S|12
1|18|68|16|8|15|6N|N|12
1|18|32|25|205|229|6N|S|12|H8
1|18|202|263|281|301|6N|S|12|H8
1|18|187|273|83|9|6N|S|12|H8
1|18|61|236|50|232|6N|S|11
1|18|130|148|184|123|4N|S|12
1|19|127|165|145|43|2N|N|10
1|19|188|111|21|248|2S|S|10
1|19|58|147|163|26|3S|N|9
1|19|186|95|255|129|3S|N|9
1|19|68|16|8|15|2S|N|9
1|19|32|25|205|229|3S|N|9
1|19|202|263|281|301|2S|S|9|D5
1|19|187|273|83|9|1D|W|6|CK
1|19|61|236|50|232|2S|S|9
1|19|130|148|184|123|2S|N|9
1|2|127|165|145|43|3N|E|10|CT
1|2|137|38|182|113|2N|W|9|S4
1|2|58|147|163|26|3N|W|10|S4
1|2|186|104|255|139|3N|E|11|C4
1|2|68|16|8|15|2N|E|9|CT
1|2|32|25|205|229|3N|E|8|C6
1|2|202|169|281|78|3N|E|9|CT
1|2|187|48|83|9|3N|E|8|C6
1|2|317|236|237|232|2N|E|10|C4
1|2|223|148|278|123|2N|E|9|ST
1|20|127|165|145|43|3D|W|10
1|20|188|111|21|248|3D|W|11
1|20|58|147|163|26|3D|W|11
1|20|186|95|255|129|3D|E|10
1|20|68|16|8|15|2N|E|8
1|20|32|25|205|229|3D|W|10
1|20|202|263|281|301|2N|E|9|C4
1|20|187|273|83|9|3D|W|11|C5
1|20|61|236|50|232|3D|W|10
1|20|130|148|184|123|3D|E|11
1|21|127|165|145|43|3N|W|10|C2
1|21|188|111|21|248|3N|W|10|C3
1|21|58|147|163|26|3N|W|10
1|21|186|95|255|129|1N|E|10
1|21|68|16|8|15|1N|E|9
1|21|32|25|205|229|3N|E|9
1|21|202|263|281|301|3N|E|10|C6
1|21|187|273|83|9|3N|E|9|C7
1|21|61|236|50|232|3N|E|10|S4
1|21|130|148|184|123|3N|E|9|C7
1|22|127|165|145|43|3H|S|9|DK
1|22|188|111|21|248|2S|W|7|HQ
1|22|58|147|163|26|2H|S|9
1|22|186|95|255|129|2H|S|9
1|22|68|16|8|15|2S|W|7
1|22|32|25|205|229|4H|S|9
1|22|202|263|281|301|2S|W|7
1|22|187|273|83|9|3H|S|9|DK
1|22|61|236|50|232|2SX|W|7|HQ
1|22|130|148|184|123|2S|W|8|HQ
1|23|127|165|145|43|2N|E|6|SQ
1|23|188|111|21|248|2N|E|8|DQ
1|23|58|147|163|26|2N|E|7
1|23|186|95|255|129|2N|E|6
1|23|68|16|8|15|3H|E|8
1|23|32|25|205|229|2N|E|7
1|23|202|263|281|301|2N|E|7
1|23|187|273|83|9|2N|E|7
1|23|61|236|50|232|2N|E|7|DQ
1|23|130|148|184|123|2N|E|8|DQ
1|24|127|165|145|43|3S|N|7|C4
1|24|188|111|21|248|3N|N|9|HQ
1|24|58|147|163|26|5C|W|11
1|24|186|95|255|129|4S|N|10
1|24|68|16|8|15|4S|N|7
1|24|32|25|205|229|4S|N|10
1|24|202|263|281|301|3C|W|6
1|24|187|273|83|9|3C|W|9
1|24|61|236|50|232|3N|N|9|SK
1|24|130|148|184|123|3C|W|7|DQ
1|25|127|165|145|43|3N|N|12|S9
1|25|188|111|21|248|3N|N|11|HT
1|25|58|147|163|26|3NX|S|10|C6
1|25|186|95|255|129|3N|N|11|HT
1|25|68|16|8|15|3N|S|11
1|25|32|25|205|229|3N|S|10
1|25|202|263|281|301|3N|N|11
1|25|187|273|83|9|3N|S|9
1|25|61|236|50|232|3N|S|11|S5
1|25|130|148|184|123|3N|S|10|C6
1|26|127|165|145|43|2H|E|7
1|26|188|111|21|248|4C|S|9|S7
1|26|58|147|163|26|2H|E|7|D3
1|26|186|95|255|129|3S|E|7|HT
1|26|68|16|8|15|3C|S|8
1|26|32|25|205|229|2H|E|9
1|26|202|263|281|301|3S|E|7
1|26|187|273|83|9|3S|E|7
1|26|61|236|50|232|3C|S|9|S4
1|26|130|148|184|123|2C|S|9|S8
1|27|127|165|145|43|4H|W|9
1|27|188|111|21|248|4H|W|9|SA
1|27|58|147|163|26|3N|E|9|C2
1|27|186|95|255|129|4H|W|9|SA
1|27|68|16|8|15|4H|W|9
1|27|32|25|205|229|2H|W|9
1|27|202|263|281|301|4H|W|9
1|27|187|273|83|9|4H|W|9
1|27|61|236|50|232|4H|W|9
1|27|130|148|184|123|3N|E|9
1|28|127|165|145|43|3H|E|9
1|28|188|111|21|248|3H|E|10
1|28|58|147|163|26|4H|E|10|DK
1|28|186|95|255|129|4H|E|9|DK
1|28|68|16|8|15|4H|E|11
1|28|32|25|205|229|2D|S|6
1|28|202|263|281|301|3H|E|11
1|28|187|273|83|9|1N|N|4
1|28|61|236|50|232|3H|E|9
1|28|130|148|184|123|2D|S|5
1|29|127|165|145|43|4D|N|11
1|29|188|111|21|248|5D|N|11
1|29|58|147|163|26|5D|S|11|HK
1|29|186|95|255|129|3D|S|11|HK
1|29|68|16|8|15|3N|S|9|SJ
1|29|32|25|205|229|3N|S|9|S3
1|29|202|263|281|301|3N|S|10
1|29|187|273|83|9|6D|S|11
1|29|61|236|50|232|5D|S|11
1|29|130|148|184|123|3N|S|11
1|3|127|165|145|43|4S|E|11|CQ
1|3|137|38|182|113|4S|W|11|C5
1|3|58|147|163|26|4S|E|11|C3
1|3|186|104|255|139|6N|E|12|CJ
1|3|68|16|8|15|4S|W|12|C5
1|3|32|25|205|229|6S|E|11|CQ
1|3|202|169|281|78|4S|E|12|DK
1|3|187|48|83|9|4S|W|12|C5
1|3|317|236|237|232|6S|W|12|H8
1|3|223|148|278|123|5S|W|12|C7
1|30|127|165|145|43|2D|E|4
1|30|188|111|21|248|1H|S|8
1|30|58|147|163|26|2H|S|10
1|30|186|95|255|129|2H|S|8
1|30|68|16|8|15|2N|N|9|D3
1|30|32|25|205|229|1H|S|9|C3
1|30|202|263|281|301|2H|S|9
1|30|187|273|83|9|1N|N|9
1|30|61|236|50|232|2N|N|10
1|30|130|148|184|123|4H|S|9
1|31|127|165|145|43|2S|E|8
1|31|188|111|21|248|2S|W|7
1|31|58|147|163|26|2N|N|7
1|31|186|95|255|129|2H|E|8
1|31|68|16|8|15|2SX|W|7|H3
1|31|32|25|205|229|2SX|E|7|DQ
1|31|202|263|281|301|2S|E|8
1|31|187|273|83|9|2S|E|8
1|31|61|236|50|232|2S|E|8
1|31|130|148|184|123|3N|N|7
1|32|127|165|145|43|4H|W|10
1|32|188|111|21|248|2C|W|7
1|32|58|147|163|26|2N|S|5
1|32|186|95|255|129|2C|W|6
1|32|68|16|8|15|2C|W|7|D4
1|32|32|25|205|229|2S|E|10|HJ
1|32|202|263|281|301|4S|E|9
1|32|187|273|83|9|3S|E|9
1|32|61|236|50|232|3S|E|10
1|32|130|148|184|123|4S|W|10
1|4|127|165|145|43|2H|W|8|C3
1|4|137|38|182|113|2H|W|7|H9
1|4|58|147|163|26|2C|N|9|ST
1|4|186|104|255|139|2S|W|7|C3
1|4|68|16|8|15|2S|W|7|C3
1|4|32|25|205|229|2C|E|6|CA
1|4|202|169|281|78|2S|W|8|C4
1|4|187|48|83|9|2H|W|6|H5
1|4|317|236|237|232|2S|W|8|C3
1|4|223|148|278|123|2S|W|8|C4
1|5|127|165|145|43|3C|S|10|D7
1|5|137|38|182|113|2N|S|6|C7
1|5|58|147|163|26|4SX|W|7|CA
1|5|186|104|255|139|3N|S|6|C3
1|5|68|16|8|15|4S|E|10
1|5|32|25|205|229|2S|W|9|HJ
1|5|202|169|281|78|3S|W|9|HJ
1|5|187|48|83|9|2D|E|7|H6
1|5|317|236|237|232|3N|N|7|DT
1|5|223|148|278|123|3S|W|9|HJ
1|6|127|165|145|43|3N|W|8|H6
1|6|137|38|182|113|3N|W|7|H6
1|6|58|147|163|26|4H|S|6|S2
1|6|186|104|255|139|4HX|S|7|D4
1|6|68|16|8|15|3N|W|11|DJ
1|6|32|25|205|229|4HX|S|5|CA
1|6|202|169|281|78|3N|W|8|H9
1|6|187|48|83|9|3N|W|9|H6
1|6|317|236|237|232|3N|W|7|H6
1|6|223|148|278|123|3N|W|7|H9
1|7|127|165|145|43|3N|N|9|SJ
1|7|137|38|182|113|3N|N|10|SJ
1|7|58|147|163|26|3N|N|10|SJ
1|7|186|104|255|139|3N|N|9|SJ
1|7|68|16|8|15|3N|N|10|SJ
1|7|32|25|205|229|4H|N|11|SJ
1|7|202|169|281|78|3N|N|10|S4
1|7|187|48|83|9|3N|N|9|SJ
1|7|317|236|237|232|3N|N|9|SJ
1|7|223|148|278|123|3N|S|12|DQ
1|8|127|165|145|43|3S|W|8|DK
1|8|137|38|182|113|4S|W|9|HT
1|8|58|147|163|26|4S|W|10|HT
1|8|186|104|255|139|3N|W|10|C3
1|8|68|16|8|15|3S|W|10|C2
1|8|32|25|205|229|4S|W|9|C3
1|8|202|169|281|78|2SX|S|5|H3
1|8|187|48|83|9|4S|W|9|C3
1|8|317|236|237|232|4S|W|8|C2
1|8|223|148|278|123|4S|W|8|HT
1|9|127|165|145|43|4S|E|8|HQ
1|9|137|38|182|113|3H|N|9|DK
1|9|58|147|163|26|5SX|E|8|HQ
1|9|186|104|255|139|4H|N|8|DK
1|9|68|16|8|15|4H|N|9|DK
1|9|32|25|205|229|4H|N|9|DK
1|9|202|169|281|78|4S|E|8|HQ
1|9|187|48|83|9|4H|N|7|DK
1|9|317|236|237|232|4H|N|8|DK
1|9|223|148|278|123|4S|E|8|HQ
2|1|186|38|255|113|3N|S|11|SJ
2|1|111|147|248|26|3N|N|12|H2
2|1|16|104|15|139|3N|S|12|H6
2|1|95|32|129|205|4S|S|8|D8
2|1|263|25|301|229|3N|S|12|H7
2|1|68|169|8|78|3N|S|10|SJ
2|1|130|273|184|48|3N|S|11|SJ
2|1|202|223|281|278|3N|S|12|H7
2|1|137|148|182|123|3N|S|11|H7
2|1|317|188|237|21|3N|S|12|H6
2|10|186|38|255|113|2H|S|7|SA
2|10|111|147|248|26|2C|N|9|S9
2|10|16|104|15|139|2C|N|9|S9
2|10|95|32|129|205|3C|N|9|S3
2|10|263|25|301|229|3N|S|7|S6
2|10|68|169|8|78|2N|N|9|H2
2|10|130|273|184|48|3N|S|10|S6
2|10|202|223|281|278|2SX|W|6|CK
2|10|137|148|182|123|2N|N|9|S9
2|10|317|188|237|21|2H|S|6|D7
2|11|186|38|255|113|3D|S|10|C6
2|11|111|147|248|26|3D|S|10|C6
2|11|16|104|15|139|3N|S|8|C6
2|11|95|32|129|205|5D|S|10|C2
2|11|263|25|301|229|3D|S|9|C6
2|11|68|169|8|78|2D|S|10|C6
2|11|130|273|184|48|3N|N|7|C5
2|11|202|223|281|278|3D|S|11|C2
2|11|137|148|182|123|3N|N|7|C5
2|11|317|188|237|21|3D|S|12|C6
2|12|186|38|255|113|4SX|E|6|ST
2|12|111|147|248|26|4H|N|11|S2
2|12|16|104|15|139|4H|N|10|H5
2|12|95|32|129|205|4H|S|10|S7
2|12|263|25|301|229|3N|N|9|H5
2|12|68|169|8|78|4H|N|10|S2
2|12|130|273|184|48|4H|N|10|D3
2|12|202|223|281|278|3N|N|11|H5
2|12|137|148|182|123|4H|S|10|S5
2|12|317|188|237|21|4H|N|10|H9
2|13|186|38|255|113|4N|E|10|S3
2|13|111|147|248|26|3N|E|11|H4
2|13|16|104|15|139|3N|E|11|S5
2|13|95|32|129|205|3N|E|10|S3
2|13|263|25|301|229|4N|E|11|H4
2|13|68|169|8|78|3N|E|11|S5
2|13|130|273|184|48|3N|E|11|S3
2|13|202|223|281|278|3N|E|10|S5
2|13|137|148|182|123|3N|E|11|S5
2|13|317|188|237|21|3N|E|10|S5
2|14|186|38|255|113|1N|W|7|CT
2|14|111|147|248|26|2HX|S|6|H5
2|14|16|104|15|139|2H|S|7|CJ
2|14|95|32|129|205|2HX|S|7|CJ
2|14|263|25|301|229|2C|E|5|DA
2|14|68|169|8|78|2HX|S|7|DQ
2|14|130|273|184|48|3C|E|5|CQ
2|14|202|223|281|278|2S|E|6|H4
2|14|137|148|182|123|2HX|S|6|CJ
2|14|317|188|237|21|3C|N|8|HQ
2|15|186|38|255|113|6C|S|10|HK
2|15|111|147|248|26|3N|S|9|ST
2|15|16|104|15|139|3N|N|9|S7
2|15|95|32|129|205|3N|S|10|D6
2|15|263|25|301|229|3N|N|9|H5
2|15|68|169|8|78|3N|N|9|H3
2|15|130|273|184|48|3N|S|9|S4
2|15|202|223|281|278|3N|N|9|H5
2|15|137|148|182|123|3N|N|9|H9
2|15|317|188|237|21|3N|S|9|S2
2|16|186|38|255|113|3N|W|10|S4
2|16|111|147|248|26|3N|W|10|S2
2|16|16|104|15|139|3N|W|10|C3
2|16|95|32|129|205|5C|W|10|DT
2|16|263|25|301|229|3N|W|10|S2
2|16|68|169|8|78|3N|W|10|S2
2|16|130|273|184|48|3N|W|10|S4
2|16|202|223|281|278|3N|W|10|S2
2|16|137|148|182|123|3N|W|10|S2
2|16|317|188|237|21|3N|W|10|S4
2|17|186|127|255|145|4S|S|11|DK
2|17|111|147|248|26|4S|S|11|DK
2|17|32|95|205|129|4S|N|12|H2
2|17|58|16|163|15|4S|S|12|DK
2|17|187|68|83|8|4S|N|11|D7
2|17|25|169|229|78|4S|S|11|DK
2|17|130|273|184|9|4S|N|11|C8
2|17|202|236|281|232|4S|S|11|DK
2|17|188|61|21|50|6S|N|12|H3
2|17|317|165|237|43|4S|S|11|DK
2|18|186|127|255|145|6H|E|13|C2
2|18|111|147|248|26|6H|E|12|S2
2|18|32|95|205|129|7H|W|13|H5
2|18|58|16|163|15|4H|W|13|C7
2|18|187|68|83|8|6H|E|13|S2
2|18|25|169|229|78|6H|W|13|C7
2|18|130|273|184|9|6H|E|12|C2
2|18|202|236|281|232|6H|E|13|C5
2|18|188|61|21|50|6H|E|12|C2
2|18|317|165|237|43|6H|W|12|C7
2|19|186|127|255|145|2H|W|8|C7
2|19|111|147|248|26|2S|N|8|CA
2|19|32|95|205|129|2S|N|7|CA
2|19|58|16|163|15|2S|N|8|CA
2|19|187|68|83|8|3CX|N|10|HA
2|19|25|169|229|78|2S|N|8|CA
2|19|130|273|184|9|3C|N|7|CA
2|19|202|236|281|232|2S|N|8|CA
2|19|188|61|21|50|2H|W|9|D2
2|19|317|165|237|43|2H|E|8|SK
2|2|186|38|255|113|5S|S|9|H4
2|2|111|147|248|26|4S|N|10|D5
2|2|16|104|15|139|4S|S|9|H9
2|2|95|32|129|205|4S|N|11|D2
2|2|263|25|301|229|4S|S|11|C8
2|2|68|169|8|78|5S|S|9|H4
2|2|130|273|184|48|5S|S|9|H8
2|2|202|223|281|278|4S|N|11|HJ
2|2|137|148|182|123|4S|N|11|C7
2|2|317|188|237|21|4S|S|11|D8
2|20|186|127|255|145|3N|S|11|D5
2|20|111|147|248|26|2H|N|10|CJ
2|20|32|95|205|129|3H|N|10|CJ
2|20|58|16|163|15|4H|S|8|S3
2|20|187|68|83|8|2N|S|8|S3
2|20|25|169|229|78|4H|N|10|SQ
2|20|130|273|184|9|4H|S|10|C2
2|20|202|236|281|232|2DX|E|6|CA
2|20|188|61|21|50|4H|S|10|D3
2|20|317|165|237|43|4H|S|10|C8
2|21|186|127|255|145|3C|E|11|H9
2|21|111|147|248|26|3D|W|9|HK
2|21|32|95|205|129|1N|W|8|HQ
2|21|58|16|163|15|3D|W|12|HK
2|21|187|68|83|8|3C|E|10|H9
2|21|25|169|229|78|1N|W|7|HQ
2|21|130|273|184|9|3D|W|9|HK
2|21|202|236|281|232|3C|W|9|DJ
2|21|188|61|21|50|2S|S|9|S4
2|21|317|165|237|43|3D|W|10|S8
2|22|186|127|255|145|3N|W|9|S3
2|22|111|147|248|26|3N|W|9|CJ
2|22|32|95|205|129|3N|E|9|C2
2|22|58|16|163|15|2N|W|8|S5
2|22|187|68|83|8|3N|W|9|S5
2|22|25|169|229|78|3N|E|8|H2
2|22|130|273|184|9|3N|E|8|HJ
2|22|202|236|281|232|3N|E|8|SJ
2|22|188|61|21|50|2N|W|9|S3
2|22|317|165|237|43|3N|W|9|S7
2|23|186|127|255|145|3N|W|9|H5
2|23|111|147|248|26|3N|E|8|S3
2|23|32|95|205|129|3C|W|10|D2
2|23|58|16|163|15|3N|E|8|S3
2|23|187|68|83|8|3N|E|8|S3
2|23|25|169|229|78|2N|E|7|S8
2|23|130|273|184|9|1H|W|9|D4
2|23|202|236|281|232|1N|W|9|H6
2|23|188|61|21|50|2SX|S|6|S9
2|23|317|165|237|43|1N|W|10|H4
2|24|186|127|255|145|3N|W|9|H2
2|24|111|147|248|26|3N|W|10|H3
2|24|32|95|205|129|3N|W|10|H3
2|24|58|16|163|15|4S|W|10|H9
2|24|187|68|83|8|4S|W|10|CJ
2|24|25|169|229|78|4S|W|10|H2
2|24|130|273|184|9|4S|W|10|CJ
2|24|202|236|281|232|3N|W|9|H8
2|24|188|61|21|50|3N|W|10|H2
2|24|317|165|237|43|4S|W|9|H9
2|25|186|127|255|145|3N|S|9|C6
2|25|111|147|248|26|2S|E|7|D3
2|25|32|95|205|129|2S|E|8|D3
2|25|58|16|163|15|3N|S|8|C6
2|25|187|68|83|8|2S|W|8|DT
2|25|25|169|229|78|2S|W|8|DT
2|25|130|273|184|9|2S|E|8|S8
2|25|202|236|281|232|1N|S|7|C6
2|25|188|61|21|50|2S|E|9|D5
2|25|317|165|237|43|2S|W|8|DT
2|26|186|127|255|145|4S|S|9|DK
2|26|111|147|248|26|3S|S|9|HK
2|26|32|95|205|129|3S|S|10|HK
2|26|58|16|163|15|3H|W|9|SJ
2|26|187|68|83|8|4H|W|9|SJ
2|26|25|169|229|78|5H|W|9|SJ
2|26|130|273|184|9|4SX|S|9|HK
2|26|202|236|281|232|4H|W|10|SJ
2|26|188|61|21|50|4H|W|8|SJ
2|26|317|165|237|43|4H|W|8|SJ
2|27|186|127|255|145|3DX|N|7|S6
2|27|111|147|248|26|3DX|N|8|C4
2|27|32|95|205|129|3N|W|7|DK
2|27|58|16|163|15|3D|N|8|S7
2|27|187|68|83|8|2H|W|7|DK
2|27|25|169|229|78|3D|N|8|C4
2|27|130|273|184|9|2S|W|7|DK
2|27|202|236|281|232|3DX|N|8|C4
2|27|188|61|21|50|2H|E|7|S2
2|27|317|165|237|43|3C|E|7|S2
2|28|186|127|255|145|2N|E|8|S4
2|28|111|147|248|26|3N|E|11|S5
2|28|32|95|205|129|1N|E|6|S5
2|28|58|16|163|15|2N|E|8|S5
2|28|187|68|83|8|3N|E|10|S5
2|28|25|169|229|78|1N|W|9|H6
2|28|130|273|184|9|3N|E|9|S4
2|28|202|236|281|232|3N|E|8|S9
2|28|188|61|21|50|3N|E|7|S4
2|28|317|165|237|43|3N|E|8|S2
2|29|186|127|255|145|2H|W|8|C2
2|29|111|147|248|26|2H|E|8|DT
2|29|32|95|205|129|3H|W|8|C4
2|29|58|16|163|15|3H|E|9|CA
2|29|187|68|83|8|3H|E|9|CA
2|29|25|169|229|78|3H|E|9|DT
2|29|130|273|184|9|2H|E|9|DT
2|29|202|236|281|232|2H|E|8|DT
2|29|188|61|21|50|2H|W|9|H5
2|29|317|165|237|43|2H|E|9|DT
2|3|186|38|255|113|3N|N|10|SA
2|3|111|147|248|26|3N|N|9|S2
2|3|16|104|15|139|3N|S|11|S8
2|3|95|32|129|205|3N|N|9|S2
2|3|263|25|301|229|5C|N|10|SK
2|3|68|169|8|78|3N|N|9|SA
2|3|130|273|184|48|3N|N|9|S2
2|3|202|223|281|278|3N|N|9|D7
2|3|137|148|182|123|3N|N|9|S2
2|3|317|188|237|21|3N|N|10|S3
2|30|186|127|255|145|3N|S|12|S5
2|30|111|147|248|26|6D|S|12|D3
2|30|32|95|205|129|6D|S|12|H5
2|30|58|16|163|15|6D|N|13|S4
2|30|187|68|83|8|3N|S|12|H2
2|30|25|169|229|78|3N|S|12|D7
2|30|130|273|184|9|6C|S|12|D3
2|30|202|236|281|232|3N|S|13|S5
2|30|188|61|21|50|3N|S|12|H2
2|30|317|165|237|43|3N|S|12|HJ
2|31|186|127|255|145|3H|S|9|CK
2|31|111|147|248|26|2H|S|9|CK
2|31|32|95|205|129|4H|N|9|DK
2|31|58|16|163|15|4H|N|9|DK
2|31|187|68|83|8|2H|S|9|D2
2|31|25|169|229|78|3H|S|9|CK
2|31|130|273|184|9|4H|S|9|CK
2|31|202|236|281|232|4HX|S|9|CK
2|31|188|61|21|50|2H|S|9|CK
2|31|317|165|237|43|4HX|S|9|CK
2|32|186|127|255|145|5H|W|10|DA
2|32|111|147|248|26|4S|S|9|CK
2|32|32|95|205|129|5H|W|10|DK
2|32|58|16|163|15|5H|W|10|DA
2|32|187|68|83|8|4HX|E|10|H5
2|32|25|169|229|78|4H|W|10|DK
2|32|130|273|184|9|4H|W|10|DK
2|32|202|236|281|232|5SX|S|10|CK
2|32|188|61|21|50|4H|E|10|SA
2|32|317|165|237|43|4S|S|9|H8
2|4|186|38|255|113|3HX|N|9|H6
2|4|111|147|248|26|3N|E|7|C5
2|4|16|104|15|139|3N|W|7|HA
2|4|95|32|129|205|3D|W|10|HA
2|4|263|25|301|229|3S|W|8|HA
2|4|68|169|8|78|3D|W|11|HK
2|4|130|273|184|48|3S|W|11|HK
2|4|202|223|281|278|3D|W|11|HA
2|4|137|148|182|123|3N|E|7|H5
2|4|317|188|237|21|3HX|N|9|H6
2|5|186|38|255|113|3D|E|10|S6
2|5|111|147|248|26|2S|S|7|S5
2|5|16|104|15|139|2S|S|8|S3
2|5|95|32|129|205|2S|S|7|HQ
2|5|263|25|301|229|3S|N|8|DA
2|5|68|169|8|78|1S|N|8|S9
2|5|130|273|184|48|3D|W|10|C5
2|5|202|223|281|278|3H|N|7|S9
2|5|137|148|182|123|3D|E|10|CQ
2|5|317|188|237|21|3H|N|7|C3
2|6|186|38|255|113|1N|E|7|S3
2|6|111|147|248|26|1H|E|8|C5
2|6|16|104|15|139|P||0
2|6|95|32|129|205|P||0
2|6|263|25|301|229|1N|W|8|CQ
2|6|68|169|8|78|P||0
2|6|130|273|184|48|1N|W|8|CQ
2|6|202|223|281|278|1S|E|7|C5
2|6|137|148|182|123|P||0
2|6|317|188|237|21|2H|E|8|C5
2|7|186|38|255|113|5HX|S|10|SQ
2|7|111|147|248|26|4S|E|10|HK
2|7|16|104|15|139|4S|E|10|HA
2|7|95|32|129|205|5DX|S|11|SQ
2|7|263|25|301|229|4S|E|10|HA
2|7|68|169|8|78|4S|E|10|HQ
2|7|130|273|184|48|5HX|S|10|SQ
2|7|202|223|281|278|5S|E|10|HK
2|7|137|148|182|123|6C|W|7|H3
2|7|317|188|237|21|4S|E|10|HK
2|8|186|38|255|113|4S|S|10|HA
2|8|111|147|248|26|4S|N|11|D2
2|8|16|104|15|139|2S|S|10|HA
2|8|95|32|129|205|2S|S|10|HK
2|8|263|25|301|229|2S|N|11|CK
2|8|68|169|8|78|3S|S|10|HA
2|8|130|273|184|48|3S|N|11|H6
2|8|202|223|281|278|2S|N|10|H6
2|8|137|148|182|123|2S|S|10|HK
2|8|317|188|237|21|3S|S|10|HA
2|9|186|38|255|113|3N|W|10|H9
2|9|111|147|248|26|3N|W|12|HT
2|9|16|104|15|139|3N|W|12|S2
2|9|95|32|129|205|3N|W|11|H6
2|9|263|25|301|229|3N|W|11|HT
2|9|68|169|8|78|3N|W|11|HT
2|9|130|273|184|48|3N|W|12|S7
2|9|202|223|281|278|3N|W|11|HT
2|9|137|148|182|123|3N|W|12|H9
2|9|317|188|237|21|3N|W|11|H9
3|1|38|16|113|15|3S|N|8|H3
3|1|32|127|205|145|2C|W|8|H4
3|1|58|169|163|78|3C|W|8|H8
3|1|263|104|301|139|2C|W|9|H8
3|1|68|223|8|278|2C|W|9|H8
3|1|130|25|184|229|3C|W|8|H8
3|1|202|148|281|123|3C|W|8|DA
3|1|61|48|50|9|2C|W|9|H4
3|1|186|165|255|43|2C|W|7|H8
3|1|137|147|182|26|2C|W|8|DA
3|10|38|16|113|15|1N|N|6|HT
3|10|32|127|205|145|4SX|W|9|H8
3|10|58|169|163|78|1H|E|7|D3
3|10|263|104|301|139|P||0
3|10|68|223|8|278|2H|E|7|H2
3|10|130|25|184|229|3C|S|7|D2
3|10|202|148|281|123|2S|E|9|SJ
3|10|61|48|50|9|1N|W|5|CJ
3|10|186|165|255|43|2D|W|8|S6
3|10|137|147|182|26|4S|W|6|CJ
3|11|38|16|113|15|3S|E|10|HA
3|11|32|127|205|145|2S|W|10|CJ
3|11|58|169|163|78|2H|E|6|DT
3|11|263|104|301|139|4S|E|10|HA
3|11|68|223|8|278|3S|W|10|CJ
3|11|130|25|184|229|3S|W|10|CJ
3|11|202|148|281|123|4S|W|10|CJ
3|11|61|48|50|9|3C|S|8|H5
3|11|186|165|255|43|3C|S|9|H5
3|11|137|147|182|26|3S|W|10|CJ
3|12|38|16|113|15|3N|S|10|CJ
3|12|32|127|205|145|3N|S|11|H7
3|12|58|169|163|78|3N|S|9|CJ
3|12|263|104|301|139|3N|S|9|D3
3|12|68|223|8|278|3N|S|9|S9
3|12|130|25|184|229|3N|S|9|H7
3|12|202|148|281|123|3N|S|9|CT
3|12|61|48|50|9|3N|S|9|CJ
3|12|186|165|255|43|3N|S|9|CT
3|12|137|147|182|26|3N|S|10|D5
3|13|38|16|113|15|7H|N|13|D6
3|13|32|127|205|145|7H|S|13|D4
3|13|58|169|163|78|6H|S|13|DJ
3|13|263|104|301|139|6H|S|13|C7
3|13|68|223|8|278|6H|N|13|D6
3|13|130|25|184|229|6H|S|13|H4
3|13|202|148|281|123|6H|S|13|DK
3|13|61|48|50|9|7H|N|13|H3
3|13|186|165|255|43|7N|S|13|C5
3|13|137|147|182|26|7H|N|13|D5
3|14|38|16|113|15|2S|W|7|C4
3|14|32|127|205|145|2S|W|6|C7
3|14|58|169|163|78|3N|N|7|H8
3|14|263|104|301|139|3C|S|9|DQ
3|14|68|223|8|278|1N|S|9|S5
3|14|130|25|184|229|2S|E|7|SJ
3|14|202|148|281|123|2S|E|6|DK
3|14|61|48|50|9|3N|N|9|S4
3|14|186|165|255|43|2S|W|6|DA
3|14|137|147|182|26|2S|W|6|HA
3|15|38|16|113|15|3N|E|9|C5
3|15|32|127|205|145|4S|E|10|C8
3|15|58|169|163|78|3C|S|9|HT
3|15|263|104|301|139|4S|E|10|HA
3|15|68|223|8|278|4S|E|9|D9
3|15|130|25|184|229|4S|E|10|C3
3|15|202|148|281|123|4S|E|11|HJ
3|15|61|48|50|9|4S|E|10|C5
3|15|186|165|255|43|3C|S|10|HT
3|15|137|147|182|26|4S|E|9|D9
3|16|38|16|113|15|4S|N|9|HA
3|16|32|127|205|145|3N|N|10|H3
3|16|58|169|163|78|3N|S|10|C3
3|16|263|104|301|139|3N|N|10|H2
3|16|68|223|8|278|3N|S|10|HT
3|16|130|25|184|229|3N|S|10|HT
3|16|202|148|281|123|2C|E|7|HQ
3|16|61|48|50|9|4S|N|10|HA
3|16|186|165|255|43|3N|N|10|H3
3|16|137|147|182|26|4S|S|9|C3
3|17|111|32|248|205|2N|E|8|CT
3|17|16|38|15|113|2N|E|8|DT
3|17|95|187|129|83|3N|E|9|S3
3|17|263|104|301|139|3N|E|7|CT
3|17|68|223|8|278|3N|E|9|S2
3|17|236|25|232|229|2H|E|9|CT
3|17|202|148|281|123|2H|W|9|S6
3|17|317|48|237|9|3N|E|9|CT
3|17|186|188|255|21|3N|E|9|CT
3|17|137|147|182|26|3N|E|10|S2
3|18|111|32|248|205|4H|E|11|ST
3|18|16|38|15|113|2H|E|12|ST
3|18|95|187|129|83|4H|E|11|D5
3|18|263|104|301|139|4H|W|12|C8
3|18|68|223|8|278|4H|E|11|ST
3|18|236|25|232|229|4H|E|11|ST
3|18|202|148|281|123|4H|W|11|S4
3|18|317|48|237|9|4H|E|12|ST
3|18|186|188|255|21|4H|E|11|ST
3|18|137|147|182|26|4H|E|11|D7
3|19|111|32|248|205|4H|S|11|DJ
3|19|16|38|15|113|5H|S|11|SA
3|19|95|187|129|83|5H|N|11|S6
3|19|263|104|301|139|4H|S|12|DJ
3|19|68|223|8|278|4H|S|11|C6
3|19|236|25|232|229|5H|N|11|S3
3|19|202|148|281|123|6H|S|11|SA
3|19|317|48|237|9|4H|S|12|SA
3|19|186|188|255|21|5H|S|11|C7
3|19|137|147|182|26|5H|S|11|C7
3|2|38|16|113|15|3N|E|10|S4
3|2|32|127|205|145|4H|W|10|S5
3|2|58|169|163|78|4H|W|10|S3
3|2|263|104|301|139|4H|W|10|DA
3|2|68|223|8|278|4H|E|10|DJ
3|2|130|25|184|229|4H|W|10|S3
3|2|202|148|281|123|4H|W|10|S5
3|2|61|48|50|9|4H|W|10|DA
3|2|186|165|255|43|4H|W|10|DA
3|2|137|147|182|26|4H|W|10|DA
3|20|111|32|248|205|1H|E|6
3|20|16|38|15|113|2C|N|8|D4
3|20|95|187|129|83|1S|S|8|CJ
3|20|263|104|301|139|2C|S|9|H5
3|20|68|223|8|278|2H|E|7|SJ
3|20|236|25|232|229|1N|E|6|C6
3|20|202|148|281|123|2H|E|5|SJ
3|20|317|48|237|9|2C|N|8|CT
3|20|186|188|255|21|1N|E|7|C3
3|20|137|147|182|26|1N|E|6|C6
3|21|111|32|248|205|4H|S|9|H7
3|21|16|38|15|113|3H|S|10|S9
3|21|95|187|129|83|5C|W|9|H4
3|21|263|104|301|139|4HX|S|10|S9
3|21|68|223|8|278|4H|S|10|S9
3|21|236|25|232|229|4CX|W|8|S3
3|21|202|148|281|123|5CX|W|9|HK
3|21|317|48|237|9|5CX|W|9|H4
3|21|186|188|255|21|4H|S|11|S9
3|21|137|147|182|26|3C|W|8|H3
3|22|111|32|248|205|2N|S|8|S9
3|22|16|38|15|113|1N|S|5|ST
3|22|95|187|129|83|3C|S|7|H7
3|22|263|104|301|139|1N|S|10|SQ
3|22|68|223|8|278|2N|S|8|SQ
3|22|236|25|232|229|1N|S|6|H6
3|22|202|148|281|123|1N|S|8|ST
3|22|317|48|237|9|1N|S|8|SA
3|22|186|188|255|21|1N|S|7|D5
3|22|137|147|182|26|1N|S|7|D4
3|23|111|32|248|205|2D|S|9|D2
3|23|16|38|15|113|3D|S|9|H2
3|23|95|187|129|83|2D|S|8|D8
3|23|263|104|301|139|1N|S|7|H2
3|23|68|223|8|278|3N|N|8|H5
3|23|236|25|232|229|1N|N|7|DJ
3|23|202|148|281|123|2N|S|7|D2
3|23|317|48|237|9|2D|S|8|D8
3|23|186|188|255|21|3D|S|9|H2
3|23|137|147|182|26|3D|S|9|H6
3|24|111|32|248|205|6H|W|12|CQ
3|24|16|38|15|113|4H|W|13|CQ
3|24|95|187|129|83|4H|W|12|CQ
3|24|263|104|301|139|4H|W|12|CQ
3|24|68|223|8|278|4H|W|11|CQ
3|24|236|25|232|229|4H|W|12|CQ
3|24|202|148|281|123|4H|W|12|CQ
3|24|317|48|237|9|4H|W|13|CQ
3|24|186|188|255|21|6H|W|12|S3
3|24|137|147|182|26|4H|W|13|C2
3|25|111|32|248|205|2H|W|8|CA
3|25|16|38|15|113|2S|S|8|DK
3|25|95|187|129|83|1NX|N|5|C6
3|25|263|104|301|139|2H|W|8|CA
3|25|68|223|8|278|3H|W|8|S3
3|25|236|25|232|229|3CX|E|7|D7
3|25|202|148|281|123|2H|W|9|CA
3|25|317|48|237|9|1NX|N|5|C6
3|25|186|188|255|21|4H|W|8|CA
3|25|137|147|182|26|3H|W|8|CA
3|26|111|32|248|205|2N|W|8|S3
3|26|16|38|15|113|1D|E|7|H5
3|26|95|187|129|83|2H|E|9|D6
3|26|263|104|301|139|3S|N|8|DK
3|26|68|223|8|278|1N|E|8|DT
3|26|236|25|232|229|1N|E|9|D7
3|26|202|148|281|123|2H|E|8|CK
3|26|317|48|237|9|4H|E|7|CK
3|26|186|188|255|21|3S|N|8|DK
3|26|137|147|182|26|1N|E|9|D9
3|27|111|32|248|205|4S|E|9|CA
3|27|16|38|15|113|4S|E|11|CA
3|27|95|187|129|83|4S|E|9|CA
3|27|263|104|301|139|5CX|N|8|SK
3|27|68|223|8|278|3S|E|12|DT
3|27|236|25|232|229|3S|E|9|CA
3|27|202|148|281|123|4S|E|12|ST
3|27|317|48|237|9|4S|E|9|CA
3|27|186|188|255|21|4S|E|12|DT
3|27|137|147|182|26|4S|E|11|CA
3|28|111|32|248|205|4S|S|10|HA
3|28|16|38|15|113|4S|N|10|H5
3|28|95|187|129|83|4S|S|10|HA
3|28|263|104|301|139|2S|N|10|H5
3|28|68|223|8|278|3S|N|10|D7
3|28|236|25|232|229|3S|N|10|H5
3|28|202|148|281|123|4S|S|10|HA
3|28|317|48|237|9|4S|N|10|H4
3|28|186|188|255|21|1NX|W|6|S5
3|28|137|147|182|26|4S|N|10|H5
3|29|111|32|248|205|3N|E|9|DT
3|29|16|38|15|113|3N|E|10|DT
3|29|95|187|129|83|3N|E|10|D7
3|29|263|104|301|139|3N|E|9|DT
3|29|68|223|8|278|3N|W|10|S6
3|29|236|25|232|229|3N|W|11|DQ
3|29|202|148|281|123|3N|E|9|DT
3|29|317|48|237|9|3N|W|10|DQ
3|29|186|188|255|21|3N|E|9|DT
3|29|137|147|182|26|3N|W|11|DQ
3|3|38|16|113|15|5H|W|11|SA
3|3|32|127|205|145|3S|N|8|DK
3|3|58|169|163|78|5H|W|11|SA
3|3|263|104|301|139|5H|W|10|SA
3|3|68|223|8|278|4H|E|10|CA
3|3|130|25|184|229|4SX|N|9|DK
3|3|202|148|281|123|4H|E|12|S9
3|3|61|48|50|9|4S|N|8|DA
3|3|186|165|255|43|5H|E|11|ST
3|3|137|147|182|26|5H|E|10|CA
3|30|111|32|248|205|3S|S|10|HA
3|30|16|38|15|113|4S|S|10|HA
3|30|95|187|129|83|4S|S|10|HA
3|30|263|104|301|139|4S|S|10|HK
3|30|68|223|8|278|4S|S|10|HA
3|30|236|25|232|229|4S|S|10|HA
3|30|202|148|281|123|4S|S|10|HK
3|30|317|48|237|9|2S|S|10|HA
3|30|186|188|255|21|4S|N|10|HQ
3|30|137|147|182|26|4S|S|10|HA
3|31|111|32|248|205|7S|S|13|DA
3|31|16|38|15|113|5H|S|13|SJ
3|31|95|187|129|83|6S|N|13|D5
3|31|263|104|301|139|7DX|W|8|ST
3|31|68|223|8|278|7DX|W|9|S3
3|31|236|25|232|229|7DX|W|9|ST
3|31|202|148|281|123|7H|S|13|DA
3|31|317|48|237|9|5S|N|13|D5
3|31|186|188|255|21|6H|S|13|SJ
3|32|111|32|248|205|2N|N|8|S7
3|32|16|38|15|113|2N|N|8|CT
3|32|95|187|129|83|1N|N|9|CT
3|32|263|104|301|139|2S|S|9|D5
3|32|68|223|8|278|4S|N|8|CT
3|32|236|25|232|229|3S|N|9|CT
3|32|202|148|281|123|3N|N|9|CT
3|32|317|48|237|9|2S|N|9|S3
3|32|186|188|255|21|2S|N|9|CT
3|32|137|147|182|26|1N|N|5|CT
3|4|38|16|113|15|2S|N|7|H9
3|4|32|127|205|145|3NX|N|7|H7
3|4|58|169|163|78|2S|S|7|C3
3|4|263|104|301|139|3C|S|8|SA
3|4|68|223|8|278|2S|N|8|D2
3|4|130|25|184|229|2S|S|7|H5
3|4|202|148|281|123|2S|N|8|H9
3|4|61|48|50|9|2S|S|7|D7
3|4|186|165|255|43|2S|S|9|C7
3|4|137|147|182|26|1N|E|6|DJ
3|5|38|16|113|15|3D|E|10|H5
3|5|32|127|205|145|4S|W|12|C5
3|5|58|169|163|78|3N|W|7|C3
3|5|263|104|301|139|5S|W|11|HA
3|5|68|223|8|278|3N|E|11|CT
3|5|130|25|184|229|2D|E|11|CT
3|5|202|148|281|123|4S|W|11|H3
3|5|61|48|50|9|3N|W|9|H3
3|5|186|165|255|43|2S|W|12|C3
3|5|137|147|182|26|3N|W|10|H3
3|6|38|16|113|15|4S|E|10|DQ
3|6|32|127|205|145|4H|E|10|S2
3|6|58|169|163|78|4H|E|10|H7
3|6|263|104|301|139|4H|E|10|DQ
3|6|68|223|8|278|4H|E|10|H8
3|6|130|25|184|229|4H|E|10|DQ
3|6|202|148|281|123|5H|E|10|DQ
3|6|61|48|50|9|4H|E|10|DQ
3|6|186|165|255|43|4H|E|10|DQ
3|6|137|147|182|26|4H|E|10|S3
3|7|38|16|113|15|1N|N|10|HQ
3|7|32|127|205|145|3N|N|9|C2
3|7|58|169|163|78|3N|N|8|HQ
3|7|263|104|301|139|3N|N|10|HQ
3|7|68|223|8|278|2N|N|8|HQ
3|7|130|25|184|229|2S|S|10|S9
3|7|202|148|281|123|3N|N|9|HQ
3|7|61|48|50|9|3N|N|10|C2
3|7|186|165|255|43|3N|N|10|C2
3|7|137|147|182|26|1N|N|6|HQ
3|8|38|16|113|15|3N|W|11|S6
3|8|32|127|205|145|3N|W|10|D7
3|8|58|169|163|78|3N|W|10|D7
3|8|263|104|301|139|3N|W|9|D7
3|8|68|223|8|278|3N|W|11|S7
3|8|130|25|184|229|3N|W|11|S4
3|8|202|148|281|123|3N|W|11|D7
3|8|61|48|50|9|3N|W|11|D7
3|8|186|165|255|43|3N|W|11|D8
3|8|137|147|182|26|3N|W|10|D7
3|9|38|16|113|15|4S|S|12|CJ
3|9|32|127|205|145|6S|S|12|H4
3|9|58|169|163|78|5C|N|11|D3
3|9|263|104|301|139|4S|S|12|D4
3|9|68|223|8|278|4S|S|12|H4
3|9|130|25|184|229|4S|S|11|D4
3|9|202|148|281|123|4S|S|12|D8
3|9|61|48|50|9|3N|N|12|D2
3|9|186|165|255|43|4S|S|12|H4
3|9|137|147|182|26|6C|N|11|H6
4|1|263|127|301|145|3H|W|8|DA
4|1|38|187|172|83|1N|N|8|C7
4|1|223|104|278|139|3D|S|9|HJ
4|1|95|236|129|232|4H|E|9|D6
4|1|148|25|123|229|4CX|E|7|D4
4|1|68|61|8|50|4HX|W|8|DA
4|1|137|202|182|281|3SX|S|9|HJ
4|1|48|188|9|21|3N|S|10|CJ
4|1|294|171|255|244|3S|N|9|HA
4|1|32|33|205|216|4S|N|9|HA
4|10|263|127|301|145|7N|W|13|SJ
4|10|38|187|172|83|6N|W|13|H8
4|10|223|104|278|139|3N|W|13|H4
4|10|95|236|129|232|6N|E|13|HQ
4|10|148|25|123|229|7N|E|13|ST
4|10|68|61|8|50|7S|E|12|S5
4|10|137|202|182|281|6N|W|13|H4
4|10|48|188|9|21|6N|E|13|ST
4|10|294|171|255|244|6N|W|13|H2
4|10|32|33|205|216|6N|E|13|C7
4|11|263|127|301|145|4S|W|11|CA
4|11|38|187|172|83|4S|W|12|D8
4|11|223|104|278|139|5C|E|6|DK
4|11|95|236|129|232|4S|W|11|CA
4|11|148|25|123|229|4S|W|11|CK
4|11|68|61|8|50|4S|W|11|CK
4|11|137|202|182|281|4S|W|10|CA
4|11|48|188|9|21|4S|W|11|CA
4|11|294|171|255|244|4S|W|11|CK
4|11|32|33|205|216|4S|W|11|CK
4|12|263|127|301|145|1N|E|8|HQ
4|12|38|187|172|83|3D|E|8|S3
4|12|223|104|278|139|1N|E|8|C3
4|12|95|236|129|232|1N|E|7|C2
4|12|148|25|123|229|2S|S|7|S6
4|12|68|61|8|50|2H|W|7|H3
4|12|137|202|182|281|1N|E|8|HQ
4|12|48|188|9|21|1N|E|6|C3
4|12|294|171|255|244|2H|W|7|H3
4|12|32|33|205|216|2H|W|6|SK
4|13|263|127|301|145|1N|N|7|S5
4|13|38|187|172|83|1N|W|8|H4
4|13|223|104|278|139|1N|N|7|S2
4|13|95|236|129|232|1N|N|6|S5
4|13|148|25|123|229|1N|N|7|S5
4|13|68|61|8|50|1N|S|7|H2
4|13|137|202|182|281|1N|S|7|D2
4|13|48|188|9|21|1N|S|7|H3
4|13|294|171|255|244|1N|S|7|D2
4|13|32|33|205|216|1N|N|7|S5
4|14|263|127|301|145|1N|E|8|SQ
4|14|38|187|172|83|3S|S|7|S7
4|14|223|104|278|139|2D|N|5|ST
4|14|95|236|129|232|2S|S|8|S2
4|14|148|25|123|229|2S|S|9|D4
4|14|68|61|8|50|1N|E|9|H3
4|14|137|202|182|281|1N|E|8|SQ
4|14|48|188|9|21|1N|W|9|DJ
4|14|294|171|255|244|2S|S|8|D7
4|14|32|33|205|216|1N|W|7|S4
4|15|263|127|301|145|1N|E|6|H5
4|15|38|187|172|83|3S|W|8|SQ
4|15|223|104|278|139|2N|W|7|D3
4|15|95|236|129|232|2H|W|7|SQ
4|15|148|25|123|229|2H|W|6|SQ
4|15|68|61|8|50|3S|W|8|SQ
4|15|137|202|182|281|2H|W|6|SQ
4|15|48|188|9|21|3S|W|8|SQ
4|15|294|171|255|244|2S|W|8|SQ
4|15|32|33|205|216|3S|W|7|SQ
4|16|263|127|301|145|3N|E|8|D9
4|16|38|187|172|83|3N|E|7|D9
4|16|223|104|278|139|3N|E|11|C8
4|16|95|236|129|232|3N|E|9|H4
4|16|148|25|123|229|3N|E|10|C8
4|16|68|61|8|50|3N|E|9|D9
4|16|137|202|182|281|3N|E|9|H4
4|16|48|188|9|21|3N|E|9|D9
4|16|294|171|255|244|3N|E|9|D9
4|16|32|33|205|216|3N|E|7|D8
4|17|169|127|78|145|3N|N|12|D7
4|17|111|187|248|83|3N|N|10|C2
4|17|223|104|278|139|3N|N|11|C6
4|17|58|236|163|232|3N|N|11|D7
4|17|148|25|123|229|3N|N|12|C2
4|17|17|317|231|237|3N|N|11|C6
4|17|137|202|182|281|3N|N|11|C2
4|17|273|165|9|43|3N|N|10|C2
4|17|294|171|255|244|3N|N|10|C2
4|17|16|33|15|216|3N|N|11|C2
4|18|169|127|78|145|2C|W|10|H2
4|18|111|187|248|83|3S|S|8|CA
4|18|223|104|278|139|3S|S|8|CA
4|18|58|236|163|232|4H|N|7|C8
4|18|148|25|123|229|3S|S|8|CK
4|18|17|317|231|237|4S|S|9|CA
4|18|137|202|182|281|3H|N|7|C6
4|18|273|165|9|43|3C|W|9|H5
4|18|294|171|255|244|4H|N|8|C6
4|18|16|33|15|216|4S|S|7|CK
4|19|169|127|78|145|3H|S|9|H8
4|19|111|187|248|83|2H|S|9|H8
4|19|223|104|278|139|2H|S|8|D2
4|19|58|236|163|232|3H|S|8|H7
4|19|148|25|123|229|3H|S|9|H8
4|19|17|317|231|237|2S|S|7|D2
4|19|137|202|182|281|2H|S|9|H7
4|19|273|165|9|43|3H|S|9|H7
4|19|294|171|255|244|2H|S|9|D4
4|19|16|33|15|216|2H|S|8|D2
4|2|263|127|301|145|P||0
4|2|38|187|172|83|3S|S|7|DJ
4|2|223|104|278|139|4SX|S|8|D3
4|2|95|236|129|232|4S|S|7|DJ
4|2|148|25|123|229|4S|S|9|H2
4|2|68|61|8|50|4D|W|8|CA
4|2|137|202|182|281|3C|S|6|SK
4|2|48|188|9|21|3N|S|7|DJ
4|2|294|171|255|244|4SX|S|8|DJ
4|2|32|33|205|216|3D|W|8|CK
4|20|169|127|78|145|6C|E|13|SK
4|20|111|187|248|83|6C|E|13|SQ
4|20|223|104|278|139|6C|E|13|SK
4|20|58|236|163|232|4N|W|13|DQ
4|20|148|25|123|229|4N|E|13|SK
4|20|17|317|231|237|6C|E|13|SK
4|20|137|202|182|281|5C|E|13|SK
4|20|273|165|9|43|6C|E|13|SK
4|20|294|171|255|244|3N|E|13|SK
4|20|16|33|15|216|6C|E|13|SK
4|21|169|127|78|145|2H|W|10|DK
4|21|111|187|248|83|3N|E|8|S9
4|21|223|104|278|139|2H|W|9|H2
4|21|58|236|163|232|2H|W|9|S4
4|21|148|25|123|229|2H|W|9|DK
4|21|17|317|231|237|2H|W|10|S4
4|21|137|202|182|281|2H|W|9|S5
4|21|273|165|9|43|4H|W|10|S5
4|21|294|171|255|244|3H|W|9|DK
4|21|16|33|15|216|3H|W|10|S7
4|22|169|127|78|145|4S|W|10|H6
4|22|111|187|248|83|4S|W|10|DT
4|22|223|104|278|139|5HX|N|7|HJ
4|22|58|236|163|232|4S|W|10|H6
4|22|148|25|123|229|4S|E|10|HA
4|22|17|317|231|237|4S|W|10|H6
4|22|137|202|182|281|4S|E|10|CJ
4|22|273|165|9|43|4S|W|10|H3
4|22|294|171|255|244|4S|W|10|H3
4|22|16|33|15|216|5HX|N|7|HJ
4|23|169|127|78|145|4H|E|10|ST
4|23|111|187|248|83|4H|E|10|ST
4|23|223|104|278|139|4H|W|9|C2
4|23|58|236|163|232|4H|E|9|DT
4|23|148|25|123|229|4H|E|9|DT
4|23|17|317|231|237|4H|E|10|ST
4|23|137|202|182|281|4H|W|10|S4
4|23|273|165|9|43|4H|E|10|DT
4|23|294|171|255|244|3N|E|9|DT
4|23|16|33|15|216|4H|E|10|ST
4|24|169|127|78|145|3H|E|8|SJ
4|24|111|187|248|83|4H|W|8|S6
4|24|223|104|278|139|4H|E|8|SJ
4|24|58|236|163|232|4H|E|7|H3
4|24|148|25|123|229|4H|E|8|C3
4|24|17|317|231|237|2H|W|9|D4
4|24|137|202|182|281|4H|E|8|C3
4|24|273|165|9|43|4H|E|7|H3
4|24|294|171|255|244|3N|E|5|C5
4|24|16|33|15|216|4H|E|8|SJ
4|25|169|127|78|145|4H|N|10|DK
4|25|111|187|248|83|4H|N|10|DJ
4|25|223|104|278|139|4H|N|10|DK
4|25|58|236|163|232|4H|N|10|DK
4|25|148|25|123|229|5DX|E|8|HA
4|25|17|317|231|237|4H|N|10|DK
4|25|137|202|182|281|4H|N|10|DK
4|25|273|165|9|43|4H|N|10|DA
4|25|294|171|255|244|4H|N|10|DK
4|25|16|33|15|216|4H|N|10|DK
4|26|169|127|78|145|2DXX|E|10|HA
4|26|111|187|248|83|3N|W|10|HJ
4|26|223|104|278|139|4CX|N|6|S9
4|26|58|236|163|232|3CX|N|5|C6
4|26|148|25|123|229|2S|W|8|HJ
4|26|17|317|231|237|3N|W|10|HJ
4|26|137|202|182|281|2DX|E|8|HA
4|26|273|165|9|43|3C|N|8|DA
4|26|294|171|255|244|3N|W|9|S6
4|26|16|33|15|216|3N|W|10|HJ
4|27|169|127|78|145|4S|S|12|DJ
4|27|111|187|248|83|6S|N|12|H2
4|27|223|104|278|139|4S|S|12|DJ
4|27|58|236|163|232|4S|S|12|DJ
4|27|148|25|123|229|6S|S|12|DJ
4|27|17|317|231|237|4S|S|12|DJ
4|27|137|202|182|281|4S|S|12|DJ
4|27|273|165|9|43|6S|S|12|DJ
4|27|294|171|255|244|4S|S|12|DJ
4|27|16|33|15|216|4S|S|11|DJ
4|28|169|127|78|145|2DX|N|7|SJ
4|28|111|187|248|83|3DX|N|6|C5
4|28|223|104|278|139|2SX|S|5|H7
4|28|58|236|163|232|4H|E|11|D3
4|28|148|25|123|229|2SX|S|5|H7
4|28|17|317|231|237|3N|W|9|DA
4|28|137|202|182|281|4H|E|10|D3
4|28|273|165|9|43|4H|W|11|DA
4|28|294|171|255|244|4H|E|10|D3
4|28|16|33|15|216|4H|E|10|D3
4|29|169|127|78|145|1N|E|7|D5
4|29|111|187|248|83|1N|E|5|D5
4|29|223|104|278|139|1N|E|4|D5
4|29|58|236|163|232|2D|S|9|CT
4|29|148|25|123|229|2C|E|8|D6
4|29|17|317|231|237|1N|E|4|D5
4|29|137|202|182|281|2D|S|9|DQ
4|29|273|165|9|43|2C|E|9|D5
4|29|294|171|255|244|2D|S|8|CT
4|29|16|33|15|216|2D|S|8|CT
4|3|263|127|301|145|4H|N|11|SK
4|3|38|187|172|83|4H|N|11|SA
4|3|223|104|278|139|4H|N|10|SA
4|3|95|236|129|232|3N|N|9|CT
4|3|148|25|123|229|4H|N|11|SK
4|3|68|61|8|50|4H|N|11|SA
4|3|137|202|182|281|4H|N|12|SA
4|3|48|188|9|21|4H|N|12|CT
4|3|294|171|255|244|4H|N|11|SA
4|3|32|33|205|216|4H|N|11|SK
4|30|169|127|78|145|3N|N|7|S7
4|30|111|187|248|83|2C|N|6|S7
4|30|223|104|278|139|3N|S|9|S3
4|30|58|236|163|232|4H|N|9|DA
4|30|148|25|123|229|2S|S|8|D8
4|30|17|317|231|237|3NX|S|8|D8
4|30|137|202|182|281|2D|S|8|S4
4|30|273|165|9|43|2S|W|8|SA
4|30|294|171|255|244|3N|S|8|S8
4|30|16|33|15|216|3N|S|8|H2
4|31|169|127|78|145|5DX|S|11|D4
4|31|111|187|248|83|6DX|S|11|SA
4|31|223|104|278|139|5DX|S|11|D4
4|31|58|236|163|232|6HXX|E|9|S5
4|31|148|25|123|229|6DX|S|11|HA
4|31|17|317|231|237|5SX|W|10|CK
4|31|137|202|182|281|5DX|S|11|SA
4|31|273|165|9|43|6CX|N|10|HJ
4|31|294|171|255|244|5C|N|9|D7
4|31|16|33|15|216|5DX|S|11|D4
4|32|169|127|78|145|3N|N|7|D9
4|32|111|187|248|83|1N|N|8|H9
4|32|223|104|278|139|2N|N|8|H9
4|32|58|236|163|232|2N|N|8|D5
4|32|148|25|123|229|1H|N|9|SK
4|32|17|317|231|237|2N|N|7|H9
4|32|137|202|182|281|3H|N|10|H8
4|32|273|165|9|43|3N|N|8|C3
4|32|294|171|255|244|3N|N|9|C9
4|32|16|33|15|216|2N|N|8|S3
4|4|263|127|301|145|5C|S|10|HK
4|4|38|187|172|83|3H|W|8|CQ
4|4|223|104|278|139|3H|W|9|CQ
4|4|95|236|129|232|4H|W|9|CQ
4|4|148|25|123|229|3H|W|8|CQ
4|4|68|61|8|50|3H|W|8|H2
4|4|137|202|182|281|2H|W|7|H4
4|4|48|188|9|21|3H|W|8|H2
4|4|294|171|255|244|3H|W|7|CQ
4|4|32|33|205|216|2H|W|9|H2
4|5|263|127|301|145|1NX|N|6|H3
4|5|38|187|172|83|3H|E|9|S7
4|5|223|104|278|139|1N|N|6|H2
4|5|95|236|129|232|3H|W|9|H5
4|5|148|25|123|229|1N|N|6|H3
4|5|68|61|8|50|3HX|E|9|HA
4|5|137|202|182|281|2H|E|9|D3
4|5|48|188|9|21|3H|E|9|D3
4|5|294|171|255|244|3H|E|9|D4
4|5|32|33|205|216|1N|N|6|H3
4|6|263|127|301|145|4H|S|10|SQ
4|6|38|187|172|83|4H|N|12|CT
4|6|223|104|278|139|4H|S|12|HT
4|6|95|236|129|232|4H|S|12|C5
4|6|148|25|123|229|3N|S|11|D5
4|6|68|61|8|50|3N|N|11|S5
4|6|137|202|182|281|4H|N|10|D7
4|6|48|188|9|21|4H|N|12|CT
4|6|294|171|255|244|4H|N|12|C9
4|6|32|33|205|216|4H|S|12|HT
4|7|263|127|301|145|4S|S|9|DA
4|7|38|187|172|83|4S|S|10|DA
4|7|223|104|278|139|4S|S|10|H7
4|7|95|236|129|232|4S|S|10|DA
4|7|148|25|123|229|4S|S|9|DK
4|7|68|61|8|50|4S|S|10|DA
4|7|137|202|182|281|4S|S|9|DA
4|7|48|188|9|21|4S|S|10|S4
4|7|294|171|255|244|4S|S|9|DA
4|7|32|33|205|216|4S|S|11|H7
4|8|263|127|301|145|3H|E|11|S4
4|8|38|187|172|83|4H|E|10|SK
4|8|223|104|278|139|4H|E|8|CJ
4|8|95|236|129|232|4H|E|9|SK
4|8|148|25|123|229|4H|E|9|HT
4|8|68|61|8|50|4H|E|10|SK
4|8|137|202|182|281|3H|E|10|SK
4|8|48|188|9|21|4H|E|9|SK
4|8|294|171|255|244|3H|E|9|SQ
4|8|32|33|205|216|3N|E|8|CJ
4|9|263|127|301|145|4S|N|8|HQ
4|9|38|187|172|83|2S|S|8|S9
4|9|223|104|278|139|2S|S|5|S9
4|9|95|236|129|232|2H|W|8|S3
4|9|148|25|123|229|2S|S|9|S9
4|9|68|61|8|50|2C|N|8|C2
4|9|137|202|182|281|2S|N|7|HQ
4|9|48|188|9|21|2S|S|9|S9
4|9|294|171|255|244|2H|E|8|CJ
4|9|32|33|205|216|3H|W|9|S4
5|1|38|223|172|278|3D|N|11|CA
5|1|236|111|232|248|2D|N|12|CA
5|1|58|148|163|123|2D|N|10|CA
5|1|317|95|237|129|2D|N|11|CA
5|1|68|273|8|48|3D|N|11|CA
5|1|202|17|281|231|1S|N|7|CA
5|1|263|33|301|216|2D|N|11|CK
5|1|294|169|255|78|2H|E|6|D2
5|1|32|165|205|43|2D|N|11|CA
5|1|188|16|21|15|1N|S|8|SJ
5|10|38|223|172|278|6C|W|12|H9
5|10|236|111|232|248|3N|W|12|HT
5|10|58|148|163|123|6C|W|12|HT
5|10|317|95|237|129|6N|W|12|HT
5|10|68|273|8|48|3N|W|12|HT
5|10|202|17|281|231|6C|W|12|H9
5|10|263|33|301|216|6C|W|12|S6
5|10|294|169|255|78|6C|W|12|HT
5|10|32|165|205|43|6C|W|12|H9
5|10|188|16|21|15|5C|W|12|HT
5|11|38|223|172|278|3N|S|9|H3
5|11|236|111|232|248|3N|S|9|H4
5|11|58|148|163|123|3N|S|9|H9
5|11|317|95|237|129|3N|S|9|H3
5|11|68|273|8|48|3N|N|9|H5
5|11|202|17|281|231|3N|S|9|H3
5|11|263|33|301|216|3N|S|9|H4
5|11|294|169|255|78|3N|S|9|HT
5|11|32|165|205|43|3N|S|9|H4
5|11|188|16|21|15|3N|S|9|H4
5|12|38|223|172|278|3N|W|11|D7
5|12|236|111|232|248|4S|W|12|H8
5|12|58|148|163|123|4S|W|12|S5
5|12|317|95|237|129|4S|W|12|D2
5|12|68|273|8|48|4S|W|12|D2
5|12|202|17|281|231|3N|W|12|D5
5|12|263|33|301|216|3N|W|11|D5
5|12|294|169|255|78|3N|W|12|D2
5|12|32|165|205|43|4S|W|12|D7
5|12|188|16|21|15|4S|W|12|C3
5|13|38|223|172|278|3S|S|8|C5
5|13|236|111|232|248|3N|S|10|D6
5|13|58|148|163|123|3N|S|11|D6
5|13|317|95|237|129|2S|S|9|DA
5|13|68|273|8|48|4S|S|9|DK
5|13|202|17|281|231|2DX|W|5|SK
5|13|263|33|301|216|4S|S|7|S2
5|13|294|169|255|78|3N|S|10|D3
5|13|32|165|205|43|4S|S|8|DK
5|13|188|16|21|15|2S|S|9|DA
5|14|38|223|172|278|4S|S|10|DJ
5|14|236|111|232|248|4S|S|10|H2
5|14|58|148|163|123|4S|S|10|DJ
5|14|317|95|237|129|4S|N|10|H5
5|14|68|273|8|48|4S|S|10|DJ
5|14|202|17|281|231|4S|S|10|DJ
5|14|263|33|301|216|4S|S|11|DJ
5|14|294|169|255|78|4S|S|10|S2
5|14|32|165|205|43|4S|S|10|DJ
5|14|188|16|21|15|4S|S|10|DJ
5|15|38|223|172|278|3S|W|8|HK
5|15|236|111|232|248|3S|W|8|HA
5|15|58|148|163|123|3S|W|8|HA
5|15|317|95|237|129|3S|W|8|HA
5|15|68|273|8|48|4S|W|8|HK
5|15|202|17|281|231|2S|W|8|HA
5|15|263|33|301|216|3S|W|9|HA
5|15|294|169|255|78|3S|W|9|HK
5|15|32|165|205|43|4S|W|8|HK
5|15|188|16|21|15|1S|W|9|HA
5|16|38|223|172|278|6H|N|12|S7
5|16|236|111|232|248|6H|N|12|S7
5|16|58|148|163|123|6H|N|12|S9
5|16|317|95|237|129|6H|N|12|DA
5|16|68|273|8|48|4H|N|12|S7
5|16|202|17|281|231|6H|N|12|D2
5|16|263|33|301|216|6H|N|12|DA
5|16|294|169|255|78|6H|N|12|DA
5|16|32|165|205|43|6H|N|12|DA
5|16|188|16|21|15|6H|N|12|DA
5|17|127|223|145|278|2S|N|7|C5
5|17|236|111|232|248|2S|N|7|C5
5|17|95|61|129|50|3S|N|7|C5
5|17|317|104|237|139|2H|W|7|SJ
5|17|68|273|8|9|3S|N|7|C5
5|17|202|25|281|229|2S|N|8|C5
5|17|263|33|301|216|2H|W|8|SJ
5|17|294|187|255|83|3S|N|9|C5
5|17|171|165|244|43|3H|W|9|SJ
5|17|188|16|21|15|3H|E|8|S5
5|18|127|223|145|278|2S|W|6|D4
5|18|236|111|232|248|2H|S|7|S4
5|18|95|61|129|50|2H|S|7|SQ
5|18|317|104|237|139|2H|S|6|C8
5|18|68|273|8|9|2S|W|8|H7
5|18|202|25|281|229|2HX|S|7|H8
5|18|263|33|301|216|2S|W|7|H7
5|18|294|187|255|83|1N|N|6|S5
5|18|171|165|244|43|1N|N|6|S5
5|18|188|16|21|15|3HX|S|8|SQ
5|19|127|223|145|278|4HX|S|9|DK
5|19|236|111|232|248|5D|W|10|CA
5|19|95|61|129|50|3D|W|10|S2
5|19|317|104|237|139|3D|W|11|CA
5|19|68|273|8|9|4H|N|9|S8
5|19|202|25|281|229|3H|N|10|H5
5|19|263|33|301|216|5DX|W|10|H4
5|19|294|187|255|83|4D|W|10|HT
5|19|171|165|244|43|4D|W|10|HJ
5|19|188|16|21|15|5D|E|10|H6
5|2|38|223|172|278|3N|E|11|H8
5|2|236|111|232|248|3N|E|11|S6
5|2|58|148|163|123|3N|E|10|S6
5|2|317|95|237|129|3N|E|12|S5
5|2|68|273|8|48|3N|E|10|S6
5|2|202|17|281|231|3N|E|10|S6
5|2|263|33|301|216|3N|E|10|S6
5|2|294|169|255|78|3N|E|10|S5
5|2|32|165|205|43|3N|E|10|S6
5|2|188|16|21|15|3N|E|10|S5
5|20|127|223|145|278|1S|E|7|H8
5|20|236|111|232|248|2N|N|7|HA
5|20|95|61|129|50|2N|N|7|HK
5|20|317|104|237|139|2N|N|7|HA
5|20|68|273|8|9|1S|E|7|H8
5|20|202|25|281|229|1S|E|8|D8
5|20|263|33|301|216|2N|N|7|HK
5|20|294|187|255|83|2N|N|7|HA
5|20|171|165|244|43|3D|S|9|SJ
5|20|188|16|21|15|1S|E|7|H8
5|21|127|223|145|278|1D|N|4|H5
5|21|236|111|232|248|3N|E|8|CK
5|21|95|61|129|50|3D|W|9|SQ
5|21|317|104|237|139|2C|S|7|DK
5|21|68|273|8|9|3H|W|8|SQ
5|21|202|25|281|229|4H|E|7|S2
5|21|263|33|301|216|2CX|S|8|DK
5|21|294|187|255|83|3D|W|9|CQ
5|21|171|165|244|43|2H|E|8|S7
5|21|188|16|21|15|2D|W|9|CQ
5|22|127|223|145|278|6H|S|12|CA
5|22|236|111|232|248|7H|S|12|DK
5|22|95|61|129|50|6H|N|12|C6
5|22|317|104|237|139|6H|S|13|DK
5|22|68|273|8|9|6H|S|12|DK
5|22|202|25|281|229|6H|S|13|DK
5|22|263|33|301|216|6H|S|13|DK
5|22|294|187|255|83|6H|S|13|DK
5|22|171|165|244|43|4H|S|12|DK
5|22|188|16|21|15|6H|S|12|DK
5|23|127|223|145|278|3S|S|8|H7
5|23|236|111|232|248|1NX|E|6|D4
5|23|95|61|129|50|3S|S|8|H3
5|23|317|104|237|139|2S|S|8|C6
5|23|68|273|8|9|3S|S|8|C2
5|23|202|25|281|229|1N|E|5|ST
5|23|263|33|301|216|3S|S|8|C2
5|23|294|187|255|83|1C|E|8|H4
5|23|171|165|244|43|2S|S|8|C2
5|23|188|16|21|15|4S|S|9|H8
5|24|127|223|145|278|4H|N|12|DT
5|24|236|111|232|248|4H|N|11|CA
5|24|95|61|129|50|4SX|E|6|DA
5|24|317|104|237|139|4H|N|11|SA
5|24|68|273|8|9|4H|N|11|SA
5|24|202|25|281|229|4H|N|11|DT
5|24|263|33|301|216|5H|N|11|SA
5|24|294|187|255|83|4SX|E|6|HQ
5|24|171|165|244|43|4H|N|12|SA
5|24|188|16|21|15|4H|N|11|SA
5|25|127|223|145|278|4H|W|11|C2
5|25|236|111|232|248|4H|W|12|D3
5|25|95|61|129|50|4H|W|10|D3
5|25|317|104|237|139|4H|W|11|D3
5|25|68|273|8|9|4H|W|11|C2
5|25|202|25|281|229|6H|W|11|D9
5|25|263|33|301|216|4H|W|12|C2
5|25|294|187|255|83|4H|W|11|D3
5|25|171|165|244|43|4H|W|10|D6
5|25|188|16|21|15|4H|W|12|H3
5|26|127|223|145|278|4S|E|10|S7
5|26|236|111|232|248|4S|E|10|D4
5|26|95|61|129|50|4S|E|10|D4
5|26|317|104|237|139|4S|E|10|D4
5|26|68|273|8|9|5C|S|10|DA
5|26|202|25|281|229|4S|E|10|HT
5|26|263|33|301|216|4S|E|10|C3
5|26|294|187|255|83|4S|E|10|S7
5|26|171|165|244|43|2S|W|12|D6
5|26|188|16|21|15|4S|W|10|D3
5|27|127|223|145|278|1N|E|9|D8
5|27|236|111|232|248|1N|E|9|D8
5|27|95|61|129|50|1N|E|8|D3
5|27|317|104|237|139|2N|W|8|D2
5|27|68|273|8|9|1N|E|9|D9
5|27|202|25|281|229|3C|E|10|HK
5|27|263|33|301|216|1N|E|8|HK
5|27|294|187|255|83|3C|E|10|HK
5|27|171|165|244|43|1N|E|10|HK
5|27|188|16|21|15|1N|E|8|D3
5|28|127|223|145|278|1C|E|6|C2
5|28|236|111|232|248|1N|E|7|C9
5|28|95|61|129|50|1D|N|7|D4
5|28|317|104|237|139|1N|E|6|DQ
5|28|68|273|8|9|1S|W|7|S3
5|28|202|25|281|229|1S|W|7|CJ
5|28|263|33|301|216|1S|W|7|DJ
5|28|294|187|255|83|2S|W|7|CJ
5|28|171|165|244|43|1C|E|6|C8
5|28|188|16|21|15|1N|E|7|C6
5|29|127|223|145|278|4S|W|10|C4
5|29|236|111|232|248|4S|W|9|C4
5|29|95|61|129|50|4S|W|9|C4
5|29|317|104|237|139|2S|W|9|C4
5|29|68|273|8|9|2S|W|10|C4
5|29|202|25|281|229|2S|W|9|C7
5|29|263|33|301|216|3S|W|8|C4
5|29|294|187|255|83|2S|W|9|C4
5|29|171|165|244|43|2S|W|9|C7
5|29|188|16|21|15|2S|W|9|C4
5|3|38|223|172|278|4S|E|9|CT
5|3|236|111|232|248|4S|E|9|CT
5|3|58|148|163|123|4S|E|9|D2
5|3|317|95|237|129|2S|W|10|H4
5|3|68|273|8|48|2S|E|9|CT
5|3|202|17|281|231|4S|E|10|C9
5|3|263|33|301|216|4S|E|8|CT
5|3|294|169|255|78|2S|E|9|D2
5|3|32|165|205|43|4S|E|10|C9
5|3|188|16|21|15|3S|W|9|S2
5|30|127|223|145|278|1N|E|5|DT
5|30|236|111|232|248|1N|E|5|D9
5|30|95|61|129|50|1N|E|5|D2
5|30|317|104|237|139|3S|E|6|CQ
5|30|68|273|8|9|1N|E|3|D3
5|30|202|25|281|229|1N|E|6|D3
5|30|263|33|301|216|1N|E|5|D3
5|30|294|187|255|83|1D|S|8|CK
5|30|171|165|244|43|1N|E|7|DT
5|30|188|16|21|15|1N|E|5|D2
5|31|127|223|145|278|3S|S|8|HK
5|31|236|111|232|248|3H|W|10|S2
5|31|95|61|129|50|3H|W|10|S2
5|31|317|104|237|139|3H|W|10|S2
5|31|68|273|8|9|3S|S|6|HK
5|31|202|25|281|229|3H|W|10|SK
5|31|263|33|301|216|4H|W|9|S2
5|31|294|187|255|83|3S|S|8|HK
5|31|171|165|244|43|4H|W|10|ST
5|31|188|16|21|15|3S|S|7|HK
5|32|127|223|145|278|2S|N|7|H5
5|32|236|111|232|248|2S|N|7|H5
5|32|95|61|129|50|2S|S|7|HA
5|32|317|104|237|139|3S|N|6|C3
5|32|68|273|8|9|3C|W|8|S7
5|32|202|25|281|229|2S|N|7|H6
5|32|263|33|301|216|1S|N|7|H6
5|32|294|187|255|83|4C|W|9|S9
5|32|171|165|244|43|3C|W|7|ST
5|32|188|16|21|15|3S|N|7|C7
5|4|38|223|172|278|2H|N|6|D6
5|4|236|111|232|248|2D|W|11|D4
5|4|58|148|163|123|3D|W|9|SK
5|4|317|95|237|129|3H|N|7|D2
5|4|68|273|8|48|3H|N|8|D6
5|4|202|17|281|231|2H|N|8|D2
5|4|263|33|301|216|3N|E|10|H4
5|4|294|169|255|78|3C|E|9|S4
5|4|32|165|205|43|3D|W|9|H2
5|4|188|16|21|15|2N|E|9|H3
5|5|38|223|172|278|3N|N|9|HT
5|5|236|111|232|248|3D|W|6|C9
5|5|58|148|163|123|3N|N|9|H2
5|5|317|95|237|129|3N|S|10|D5
5|5|68|273|8|48|3N|S|10|D6
5|5|202|17|281|231|3N|N|10|SA
5|5|263|33|301|216|3N|N|9|H2
5|5|294|169|255|78|3N|N|9|HT
5|5|32|165|205|43|3N|S|10|D6
5|5|188|16|21|15|3N|N|9|H9
5|6|38|223|172|278|3H|W|10|C5
5|6|236|111|232|248|3S|N|9|S3
5|6|58|148|163|123|2H|W|8|DA
5|6|317|95|237|129|4H|W|8|H9
5|6|68|273|8|48|4H|W|8|SA
5|6|202|17|281|231|3H|W|8|C5
5|6|263|33|301|216|3H|W|8|SA
5|6|294|169|255|78|4H|W|8|C4
5|6|32|165|205|43|4H|W|8|DA
5|6|188|16|21|15|2H|W|10|H9
5|7|38|223|172|278|4H|N|9|S6
5|7|236|111|232|248|4H|N|9|S6
5|7|58|148|163|123|4H|N|9|S8
5|7|317|95|237|129|4SX|E|7|CK
5|7|68|273|8|48|4H|N|9|S6
5|7|202|17|281|231|4H|S|9|D3
5|7|263|33|301|216|3H|N|9|S8
5|7|294|169|255|78|3H|N|9|S5
5|7|32|165|205|43|2H|N|8|S6
5|7|188|16|21|15|4H|N|9|S8
5|8|38|223|172|278|2C|W|9|D9
5|8|236|111|232|248|1SX|S|6|D5
5|8|58|148|163|123|1N|N|8|H4
5|8|317|95|237|129|2S|N|7|H7
5|8|68|273|8|48|1N|N|5|H4
5|8|202|17|281|231|2H|E|8|DQ
5|8|263|33|301|216|3C|W|9|HA
5|8|294|169|255|78|2S|S|5|CA
5|8|32|165|205|43|2S|N|6|DA
5|8|188|16|21|15|3C|E|10|C4
5|9|38|223|172|278|3S|N|9|HK
5|9|236|111|232|248|4HX|E|9|CK
5|9|58|148|163|123|4SX|N|9|HK
5|9|317|95|237|129|4S|N|9|HK
5|9|68|273|8|48|5HX|E|9|CK
5|9|202|17|281|231|5HX|E|8|CK
5|9|263|33|301|216|4SX|N|9|HK
5|9|294|169|255|78|4SX|N|9|HK
5|9|32|165|205|43|4SX|N|9|HK
5|9|188|16|21|15|4H|E|9|CK
6|1|148|38|123|172|2H|W|5|C8
6|1|127|61|145|50|2HX|N|5|C9
6|1|202|95|281|129|4D|E|8|SQ
6|1|58|48|163|9|3N|W|8|ST
6|1|137|17|182|231|2H|N|4|D7
6|1|68|165|8|43|2H|S|5|SA
6|1|294|236|255|232|4S|E|5|CA
6|1|223|33|278|216|3N|W|7|C6
6|1|171|169|244|78|2D|E|10|SQ
6|1|187|32|83|205|2H|W|7|C6
6|10|148|38|123|172|4H|W|10|S6
6|10|127|61|145|50|3H|W|10|S8
6|10|202|95|281|129|4H|W|10|S6
6|10|58|48|163|9|4H|W|10|S5
6|10|137|17|182|231|4H|W|10|S6
6|10|68|165|8|43|4H|W|11|CJ
6|10|294|236|255|232|4H|W|10|S5
6|10|223|33|278|216|6H|W|10|S6
6|10|171|169|244|78|4H|W|10|S6
6|10|187|32|83|205|4H|W|10|S5
6|11|148|38|123|172|5HX|W|9|CK
6|11|127|61|145|50|4S|N|11|CA
6|11|202|95|281|129|5C|N|12|H6
6|11|58|48|163|9|5HX|W|9|CK
6|11|137|17|182|231|4C|N|12|H6
6|11|68|165|8|43|6C|N|12|H4
6|11|294|236|255|232|4H|W|9|CK
6|11|223|33|278|216|5C|S|12|HK
6|11|171|169|244|78|5C|N|12|H6
6|11|187|32|83|205|4H|W|9|CK
6|12|148|38|123|172|4SX|S|9|CT
6|12|127|61|145|50|4CX|W|11|C5
6|12|202|95|281|129|4S|N|9|D2
6|12|58|48|163|9|4S|S|9|HA
6|12|137|17|182|231|4SX|S|9|HA
6|12|68|165|8|43|4S|S|9|HA
6|12|294|236|255|232|5HX|W|10|SQ
6|12|223|33|278|216|5HX|E|11|S7
6|12|171|169|244|78|4S|S|9|CT
6|12|187|32|83|205|5HX|E|10|H7
6|13|148|38|123|172|3C|W|8|SJ
6|13|127|61|145|50|3C|W|8|S2
6|13|202|95|281|129|2S|N|8|C7
6|13|58|48|163|9|1NX|N|7|C3
6|13|137|17|182|231|1N|N|8|H5
6|13|68|165|8|43|2H|E|8|C4
6|13|294|236|255|232|3C|W|8|DQ
6|13|223|33|278|216|2C|W|8|DK
6|13|171|169|244|78|3C|E|8|HQ
6|13|187|32|83|205|3C|W|8|SJ
6|14|148|38|123|172|2S|N|8|DK
6|14|127|61|145|50|3H|E|8|S9
6|14|202|95|281|129|3C|E|9|S9
6|14|58|48|163|9|2S|N|8|DK
6|14|137|17|182|231|2S|N|8|DK
6|14|68|165|8|43|3D|N|10|CA
6|14|294|236|255|232|2S|N|8|HA
6|14|223|33|278|216|3S|N|8|DQ
6|14|171|169|244|78|3S|N|8|DK
6|14|187|32|83|205|3H|W|8|C3
6|15|148|38|123|172|3H|S|10|S6
6|15|127|61|145|50|2S|E|7|H7
6|15|202|95|281|129|3S|E|5|H2
6|15|58|48|163|9|3H|N|8|SJ
6|15|137|17|182|231|3H|N|8|SJ
6|15|68|165|8|43|2H|N|9|SJ
6|15|294|236|255|232|2H|N|9|SJ
6|15|223|33|278|216|2H|N|9|SJ
6|15|171|169|244|78|3H|S|9|D3
6|15|187|32|83|205|3D|S|9|S9
6|16|148|38|123|172|3N|N|10|S8
6|16|127|61|145|50|3N|N|9|S8
6|16|202|95|281|129|3N|N|9|S6
6|16|58|48|163|9|3N|N|9|S2
6|16|137|17|182|231|3N|N|10|DT
6|16|68|165|8|43|3N|N|9|S2
6|16|294|236|255|232|3N|N|10|DT
6|16|223|33|278|216|3N|N|9|DT
6|16|171|169|244|78|3N|N|9|S6
6|16|187|32|83|205|3N|N|8|S2
6|17|317|111|237|248|6S|N|11|D6
6|17|38|148|172|123|7SX|S|10|D2
6|17|202|104|281|139|6S|N|9|HK
6|17|58|48|163|9|4S|S|11|D5
6|17|137|17|182|231|5S|N|11|D7
6|17|25|188|229|21|3DX|W|8|C8
6|17|33|236|216|232|6S|S|7|C3
6|17|223|294|278|255|6SX|N|11|HK
6|17|16|169|15|78|4S|S|12|D4
6|17|263|32|301|205|6S|N|11|HQ
6|18|317|111|237|248|2S|W|8|D7
6|18|38|148|172|123|3N|W|7|D5
6|18|202|104|281|139|2S|W|8|CQ
6|18|58|48|163|9|2H|E|6|DA
6|18|137|17|182|231|2H|E|6|DA
6|18|25|188|229|21|3D|N|8|CA
6|18|33|236|216|232|3D|N|9|CA
6|18|223|294|278|255|2H|E|6|DA
6|18|16|169|15|78|2H|E|5|DA
6|18|263|32|301|205|2H|E|6|DA
6|19|317|111|237|248|2S|S|9|H2
6|19|38|148|172|123|3S|S|8|HA
6|19|202|104|281|139|2DX|E|6|C9
6|19|58|48|163|9|2S|S|10|HA
6|19|137|17|182|231|2S|S|9|HA
6|19|25|188|229|21|2S|S|8|CA
6|19|33|236|216|232|2S|S|8|H4
6|19|223|294|278|255|2S|S|8|HA
6|19|16|169|15|78|1N|N|7|HT
6|19|263|32|301|205|2S|S|8|HA
6|2|148|38|123|172|2S|S|9|HK
6|2|127|61|145|50|1N|N|7|DQ
6|2|202|95|281|129|3D|W|8|S4
6|2|58|48|163|9|P||0
6|2|137|17|182|231|2S|S|9|HK
6|2|68|165|8|43|P||0
6|2|294|236|255|232|2S|S|9|D3
6|2|223|33|278|216|3D|W|8|S4
6|2|171|169|244|78|3S|S|9|S6
6|2|187|32|83|205|P||0
6|20|317|111|237|248|3N|S|9|HJ
6|20|38|148|172|123|2S|S|9|HJ
6|20|202|104|281|139|2S|S|9|HJ
6|20|58|48|163|9|3N|S|9|HJ
6|20|137|17|182|231|3N|S|9|HJ
6|20|25|188|229|21|3N|S|8|HJ
6|20|33|236|216|232|3S|S|9|HJ
6|20|223|294|278|255|3S|S|8|HJ
6|20|16|169|15|78|3N|S|9|HJ
6|20|263|32|301|205|3N|S|9|HJ
6|21|317|111|237|248|3N|S|12|DJ
6|21|38|148|172|123|3N|N|8|C5
6|21|202|104|281|139|3N|S|12|DJ
6|21|58|48|163|9|3N|S|12|DJ
6|21|137|17|182|231|4H|S|12|SQ
6|21|25|188|229|21|3N|S|13|DJ
6|21|33|236|216|232|2H|S|12|CQ
6|21|223|294|278|255|4S|N|10|CA
6|21|16|169|15|78|4H|S|10|CQ
6|21|263|32|301|205|3N|S|12|DJ
6|22|317|111|237|248|4S|W|10|C2
6|22|38|148|172|123|4S|W|11|D7
6|22|202|104|281|139|4S|W|9|D5
6|22|58|48|163|9|5DX|N|8|S5
6|22|137|17|182|231|4S|W|10|D7
6|22|25|188|229|21|5DX|N|8|S2
6|22|33|236|216|232|4S|W|10|S6
6|22|223|294|278|255|4S|W|10|D7
6|22|16|169|15|78|5DX|N|8|S8
6|22|263|32|301|205|4S|W|10|D6
6|23|317|111|237|248|4HX|E|7|CJ
6|23|38|148|172|123|4HX|E|6|CJ
6|23|202|104|281|139|3N|S|11|DJ
6|23|58|48|163|9|3N|N|11|HQ
6|23|137|17|182|231|3N|N|11|HQ
6|23|25|188|229|21|3N|S|11|DJ
6|23|33|236|216|232|3N|N|11|HQ
6|23|223|294|278|255|3N|N|11|HQ
6|23|16|169|15|78|3N|S|11|DJ
6|23|263|32|301|205|3N|N|11|D4
6|24|317|111|237|248|2H|N|9|SQ
6|24|38|148|172|123|3H|N|9|SQ
6|24|202|104|281|139|3H|N|9|SQ
6|24|58|48|163|9|2H|N|8|SQ
6|24|137|17|182|231|4H|N|9|SQ
6|24|25|188|229|21|3H|N|9|SQ
6|24|33|236|216|232|3H|N|9|SQ
6|24|223|294|278|255|2H|N|9|SQ
6|24|16|169|15|78|3H|N|9|SQ
6|24|263|32|301|205|4H|N|9|SQ
6|25|317|111|237|248|2S|N|8|D7
6|25|38|148|172|123|4C|E|10|S5
6|25|202|104|281|139|3S|N|8|D8
6|25|58|48|163|9|3S|N|7|H4
6|25|137|17|182|231|3S|N|8|H2
6|25|25|188|229|21|3S|N|8|D8
6|25|33|236|216|232|3S|N|9|D8
6|25|223|294|278|255|3C|W|9|DT
6|25|16|169|15|78|3S|N|8|D8
6|25|263|32|301|205|3C|W|10|S2
6|26|317|111|237|248|3H|S|10|DA
6|26|38|148|172|123|3H|S|10|DA
6|26|202|104|281|139|4H|S|9|DA
6|26|58|48|163|9|4H|S|9|DA
6|26|137|17|182|231|4H|S|9|DA
6|26|25|188|229|21|3H|S|10|C2
6|26|33|236|216|232|4H|S|9|DA
6|26|223|294|278|255|4H|S|8|DA
6|26|16|169|15|78|3H|S|9|DA
6|26|263|32|301|205|4S|S|8|HA
6|27|317|111|237|248|5C|W|11|D2
6|27|38|148|172|123|6C|W|12|HK
6|27|202|104|281|139|5C|W|11|D2
6|27|58|48|163|9|6C|W|11|D2
6|27|137|17|182|231|6C|W|11|D2
6|27|25|188|229|21|6HX|S|9|CA
6|27|33|236|216|232|6C|W|12|D2
6|27|223|294|278|255|6C|W|11|D2
6|27|16|169|15|78|7CX|W|12|D2
6|27|263|32|301|205|6C|E|11|DA
6|28|317|111|237|248|3N|N|9|H4
6|28|38|148|172|123|3N|N|9|H4
6|28|202|104|281|139|3HX|E|6|H6
6|28|58|48|163|9|3N|N|10|H4
6|28|137|17|182|231|3N|N|9|H4
6|28|25|188|229|21|3N|N|11|HT
6|28|33|236|216|232|4S|N|8|C9
6|28|223|294|278|255|3N|N|9|H2
6|28|16|169|15|78|3N|N|9|H2
6|28|263|32|301|205|3N|N|9|H4
6|29|317|111|237|248|4H|E|11|DT
6|29|38|148|172|123|4H|E|9|DT
6|29|202|104|281|139|4H|E|9|DT
6|29|58|48|163|9|4H|W|10|C7
6|29|137|17|182|231|4H|E|10|S5
6|29|25|188|229|21|4H|E|9|DT
6|29|33|236|216|232|4H|W|8|D3
6|29|223|294|278|255|4H|W|9|D6
6|29|16|169|15|78|4H|E|10|DT
6|29|263|32|301|205|4H|E|9|DT
6|3|148|38|123|172|3N|S|11|S3
6|3|127|61|145|50|1N|S|9|S3
6|3|202|95|281|129|3N|N|9|C3
6|3|58|48|163|9|3N|S|9|D6
6|3|137|17|182|231|1N|S|9|H3
6|3|68|165|8|43|2S|N|8|HQ
6|3|294|236|255|232|1N|S|9|D6
6|3|223|33|278|216|1N|S|7|H3
6|3|171|169|244|78|2N|S|9|D7
6|3|187|32|83|205|1N|S|9|S3
6|30|317|111|237|248|2H|N|9|CT
6|30|38|148|172|123|3H|S|9|D2
6|30|202|104|281|139|2H|S|9|D3
6|30|58|48|163|9|P||0
6|30|137|17|182|231|3H|S|9|H5
6|30|25|188|229|21|P||0
6|30|33|236|216|232|P||0
6|30|223|294|278|255|2S|W|8|HQ
6|30|16|169|15|78|P||0
6|30|263|32|301|205|2H|S|9|D2
6|31|317|111|237|248|2S|S|8|DJ
6|31|38|148|172|123|3S|S|8|DJ
6|31|202|104|281|139|3D|E|9|CJ
6|31|58|48|163|9|3D|E|9|CJ
6|31|137|17|182|231|2S|S|9|DJ
6|31|25|188|229|21|2S|S|7|DJ
6|31|33|236|216|232|2S|S|7|DJ
6|31|223|294|278|255|3D|E|9|CJ
6|31|16|169|15|78|2S|S|8|DJ
6|31|263|32|301|205|2D|E|9|HQ
6|32|317|111|237|248|2S|N|8|D3
6|32|38|148|172|123|3S|N|9|SJ
6|32|202|104|281|139|4S|N|9|D5
6|32|58|48|163|9|4S|N|9|CK
6|32|137|17|182|231|4S|S|9|DK
6|32|25|188|229|21|4S|N|9|CK
6|32|33|236|216|232|4S|N|9|D5
6|32|223|294|278|255|3D|W|10|D4
6|32|16|169|15|78|4S|N|9|SJ
6|32|263|32|301|205|4S|S|9|DQ
6|4|148|38|123|172|3N|E|10|SK
6|4|127|61|145|50|3N|E|10|C2
6|4|202|95|281|129|3N|E|11|SK
6|4|58|48|163|9|1N|E|10|SQ
6|4|137|17|182|231|2H|E|8|SK
6|4|68|165|8|43|2S|W|10|C5
6|4|294|236|255|232|4HX|E|7|SK
6|4|223|33|278|216|3N|E|9|SK
6|4|171|169|244|78|3D|W|9|C6
6|4|187|32|83|205|4H|E|8|SK
6|5|148|38|123|172|5HX|E|10|H2
6|5|127|61|145|50|3H|E|8|H2
6|5|202|95|281|129|3S|S|9|H8
6|5|58|48|163|9|2H|E|9|H2
6|5|137|17|182|231|3S|N|8|HQ
6|5|68|165|8|43|3S|S|7|H4
6|5|294|236|255|232|3H|E|8|H3
6|5|223|33|278|216|3H|E|6|C7
6|5|171|169|244|78|3H|E|7|C7
6|5|187|32|83|205|4SX|N|7|HQ
6|6|148|38|123|172|P||0
6|6|127|61|145|50|2N|W|10|H2
6|6|202|95|281|129|2D|E|9|DT
6|6|58|48|163|9|2S|E|9|C8
6|6|137|17|182|231|2S|E|9|C7
6|6|68|165|8|43|2S|E|9|S4
6|6|294|236|255|232|2S|E|9|S4
6|6|223|33|278|216|2N|E|10|DT
6|6|171|169|244|78|2S|E|9|HQ
6|6|187|32|83|205|2S|E|8|S4
6|7|148|38|123|172|4S|N|10|S6
6|7|127|61|145|50|4S|N|11|CA
6|7|202|95|281|129|4S|N|11|HK
6|7|58|48|163|9|4S|N|11|CA
6|7|137|17|182|231|4S|N|11|HK
6|7|68|165|8|43|3N|N|12|HK
6|7|294|236|255|232|4S|N|11|CA
6|7|223|33|278|216|4S|N|11|CA
6|7|171|169|244|78|4S|N|10|HK
6|7|187|32|83|205|4S|N|11|CK
6|8|148|38|123|172|3S|S|9|CA
6|8|127|61|145|50|3N|S|8|HT
6|8|202|95|281|129|2C|E|8|DA
6|8|58|48|163|9|2S|S|9|HT
6|8|137|17|182|231|3SX|S|9|CA
6|8|68|165|8|43|2D|S|10|DJ
6|8|294|236|255|232|3S|S|9|S5
6|8|223|33|278|216|2S|N|10|C4
6|8|171|169|244|78|2N|S|10|S5
6|8|187|32|83|205|2S|S|9|H5
6|9|148|38|123|172|2S|N|9|D6
6|9|127|61|145|50|2H|S|9|C8
6|9|202|95|281|129|2H|S|8|C5
6|9|58|48|163|9|2H|S|10|H2
6|9|137|17|182|231|2H|S|8|C5
6|9|68|165|8|43|2H|S|9|C5
6|9|294|236|255|232|2H|S|7|C5
6|9|223|33|278|216|2H|S|9|D5
6|9|171|169|244|78|2H|S|8|C5
6|9|187|32|83|205|2H|S|8|C8
7|1|38|246|172|9|3N|W|9|S6
7|1|202|127|281|145|4S|W|11|S6
7|1|58|17|163|231|3N|W|9|C3
7|1|25|104|229|139|4S|W|11|S7
7|1|148|147|123|26|4S|W|11|S6
7|1|294|317|255|237|4S|E|11|HK
7|1|130|16|184|15|2S|W|11|S7
7|1|171|236|244|232|3N|W|10|C9
7|1|263|188|301|21|4S|W|11|C3
7|1|137|169|182|78|3N|W|9|S7
7|10|38|246|172|9|3N|E|8|DT
7|10|202|127|281|145|2D|S|8|S7
7|10|58|17|163|231|4H|W|11|CJ
7|10|25|104|229|139|4H|E|7|DA
7|10|148|147|123|26|4H|W|10|CJ
7|10|294|317|255|237|3H|E|8|DA
7|10|130|16|184|15|4H|E|8|CA
7|10|171|236|244|232|2H|W|10|CJ
7|10|263|188|301|21|5H|W|8|CJ
7|10|137|169|182|78|4H|E|8|DA
7|11|38|246|172|9|3S|S|9|HQ
7|11|202|127|281|145|3S|S|9|HQ
7|11|58|17|163|231|4S|N|8|D6
7|11|25|104|229|139|4S|S|9|CA
7|11|148|147|123|26|3S|N|9|D6
7|11|294|317|255|237|2S|S|9|HQ
7|11|130|16|184|15|4S|S|9|HQ
7|11|171|236|244|232|4S|S|9|HQ
7|11|263|188|301|21|3S|S|10|HQ
7|11|137|169|182|78|2S|S|8|HQ
7|12|38|246|172|9|2N|E|9|H7
7|12|202|127|281|145|2D|W|10|C6
7|12|58|17|163|231|3N|E|9|CA
7|12|25|104|229|139|2N|E|9|H7
7|12|148|147|123|26|3D|W|11|C9
7|12|294|317|255|237|2D|W|10|H3
7|12|130|16|184|15|2D|W|10|C4
7|12|171|236|244|232|2D|W|10|C6
7|12|263|188|301|21|2D|W|9|SQ
7|12|137|169|182|78|3N|E|9|H7
7|13|38|246|172|9|3N|N|10|H3
7|13|202|127|281|145|3N|S|10|C3
7|13|58|17|163|231|3N|N|10|H3
7|13|25|104|229|139|3N|N|10|H2
7|13|148|147|123|26|3N|N|9|S7
7|13|294|317|255|237|3N|N|10|H2
7|13|130|16|184|15|3N|N|10|HJ
7|13|171|236|244|232|3N|N|10|HJ
7|13|263|188|301|21|3N|N|10|H2
7|13|137|169|182|78|3N|N|10|H2
7|14|38|246|172|9|3S|W|8|DK
7|14|202|127|281|145|3SX|W|7|H5
7|14|58|17|163|231|5C|S|9|SA
7|14|25|104|229|139|3N|S|8|DJ
7|14|148|147|123|26|4C|S|11|HJ
7|14|294|317|255|237|2S|E|8|D7
7|14|130|16|184|15|3C|S|9|HJ
7|14|171|236|244|232|2S|W|9|DK
7|14|263|188|301|21|4S|W|9|DK
7|14|137|169|182|78|4C|N|9|C2
7|15|38|246|172|9|3H|S|9|D8
7|15|202|127|281|145|2H|S|10|D9
7|15|58|17|163|231|4H|S|10|C4
7|15|25|104|229|139|4H|S|10|D9
7|15|148|147|123|26|4H|S|10|C4
7|15|294|317|255|237|4C|E|8|HT
7|15|130|16|184|15|4H|S|10|HA
7|15|171|236|244|232|2H|S|10|C4
7|15|263|188|301|21|4H|S|10|C4
7|15|137|169|182|78|4H|S|10|C4
7|16|38|246|172|9|2H|E|8|DJ
7|16|202|127|281|145|3H|E|8|DJ
7|16|58|17|163|231|2H|E|8|DJ
7|16|25|104|229|139|3D|N|8|S9
7|16|148|147|123|26|2H|E|8|DJ
7|16|294|317|255|237|2H|W|8|CJ
7|16|130|16|184|15|2H|W|8|CJ
7|16|171|236|244|232|2H|W|7|HJ
7|16|263|188|301|21|2H|E|8|DJ
7|16|137|169|182|78|3D|N|8|S9
7|17|111|246|248|9|2H|N|8|SQ
7|17|202|127|281|145|2H|N|8|SQ
7|17|104|17|139|231|3S|E|7|C8
7|17|25|95|229|129|2H|N|8|SQ
7|17|148|147|123|26|3S|E|9|C2
7|17|294|61|255|50|2S|E|7|C8
7|17|223|32|278|205|2H|N|8|SQ
7|17|171|236|244|232|3H|S|8|CT
7|17|169|165|78|43|3H|S|8|CT
7|17|188|263|21|301|4HX|S|8|DA
7|18|111|246|248|9|3N|W|9|H7
7|18|202|127|281|145|3N|E|11|H8
7|18|104|17|139|231|6D|E|10|HK
7|18|25|95|229|129|3N|W|10|H7
7|18|148|147|123|26|6D|E|11|HK
7|18|294|61|255|50|3N|W|10|H7
7|18|223|32|278|205|3N|W|9|H7
7|18|171|236|244|232|3N|W|11|C4
7|18|169|165|78|43|5D|E|10|HK
7|18|188|263|21|301|5D|E|11|HK
7|19|111|246|248|9|5D|E|10|SK
7|19|202|127|281|145|4N|E|11|S6
7|19|104|17|139|231|3N|E|10|H6
7|19|25|95|229|129|5D|E|10|S8
7|19|148|147|123|26|4SX|S|8|C3
7|19|294|61|255|50|4SX|N|8|CK
7|19|223|32|278|205|5SX|N|9|CK
7|19|171|236|244|232|3N|E|9|S6
7|19|169|165|78|43|5SX|N|9|CA
7|19|188|263|21|301|3N|W|9|DK
7|2|38|246|172|9|1N|N|7|D5
7|2|202|127|281|145|1N|N|7|DT
7|2|58|17|163|231|2N|S|8|H3
7|2|25|104|229|139|2S|S|8|H2
7|2|148|147|123|26|2N|S|8|H3
7|2|294|317|255|237|1N|N|7|D4
7|2|130|16|184|15|3N|S|6|H3
7|2|171|236|244|232|1N|N|8|D9
7|2|263|188|301|21|1N|S|7|H2
7|2|137|169|182|78|3H|W|8|CA
7|20|111|246|248|9|1N|S|5|DK
7|20|202|127|281|145|1N|S|8|D5
7|20|104|17|139|231|3H|E|8|C2
7|20|25|95|229|129|3C|N|9|D3
7|20|148|147|123|26|3D|E|8|CK
7|20|294|61|255|50|1N|S|7|D5
7|20|223|32|278|205|1N|N|8|H2
7|20|171|236|244|232|3C|N|10|D3
7|20|169|165|78|43|1N|N|9|S6
7|20|188|263|21|301|1N|S|7|S7
7|21|111|246|248|9|4S|E|10|HK
7|21|202|127|281|145|2S|E|11|C6
7|21|104|17|139|231|4S|W|10|HA
7|21|25|95|229|129|4S|E|10|HK
7|21|148|147|123|26|4S|E|10|HK
7|21|294|61|255|50|3S|E|10|HQ
7|21|223|32|278|205|4S|E|10|HK
7|21|171|236|244|232|4S|E|10|HK
7|21|169|165|78|43|4S|E|10|HK
7|21|188|263|21|301|4S|E|11|DQ
7|22|111|246|248|9|6S|W|12|D6
7|22|202|127|281|145|6S|W|12|D2
7|22|104|17|139|231|6S|W|12|H9
7|22|25|95|229|129|4S|W|12|D3
7|22|148|147|123|26|6S|W|12|D2
7|22|294|61|255|50|7DX|N|8|D7
7|22|223|32|278|205|7H|E|13|H2
7|22|171|236|244|232|6S|E|13|C2
7|22|169|165|78|43|4S|W|12|H9
7|22|188|263|21|301|4S|W|12|H9
7|23|111|246|248|9|3N|N|9|C5
7|23|202|127|281|145|3N|N|10|H5
7|23|104|17|139|231|5D|S|13|H3
7|23|25|95|229|129|5D|S|13|C4
7|23|148|147|123|26|3N|S|10|C8
7|23|294|61|255|50|5D|S|12|C3
7|23|223|32|278|205|3N|N|11|H5
7|23|171|236|244|232|5D|S|13|C4
7|23|169|165|78|43|5D|S|13|H3
7|23|188|263|21|301|3N|N|10|H5
7|24|111|246|248|9|4H|S|10|CQ
7|24|202|127|281|145|4H|S|10|CQ
7|24|104|17|139|231|4H|S|10|HJ
7|24|25|95|229|129|4H|N|10|D9
7|24|148|147|123|26|4H|N|10|D9
7|24|294|61|255|50|4H|N|11|S4
7|24|223|32|278|205|4H|N|10|C7
7|24|171|236|244|232|4H|N|10|D9
7|24|169|165|78|43|4H|N|9|D9
7|24|188|263|21|301|4H|S|10|CQ
7|25|111|246|248|9|3N|N|9|S3
7|25|202|127|281|145|3N|N|10|S3
7|25|104|17|139|231|2N|N|7|D7
7|25|25|95|229|129|3N|S|9|D4
7|25|148|147|123|26|3N|N|11|H5
7|25|294|61|255|50|3N|N|7|D7
7|25|223|32|278|205|1N|S|9|D5
7|25|171|236|244|232|3S|S|8|H3
7|25|169|165|78|43|3N|N|7|C5
7|25|188|263|21|301|3N|N|7|D9
7|26|111|246|248|9|2S|W|8|DA
7|26|202|127|281|145|3N|S|7|H9
7|26|104|17|139|231|2C|N|9|DJ
7|26|25|95|229|129|3C|N|10|C5
7|26|148|147|123|26|2C|N|9|DJ
7|26|294|61|255|50|3C|N|9|DJ
7|26|223|32|278|205|2S|W|7|DA
7|26|171|236|244|232|2S|W|8|DK
7|26|169|165|78|43|2C|N|9|DJ
7|26|188|263|21|301|2S|W|8|DA
7|27|111|246|248|9|2S|S|8|H6
7|27|202|127|281|145|3N|S|7|D9
7|27|104|17|139|231|1N|N|8|D4
7|27|25|95|229|129|3N|N|7|D4
7|27|148|147|123|26|3C|S|10|H7
7|27|294|61|255|50|2C|S|10|C6
7|27|223|32|278|205|3N|N|8|D5
7|27|171|236|244|232|5C|S|9|C2
7|27|169|165|78|43|2D|E|5|SA
7|27|188|263|21|301|1N|N|7|D5
7|28|111|246|248|9|1N|E|8|CQ
7|28|202|127|281|145|3N|E|8|CA
7|28|104|17|139|231|1N|E|10|CQ
7|28|25|95|229|129|3S|S|6|D4
7|28|148|147|123|26|2N|E|8|CQ
7|28|294|61|255|50|3H|N|10|DA
7|28|223|32|278|205|3H|N|11|DK
7|28|171|236|244|232|3H|N|10|DA
7|28|169|165|78|43|4H|S|11|H4
7|28|188|263|21|301|3N|E|8|CA
7|29|111|246|248|9|1S|S|8|CK
7|29|202|127|281|145|1N|N|6|D2
7|29|104|17|139|231|2S|S|7|CK
7|29|25|95|229|129|2S|S|8|D7
7|29|148|147|123|26|2S|N|8|D5
7|29|294|61|255|50|2S|S|8|D3
7|29|223|32|278|205|1N|N|9|SQ
7|29|171|236|244|232|2S|S|8|D7
7|29|169|165|78|43|2S|S|8|CK
7|29|188|263|21|301|2S|S|8|CK
7|3|38|246|172|9|3D|S|8|SA
7|3|202|127|281|145|4C|W|10|HA
7|3|58|17|163|231|3S|W|8|HA
7|3|25|104|229|139|2HX|N|8|S9
7|3|148|147|123|26|3C|W|10|HA
7|3|294|317|255|237|2S|W|8|HA
7|3|130|16|184|15|2C|W|10|HK
7|3|171|236|244|232|2HX|N|7|S9
7|3|263|188|301|21|3C|W|10|CT
7|3|137|169|182|78|5C|W|9|HA
7|30|111|246|248|9|1N|E|8|S9
7|30|202|127|281|145|2H|W|7|DJ
7|30|104|17|139|231|2H|W|7|DJ
7|30|25|95|229|129|1S|W|8|C6
7|30|148|147|123|26|3D|S|6|HQ
7|30|294|61|255|50|1S|W|9|S5
7|30|223|32|278|205|1S|W|8|C3
7|30|171|236|244|232|1N|E|7|D7
7|30|169|165|78|43|2H|W|8|DJ
7|30|188|263|21|301|2H|E|7|S9
7|31|111|246|248|9|4S|W|11|C4
7|31|202|127|281|145|4S|W|11|C4
7|31|104|17|139|231|4S|W|11|C2
7|31|25|95|229|129|3N|W|10|C4
7|31|148|147|123|26|4S|W|11|C6
7|31|294|61|255|50|4S|W|11|SJ
7|31|223|32|278|205|4S|W|11|C4
7|31|171|236|244|232|3N|W|10|H9
7|31|169|165|78|43|4S|W|11|H3
7|31|188|263|21|301|6D|W|12|H3
7|32|111|246|248|9|3N|S|9|D2
7|32|202|127|281|145|3N|S|7|D2
7|32|104|17|139|231|4S|S|8|C6
7|32|25|95|229|129|3S|S|10|D4
7|32|148|147|123|26|4S|S|8|C6
7|32|294|61|255|50|4S|S|9|C8
7|32|223|32|278|205|4S|S|8|C8
7|32|171|236|244|232|3N|S|10|HA
7|32|169|165|78|43|4S|N|8|DJ
7|32|188|263|21|301|3N|S|9|D5
7|4|38|246|172|9|2D|S|10|HQ
7|4|202|127|281|145|1S|E|4|H4
7|4|58|17|163|231|1N|S|8|HQ
7|4|25|104|229|139|1N|S|8|H3
7|4|148|147|123|26|2D|S|10|HQ
7|4|294|317|255|237|1N|S|10|S5
7|4|130|16|184|15|2H|W|5|CJ
7|4|171|236|244|232|1S|E|3|CA
7|4|263|188|301|21|1N|S|8|HQ
7|4|137|169|182|78|2H|W|5|CJ
7|5|38|246|172|9|4S|S|9|DK
7|5|202|127|281|145|4S|S|8|DK
7|5|58|17|163|231|4S|S|9|DK
7|5|25|104|229|139|4S|S|9|H7
7|5|148|147|123|26|4S|S|9|DK
7|5|294|317|255|237|4S|S|8|DK
7|5|130|16|184|15|4S|S|8|DK
7|5|171|236|244|232|4S|S|10|S4
7|5|263|188|301|21|4SX|S|9|DK
7|5|137|169|182|78|4S|S|8|DK
7|6|38|246|172|9|2H|N|8|DK
7|6|202|127|281|145|3N|W|10|HJ
7|6|58|17|163|231|3N|E|8|H7
7|6|25|104|229|139|2N|E|8|DJ
7|6|148|147|123|26|3N|E|6|H7
7|6|294|317|255|237|2N|E|8|S7
7|6|130|16|184|15|2N|W|10|HJ
7|6|171|236|244|232|3N|W|7|DQ
7|6|263|188|301|21|3N|E|8|S7
7|6|137|169|182|78|3N|E|8|S7
7|7|38|246|172|9|2S|W|9|D6
7|7|202|127|281|145|2S|W|9|D6
7|7|58|17|163|231|2S|W|9|D3
7|7|25|104|229|139|3C|S|9|SK
7|7|148|147|123|26|3S|W|9|H3
7|7|294|317|255|237|3H|S|8|SK
7|7|130|16|184|15|2S|W|9|D3
7|7|171|236|244|232|P||0
7|7|263|188|301|21|2S|W|9|H2
7|7|137|169|182|78|3H|S|9|SK
7|8|38|246|172|9|2H|E|8|DA
7|8|202|127|281|145|2S|N|7|HA
7|8|58|17|163|231|2H|W|8|S3
7|8|25|104|229|139|2H|E|8|DA
7|8|148|147|123|26|2H|E|8|DA
7|8|294|317|255|237|3H|E|9|H4
7|8|130|16|184|15|2H|E|8|DA
7|8|171|236|244|232|2S|N|8|HA
7|8|263|188|301|21|2S|N|7|HA
7|8|137|169|182|78|2S|N|7|HA
7|9|38|246|172|9|2S|N|10|D3
7|9|202|127|281|145|3S|N|10|CK
7|9|58|17|163|231|2S|N|9|CA
7|9|25|104|229|139|2S|N|9|CA
7|9|148|147|123|26|3S|N|9|CA
7|9|294|317|255|237|3S|N|10|CA
7|9|130|16|184|15|2S|N|9|CA
7|9|171|236|244|232|2S|N|9|CA
7|9|263|188|301|21|3S|N|10|CA
7|9|137|169|182|78|2S|N|10|CA
8|1|25|127|229|111|3N|N|10|SJ
8|1|38|17|172|231|3C|N|9|HJ
8|1|137|95|182|129|3N|N|9|S5
8|1|58|165|163|43|2N|N|9|HJ
8|1|294|48|255|246|3N|N|9|ST
8|1|202|147|281|26|3S|E|7|S2
8|1|317|16|237|15|2N|S|9|H3
8|1|32|61|205|50|2N|N|9|HJ
8|1|263|223|301|278|3N|N|9|H6
8|1|130|169|184|78|3C|N|10|H6
8|10|25|127|229|111|2D|S|10|H5
8|10|38|17|172|231|1S|N|8|HJ
8|10|137|95|182|129|2H|E|6|ST
8|10|58|165|163|43|2D|S|10|H5
8|10|294|48|255|246|2D|S|10|C7
8|10|202|147|281|26|2D|S|9|H3
8|10|317|16|237|15|2D|N|9|HJ
8|10|32|61|205|50|2D|S|9|H5
8|10|263|223|301|278|2D|S|11|S9
8|10|130|169|184|78|2S|N|8|HJ
8|11|25|127|229|111|3N|N|9|S7
8|11|38|17|172|231|3N|N|9|D3
8|11|137|95|182|129|3N|N|9|S5
8|11|58|165|163|43|4H|N|9|S7
8|11|294|48|255|246|3N|N|9|S7
8|11|202|147|281|26|3N|N|8|D3
8|11|317|16|237|15|4H|N|9|S7
8|11|32|61|205|50|3N|S|8|H3
8|11|263|223|301|278|4H|N|9|S7
8|11|130|169|184|78|3H|S|9|S2
8|12|25|127|229|111|3N|S|9|DA
8|12|38|17|172|231|4S|N|10|D6
8|12|137|95|182|129|4S|N|10|D6
8|12|58|165|163|43|4S|S|10|DK
8|12|294|48|255|246|4S|N|10|D2
8|12|202|147|281|26|4S|N|10|D6
8|12|317|16|237|15|4S|S|10|DA
8|12|32|61|205|50|4S|S|11|DK
8|12|263|223|301|278|4S|N|11|D2
8|12|130|169|184|78|4S|S|10|DA
8|13|25|127|229|111|2C|N|7|SQ
8|13|38|17|172|231|2C|N|7|SQ
8|13|294|48|255|246|2S|N|7|CT
8|13|202|147|281|26|2S|S|8|D7
8|13|317|16|237|15|3C|N|8|SQ
8|13|32|61|205|50|2C|N|7|SQ
8|13|263|223|301|278|2C|N|6|DA
8|13|130|169|184|78|2D|E|7|S3
8|14|25|127|229|111|3H|N|9|CQ
8|14|38|17|172|231|4C|E|9|SA
8|14|137|95|182|129|3C|E|9|SA
8|14|58|165|163|43|3D|S|9|C2
8|14|294|48|255|246|3C|E|9|SA
8|14|202|147|281|26|3C|E|9|SA
8|14|317|16|237|15|4C|E|9|SA
8|14|32|61|205|50|4C|E|9|SA
8|14|263|223|301|278|3H|N|8|CQ
8|14|130|169|184|78|3C|E|9|SK
8|15|25|127|229|111|4S|S|8|DK
8|15|38|17|172|231|3S|S|10|DK
8|15|137|95|182|129|3S|S|8|DK
8|15|58|165|163|43|4S|S|8|DK
8|15|294|48|255|246|3H|S|9|DK
8|15|202|147|281|26|3D|W|8|SQ
8|15|317|16|237|15|2S|S|8|DK
8|15|32|61|205|50|4S|S|9|DK
8|15|263|223|301|278|3D|W|8|SQ
8|15|130|169|184|78|2S|S|8|DK
8|16|25|127|229|111|3N|E|11|H5
8|16|38|17|172|231|3N|E|9|S2
8|16|137|95|182|129|3N|W|9|H3
8|16|58|165|163|43|3N|E|9|H5
8|16|294|48|255|246|3N|E|9|S3
8|16|202|147|281|26|3N|E|11|S2
8|16|317|16|237|15|3N|E|10|S2
8|16|32|61|205|50|3N|E|9|H5
8|16|263|223|301|278|3N|E|10|H5
8|16|130|169|184|78|3N|E|11|H7
8|17|25|127|229|145|4H|E|10|C2
8|17|111|17|248|231|4H|E|10|H4
8|17|137|95|182|129|4H|E|9|C3
8|17|104|165|139|43|P||0
8|17|294|246|255|9|5CX|S|8|HK
8|17|202|147|281|26|4H|E|10|C8
8|17|16|317|15|237|4H|W|10|CA
8|17|148|171|123|244|4H|E|10|C6
8|17|263|236|301|232|4H|W|10|CA
8|17|130|169|184|78|3H|W|10|CK
8|18|25|127|229|145|2D|W|8|C7
8|18|111|17|248|231|3N|W|10|HK
8|18|137|95|182|129|1N|W|8|H4
8|18|104|165|139|43|3D|W|8|C7
8|18|294|246|255|9|3D|W|10|D9
8|18|202|147|281|26|3D|W|10|D4
8|18|16|317|15|237|1N|W|6|S2
8|18|148|171|123|244|1N|E|9|C3
8|18|263|236|301|232|3C|S|8|CA
8|18|130|169|184|78|3D|E|9|SA
8|19|25|127|229|145|3N|E|9|C2
8|19|111|17|248|231|3N|E|10|C2
8|19|137|95|182|129|3N|W|10|H3
8|19|104|165|139|43|3N|W|11|C8
8|19|294|246|255|9|2S|E|11|H9
8|19|202|147|281|26|3N|E|10|H2
8|19|16|317|15|237|1N|E|11|H8
8|19|148|171|123|244|3N|W|9|C3
8|19|263|236|301|232|3N|E|11|H9
8|19|130|169|184|78|3N|E|10|H4
8|2|25|127|229|111|5C|S|12|H3
8|2|137|95|182|129|5S|S|11|HQ
8|2|58|165|163|43|4S|S|10|HQ
8|2|294|48|255|246|3N|S|10|H3
8|2|202|147|281|26|6C|N|12|H5
8|2|317|16|237|15|4HX|W|6|CA
8|2|32|61|205|50|3N|S|10|H3
8|2|263|223|301|278|6C|N|12|H4
8|2|130|169|184|78|6C|S|12|DQ
8|20|25|127|229|145|4H|W|11|D4
8|20|111|17|248|231|4H|W|10|D2
8|20|137|95|182|129|4H|W|11|S2
8|20|104|165|139|43|4H|W|8|S4
8|20|294|246|255|9|4H|E|10|S3
8|20|202|147|281|26|4H|W|11|S2
8|20|16|317|15|237|4H|W|10|S6
8|20|148|171|123|244|4H|W|11|SJ
8|20|263|236|301|232|4H|E|11|D5
8|20|130|169|184|78|4H|E|11|H4
8|21|25|127|229|145|2S|E|7|HK
8|21|111|17|248|231|2S|E|6|C5
8|21|137|95|182|129|1N|W|8|HT
8|21|104|165|139|43|2HX|S|6|SK
8|21|294|246|255|9|2S|E|9|HA
8|21|202|147|281|26|2S|E|7|C5
8|21|16|317|15|237|2S|E|6|HA
8|21|148|171|123|244|2SX|E|8|HA
8|21|263|236|301|232|2S|E|8|HA
8|21|130|169|184|78|2HX|S|7|D8
8|22|25|127|229|145|2H|W|7|S7
8|22|111|17|248|231|2H|W|9|D4
8|22|137|95|182|129|3C|E|10|HQ
8|22|104|165|139|43|4H|W|8|SA
8|22|294|246|255|9|2H|W|8|SA
8|22|202|147|281|26|2H|W|6|D4
8|22|16|317|15|237|4HX|W|8|CQ
8|22|148|171|123|244|3C|E|10|C2
8|22|263|236|301|232|2H|W|8|SA
8|22|130|169|184|78|2H|W|9|D3
8|23|25|127|229|145|4H|N|12|DK
8|23|111|17|248|231|6H|N|13|DK
8|23|137|95|182|129|4H|N|11|C9
8|23|104|165|139|43|4H|N|12|DK
8|23|294|246|255|9|6H|N|12|DK
8|23|202|147|281|26|6H|N|12|DK
8|23|16|317|15|237|4H|N|12|DK
8|23|148|171|123|244|4H|N|12|DK
8|23|263|236|301|232|4H|N|12|DK
8|23|130|169|184|78|4H|S|12|SK
8|24|25|127|229|145|4H|W|10|DT
8|24|111|17|248|231|3N|W|11|CT
8|24|137|95|182|129|4H|E|10|D6
8|24|104|165|139|43|3N|W|10|DT
8|24|294|246|255|9|4H|W|10|DT
8|24|202|147|281|26|4H|W|10|H3
8|24|16|317|15|237|3N|W|12|S5
8|24|148|171|123|244|4H|W|10|DT
8|24|263|236|301|232|4H|W|10|DT
8|24|130|169|184|78|3N|W|9|DT
8|25|25|127|229|145|4S|W|9|D4
8|25|111|17|248|231|3D|E|12|DQ
8|25|137|95|182|129|3S|W|9|CK
8|25|104|165|139|43|3S|W|9|CK
8|25|294|246|255|9|4S|W|10|CK
8|25|202|147|281|26|5D|E|12|HK
8|25|16|317|15|237|3D|E|12|HK
8|25|148|171|123|244|5D|E|11|HK
8|25|263|236|301|232|2D|E|12|HK
8|25|130|169|184|78|3D|E|12|HK
8|26|25|127|229|145|4S|N|7|H4
8|26|111|17|248|231|2D|W|7|HK
8|26|137|95|182|129|2S|N|8|D8
8|26|104|165|139|43|4S|N|8|HT
8|26|294|246|255|9|4SX|N|9|D6
8|26|202|147|281|26|3H|E|7|S4
8|26|16|317|15|237|3S|N|8|D6
8|26|148|171|123|244|2S|N|8|D6
8|26|263|236|301|232|2S|N|9|D8
8|26|130|169|184|78|2S|N|8|D8
8|27|25|127|229|145|3N|E|9|CQ
8|27|111|17|248|231|3N|W|9|S4
8|27|137|95|182|129|3N|W|10|S6
8|27|104|165|139|43|3N|W|10|H5
8|27|294|246|255|9|2H|W|9|S2
8|27|202|147|281|26|3N|W|9|S4
8|27|16|317|15|237|3N|W|9|S4
8|27|148|171|123|244|3N|E|8|CQ
8|27|263|236|301|232|3N|W|7|C8
8|27|130|169|184|78|3N|W|7|C8
8|28|25|127|229|145|3S|W|7|S6
8|28|111|17|248|231|3S|W|7|S9
8|28|137|95|182|129|5D|S|11|SK
8|28|104|165|139|43|5DX|S|11|SK
8|28|294|246|255|9|4S|W|7|DQ
8|28|202|147|281|26|5DX|S|11|SK
8|28|16|317|15|237|4D|S|11|SK
8|28|148|171|123|244|5D|S|11|SK
8|28|263|236|301|232|4SX|W|10|S6
8|28|130|169|184|78|3D|S|11|SK
8|29|25|127|229|145|4H|N|11|SK
8|29|111|17|248|231|3N|N|12|SK
8|29|137|95|182|129|4H|N|11|SK
8|29|104|165|139|43|3N|S|11|D7
8|29|294|246|255|9|4H|N|11|SK
8|29|202|147|281|26|3N|N|10|S6
8|29|16|317|15|237|4H|N|11|SK
8|29|148|171|123|244|4H|N|11|SK
8|29|263|236|301|232|4H|N|11|SK
8|29|130|169|184|78|4H|N|11|DT
8|3|25|127|229|111|1N|S|5|H7
8|3|38|17|172|231|2D|E|9|HA
8|3|137|95|182|129|2D|E|8|CA
8|3|58|165|163|43|2S|S|8|H7
8|3|294|48|255|246|2D|E|9|HA
8|3|202|147|281|26|1N|S|4|H9
8|3|317|16|237|15|2D|E|8|HA
8|3|32|61|205|50|2D|E|8|HA
8|3|263|223|301|278|2D|E|9|HA
8|3|130|169|184|78|2D|E|9|HA
8|30|25|127|229|145|3N|S|10|H4
8|30|111|17|248|231|4C|N|10|C3
8|30|137|95|182|129|3C|N|10|HA
8|30|104|165|139|43|3N|S|10|H5
8|30|294|246|255|9|3N|S|10|H5
8|30|202|147|281|26|3N|S|9|H4
8|30|16|317|15|237|3N|S|10|H4
8|30|148|171|123|244|3N|S|10|H5
8|30|263|236|301|232|3N|S|10|H5
8|30|130|169|184|78|3N|S|9|H4
8|31|25|127|229|145|2S|W|8|CK
8|31|111|17|248|231|2C|N|8|D4
8|31|137|95|182|129|2N|W|7|CK
8|31|104|165|139|43|2H|W|5|CK
8|31|294|246|255|9|3D|W|8|CQ
8|31|202|147|281|26|1N|W|6|CK
8|31|16|317|15|237|2C|N|8|S7
8|31|148|171|123|244|4H|E|8|C3
8|31|263|236|301|232|2H|N|6|S6
8|31|130|169|184|78|1N|W|6|CK
8|32|25|127|229|145|4S|N|9|HK
8|32|111|17|248|231|4S|N|9|HK
8|32|137|95|182|129|4S|N|9|D6
8|32|104|165|139|43|3N|S|10|C4
8|32|294|246|255|9|3N|N|9|H5
8|32|202|147|281|26|4S|N|11|HK
8|32|16|317|15|237|4S|N|9|CJ
8|32|148|171|123|244|4S|N|9|HK
8|32|263|236|301|232|4S|S|9|H9
8|32|130|169|184|78|4S|N|9|D6
8|4|25|127|229|111|4H|S|11|S5
8|4|38|17|172|231|4H|S|11|S5
8|4|137|95|182|129|4H|S|11|S5
8|4|58|165|163|43|5H|S|11|S5
8|4|294|48|255|246|4H|S|11|S5
8|4|202|147|281|26|4H|N|12|CJ
8|4|317|16|237|15|5H|S|11|S5
8|4|32|61|205|50|4H|S|12|DK
8|4|263|223|301|278|6H|S|11|S5
8|4|130|169|184|78|4H|S|12|DK
8|5|25|127|229|111|4H|W|8|CQ
8|5|38|17|172|231|4H|W|9|CQ
8|5|137|95|182|129|3N|E|9|DT
8|5|58|165|163|43|4H|W|10|CQ
8|5|294|48|255|246|4S|E|9|DT
8|5|202|147|281|26|2S|E|8|C6
8|5|317|16|237|15|4H|W|9|CQ
8|5|32|61|205|50|4H|W|9|CQ
8|5|263|223|301|278|4H|W|9|CQ
8|5|130|169|184|78|2S|E|9|DT
8|6|25|127|229|111|3H|E|9|CT
8|6|38|17|172|231|4H|E|9|CT
8|6|137|95|182|129|1N|W|8|SQ
8|6|58|165|163|43|4H|E|10|CT
8|6|294|48|255|246|4H|E|10|DQ
8|6|202|147|281|26|3N|W|10|SQ
8|6|317|16|237|15|4H|E|10|CT
8|6|32|61|205|50|4H|E|10|DQ
8|6|263|223|301|278|3H|E|10|DQ
8|6|130|169|184|78|1N|W|8|SQ
8|7|25|127|229|111|2S|S|10|H4
8|7|38|17|172|231|2S|S|11|C8
8|7|137|95|182|129|1N|S|6|H5
8|7|58|165|163|43|2S|N|9|S6
8|7|294|48|255|246|2S|S|9|C3
8|7|202|147|281|26|2S|S|10|H3
8|7|317|16|237|15|2S|N|8|H9
8|7|32|61|205|50|2H|W|7|C5
8|7|263|223|301|278|3C|S|8|H4
8|7|130|169|184|78|1C|S|7|DA
8|8|25|127|229|111|3N|W|8|SK
8|8|38|17|172|231|3D|W|8|C4
8|8|137|95|182|129|3N|W|7|SA
8|8|58|165|163|43|3N|W|8|H4
8|8|294|48|255|246|3N|W|7|SA
8|8|202|147|281|26|2D|E|8|HQ
8|8|317|16|237|15|2C|N|6|DA
8|8|32|61|205|50|3D|W|9|C4
8|8|263|223|301|278|2SX|S|5|S2
8|8|130|169|184|78|3N|W|8|SA
8|9|25|127|229|111|3N|S|11|D7
8|9|38|17|172|231|5C|N|10|SK
8|9|137|95|182|129|5S|E|10|C4
8|9|58|165|163|43|5C|N|10|S2
8|9|294|48|255|246|3N|S|6|S5
8|9|202|147|281|26|5C|N|10|S2
8|9|317|16|237|15|3D|W|7|CA
8|9|32|61|205|50|3N|N|9|S9
8|9|263|223|301|278|5C|N|10|S9
8|9|130|169|184|78|4SX|W|11|CK
9|1|38|95|172|129|5D|E|12|CJ
9|1|58|127|163|145|3N|E|9|S3
9|1|25|147|229|26|3N|E|9|S3
9|1|294|17|255|231|5D|W|11|C2
9|1|202|32|281|205|4SX|S|7|HJ
9|1|171|48|244|246|5D|W|11|S5
9|1|148|169|123|78|5D|E|11|CJ
9|1|263|61|301|50|3N|E|9|S3
9|1|130|165|184|43|5D|W|11|S8
9|1|188|223|21|278|3S|N|9|C7
9|10|38|95|172|129|3N|N|7|D2
9|10|58|127|163|145|4S|S|9|DA
9|10|25|147|229|26|3N|N|11|D4
9|10|294|17|255|231|4S|S|9|DK
9|10|202|32|281|205|5C|S|11|DK
9|10|171|48|244|246|3N|N|7|C4
9|10|148|169|123|78|4S|S|9|DA
9|10|263|61|301|50|5C|N|10|D4
9|10|130|165|184|43|2S|S|10|H6
9|10|188|223|21|278|4HX|S|6|DA
9|11|38|95|172|129|4SX|N|8|CK
9|11|58|127|163|145|4SX|N|8|CK
9|11|25|147|229|26|4SX|N|7|HA
9|11|294|17|255|231|4SX|N|8|CK
9|11|202|32|281|205|4SX|N|7|HA
9|11|171|48|244|246|6H|W|9|CA
9|11|148|169|123|78|6D|W|12|CA
9|11|263|61|301|50|4SX|N|8|CK
9|11|130|165|184|43|6H|W|11|SA
9|11|188|223|21|278|6D|W|12|CA
9|12|38|95|172|129|2S|W|6|S3
9|12|58|127|163|145|2H|W|8|HA
9|12|25|147|229|26|3C|E|5|ST
9|12|294|17|255|231|1N|N|7|H3
9|12|202|32|281|205|1H|S|6|DQ
9|12|171|48|244|246|2S|W|7|S3
9|12|148|169|123|78|3C|N|8|C2
9|12|263|61|301|50|2S|W|6|S3
9|12|130|165|184|43|2C|S|8|CA
9|12|188|223|21|278|2N|S|7|SQ
9|13|38|95|172|129|3H|W|11|SQ
9|13|58|127|163|145|3N|E|10|C4
9|13|25|147|229|26|5D|E|11|DT
9|13|294|17|255|231|4H|E|11|DT
9|13|202|32|281|205|3N|E|5|S3
9|13|171|48|244|246|4H|W|11|SQ
9|13|148|169|123|78|3N|E|11|SK
9|13|263|61|301|50|4H|W|11|SQ
9|13|130|165|184|43|4H|W|11|SQ
9|13|188|223|21|278|4H|E|11|DT
9|14|38|95|172|129|3H|S|12|D4
9|14|58|127|163|145|3H|S|12|CT
9|14|25|147|229|26|4H|S|10|CT
9|14|294|17|255|231|4H|S|11|D4
9|14|202|32|281|205|3H|S|11|D8
9|14|171|48|244|246|4H|S|12|D8
9|14|148|169|123|78|4H|S|12|D4
9|14|263|61|301|50|5DX|E|8|SA
9|14|130|165|184|43|2H|S|10|CT
9|14|188|223|21|278|3H|S|11|D8
9|15|38|95|172|129|4H|E|12|CJ
9|15|58|127|163|145|4H|E|11|CJ
9|15|25|147|229|26|4H|E|11|CJ
9|15|294|17|255|231|6H|E|11|CJ
9|15|202|32|281|205|4H|W|11|CA
9|15|171|48|244|246|4H|E|11|CJ
9|15|148|169|123|78|3H|E|10|CJ
9|15|263|61|301|50|6D|S|9|SK
9|15|130|165|184|43|4H|W|12|CK
9|15|188|223|21|278|4H|E|10|CJ
9|16|38|95|172|129|3S|E|8|HK
9|16|58|127|163|145|4H|S|12|D4
9|16|25|147|229|26|5H|S|12|D4
9|16|294|17|255|231|4H|S|11|D2
9|16|202|32|281|205|4H|S|12|S5
9|16|171|48|244|246|6C|N|12|SA
9|16|148|169|123|78|4H|N|12|CT
9|16|263|61|301|50|4SX|W|8|CA
9|16|130|165|184|43|4H|S|12|D4
9|16|188|223|21|278|4SX|W|8|CA
9|17|111|104|248|139|4H|N|10|CQ
9|17|58|127|163|145|4H|N|9|CQ
9|17|25|147|229|26|4S|W|10|DJ
9|17|294|17|255|231|4H|N|10|CQ
9|17|202|32|281|205|4H|N|9|CQ
9|17|16|48|15|246|5H|N|9|S9
9|17|148|169|123|78|4SX|W|10|DJ
9|17|263|317|301|237|4H|N|9|CQ
9|17|236|137|232|182|4H|N|10|CQ
9|17|188|223|21|278|5H|N|10|CQ
9|18|111|104|248|139|6S|E|7|D5
9|18|58|127|163|145|6S|E|9|CK
9|18|25|147|229|26|4H|W|11|D3
9|18|294|17|255|231|4H|E|11|CK
9|18|202|32|281|205|6H|W|11|D4
9|18|16|48|15|246|6H|E|11|CK
9|18|148|169|123|78|4H|W|11|D9
9|18|263|317|301|237|6H|W|11|C4
9|18|236|137|232|182|6H|W|11|D3
9|18|188|223|21|278|3N|E|11|CK
9|19|111|104|248|139|4H|S|10|H5
9|19|58|127|163|145|4H|S|10|S4
9|19|25|147|229|26|4H|S|10|S4
9|19|294|17|255|231|6H|S|10|DA
9|19|202|32|281|205|4S|S|10|S2
9|19|16|48|15|246|4H|S|10|S2
9|19|148|169|123|78|6H|S|10|H5
9|19|263|317|301|237|4S|N|10|D2
9|19|236|137|232|182|4H|S|10|S4
9|19|188|223|21|278|3H|S|10|H5
9|2|38|95|172|129|3D|S|9|SK
9|2|58|127|163|145|4SX|E|7|C3
9|2|25|147|229|26|4S|W|6|S2
9|2|294|17|255|231|4S|E|8|HJ
9|2|202|32|281|205|4S|E|7|C2
9|2|171|48|244|246|4S|E|8|C4
9|2|148|169|123|78|4SX|E|8|DA
9|2|263|61|301|50|3S|E|7|C5
9|2|130|165|184|43|3S|E|8|C3
9|2|188|223|21|278|4S|E|8|HJ
9|20|111|104|248|139|3N|N|3|D2
9|20|58|127|163|145|3N|N|5|D3
9|20|25|147|229|26|3N|N|5|D2
9|20|294|17|255|231|5C|N|11|D2
9|20|202|32|281|205|5CX|N|11|D3
9|20|16|48|15|246|5C|N|11|D3
9|20|148|169|123|78|2SX|E|10|CQ
9|20|263|317|301|237|4C|N|11|D2
9|20|236|137|232|182|3C|N|11|D3
9|20|188|223|21|278|5DX|E|10|S2
9|21|111|104|248|139|3N|N|7|C9
9|21|58|127|163|145|3N|N|10|D4
9|21|25|147|229|26|3N|N|10|DA
9|21|294|17|255|231|3N|N|8|D4
9|21|202|32|281|205|P||0
9|21|16|48|15|246|3N|N|5|D8
9|21|148|169|123|78|3N|N|7|C9
9|21|263|317|301|237|2N|S|9|D2
9|21|236|137|232|182|3N|N|9|S3
9|21|188|223|21|278|2N|N|9|C8
9|22|111|104|248|139|4H|N|10|SJ
9|22|58|127|163|145|4H|N|10|SJ
9|22|25|147|229|26|4H|N|10|SJ
9|22|294|17|255|231|4H|N|10|SJ
9|22|202|32|281|205|4H|N|10|SJ
9|22|16|48|15|246|4H|N|10|SJ
9|22|148|169|123|78|4H|N|10|SJ
9|22|263|317|301|237|4H|N|10|SJ
9|22|236|137|232|182|4H|N|10|ST
9|22|188|223|21|278|4H|N|10|SJ
9|23|111|104|248|139|4H|W|9|SJ
9|23|58|127|163|145|2H|W|9|SJ
9|23|25|147|229|26|3C|N|9|DK
9|23|294|17|255|231|3H|W|9|SJ
9|23|202|32|281|205|4H|E|9|SA
9|23|16|48|15|246|4H|W|9|SJ
9|23|148|169|123|78|3C|N|9|HT
9|23|263|317|301|237|4CX|N|9|DK
9|23|236|137|232|182|3D|E|7|HA
9|23|188|223|21|278|2H|E|9|SA
9|24|111|104|248|139|3N|N|8|D5
9|24|58|127|163|145|3N|W|5|H6
9|24|25|147|229|26|2D|W|8|H3
9|24|294|17|255|231|3D|W|8|HQ
9|24|202|32|281|205|1N|W|4|H6
9|24|16|48|15|246|4H|N|10|C5
9|24|148|169|123|78|4H|N|8|C5
9|24|263|317|301|237|3H|N|9|C5
9|24|236|137|232|182|2H|N|9|C5
9|24|188|223|21|278|4H|N|9|C5
9|25|111|104|248|139|1N|S|4|C2
9|25|58|127|163|145|1N|S|5|C3
9|25|25|147|229|26|1N|S|5|C3
9|25|294|17|255|231|P||0
9|25|202|32|281|205|3H|W|6|D8
9|25|16|48|15|246|P||0
9|25|148|169|123|78|P||0
9|25|263|317|301|237|P||0
9|25|236|137|232|182|P||0
9|25|188|223|21|278|1N|N|4|CT
9|26|111|104|248|139|2S|N|8|H3
9|26|58|127|163|145|2H|E|9|SA
9|26|25|147|229|26|1N|E|9|SK
9|26|294|17|255|231|1N|N|6|H5
9|26|202|32|281|205|2S|N|8|S2
9|26|16|48|15|246|2S|N|8|HA
9|26|148|169|123|78|2H|E|10|SK
9|26|263|317|301|237|3S|S|8|S7
9|26|236|137|232|182|3S|S|7|D3
9|26|188|223|21|278|3H|W|9|D2
9|27|111|104|248|139|5S|N|12|D3
9|27|58|127|163|145|4S|N|12|D3
9|27|25|147|229|26|5S|N|11|HJ
9|27|294|17|255|231|5S|N|12|CK
9|27|202|32|281|205|4S|N|12|D3
9|27|16|48|15|246|5D|N|12|CK
9|27|148|169|123|78|4S|N|12|CK
9|27|263|317|301|237|4S|N|12|CK
9|27|236|137|232|182|5HX|W|10|SA
9|27|188|223|21|278|4S|N|12|CK
9|28|111|104|248|139|3N|W|11|S2
9|28|58|127|163|145|3N|E|9|SJ
9|28|25|147|229|26|3N|W|9|S2
9|28|294|17|255|231|3N|W|10|S3
9|28|202|32|281|205|3N|E|11|D3
9|28|16|48|15|246|3N|W|11|S5
9|28|148|169|123|78|3N|E|11|H4
9|28|263|317|301|237|3N|W|11|S5
9|28|236|137|232|182|3N|E|11|SJ
9|28|188|223|21|278|3N|W|10|S4
9|29|111|104|248|139|4H|S|8|S9
9|29|58|127|163|145|4H|S|11|S4
9|29|25|147|229|26|4H|S|10|S6
9|29|294|17|255|231|4H|N|10|S4
9|29|202|32|281|205|3N|N|9|D5
9|29|16|48|15|246|4H|S|9|S8
9|29|148|169|123|78|4H|N|9|S7
9|29|263|317|301|237|4H|S|9|S6
9|29|236|137|232|182|4H|S|10|S9
9|29|188|223|21|278|3N|S|11|S8
9|3|38|95|172|129|4S|N|8|S3
9|3|58|127|163|145|3D|S|10|DJ
9|3|25|147|229|26|4S|N|9|S3
9|3|294|17|255|231|3D|S|10|C5
9|3|202|32|281|205|2D|S|9|H4
9|3|171|48|244|246|4N|S|8|C4
9|3|148|169|123|78|3D|S|9|C5
9|3|263|61|301|50|4S|N|8|DA
9|3|130|165|184|43|3N|S|8|H4
9|3|188|223|21|278|3S|N|8|S3
9|30|111|104|248|139|4H|S|10|SK
9|30|58|127|163|145|4H|S|10|S9
9|30|25|147|229|26|4H|N|8|S9
9|30|294|17|255|231|3C|S|9|SA
9|30|202|32|281|205|3N|S|10|S6
9|30|16|48|15|246|4H|N|7|S3
9|30|148|169|123|78|3N|S|9|S4
9|30|263|317|301|237|3C|S|10|SA
9|30|236|137|232|182|4H|S|10|S9
9|30|188|223|21|278|4H|N|10|S3
9|31|111|104|248|139|2S|N|8|D4
9|31|58|127|163|145|4S|N|8|D4
9|31|25|147|229|26|3S|N|8|D4
9|31|294|17|255|231|3S|N|8|D4
9|31|202|32|281|205|4S|N|9|D7
9|31|16|48|15|246|3S|N|8|D7
9|31|148|169|123|78|4S|N|8|D4
9|31|263|317|301|237|4S|N|8|D4
9|31|236|137|232|182|3S|N|8|D7
9|31|188|223|21|278|4S|N|8|D7
9|32|111|104|248|139|4H|N|12|SA
9|32|58|127|163|145|4H|S|11|S5
9|32|25|147|229|26|4H|N|11|CT
9|32|294|17|255|231|3C|S|10|H3
9|32|202|32|281|205|4H|S|11|S7
9|32|16|48|15|246|4H|S|10|S7
9|32|148|169|123|78|4H|N|12|SA
9|32|263|317|301|237|4H|N|10|DT
9|32|236|137|232|182|4H|N|10|DT
9|32|188|223|21|278|3N|N|8|DJ
9|4|38|95|172|129|2N|S|8|H7
9|4|58|127|163|145|1N|N|7|H5
9|4|25|147|229|26|1N|N|8|H5
9|4|294|17|255|231|2N|S|10|DA
9|4|202|32|281|205|2S|N|10|D2
9|4|171|48|244|246|1N|N|7|H5
9|4|148|169|123|78|1N|S|8|H7
9|4|263|61|301|50|2D|S|10|D2
9|4|130|165|184|43|1N|N|8|H5
9|4|188|223|21|278|2N|S|6|H8
9|5|38|95|172|129|4SX|W|7|HQ
9|5|58|127|163|145|4SX|W|7|HQ
9|5|25|147|229|26|4SX|W|7|HQ
9|5|294|17|255|231|4S|W|7|HQ
9|5|202|32|281|205|4SX|W|7|HQ
9|5|171|48|244|246|5H|N|11|S4
9|5|148|169|123|78|4SX|W|7|HQ
9|5|263|61|301|50|3N|E|4|HK
9|5|130|165|184|43|5HX|N|10|S2
9|5|188|223|21|278|4S|W|7|HQ
9|6|38|95|172|129|4H|S|9|H3
9|6|58|127|163|145|1S|N|8|DQ
9|6|25|147|229|26|3H|N|9|H3
9|6|294|17|255|231|4H|N|10|C5
9|6|202|32|281|205|2S|N|8|C4
9|6|171|48|244|246|1S|N|8|C4
9|6|148|169|123|78|3H|S|10|S5
9|6|263|61|301|50|4H|S|10|CJ
9|6|130|165|184|43|4H|S|9|H6
9|6|188|223|21|278|4H|N|9|H3
9|7|38|95|172|129|6N|W|13|D7
9|7|58|127|163|145|6N|E|12|S8
9|7|25|147|229|26|6N|W|13|S4
9|7|294|17|255|231|6D|W|13|S7
9|7|202|32|281|205|6D|W|13|S4
9|7|171|48|244|246|3N|E|12|S6
9|7|148|169|123|78|4N|W|13|S4
9|7|263|61|301|50|6N|W|13|CJ
9|7|130|165|184|43|3N|W|13|S7
9|7|188|223|21|278|4N|W|13|C4
9|8|38|95|172|129|3H|W|8|S4
9|8|58|127|163|145|P||0
9|8|25|147|229|26|P||0
9|8|294|17|255|231|P||0
9|8|202|32|281|205|P||0
9|8|171|48|244|246|1N|S|7|H6
9|8|148|169|123|78|2H|W|8|S4
9|8|263|61|301|50|P||0
9|8|130|165|184|43|3H|W|8|DK
9|8|188|223|21|278|2H|W|8|H2
9|9|38|95|172|129|6H|N|13|D7
9|9|58|127|163|145|6H|N|13|CJ
9|9|25|147|229|26|7H|N|13|C7
9|9|294|17|255|231|7H|N|13|CJ
9|9|202|32|281|205|6H|N|13|D7
9|9|171|48|244|246|6H|N|13|D9
9|9|148|169|123|78|6H|S|13|C7
9|9|263|61|301|50|6H|N|13|D9
9|9|130|165|184|43|2SX|E|4|HK
9|9|188|223|21|278|6H|N|13|CJ
