1|1|20|307|119|219|3N|N|10|C4
1|1|149|168|284|135|3N|S|10|C5
1|1|109|35|300|125|3N|N|11|C4
1|1|39|142|207|254|3N|N|10|C4
1|1|80|166|225|193|3N|S|10|HQ
1|1|245|201|79|211|3N|N|10|C4
1|1|179|114|180|118|3N|S|11|D8
1|1|204|76|238|258|3N|N|10|C3
1|1|73|133|18|287|3N|N|10|C4
1|1|157|152|257|164|3N|N|10|C3
1|10|20|307|119|219|3C|E|7|DQ
1|10|149|168|284|135|2H|W|9|DA
1|10|109|35|300|125|2C|W|9|DT
1|10|39|142|207|254|1NX|S|6|HA
1|10|80|166|225|193|1N|E|6|S3
1|10|245|201|79|211|3H|W|8|C7
1|10|179|114|180|118|2D|N|5|H3
1|10|204|76|238|258|2C|E|8|DQ
1|10|73|133|18|287|2C|W|8|DA
1|10|157|152|257|164|1H|W|7|S6
1|11|20|307|119|219|2D|E|8|D6
1|11|149|168|284|135|2S|W|9|H5
1|11|109|35|300|125|3N|E|8|H9
1|11|39|142|207|254|2S|W|9|H3
1|11|80|166|225|193|2S|W|8|D7
1|11|245|201|79|211|3N|E|9|H9
1|11|179|114|180|118|2S|W|9|H5
1|11|204|76|238|258|3N|W|8|H3
1|11|73|133|18|287|2S|W|9|D7
1|11|157|152|257|164|2S|W|8|D8
1|12|20|307|119|219|6H|N|12|CJ
1|12|149|168|284|135|4H|N|12|CJ
1|12|109|35|300|125|4H|N|12|CT
1|12|39|142|207|254|4H|S|12|C8
1|12|80|166|225|193|3N|N|12|CJ
1|12|245|201|79|211|3N|S|13|HQ
1|12|179|114|180|118|4H|N|12|CJ
1|12|204|76|238|258|3N|N|11|CJ
1|12|73|133|18|287|4H|S|12|C6
1|12|157|152|257|164|6H|N|12|CJ
1|13|20|307|119|219|4S|N|10|S5
1|13|149|168|284|135|4S|N|10|S5
1|13|109|35|300|125|6CX|E|10|C3
1|13|39|142|207|254|4S|N|11|H9
1|13|80|166|225|193|4S|N|10|C8
1|13|245|201|79|211|4S|N|10|S5
1|13|179|114|180|118|3S|N|10|S5
1|13|204|76|238|258|4S|N|10|C8
1|13|73|133|18|287|4S|N|10|S5
1|13|157|152|257|164|4S|N|10|DA
1|14|20|307|119|219|2C|S|7|S5
1|14|149|168|284|135|1N|E|7|CK
1|14|109|35|300|125|1N|E|6|CK
1|14|39|142|207|254|1N|E|6|CK
1|14|80|166|225|193|3S|N|8|H3
1|14|245|201|79|211|2S|N|9|H2
1|14|179|114|180|118|2H|E|8|CK
1|14|204|76|238|258|1N|E|7|CK
1|14|73|133|18|287|2S|N|8|H2
1|14|157|152|257|164|2S|N|9|D4
1|15|20|307|119|219|3H|N|9|DT
1|15|149|168|284|135|3H|N|9|D6
1|15|109|35|300|125|4D|E|10|HJ
1|15|39|142|207|254|4H|N|8|S6
1|15|80|166|225|193|4H|N|10|S6
1|15|245|201|79|211|3D|E|10|H5
1|15|179|114|180|118|4H|N|7|CK
1|15|204|76|238|258|2C|S|10|C4
1|15|73|133|18|287|4D|E|10|H5
1|15|157|152|257|164|2H|N|8|S6
1|16|20|307|119|219|2H|E|10|C3
1|16|149|168|284|135|2H|W|8|SA
1|16|109|35|300|125|2S|N|6|DA
1|16|39|142|207|254|2S|N|7|DA
1|16|80|166|225|193|3H|E|9|S4
1|16|245|201|79|211|1N|E|7|S4
1|16|179|114|180|118|2S|N|6|DA
1|16|204|76|238|258|2S|N|7|DA
1|16|73|133|18|287|2H|E|9|C4
1|16|157|152|257|164|3H|E|8|S4
1|17|20|307|119|219|3N|N|9
1|17|149|319|284|168|2N|N|10
1|17|109|39|300|207|2HX|W|6|C7
1|17|35|142|125|254|3N|N|10|HA
1|17|80|166|225|193|3N|N|10|C3
1|17|245|310|79|29|3N|N|10|HA
1|17|221|159|199|107|3N|N|9
1|17|204|76|238|258|3N|N|10
1|17|73|308|18|30|3N|N|10
1|17|157|173|257|59|3N|N|9
1|18|20|307|119|219|6N|S|12
1|18|149|319|284|168|6N|S|12
1|18|109|39|300|207|6N|S|8
1|18|35|142|125|254|6N|S|12
1|18|80|166|225|193|6N|N|12|H7
1|18|245|310|79|29|6N|S|12|S2
1|18|221|159|199|107|6N|S|12
1|18|204|76|238|258|6N|S|12
1|18|73|308|18|30|6N|S|12
1|18|157|173|257|59|6N|S|12
1|19|20|307|119|219|3S|S|9
1|19|149|319|284|168|2S|S|9
1|19|109|39|300|207|3S|S|9
1|19|35|142|125|254|2N|N|8
1|19|80|166|225|193|3D|E|7|H3
1|19|245|310|79|29|2S|N|9|DQ
1|19|221|159|199|107|1N|W|7
1|19|204|76|238|258|3S|N|9
1|19|73|308|18|30|2S|N|9
1|19|157|173|257|59|2S|S|9
1|2|20|307|119|219|3N|E|11|CT
1|2|149|168|284|135|2C|S|6|HK
1|2|109|35|300|125|3N|E|10|CT
1|2|39|142|207|254|2N|E|8|ST
1|2|80|166|225|193|2N|E|10|CT
1|2|245|201|79|211|3N|E|10|CT
1|2|179|114|180|118|3N|E|10|C4
1|2|204|76|238|258|3N|E|10|HJ
1|2|73|133|18|287|3N|E|9|ST
1|2|157|152|257|164|3N|E|8|C9
1|20|20|307|119|219|3D|W|11
1|20|149|319|284|168|3C|N|8
1|20|109|39|300|207|3D|W|10
1|20|35|142|125|254|3D|W|10
1|20|80|166|225|193|3D|E|10|S6
1|20|245|310|79|29|3D|W|11|HT
1|20|221|159|199|107|3D|W|10
1|20|204|76|238|258|3D|E|11
1|20|73|308|18|30|3D|W|11
1|20|157|173|257|59|3D|W|11
1|21|20|307|119|219|3N|E|10
1|21|149|319|284|168|3N|E|10
1|21|109|39|300|207|3N|E|9
1|21|35|142|125|254|3N|E|10
1|21|80|166|225|193|3N|W|10|C2
1|21|245|310|79|29|3N|E|10|HJ
1|21|221|159|199|107|3N|E|10|HJ
1|21|204|76|238|258|3N|E|9|C7
1|21|73|308|18|30|1N|E|10
1|21|157|173|257|59|1N|E|10
1|22|20|307|119|219|4H|S|10
1|22|149|319|284|168|2S|W|10
1|22|109|39|300|207|3H|S|9
1|22|35|142|125|254|4H|S|8
1|22|80|166|225|193|3D|W|9
1|22|245|310|79|29|4H|S|10
1|22|221|159|199|107|4SX|W|7|HQ
1|22|204|76|238|258|2S|W|7|HQ
1|22|73|308|18|30|2S|W|7
1|22|157|173|257|59|2C|E|7
1|23|20|307|119|219|2N|E|7
1|23|149|319|284|168|2N|E|7
1|23|109|39|300|207|3D|E|8
1|23|35|142|125|254|2N|E|7
1|23|80|166|225|193|4H|E|8
1|23|245|310|79|29|2N|E|7
1|23|221|159|199|107|2N|E|7|DQ
1|23|204|76|238|258|2N|E|7|DQ
1|23|73|308|18|30|2N|E|7
1|23|157|173|257|59|2N|E|7
1|24|20|307|119|219|4C|W|7
1|24|149|319|284|168|4C|E|8
1|24|109|39|300|207|3C|W|7
1|24|35|142|125|254|3C|W|7
1|24|80|166|225|193|3N|N|7
1|24|245|310|79|29|4S|N|10
1|24|221|159|199|107|3C|W|6|SA
1|24|204|76|238|258|4SX|N|6|HQ
1|24|73|308|18|30|4S|N|10
1|24|157|173|257|59|3N|N|7
1|25|20|307|119|219|2SX|E|6|HK
1|25|149|319|284|168|4H|N|9|CK
1|25|109|39|300|207|3N|S|10
1|25|35|142|125|254|3N|S|9
1|25|80|166|225|193|3N|S|11
1|25|245|310|79|29|3N|N|12
1|25|221|159|199|107|3N|S|10|H5
1|25|204|76|238|258|4S|N|6|DT
1|25|73|308|18|30|3N|S|11|S5
1|25|157|173|257|59|3N|N|10|HT
1|26|20|307|119|219|3C|N|10|SK
1|26|149|319|284|168|1N|E|6|S3
1|26|109|39|300|207|3C|S|8
1|26|35|142|125|254|3C|S|8
1|26|80|166|225|193|3S|E|6
1|26|245|310|79|29|3C|N|8
1|26|221|159|199|107|3C|N|8|SA
1|26|204|76|238|258|3C|N|9
1|26|73|308|18|30|3C|S|9|S7
1|26|157|173|257|59|3C|S|9|S7
1|27|20|307|119|219|4H|W|9|SA
1|27|149|319|284|168|4SX|E|9|C2
1|27|109|39|300|207|4H|W|9
1|27|35|142|125|254|4H|W|9
1|27|80|166|225|193|4H|W|9
1|27|245|310|79|29|4H|W|9
1|27|221|159|199|107|4H|W|9
1|27|204|76|238|258|4H|W|9
1|27|73|308|18|30|4H|W|9|SK
1|27|157|173|257|59|4H|W|9|SK
1|28|20|307|119|219|4H|E|9|ST
1|28|149|319|284|168|3DX|S|5|C9
1|28|109|39|300|207|4H|E|9
1|28|35|142|125|254|3H|E|10
1|28|80|166|225|193|2H|E|11
1|28|245|310|79|29|4H|E|10
1|28|221|159|199|107|2D|S|5
1|28|204|76|238|258|2H|E|10
1|28|73|308|18|30|2H|W|9|D2
1|28|157|173|257|59|3H|E|10|DK
1|29|20|307|119|219|5D|S|11|HK
1|29|149|319|284|168|3N|S|11|SJ
1|29|109|39|300|207|3N|N|10|CT
1|29|35|142|125|254|5D|S|11|HK
1|29|80|166|225|193|3N|S|10
1|29|245|310|79|29|3N|S|11
1|29|221|159|199|107|3D|S|11
1|29|204|76|238|258|5D|S|11
1|29|73|308|18|30|5D|S|11|HK
1|29|157|173|257|59|5D|S|12|SJ
1|3|20|307|119|219|6S|E|12|DK
1|3|149|168|284|135|4S|W|11|C7
1|3|109|35|300|125|5H|E|11|CQ
1|3|39|142|207|254|6S|E|11|DK
1|3|80|166|225|193|6S|E|12|C3
1|3|245|201|79|211|4S|W|11|C5
1|3|179|114|180|118|2C|E|9|CQ
1|3|204|76|238|258|6S|W|11|S3
1|3|73|133|18|287|4S|E|11|CQ
1|3|157|152|257|164|4S|E|11|CQ
1|30|20|307|119|219|2N|N|9
1|30|149|319|284|168|2H|N|10|H2
1|30|109|39|300|207|2N|N|10|C7
1|30|35|142|125|254|2H|S|11|C3
1|30|80|166|225|193|1H|S|9
1|30|245|310|79|29|2H|S|10
1|30|221|159|199|107|2H|S|8
1|30|204|76|238|258|2D|W|8
1|30|73|308|18|30|2H|S|9|D4
1|30|157|173|257|59|1H|S|7|C2
1|31|20|307|119|219|3N|S|8
1|31|149|319|284|168|3N|N|7
1|31|109|39|300|207|3H|S|9|CK
1|31|35|142|125|254|2S|E|7|DJ
1|31|80|166|225|193|1S|E|7
1|31|245|310|79|29|2N|N|7
1|31|221|159|199|107|1C|W|6
1|31|204|76|238|258|3H|S|9
1|31|73|308|18|30|2H|E|8
1|31|157|173|257|59|2N|N|7
1|32|20|307|119|219|2S|E|10
1|32|149|319|284|168|2S|E|10
1|32|109|39|300|207|3S|E|9|HJ
1|32|35|142|125|254|3S|E|10|HJ
1|32|80|166|225|193|3S|W|9
1|32|245|310|79|29|2S|E|10
1|32|221|159|199|107|2S|W|10
1|32|204|76|238|258|3H|E|9
1|32|73|308|18|30|2S|W|10
1|32|157|173|257|59|3S|E|10
1|4|20|307|119|219|3C|N|9|C5
1|4|149|168|284|135|2S|E|7|C2
1|4|109|35|300|125|3C|S|9|HQ
1|4|39|142|207|254|3H|W|8|C4
1|4|80|166|225|193|2S|S|6|HK
1|4|245|201|79|211|3C|S|9|HK
1|4|179|114|180|118|2S|W|7|C3
1|4|204|76|238|258|2S|W|8|C4
1|4|73|133|18|287|2S|W|7|C3
1|4|157|152|257|164|2S|W|7|DA
1|5|20|307|119|219|1N|N|6|D6
1|5|149|168|284|135|1H|N|6|H5
1|5|109|35|300|125|3D|E|8|H6
1|5|39|142|207|254|1N|S|6|C7
1|5|80|166|225|193|1N|S|5|S2
1|5|245|201|79|211|2S|E|8|C2
1|5|179|114|180|118|2D|E|8|H6
1|5|204|76|238|258|4S|W|8|H4
1|5|73|133|18|287|3N|S|8|C7
1|5|157|152|257|164|1N|N|7|S4
1|6|20|307|119|219|3N|E|7|H3
1|6|149|168|284|135|3N|W|8|HJ
1|6|109|35|300|125|5C|E|10|DT
1|6|39|142|207|254|3N|W|6|H6
1|6|80|166|225|193|3N|W|7|H9
1|6|245|201|79|211|5D|W|11|H6
1|6|179|114|180|118|3N|E|9|H4
1|6|204|76|238|258|3N|W|8|H6
1|6|73|133|18|287|3N|W|7|H6
1|6|157|152|257|164|5C|E|10|HA
1|7|20|307|119|219|3N|N|12|SJ
1|7|149|168|284|135|3N|S|9|C2
1|7|109|35|300|125|3N|S|12|C2
1|7|39|142|207|254|1N|S|12|S5
1|7|80|166|225|193|3N|S|10|C2
1|7|245|201|79|211|3N|S|12|DQ
1|7|179|114|180|118|3N|N|10|SJ
1|7|204|76|238|258|3N|N|10|SJ
1|7|73|133|18|287|3N|N|9|SJ
1|7|157|152|257|164|3N|N|10|S4
1|8|20|307|119|219|4S|W|9|DK
1|8|149|168|284|135|3N|E|10|SK
1|8|109|35|300|125|4S|W|9|HT
1|8|39|142|207|254|3N|W|8|HT
1|8|80|166|225|193|3S|W|9|HT
1|8|245|201|79|211|3S|W|8|HT
1|8|179|114|180|118|3N|E|7|D3
1|8|204|76|238|258|4S|W|8|C3
1|8|73|133|18|287|3CX|N|6|C6
1|8|157|152|257|164|4S|W|9|HT
1|9|20|307|119|219|5DX|S|6|SA
1|9|149|168|284|135|3S|E|7|HQ
1|9|109|35|300|125|2H|S|8|H6
1|9|39|142|207|254|3H|N|9|C6
1|9|80|166|225|193|3H|N|9|DK
1|9|245|201|79|211|5C|W|9|HA
1|9|179|114|180|118|3H|N|9|DK
1|9|204|76|238|258|3N|E|5|HQ
1|9|73|133|18|287|3HX|N|10|S7
1|9|157|152|257|164|5HX|N|9|DK
2|1|35|168|125|135|3N|S|11|H7
2|1|319|39|20|207|1SX|E|7|CK
2|1|245|142|79|254|3N|S|12|SJ
2|1|109|166|300|193|5C|S|11|D9
2|1|159|201|107|211|3N|S|10|SJ
2|1|310|114|29|118|3N|S|11|SJ
2|1|308|179|30|180|3N|S|11|SJ
2|1|221|27|199|271|3N|S|11|SJ
2|1|307|152|219|164|3N|N|12|H2
2|1|173|149|59|284|3N|N|11|S7
2|10|35|168|125|135|3C|N|9|S9
2|10|319|39|20|207|2C|N|9|S3
2|10|245|142|79|254|2C|N|9|S9
2|10|109|166|300|193|3C|N|9|S3
2|10|159|201|107|211|3S|E|7|C4
2|10|310|114|29|118|2H|S|7|SA
2|10|308|179|30|180|2C|N|9|S9
2|10|221|27|199|271|3N|S|10|S5
2|10|307|152|219|164|3N|S|10|S5
2|10|173|149|59|284|4H|S|8|SA
2|11|35|168|125|135|2D|S|10|C6
2|11|319|39|20|207|3N|S|7|C6
2|11|245|142|79|254|3S|S|10|C6
2|11|109|166|300|193|5D|S|10|C6
2|11|159|201|107|211|3D|S|10|C2
2|11|310|114|29|118|5D|S|10|C2
2|11|308|179|30|180|3N|N|7|C3
2|11|221|27|199|271|2D|S|10|C6
2|11|307|152|219|164|1S|S|10|C6
2|11|173|149|59|284|3D|S|10|C2
2|12|35|168|125|135|4H|S|10|S6
2|12|319|39|20|207|4H|N|10|S2
2|12|245|142|79|254|5H|S|10|S6
2|12|109|166|300|193|5H|N|11|H9
2|12|159|201|107|211|3N|N|7|S4
2|12|310|114|29|118|4H|N|10|D6
2|12|308|179|30|180|4H|N|10|D4
2|12|221|27|199|271|4H|S|10|S6
2|12|307|152|219|164|4H|S|10|S6
2|12|173|149|59|284|4H|N|10|H9
2|13|35|168|125|135|4N|E|10|S5
2|13|319|39|20|207|6D|E|10|C7
2|13|245|142|79|254|4N|E|10|S5
2|13|109|166|300|193|3N|E|10|S5
2|13|159|201|107|211|3N|E|10|S5
2|13|310|114|29|118|6N|E|10|S3
2|13|308|179|30|180|4N|E|11|S5
2|13|221|27|199|271|3N|W|11|S7
2|13|307|152|219|164|3N|E|11|H4
2|13|173|149|59|284|3N|W|10|H5
2|14|35|168|125|135|2S|W|8|C9
2|14|319|39|20|207|2H|S|6|CJ
2|14|245|142|79|254|2HX|S|7|DQ
2|14|109|166|300|193|1NX|N|5|C4
2|14|159|201|107|211|1N|W|8|HK
2|14|310|114|29|118|1N|E|7|S2
2|14|308|179|30|180|2HX|S|6|H6
2|14|221|27|199|271|1N|W|7|CT
2|14|307|152|219|164|1N|N|8|C3
2|14|173|149|59|284|2HX|S|7|CJ
2|15|35|168|125|135|3N|S|9|HK
2|15|319|39|20|207|3N|S|9|S4
2|15|245|142|79|254|3N|S|9|C2
2|15|109|166|300|193|3N|S|9|HK
2|15|159|201|107|211|3N|S|9|HK
2|15|310|114|29|118|6C|S|11|HK
2|15|308|179|30|180|3N|S|9|HQ
2|15|221|27|199|271|3N|S|9|HK
2|15|307|152|219|164|3N|S|10|D5
2|15|173|149|59|284|2S|N|10|D8
2|16|35|168|125|135|3N|W|11|S2
2|16|319|39|20|207|3N|W|10|S2
2|16|245|142|79|254|3N|W|11|S2
2|16|109|166|300|193|3N|W|10|S2
2|16|159|201|107|211|3N|W|9|S2
2|16|310|114|29|118|3N|W|10|S4
2|16|308|179|30|180|3N|W|10|S2
2|16|221|27|199|271|3N|W|10|C4
2|16|307|152|219|164|3N|W|10|S2
2|16|173|149|59|284|3N|W|10|H3
2|17|233|119|87|135|4S|S|11|DQ
2|17|319|35|20|125|3N|S|11|DQ
2|17|245|142|79|254|4S|N|11|C4
2|17|109|166|300|193|4S|S|11|DK
2|17|159|80|107|225|4S|S|11|DK
2|17|310|114|29|118|6S|S|11|DK
2|17|133|179|287|180|4S|N|12|H2
2|17|221|157|199|257|4S|N|11|D7
2|17|307|73|219|18|4S|S|11|DK
2|17|173|149|59|284|4S|N|12|H3
2|18|233|119|87|135|6C|E|12|D8
2|18|319|35|20|125|4H|W|13|C7
2|18|245|142|79|254|4H|W|12|C7
2|18|109|166|300|193|6H|E|12|DQ
2|18|159|80|107|225|4H|W|13|C7
2|18|310|114|29|118|6H|E|12|C2
2|18|133|179|287|180|7H|E|13|C9
2|18|221|157|199|257|6H|E|13|DQ
2|18|307|73|219|18|6H|W|12|C7
2|18|173|149|59|284|6H|E|13|S2
2|19|233|119|87|135|3N|N|7|HA
2|19|319|35|20|125|2S|N|9|CA
2|19|245|142|79|254|2H|E|9|SK
2|19|109|166|300|193|3C|N|7|HA
2|19|159|80|107|225|2S|N|9|CA
2|19|310|114|29|118|2S|N|8|CA
2|19|133|179|287|180|2S|N|8|CA
2|19|221|157|199|257|2S|N|8|CA
2|19|307|73|219|18|4S|N|7|CA
2|19|173|149|59|284|2S|N|8|CK
2|2|35|168|125|135|3N|S|9|H5
2|2|319|39|20|207|4S|S|9|H5
2|2|245|142|79|254|4S|S|11|C8
2|2|109|166|300|193|4S|S|11|C8
2|2|159|201|107|211|4HX|E|8|CA
2|2|310|114|29|118|4S|S|9|H8
2|2|308|179|30|180|4S|S|11|C8
2|2|221|27|199|271|4S|N|11|C2
2|2|307|152|219|164|3N|S|8|H4
2|2|173|149|59|284|3N|S|9|H8
2|20|233|119|87|135|3H|N|10|CT
2|20|319|35|20|125|2S|W|7|DJ
2|20|245|142|79|254|3N|S|9|D5
2|20|109|166|300|193|4H|N|9|DA
2|20|159|80|107|225|4H|N|10|CJ
2|20|310|114|29|118|4H|N|9|SQ
2|20|133|179|287|180|4H|N|10|CJ
2|20|221|157|199|257|4H|S|10|C8
2|20|307|73|219|18|4H|S|10|C5
2|20|173|149|59|284|4H|S|10|H5
2|21|233|119|87|135|3C|E|11|H4
2|21|319|35|20|125|2S|S|10|S4
2|21|245|142|79|254|2S|S|9|S3
2|21|109|166|300|193|3C|E|11|H8
2|21|159|80|107|225|2S|S|9|HA
2|21|310|114|29|118|3D|W|12|HK
2|21|133|179|287|180|2S|S|10|S3
2|21|221|157|199|257|5C|E|11|H4
2|21|307|73|219|18|1N|W|8|HQ
2|21|173|149|59|284|3D|W|9|S2
2|22|233|119|87|135|3N|E|8|D5
2|22|319|35|20|125|2N|E|8|HJ
2|22|245|142|79|254|3N|E|8|H5
2|22|109|166|300|193|3N|W|8|S5
2|22|159|80|107|225|3N|W|9|S5
2|22|310|114|29|118|2N|W|8|S3
2|22|133|179|287|180|2N|W|6|S2
2|22|221|157|199|257|3N|E|7|H2
2|22|307|73|219|18|2N|E|9|D2
2|22|173|149|59|284|2N|W|8|S2
2|23|233|119|87|135|3C|W|10|C2
2|23|319|35|20|125|3N|E|7|DT
2|23|245|142|79|254|3N|E|7|DT
2|23|109|166|300|193|2C|E|9|S3
2|23|159|80|107|225|3N|E|7|S3
2|23|310|114|29|118|3D|E|9|S5
2|23|133|179|287|180|2N|E|10|S3
2|23|221|157|199|257|1N|W|10|H5
2|23|307|73|219|18|1H|W|9|D2
2|23|173|149|59|284|2H|W|8|C6
2|24|233|119|87|135|4S|W|10|CJ
2|24|319|35|20|125|4S|W|10|H3
2|24|245|142|79|254|4S|W|9|H6
2|24|109|166|300|193|2S|W|9|H3
2|24|159|80|107|225|4S|W|10|H2
2|24|310|114|29|118|4S|W|10|CJ
2|24|133|179|287|180|4S|W|10|CJ
2|24|221|157|199|257|3N|W|9|CJ
2|24|307|73|219|18|4S|W|10|H8
2|24|173|149|59|284|3N|W|9|H3
2|25|233|119|87|135|2S|E|10|CA
2|25|319|35|20|125|2S|W|7|DT
2|25|245|142|79|254|2S|W|8|DT
2|25|109|166|300|193|1N|N|7|DQ
2|25|159|80|107|225|2S|W|8|DT
2|25|310|114|29|118|4H|S|8|S9
2|25|133|179|287|180|2S|E|8|D3
2|25|221|157|199|257|2S|E|8|S2
2|25|307|73|219|18|2S|W|7|DT
2|25|173|149|59|284|2S|E|9|D3
2|26|233|119|87|135|4S|S|10|DK
2|26|319|35|20|125|4H|W|9|SJ
2|26|245|142|79|254|5C|S|9|HK
2|26|109|166|300|193|4S|S|11|C7
2|26|159|80|107|225|4HX|W|8|D5
2|26|310|114|29|118|3S|S|9|HK
2|26|133|179|287|180|5HX|W|10|SJ
2|26|221|157|199|257|5CX|S|9|HK
2|26|307|73|219|18|4S|S|10|HK
2|26|173|149|59|284|4S|S|10|HK
2|27|233|119|87|135|2HX|S|5|H6
2|27|319|35|20|125|2N|W|7|DK
2|27|245|142|79|254|3N|W|8|DQ
2|27|109|166|300|193|2D|N|8|C4
2|27|159|80|107|225|3N|E|7|D7
2|27|310|114|29|118|2S|W|7|DK
2|27|133|179|287|180|3N|W|8|DK
2|27|221|157|199|257|2H|E|7|D7
2|27|307|73|219|18|3C|S|6|H9
2|27|173|149|59|284|3N|W|8|DK
2|28|233|119|87|135|1N|E|8|S4
2|28|319|35|20|125|1N|W|9|H6
2|28|245|142|79|254|3N|E|8|S5
2|28|109|166|300|193|3N|E|8|S5
2|28|159|80|107|225|3N|E|9|S5
2|28|310|114|29|118|3N|E|9|S4
2|28|133|179|287|180|3N|E|9|H3
2|28|221|157|199|257|3N|E|9|S9
2|28|307|73|219|18|2S|N|7|SA
2|28|173|149|59|284|1N|E|10|S5
2|29|233|119|87|135|2H|E|9|DT
2|29|319|35|20|125|3S|W|6|C4
2|29|245|142|79|254|2H|W|9|S6
2|29|109|166|300|193|2N|N|7|SK
2|29|159|80|107|225|3H|E|9|DT
2|29|310|114|29|118|4H|E|8|CA
2|29|133|179|287|180|3H|E|8|DT
2|29|221|157|199|257|1S|E|8|DT
2|29|307|73|219|18|3H|E|8|CA
2|29|173|149|59|284|1S|E|9|DT
2|3|35|168|125|135|3N|S|9|H6
2|3|319|39|20|207|3N|N|9|S2
2|3|245|142|79|254|3N|N|9|S2
2|3|109|166|300|193|3N|N|9|S2
2|3|159|201|107|211|3N|S|10|S5
2|3|310|114|29|118|3N|N|9|S2
2|3|308|179|30|180|3N|S|10|H4
2|3|221|27|199|271|5C|N|11|C5
2|3|307|152|219|164|3N|N|9|SA
2|3|173|149|59|284|3N|S|10|H8
2|30|233|119|87|135|6D|S|12|S2
2|30|319|35|20|125|3N|S|12|H2
2|30|245|142|79|254|3N|S|12|H2
2|30|109|166|300|193|3N|S|12|HJ
2|30|159|80|107|225|3N|S|13|S5
2|30|310|114|29|118|6D|S|13|D7
2|30|133|179|287|180|6N|S|12|H5
2|30|221|157|199|257|4N|N|13|S8
2|30|307|73|219|18|6D|S|13|HJ
2|30|173|149|59|284|6D|S|13|D3
2|31|233|119|87|135|3HX|S|9|CQ
2|31|319|35|20|125|4H|S|9|CQ
2|31|245|142|79|254|4D|E|6|SA
2|31|109|166|300|193|4H|S|9|D5
2|31|159|80|107|225|3H|S|9|CK
2|31|310|114|29|118|4H|S|9|D5
2|31|133|179|287|180|3H|S|9|CK
2|31|221|157|199|257|3H|S|9|CK
2|31|307|73|219|18|2H|S|9|CK
2|31|173|149|59|284|3H|S|9|CK
2|32|233|119|87|135|6HX|E|10|SA
2|32|319|35|20|125|6DX|N|11|HK
2|32|245|142|79|254|4S|S|10|CK
2|32|109|166|300|193|6D|N|11|C5
2|32|159|80|107|225|5SX|S|10|CK
2|32|310|114|29|118|5HX|W|10|DK
2|32|133|179|287|180|5D|N|11|C5
2|32|221|157|199|257|5D|N|11|C5
2|32|307|73|219|18|3S|S|9|H4
2|32|173|149|59|284|6HX|W|11|C6
2|4|35|168|125|135|4S|W|10|HK
2|4|319|39|20|207|4D|W|10|HA
2|4|245|142|79|254|5D|W|10|HK
2|4|109|166|300|193|4S|W|11|HK
2|4|159|201|107|211|3D|W|10|HA
2|4|310|114|29|118|4D|W|10|HK
2|4|308|179|30|180|3D|W|10|HK
2|4|221|27|199|271|4S|W|11|HA
2|4|307|152|219|164|4S|W|10|HK
2|4|173|149|59|284|4S|W|10|HK
2|5|35|168|125|135|3S|N|8|DA
2|5|319|39|20|207|4S|S|8|HQ
2|5|245|142|79|254|3H|N|7|DA
2|5|109|166|300|193|4D|E|11|HA
2|5|159|201|107|211|3D|E|11|CQ
2|5|310|114|29|118|2H|N|7|DA
2|5|308|179|30|180|4D|E|10|HK
2|5|221|27|199|271|3D|E|10|CQ
2|5|307|152|219|164|2S|S|8|S3
2|5|173|149|59|284|4S|S|8|CA
2|6|35|168|125|135|2D|N|5|D3
2|6|319|39|20|207|1N|W|8|CQ
2|6|245|142|79|254|2H|E|8|H3
2|6|109|166|300|193|2C|N|7|D3
2|6|159|201|107|211|1N|W|7|CQ
2|6|310|114|29|118|1N|W|8|CQ
2|6|308|179|30|180|1N|W|8|CQ
2|6|221|27|199|271|1N|W|8|CQ
2|6|307|152|219|164|1N|W|8|CQ
2|6|173|149|59|284|1N|W|8|CQ
2|7|35|168|125|135|4S|W|10|CT
2|7|319|39|20|207|4S|E|10|HA
2|7|245|142|79|254|5S|E|10|HA
2|7|109|166|300|193|4SX|E|10|HK
2|7|159|201|107|211|4S|E|10|HA
2|7|310|114|29|118|4S|E|10|HK
2|7|308|179|30|180|4S|E|10|HK
2|7|221|27|199|271|4S|E|10|HK
2|7|307|152|219|164|4S|E|10|HK
2|7|173|149|59|284|2S|E|10|HK
2|8|35|168|125|135|3S|S|9|HA
2|8|319|39|20|207|4S|S|10|HK
2|8|245|142|79|254|4S|S|10|HK
2|8|109|166|300|193|2S|N|10|H3
2|8|159|201|107|211|2S|S|10|HK
2|8|310|114|29|118|3S|N|11|CK
2|8|308|179|30|180|2S|S|10|HK
2|8|221|27|199|271|2S|N|9|H3
2|8|307|152|219|164|2S|N|9|H3
2|8|173|149|59|284|2S|S|10|HK
2|9|35|168|125|135|3N|W|11|H9
2|9|319|39|20|207|3N|W|11|HT
2|9|245|142|79|254|3N|W|11|HT
2|9|109|166|300|193|3N|W|10|HT
2|9|159|201|107|211|3N|W|11|HT
2|9|310|114|29|118|3N|W|12|HT
2|9|308|179|30|180|6NX|W|11|HA
2|9|221|27|199|271|3N|W|9|S7
2|9|307|152|219|164|3N|W|12|HT
2|9|173|149|59|284|3N|W|10|HT
3|1|119|166|135|193|1N|W|6|S2
3|1|245|319|79|168|2S|N|8|C2
3|1|109|159|300|107|2S|N|7|C2
3|1|204|142|238|254|3C|W|9|DK
3|1|310|133|29|287|1N|W|9|H8
3|1|157|201|257|211|2C|W|8|DK
3|1|221|152|199|164|2C|W|8|DA
3|1|73|179|18|180|2H|W|8|DK
3|1|233|149|87|284|2C|W|8|DA
3|1|307|35|219|125|3C|W|9|DK
3|10|119|166|135|193|3S|W|7|CT
3|10|245|319|79|168|4S|W|9|CJ
3|10|109|159|300|107|3C|N|8|HT
3|10|204|142|238|254|4S|E|9|D8
3|10|310|133|29|287|4S|W|9|CJ
3|10|157|201|257|211|3S|W|8|CJ
3|10|221|152|199|164|3C|N|8|HT
3|10|73|179|18|180|3S|E|9|D3
3|10|233|149|87|284|4S|W|9|CJ
3|10|307|35|219|125|4C|S|8|C3
3|11|119|166|135|193|3S|E|10|HK
3|11|245|319|79|168|4S|W|10|DQ
3|11|109|159|300|107|1N|N|7|S6
3|11|204|142|238|254|2S|W|9|CJ
3|11|310|133|29|287|3S|E|11|HK
3|11|157|201|257|211|2S|W|10|CJ
3|11|221|152|199|164|2S|W|10|CJ
3|11|73|179|18|180|2S|W|10|CJ
3|11|233|149|87|284|2C|S|9|H5
3|11|307|35|219|125|2SX|W|9|CJ
3|12|119|166|135|193|4C|N|9|SQ
3|12|245|319|79|168|3N|S|10|C2
3|12|109|159|300|107|3N|S|9|CJ
3|12|204|142|238|254|3N|S|10|CJ
3|12|310|133|29|287|3N|S|10|C2
3|12|157|201|257|211|3N|S|10|H7
3|12|221|152|199|164|3N|S|9|D3
3|12|73|179|18|180|3N|S|9|CJ
3|12|233|149|87|284|3N|S|9|C2
3|12|307|35|219|125|3N|S|10|S5
3|13|119|166|135|193|7H|S|13|H4
3|13|245|319|79|168|4S|N|12|C3
3|13|109|159|300|107|6H|N|13|ST
3|13|204|142|238|254|7H|N|13|H3
3|13|310|133|29|287|7H|S|13|D4
3|13|157|201|257|211|7H|N|13|S9
3|13|221|152|199|164|6H|S|13|C4
3|13|73|179|18|180|7H|S|13|H7
3|13|233|149|87|284|6H|S|13|H7
3|13|307|35|219|125|6H|S|13|DK
3|14|119|166|135|193|2S|W|6|HA
3|14|245|319|79|168|2S|W|6|C4
3|14|109|159|300|107|3N|N|10|S4
3|14|204|142|238|254|3N|N|9|C3
3|14|310|133|29|287|2S|W|7|C4
3|14|157|201|257|211|2S|E|6|SJ
3|14|221|152|199|164|2S|W|6|C4
3|14|73|179|18|180|2S|W|6|C4
3|14|233|149|87|284|3N|N|9|C3
3|14|307|35|219|125|2S|E|7|C6
3|15|119|166|135|193|5HX|N|9|D6
3|15|245|319|79|168|3C|S|9|D5
3|15|109|159|300|107|4S|E|10|HA
3|15|204|142|238|254|3C|S|10|D5
3|15|310|133|29|287|3C|S|10|HT
3|15|157|201|257|211|4D|W|9|CT
3|15|221|152|199|164|4S|E|9|D9
3|15|73|179|18|180|4S|E|9|D9
3|15|233|149|87|284|4S|E|10|C7
3|15|307|35|219|125|4S|E|9|D2
3|16|119|166|135|193|4S|N|9|HA
3|16|245|319|79|168|3N|N|10|D2
3|16|109|159|300|107|3N|N|10|D5
3|16|204|142|238|254|4N|S|10|HT
3|16|310|133|29|287|4SXX|S|8|D6
3|16|157|201|257|211|3N|S|10|HT
3|16|221|152|199|164|4S|N|9|HA
3|16|73|179|18|180|3N|N|10|H2
3|16|233|149|87|284|3N|N|10|D5
3|16|307|35|219|125|3N|N|10|C9
3|17|20|166|119|193|2S|S|9|DQ
3|17|245|319|79|168|3S|S|7|S9
3|17|109|114|300|118|1N|E|10|S2
3|17|204|142|238|254|3H|W|7|S4
3|17|80|133|225|287|2H|E|8|CT
3|17|27|201|271|211|2N|E|9|S2
3|17|221|152|199|164|2H|E|8|CT
3|17|173|258|59|179|2H|E|7|CT
3|17|233|149|87|284|2N|E|9|D9
3|17|307|35|219|125|1N|E|9|S2
3|18|20|166|119|193|4H|W|12|C4
3|18|245|319|79|168|5H|W|11|DA
3|18|109|114|300|118|4H|E|11|ST
3|18|204|142|238|254|4H|E|11|D7
3|18|80|133|225|287|4H|E|11|ST
3|18|27|201|271|211|4H|W|11|S3
3|18|221|152|199|164|4H|E|11|D5
3|18|173|258|59|179|4H|E|11|ST
3|18|233|149|87|284|4S|E|11|D5
3|18|307|35|219|125|4H|W|11|S4
3|19|20|166|119|193|6H|S|11|SA
3|19|245|319|79|168|5H|S|11|SA
3|19|109|114|300|118|5H|S|11|SA
3|19|204|142|238|254|4H|S|11|SA
3|19|80|133|225|287|6H|S|11|SA
3|19|27|201|271|211|5H|S|11|SA
3|19|221|152|199|164|4H|S|12|SA
3|19|173|258|59|179|5H|S|12|H2
3|19|233|149|87|284|4H|S|11|SA
3|19|307|35|219|125|4H|S|11|DT
3|2|119|166|135|193|4H|W|9|DA
3|2|245|319|79|168|4H|W|10|DA
3|2|109|159|300|107|4H|W|10|DA
3|2|204|142|238|254|4H|E|10|DJ
3|2|310|133|29|287|4H|W|10|S3
3|2|157|201|257|211|4H|W|9|D2
3|2|221|152|199|164|4H|W|10|S3
3|2|73|179|18|180|4H|E|10|DJ
3|2|233|149|87|284|4H|W|9|DA
3|2|307|35|219|125|4H|W|10|DA
3|20|20|166|119|193|2H|E|5|SJ
3|20|245|319|79|168|2H|E|7|SJ
3|20|109|114|300|118|1N|E|7|C6
3|20|204|142|238|254|2N|E|7|HK
3|20|80|133|225|287|2C|N|8|C4
3|20|27|201|271|211|1N|E|6|C6
3|20|221|152|199|164|2C|N|7|D4
3|20|173|258|59|179|2C|N|8|D4
3|20|233|149|87|284|1N|W|7|D7
3|20|307|35|219|125|1H|S|7|CJ
3|21|20|166|119|193|4H|S|10|S9
3|21|245|319|79|168|3H|N|10|C7
3|21|109|114|300|118|3HX|S|9|S9
3|21|204|142|238|254|3H|S|10|S9
3|21|80|133|225|287|5CX|W|9|H4
3|21|27|201|271|211|4C|W|9|H4
3|21|221|152|199|164|5CX|W|10|DQ
3|21|173|258|59|179|4H|S|9|H7
3|21|233|149|87|284|2H|S|10|S9
3|21|307|35|219|125|4H|S|9|S9
3|22|20|166|119|193|1N|S|5|D4
3|22|245|319|79|168|3N|S|6|ST
3|22|109|114|300|118|3N|S|9|ST
3|22|204|142|238|254|1N|S|7|SQ
3|22|80|133|225|287|1N|S|6|H6
3|22|27|201|271|211|1N|S|8|S9
3|22|221|152|199|164|1N|S|5|D5
3|22|173|258|59|179|1N|S|9|ST
3|22|233|149|87|284|2N|S|7|S9
3|22|307|35|219|125|1N|S|6|S9
3|23|20|166|119|193|2D|S|11|H9
3|23|245|319|79|168|1N|S|9|S2
3|23|109|114|300|118|3N|N|8|H5
3|23|204|142|238|254|3N|N|8|H5
3|23|80|133|225|287|3D|S|10|H6
3|23|27|201|271|211|3N|N|8|H5
3|23|221|152|199|164|3D|S|10|H2
3|23|173|258|59|179|1N|N|8|H7
3|23|233|149|87|284|1N|N|7|DT
3|23|307|35|219|125|1N|N|8|DT
3|24|20|166|119|193|6H|W|12|CQ
3|24|245|319|79|168|6H|W|12|CQ
3|24|109|114|300|118|4H|W|11|CQ
3|24|204|142|238|254|4H|W|12|CQ
3|24|80|133|225|287|4H|W|12|CQ
3|24|27|201|271|211|4H|W|12|CQ
3|24|221|152|199|164|4H|W|12|CQ
3|24|173|258|59|179|4H|W|11|CQ
3|24|233|149|87|284|4H|E|12|DQ
3|24|307|35|219|125|6H|W|12|H7
3|25|20|166|119|193|2H|W|10|CA
3|25|245|319|79|168|3H|W|9|CA
3|25|109|114|300|118|3H|W|9|CK
3|25|204|142|238|254|3H|W|8|CA
3|25|80|133|225|287|2H|W|8|CK
3|25|27|201|271|211|2H|W|8|CA
3|25|221|152|199|164|2H|W|8|CA
3|25|173|258|59|179|1H|W|8|CK
3|25|233|149|87|284|2H|W|8|D2
3|25|307|35|219|125|3H|W|8|CK
3|26|20|166|119|193|4H|E|8|H5
3|26|245|319|79|168|1N|E|9|DT
3|26|109|114|300|118|3H|E|8|CQ
3|26|204|142|238|254|3S|N|8|DK
3|26|80|133|225|287|1N|E|10|DT
3|26|27|201|271|211|2H|E|9|H6
3|26|221|152|199|164|1N|E|8|DT
3|26|173|258|59|179|2S|N|8|DK
3|26|233|149|87|284|3H|E|9|CK
3|26|307|35|219|125|3H|E|8|H6
3|27|20|166|119|193|4S|E|12|DT
3|27|245|319|79|168|4S|E|12|DT
3|27|109|114|300|118|5S|E|11|CA
3|27|204|142|238|254|4S|E|12|DT
3|27|80|133|225|287|4S|E|11|C2
3|27|27|201|271|211|5D|W|9|CK
3|27|221|152|199|164|4S|E|11|CA
3|27|173|258|59|179|3S|E|12|DT
3|27|233|149|87|284|3S|E|10|DT
3|27|307|35|219|125|4S|E|11|CA
3|28|20|166|119|193|4S|S|11|CJ
3|28|245|319|79|168|4S|N|10|H5
3|28|109|114|300|118|4S|N|10|H4
3|28|204|142|238|254|2S|N|10|H5
3|28|80|133|225|287|2S|N|10|H4
3|28|27|201|271|211|4S|N|10|D7
3|28|221|152|199|164|4S|N|10|HT
3|28|173|258|59|179|4S|N|10|H5
3|28|233|149|87|284|4S|N|10|H8
3|28|307|35|219|125|4S|N|10|D7
3|29|20|166|119|193|3N|E|10|H9
3|29|245|319|79|168|3N|E|11|H9
3|29|109|114|300|118|3N|W|11|DQ
3|29|204|142|238|254|3N|E|9|DT
3|29|80|133|225|287|3N|W|11|DQ
3|29|27|201|271|211|3N|W|11|DQ
3|29|221|152|199|164|3N|W|11|DQ
3|29|173|258|59|179|3N|E|8|DT
3|29|233|149|87|284|3N|E|9|D7
3|29|307|35|219|125|3N|W|10|S8
3|3|119|166|135|193|4S|S|9|D3
3|3|245|319|79|168|4SX|S|9|HA
3|3|109|159|300|107|4SX|S|9|HA
3|3|204|142|238|254|3NX|N|3|DA
3|3|310|133|29|287|4SX|S|9|D3
3|3|157|201|257|211|6H|W|10|DJ
3|3|221|152|199|164|5SX|S|9|HA
3|3|73|179|18|180|5H|E|10|CA
3|3|233|149|87|284|5H|W|10|SA
3|3|307|35|219|125|5SX|S|9|HA
3|30|20|166|119|193|3S|S|10|HA
3|30|245|319|79|168|4S|S|10|HA
3|30|109|114|300|118|4S|S|10|HA
3|30|204|142|238|254|4S|S|10|HK
3|30|80|133|225|287|4SX|S|10|CK
3|30|27|201|271|211|4S|S|10|HA
3|30|221|152|199|164|3S|N|10|HQ
3|30|173|258|59|179|3S|S|10|HA
3|30|233|149|87|284|4S|S|10|HK
3|30|307|35|219|125|4S|S|10|HA
3|31|20|166|119|193|6H|S|13|DK
3|31|245|319|79|168|7S|N|13|C4
3|31|109|114|300|118|6S|S|13|DA
3|31|204|142|238|254|7H|S|13|DA
3|31|80|133|225|287|7DX|W|8|HT
3|31|27|201|271|211|7DX|W|9|CA
3|31|221|152|199|164|6H|N|13|D2
3|31|173|258|59|179|6H|S|13|DK
3|31|233|149|87|284|6S|N|13|D5
3|31|307|35|219|125|6S|N|13|D5
3|32|20|166|119|193|3N|N|9|CT
3|32|245|319|79|168|3S|N|8|CT
3|32|109|114|300|118|4S|N|8|CT
3|32|204|142|238|254|3N|N|8|CT
3|32|80|133|225|287|2S|N|8|CT
3|32|27|201|271|211|2N|N|7|C9
3|32|221|152|199|164|3N|S|7|D5
3|32|173|258|59|179|3N|N|7|CT
3|32|233|149|87|284|2S|S|9|D6
3|32|307|35|219|125|4S|N|8|C9
3|4|119|166|135|193|2S|N|8|H3
3|4|245|319|79|168|3H|E|7|CK
3|4|109|159|300|107|2S|S|7|C3
3|4|204|142|238|254|3N|N|4|H7
3|4|310|133|29|287|3N|N|8|H7
3|4|157|201|257|211|2S|S|7|D7
3|4|221|152|199|164|2S|S|7|D5
3|4|73|179|18|180|3S|S|8|HA
3|4|233|149|87|284|2S|S|7|HA
3|4|307|35|219|125|3S|N|8|H9
3|5|119|166|135|193|3D|E|11|HK
3|5|245|319|79|168|3N|E|12|C2
3|5|109|159|300|107|3D|E|11|CT
3|5|204|142|238|254|3N|W|10|H3
3|5|310|133|29|287|3N|W|9|C3
3|5|157|201|257|211|4S|W|9|C5
3|5|221|152|199|164|3N|W|10|H2
3|5|73|179|18|180|4S|W|9|HA
3|5|233|149|87|284|3N|W|10|H2
3|5|307|35|219|125|3N|W|10|H3
3|6|119|166|135|193|4H|W|10|CA
3|6|245|319|79|168|4H|E|10|DQ
3|6|109|159|300|107|6H|E|10|S3
3|6|204|142|238|254|5HX|E|10|S3
3|6|310|133|29|287|4H|E|10|DQ
3|6|157|201|257|211|5H|E|10|DQ
3|6|221|152|199|164|4H|E|10|DQ
3|6|73|179|18|180|4H|E|10|DQ
3|6|233|149|87|284|4H|E|10|S2
3|6|307|35|219|125|4H|E|10|DQ
3|7|119|166|135|193|3N|N|9|S3
3|7|245|319|79|168|3N|N|10|HQ
3|7|109|159|300|107|3N|N|9|HQ
3|7|204|142|238|254|3N|N|10|HQ
3|7|310|133|29|287|3N|N|10|HQ
3|7|157|201|257|211|3HX|W|7|H3
3|7|221|152|199|164|3N|N|9|HQ
3|7|73|179|18|180|3N|N|10|C3
3|7|233|149|87|284|1N|N|9|C2
3|7|307|35|219|125|3N|N|9|C2
3|8|119|166|135|193|3N|W|9|D7
3|8|245|319|79|168|3N|W|10|D8
3|8|109|159|300|107|3N|W|10|S6
3|8|204|142|238|254|3N|W|11|D7
3|8|310|133|29|287|3N|W|11|D8
3|8|157|201|257|211|3N|W|9|C9
3|8|221|152|199|164|3N|W|10|D8
3|8|73|179|18|180|3N|W|11|S4
3|8|233|149|87|284|3N|W|8|S4
3|8|307|35|219|125|3N|W|10|D9
3|9|119|166|135|193|3N|N|8|D2
3|9|245|319|79|168|4S|N|12|HJ
3|9|109|159|300|107|4S|S|12|H3
3|9|204|142|238|254|4S|S|12|H3
3|9|310|133|29|287|3N|N|9|D2
3|9|157|201|257|211|4S|S|11|CJ
3|9|221|152|199|164|4S|S|11|D4
3|9|73|179|18|180|4S|S|11|CJ
3|9|233|149|87|284|4S|S|12|H4
3|9|307|35|219|125|4S|S|12|D8
4|1|204|286|238|296|2C|W|9|H2
4|1|20|114|119|118|4C|E|7|S8
4|1|133|7|287|254|3H|W|9|H2
4|1|109|308|300|30|2S|N|10|HA
4|1|117|310|185|29|3D|N|8|HA
4|1|201|73|211|18|3D|N|9|HA
4|1|307|221|219|199|2CX|W|7|H2
4|1|234|149|264|284|2D|N|10|HK
4|1|233|166|87|193|2S|S|9|CJ
4|1|245|178|79|270|2H|W|11|CA
4|10|204|286|238|296|6C|E|13|HQ
4|10|20|114|119|118|6N|E|12|ST
4|10|133|7|287|254|6N|W|13|H4
4|10|109|308|300|30|6N|W|13|D7
4|10|117|310|185|29|7C|W|13|S8
4|10|201|73|211|18|6N|W|13|H7
4|10|307|221|219|199|7C|W|13|C9
4|10|234|149|264|284|7N|W|13|H5
4|10|233|166|87|193|3N|W|12|H2
4|10|245|178|79|270|6N|E|13|D3
4|11|204|286|238|296|4S|W|11|CA
4|11|20|114|119|118|4S|W|11|CA
4|11|133|7|287|254|4S|W|11|CA
4|11|109|308|300|30|5S|W|11|CK
4|11|117|310|185|29|4S|W|10|CK
4|11|201|73|211|18|4S|W|11|CA
4|11|307|221|219|199|4S|W|12|D8
4|11|234|149|264|284|6S|W|11|CA
4|11|233|166|87|193|4S|W|11|CA
4|11|245|178|79|270|4S|W|11|CA
4|12|204|286|238|296|1N|E|8|C3
4|12|20|114|119|118|2N|E|7|C7
4|12|133|7|287|254|3H|E|7|C7
4|12|109|308|300|30|2S|S|8|CA
4|12|117|310|185|29|2H|W|5|D9
4|12|201|73|211|18|1N|E|8|C7
4|12|307|221|219|199|2N|W|6|SK
4|12|234|149|264|284|2S|S|7|CA
4|12|233|166|87|193|3H|E|7|C2
4|12|245|178|79|270|1N|E|8|S4
4|13|204|286|238|296|1S|E|7|CK
4|13|20|114|119|118|1N|W|8|H4
4|13|133|7|287|254|1N|S|7|SA
4|13|109|308|300|30|2S|W|7|CQ
4|13|117|310|185|29|1N|N|7|S2
4|13|201|73|211|18|1N|W|8|DA
4|13|307|221|219|199|1S|E|7|HT
4|13|234|149|264|284|2S|E|8|HT
4|13|233|166|87|193|1N|N|7|S5
4|13|245|178|79|270|2S|E|7|CK
4|14|204|286|238|296|1N|E|8|SQ
4|14|20|114|119|118|1N|E|8|H4
4|14|133|7|287|254|1N|W|9|DJ
4|14|109|308|300|30|1N|E|9|H4
4|14|117|310|185|29|2S|S|7|S3
4|14|201|73|211|18|3C|W|11|DJ
4|14|307|221|219|199|3C|E|11|S4
4|14|234|149|264|284|2N|W|10|DJ
4|14|233|166|87|193|2C|S|3|C4
4|14|245|178|79|270|3S|S|8|D4
4|15|204|286|238|296|3S|W|8|HJ
4|15|20|114|119|118|3S|W|8|SJ
4|15|133|7|287|254|2N|W|7|D3
4|15|109|308|300|30|2S|W|9|HJ
4|15|117|310|185|29|2S|W|8|HJ
4|15|201|73|211|18|3C|S|8|SA
4|15|307|221|219|199|2N|W|7|D3
4|15|234|149|264|284|2H|E|7|C8
4|15|233|166|87|193|1S|W|10|D2
4|15|245|178|79|270|3S|W|8|HJ
4|16|204|286|238|296|3N|E|9|D8
4|16|20|114|119|118|2S|W|11|HQ
4|16|133|7|287|254|2C|N|6|HA
4|16|109|308|300|30|2S|W|10|HQ
4|16|117|310|185|29|3N|E|9|D8
4|16|201|73|211|18|3CX|N|5|HK
4|16|307|221|219|199|2H|S|5|H9
4|16|234|149|264|284|3N|E|8|D8
4|16|233|166|87|193|3N|E|10|H3
4|16|245|178|79|270|3N|E|9|C8
4|17|159|286|107|296|3N|N|12|S8
4|17|168|204|135|238|3N|N|10|C2
4|17|27|7|271|254|3N|N|12|C2
4|17|109|308|300|30|3N|N|11|H9
4|17|173|310|59|29|3N|N|10|C6
4|17|80|73|225|18|3N|N|11|D2
4|17|307|221|219|199|3N|N|12|D2
4|17|234|149|264|284|3N|N|11|CJ
4|17|233|166|87|193|3N|N|11|C2
4|17|245|178|79|270|3N|N|12|C2
4|18|159|286|107|296|4S|S|8|CA
4|18|168|204|135|238|3D|N|8|C6
4|18|27|7|271|254|4S|S|8|CK
4|18|109|308|300|30|4S|S|9|CK
4|18|173|310|59|29|3S|S|8|CK
4|18|80|73|225|18|4S|S|9|CK
4|18|307|221|219|199|4S|N|9|C8
4|18|234|149|264|284|3C|W|9|S2
4|18|233|166|87|193|3C|W|9|H2
4|18|245|178|79|270|3S|S|8|CA
4|19|159|286|107|296|1N|S|4|D4
4|19|168|204|135|238|2H|S|9|H8
4|19|27|7|271|254|2S|S|6|H8
4|19|109|308|300|30|2H|S|9|CA
4|19|173|310|59|29|2H|S|9|H8
4|19|80|73|225|18|2H|N|9|C4
4|19|307|221|219|199|2H|S|9|H8
4|19|234|149|264|284|2S|S|9|S2
4|19|233|166|87|193|4H|N|8|H3
4|19|245|178|79|270|2H|N|9|SJ
4|2|204|286|238|296|3S|S|7|DJ
4|2|20|114|119|118|3S|S|8|DJ
4|2|133|7|287|254|3D|E|7|S5
4|2|109|308|300|30|4S|S|7|DT
4|2|117|310|185|29|4S|S|7|DJ
4|2|201|73|211|18|3S|S|9|DJ
4|2|307|221|219|199|3H|N|8|DA
4|2|234|149|264|284|3S|S|8|DT
4|2|233|166|87|193|3NX|S|7|C8
4|2|245|178|79|270|4S|S|9|DJ
4|20|159|286|107|296|4N|E|13|SK
4|20|168|204|135|238|6C|E|13|SK
4|20|27|7|271|254|5C|E|13|SK
4|20|109|308|300|30|6C|E|13|SK
4|20|173|310|59|29|6C|E|13|SK
4|20|80|73|225|18|6C|E|13|SK
4|20|307|221|219|199|6C|E|13|SK
4|20|234|149|264|284|6C|E|13|SK
4|20|233|166|87|193|6C|E|13|SK
4|20|245|178|79|270|6N|W|13|DK
4|21|159|286|107|296|2H|W|9|DK
4|21|168|204|135|238|2H|W|9|S4
4|21|27|7|271|254|4H|W|9|S4
4|21|109|308|300|30|4H|W|10|S5
4|21|173|310|59|29|3H|W|9|DK
4|21|80|73|225|18|2H|W|10|S4
4|21|307|221|219|199|4H|W|10|S7
4|21|234|149|264|284|2H|W|10|H3
4|21|233|166|87|193|3H|W|11|S4
4|21|245|178|79|270|2H|W|9|S6
4|22|159|286|107|296|6S|E|10|CJ
4|22|168|204|135|238|4S|W|10|H6
4|22|27|7|271|254|4S|E|10|CJ
4|22|109|308|300|30|4S|W|11|H7
4|22|173|310|59|29|4S|E|10|CJ
4|22|80|73|225|18|4S|W|10|H6
4|22|307|221|219|199|4S|W|10|D9
4|22|234|149|264|284|4S|W|10|H8
4|22|233|166|87|193|4S|W|10|H6
4|22|245|178|79|270|4S|W|10|H9
4|23|159|286|107|296|4H|E|10|DT
4|23|168|204|135|238|4H|E|10|CQ
4|23|27|7|271|254|4H|W|10|D5
4|23|109|308|300|30|4H|E|9|ST
4|23|173|310|59|29|4H|E|10|DT
4|23|80|73|225|18|4H|E|9|D5
4|23|307|221|219|199|1N|W|9|D7
4|23|234|149|264|284|2H|W|10|C2
4|23|233|166|87|193|2H|W|10|D5
4|23|245|178|79|270|4H|W|10|C9
4|24|159|286|107|296|3H|E|8|C5
4|24|168|204|135|238|4H|E|8|C5
4|24|27|7|271|254|4H|E|8|SJ
4|24|109|308|300|30|2N|E|4|H7
4|24|173|310|59|29|2H|E|9|C3
4|24|80|73|225|18|4H|E|9|SJ
4|24|307|221|219|199|4H|E|8|H3
4|24|234|149|264|284|4H|E|9|H3
4|24|233|166|87|193|4H|E|10|DA
4|24|245|178|79|270|4H|E|7|H3
4|25|159|286|107|296|4H|N|10|DA
4|25|168|204|135|238|5CX|S|10|D4
4|25|27|7|271|254|4H|N|10|DK
4|25|109|308|300|30|4SX|E|7|HQ
4|25|173|310|59|29|4H|N|10|C7
4|25|80|73|225|18|3H|N|10|C7
4|25|307|221|219|199|4H|N|10|DK
4|25|234|149|264|284|4H|N|10|DK
4|25|233|166|87|193|4H|N|10|DK
4|25|245|178|79|270|5D|E|10|HA
4|26|159|286|107|296|3N|W|10|S6
4|26|168|204|135|238|3DXX|E|8|HA
4|26|27|7|271|254|4S|W|10|HJ
4|26|109|308|300|30|3N|W|10|HJ
4|26|173|310|59|29|2D|W|8|HJ
4|26|80|73|225|18|3N|W|10|HJ
4|26|307|221|219|199|3N|W|10|C8
4|26|234|149|264|284|3N|W|10|C3
4|26|233|166|87|193|1H|S|4|SK
4|26|245|178|79|270|4H|W|8|S6
4|27|159|286|107|296|4S|S|11|DJ
4|27|168|204|135|238|6S|S|12|DJ
4|27|27|7|271|254|4S|S|11|DJ
4|27|109|308|300|30|5S|N|12|C6
4|27|173|310|59|29|4S|S|12|DJ
4|27|80|73|225|18|4S|S|11|DJ
4|27|307|221|219|199|3S|S|12|DJ
4|27|234|149|264|284|4S|S|12|DJ
4|27|233|166|87|193|5S|S|12|DJ
4|27|245|178|79|270|4S|S|12|D7
4|28|159|286|107|296|4H|E|11|D3
4|28|168|204|135|238|2SX|S|7|D7
4|28|27|7|271|254|4H|W|10|DA
4|28|109|308|300|30|4H|E|10|D3
4|28|173|310|59|29|3DX|N|5|C7
4|28|80|73|225|18|3C|W|10|S8
4|28|307|221|219|199|2SX|S|5|D8
4|28|234|149|264|284|2DX|N|5|SJ
4|28|233|166|87|193|3H|E|10|D3
4|28|245|178|79|270|2SX|S|5|D7
4|29|159|286|107|296|2S|S|9|DQ
4|29|168|204|135|238|2D|S|10|CT
4|29|27|7|271|254|1N|E|5|D5
4|29|109|308|300|30|3D|S|9|C9
4|29|173|310|59|29|2D|S|9|CT
4|29|80|73|225|18|1N|E|5|D5
4|29|307|221|219|199|1N|E|4|D3
4|29|234|149|264|284|1N|E|6|D3
4|29|233|166|87|193|1N|S|9|C6
4|29|245|178|79|270|1N|E|5|D5
4|3|204|286|238|296|4H|N|11|SA
4|3|20|114|119|118|4H|N|11|SA
4|3|133|7|287|254|4H|N|11|SA
4|3|109|308|300|30|4H|N|10|SA
4|3|117|310|185|29|4H|N|12|SK
4|3|201|73|211|18|3N|N|10|S6
4|3|307|221|219|199|4H|N|10|SA
4|3|234|149|264|284|4H|N|11|SK
4|3|233|166|87|193|4H|N|11|SA
4|3|245|178|79|270|4H|N|11|SA
4|30|159|286|107|296|2S|W|6|C3
4|30|168|204|135|238|2C|N|7|CJ
4|30|27|7|271|254|3DX|S|8|CQ
4|30|109|308|300|30|3N|S|9|S4
4|30|173|310|59|29|2C|E|6|SQ
4|30|80|73|225|18|2C|N|5|S7
4|30|307|221|219|199|3N|N|7|C2
4|30|234|149|264|284|4H|N|8|S7
4|30|233|166|87|193|2C|E|7|SQ
4|30|245|178|79|270|2S|W|8|H6
4|31|159|286|107|296|6DX|S|11|HA
4|31|168|204|135|238|6CX|S|10|DA
4|31|27|7|271|254|5DX|S|11|D4
4|31|109|308|300|30|4N|N|7|S3
4|31|173|310|59|29|6CX|N|10|D7
4|31|80|73|225|18|5DX|S|11|SA
4|31|307|221|219|199|3N|S|7|SQ
4|31|234|149|264|284|5D|S|11|D7
4|31|233|166|87|193|6DX|S|11|HA
4|31|245|178|79|270|5S|W|10|CK
4|32|159|286|107|296|4H|N|10|H8
4|32|168|204|135|238|2N|N|8|SK
4|32|27|7|271|254|2N|N|9|H9
4|32|109|308|300|30|3N|N|8|S3
4|32|173|310|59|29|1N|N|9|SK
4|32|80|73|225|18|2N|N|8|S8
4|32|307|221|219|199|2N|N|7|SA
4|32|234|149|264|284|3N|N|7|SK
4|32|233|166|87|193|3H|N|8|SK
4|32|245|178|79|270|3N|N|8|S3
4|4|204|286|238|296|2H|W|9|D5
4|4|20|114|119|118|2H|W|8|H4
4|4|133|7|287|254|3H|W|8|CQ
4|4|109|308|300|30|4C|S|10|HK
4|4|117|310|185|29|3H|W|9|D6
4|4|201|73|211|18|3H|W|10|CQ
4|4|307|221|219|199|4C|S|10|HK
4|4|234|149|264|284|2H|W|9|H2
4|4|233|166|87|193|3H|W|8|CQ
4|4|245|178|79|270|3H|W|9|CQ
4|5|204|286|238|296|2H|E|9|D3
4|5|20|114|119|118|3H|E|9|S7
4|5|133|7|287|254|3H|E|9|D3
4|5|109|308|300|30|3H|W|9|CQ
4|5|117|310|185|29|1N|N|6|H2
4|5|201|73|211|18|3H|E|9|D3
4|5|307|221|219|199|3H|E|9|D3
4|5|234|149|264|284|3H|E|10|S6
4|5|233|166|87|193|2C|N|10|DJ
4|5|245|178|79|270|2H|E|9|D2
4|6|204|286|238|296|4H|N|10|D7
4|6|20|114|119|118|4H|S|10|SQ
4|6|133|7|287|254|4H|N|12|S2
4|6|109|308|300|30|4H|S|12|C4
4|6|117|310|185|29|4H|S|12|H7
4|6|201|73|211|18|4H|N|12|CT
4|6|307|221|219|199|4H|N|12|S2
4|6|234|149|264|284|4H|S|12|D5
4|6|233|166|87|193|4H|S|12|C4
4|6|245|178|79|270|4H|S|12|C4
4|7|204|286|238|296|4S|S|9|DA
4|7|20|114|119|118|4S|S|9|DA
4|7|133|7|287|254|4S|S|9|DK
4|7|109|308|300|30|4S|S|9|DK
4|7|117|310|185|29|4S|S|9|DA
4|7|201|73|211|18|4S|S|10|H7
4|7|307|221|219|199|4S|N|10|DA
4|7|234|149|264|284|4S|N|9|DK
4|7|233|166|87|193|4S|S|9|DK
4|7|245|178|79|270|3N|S|6|H5
4|8|204|286|238|296|4H|E|10|SK
4|8|20|114|119|118|4S|E|10|SK
4|8|133|7|287|254|4H|E|9|SK
4|8|109|308|300|30|3H|W|8|DQ
4|8|117|310|185|29|3N|E|8|CJ
4|8|201|73|211|18|4H|E|9|SK
4|8|234|149|264|284|2H|E|8|SK
4|8|233|166|87|193|4H|W|10|ST
4|8|245|178|79|270|3N|E|7|ST
4|9|204|286|238|296|3S|N|7|H4
4|9|20|114|119|118|2S|S|10|S8
4|9|133|7|287|254|2S|S|5|S9
4|9|109|308|300|30|2S|S|8|CA
4|9|117|310|185|29|1N|W|7|S4
4|9|201|73|211|18|4SX|N|7|HQ
4|9|307|221|219|199|1N|W|7|S4
4|9|234|149|264|284|2SX|S|8|CA
4|9|233|166|87|193|2S|S|6|S9
4|9|245|178|79|270|2S|S|7|HA
5|1|20|27|119|271|3C|N|9|CA
5|1|133|168|287|135|2D|N|11|CQ
5|1|109|173|300|59|2D|N|11|CK
5|1|117|7|185|254|2D|N|10|CK
5|1|80|221|225|199|4D|N|11|CA
5|1|234|201|264|211|3D|N|11|CA
5|1|159|178|107|270|4D|S|10|H2
5|1|233|114|87|118|2D|N|11|CA
5|1|245|149|79|284|2N|N|9|H8
5|1|307|166|219|193|2D|N|11|CA
5|10|20|27|119|271|6C|W|12|HT
5|10|133|168|287|135|3N|E|12|SJ
5|10|109|173|300|59|6C|W|12|HT
5|10|117|7|185|254|3N|E|12|SJ
5|10|80|221|225|199|6C|W|13|HT
5|10|234|201|264|211|6C|W|12|HT
5|10|159|178|107|270|6C|W|13|HT
5|10|233|114|87|118|6N|E|13|SJ
5|10|245|149|79|284|6N|W|12|HT
5|10|307|166|219|193|6C|W|12|HT
5|11|20|27|119|271|3N|N|9|H5
5|11|133|168|287|135|3N|S|9|HT
5|11|109|173|300|59|3N|S|9|HT
5|11|117|7|185|254|3N|S|9|H9
5|11|80|221|225|199|3N|S|10|ST
5|11|234|201|264|211|3N|S|9|H4
5|11|159|178|107|270|3N|S|9|HT
5|11|233|114|87|118|3N|S|9|HT
5|11|245|149|79|284|3N|S|9|H4
5|11|307|166|219|193|3N|S|9|H4
5|12|20|27|119|271|6S|W|12|H7
5|12|133|168|287|135|6S|E|12|D3
5|12|109|173|300|59|3N|W|9|D5
5|12|117|7|185|254|3N|W|11|D5
5|12|80|221|225|199|3N|W|9|D5
5|12|234|201|264|211|6S|W|12|C6
5|12|159|178|107|270|6S|W|12|C3
5|12|233|114|87|118|3N|W|11|D2
5|12|245|149|79|284|4S|W|12|D5
5|12|307|166|219|193|3N|W|11|D5
5|13|20|27|119|271|3N|N|10|C6
5|13|133|168|287|135|3N|S|10|D6
5|13|109|173|300|59|4S|S|9|DK
5|13|117|7|185|254|4S|S|9|DA
5|13|80|221|225|199|3N|S|10|D3
5|13|234|201|264|211|3N|S|10|D6
5|13|159|178|107|270|3S|S|10|DA
5|13|233|114|87|118|3N|N|10|C6
5|13|245|149|79|284|3N|S|11|DK
5|13|307|166|219|193|5H|N|7|CA
5|14|20|27|119|271|4S|S|10|DJ
5|14|133|168|287|135|4S|S|10|DJ
5|14|109|173|300|59|4S|S|10|DJ
5|14|117|7|185|254|4S|S|10|DJ
5|14|80|221|225|199|4S|S|11|DJ
5|14|234|201|264|211|6S|S|10|DJ
5|14|159|178|107|270|4S|S|10|DJ
5|14|233|114|87|118|4S|S|10|DJ
5|14|245|149|79|284|6S|S|10|DT
5|14|307|166|219|193|4S|S|10|DJ
5|15|20|27|119|271|3S|W|9|HA
5|15|133|168|287|135|2S|W|8|HA
5|15|109|173|300|59|3S|W|9|HK
5|15|117|7|185|254|3S|W|9|HK
5|15|80|221|225|199|2H|N|8|CQ
5|15|234|201|264|211|4S|W|9|HA
5|15|159|178|107|270|2S|W|8|HA
5|15|233|114|87|118|4S|W|9|HA
5|15|245|149|79|284|2S|W|9|HK
5|15|307|166|219|193|2H|N|7|CQ
5|16|20|27|119|271|6H|S|13|CQ
5|16|133|168|287|135|6S|N|12|DA
5|16|109|173|300|59|6S|S|13|C5
5|16|117|7|185|254|4H|N|12|S5
5|16|80|221|225|199|6H|S|12|S8
5|16|234|201|264|211|4S|N|12|D3
5|16|159|178|107|270|6H|N|12|DA
5|16|233|114|87|118|6H|N|12|DA
5|16|245|149|79|284|6H|N|12|DA
5|16|307|166|219|193|5H|N|12|DA
5|17|168|308|135|30|2C|W|7|SJ
5|17|133|286|287|296|3S|N|7|C5
5|17|109|173|300|59|3H|E|8|DT
5|17|73|7|18|254|3H|E|8|CT
5|17|310|221|29|199|3H|W|8|SJ
5|17|234|201|264|211|3S|N|7|C5
5|17|159|39|107|207|3S|N|7|HK
5|17|233|114|87|118|3H|W|9|CQ
5|17|245|149|79|284|3N|W|5|S2
5|17|307|166|219|193|2S|N|7|C5
5|18|168|308|135|30|1N|E|7|HT
5|18|133|286|287|296|2H|S|8|SQ
5|18|109|173|300|59|1N|S|7|S4
5|18|73|7|18|254|2S|W|7|H3
5|18|310|221|29|199|2HX|S|8|SQ
5|18|234|201|264|211|2S|W|7|H4
5|18|159|39|107|207|1N|N|6|S2
5|18|233|114|87|118|2H|S|8|SQ
5|18|245|149|79|284|2S|W|6|C2
5|18|307|166|219|193|3H|S|8|SQ
5|19|168|308|135|30|3H|N|9|DA
5|19|133|286|287|296|3H|N|9|C4
5|19|109|173|300|59|4H|N|9|DA
5|19|73|7|18|254|5D|W|10|CK
5|19|310|221|29|199|4H|N|9|DA
5|19|234|201|264|211|4HX|N|10|C4
5|19|159|39|107|207|3H|S|9|DK
5|19|233|114|87|118|3H|S|9|DK
5|19|245|149|79|284|4D|W|11|CA
5|19|307|166|219|193|5D|W|10|CK
5|2|20|27|119|271|3N|E|8|S6
5|2|133|168|287|135|3HXX|W|9|S2
5|2|109|173|300|59|3N|W|12|HQ
5|2|117|7|185|254|3N|E|10|S6
5|2|80|221|225|199|3N|E|11|S6
5|2|234|201|264|211|3N|E|11|S6
5|2|159|178|107|270|3N|E|11|S6
5|2|233|114|87|118|3N|E|11|S5
5|2|245|149|79|284|3N|E|7|S6
5|2|307|166|219|193|3N|E|8|S6
5|20|168|308|135|30|1S|E|7|H8
5|20|133|286|287|296|1S|E|7|H4
5|20|109|173|300|59|3H|E|8|H8
5|20|73|7|18|254|2S|E|6|CA
5|20|310|221|29|199|1S|E|7|H8
5|20|234|201|264|211|1S|E|7|H8
5|20|159|39|107|207|2N|N|7|HK
5|20|233|114|87|118|2N|N|6|HK
5|20|245|149|79|284|2H|E|8|H8
5|20|307|166|219|193|3H|E|10|DA
5|21|168|308|135|30|3D|W|9|CQ
5|21|133|286|287|296|4H|E|8|C4
5|21|109|173|300|59|3N|E|9|C4
5|21|73|7|18|254|3N|W|8|SQ
5|21|310|221|29|199|4H|E|9|S4
5|21|234|201|264|211|3H|E|7|C4
5|21|159|39|107|207|2CX|S|8|DK
5|21|233|114|87|118|1N|N|6|H5
5|21|245|149|79|284|4H|E|8|C2
5|21|307|166|219|193|4H|E|8|C4
5|22|168|308|135|30|6H|N|13|SK
5|22|133|286|287|296|6H|S|13|DK
5|22|109|173|300|59|6H|S|12|DK
5|22|73|7|18|254|6H|N|12|D5
5|22|310|221|29|199|7H|S|12|CA
5|22|234|201|264|211|6H|S|12|DK
5|22|159|39|107|207|6H|S|12|DK
5|22|233|114|87|118|6H|S|12|DK
5|22|245|149|79|284|6H|S|12|DK
5|22|307|166|219|193|6H|S|12|CA
5|23|168|308|135|30|2S|S|8|C2
5|23|133|286|287|296|3S|S|8|H3
5|23|109|173|300|59|4S|S|9|C2
5|23|73|7|18|254|3S|S|8|C6
5|23|310|221|29|199|3C|E|7|SA
5|23|234|201|264|211|2S|S|9|H8
5|23|159|39|107|207|3C|E|9|CT
5|23|233|114|87|118|4S|N|8|HA
5|23|245|149|79|284|2S|S|8|C2
5|23|307|166|219|193|3S|S|8|H8
5|24|168|308|135|30|4H|N|11|CA
5|24|133|286|287|296|6H|N|11|CA
5|24|109|173|300|59|4SX|E|7|DA
5|24|73|7|18|254|6H|N|11|DT
5|24|310|221|29|199|4H|N|11|CA
5|24|234|201|264|211|4H|N|11|SA
5|24|159|39|107|207|3N|S|12|S6
5|24|233|114|87|118|4H|N|11|CA
5|24|245|149|79|284|4H|N|11|CA
5|24|307|166|219|193|4H|N|12|SA
5|25|168|308|135|30|4H|W|10|C2
5|25|133|286|287|296|4H|W|11|C3
5|25|109|173|300|59|4H|W|11|D6
5|25|73|7|18|254|4H|W|12|D3
5|25|310|221|29|199|4H|W|11|D3
5|25|234|201|264|211|4H|W|11|D6
5|25|159|39|107|207|4H|W|11|C2
5|25|233|114|87|118|4H|W|10|D3
5|25|245|149|79|284|4H|W|11|D8
5|25|307|166|219|193|4H|W|12|D9
5|26|168|308|135|30|3S|E|10|D4
5|26|133|286|287|296|4S|E|10|C2
5|26|109|173|300|59|4S|E|10|D2
5|26|73|7|18|254|4S|E|10|S7
5|26|310|221|29|199|3S|E|9|C3
5|26|234|201|264|211|4S|E|10|D2
5|26|159|39|107|207|2S|E|10|D4
5|26|233|114|87|118|4S|W|12|D3
5|26|245|149|79|284|4S|E|10|C2
5|26|307|166|219|193|4S|E|10|D2
5|27|168|308|135|30|2D|N|8|SK
5|27|133|286|287|296|1N|E|9|HK
5|27|109|173|300|59|1N|E|10|HQ
5|27|73|7|18|254|3C|E|10|D3
5|27|310|221|29|199|5C|E|10|D3
5|27|234|201|264|211|1N|E|8|D3
5|27|159|39|107|207|2S|E|8|D3
5|27|233|114|87|118|1N|E|8|D3
5|27|245|149|79|284|2D|S|6|S5
5|27|307|166|219|193|1N|E|9|D8
5|28|168|308|135|30|2N|E|7|H3
5|28|133|286|287|296|1N|E|7|DQ
5|28|109|173|300|59|1N|E|7|H3
5|28|73|7|18|254|3N|E|6|H5
5|28|310|221|29|199|2N|E|6|DQ
5|28|234|201|264|211|1N|E|7|H3
5|28|159|39|107|207|1N|E|6|DQ
5|28|233|114|87|118|1N|E|5|DQ
5|28|245|149|79|284|1N|E|6|H3
5|28|307|166|219|193|2N|E|4|H3
5|29|168|308|135|30|2S|E|10|CK
5|29|133|286|287|296|2S|W|9|C7
5|29|109|173|300|59|3S|W|10|H5
5|29|73|7|18|254|4S|W|9|C4
5|29|310|221|29|199|2S|W|10|S4
5|29|234|201|264|211|3H|E|8|D6
5|29|159|39|107|207|2S|W|10|C4
5|29|233|114|87|118|2S|W|8|C4
5|29|245|149|79|284|2S|W|10|C4
5|29|307|166|219|193|4S|W|9|D5
5|3|20|27|119|271|2S|E|8|CT
5|3|133|168|287|135|4S|W|10|S3
5|3|109|173|300|59|3S|W|9|S3
5|3|117|7|185|254|4S|E|8|D3
5|3|80|221|225|199|4S|E|9|D2
5|3|234|201|264|211|4S|E|10|CT
5|3|159|178|107|270|4S|E|9|D2
5|3|233|114|87|118|2S|W|9|C2
5|3|245|149|79|284|2S|W|9|H4
5|3|307|166|219|193|2S|W|9|H2
5|30|168|308|135|30|1N|E|5|DT
5|30|133|286|287|296|1N|E|5|D3
5|30|109|173|300|59|1N|E|5|D3
5|30|73|7|18|254|1N|E|5|D2
5|30|310|221|29|199|1N|E|4|D2
5|30|234|201|264|211|1N|E|4|D3
5|30|159|39|107|207|1D|S|8|CK
5|30|233|114|87|118|1N|E|6|D9
5|30|245|149|79|284|2S|E|6|CQ
5|30|307|166|219|193|1N|E|6|DT
5|31|168|308|135|30|3H|W|9|C7
5|31|133|286|287|296|3H|W|9|H4
5|31|109|173|300|59|4H|W|10|C6
5|31|73|7|18|254|3S|S|8|HK
5|31|310|221|29|199|2S|S|8|HK
5|31|234|201|264|211|3H|W|9|H4
5|31|159|39|107|207|3H|W|10|S2
5|31|233|114|87|118|3H|W|10|S2
5|31|245|149|79|284|3H|W|9|S2
5|31|307|166|219|193|3S|S|8|HK
5|32|168|308|135|30|3D|E|9|CT
5|32|133|286|287|296|3C|W|7|C5
5|32|109|173|300|59|2D|E|8|H2
5|32|73|7|18|254|3D|E|10|SA
5|32|310|221|29|199|3S|N|7|H6
5|32|234|201|264|211|2C|W|9|S8
5|32|159|39|107|207|3D|E|10|SA
5|32|233|114|87|118|3C|W|9|S9
5|32|245|149|79|284|3D|W|9|ST
5|32|307|166|219|193|4S|N|7|H6
5|4|20|27|119|271|1N|E|9|H4
5|4|133|168|287|135|3H|S|8|DK
5|4|109|173|300|59|2H|N|7|D6
5|4|117|7|185|254|2H|S|6|DK
5|4|80|221|225|199|3C|E|10|S4
5|4|234|201|264|211|3D|W|9|SK
5|4|159|178|107|270|2H|N|6|D2
5|4|233|114|87|118|2H|S|6|DK
5|4|245|149|79|284|2D|W|8|SK
5|4|307|166|219|193|2H|S|7|DK
5|5|20|27|119|271|3N|S|10|D6
5|5|133|168|287|135|3N|N|10|S8
5|5|109|173|300|59|3N|S|10|D6
5|5|117|7|185|254|3N|N|9|S8
5|5|80|221|225|199|3N|N|9|S8
5|5|234|201|264|211|3N|N|10|H9
5|5|159|178|107|270|3C|S|10|DQ
5|5|233|114|87|118|3N|N|9|H2
5|5|245|149|79|284|3N|S|10|D6
5|5|307|166|219|193|3N|N|7|H2
5|6|20|27|119|271|4SX|S|8|CA
5|6|133|168|287|135|4H|W|9|C5
5|6|109|173|300|59|3S|S|9|CK
5|6|117|7|185|254|4H|W|8|DA
5|6|80|221|225|199|3H|W|8|H9
5|6|234|201|264|211|4SX|S|8|CK
5|6|159|178|107|270|2H|E|8|DK
5|6|233|114|87|118|2S|N|8|H2
5|6|245|149|79|284|3S|N|8|H8
5|6|307|166|219|193|2D|S|9|CK
5|7|20|27|119|271|4H|N|9|S5
5|7|133|168|287|135|3SX|E|7|CK
5|7|109|173|300|59|3H|N|9|S6
5|7|117|7|185|254|3H|N|9|S5
5|7|80|221|225|199|2H|N|10|S5
5|7|234|201|264|211|4H|N|9|S6
5|7|159|178|107|270|3H|N|8|S6
5|7|233|114|87|118|4H|N|10|S8
5|7|245|149|79|284|1N|S|10|H5
5|7|307|166|219|193|4H|S|9|D8
5|8|20|27|119|271|1N|W|9|DT
5|8|133|168|287|135|2C|W|9|HA
5|8|109|173|300|59|3N|E|9|DQ
5|8|117|7|185|254|3N|E|10|DQ
5|8|80|221|225|199|2S|N|6|DA
5|8|234|201|264|211|2S|N|6|DA
5|8|159|178|107|270|1D|N|8|H4
5|8|233|114|87|118|3N|E|9|DQ
5|8|245|149|79|284|3C|W|9|HK
5|8|307|166|219|193|2C|W|9|DT
5|9|20|27|119|271|4SX|N|9|HK
5|9|133|168|287|135|4H|W|9|C2
5|9|109|173|300|59|5HX|E|9|CK
5|9|117|7|185|254|4SX|N|9|HQ
5|9|80|221|225|199|4S|N|9|HK
5|9|234|201|264|211|4H|E|8|CK
5|9|159|178|107|270|5H|E|9|CK
5|9|233|114|87|118|5HX|E|10|CK
5|9|245|149|79|284|3S|N|9|HQ
5|9|307|166|219|193|4SX|N|9|HK
6|1|117|286|185|296|3H|W|6|C6
6|1|20|73|119|18|2H|S|7|SA
6|1|221|7|199|254|5D|E|11|CA
6|1|109|234|300|264|2N|W|7|C6
6|1|307|310|219|29|3H|W|6|C8
6|1|80|149|225|284|3H|S|6|SA
6|1|233|308|87|30|4D|E|10|SQ
6|1|27|39|271|207|3C|W|6|C3
6|1|245|159|79|107|3D|E|11|SQ
6|1|204|161|238|166|3N|W|7|C6
6|10|117|286|185|296|4H|W|10|S6
6|10|20|73|119|18|6H|W|10|S6
6|10|221|7|199|254|4H|E|10|HT
6|10|109|234|300|264|4H|E|10|D2
6|10|307|310|219|29|4H|W|10|S6
6|10|80|149|225|284|4H|W|10|S5
6|10|233|308|87|30|4H|W|10|S5
6|10|27|39|271|207|4H|W|11|CJ
6|10|245|159|79|107|4H|W|11|CT
6|10|204|161|238|166|6H|W|11|CJ
6|11|117|286|185|296|6C|N|12|H4
6|11|20|73|119|18|4S|N|11|CA
6|11|221|7|199|254|5C|N|11|DJ
6|11|109|234|300|264|5C|N|11|DJ
6|11|307|310|219|29|4H|W|9|CK
6|11|80|149|225|284|5C|N|12|H8
6|11|233|308|87|30|4S|S|11|HQ
6|11|27|39|271|207|4S|S|11|HK
6|11|245|159|79|107|3N|S|7|HK
6|11|204|161|238|166|4H|E|9|CT
6|12|117|286|185|296|5CX|E|11|ST
6|12|20|73|119|18|4S|N|9|H4
6|12|221|7|199|254|5CX|E|10|D3
6|12|109|234|300|264|5HX|E|10|HJ
6|12|307|310|219|29|5CX|W|11|C3
6|12|80|149|225|284|4S|S|9|HA
6|12|233|308|87|30|4SX|S|10|HA
6|12|27|39|271|207|4S|N|10|CA
6|12|245|159|79|107|4S|S|9|CT
6|12|204|161|238|166|2S|W|6|H2
6|13|117|286|185|296|3S|N|8|C3
6|13|20|73|119|18|1N|N|10|H2
6|13|221|7|199|254|3C|W|8|SJ
6|13|109|234|300|264|3C|W|8|SJ
6|13|307|310|219|29|3S|N|8|C8
6|13|80|149|225|284|3CX|W|8|SJ
6|13|233|308|87|30|3C|W|8|S2
6|13|27|39|271|207|3C|W|8|S2
6|13|245|159|79|107|1N|N|8|H5
6|13|204|161|238|166|3C|W|8|S4
6|14|117|286|185|296|2S|N|8|DQ
6|14|20|73|119|18|3HX|E|8|S2
6|14|221|7|199|254|3H|W|8|C3
6|14|109|234|300|264|2S|N|7|DK
6|14|307|310|219|29|3S|N|9|DK
6|14|80|149|225|284|2C|E|8|S9
6|14|233|308|87|30|2S|N|8|HA
6|14|27|39|271|207|3H|W|8|SA
6|14|245|159|79|107|3H|W|8|SA
6|14|204|161|238|166|3H|E|9|S2
6|15|117|286|185|296|3H|N|8|SJ
6|15|20|73|119|18|2H|N|8|SJ
6|15|221|7|199|254|3H|S|10|S6
6|15|109|234|300|264|3H|N|8|SJ
6|15|307|310|219|29|4H|N|9|SJ
6|15|80|149|225|284|3H|S|10|S6
6|15|233|308|87|30|1H|N|9|SJ
6|15|27|39|271|207|4H|S|10|S6
6|15|245|159|79|107|3H|S|9|D3
6|15|204|161|238|166|2H|N|10|SJ
6|16|117|286|185|296|3N|N|7|S8
6|16|20|73|119|18|3N|N|9|S5
6|16|221|7|199|254|2H|S|9|C5
6|16|109|234|300|264|3N|N|9|S2
6|16|307|310|219|29|3N|N|9|S6
6|16|80|149|225|284|3D|N|10|HA
6|16|233|308|87|30|2D|N|9|S8
6|16|27|39|271|207|3N|N|8|S2
6|16|245|159|79|107|3N|N|8|S5
6|16|204|161|238|166|3N|N|9|CT
6|17|117|286|185|296|4S|N|11|D6
6|17|168|173|135|59|4S|S|12|D5
6|17|221|7|199|254|3S|N|11|CQ
6|17|109|234|300|264|6S|S|12|D2
6|17|307|201|219|211|6S|N|11|HK
6|17|80|149|225|284|6DX|W|9|SQ
6|17|233|133|87|287|6S|S|11|D5
6|17|27|39|271|207|6S|N|10|HK
6|17|245|114|79|118|4S|N|11|D6
6|17|204|161|238|166|5S|N|12|S4
6|18|117|286|185|296|2N|W|6|D3
6|18|168|173|135|59|2H|E|7|DA
6|18|221|7|199|254|2H|E|7|DA
6|18|109|234|300|264|2H|E|7|DA
6|18|307|201|219|211|2H|E|7|DA
6|18|80|149|225|284|2H|E|7|DA
6|18|233|133|87|287|3D|N|9|CA
6|18|27|39|271|207|2S|W|9|S6
6|18|245|114|79|118|2N|W|6|D5
6|18|204|161|238|166|2DX|N|8|CK
6|19|117|286|185|296|2S|S|8|C3
6|19|168|173|135|59|2C|N|10|H8
6|19|221|7|199|254|2S|S|8|H4
6|19|109|234|300|264|2H|N|8|H9
6|19|307|201|219|211|2C|N|10|H9
6|19|80|149|225|284|2S|S|9|H2
6|19|233|133|87|287|2S|S|9|HA
6|19|27|39|271|207|2C|N|9|HT
6|19|245|114|79|118|3N|S|8|H2
6|19|204|161|238|166|2S|S|8|C4
6|2|117|286|185|296|P||0
6|2|20|73|119|18|P||0
6|2|221|7|199|254|2S|S|9|HK
6|2|109|234|300|264|1N|W|3|H4
6|2|307|310|219|29|3D|E|8|SK
6|2|80|149|225|284|P||0
6|2|233|308|87|30|3D|W|8|DA
6|2|27|39|271|207|1N|W|7|H4
6|2|245|159|79|107|P||0
6|2|204|161|238|166|3D|W|8|S8
6|20|117|286|185|296|3N|S|9|HJ
6|20|168|173|135|59|3S|S|9|HJ
6|20|221|7|199|254|2S|N|9|D3
6|20|109|234|300|264|3N|S|9|HJ
6|20|307|201|219|211|3N|S|9|HJ
6|20|80|149|225|284|3N|S|8|HT
6|20|233|133|87|287|3S|S|9|HJ
6|20|27|39|271|207|3N|S|9|HJ
6|20|245|114|79|118|3N|S|8|HJ
6|20|204|161|238|166|3N|S|8|HJ
6|21|117|286|185|296|4S|N|10|CA
6|21|168|173|135|59|3N|S|12|DJ
6|21|221|7|199|254|3N|S|12|DJ
6|21|109|234|300|264|3N|S|11|DJ
6|21|307|201|219|211|3D|W|7|D7
6|21|80|149|225|284|2H|S|9|CQ
6|21|233|133|87|287|3N|S|12|SQ
6|21|27|39|271|207|3H|S|11|CQ
6|21|245|114|79|118|3N|S|13|DJ
6|21|204|161|238|166|4H|S|7|DJ
6|22|117|286|185|296|5DX|N|8|S2
6|22|168|173|135|59|4S|W|10|D6
6|22|221|7|199|254|4S|W|10|D6
6|22|109|234|300|264|5DX|N|8|S5
6|22|307|201|219|211|4S|W|11|D5
6|22|80|149|225|284|5S|W|11|D6
6|22|233|133|87|287|5S|W|9|D6
6|22|27|39|271|207|4S|W|10|D6
6|22|245|114|79|118|3S|W|10|CJ
6|22|204|161|238|166|4S|W|10|SJ
6|23|117|286|185|296|3N|N|10|SQ
6|23|168|173|135|59|3N|N|11|HQ
6|23|221|7|199|254|4HX|E|5|CJ
6|23|109|234|300|264|4HX|E|6|CJ
6|23|307|201|219|211|3N|N|11|SQ
6|23|80|149|225|284|3N|S|11|DT
6|23|233|133|87|287|3N|N|11|HQ
6|23|27|39|271|207|4HX|E|6|CJ
6|23|245|114|79|118|3N|N|11|H6
6|23|204|161|238|166|5C|N|10|HQ
6|24|117|286|185|296|3H|N|9|SQ
6|24|168|173|135|59|3D|N|10|SQ
6|24|221|7|199|254|4H|N|9|SQ
6|24|109|234|300|264|3H|N|9|SQ
6|24|307|201|219|211|3H|N|9|SQ
6|24|80|149|225|284|4H|N|9|SJ
6|24|233|133|87|287|2H|N|9|SQ
6|24|27|39|271|207|4H|N|9|SQ
6|24|245|114|79|118|4H|N|9|SQ
6|24|204|161|238|166|4H|N|9|SQ
6|25|117|286|185|296|3C|W|9|DT
6|25|168|173|135|59|2S|N|5|H4
6|25|221|7|199|254|3S|N|8|D8
6|25|109|234|300|264|2S|N|8|D7
6|25|307|201|219|211|4CX|E|8|S3
6|25|80|149|225|284|3C|E|9|S5
6|25|233|133|87|287|3C|E|9|S4
6|25|27|39|271|207|3S|N|9|S4
6|25|245|114|79|118|3S|N|9|C2
6|25|204|161|238|166|4C|E|10|S5
6|26|117|286|185|296|3H|S|9|DA
6|26|168|173|135|59|4S|S|9|DA
6|26|221|7|199|254|3H|S|9|DA
6|26|109|234|300|264|4H|S|9|DA
6|26|307|201|219|211|4H|S|9|C4
6|26|80|149|225|284|4H|S|9|DA
6|26|233|133|87|287|4H|S|9|DA
6|26|27|39|271|207|4H|S|9|DA
6|26|245|114|79|118|4H|N|9|DJ
6|26|204|161|238|166|4H|S|9|DA
6|27|117|286|185|296|6HX|S|9|CA
6|27|168|173|135|59|5HX|N|9|SK
6|27|221|7|199|254|6C|W|11|D2
6|27|109|234|300|264|6HX|N|9|SA
6|27|307|201|219|211|6C|W|12|HK
6|27|80|149|225|284|6C|W|11|D2
6|27|233|133|87|287|6C|W|11|D2
6|27|27|39|271|207|5HX|S|9|CK
6|27|245|114|79|118|5C|W|11|D2
6|27|204|161|238|166|5HX|N|9|SK
6|28|117|286|185|296|3N|N|10|S4
6|28|168|173|135|59|3N|N|9|H4
6|28|221|7|199|254|4S|N|9|D7
6|28|109|234|300|264|3N|N|9|H4
6|28|307|201|219|211|3N|N|9|H4
6|28|80|149|225|284|3N|N|9|H4
6|28|233|133|87|287|3C|N|9|D5
6|28|27|39|271|207|3N|N|9|H4
6|28|245|114|79|118|3N|S|8|H9
6|28|204|161|238|166|3N|N|9|H4
6|29|117|286|185|296|4H|W|11|C7
6|29|168|173|135|59|3N|W|10|HQ
6|29|221|7|199|254|4H|E|10|DT
6|29|109|234|300|264|4H|W|9|C7
6|29|307|201|219|211|4H|E|11|DT
6|29|80|149|225|284|4H|E|10|DT
6|29|233|133|87|287|4H|W|9|D5
6|29|27|39|271|207|4H|E|9|DT
6|29|245|114|79|118|4H|W|10|C7
6|29|204|161|238|166|4H|E|9|DT
6|3|117|286|185|296|1N|S|10|S2
6|3|20|73|119|18|1N|S|9|D7
6|3|221|7|199|254|1N|W|5|D9
6|3|109|234|300|264|3N|N|9|HQ
6|3|307|310|219|29|1N|S|8|D7
6|3|80|149|225|284|1N|E|5|H4
6|3|233|308|87|30|1N|S|12|D6
6|3|27|39|271|207|3S|N|8|HQ
6|3|245|159|79|107|1N|S|10|S2
6|3|204|161|238|166|4S|S|9|S3
6|30|117|286|185|296|2H|S|9|D2
6|30|168|173|135|59|3H|N|9|CT
6|30|221|7|199|254|P||0
6|30|109|234|300|264|P||0
6|30|307|201|219|211|3H|S|9|S8
6|30|80|149|225|284|4S|W|8|HQ
6|30|233|133|87|287|2S|W|8|HQ
6|30|27|39|271|207|2D|N|10|CT
6|30|245|114|79|118|P||0
6|30|204|161|238|166|2S|W|8|HQ
6|31|117|286|185|296|2S|S|7|D2
6|31|168|173|135|59|2S|N|7|DK
6|31|221|7|199|254|2S|S|8|DJ
6|31|109|234|300|264|2S|S|8|DJ
6|31|307|201|219|211|2S|S|7|DJ
6|31|80|149|225|284|3D|E|9|HQ
6|31|233|133|87|287|2S|S|8|DJ
6|31|27|39|271|207|3D|E|8|CJ
6|31|245|114|79|118|2S|S|7|DJ
6|31|204|161|238|166|2C|E|10|DQ
6|32|117|286|185|296|4S|N|8|D3
6|32|168|173|135|59|4S|S|9|DK
6|32|221|7|199|254|4S|S|9|DK
6|32|109|234|300|264|4S|N|8|D3
6|32|307|201|219|211|3S|N|9|CK
6|32|80|149|225|284|4S|N|9|DK
6|32|233|133|87|287|4S|S|9|DK
6|32|27|39|271|207|4S|N|9|CK
6|32|245|114|79|118|4S|S|9|DK
6|32|204|161|238|166|3D|E|10|SK
6|4|117|286|185|296|3D|E|9|D5
6|4|20|73|119|18|3N|E|9|SK
6|4|221|7|199|254|2S|W|9|C5
6|4|109|234|300|264|3N|W|9|S6
6|4|307|310|219|29|2H|E|8|SK
6|4|80|149|225|284|2N|E|9|H7
6|4|233|308|87|30|3N|E|11|C4
6|4|27|39|271|207|3N|E|10|C2
6|4|245|159|79|107|3N|E|9|C5
6|4|204|161|238|166|1N|E|9|SK
6|5|117|286|185|296|2H|E|9|DK
6|5|20|73|119|18|3S|S|8|H8
6|5|221|7|199|254|4H|E|8|DK
6|5|109|234|300|264|3H|E|8|C7
6|5|307|310|219|29|3H|E|8|H6
6|5|80|149|225|284|2H|E|9|DK
6|5|233|308|87|30|3H|E|7|SA
6|5|27|39|271|207|3H|E|9|SA
6|5|245|159|79|107|2H|E|7|C5
6|5|204|161|238|166|3H|E|9|DK
6|6|117|286|185|296|2N|W|9|H2
6|6|20|73|119|18|2S|E|9|S9
6|6|221|7|199|254|2S|E|9|DT
6|6|109|234|300|264|2S|E|8|S7
6|6|307|310|219|29|2N|W|8|H2
6|6|80|149|225|284|2S|E|10|C8
6|6|233|308|87|30|4S|E|9|C8
6|6|27|39|271|207|2S|E|9|S4
6|6|245|159|79|107|2S|E|9|S4
6|6|204|161|238|166|3N|E|8|C7
6|7|117|286|185|296|4S|N|9|S2
6|7|20|73|119|18|4S|N|10|CK
6|7|221|7|199|254|4S|N|11|CA
6|7|109|234|300|264|4S|N|9|S5
6|7|307|310|219|29|4S|N|9|CK
6|7|80|149|225|284|4S|N|10|CA
6|7|233|308|87|30|3N|N|9|HK
6|7|27|39|271|207|4S|N|10|CK
6|7|245|159|79|107|4S|N|10|CA
6|7|204|161|238|166|4S|N|11|CK
6|8|117|286|185|296|3S|N|9|C5
6|8|20|73|119|18|4S|N|9|C4
6|8|221|7|199|254|4S|N|8|D3
6|8|109|234|300|264|4S|N|10|C5
6|8|307|310|219|29|3C|E|8|DK
6|8|80|149|225|284|3S|N|9|C5
6|8|233|308|87|30|2D|S|9|H5
6|8|27|39|271|207|3NX|S|10|S2
6|8|245|159|79|107|2N|N|10|S5
6|8|204|161|238|166|2H|E|9|DA
6|9|117|286|185|296|2H|S|9|C8
6|9|20|73|119|18|2H|S|8|C6
6|9|221|7|199|254|2H|S|9|C5
6|9|109|234|300|264|2H|S|8|C8
6|9|307|310|219|29|2H|S|10|C5
6|9|80|149|225|284|2H|S|10|H2
6|9|233|308|87|30|2H|S|9|C8
6|9|27|39|271|207|2H|S|9|C8
6|9|245|159|79|107|4S|N|8|D3
6|9|204|161|238|166|2H|S|10|C8
7|1|20|234|119|264|4S|W|11|S6
7|1|76|168|258|135|4S|E|11|HK
7|1|109|201|300|211|4S|W|11|H3
7|1|80|7|225|254|4S|W|11|D7
7|1|117|35|185|125|3N|W|9|S6
7|1|233|152|87|164|3N|W|9|S7
7|1|27|161|271|166|3N|E|8|C5
7|1|245|157|79|257|4S|W|11|D7
7|1|204|307|238|219|4S|W|11|S6
7|1|149|114|284|118|4S|W|11|D9
7|10|20|234|119|264|4H|W|8|CJ
7|10|76|168|258|135|4H|E|9|DA
7|10|109|201|300|211|3H|W|10|CJ
7|10|80|7|225|254|4H|W|8|CJ
7|10|117|35|185|125|4H|W|11|CJ
7|10|233|152|87|164|5HX|W|7|CJ
7|10|27|161|271|166|2H|W|10|D4
7|10|245|157|79|257|3S|N|8|HA
7|10|204|307|238|219|4H|E|8|DA
7|10|149|114|284|118|3H|E|9|DA
7|11|20|234|119|264|5DX|W|8|SA
7|11|76|168|258|135|4S|S|9|HQ
7|11|109|201|300|211|4S|N|9|D2
7|11|80|7|225|254|2S|S|9|HQ
7|11|117|35|185|125|3S|S|9|HJ
7|11|233|152|87|164|4S|S|8|HQ
7|11|27|161|271|166|4S|N|9|DQ
7|11|245|157|79|257|3S|N|9|D2
7|11|204|307|238|219|3D|W|8|SA
7|11|149|114|284|118|4S|S|9|HQ
7|12|20|234|119|264|2N|E|10|CA
7|12|76|168|258|135|3D|W|10|D2
7|12|109|201|300|211|1N|E|7|S3
7|12|80|7|225|254|3N|W|7|SQ
7|12|117|35|185|125|3N|W|7|SQ
7|12|233|152|87|164|2D|W|10|D2
7|12|27|161|271|166|3N|E|10|C2
7|12|245|157|79|257|3D|W|10|C4
7|12|204|307|238|219|2N|E|10|C2
7|12|149|114|284|118|1N|E|8|S3
7|13|20|234|119|264|3N|N|10|H3
7|13|76|168|258|135|3N|N|10|H3
7|13|109|201|300|211|3N|N|10|H3
7|13|80|7|225|254|3N|N|10|H3
7|13|117|35|185|125|3N|N|10|H3
7|13|233|152|87|164|3N|N|11|H3
7|13|27|161|271|166|3N|N|10|HJ
7|13|245|157|79|257|3N|N|12|HJ
7|13|204|307|238|219|3N|N|10|H3
7|13|149|114|284|118|3N|N|10|H3
7|14|20|234|119|264|4SX|W|8|DK
7|14|76|168|258|135|3S|W|7|C3
7|14|109|201|300|211|2H|W|5|SK
7|14|80|7|225|254|5C|S|9|C4
7|14|117|35|185|125|3SX|W|8|H5
7|14|233|152|87|164|3S|W|9|DK
7|14|27|161|271|166|4C|N|9|SJ
7|14|245|157|79|257|2S|W|10|DK
7|14|204|307|238|219|3N|S|9|S2
7|14|149|114|284|118|5D|N|9|SJ
7|15|20|234|119|264|4H|S|10|C2
7|15|76|168|258|135|4H|S|9|C4
7|15|109|201|300|211|4H|N|10|C3
7|15|80|7|225|254|4H|S|10|C4
7|15|117|35|185|125|4H|S|10|C2
7|15|233|152|87|164|3H|S|10|C4
7|15|27|161|271|166|4H|S|10|C4
7|15|245|157|79|257|2N|S|8|C2
7|15|204|307|238|219|3H|S|10|C2
7|15|149|114|284|118|2H|S|10|D9
7|16|20|234|119|264|3D|S|8|H6
7|16|76|168|258|135|2S|W|5|HJ
7|16|109|201|300|211|3D|N|8|HK
7|16|80|7|225|254|2H|E|8|DJ
7|16|117|35|185|125|3N|S|7|SJ
7|16|233|152|87|164|2H|E|8|S7
7|16|27|161|271|166|4D|N|9|S9
7|16|245|157|79|257|2H|E|7|S7
7|16|204|307|238|219|2H|E|8|DJ
7|16|149|114|284|118|3D|N|9|HK
7|17|319|179|296|180|2H|N|8|SQ
7|17|76|20|258|119|3S|E|9|S6
7|17|109|310|300|29|3S|E|8|C2
7|17|80|7|225|254|3H|S|8|CT
7|17|173|35|59|125|3S|E|9|C2
7|17|233|152|87|164|2S|E|9|C8
7|17|308|161|30|166|2H|N|8|SQ
7|17|245|157|79|257|3S|E|8|HT
7|17|159|149|107|284|2S|E|7|C8
7|17|307|204|219|238|3H|S|8|SA
7|18|319|179|296|180|3N|W|11|C4
7|18|76|20|258|119|3N|E|9|HQ
7|18|109|310|300|29|5D|E|11|HK
7|18|80|7|225|254|3N|W|9|H5
7|18|173|35|59|125|3N|W|9|H7
7|18|233|152|87|164|5D|E|10|HK
7|18|308|161|30|166|5D|E|11|HK
7|18|245|157|79|257|3N|W|12|C4
7|18|159|149|107|284|4S|W|8|H5
7|18|307|204|219|238|3N|W|9|H7
7|19|319|179|296|180|5C|W|9|H5
7|19|76|20|258|119|4SX|N|8|CA
7|19|109|310|300|29|4SX|N|8|CK
7|19|80|7|225|254|3N|E|10|H7
7|19|173|35|59|125|5C|E|11|S6
7|19|233|152|87|164|4S|N|9|CK
7|19|308|161|30|166|3N|E|9|SK
7|19|245|157|79|257|4SX|N|9|CK
7|19|159|149|107|284|5C|W|10|H5
7|19|307|204|219|238|3N|E|10|S6
7|2|20|234|119|264|2S|S|9|D8
7|2|76|168|258|135|1N|S|7|H3
7|2|109|201|300|211|1N|E|5|ST
7|2|80|7|225|254|1N|N|8|D5
7|2|117|35|185|125|1N|S|7|H3
7|2|233|152|87|164|1N|S|7|H2
7|2|27|161|271|166|2D|E|6|C4
7|2|245|157|79|257|2S|S|7|D8
7|2|204|307|238|219|2S|S|8|D8
7|2|149|114|284|118|1N|N|7|DT
7|20|319|179|296|180|1N|N|8|S6
7|20|76|20|258|119|2C|N|9|D6
7|20|109|310|300|29|3N|S|7|H3
7|20|80|7|225|254|1N|S|7|DQ
7|20|173|35|59|125|2H|W|8|DA
7|20|233|152|87|164|2D|W|10|CA
7|20|308|161|30|166|3D|W|9|CA
7|20|245|157|79|257|3S|E|8|C2
7|20|159|149|107|284|1N|S|8|D5
7|20|307|204|219|238|3C|N|10|D7
7|21|319|179|296|180|4S|E|10|HK
7|21|76|20|258|119|4S|E|10|HK
7|21|109|310|300|29|4S|E|10|HQ
7|21|80|7|225|254|4S|E|10|HK
7|21|173|35|59|125|4S|E|10|HK
7|21|233|152|87|164|4S|E|10|HK
7|21|308|161|30|166|4S|E|11|DQ
7|21|245|157|79|257|3S|E|10|HK
7|21|159|149|107|284|4S|E|10|HK
7|21|307|204|219|238|4S|E|10|HK
7|22|319|179|296|180|6H|E|13|C5
7|22|76|20|258|119|6S|W|13|D3
7|22|109|310|300|29|4S|W|12|H6
7|22|80|7|225|254|4H|E|13|D9
7|22|173|35|59|125|6S|E|12|H3
7|22|233|152|87|164|4S|W|12|C7
7|22|308|161|30|166|4S|E|12|S4
7|22|245|157|79|257|6S|W|12|D2
7|22|159|149|107|284|6S|W|12|D3
7|22|307|204|219|238|5S|W|12|C8
7|23|319|179|296|180|5D|S|12|C4
7|23|76|20|258|119|3N|N|11|H9
7|23|109|310|300|29|6D|N|12|CA
7|23|80|7|225|254|5D|S|12|C4
7|23|173|35|59|125|3N|N|11|H9
7|23|233|152|87|164|3N|N|10|C7
7|23|308|161|30|166|5D|N|12|CA
7|23|245|157|79|257|5D|S|13|C8
7|23|159|149|107|284|3N|N|10|C5
7|23|307|204|219|238|5D|S|12|H3
7|24|319|179|296|180|4H|S|10|CQ
7|24|76|20|258|119|4H|N|10|SA
7|24|109|310|300|29|4H|N|10|C6
7|24|80|7|225|254|4H|N|10|D9
7|24|173|35|59|125|4H|S|10|CJ
7|24|233|152|87|164|4H|N|10|D9
7|24|308|161|30|166|4H|N|9|D9
7|24|245|157|79|257|4H|N|10|C7
7|24|159|149|107|284|4H|N|11|C7
7|24|307|204|219|238|4H|N|10|C4
7|25|319|179|296|180|3N|N|10|S8
7|25|76|20|258|119|2N|N|7|S3
7|25|109|310|300|29|3N|N|7|D2
7|25|80|7|225|254|3N|N|6|D9
7|25|173|35|59|125|3N|N|7|D7
7|25|233|152|87|164|3N|N|9|C5
7|25|308|161|30|166|3N|S|9|D5
7|25|245|157|79|257|3N|N|6|S3
7|25|159|149|107|284|3N|N|8|D7
7|25|307|204|219|238|2N|N|10|H5
7|26|319|179|296|180|2S|W|8|DA
7|26|76|20|258|119|3C|N|10|C5
7|26|109|310|300|29|3C|N|9|DJ
7|26|80|7|225|254|3C|N|11|C5
7|26|173|35|59|125|3C|N|9|DJ
7|26|233|152|87|164|3C|N|11|C5
7|26|308|161|30|166|3S|W|8|DK
7|26|245|157|79|257|3C|N|9|DJ
7|26|159|149|107|284|2C|N|9|DJ
7|26|307|204|219|238|2C|N|11|HA
7|27|319|179|296|180|1N|S|8|SK
7|27|76|20|258|119|2C|S|10|C7
7|27|109|310|300|29|3C|S|9|D9
7|27|80|7|225|254|3C|S|10|C2
7|27|173|35|59|125|3N|N|8|D5
7|27|233|152|87|164|2C|S|10|C2
7|27|308|161|30|166|2N|N|7|D5
7|27|245|157|79|257|3N|S|8|D9
7|27|159|149|107|284|2D|E|7|HK
7|27|307|204|219|238|2N|N|8|D5
7|28|319|179|296|180|3H|N|11|DA
7|28|76|20|258|119|2H|S|10|D5
7|28|109|310|300|29|3H|N|10|DK
7|28|80|7|225|254|3H|N|10|DK
7|28|173|35|59|125|3H|N|11|DA
7|28|233|152|87|164|3H|N|11|DK
7|28|308|161|30|166|3H|N|10|DA
7|28|245|157|79|257|5DX|W|9|ST
7|28|159|149|107|284|2H|N|10|DK
7|28|307|204|219|238|2C|W|4|H8
7|29|319|179|296|180|1N|N|7|H3
7|29|76|20|258|119|2S|N|8|D2
7|29|109|310|300|29|2S|N|8|D5
7|29|80|7|225|254|1N|N|7|D8
7|29|173|35|59|125|2S|S|8|CQ
7|29|233|152|87|164|2S|N|7|D5
7|29|308|161|30|166|2S|S|8|D3
7|29|245|157|79|257|2S|N|8|D8
7|29|159|149|107|284|2S|N|8|D8
7|29|307|204|219|238|2S|S|7|HK
7|3|20|234|119|264|3S|W|8|HA
7|3|76|168|258|135|1S|W|8|HA
7|3|109|201|300|211|2C|W|8|HK
7|3|80|7|225|254|2S|W|8|HK
7|3|117|35|185|125|4S|W|8|HK
7|3|233|152|87|164|3C|W|9|HA
7|3|27|161|271|166|3C|W|9|HA
7|3|245|157|79|257|3S|W|8|HK
7|3|204|307|238|219|3C|W|10|HK
7|3|149|114|284|118|4HX|N|6|S9
7|30|319|179|296|180|1S|W|6|C3
7|30|76|20|258|119|2H|W|9|H5
7|30|109|310|300|29|2H|W|9|DJ
7|30|80|7|225|254|1N|W|7|C3
7|30|173|35|59|125|1N|W|7|C3
7|30|233|152|87|164|2H|W|7|H5
7|30|308|161|30|166|2H|E|7|S2
7|30|245|157|79|257|2H|W|10|H5
7|30|159|149|107|284|2D|W|7|DJ
7|30|307|204|219|238|3H|E|7|S2
7|31|319|179|296|180|6S|W|11|H9
7|31|76|20|258|119|4S|W|11|C2
7|31|109|310|300|29|4S|E|11|H5
7|31|80|7|225|254|4S|E|11|H4
7|31|173|35|59|125|4S|E|11|C7
7|31|233|152|87|164|4S|W|11|C2
7|31|308|161|30|166|3N|W|12|C4
7|31|245|157|79|257|5S|W|11|H3
7|31|159|149|107|284|3N|E|10|H5
7|31|307|204|219|238|3N|W|10|C4
7|32|319|179|296|180|3S|N|9|DJ
7|32|76|20|258|119|4S|N|10|HJ
7|32|109|310|300|29|4S|S|9|C6
7|32|80|7|225|254|3S|S|9|C6
7|32|173|35|59|125|4S|N|9|HT
7|32|233|152|87|164|3N|S|6|H4
7|32|308|161|30|166|4S|S|8|C8
7|32|245|157|79|257|3C|N|10|HJ
7|32|159|149|107|284|3N|S|7|D2
7|32|307|204|219|238|3S|S|8|C6
7|4|20|234|119|264|3C|S|11|HQ
7|4|76|168|258|135|2H|E|6|H4
7|4|109|201|300|211|1N|N|10|SQ
7|4|80|7|225|254|3C|S|11|HQ
7|4|117|35|185|125|2N|S|8|HJ
7|4|233|152|87|164|2H|W|6|DA
7|4|27|161|271|166|2D|N|8|SQ
7|4|245|157|79|257|1H|E|7|CA
7|4|204|307|238|219|2H|W|7|DA
7|4|149|114|284|118|1N|S|9|HQ
7|5|20|234|119|264|5S|S|8|DK
7|5|76|168|258|135|4S|S|8|DK
7|5|109|201|300|211|4S|S|7|DK
7|5|80|7|225|254|4S|S|10|DK
7|5|117|35|185|125|4S|S|9|DQ
7|5|233|152|87|164|4S|S|9|H7
7|5|27|161|271|166|3H|S|9|DK
7|5|245|157|79|257|3S|N|9|DA
7|5|204|307|238|219|4S|S|8|DK
7|5|149|114|284|118|4S|S|9|DK
7|6|20|234|119|264|3C|W|10|C2
7|6|76|168|258|135|1N|W|9|HJ
7|6|109|201|300|211|3N|E|9|DJ
7|6|80|7|225|254|3N|E|9|DJ
7|6|117|35|185|125|2H|N|9|H3
7|6|233|152|87|164|3N|E|7|H2
7|6|27|161|271|166|3N|E|9|D7
7|6|245|157|79|257|2N|W|9|HT
7|6|204|307|238|219|3N|W|9|HJ
7|6|149|114|284|118|3N|W|9|HJ
7|7|20|234|119|264|2S|W|8|H3
7|7|76|168|258|135|3C|N|9|DA
7|7|109|201|300|211|2S|W|8|H3
7|7|80|7|225|254|2H|S|8|SK
7|7|117|35|185|125|2S|W|8|H3
7|7|233|152|87|164|P||0
7|7|27|161|271|166|3S|W|9|H2
7|7|245|157|79|257|2S|W|8|H2
7|7|204|307|238|219|P||0
7|7|149|114|284|118|2S|W|8|HJ
7|8|20|234|119|264|2S|N|8|HK
7|8|76|168|258|135|2H|W|8|S3
7|8|109|201|300|211|2H|E|9|DA
7|8|80|7|225|254|3D|N|6|HA
7|8|117|35|185|125|2S|N|7|HA
7|8|233|152|87|164|2S|N|7|S6
7|8|27|161|271|166|2S|N|8|HK
7|8|245|157|79|257|3S|N|7|HA
7|8|204|307|238|219|2H|E|8|DA
7|8|149|114|284|118|1N|W|7|D5
7|9|20|234|119|264|2S|N|10|CA
7|9|76|168|258|135|2S|N|9|CA
7|9|109|201|300|211|2S|N|9|D7
7|9|80|7|225|254|2S|N|10|CA
7|9|117|35|185|125|3S|N|9|CA
7|9|233|152|87|164|3S|N|9|CA
7|9|27|161|271|166|2S|N|10|CK
7|9|245|157|79|257|2S|N|9|CA
7|9|204|307|238|219|4S|N|10|CK
7|9|149|114|284|118|2S|N|9|CA
8|1|201|119|211|135|3S|E|9|C4
8|1|319|310|168|29|2N|S|9|H9
8|1|307|7|219|254|3N|N|10|S5
8|1|109|149|300|284|2H|E|7|S2
8|1|233|76|87|258|3N|N|10|SJ
8|1|234|35|264|125|2N|N|9|HT
8|1|245|173|79|59|3H|E|9|C3
8|1|117|161|185|166|4SX|W|8|DK
8|1|159|308|107|30|3N|N|9|HJ
8|1|27|114|271|118|3N|N|9|HJ
8|10|201|119|211|135|3H|W|8|CJ
8|10|319|310|168|29|3D|S|10|H3
8|10|307|7|219|254|2H|W|7|CJ
8|10|109|149|300|284|2S|N|7|HJ
8|10|233|76|87|258|2H|E|8|DQ
8|10|234|35|264|125|2S|N|8|HJ
8|10|245|173|79|59|1S|N|9|HJ
8|10|117|161|185|166|2H|W|7|CJ
8|10|159|308|107|30|2D|S|9|H5
8|10|27|114|271|118|2D|S|9|C7
8|11|201|119|211|135|4H|N|9|S5
8|11|319|310|168|29|3N|N|9|S7
8|11|307|7|219|254|4H|N|9|D4
8|11|109|149|300|284|4H|S|9|D6
8|11|233|76|87|258|3N|S|8|S2
8|11|234|35|264|125|4H|S|9|S4
8|11|245|173|79|59|4H|S|9|S4
8|11|117|161|185|166|3N|S|9|H7
8|11|159|308|107|30|3N|S|8|D6
8|11|27|114|271|118|4H|N|9|S7
8|12|201|119|211|135|4S|N|13|C9
8|12|319|310|168|29|3N|S|9|DK
8|12|307|7|219|254|4S|S|12|DK
8|12|109|149|300|284|4S|N|13|C9
8|12|233|76|87|258|4S|S|11|DK
8|12|234|35|264|125|4S|S|10|DK
8|12|245|173|79|59|4S|S|10|DK
8|12|117|161|185|166|3N|S|9|DA
8|12|159|308|107|30|4S|S|11|DK
8|12|27|114|271|118|3N|S|9|DK
8|13|201|119|211|135|2DX|E|7|S4
8|13|319|310|168|29|2S|S|7|D7
8|13|307|7|219|254|2S|S|8|D7
8|13|109|149|300|284|2S|S|9|D7
8|13|233|76|87|258|3S|S|9|H2
8|13|234|35|264|125|3NX|W|9|C6
8|13|245|173|79|59|2D|E|7|S3
8|13|117|161|185|166|2S|S|9|D3
8|13|159|308|107|30|2H|W|8|C5
8|13|27|114|271|118|2S|N|7|DA
8|14|201|119|211|135|4C|E|9|SK
8|14|319|310|168|29|3C|E|9|SA
8|14|307|7|219|254|3D|S|9|C3
8|14|109|149|300|284|3C|E|9|SK
8|14|233|76|87|258|5C|E|9|SA
8|14|234|35|264|125|3H|N|9|S9
8|14|245|173|79|59|2C|E|9|SA
8|14|117|161|185|166|4D|S|9|CK
8|14|159|308|107|30|3D|S|9|C2
8|14|27|114|271|118|4D|S|9|C2
8|15|201|119|211|135|4HX|W|4|SQ
8|15|319|310|168|29|2S|S|10|DK
8|15|307|7|219|254|2S|S|8|DK
8|15|109|149|300|284|3S|S|8|DK
8|15|233|76|87|258|4S|S|9|DK
8|15|234|35|264|125|2D|E|9|D7
8|15|245|173|79|59|5DX|W|8|CJ
8|15|117|161|185|166|5DX|W|7|SQ
8|15|159|308|107|30|3S|S|9|DK
8|15|27|114|271|118|2S|S|10|DK
8|16|201|119|211|135|3N|E|11|H5
8|16|319|310|168|29|3N|E|11|H5
8|16|307|7|219|254|5D|E|11|S2
8|16|109|149|300|284|3N|E|9|H5
8|16|233|76|87|258|3N|E|8|H7
8|16|234|35|264|125|3N|E|11|H5
8|16|245|173|79|59|3N|E|11|H5
8|16|117|161|185|166|3N|W|10|SK
8|16|159|308|107|30|3N|E|8|H5
8|16|27|114|271|118|6D|E|11|ST
8|17|80|168|225|135|4H|W|10|CK
8|17|319|310|296|29|5CX|N|8|D7
8|17|307|7|219|254|4H|W|10|CK
8|17|109|149|300|284|4H|E|10|C3
8|17|39|179|207|180|4H|E|10|C3
8|17|234|178|264|270|5H|E|10|C3
8|17|245|152|79|164|5H|E|10|C2
8|17|173|161|59|166|4HX|E|10|C3
8|17|159|308|107|30|3H|W|10|CA
8|17|157|114|257|118|P||0
8|18|80|168|225|135|3D|E|10|SA
8|18|319|310|296|29|2D|W|9|HK
8|18|307|7|219|254|1N|W|9|S2
8|18|109|149|300|284|3D|W|10|D4
8|18|39|179|207|180|1N|W|9|S2
8|18|234|178|264|270|3D|W|9|D4
8|18|245|152|79|164|3D|W|10|HK
8|18|173|161|59|166|1N|W|7|H4
8|18|159|308|107|30|4D|W|9|D9
8|18|157|114|257|118|3D|W|8|C9
8|19|80|168|225|135|3N|E|10|C2
8|19|319|310|296|29|1N|E|11|H8
8|19|307|7|219|254|2S|W|10|C7
8|19|109|149|300|284|3N|W|11|H5
8|19|39|179|207|180|3N|W|10|C7
8|19|234|178|264|270|3N|E|11|H2
8|19|245|152|79|164|3N|E|10|H2
8|19|173|161|59|166|3N|W|10|C7
8|19|159|308|107|30|3N|W|10|C3
8|19|157|114|257|118|3N|E|9|H9
8|2|201|119|211|135|5C|S|12|C3
8|2|319|310|168|29|6C|N|12|H4
8|2|307|7|219|254|6C|S|12|SK
8|2|109|149|300|284|5C|S|12|HJ
8|2|233|76|87|258|3C|N|12|H5
8|2|234|35|264|125|6C|N|12|H4
8|2|245|173|79|59|5C|N|12|D2
8|2|117|161|185|166|5C|S|12|SK
8|2|159|308|107|30|3N|S|10|H3
8|2|27|114|271|118|5HX|W|6|CA
8|20|80|168|225|135|4H|W|10|D4
8|20|319|310|296|29|4H|E|10|S7
8|20|307|7|219|254|4H|W|9|S6
8|20|109|149|300|284|4H|E|10|S7
8|20|39|179|207|180|4H|W|10|D2
8|20|234|178|264|270|4H|W|10|H7
8|20|245|152|79|164|4H|E|11|D5
8|20|173|161|59|166|4H|W|10|S2
8|20|159|308|107|30|4H|W|11|S4
8|20|157|114|257|118|4H|E|10|S7
8|21|80|168|225|135|1S|W|7|HT
8|21|319|310|296|29|2S|E|8|HA
8|21|307|7|219|254|2S|E|7|HK
8|21|109|149|300|284|2S|E|8|HK
8|21|39|179|207|180|2S|E|7|C5
8|21|234|178|264|270|2HX|S|7|D8
8|21|245|152|79|164|3S|E|8|HK
8|21|173|161|59|166|3C|W|8|HT
8|21|159|308|107|30|2S|E|6|HA
8|21|157|114|257|118|2S|E|8|HK
8|22|80|168|225|135|2H|E|9|S4
8|22|319|310|296|29|3C|E|10|C2
8|22|307|7|219|254|2H|W|8|HJ
8|22|109|149|300|284|3H|W|8|CQ
8|22|39|179|207|180|2H|W|9|D5
8|22|234|178|264|270|2H|W|9|CQ
8|22|245|152|79|164|2H|W|5|D3
8|22|173|161|59|166|4H|W|7|D4
8|22|159|308|107|30|2S|N|6|DK
8|22|157|114|257|118|2H|W|8|D4
8|23|80|168|225|135|4H|N|12|DK
8|23|319|310|296|29|4H|N|12|DK
8|23|307|7|219|254|4H|N|12|DQ
8|23|109|149|300|284|4H|S|12|D8
8|23|39|179|207|180|4H|N|12|DK
8|23|234|178|264|270|4H|N|12|DK
8|23|245|152|79|164|4H|S|12|D5
8|23|173|161|59|166|4H|N|12|DK
8|23|159|308|107|30|4H|N|12|DQ
8|23|157|114|257|118|6H|N|12|DK
8|24|80|168|225|135|3N|W|11|S5
8|24|319|310|296|29|4H|E|11|S8
8|24|307|7|219|254|3N|W|11|S5
8|24|109|149|300|284|3N|W|10|DT
8|24|39|179|207|180|4H|W|10|DT
8|24|234|178|264|270|4H|E|10|S8
8|24|245|152|79|164|4H|W|10|H8
8|24|173|161|59|166|6N|W|10|DT
8|24|159|308|107|30|4H|W|10|H3
8|24|157|114|257|118|4H|W|10|DT
8|25|80|168|225|135|4S|W|10|CK
8|25|319|310|296|29|4D|E|11|HK
8|25|307|7|219|254|3H|N|8|DA
8|25|109|149|300|284|5D|E|12|HQ
8|25|39|179|207|180|4D|E|12|HK
8|25|234|178|264|270|5DX|E|12|DJ
8|25|245|152|79|164|3H|N|7|DA
8|25|173|161|59|166|4S|W|9|CK
8|25|159|308|107|30|3D|E|11|HK
8|25|157|114|257|118|4HX|S|7|C4
8|26|80|168|225|135|2D|N|5|S2
8|26|319|310|296|29|3S|N|8|D8
8|26|307|7|219|254|3N|N|8|C2
8|26|109|149|300|284|4SX|N|7|H9
8|26|39|179|207|180|2H|E|8|C7
8|26|234|178|264|270|2H|W|7|SK
8|26|245|152|79|164|3S|N|8|H4
8|26|173|161|59|166|2S|W|5|HK
8|26|159|308|107|30|3S|N|7|D6
8|26|157|114|257|118|2N|S|8|HA
8|27|80|168|225|135|3N|W|8|C7
8|27|319|310|296|29|3N|E|8|CQ
8|27|307|7|219|254|3D|W|10|S4
8|27|109|149|300|284|3N|W|9|S4
8|27|39|179|207|180|3N|W|10|S6
8|27|234|178|264|270|3N|W|9|C7
8|27|245|152|79|164|3N|W|9|H4
8|27|173|161|59|166|3N|W|10|H6
8|27|159|308|107|30|3N|W|9|S6
8|27|157|114|257|118|3N|E|7|CQ
8|28|80|168|225|135|3N|S|7|SK
8|28|319|310|296|29|5D|S|11|SK
8|28|307|7|219|254|3S|W|7|DQ
8|28|109|149|300|284|5D|S|11|SK
8|28|39|179|207|180|4S|W|7|DQ
8|28|234|178|264|270|4S|W|9|S6
8|28|245|152|79|164|3S|W|8|DQ
8|28|173|161|59|166|4S|W|7|CK
8|28|159|308|107|30|3D|S|10|SK
8|28|157|114|257|118|3N|N|4|H7
8|29|80|168|225|135|4H|N|11|SK
8|29|319|310|296|29|4H|N|11|SK
8|29|307|7|219|254|4H|N|11|SQ
8|29|109|149|300|284|4H|N|12|SK
8|29|39|179|207|180|4H|N|11|SK
8|29|234|178|264|270|4H|N|11|SK
8|29|245|152|79|164|4H|N|10|SK
8|29|173|161|59|166|4H|N|11|SK
8|29|159|308|107|30|4H|N|11|SK
8|29|157|114|257|118|4H|N|11|SK
8|3|201|119|211|135|2D|E|8|HA
8|3|319|310|168|29|2D|E|9|HA
8|3|307|7|219|254|2D|E|8|HK
8|3|109|149|300|284|2H|S|7|D8
8|3|233|76|87|258|2D|E|8|HA
8|3|234|35|264|125|2D|E|9|HA
8|3|245|173|79|59|3N|N|5|DA
8|3|117|161|185|166|2D|E|9|HA
8|3|159|308|107|30|2D|E|9|HA
8|3|27|114|271|118|2D|E|9|HA
8|30|80|168|225|135|3N|S|10|H5
8|30|319|310|296|29|3N|S|10|H4
8|30|307|7|219|254|3N|S|9|D7
8|30|109|149|300|284|3N|S|10|H5
8|30|39|179|207|180|3N|S|10|H4
8|30|234|178|264|270|4S|S|10|H8
8|30|245|152|79|164|3N|S|10|H4
8|30|173|161|59|166|3N|S|10|H4
8|30|159|308|107|30|3N|S|10|H5
8|30|157|114|257|118|3N|S|10|H8
8|31|80|168|225|135|2D|W|7|CK
8|31|319|310|296|29|3C|N|8|H8
8|31|307|7|219|254|3C|N|8|H8
8|31|109|149|300|284|1N|W|5|CK
8|31|39|179|207|180|3D|W|8|CK
8|31|234|178|264|270|3C|N|8|H2
8|31|245|152|79|164|3H|W|7|CK
8|31|173|161|59|166|2N|W|6|CQ
8|31|159|308|107|30|3S|W|6|CK
8|31|157|114|257|118|2D|W|6|CK
8|32|80|168|225|135|4S|N|10|HK
8|32|319|310|296|29|3N|N|9|H2
8|32|307|7|219|254|4S|N|11|HQ
8|32|109|149|300|284|4S|N|10|CT
8|32|39|179|207|180|4S|N|9|HK
8|32|234|178|264|270|3N|N|9|H5
8|32|245|152|79|164|4S|N|9|D6
8|32|173|161|59|166|4S|N|9|HK
8|32|159|308|107|30|3N|S|8|H7
8|32|157|114|257|118|3D|N|11|HK
8|4|201|119|211|135|4H|S|11|S5
8|4|319|310|168|29|4H|S|12|HT
8|4|307|7|219|254|4H|S|11|S5
8|4|109|149|300|284|4H|S|11|S5
8|4|233|76|87|258|4H|S|11|S5
8|4|234|35|264|125|5H|S|11|S5
8|4|245|173|79|59|4H|S|11|S5
8|4|117|161|185|166|4H|S|12|DK
8|4|159|308|107|30|4H|S|11|S5
8|4|27|114|271|118|4H|S|11|S5
8|5|201|119|211|135|4S|E|10|DT
8|5|319|310|168|29|4S|E|9|D2
8|5|307|7|219|254|4S|E|9|DT
8|5|109|149|300|284|3H|W|9|CQ
8|5|233|76|87|258|3N|W|8|CQ
8|5|234|35|264|125|2S|S|5|HA
8|5|245|173|79|59|4S|E|10|DT
8|5|117|161|185|166|6CX|W|9|SA
8|5|159|308|107|30|4S|E|9|DT
8|5|27|114|271|118|4N|E|8|DT
8|6|201|119|211|135|4H|E|10|DQ
8|6|319|310|168|29|4H|E|10|DQ
8|6|307|7|219|254|3N|W|7|D8
8|6|109|149|300|284|3H|E|9|DQ
8|6|233|76|87|258|2H|E|9|CT
8|6|234|35|264|125|4H|E|9|CT
8|6|245|173|79|59|4H|E|10|CT
8|6|117|161|185|166|4H|E|10|CT
8|6|159|308|107|30|4H|E|9|CT
8|6|27|114|271|118|3H|E|9|DQ
8|7|201|119|211|135|2S|S|11|H3
8|7|319|310|168|29|2S|N|8|H6
8|7|307|7|219|254|2S|S|8|C2
8|7|109|149|300|284|2N|S|8|H4
8|7|233|76|87|258|3S|N|8|H6
8|7|234|35|264|125|1N|S|7|H4
8|7|245|173|79|59|2H|W|7|C7
8|7|117|161|185|166|2S|N|9|D6
8|7|159|308|107|30|1N|S|9|DA
8|7|27|114|271|118|2S|S|10|C8
8|8|201|119|211|135|3D|W|9|SK
8|8|319|310|168|29|2D|W|9|SA
8|8|307|7|219|254|3D|W|9|SK
8|8|109|149|300|284|3N|W|8|SK
8|8|233|76|87|258|1N|E|8|CK
8|8|234|35|264|125|2N|E|8|CK
8|8|245|173|79|59|2C|N|6|C2
8|8|117|161|185|166|3N|E|8|S8
8|8|159|308|107|30|2C|N|6|H3
8|8|27|114|271|118|3D|W|9|C4
8|9|201|119|211|135|3C|N|10|S2
8|9|319|310|168|29|3N|S|10|D6
8|9|307|7|219|254|3S|W|10|CK
8|9|109|149|300|284|3N|N|6|SK
8|9|233|76|87|258|5CX|N|10|S2
8|9|234|35|264|125|3N|S|5|SJ
8|9|245|173|79|59|3N|S|5|S5
8|9|117|161|185|166|4C|N|11|SK
8|9|159|308|107|30|3N|S|10|D7
8|9|27|114|271|118|4C|N|11|C2
9|1|319|7|296|254|3D|W|11|S5
9|1|109|20|300|119|3N|E|9|S3
9|1|310|178|29|270|3N|E|9|CJ
9|1|39|201|207|211|4D|W|12|SQ
9|1|76|161|258|166|3D|W|11|S8
9|1|245|179|79|180|3N|E|9|S2
9|1|117|159|185|107|3N|E|9|S3
9|1|204|152|238|164|5SX|S|7|CA
9|1|157|149|257|284|3N|E|9|S3
9|1|307|27|219|271|5D|W|11|HA
9|10|319|7|296|254|4S|S|11|DK
9|10|109|20|300|119|4S|S|11|DA
9|10|310|178|29|270|4S|S|12|H6
9|10|39|201|207|211|4S|S|9|H6
9|10|76|161|258|166|4S|S|11|DK
9|10|245|179|79|180|4H|S|6|DK
9|10|117|159|185|107|4H|S|7|DA
9|10|204|152|238|164|4H|S|7|DA
9|10|157|149|257|284|1N|N|5|D4
9|10|307|27|219|271|5C|N|10|D2
9|11|319|7|296|254|4SX|N|8|S6
9|11|109|20|300|119|4SX|N|8|CK
9|11|310|178|29|270|4SX|N|8|CK
9|11|39|201|207|211|4SX|N|8|CK
9|11|76|161|258|166|6H|W|11|SA
9|11|245|179|79|180|6D|W|12|CA
9|11|117|159|185|107|6H|W|11|SA
9|11|204|152|238|164|4SX|N|6|HA
9|11|157|149|257|284|4SX|N|8|CK
9|11|307|27|219|271|3N|W|10|SJ
9|12|319|7|296|254|3N|S|8|D6
9|12|109|20|300|119|2H|E|7|ST
9|12|310|178|29|270|3C|S|8|SQ
9|12|39|201|207|211|3C|N|8|H3
9|12|76|161|258|166|2H|W|8|HA
9|12|245|179|79|180|1N|N|7|C7
9|12|117|159|185|107|2N|S|8|D6
9|12|204|152|238|164|2H|E|7|CT
9|12|157|149|257|284|1N|S|7|HJ
9|12|307|27|219|271|2H|W|7|HA
9|13|319|7|296|254|4S|S|9|CJ
9|13|109|20|300|119|4H|W|11|SQ
9|13|310|178|29|270|5D|W|11|SQ
9|13|39|201|207|211|6D|W|11|SQ
9|13|76|161|258|166|4H|W|11|SQ
9|13|245|179|79|180|3N|E|7|S7
9|13|117|159|185|107|4H|W|11|SQ
9|13|204|152|238|164|3D|W|11|SQ
9|13|157|149|257|284|5D|W|11|SQ
9|13|307|27|219|271|4H|W|11|SQ
9|14|319|7|296|254|4H|S|12|D4
9|14|109|20|300|119|4H|S|10|D8
9|14|310|178|29|270|4H|S|12|D4
9|14|39|201|207|211|4H|S|12|D8
9|14|76|161|258|166|3H|S|11|D4
9|14|245|179|79|180|4H|S|10|D4
9|14|117|159|185|107|4H|S|12|D4
9|14|204|152|238|164|4H|S|11|D4
9|14|157|149|257|284|2H|S|12|C9
9|14|307|27|219|271|4H|S|11|D4
9|15|319|7|296|254|4S|W|8|CA
9|15|109|20|300|119|4H|E|11|D5
9|15|310|178|29|270|4H|W|11|CA
9|15|39|201|207|211|3S|W|7|CA
9|15|76|161|258|166|6H|E|11|CT
9|15|245|179|79|180|3C|S|5|SK
9|15|117|159|185|107|4H|W|11|CK
9|15|204|152|238|164|5DX|S|10|SA
9|15|157|149|257|284|3S|W|6|CA
9|15|307|27|219|271|4H|W|11|CK
9|16|319|7|296|254|5H|S|12|S4
9|16|109|20|300|119|5H|S|12|S3
9|16|310|178|29|270|4H|S|11|D2
9|16|39|201|207|211|5S|E|8|HK
9|16|76|161|258|166|5HX|S|11|D2
9|16|245|179|79|180|4H|S|12|C3
9|16|117|159|185|107|4H|S|11|D4
9|16|204|152|238|164|4H|S|12|S4
9|16|157|149|257|284|3S|W|8|CK
9|16|307|27|219|271|3S|W|8|CK
9|17|319|7|168|254|4H|N|9|CQ
9|17|109|20|300|119|4H|N|9|HA
9|17|80|178|225|270|4H|N|9|CQ
9|17|39|201|207|211|4SX|W|9|DJ
9|17|234|161|264|166|4SX|W|10|DJ
9|17|245|76|79|258|5H|N|10|CQ
9|17|117|114|185|118|4H|N|10|CQ
9|17|204|173|238|59|4H|N|10|CQ
9|17|27|149|271|284|5H|N|9|S2
9|17|307|308|219|30|4H|N|10|CQ
9|18|319|7|168|254|4H|W|11|CJ
9|18|109|20|300|119|4H|E|11|CQ
9|18|80|178|225|270|4H|W|11|D3
9|18|39|201|207|211|6H|W|11|C4
9|18|234|161|264|166|4H|W|11|C5
9|18|245|76|79|258|4H|W|11|S3
9|18|117|114|185|118|4H|W|11|D4
9|18|204|173|238|59|4H|E|11|CK
9|18|27|149|271|284|4H|E|10|CK
9|18|307|308|219|30|4H|E|11|CK
9|19|319|7|168|254|4H|S|10|C7
9|19|109|20|300|119|4H|S|10|S2
9|19|80|178|225|270|4H|S|10|S2
9|19|39|201|207|211|4H|S|10|C7
9|19|234|161|264|166|4H|S|10|S2
9|19|245|76|79|258|4H|N|10|D3
9|19|117|114|185|118|4H|S|10|H8
9|19|204|173|238|59|4H|S|10|C3
9|19|27|149|271|284|4H|S|10|DA
9|19|307|308|219|30|4H|S|10|S2
9|2|319|7|296|254|4SX|E|8|C3
9|2|109|20|300|119|4S|E|8|HJ
9|2|310|178|29|270|4SX|E|8|DA
9|2|39|201|207|211|4S|E|8|HJ
9|2|76|161|258|166|2D|S|10|SK
9|2|245|179|79|180|4S|E|7|C3
9|2|117|159|185|107|4S|E|8|HJ
9|2|204|152|238|164|3D|S|9|SK
9|2|157|149|257|284|4S|E|8|HJ
9|2|307|27|219|271|4S|E|8|DA
9|20|319|7|168|254|3N|N|10|ST
9|20|109|20|300|119|3N|N|10|SQ
9|20|80|178|225|270|5D|W|8|C2
9|20|39|201|207|211|3N|N|9|HJ
9|20|234|161|264|166|3C|N|11|D8
9|20|245|76|79|258|3N|S|10|S8
9|20|117|114|185|118|3S|E|9|CQ
9|20|204|173|238|59|3CX|N|8|D3
9|20|27|149|271|284|3N|N|10|S9
9|20|307|308|219|30|3N|N|6|D3
9|21|319|7|168|254|3N|N|10|C9
9|21|109|20|300|119|2N|N|9|C8
9|21|80|178|225|270|3N|S|7|D3
9|21|39|201|207|211|3N|N|8|D8
9|21|234|161|264|166|3N|N|10|C9
9|21|245|76|79|258|3N|N|9|C9
9|21|117|114|185|118|3N|N|7|C9
9|21|204|173|238|59|2N|N|7|D8
9|21|27|149|271|284|2N|N|7|D8
9|21|307|308|219|30|2N|N|9|DA
9|22|319|7|168|254|4H|S|10|D5
9|22|109|20|300|119|4H|N|10|SJ
9|22|80|178|225|270|4H|N|10|SJ
9|22|39|201|207|211|4H|N|10|SJ
9|22|234|161|264|166|4H|N|10|SJ
9|22|245|76|79|258|4H|N|10|SJ
9|22|117|114|185|118|4H|N|10|SJ
9|22|204|173|238|59|4H|N|10|SJ
9|22|27|149|271|284|4H|N|10|ST
9|22|307|308|219|30|4H|N|10|SJ
9|23|319|7|168|254|3H|W|9|SJ
9|23|109|20|300|119|2H|W|9|SJ
9|23|80|178|225|270|3D|E|8|SA
9|23|39|201|207|211|2H|W|9|SJ
9|23|234|161|264|166|4H|W|9|SJ
9|23|245|76|79|258|4C|S|8|HK
9|23|117|114|185|118|3D|E|8|SK
9|23|204|173|238|59|3H|W|9|SJ
9|23|27|149|271|284|4H|W|9|SJ
9|23|307|308|219|30|3H|W|9|SJ
9|24|319|7|168|254|4H|N|9|C5
9|24|109|20|300|119|3D|W|8|SJ
9|24|80|178|225|270|3H|N|8|C5
9|24|39|201|207|211|4H|N|7|C5
9|24|234|161|264|166|4H|N|10|C5
9|24|245|76|79|258|3H|N|8|C5
9|24|117|114|185|118|4H|N|10|C5
9|24|204|173|238|59|2H|N|9|C5
9|24|27|149|271|284|4DX|W|9|DA
9|24|307|308|219|30|2H|N|10|C5
9|25|319|7|168|254|1N|S|5|C3
9|25|109|20|300|119|1N|N|5|HT
9|25|80|178|225|270|P||0
9|25|39|201|207|211|1N|W|6|S8
9|25|234|161|264|166|1N|N|5|CT
9|25|245|76|79|258|P||0
9|25|117|114|185|118|1N|S|5|C3
9|25|204|173|238|59|2D|N|8|HT
9|25|27|149|271|284|P||0
9|25|307|308|219|30|P||0
9|26|319|7|168|254|2S|N|8|HA
9|26|109|20|300|119|3S|S|8|HK
9|26|80|178|225|270|3H|W|9|H4
9|26|39|201|207|211|4S|N|8|C2
9|26|234|161|264|166|2S|N|7|S5
9|26|245|76|79|258|2S|N|7|S5
9|26|117|114|185|118|3D|E|10|SA
9|26|204|173|238|59|4H|W|9|CJ
9|26|27|149|271|284|2H|E|9|SA
9|26|307|308|219|30|2S|S|8|HK
9|27|319|7|168|254|4S|N|12|CK
9|27|109|20|300|119|4S|S|12|D5
9|27|80|178|225|270|5HX|W|9|SA
9|27|39|201|207|211|4S|S|12|CA
9|27|234|161|264|166|4S|N|12|CK
9|27|245|76|79|258|4S|S|12|D4
9|27|117|114|185|118|5D|N|13|CK
9|27|204|173|238|59|5D|S|12|HA
9|27|27|149|271|284|4S|N|12|CK
9|27|307|308|219|30|5S|N|12|CK
9|28|319|7|168|254|3N|W|10|S4
9|28|109|20|300|119|3N|W|10|S5
9|28|80|178|225|270|3N|E|9|SJ
9|28|39|201|207|211|3N|W|11|HA
9|28|234|161|264|166|3N|E|11|SJ
9|28|245|76|79|258|3N|E|10|SJ
9|28|117|114|185|118|3N|E|10|SJ
9|28|204|173|238|59|3N|W|10|S5
9|28|27|149|271|284|3N|E|10|SJ
9|28|307|308|219|30|3N|W|10|S2
9|29|319|7|168|254|4H|S|9|S4
9|29|109|20|300|119|4H|N|9|D5
9|29|80|178|225|270|4H|S|9|S9
9|29|39|201|207|211|3N|N|11|D5
9|29|234|161|264|166|4H|N|10|S2
9|29|245|76|79|258|2S|S|8|S4
9|29|117|114|185|118|4H|S|10|DA
9|29|204|173|238|59|4H|S|10|S5
9|29|27|149|271|284|4H|S|10|S8
9|29|307|308|219|30|4H|S|10|S8
9|3|319|7|296|254|2D|S|9|C5
9|3|109|20|300|119|3N|N|8|CJ
9|3|310|178|29|270|3S|N|8|S3
9|3|39|201|207|211|2D|S|9|C4
9|3|76|161|258|166|2S|S|9|S5
9|3|245|179|79|180|3N|S|8|C5
9|3|117|159|185|107|3D|S|10|H6
9|3|204|152|238|164|4S|N|7|CJ
9|3|157|149|257|284|3N|S|5|H7
9|3|307|27|219|271|2D|S|9|H6
9|30|319|7|168|254|4H|N|8|S9
9|30|109|20|300|119|4H|N|10|S3
9|30|80|178|225|270|2S|E|7|CK
9|30|39|201|207|211|5C|S|11|SK
9|30|234|161|264|166|4H|N|10|S9
9|30|245|76|79|258|4H|S|10|SA
9|30|117|114|185|118|4H|N|10|S3
9|30|204|173|238|59|4H|S|8|SK
9|30|27|149|271|284|4H|N|10|S9
9|30|307|308|219|30|4H|N|10|S3
9|31|319|7|168|254|3S|N|7|D4
9|31|109|20|300|119|5CX|W|10|DK
9|31|80|178|225|270|3S|N|8|D7
9|31|39|201|207|211|4D|E|9|SA
9|31|234|161|264|166|2S|N|8|D4
9|31|245|76|79|258|4S|S|8|D5
9|31|117|114|185|118|4S|N|8|D7
9|31|204|173|238|59|3S|N|9|D7
9|31|27|149|271|284|3S|N|8|D7
9|31|307|308|219|30|2S|N|8|D8
9|32|319|7|168|254|4H|S|10|DA
9|32|109|20|300|119|4H|N|10|DJ
9|32|80|178|225|270|4H|S|11|DA
9|32|39|201|207|211|4H|N|10|DJ
9|32|234|161|264|166|4H|S|11|S5
9|32|245|76|79|258|4H|N|11|H5
9|32|117|114|185|118|4H|N|10|DJ
9|32|204|173|238|59|4H|N|10|DJ
9|32|27|149|271|284|2H|S|11|C4
9|32|307|308|219|30|4H|N|11|H2
9|4|319|7|296|254|1N|S|9|C3
9|4|109|20|300|119|2S|N|9|D2
9|4|310|178|29|270|2D|N|9|D8
9|4|39|201|207|211|2D|N|11|D2
9|4|76|161|258|166|2N|S|7|H8
9|4|245|179|79|180|1N|N|6|H3
9|4|117|159|185|107|2N|S|7|H8
9|4|204|152|238|164|2N|S|7|H7
9|4|157|149|257|284|1N|N|8|H5
9|4|307|27|219|271|2N|S|6|H8
9|5|319|7|296|254|4SX|W|8|HQ
9|5|109|20|300|119|4SX|W|8|HQ
9|5|310|178|29|270|4H|N|10|DT
9|5|39|201|207|211|4SX|W|7|HQ
9|5|76|161|258|166|3HX|N|10|S4
9|5|245|179|79|180|4H|N|10|S2
9|5|117|159|185|107|4S|W|7|HQ
9|5|204|152|238|164|4H|N|9|S2
9|5|157|149|257|284|4H|N|10|D9
9|5|307|27|219|271|4H|N|10|DT
9|6|319|7|296|254|4H|S|10|CT
9|6|109|20|300|119|4H|N|9|DQ
9|6|310|178|29|270|3H|S|9|H6
9|6|39|201|207|211|3H|S|9|CJ
9|6|76|161|258|166|4HX|S|9|S4
9|6|245|179|79|180|4H|S|10|S5
9|6|117|159|185|107|3H|S|9|H6
9|6|204|152|238|164|1S|N|7|C5
9|6|157|149|257|284|3H|S|11|S4
9|6|307|27|219|271|4H|N|9|C5
9|7|319|7|296|254|6N|W|13|S4
9|7|109|20|300|119|6D|W|13|D7
9|7|310|178|29|270|6N|E|12|C3
9|7|39|201|207|211|6N|W|13|S4
9|7|76|161|258|166|6N|E|13|C3
9|7|245|179|79|180|4N|E|11|C2
9|7|117|159|185|107|6N|W|13|D8
9|7|204|152|238|164|6N|W|13|C5
9|7|157|149|257|284|6N|W|13|D7
9|7|307|27|219|271|5H|E|13|C6
9|8|319|7|296|254|1N|S|8|H6
9|8|109|20|300|119|1N|N|6|H9
9|8|310|178|29|270|3H|E|7|C3
9|8|39|201|207|211|2H|E|8|C5
9|8|76|161|258|166|P||0
9|8|245|179|79|180|2S|S|8|CQ
9|8|117|159|185|107|3C|S|9|H4
9|8|204|152|238|164|P||0
9|8|157|149|257|284|P||0
9|8|307|27|219|271|3H|W|9|CA
9|9|319|7|296|254|6H|S|13|D5
9|9|109|20|300|119|6H|N|13|SJ
9|9|310|178|29|270|6H|N|13|CJ
9|9|39|201|207|211|6H|N|13|SK
9|9|76|161|258|166|7H|N|13|CJ
9|9|245|179|79|180|6N|N|12|CJ
9|9|117|159|185|107|7H|N|13|SJ
9|9|204|152|238|164|6H|N|13|CJ
9|9|157|149|257|284|6H|N|13|CT
9|9|307|27|219|271|6H|N|13|D7
