1|1|176|218|190|124|3N|N|11|C4
1|1|274|150|132|74|3N|N|10|C3
1|1|85|10|51|208|3N|N|10|C3
1|1|261|306|313|213|3N|S|11|HT
1|1|155|69|256|252|3N|N|11|S9
1|1|112|62|88|175|3N|N|10|C4
1|1|174|298|192|37|3N|N|10|C4
1|1|141|209|302|106|3N|N|10|C4
1|1|243|240|292|215|3N|S|9|S4
1|1|170|177|167|52|3N|N|10|C4
1|10|176|218|190|124|2H|W|7|H7
1|10|274|150|132|74|1H|W|8|CQ
1|10|85|10|51|208|1H|W|10|C7
1|10|261|306|313|213|2H|W|8|C7
1|10|155|69|256|252|1N|E|5|S3
1|10|112|62|88|175|2C|W|10|C7
1|10|174|298|192|37|2H|E|7|DJ
1|10|141|209|302|106|1H|W|9|S4
1|10|243|240|292|215|2H|W|7|C7
1|10|170|177|167|52|1N|S|7|HA
1|11|176|218|190|124|2S|W|9|D2
1|11|274|150|132|74|3N|W|9|D8
1|11|85|10|51|208|2S|W|10|SA
1|11|261|306|313|213|3N|E|8|H9
1|11|155|69|256|252|3N|W|8|H3
1|11|112|62|88|175|2S|W|7|D9
1|11|174|298|192|37|2S|W|8|H5
1|11|141|209|302|106|2S|W|8|H5
1|11|243|240|292|215|3N|W|7|H5
1|11|170|177|167|52|2S|W|8|H3
1|12|176|218|190|124|6H|N|12|CJ
1|12|274|150|132|74|6N|N|12|CJ
1|12|85|10|51|208|6H|N|11|S2
1|12|261|306|313|213|6N|N|12|CJ
1|12|155|69|256|252|6N|N|12|CJ
1|12|112|62|88|175|6H|S|12|C6
1|12|174|298|192|37|6H|S|12|S6
1|12|141|209|302|106|6H|N|12|CJ
1|12|243|240|292|215|6N|N|12|CJ
1|12|170|177|167|52|6H|N|12|CJ
1|13|176|218|190|124|4S|N|10|S6
1|13|274|150|132|74|4S|N|10|DA
1|13|85|10|51|208|4S|N|10|DA
1|13|261|306|313|213|4S|N|10|S5
1|13|155|69|256|252|4S|N|11|HT
1|13|112|62|88|175|4S|N|10|C7
1|13|174|298|192|37|4S|N|10|S6
1|13|141|209|302|106|4S|N|11|HT
1|13|243|240|292|215|4S|N|11|HT
1|13|170|177|167|52|4S|N|10|S5
1|14|176|218|190|124|1N|E|7|CK
1|14|274|150|132|74|1N|E|5|CK
1|14|85|10|51|208|4H|W|8|SK
1|14|261|306|313|213|3H|E|7|CK
1|14|155|69|256|252|1N|E|6|CK
1|14|112|62|88|175|3H|W|8|SK
1|14|174|298|192|37|2H|E|8|CQ
1|14|141|209|302|106|3S|N|8|H3
1|14|243|240|292|215|1N|E|6|CK
1|14|170|177|167|52|2H|E|8|CK
1|15|176|218|190|124|4H|N|9|D9
1|15|274|150|132|74|3H|N|10|CK
1|15|85|10|51|208|4H|N|9|D6
1|15|261|306|313|213|2S|N|10|S3
1|15|155|69|256|252|3H|N|10|CK
1|15|112|62|88|175|3H|N|10|CK
1|15|174|298|192|37|4H|N|9|D6
1|15|141|209|302|106|4H|N|8|CK
1|15|243|240|292|215|3H|N|9|CK
1|15|170|177|167|52|3H|N|10|DT
1|16|176|218|190|124|1NXX|E|6|C3
1|16|274|150|132|74|2H|E|9|C5
1|16|85|10|51|208|2S|N|7|DA
1|16|261|306|313|213|3S|S|8|HT
1|16|155|69|256|252|2H|E|9|S5
1|16|112|62|88|175|3H|E|9|C6
1|16|174|298|192|37|2H|E|9|C4
1|16|141|209|302|106|2H|E|9|C4
1|16|243|240|292|215|2H|E|10|C4
1|16|170|177|167|52|2H|E|9|S4
1|17|176|218|190|124|3N|N|9
1|17|46|150|158|74|2N|N|8
1|17|108|303|98|140|2N|N|8
1|17|261|306|313|213|3N|N|10
1|17|155|69|256|252|3N|N|9
1|17|112|62|88|175|3N|N|8
1|17|174|141|192|302|3N|N|10
1|17|198|103|309|212|3N|N|9
1|17|177|121|52|70|3N|N|10
1|17|240|239|215|262|3N|N|7
1|18|176|218|190|124|4N|N|12
1|18|46|150|158|74|6N|S|12
1|18|108|303|98|140|6N|S|12
1|18|261|306|313|213|6N|S|12
1|18|155|69|256|252|6N|S|12
1|18|112|62|88|175|6N|S|12
1|18|174|141|192|302|6N|S|12
1|18|198|103|309|212|3N|S|13
1|18|177|121|52|70|6N|S|12
1|18|240|239|215|262|6N|S|12
1|19|176|218|190|124|2S|N|10
1|19|46|150|158|74|2S|S|9
1|19|108|303|98|140|1D|W|6
1|19|261|306|313|213|2S|S|9
1|19|155|69|256|252|2S|N|9
1|19|112|62|88|175|2S|S|10
1|19|174|141|192|302|4S|S|9
1|19|198|103|309|212|2N|S|9
1|19|177|121|52|70|2S|S|9
1|19|240|239|215|262|2S|S|10
1|2|176|218|190|124|3N|E|11|HJ
1|2|274|150|132|74|3N|E|10|HJ
1|2|85|10|51|208|3N|W|9|S4
1|2|261|306|313|213|3N|W|9|SA
1|2|155|69|256|252|3N|E|11|C6
1|2|112|62|88|175|3N|E|10|CT
1|2|174|298|192|37|3N|E|10|C4
1|2|141|209|302|106|3N|E|10|C9
1|2|243|240|292|215|3N|E|10|C4
1|2|170|177|167|52|3N|W|9|S4
1|20|176|218|190|124|3D|W|11
1|20|46|150|158|74|3D|E|11
1|20|108|303|98|140|3D|W|11
1|20|261|306|313|213|2D|W|10
1|20|155|69|256|252|3D|E|11
1|20|112|62|88|175|3D|W|10
1|20|174|141|192|302|3D|W|11
1|20|198|103|309|212|3D|W|11
1|20|177|121|52|70|3D|W|10
1|20|240|239|215|262|3D|W|10
1|21|176|218|190|124|1N|E|10
1|21|46|150|158|74|3N|E|10
1|21|108|303|98|140|3N|E|10
1|21|261|306|313|213|3N|E|10
1|21|155|69|256|252|3N|E|8
1|21|112|62|88|175|3N|E|8
1|21|174|141|192|302|3N|E|10
1|21|198|103|309|212|3N|W|9
1|21|177|121|52|70|3N|E|9
1|21|240|239|215|262|3N|E|10
1|22|176|218|190|124|2N|W|7
1|22|46|150|158|74|2H|S|9
1|22|108|303|98|140|3H|S|8
1|22|261|306|313|213|4H|S|10
1|22|155|69|256|252|3S|W|9
1|22|112|62|88|175|4H|N|10
1|22|174|141|192|302|4H|S|10
1|22|198|103|309|212|2S|W|8
1|22|177|121|52|70|2S|W|7
1|22|240|239|215|262|2S|W|7
1|23|176|218|190|124|2N|E|7
1|23|46|150|158|74|2N|E|7
1|23|108|303|98|140|2N|E|7
1|23|261|306|313|213|2N|E|8
1|23|155|69|256|252|2N|E|8
1|23|112|62|88|175|2N|E|7
1|23|174|141|192|302|2N|E|7
1|23|198|103|309|212|2N|E|8
1|23|177|121|52|70|2N|E|8
1|23|240|239|215|262|2N|W|8
1|24|176|218|190|124|4C|W|6
1|24|46|150|158|74|4S|N|10
1|24|108|303|98|140|4S|N|8
1|24|261|306|313|213|4C|W|10
1|24|155|69|256|252|4C|W|6
1|24|112|62|88|175|3N|N|9
1|24|174|141|192|302|4N|N|7
1|24|198|103|309|212|4S|N|7
1|24|177|121|52|70|3N|N|9
1|24|240|239|215|262|3C|W|7
1|25|176|218|190|124|3N|S|10
1|25|46|150|158|74|3N|S|10
1|25|108|303|98|140|3N|S|10
1|25|261|306|313|213|3N|N|10
1|25|155|69|256|252|3H|N|9
1|25|112|62|88|175|3N|S|10
1|25|174|141|192|302|3N|S|10
1|25|198|103|309|212|3N|N|11
1|25|177|121|52|70|3N|N|10
1|25|240|239|215|262|3N|S|11
1|26|176|218|190|124|3C|N|8
1|26|46|150|158|74|3C|N|9
1|26|108|303|98|140|3C|S|8
1|26|261|306|313|213|2S|E|7
1|26|155|69|256|252|3C|S|9
1|26|112|62|88|175|3H|E|9
1|26|174|141|192|302|4C|S|9
1|26|198|103|309|212|4C|N|8
1|26|177|121|52|70|3S|E|7
1|26|240|239|215|262|3C|N|9
1|27|176|218|190|124|3N|E|9
1|27|46|150|158|74|4H|W|9
1|27|108|303|98|140|3H|W|8
1|27|261|306|313|213|4H|W|9
1|27|155|69|256|252|1S|N|5
1|27|112|62|88|175|4H|W|9
1|27|174|141|192|302|4H|W|9
1|27|198|103|309|212|4H|W|9
1|27|177|121|52|70|4H|W|9
1|27|240|239|215|262|4H|W|9
1|28|176|218|190|124|3H|E|9
1|28|46|150|158|74|4H|E|11
1|28|108|303|98|140|3H|E|10
1|28|261|306|313|213|4H|E|9
1|28|155|69|256|252|4H|E|10
1|28|112|62|88|175|2H|E|10
1|28|174|141|192|302|4H|E|11
1|28|198|103|309|212|3H|E|10
1|28|177|121|52|70|3H|E|10
1|28|240|239|215|262|4H|E|8
1|29|176|218|190|124|5D|S|12
1|29|46|150|158|74|2N|S|10
1|29|108|303|98|140|3N|S|11
1|29|261|306|313|213|3N|S|9
1|29|155|69|256|252|3D|N|11
1|29|112|62|88|175|5D|N|12
1|29|174|141|192|302|3N|S|10
1|29|198|103|309|212|3N|S|10
1|29|177|121|52|70|3N|S|10
1|29|240|239|215|262|3N|S|10
1|3|176|218|190|124|6S|W|12|D6
1|3|274|150|132|74|4S|W|11|D6
1|3|85|10|51|208|4S|E|12|DQ
1|3|261|306|313|213|6S|E|12|DK
1|3|155|69|256|252|5S|E|11|CQ
1|3|112|62|88|175|4S|E|11|CQ
1|3|174|298|192|37|4S|W|12|C5
1|3|141|209|302|106|4S|E|11|CQ
1|3|243|240|292|215|4S|E|12|DK
1|3|170|177|167|52|4S|E|12|DK
1|30|176|218|190|124|1N|E|7
1|30|46|150|158|74|2H|S|8
1|30|108|303|98|140|2N|N|10
1|30|261|306|313|213|2H|S|8
1|30|155|69|256|252|2H|S|9
1|30|112|62|88|175|3D|E|7
1|30|174|141|192|302|1H|S|9
1|30|198|103|309|212|1H|S|9
1|30|177|121|52|70|2H|S|8
1|30|240|239|215|262|2N|N|9
1|31|176|218|190|124|3S|E|7
1|31|46|150|158|74|3N|N|7
1|31|108|303|98|140|2S|E|8
1|31|261|306|313|213|4S|E|10
1|31|155|69|256|252|2S|E|8
1|31|112|62|88|175|2S|E|8
1|31|174|141|192|302|2S|E|8
1|31|198|103|309|212|3S|E|9
1|31|177|121|52|70|3S|E|9
1|31|240|239|215|262|3S|E|7
1|32|176|218|190|124|3S|E|10
1|32|46|150|158|74|3S|E|9
1|32|108|303|98|140|3S|E|10
1|32|261|306|313|213|4S|E|10
1|32|155|69|256|252|2S|E|11
1|32|112|62|88|175|2S|E|10
1|32|174|141|192|302|2C|W|5
1|32|198|103|309|212|2C|W|6
1|32|177|121|52|70|2S|E|10
1|32|240|239|215|262|4S|E|10
1|4|176|218|190|124|2H|W|7|H5
1|4|274|150|132|74|2S|W|7|C4
1|4|85|10|51|208|2S|W|8|C4
1|4|261|306|313|213|2D|E|6|H4
1|4|155|69|256|252|2S|W|7|C3
1|4|112|62|88|175|2H|W|6|H5
1|4|174|298|192|37|3D|E|6|H4
1|4|141|209|302|106|2S|W|7|C3
1|4|243|240|292|215|3C|S|9|HK
1|4|170|177|167|52|2S|W|7|C4
1|5|176|218|190|124|4SX|W|9|H4
1|5|274|150|132|74|1N|N|8|DJ
1|5|85|10|51|208|3S|W|9|H4
1|5|261|306|313|213|1N|S|6|S2
1|5|155|69|256|252|2S|E|9|S8
1|5|112|62|88|175|2C|N|8|S3
1|5|174|298|192|37|1N|S|6|C7
1|5|141|209|302|106|3D|E|8|H6
1|5|243|240|292|215|2N|N|7|DJ
1|5|170|177|167|52|1N|N|6|D6
1|6|176|218|190|124|3N|W|8|H9
1|6|274|150|132|74|4HX|S|6|CA
1|6|85|10|51|208|3N|W|7|H9
1|6|261|306|313|213|3H|S|7|CA
1|6|155|69|256|252|3N|W|8|H6
1|6|112|62|88|175|5D|E|10|S4
1|6|174|298|192|37|5D|W|10|H6
1|6|141|209|302|106|3N|W|6|H6
1|6|243|240|292|215|3NX|W|7|H6
1|6|170|177|167|52|3N|E|8|H7
1|7|176|218|190|124|3N|N|9|S4
1|7|274|150|132|74|3N|N|10|S4
1|7|85|10|51|208|3N|N|11|CJ
1|7|261|306|313|213|3N|N|12|SJ
1|7|155|69|256|252|3N|S|11|DQ
1|7|112|62|88|175|3S|E|7|HK
1|7|174|298|192|37|3N|N|9|SJ
1|7|141|209|302|106|4H|N|11|CJ
1|7|243|240|292|215|3N|N|9|SJ
1|7|170|177|167|52|3N|N|9|SJ
1|8|176|218|190|124|2S|W|8|DK
1|8|274|150|132|74|3N|W|9|C3
1|8|85|10|51|208|3N|W|9|HT
1|8|261|306|313|213|3N|W|8|HT
1|8|155|69|256|252|3N|W|8|C3
1|8|112|62|88|175|4SX|W|8|DK
1|8|174|298|192|37|3N|W|10|HT
1|8|141|209|302|106|4S|W|8|HT
1|8|243|240|292|215|4S|W|7|DK
1|8|170|177|167|52|4S|W|8|H9
1|9|176|218|190|124|4H|N|7|DK
1|9|274|150|132|74|3S|E|7|HQ
1|9|85|10|51|208|4H|N|9|DK
1|9|261|306|313|213|4HX|N|7|DK
1|9|155|69|256|252|3H|N|9|C6
1|9|112|62|88|175|4H|N|8|DK
1|9|174|298|192|37|4H|N|8|DK
1|9|141|209|302|106|3H|N|9|DK
1|9|243|240|292|215|3N|E|5|HQ
1|9|170|177|167|52|4HX|N|8|C2
2|1|10|176|208|190|3N|S|11|H7
2|1|150|261|74|313|3N|S|11|H7
2|1|69|85|252|51|3N|S|12|H7
2|1|108|112|98|88|3N|N|12|H5
2|1|198|62|309|175|3N|S|12|H7
2|1|155|298|256|37|3N|N|12|H2
2|1|121|209|70|106|3N|S|12|H7
2|1|103|170|212|167|3N|N|12|H5
2|1|4|239|132|262|5C|N|12|HQ
2|1|243|46|292|158|5C|N|11|C8
2|10|10|176|208|190|3C|N|9|S3
2|10|150|261|74|313|3C|N|10|S9
2|10|69|85|252|51|2H|S|7|SA
2|10|108|112|98|88|3N|S|10|S6
2|10|198|62|309|175|2S|W|7|CK
2|10|155|298|256|37|4H|S|8|SA
2|10|121|209|70|106|2C|N|10|S9
2|10|103|170|212|167|3N|S|8|S6
2|10|4|239|132|262|3C|N|9|S9
2|10|243|46|292|158|2C|N|9|S9
2|11|10|176|208|190|5D|S|10|C2
2|11|150|261|74|313|3N|S|8|H6
2|11|69|85|252|51|5D|S|10|C2
2|11|108|112|98|88|3N|N|8|S9
2|11|198|62|309|175|3NX|S|8|H6
2|11|155|298|256|37|5D|S|11|SA
2|11|121|209|70|106|3D|S|10|C6
2|11|103|170|212|167|3D|S|10|H6
2|11|4|239|132|262|4HX|N|8|DT
2|11|243|46|292|158|3N|S|6|C6
2|12|10|176|208|190|4H|N|10|D3
2|12|150|261|74|313|4SX|W|7|SA
2|12|69|85|252|51|4H|S|10|S5
2|12|108|112|98|88|4H|S|11|C7
2|12|198|62|309|175|5H|S|10|S5
2|12|155|298|256|37|4H|N|10|S2
2|12|121|209|70|106|4H|S|10|S6
2|12|103|170|212|167|5H|N|11|SK
2|12|4|239|132|262|4SX|W|7|SA
2|12|243|46|292|158|5H|S|10|S6
2|13|10|176|208|190|4N|E|10|S5
2|13|150|261|74|313|6N|W|10|S7
2|13|69|85|252|51|4N|E|10|S6
2|13|108|112|98|88|3N|E|10|C7
2|13|198|62|309|175|3N|W|10|C3
2|13|155|298|256|37|4N|E|10|S5
2|13|121|209|70|106|4N|E|11|S5
2|13|103|170|212|167|3N|E|11|H6
2|13|4|239|132|262|3N|E|10|S5
2|13|243|46|292|158|3N|E|10|S3
2|14|10|176|208|190|2C|N|9|S7
2|14|150|261|74|313|2HX|S|7|H5
2|14|69|85|252|51|1N|W|7|CT
2|14|108|112|98|88|2CX|S|8|CJ
2|14|198|62|309|175|2C|N|8|HQ
2|14|155|298|256|37|1NX|N|7|C4
2|14|121|209|70|106|1N|E|6|S2
2|14|103|170|212|167|2S|W|7|HK
2|14|4|239|132|262|2S|E|8|DA
2|14|243|46|292|158|3CX|N|8|CA
2|15|10|176|208|190|3N|N|9|H5
2|15|150|261|74|313|6C|S|11|S2
2|15|69|85|252|51|3N|S|9|HQ
2|15|108|112|98|88|3DX|W|6|SK
2|15|198|62|309|175|3N|S|9|D5
2|15|155|298|256|37|6C|S|10|HK
2|15|121|209|70|106|3N|N|10|S3
2|15|103|170|212|167|3N|S|10|D6
2|15|4|239|132|262|3N|N|9|SQ
2|15|243|46|292|158|3N|N|9|SQ
2|16|10|176|208|190|4SX|S|5|DA
2|16|150|261|74|313|3N|W|9|S4
2|16|69|85|252|51|3N|W|10|S2
2|16|108|112|98|88|3N|W|9|S2
2|16|198|62|309|175|3N|W|10|S4
2|16|155|298|256|37|3N|W|10|C3
2|16|121|209|70|106|3N|W|10|S2
2|16|103|170|212|167|3N|W|12|C4
2|16|4|239|132|262|3N|W|10|S4
2|16|243|46|292|158|3N|W|9|S4
2|17|261|150|313|74|4S|S|11|DK
2|17|176|10|190|208|4S|S|11|DK
2|17|112|306|88|213|4S|S|12|DK
2|17|108|69|98|252|4S|N|11|C9
2|17|141|62|302|175|6S|N|12|H3
2|17|249|298|56|37|4S|S|11|DK
2|17|240|174|215|192|3N|S|11|DJ
2|17|209|170|106|167|4S|S|10|DK
2|17|46|239|158|262|4S|N|11|C4
2|17|177|218|52|124|6S|N|12|H2
2|18|261|150|313|74|6H|W|13|S4
2|18|176|10|190|208|6H|E|12|S2
2|18|112|306|88|213|4H|E|13|DQ
2|18|108|69|98|252|6H|W|13|D6
2|18|141|62|302|175|6H|E|12|C2
2|18|249|298|56|37|6H|E|13|C2
2|18|240|174|215|192|6H|W|12|C7
2|18|209|170|106|167|6H|E|12|C8
2|18|46|239|158|262|6H|E|12|C2
2|18|177|218|52|124|6H|W|13|C7
2|19|261|150|313|74|2S|N|8|CA
2|19|176|10|190|208|2S|N|8|CA
2|19|112|306|88|213|2S|N|8|HA
2|19|108|69|98|252|2S|N|8|CA
2|19|141|62|302|175|2S|N|8|CA
2|19|249|298|56|37|3H|E|9|SK
2|19|240|174|215|192|2S|N|8|CK
2|19|209|170|106|167|2S|N|9|CA
2|19|46|239|158|262|2S|N|7|CA
2|19|177|218|52|124|3H|E|8|SK
2|2|10|176|208|190|3N|S|9|H5
2|2|150|261|74|313|4S|N|10|D5
2|2|69|85|252|51|3N|S|10|H5
2|2|108|112|98|88|3N|S|10|H9
2|2|198|62|309|175|4S|S|11|C8
2|2|155|298|256|37|4S|S|9|H9
2|2|121|209|70|106|4S|N|10|HJ
2|2|103|170|212|167|4S|N|9|HT
2|2|4|239|132|262|4S|S|11|C8
2|2|243|46|292|158|5S|N|10|C2
2|20|261|150|313|74|4H|S|10|C5
2|20|176|10|190|208|4H|N|9|D2
2|20|112|306|88|213|4H|N|10|CJ
2|20|108|69|98|252|3N|S|9|C9
2|20|141|62|302|175|3N|S|8|D3
2|20|249|298|56|37|3N|S|8|D5
2|20|240|174|215|192|4H|N|10|SQ
2|20|209|170|106|167|2H|N|10|CJ
2|20|46|239|158|262|2H|N|10|CJ
2|20|177|218|52|124|4H|N|9|DA
2|21|261|150|313|74|3S|S|10|S3
2|21|176|10|190|208|3C|E|11|D3
2|21|112|306|88|213|3D|W|12|HK
2|21|108|69|98|252|2S|S|8|DA
2|21|141|62|302|175|2S|S|9|S4
2|21|249|298|56|37|2S|S|10|S3
2|21|240|174|215|192|4C|W|9|HK
2|21|209|170|106|167|2S|S|10|S4
2|21|46|239|158|262|2S|S|9|S3
2|21|177|218|52|124|4D|W|11|S2
2|22|261|150|313|74|3N|E|8|D2
2|22|176|10|190|208|3N|W|9|H9
2|22|112|306|88|213|3N|W|9|S5
2|22|108|69|98|252|2N|E|7|SJ
2|22|141|62|302|175|2N|W|8|S5
2|22|249|298|56|37|3N|E|9|D2
2|22|240|174|215|192|3N|E|8|SJ
2|22|209|170|106|167|2N|W|8|S5
2|22|46|239|158|262|3N|W|8|S3
2|22|177|218|52|124|3N|E|8|D2
2|23|261|150|313|74|2H|N|4|C3
2|23|176|10|190|208|3N|E|8|S3
2|23|112|306|88|213|3N|W|9|H4
2|23|108|69|98|252|3N|E|10|S3
2|23|141|62|302|175|1H|W|8|D4
2|23|249|298|56|37|3N|E|7|S8
2|23|240|174|215|192|2N|E|8|S5
2|23|209|170|106|167|2N|E|7|S3
2|23|46|239|158|262|3C|E|10|S5
2|23|177|218|52|124|3C|E|10|S3
2|24|261|150|313|74|4S|W|10|CJ
2|24|176|10|190|208|3N|W|10|H3
2|24|112|306|88|213|4S|W|9|H3
2|24|108|69|98|252|3N|W|10|H8
2|24|141|62|302|175|4S|W|10|CJ
2|24|249|298|56|37|4S|W|10|CJ
2|24|240|174|215|192|4S|W|10|H2
2|24|209|170|106|167|4S|W|10|CJ
2|24|46|239|158|262|4S|W|10|H2
2|24|177|218|52|124|4S|W|9|H3
2|25|261|150|313|74|2D|S|9|S9
2|25|176|10|190|208|2S|E|9|D3
2|25|112|306|88|213|3H|N|6|SK
2|25|108|69|98|252|2S|W|7|D9
2|25|141|62|302|175|3N|S|9|C6
2|25|249|298|56|37|3D|S|9|S9
2|25|240|174|215|192|2S|E|9|HA
2|25|209|170|106|167|3D|S|9|S9
2|25|46|239|158|262|2S|W|7|C2
2|25|177|218|52|124|3H|N|8|DQ
2|26|261|150|313|74|4S|N|9|H6
2|26|176|10|190|208|4SX|N|10|H6
2|26|112|306|88|213|5DX|E|9|SK
2|26|108|69|98|252|4H|W|9|ST
2|26|141|62|302|175|4SX|N|9|H5
2|26|249|298|56|37|4S|S|9|HK
2|26|240|174|215|192|4SX|S|10|DK
2|26|209|170|106|167|3H|W|10|SJ
2|26|46|239|158|262|4H|W|8|SJ
2|26|177|218|52|124|4H|W|9|SJ
2|27|261|150|313|74|3D|N|7|C4
2|27|176|10|190|208|2D|N|7|H4
2|27|112|306|88|213|3DX|N|8|S7
2|27|108|69|98|252|2D|S|7|SA
2|27|141|62|302|175|2N|W|7|DK
2|27|249|298|56|37|3D|N|8|S6
2|27|240|174|215|192|3DX|N|7|D8
2|27|209|170|106|167|3N|E|8|S4
2|27|46|239|158|262|2HX|S|4|H9
2|27|177|218|52|124|2H|E|8|D3
2|28|261|150|313|74|2S|N|6|D4
2|28|176|10|190|208|3N|E|8|S2
2|28|112|306|88|213|2N|E|9|S5
2|28|108|69|98|252|1N|E|9|S5
2|28|141|62|302|175|3N|E|8|S5
2|28|249|298|56|37|3N|E|8|S5
2|28|240|174|215|192|1N|W|7|H2
2|28|209|170|106|167|3N|E|8|S5
2|28|46|239|158|262|1N|E|9|S4
2|28|177|218|52|124|1N|W|8|H6
2|29|261|150|313|74|2H|E|8|DT
2|29|176|10|190|208|2H|E|8|DT
2|29|112|306|88|213|2H|E|8|DT
2|29|108|69|98|252|1N|W|6|C4
2|29|141|62|302|175|2H|E|9|DT
2|29|249|298|56|37|1S|E|8|DT
2|29|240|174|215|192|2H|W|9|HA
2|29|209|170|106|167|2H|E|8|DT
2|29|46|239|158|262|2H|E|9|DT
2|29|177|218|52|124|3H|E|8|CA
2|3|10|176|208|190|3N|N|9|SA
2|3|150|261|74|313|3N|N|9|D7
2|3|69|85|252|51|3N|S|10|S5
2|3|108|112|98|88|3N|S|8|H6
2|3|198|62|309|175|3N|S|11|S5
2|3|155|298|256|37|3N|S|9|H6
2|3|121|209|70|106|3N|N|9|S2
2|3|103|170|212|167|3N|S|9|H8
2|3|4|239|132|262|3N|N|10|SA
2|3|243|46|292|158|5C|N|10|SA
2|30|261|150|313|74|5D|S|13|HJ
2|30|176|10|190|208|6D|S|12|S2
2|30|112|306|88|213|3N|S|13|S5
2|30|108|69|98|252|6D|N|13|H7
2|30|141|62|302|175|6D|S|12|D3
2|30|249|298|56|37|6D|S|13|S2
2|30|240|174|215|192|6D|S|12|S2
2|30|209|170|106|167|6D|N|12|S4
2|30|46|239|158|262|6N|S|12|S2
2|30|177|218|52|124|6D|S|12|S2
2|31|261|150|313|74|2S|N|8|DK
2|31|176|10|190|208|4H|S|9|CK
2|31|112|306|88|213|4H|S|9|CK
2|31|108|69|98|252|3H|S|9|ST
2|31|141|62|302|175|3H|S|9|CK
2|31|249|298|56|37|3H|S|9|CK
2|31|240|174|215|192|4D|E|6|SA
2|31|209|170|106|167|4H|S|9|CK
2|31|46|239|158|262|3H|S|9|CK
2|31|177|218|52|124|4H|S|9|CK
2|32|261|150|313|74|4S|S|9|CK
2|32|176|10|190|208|4H|E|10|H5
2|32|112|306|88|213|5HX|E|10|D9
2|32|108|69|98|252|4SX|S|9|CK
2|32|141|62|302|175|5H|W|10|DA
2|32|249|298|56|37|5S|S|11|H4
2|32|240|174|215|192|5HX|W|10|DA
2|32|209|170|106|167|5H|W|10|DA
2|32|46|239|158|262|4S|S|9|CK
2|32|177|218|52|124|6HX|E|10|SK
2|4|10|176|208|190|3N|E|7|C5
2|4|150|261|74|313|4S|W|11|HQ
2|4|69|85|252|51|3D|W|10|HQ
2|4|108|112|98|88|5D|W|10|HK
2|4|198|62|309|175|3D|W|11|HA
2|4|155|298|256|37|3D|W|10|HA
2|4|121|209|70|106|5D|W|10|HA
2|4|103|170|212|167|3N|E|7|H4
2|4|4|239|132|262|3D|W|10|HA
2|4|243|46|292|158|3D|W|10|HA
2|5|10|176|208|190|1N|S|8|S3
2|5|150|261|74|313|2S|S|8|HQ
2|5|69|85|252|51|4SX|S|8|S5
2|5|108|112|98|88|3S|S|7|HQ
2|5|198|62|309|175|3D|E|10|CQ
2|5|155|298|256|37|2S|S|8|HQ
2|5|121|209|70|106|4S|S|8|D8
2|5|103|170|212|167|4S|S|7|HQ
2|5|4|239|132|262|4H|N|7|DA
2|5|243|46|292|158|3S|S|8|HQ
2|6|10|176|208|190|2S|S|5|DK
2|6|150|261|74|313|1H|E|8|C7
2|6|69|85|252|51|1N|W|8|CQ
2|6|108|112|98|88|1N|W|8|CJ
2|6|198|62|309|175|1H|E|8|C7
2|6|155|298|256|37|P||0
2|6|121|209|70|106|P||0
2|6|103|170|212|167|1H|E|7|H3
2|6|4|239|132|262|2CX|N|6|HK
2|6|243|46|292|158|1N|W|8|CQ
2|7|10|176|208|190|4S|E|10|HQ
2|7|150|261|74|313|5S|E|10|HQ
2|7|69|85|252|51|5HX|S|10|SQ
2|7|108|112|98|88|4S|E|10|HK
2|7|198|62|309|175|5HX|S|10|SQ
2|7|155|298|256|37|5DX|S|11|SQ
2|7|121|209|70|106|4S|E|10|HK
2|7|103|170|212|167|4S|W|10|CJ
2|7|4|239|132|262|4S|E|11|HK
2|7|243|46|292|158|3S|E|10|HA
2|8|10|176|208|190|4S|S|10|HA
2|8|150|261|74|313|4S|S|10|HA
2|8|69|85|252|51|2S|S|10|HK
2|8|108|112|98|88|2S|S|10|HA
2|8|198|62|309|175|2S|N|11|H6
2|8|155|298|256|37|3S|S|10|HA
2|8|121|209|70|106|3S|S|10|HA
2|8|103|170|212|167|3S|S|10|HA
2|8|4|239|132|262|2S|N|10|H3
2|8|243|46|292|158|2S|S|10|HA
2|9|10|176|208|190|3N|W|12|S2
2|9|150|261|74|313|3N|W|11|HT
2|9|69|85|252|51|3N|W|12|HT
2|9|108|112|98|88|3N|W|11|HT
2|9|198|62|309|175|3N|W|11|S7
2|9|155|298|256|37|3N|W|11|H3
2|9|121|209|70|106|3N|W|12|H8
2|9|103|170|212|167|3N|W|11|S7
2|9|4|239|132|262|3N|W|13|HT
2|9|243|46|292|158|3N|W|11|S7
3|1|176|69|190|252|3C|W|8|DA
3|1|112|150|88|74|2D|N|7|SA
3|1|85|198|51|309|1N|W|10|H4
3|1|298|108|37|98|3C|W|8|DA
3|1|155|170|256|167|1N|W|8|S2
3|1|121|249|70|56|3C|W|8|DA
3|1|209|239|106|262|3C|W|8|H8
3|1|243|103|292|212|2H|W|6|DA
3|1|303|46|140|158|2C|W|8|DA
3|1|4|10|132|208|1N|W|9|D4
3|10|176|69|190|252|2H|E|6|D5
3|10|112|150|88|74|3C|S|8|D2
3|10|85|198|51|309|2H|E|7|H2
3|10|298|108|37|98|4H|W|9|CJ
3|10|155|170|256|167|3S|W|9|DQ
3|10|121|249|70|56|3S|W|9|CJ
3|10|209|239|106|262|3C|S|7|S8
3|10|243|103|292|212|4S|W|9|CJ
3|10|303|46|140|158|3C|S|8|C3
3|10|4|10|132|208|4S|W|10|CJ
3|11|176|69|190|252|3S|E|10|HA
3|11|112|150|88|74|4S|E|10|S9
3|11|85|198|51|309|4S|E|10|HK
3|11|298|108|37|98|3S|W|10|CJ
3|11|155|170|256|167|4S|W|10|CJ
3|11|121|249|70|56|4S|E|10|HA
3|11|209|239|106|262|2S|W|10|CJ
3|11|243|103|292|212|4S|E|10|HA
3|11|303|46|140|158|3S|W|10|CJ
3|11|4|10|132|208|4S|E|10|HA
3|12|176|69|190|252|3N|S|9|H3
3|12|112|150|88|74|3N|S|9|S3
3|12|85|198|51|309|3N|S|9|CJ
3|12|298|108|37|98|3N|S|10|S3
3|12|155|170|256|167|3N|S|10|CJ
3|12|121|249|70|56|3N|S|10|S5
3|12|209|239|106|262|3N|S|9|D5
3|12|243|103|292|212|3N|S|8|S3
3|12|303|46|140|158|3N|S|10|H3
3|12|4|10|132|208|3N|S|9|D3
3|13|176|69|190|252|7H|S|13|SQ
3|13|112|150|88|74|7H|S|13|SQ
3|13|85|198|51|309|7H|S|13|C4
3|13|298|108|37|98|6H|S|13|SJ
3|13|155|170|256|167|6H|S|13|D4
3|13|121|249|70|56|7H|S|13|H4
3|13|209|239|106|262|7H|S|13|C4
3|13|243|103|292|212|7H|N|13|D5
3|13|303|46|140|158|6H|S|13|H4
3|13|4|10|132|208|6H|S|13|DK
3|14|176|69|190|252|2S|W|6|C7
3|14|112|150|88|74|3N|N|9|S4
3|14|85|198|51|309|2S|E|5|DK
3|14|298|108|37|98|3N|N|8|S4
3|14|155|170|256|167|3C|S|8|H4
3|14|121|249|70|56|3C|S|9|DQ
3|14|209|239|106|262|2S|W|7|C4
3|14|243|103|292|212|2S|W|6|C4
3|14|303|46|140|158|3N|N|9|S4
3|14|4|10|132|208|2S|W|6|C4
3|15|176|69|190|252|3N|E|5|S6
3|15|112|150|88|74|4S|E|9|D2
3|15|85|198|51|309|3C|S|9|D5
3|15|298|108|37|98|3C|S|9|HT
3|15|155|170|256|167|3C|S|9|HT
3|15|121|249|70|56|4S|E|9|D2
3|15|209|239|106|262|3C|S|9|D5
3|15|243|103|292|212|3N|E|11|C7
3|15|303|46|140|158|4S|E|10|D2
3|15|4|10|132|208|4S|E|10|C3
3|16|176|69|190|252|3N|S|10|C3
3|16|112|150|88|74|4S|N|9|C8
3|16|85|198|51|309|3N|S|10|HT
3|16|298|108|37|98|3N|S|10|C4
3|16|155|170|256|167|3N|S|10|HT
3|16|121|249|70|56|3N|N|11|D5
3|16|209|239|106|262|3N|S|10|HT
3|16|243|103|292|212|3N|N|10|H2
3|16|303|46|140|158|4S|N|8|C8
3|16|4|10|132|208|3N|N|10|H2
3|17|176|69|190|252|1N|E|9|DT
3|17|112|150|88|74|3N|E|9|DT
3|17|85|198|51|309|2N|E|9|S2
3|17|141|306|302|213|4H|E|7|CT
3|17|62|240|175|215|2H|W|7|S4
3|17|121|249|70|56|2H|W|7|CJ
3|17|174|177|192|52|3N|E|9|S3
3|17|243|103|292|212|2H|E|7|CT
3|17|303|274|140|132|4H|W|7|DA
3|17|218|10|124|208|3N|E|9|S2
3|18|176|69|190|252|4H|W|12|C4
3|18|112|150|88|74|4H|E|12|ST
3|18|85|198|51|309|4H|E|11|D5
3|18|141|306|302|213|4S|E|7|D5
3|18|62|240|175|215|4H|W|12|C4
3|18|121|249|70|56|4H|E|11|D7
3|18|174|177|192|52|4H|E|11|ST
3|18|243|103|292|212|4H|E|12|ST
3|18|303|274|140|132|4H|E|11|D7
3|18|218|10|124|208|4H|E|12|ST
3|19|176|69|190|252|6HX|N|11|S2
3|19|112|150|88|74|5D|S|11|SA
3|19|85|198|51|309|6H|S|11|SA
3|19|141|306|302|213|4H|S|11|SA
3|19|62|240|175|215|4H|S|12|C7
3|19|121|249|70|56|6H|S|11|DJ
3|19|174|177|192|52|6H|N|11|S2
3|19|243|103|292|212|5H|S|11|SA
3|19|303|274|140|132|5H|S|11|SA
3|19|218|10|124|208|6H|S|12|C7
3|2|176|69|190|252|4H|E|9|H5
3|2|112|150|88|74|4H|E|10|DJ
3|2|85|198|51|309|4H|E|9|C7
3|2|298|108|37|98|4H|E|9|DJ
3|2|155|170|256|167|4H|W|10|S3
3|2|121|249|70|56|4H|E|10|DJ
3|2|209|239|106|262|4H|W|10|DA
3|2|243|103|292|212|4H|W|10|S3
3|2|303|46|140|158|4H|E|10|DJ
3|2|4|10|132|208|4H|W|10|DA
3|20|176|69|190|252|3C|S|8|HT
3|20|112|150|88|74|3C|S|8|H5
3|20|85|198|51|309|2HX|E|7|SJ
3|20|141|306|302|213|1N|E|6|C6
3|20|62|240|175|215|2C|N|8|C4
3|20|121|249|70|56|1N|E|6|C6
3|20|174|177|192|52|1N|E|7|C3
3|20|243|103|292|212|2C|N|9|CA
3|20|303|274|140|132|1N|E|6|C6
3|20|218|10|124|208|2DX|N|9|D4
3|21|176|69|190|252|3H|S|10|S9
3|21|112|150|88|74|4H|S|10|S9
3|21|85|198|51|309|4H|S|10|S9
3|21|141|306|302|213|5CX|W|10|H4
3|21|62|240|175|215|3H|S|10|S9
3|21|121|249|70|56|4C|W|10|HK
3|21|174|177|192|52|4H|S|9|H7
3|21|243|103|292|212|4H|S|10|S9
3|21|303|274|140|132|4HX|S|10|S9
3|21|218|10|124|208|5C|W|8|HK
3|22|176|69|190|252|1N|S|7|ST
3|22|112|150|88|74|1N|S|5|D5
3|22|85|198|51|309|1N|S|9|SQ
3|22|141|306|302|213|1N|S|6|H6
3|22|62|240|175|215|1N|S|6|SQ
3|22|121|249|70|56|3N|S|9|ST
3|22|174|177|192|52|1N|S|6|ST
3|22|243|103|292|212|2N|S|5|H7
3|22|303|274|140|132|1N|S|8|ST
3|22|218|10|124|208|2N|S|8|SA
3|23|176|69|190|252|2D|S|10|D2
3|23|112|150|88|74|2D|S|9|D8
3|23|85|198|51|309|2D|S|8|D2
3|23|141|306|302|213|2D|S|8|D2
3|23|62|240|175|215|3D|S|9|H2
3|23|121|249|70|56|5D|S|9|CA
3|23|174|177|192|52|3D|S|10|H6
3|23|243|103|292|212|3H|W|5|SQ
3|23|303|274|140|132|2D|S|8|D2
3|23|218|10|124|208|2D|S|9|D2
3|24|176|69|190|252|4H|W|12|CQ
3|24|112|150|88|74|5H|W|12|CJ
3|24|85|198|51|309|4H|W|12|CQ
3|24|141|306|302|213|6H|E|12|DQ
3|24|62|240|175|215|5H|W|12|S6
3|24|121|249|70|56|4H|W|12|CQ
3|24|174|177|192|52|4H|W|12|CJ
3|24|243|103|292|212|4H|W|12|CQ
3|24|303|274|140|132|6H|W|12|CQ
3|24|218|10|124|208|4H|W|12|S3
3|25|176|69|190|252|2S|S|7|DA
3|25|112|150|88|74|2H|W|8|CA
3|25|85|198|51|309|4H|W|8|CK
3|25|141|306|302|213|4H|W|8|CA
3|25|62|240|175|215|3H|W|8|CA
3|25|121|249|70|56|3H|W|8|CA
3|25|174|177|192|52|2H|W|8|CK
3|25|243|103|292|212|3H|W|8|CA
3|25|303|274|140|132|2S|S|7|CT
3|25|218|10|124|208|2H|W|8|CA
3|26|176|69|190|252|3S|N|9|DK
3|26|112|150|88|74|3S|N|8|DK
3|26|85|198|51|309|2S|N|8|DK
3|26|141|306|302|213|4H|E|9|H6
3|26|62|240|175|215|3H|E|8|CK
3|26|121|249|70|56|1N|E|8|DT
3|26|174|177|192|52|1N|E|9|D9
3|26|243|103|292|212|1N|E|8|D9
3|26|303|274|140|132|1N|E|9|DT
3|26|218|10|124|208|1N|E|9|DT
3|27|176|69|190|252|4S|E|9|HA
3|27|112|150|88|74|3N|W|6|CK
3|27|85|198|51|309|4S|E|12|DT
3|27|141|306|302|213|5CX|N|8|HQ
3|27|62|240|175|215|4S|E|9|HA
3|27|121|249|70|56|4S|E|9|CA
3|27|174|177|192|52|4S|E|9|HA
3|27|243|103|292|212|5D|W|9|CK
3|27|303|274|140|132|4S|E|12|DT
3|27|218|10|124|208|4S|E|12|DT
3|28|176|69|190|252|4S|N|10|H4
3|28|112|150|88|74|4S|S|10|CJ
3|28|85|198|51|309|3N|N|8|H5
3|28|141|306|302|213|2N|N|10|H8
3|28|62|240|175|215|4S|N|10|H5
3|28|121|249|70|56|3S|N|10|H5
3|28|174|177|192|52|4S|N|10|H4
3|28|243|103|292|212|4S|N|10|H5
3|28|303|274|140|132|3S|N|10|H4
3|28|218|10|124|208|3N|N|10|H5
3|29|176|69|190|252|3N|E|9|DT
3|29|112|150|88|74|3N|E|9|DT
3|29|85|198|51|309|3N|E|11|DT
3|29|141|306|302|213|2S|N|4|D5
3|29|62|240|175|215|3N|E|9|DT
3|29|121|249|70|56|2H|N|6|H2
3|29|174|177|192|52|3N|W|10|DQ
3|29|243|103|292|212|3N|W|10|DQ
3|29|303|274|140|132|3N|E|4|DT
3|29|218|10|124|208|2SX|N|5|H2
3|3|176|69|190|252|4SX|S|9|CJ
3|3|112|150|88|74|4SX|S|9|D6
3|3|85|198|51|309|3S|S|8|D6
3|3|298|108|37|98|4SX|S|8|CT
3|3|155|170|256|167|5SX|S|9|HA
3|3|121|249|70|56|4SX|S|9|D6
3|3|209|239|106|262|5H|W|11|SA
3|3|243|103|292|212|4SX|S|9|CJ
3|3|303|46|140|158|4SX|S|9|C2
3|3|4|10|132|208|5H|W|11|SA
3|30|176|69|190|252|4S|S|10|HA
3|30|112|150|88|74|4S|S|10|HA
3|30|85|198|51|309|4S|S|10|HA
3|30|141|306|302|213|3S|S|10|HA
3|30|62|240|175|215|4SX|S|10|HA
3|30|121|249|70|56|3S|S|10|HA
3|30|174|177|192|52|4S|S|10|HA
3|30|243|103|292|212|4S|S|10|SJ
3|30|303|274|140|132|4S|S|10|HA
3|30|218|10|124|208|4SX|S|10|HA
3|31|176|69|190|252|6S|N|13|D5
3|31|112|150|88|74|6H|S|13|DK
3|31|85|198|51|309|6S|N|13|D2
3|31|141|306|302|213|7DX|W|8|ST
3|31|62|240|175|215|7DX|W|9|CA
3|31|121|249|70|56|6S|N|13|D2
3|31|174|177|192|52|6H|S|13|DK
3|31|243|103|292|212|6H|S|13|DA
3|31|303|274|140|132|7DX|W|8|CA
3|31|218|10|124|208|6S|N|13|D2
3|32|176|69|190|252|2S|N|8|CT
3|32|112|150|88|74|3N|N|8|CT
3|32|85|198|51|309|3N|N|8|CT
3|32|141|306|302|213|3S|N|9|C9
3|32|62|240|175|215|2N|N|9|CT
3|32|121|249|70|56|3N|S|6|D6
3|32|174|177|192|52|4S|S|8|CK
3|32|243|103|292|212|3N|S|7|D5
3|32|303|274|140|132|4S|N|9|CT
3|32|218|10|124|208|4S|S|8|CK
3|4|176|69|190|252|3S|S|8|D8
3|4|112|150|88|74|2S|S|8|C3
3|4|85|198|51|309|2S|S|8|HA
3|4|298|108|37|98|2S|N|7|H7
3|4|155|170|256|167|2S|N|7|D2
3|4|121|249|70|56|2C|N|8|S2
3|4|209|239|106|262|3S|N|7|H3
3|4|243|103|292|212|2S|S|8|D5
3|4|303|46|140|158|2S|S|9|D5
3|4|4|10|132|208|2S|N|9|D3
3|5|176|69|190|252|3N|E|12|C2
3|5|112|150|88|74|4S|W|11|HA
3|5|85|198|51|309|3N|E|9|C2
3|5|298|108|37|98|3N|E|12|C2
3|5|155|170|256|167|3N|E|9|C2
3|5|121|249|70|56|3N|W|10|H3
3|5|209|239|106|262|3N|E|12|C2
3|5|243|103|292|212|3D|E|10|ST
3|5|303|46|140|158|3D|E|10|CT
3|5|4|10|132|208|3N|W|10|H2
3|6|176|69|190|252|4H|E|10|DQ
3|6|112|150|88|74|4H|E|10|H7
3|6|85|198|51|309|4H|E|10|DQ
3|6|298|108|37|98|4H|E|10|S2
3|6|155|170|256|167|5H|E|10|DQ
3|6|121|249|70|56|4H|E|10|DQ
3|6|209|239|106|262|4H|E|10|DQ
3|6|243|103|292|212|4H|E|10|DQ
3|6|303|46|140|158|4H|E|10|DQ
3|6|4|10|132|208|4H|E|10|DQ
3|7|176|69|190|252|1N|N|9|HQ
3|7|112|150|88|74|3N|N|8|HQ
3|7|85|198|51|309|3N|N|10|HQ
3|7|298|108|37|98|3N|N|10|HQ
3|7|155|170|256|167|3N|N|9|HQ
3|7|121|249|70|56|1N|N|9|HQ
3|7|209|239|106|262|1N|N|9|HQ
3|7|243|103|292|212|3N|N|10|HQ
3|7|303|46|140|158|3N|N|10|C3
3|7|4|10|132|208|3NX|N|9|HQ
3|8|176|69|190|252|3N|W|10|D7
3|8|112|150|88|74|4H|E|10|SJ
3|8|85|198|51|309|3N|W|11|S6
3|8|298|108|37|98|2H|E|10|SJ
3|8|155|170|256|167|3N|W|10|D7
3|8|121|249|70|56|3N|W|9|S6
3|8|209|239|106|262|3N|W|11|D7
3|8|243|103|292|212|3N|W|11|D8
3|8|303|46|140|158|3N|W|10|D7
3|8|4|10|132|208|3N|W|9|S3
3|9|176|69|190|252|4S|S|12|H4
3|9|112|150|88|74|6S|S|12|D4
3|9|85|198|51|309|4S|S|12|D4
3|9|298|108|37|98|6S|S|12|D8
3|9|155|170|256|167|4S|S|12|H4
3|9|121|249|70|56|3N|N|8|D6
3|9|209|239|106|262|4S|S|12|D4
3|9|243|103|292|212|4S|S|11|D4
3|9|303|46|140|158|6N|N|10|S8
3|9|4|10|132|208|4S|S|12|S3
4|1|141|84|302|222|2C|W|7|H5
4|1|150|298|74|37|5H|W|8|DA
4|1|240|108|215|98|4H|W|9|H5
4|1|306|45|213|167|3D|S|9|SQ
4|1|177|155|52|256|4C|E|7|D4
4|1|175|268|272|266|4HX|W|11|CA
4|1|218|174|124|192|3D|N|9|HK
4|1|103|4|212|132|4H|W|9|DA
4|1|261|47|313|102|2S|S|7|CJ
4|1|88|303|86|140|4S|N|10|HK
4|10|141|84|302|222|3N|E|12|D3
4|10|150|298|74|37|6N|E|13|ST
4|10|240|108|215|98|6N|E|13|D5
4|10|306|45|213|167|6N|W|13|C8
4|10|177|155|52|256|7N|W|13|C8
4|10|175|268|272|266|7N|W|13|H4
4|10|218|174|124|192|7C|W|13|D2
4|10|103|4|212|132|7C|W|13|C3
4|10|261|47|313|102|6N|E|12|ST
4|10|88|303|86|140|6N|W|13|H2
4|11|141|84|302|222|4S|W|11|CA
4|11|150|298|74|37|4S|W|10|CA
4|11|240|108|215|98|4S|W|11|CA
4|11|306|45|213|167|4H|W|11|CA
4|11|177|155|52|256|4S|W|11|CA
4|11|175|268|272|266|4S|W|11|CA
4|11|218|174|124|192|4S|W|11|CA
4|11|103|4|212|132|5S|W|10|CA
4|11|261|47|313|102|4S|E|12|DK
4|11|88|303|86|140|4S|W|11|CA
4|12|141|84|302|222|1N|E|7|C3
4|12|150|298|74|37|2CX|S|7|D2
4|12|240|108|215|98|1N|E|7|C2
4|12|306|45|213|167|1N|E|7|HQ
4|12|177|155|52|256|1N|E|8|C3
4|12|175|268|272|266|2S|N|7|CQ
4|12|218|174|124|192|2H|E|6|HQ
4|12|103|4|212|132|2N|E|8|C2
4|12|261|47|313|102|2H|W|6|H3
4|12|88|303|86|140|2H|W|7|H4
4|13|141|84|302|222|1N|N|7|CJ
4|13|150|298|74|37|1N|N|7|S5
4|13|240|108|215|98|1N|N|7|S5
4|13|306|45|213|167|1N|N|7|S5
4|13|177|155|52|256|1N|S|7|SA
4|13|175|268|272|266|1N|S|6|H3
4|13|218|174|124|192|1N|N|8|S2
4|13|103|4|212|132|1N|W|7|DQ
4|13|261|47|313|102|1N|N|7|S5
4|13|88|303|86|140|1N|N|7|SQ
4|14|141|84|302|222|1N|W|9|DJ
4|14|150|298|74|37|1N|E|9|H3
4|14|240|108|215|98|1N|E|8|SA
4|14|306|45|213|167|2S|S|8|S2
4|14|177|155|52|256|1N|E|9|H4
4|14|175|268|272|266|2N|W|8|DJ
4|14|218|174|124|192|2D|N|7|S9
4|14|103|4|212|132|3C|W|9|D9
4|14|261|47|313|102|4C|W|10|S4
4|14|88|303|86|140|1N|E|8|SQ
4|15|141|84|302|222|3S|W|7|SJ
4|15|150|298|74|37|2S|W|8|SQ
4|15|240|108|215|98|3S|W|9|D2
4|15|306|45|213|167|1S|W|7|SQ
4|15|177|155|52|256|3S|W|8|SQ
4|15|175|268|272|266|3D|N|7|DT
4|15|218|174|124|192|3S|W|8|SQ
4|15|103|4|212|132|3S|W|8|SQ
4|15|261|47|313|102|3DX|N|7|DT
4|15|88|303|86|140|3S|W|8|SQ
4|16|141|84|302|222|2C|N|5|HA
4|16|150|298|74|37|4S|E|9|H3
4|16|240|108|215|98|2C|N|4|HK
4|16|306|45|213|167|3N|E|9|C8
4|16|177|155|52|256|3N|E|11|C8
4|16|175|268|272|266|4SX|W|10|S2
4|16|218|174|124|192|3N|E|9|D9
4|16|103|4|212|132|4SX|E|9|D9
4|16|261|47|313|102|2SX|S|3|CT
4|16|88|303|86|140|3N|E|10|C4
4|17|198|84|309|222|3N|N|11|CQ
4|17|150|141|74|302|3N|N|12|S9
4|17|121|108|70|98|3N|N|12|S8
4|17|85|45|51|167|3N|N|11|C2
4|17|268|249|266|56|3N|N|10|C2
4|17|175|239|272|262|4S|N|12|CQ
4|17|46|209|158|106|3N|N|11|S9
4|17|103|4|212|132|3N|N|12|C2
4|17|261|47|313|102|3N|N|12|D7
4|17|112|214|88|290|3N|N|12|D7
4|18|198|84|309|222|5CX|W|9|S3
4|18|150|141|74|302|4C|W|9|H2
4|18|121|108|70|98|4C|W|10|H5
4|18|85|45|51|167|4S|S|9|CA
4|18|268|249|266|56|4S|S|9|CA
4|18|175|239|272|262|4S|S|8|CA
4|18|46|209|158|106|4S|S|8|CA
4|18|103|4|212|132|5CX|W|10|S3
4|18|261|47|313|102|4S|S|9|CA
4|18|112|214|88|290|4S|S|8|CA
4|19|198|84|309|222|3H|S|9|H8
4|19|150|141|74|302|2H|N|9|DA
4|19|121|108|70|98|2H|N|8|C3
4|19|85|45|51|167|2H|S|9|H7
4|19|268|249|266|56|2S|S|8|D2
4|19|175|239|272|262|4H|S|8|D2
4|19|46|209|158|106|2H|S|8|D2
4|19|103|4|212|132|2H|S|8|D2
4|19|261|47|313|102|2H|N|8|C3
4|19|112|214|88|290|2H|N|9|D9
4|2|141|84|302|222|4S|N|8|C7
4|2|150|298|74|37|4S|S|7|D3
4|2|240|108|215|98|3D|E|9|HA
4|2|306|45|213|167|3N|N|9|H6
4|2|177|155|52|256|3C|S|6|SK
4|2|175|268|272|266|3N|S|7|D4
4|2|218|174|124|192|2H|W|5|CA
4|2|103|4|212|132|4S|S|7|DJ
4|2|261|47|313|102|3D|W|8|CA
4|2|88|303|86|140|3D|W|8|CA
4|20|198|84|309|222|4C|E|13|SK
4|20|150|141|74|302|6C|E|13|SQ
4|20|121|108|70|98|6C|E|13|SK
4|20|85|45|51|167|6C|E|13|SK
4|20|268|249|266|56|6C|E|13|SK
4|20|175|239|272|262|6C|E|13|SK
4|20|46|209|158|106|7N|E|13|SK
4|20|103|4|212|132|6N|E|13|SJ
4|20|261|47|313|102|6C|E|13|SK
4|20|112|214|88|290|5C|E|13|SQ
4|21|198|84|309|222|4H|W|10|S4
4|21|150|141|74|302|3H|W|9|DK
4|21|121|108|70|98|3H|W|9|DK
4|21|85|45|51|167|2SX|N|6|CT
4|21|268|249|266|56|2H|W|8|H2
4|21|175|239|272|262|2SX|N|6|D5
4|21|46|209|158|106|4H|W|8|H2
4|21|103|4|212|132|3H|W|8|S4
4|21|261|47|313|102|2H|W|10|S4
4|21|112|214|88|290|2H|W|10|S5
4|22|198|84|309|222|4HX|N|7|S8
4|22|150|141|74|302|3N|W|10|H6
4|22|121|108|70|98|3N|W|10|H7
4|22|85|45|51|167|4S|W|10|H3
4|22|268|249|266|56|4HX|N|7|S8
4|22|175|239|272|262|3N|W|10|H7
4|22|46|209|158|106|4S|W|11|H6
4|22|103|4|212|132|4S|W|10|H6
4|22|261|47|313|102|4S|W|10|H6
4|22|112|214|88|290|4S|W|10|H7
4|23|198|84|309|222|4H|W|10|S3
4|23|150|141|74|302|4H|W|10|DQ
4|23|121|108|70|98|4H|E|10|ST
4|23|85|45|51|167|4H|E|10|ST
4|23|268|249|266|56|4H|E|9|ST
4|23|175|239|272|262|4H|E|9|C4
4|23|46|209|158|106|3N|W|9|S3
4|23|103|4|212|132|4H|E|10|ST
4|23|261|47|313|102|3N|E|10|CQ
4|23|112|214|88|290|4H|E|10|ST
4|24|198|84|309|222|2S|W|4|C8
4|24|150|141|74|302|4H|E|7|SJ
4|24|121|108|70|98|4H|E|8|H3
4|24|85|45|51|167|4H|E|8|H7
4|24|268|249|266|56|4H|W|9|D4
4|24|175|239|272|262|4H|E|7|H3
4|24|46|209|158|106|3H|E|10|C5
4|24|103|4|212|132|4H|E|9|SJ
4|24|261|47|313|102|4H|E|8|H3
4|24|112|214|88|290|4H|E|8|C3
4|25|198|84|309|222|4H|N|10|DA
4|25|150|141|74|302|4H|N|10|DA
4|25|121|108|70|98|4H|N|10|DK
4|25|85|45|51|167|4H|N|10|DK
4|25|268|249|266|56|5D|E|10|HA
4|25|175|239|272|262|4H|N|10|DK
4|25|46|209|158|106|4H|N|10|DA
4|25|103|4|212|132|4H|N|11|DA
4|25|261|47|313|102|4H|N|10|C7
4|25|112|214|88|290|4H|N|10|C7
4|26|198|84|309|222|3N|W|10|HJ
4|26|150|141|74|302|3N|W|10|HJ
4|26|121|108|70|98|3N|W|10|HJ
4|26|85|45|51|167|3N|W|10|C3
4|26|268|249|266|56|2H|N|4|C7
4|26|175|239|272|262|3N|E|10|S2
4|26|46|209|158|106|3N|W|10|S6
4|26|103|4|212|132|3DX|E|9|HA
4|26|261|47|313|102|2DX|E|9|D6
4|26|112|214|88|290|2DX|E|8|HA
4|27|198|84|309|222|4S|S|12|DJ
4|27|150|141|74|302|4S|S|12|DJ
4|27|121|108|70|98|4S|S|12|DT
4|27|85|45|51|167|4S|S|12|DJ
4|27|268|249|266|56|4S|S|12|DJ
4|27|175|239|272|262|4S|S|12|DJ
4|27|46|209|158|106|4S|S|11|DJ
4|27|103|4|212|132|5S|S|11|DJ
4|27|261|47|313|102|4S|S|12|DJ
4|27|112|214|88|290|4S|S|12|DJ
4|28|198|84|309|222|4H|W|10|DA
4|28|150|141|74|302|3DX|N|5|C7
4|28|121|108|70|98|2SX|S|5|H4
4|28|85|45|51|167|4H|E|10|D3
4|28|268|249|266|56|4H|W|11|DA
4|28|175|239|272|262|4H|W|10|DA
4|28|46|209|158|106|4H|E|10|D3
4|28|103|4|212|132|2SX|S|5|D8
4|28|261|47|313|102|4H|E|11|D3
4|28|112|214|88|290|4H|W|11|DA
4|29|198|84|309|222|1N|E|5|D4
4|29|150|141|74|302|1N|S|5|C6
4|29|121|108|70|98|1N|E|5|D4
4|29|85|45|51|167|2D|S|10|C9
4|29|175|239|272|262|1N|S|6|CT
4|29|46|209|158|106|2D|S|9|CT
4|29|103|4|212|132|3D|S|9|CT
4|29|261|47|313|102|3D|S|9|CT
4|29|112|214|88|290|2D|S|9|C9
4|3|141|84|302|222|4H|N|11|SA
4|3|150|298|74|37|4H|N|11|SA
4|3|240|108|215|98|4H|N|11|SK
4|3|306|45|213|167|4H|N|11|SA
4|3|177|155|52|256|4H|N|11|SA
4|3|175|268|272|266|4H|N|12|SA
4|3|218|174|124|192|4H|N|10|SK
4|3|103|4|212|132|4H|N|11|SA
4|3|261|47|313|102|4H|N|11|SA
4|3|88|303|86|140|4H|N|10|SA
4|30|198|84|309|222|3C|E|7|SQ
4|30|150|141|74|302|3NX|S|7|H2
4|30|121|108|70|98|3C|E|7|SQ
4|30|85|45|51|167|3N|S|9|D8
4|30|268|249|266|56|3C|E|7|SQ
4|30|175|239|272|262|3C|E|6|SQ
4|30|46|209|158|106|2S|W|6|SA
4|30|103|4|212|132|2C|E|6|SQ
4|30|261|47|313|102|3S|S|8|D8
4|30|112|214|88|290|3N|S|7|S4
4|31|198|84|309|222|6DX|S|11|D4
4|31|150|141|74|302|5HX|E|10|DK
4|31|121|108|70|98|5SX|W|10|CK
4|31|85|45|51|167|5SX|W|10|CK
4|31|268|249|266|56|5SX|W|10|CK
4|31|175|239|272|262|5HX|E|11|DK
4|31|46|209|158|106|5DX|S|11|D4
4|31|103|4|212|132|6CX|S|10|HA
4|31|261|47|313|102|6DX|S|11|HA
4|31|112|214|88|290|6DX|S|11|DA
4|32|198|84|309|222|3N|N|7|D4
4|32|150|141|74|302|2N|N|8|S3
4|32|121|108|70|98|3N|N|9|H8
4|32|85|45|51|167|2N|N|9|SA
4|32|268|249|266|56|3N|N|9|H9
4|32|175|239|272|262|3N|N|9|H9
4|32|46|209|158|106|2N|N|9|H9
4|32|103|4|212|132|3N|S|10|S6
4|32|261|47|313|102|4H|S|11|D6
4|32|112|214|88|290|1D|N|8|SA
4|4|141|84|302|222|3H|W|8|CQ
4|4|150|298|74|37|3H|W|8|CQ
4|4|240|108|215|98|3H|W|8|H2
4|4|306|45|213|167|3H|W|8|CQ
4|4|177|155|52|256|3C|S|9|HK
4|4|175|268|272|266|3H|E|8|HT
4|4|218|174|124|192|5DX|N|9|HA
4|4|103|4|212|132|5CX|S|10|HK
4|4|261|47|313|102|3H|W|8|CQ
4|4|88|303|86|140|2H|W|9|CQ
4|5|141|84|302|222|2H|E|9|D4
4|5|150|298|74|37|2H|E|9|C3
4|5|240|108|215|98|1NX|N|6|H3
4|5|306|45|213|167|1N|N|8|H3
4|5|177|155|52|256|3H|E|9|D3
4|5|175|268|272|266|3D|N|8|D2
4|5|218|174|124|192|1NX|N|7|H2
4|5|103|4|212|132|4H|E|8|HA
4|5|261|47|313|102|2H|W|9|SK
4|5|88|303|86|140|1N|N|7|HQ
4|6|141|84|302|222|4H|N|12|CT
4|6|150|298|74|37|4H|N|10|D3
4|6|240|108|215|98|3N|S|11|D5
4|6|306|45|213|167|3N|S|11|D5
4|6|177|155|52|256|4H|N|10|D3
4|6|175|268|272|266|3N|S|11|D5
4|6|218|174|124|192|4H|S|12|C5
4|6|103|4|212|132|4H|N|12|S2
4|6|261|47|313|102|3N|S|11|D5
4|6|88|303|86|140|4H|N|10|D7
4|7|141|84|302|222|4S|S|9|DA
4|7|150|298|74|37|4S|S|10|DA
4|7|240|108|215|98|4S|S|10|H5
4|7|306|45|213|167|4S|S|10|DA
4|7|177|155|52|256|4S|S|10|H7
4|7|175|268|272|266|4S|S|10|S2
4|7|218|174|124|192|4S|S|9|DK
4|7|103|4|212|132|4S|S|10|S2
4|7|261|47|313|102|4S|S|9|DA
4|7|88|303|86|140|4S|S|10|S2
4|8|141|84|302|222|3H|E|10|SK
4|8|150|298|74|37|4H|E|10|SK
4|8|240|108|215|98|3H|E|10|SK
4|8|306|45|213|167|1N|W|7|ST
4|8|177|155|52|256|1N|W|7|ST
4|8|175|268|272|266|4H|E|10|H4
4|8|218|174|124|192|4H|E|9|SK
4|8|103|4|212|132|4H|E|9|SK
4|8|261|47|313|102|4H|E|9|SK
4|8|88|303|86|140|3N|W|5|ST
4|9|141|84|302|222|2S|S|6|S9
4|9|150|298|74|37|3N|E|8|S6
4|9|240|108|215|98|3H|W|8|S3
4|9|306|45|213|167|2S|S|6|S9
4|9|177|155|52|256|3H|W|9|S4
4|9|175|268|272|266|3H|E|8|SK
4|9|218|174|124|192|3H|E|9|CJ
4|9|103|4|212|132|2S|S|8|S5
4|9|261|47|313|102|2C|N|6|D6
4|9|88|303|86|140|2H|E|8|CJ
5|1|150|121|74|70|3D|N|11|CA
5|1|240|84|215|222|2D|N|10|CA
5|1|85|177|51|52|2N|S|8|SJ
5|1|239|306|262|213|1S|N|7|CA
5|1|155|209|256|106|1S|N|6|CA
5|1|174|249|192|56|5D|N|11|CA
5|1|298|214|37|290|3D|N|10|CQ
5|1|303|198|140|309|5D|N|11|CA
5|1|112|218|88|124|2D|N|11|CQ
5|1|46|47|158|102|2D|N|11|CA
5|10|150|121|74|70|6N|W|12|HT
5|10|240|84|215|222|7NX|W|12|DA
5|10|85|177|51|52|6C|W|13|S4
5|10|239|306|262|213|6C|E|12|H3
5|10|155|209|256|106|6C|W|12|HT
5|10|174|249|192|56|6C|E|12|SJ
5|10|298|214|37|290|7NX|W|12|DA
5|10|303|198|140|309|6C|W|12|S6
5|10|112|218|88|124|4N|W|12|HT
5|10|46|47|158|102|6N|W|12|HT
5|11|150|121|74|70|3N|S|9|H4
5|11|240|84|215|222|3N|S|9|HT
5|11|85|177|51|52|3N|S|9|HT
5|11|239|306|262|213|3N|N|9|HQ
5|11|155|209|256|106|3N|S|9|H4
5|11|174|249|192|56|3N|S|9|HT
5|11|298|214|37|290|3N|S|9|H4
5|11|303|198|140|309|3N|S|9|HT
5|11|112|218|88|124|3N|S|11|H4
5|11|46|47|158|102|3N|S|9|H9
5|12|150|121|74|70|3N|W|11|D2
5|12|240|84|215|222|4S|W|12|D2
5|12|85|177|51|52|3N|W|12|D5
5|12|239|306|262|213|6C|E|11|D8
5|12|155|209|256|106|3N|W|11|D5
5|12|174|249|192|56|6S|W|12|D2
5|12|298|214|37|290|3N|W|12|D5
5|12|303|198|140|309|3N|W|12|D5
5|12|112|218|88|124|4S|W|11|D5
5|12|46|47|158|102|3N|W|12|D2
5|13|150|121|74|70|4S|S|9|DK
5|13|240|84|215|222|2S|S|9|DA
5|13|85|177|51|52|3C|N|11|DT
5|13|239|306|262|213|3N|N|10|DT
5|13|155|209|256|106|3N|S|10|D6
5|13|174|249|192|56|3N|S|11|D6
5|13|298|214|37|290|3S|S|9|C5
5|13|303|198|140|309|4S|S|9|C5
5|13|112|218|88|124|4S|S|9|DK
5|13|46|47|158|102|3N|N|10|C6
5|14|150|121|74|70|4S|S|10|DJ
5|14|240|84|215|222|4S|S|10|DJ
5|14|85|177|51|52|4S|S|10|DJ
5|14|239|306|262|213|3N|S|9|DJ
5|14|155|209|256|106|4S|S|10|DJ
5|14|174|249|192|56|4S|N|10|DK
5|14|298|214|37|290|4S|S|10|DJ
5|14|303|198|140|309|4S|S|10|DJ
5|14|112|218|88|124|4S|S|10|DJ
5|14|46|47|158|102|4S|S|10|DJ
5|15|150|121|74|70|4S|W|8|HA
5|15|240|84|215|222|4S|W|9|HA
5|15|85|177|51|52|4S|W|9|HK
5|15|239|306|262|213|4S|W|8|HA
5|15|155|209|256|106|3S|W|9|HA
5|15|174|249|192|56|4S|W|8|HK
5|15|298|214|37|290|3N|W|7|H5
5|15|303|198|140|309|4S|W|9|HA
5|15|112|218|88|124|3S|W|9|HA
5|15|46|47|158|102|3S|W|9|HA
5|16|150|121|74|70|6H|N|12|DA
5|16|240|84|215|222|6H|N|12|DA
5|16|85|177|51|52|6H|S|12|H3
5|16|239|306|262|213|6H|N|12|S7
5|16|155|209|256|106|6H|S|12|H3
5|16|174|249|192|56|6H|N|12|DA
5|16|298|214|37|290|6H|S|12|H3
5|16|303|198|140|309|6H|N|12|DA
5|16|112|218|88|124|6H|N|12|DA
5|16|46|47|158|102|6H|N|12|DA
5|17|150|45|74|167|3H|W|9|SJ
5|17|121|84|70|222|3H|W|9|CQ
5|17|85|177|51|52|3H|E|8|DT
5|17|268|108|266|98|3S|N|8|C5
5|17|175|209|272|106|2S|N|7|C5
5|17|103|249|212|56|4HX|W|10|H6
5|17|141|261|302|313|2S|N|7|C5
5|17|303|298|140|37|3S|N|7|C5
5|17|47|4|102|132|2S|N|7|C5
5|17|46|112|158|88|3C|W|6|SJ
5|18|150|45|74|167|2H|S|7|S4
5|18|121|84|70|222|2H|S|7|SQ
5|18|85|177|51|52|2H|S|8|SQ
5|18|268|108|266|98|2S|W|7|H3
5|18|175|209|272|106|2H|S|8|S3
5|18|103|249|212|56|2H|S|9|S3
5|18|141|261|302|313|2H|S|7|H8
5|18|303|298|140|37|2H|S|7|S3
5|18|47|4|102|132|2H|S|7|S3
5|18|46|112|158|88|1N|N|6|S2
5|19|150|45|74|167|4H|S|9|DK
5|19|121|84|70|222|4HX|S|9|DK
5|19|85|177|51|52|3N|E|8|H2
5|19|268|108|266|98|5DX|W|10|CK
5|19|175|209|272|106|3H|N|10|DA
5|19|103|249|212|56|5DX|W|10|S2
5|19|141|261|302|313|5D|E|10|H6
5|19|303|298|140|37|4D|W|10|CA
5|19|47|4|102|132|4D|W|10|D2
5|19|46|112|158|88|5DX|W|10|D2
5|2|150|121|74|70|3N|E|7|S5
5|2|240|84|215|222|3N|E|10|S5
5|2|85|177|51|52|3N|E|11|S6
5|2|239|306|262|213|3N|E|10|S5
5|2|155|209|256|106|3N|E|11|S6
5|2|174|249|192|56|5D|W|10|HJ
5|2|298|214|37|290|3N|E|10|S6
5|2|303|198|140|309|3N|E|10|S6
5|2|112|218|88|124|3N|E|11|S6
5|2|46|47|158|102|3N|E|10|S5
5|20|150|45|74|167|1S|E|7|H8
5|20|121|84|70|222|3C|N|8|HK
5|20|85|177|51|52|1S|E|7|H4
5|20|268|108|266|98|2S|E|8|D3
5|20|175|209|272|106|3H|E|10|DA
5|20|103|249|212|56|2CX|N|10|HA
5|20|141|261|302|313|3H|E|10|DA
5|20|303|298|140|37|1S|E|7|H4
5|20|47|4|102|132|2NX|N|7|HA
5|20|46|112|158|88|1S|E|7|H8
5|21|150|45|74|167|2D|W|9|SQ
5|21|121|84|70|222|4H|E|9|C4
5|21|85|177|51|52|3C|N|8|H2
5|21|268|108|266|98|4H|E|7|S4
5|21|175|209|272|106|4H|E|7|C4
5|21|103|249|212|56|3N|W|8|CQ
5|21|141|261|302|313|1D|N|4|D5
5|21|303|298|140|37|4H|E|7|C4
5|21|47|4|102|132|2N|E|8|C4
5|21|46|112|158|88|3N|W|9|SQ
5|22|150|45|74|167|5S|S|13|CA
5|22|121|84|70|222|6H|S|12|DK
5|22|85|177|51|52|6H|S|13|DQ
5|22|268|108|266|98|6H|S|13|DQ
5|22|175|209|272|106|7H|S|12|CA
5|22|103|249|212|56|6H|S|13|DK
5|22|141|261|302|313|6H|S|12|DK
5|22|303|298|140|37|4H|S|12|DK
5|22|47|4|102|132|6H|S|13|DK
5|22|46|112|158|88|4H|S|12|DK
5|23|150|45|74|167|1N|E|6|ST
5|23|121|84|70|222|4S|S|8|C6
5|23|85|177|51|52|1N|E|6|ST
5|23|268|108|266|98|2S|S|8|H3
5|23|175|209|272|106|3S|S|8|H7
5|23|103|249|212|56|2S|S|9|H7
5|23|141|261|302|313|3S|S|8|SJ
5|23|303|298|140|37|1N|E|6|SA
5|23|47|4|102|132|4C|W|8|S2
5|23|46|112|158|88|2S|S|8|C2
5|24|150|45|74|167|5H|N|11|CA
5|24|121|84|70|222|4H|N|11|SA
5|24|85|177|51|52|4H|N|11|SA
5|24|268|108|266|98|4H|N|11|DT
5|24|175|209|272|106|4H|N|11|CA
5|24|103|249|212|56|4H|N|11|CA
5|24|141|261|302|313|4H|N|11|CA
5|24|303|298|140|37|4SX|E|8|DA
5|24|47|4|102|132|5H|N|11|SA
5|24|46|112|158|88|4H|N|11|CA
5|25|150|45|74|167|4H|W|12|C2
5|25|121|84|70|222|4H|W|11|C3
5|25|85|177|51|52|4H|W|12|D6
5|25|268|108|266|98|4H|W|10|C2
5|25|175|209|272|106|4H|W|11|C3
5|25|103|249|212|56|4H|W|12|C2
5|25|141|261|302|313|4S|E|10|D5
5|25|303|298|140|37|4H|W|11|C3
5|25|47|4|102|132|4S|E|10|C4
5|25|46|112|158|88|4S|E|10|D5
5|26|150|45|74|167|4S|E|10|C3
5|26|121|84|70|222|4S|E|10|C2
5|26|85|177|51|52|4S|E|10|D2
5|26|268|108|266|98|3S|E|10|C3
5|26|175|209|272|106|5C|S|8|DA
5|26|103|249|212|56|4S|E|10|D4
5|26|141|261|302|313|4S|E|10|C3
5|26|303|298|140|37|4S|W|12|D6
5|26|47|4|102|132|4H|W|10|S8
5|26|46|112|158|88|3S|E|10|D4
5|27|150|45|74|167|1N|E|9|D3
5|27|121|84|70|222|2D|N|8|SA
5|27|85|177|51|52|1N|E|8|D8
5|27|268|108|266|98|2C|E|10|HK
5|27|175|209|272|106|1N|E|8|D3
5|27|103|249|212|56|2S|E|9|HK
5|27|141|261|302|313|3C|E|10|D3
5|27|303|298|140|37|1N|E|8|D8
5|27|47|4|102|132|3C|E|9|D8
5|27|46|112|158|88|1N|E|9|HK
5|28|150|45|74|167|1N|E|7|C9
5|28|121|84|70|222|1N|E|6|DQ
5|28|85|177|51|52|1D|N|8|D5
5|28|268|108|266|98|1N|E|7|C6
5|28|175|209|272|106|1S|W|7|S6
5|28|103|249|212|56|2N|E|6|DQ
5|28|141|261|302|313|1S|W|8|CJ
5|28|303|298|140|37|1S|W|7|DJ
5|28|47|4|102|132|1C|E|6|DQ
5|28|46|112|158|88|1S|W|8|CJ
5|29|150|45|74|167|4S|W|9|H2
5|29|121|84|70|222|4S|W|9|C7
5|29|85|177|51|52|4S|W|9|C7
5|29|268|108|266|98|4S|W|9|C4
5|29|175|209|272|106|2S|W|11|S4
5|29|103|249|212|56|2S|W|10|C4
5|29|141|261|302|313|4S|W|9|C4
5|29|303|298|140|37|2S|W|9|C7
5|29|47|4|102|132|4S|W|10|DJ
5|29|46|112|158|88|4S|E|9|CK
5|3|150|121|74|70|4S|E|9|D2
5|3|240|84|215|222|2S|W|10|S2
5|3|85|177|51|52|4S|E|10|CT
5|3|239|306|262|213|4S|E|9|CT
5|3|155|209|256|106|4S|E|10|CT
5|3|174|249|192|56|4S|W|10|S3
5|3|298|214|37|290|3N|W|8|H2
5|3|303|198|140|309|4S|E|9|D3
5|3|112|218|88|124|4S|E|9|CT
5|3|46|47|158|102|2H|E|8|D2
5|30|150|45|74|167|1N|E|6|D2
5|30|121|84|70|222|2S|W|6|D6
5|30|85|177|51|52|1N|E|6|DT
5|30|268|108|266|98|2S|W|8|C2
5|30|175|209|272|106|1N|E|5|D3
5|30|103|249|212|56|3S|E|9|H4
5|30|141|261|302|313|2S|W|7|D6
5|30|303|298|140|37|1N|E|5|D3
5|30|47|4|102|132|1N|E|7|DT
5|30|46|112|158|88|2S|W|7|D6
5|31|150|45|74|167|3H|W|10|S2
5|31|121|84|70|222|3S|S|8|HK
5|31|85|177|51|52|3H|W|8|H4
5|31|268|108|266|98|3H|W|9|H6
5|31|175|209|272|106|1N|S|5|HK
5|31|103|249|212|56|3H|W|10|S2
5|31|141|261|302|313|3H|W|9|S2
5|31|303|298|140|37|3S|S|8|HK
5|31|47|4|102|132|3H|W|10|SK
5|31|46|112|158|88|3H|W|8|H4
5|32|150|45|74|167|3C|W|7|C6
5|32|121|84|70|222|3S|N|6|C3
5|32|85|177|51|52|2S|N|7|H5
5|32|268|108|266|98|3S|N|7|H5
5|32|175|209|272|106|3S|N|6|H6
5|32|103|249|212|56|2C|W|8|C5
5|32|141|261|302|313|3S|N|7|C3
5|32|303|298|140|37|2D|E|11|H2
5|32|47|4|102|132|2S|N|7|H6
5|32|46|112|158|88|2S|N|7|D6
5|4|150|121|74|70|3H|N|7|D6
5|4|240|84|215|222|3N|E|9|H3
5|4|85|177|51|52|2D|W|9|SK
5|4|239|306|262|213|1N|E|9|H3
5|4|155|209|256|106|3D|W|9|SK
5|4|174|249|192|56|4D|W|10|H6
5|4|298|214|37|290|2N|E|10|H4
5|4|303|198|140|309|3H|N|8|C7
5|4|112|218|88|124|2N|E|9|H3
5|4|46|47|158|102|3H|N|7|D6
5|5|150|121|74|70|3N|N|7
5|5|240|84|215|222|3N|N|9|H6
5|5|85|177|51|52|3N|N|9|H2
5|5|239|306|262|213|3N|S|9|S6
5|5|155|209|256|106|3N|N|9|HT
5|5|174|249|192|56|3N|S|10|DQ
5|5|298|214|37|290|3N|N|9|H2
5|5|303|198|140|309|3N|N|10|H6
5|5|112|218|88|124|3N|N|9|H2
5|5|46|47|158|102|3N|N|9|H2
5|6|150|121|74|70|1N|S|8|CA
5|6|240|84|215|222|1N|S|8|CK
5|6|85|177|51|52|4SX|S|9|CA
5|6|239|306|262|213|3H|W|10|C4
5|6|155|209|256|106|3S|S|9|CA
5|6|174|249|192|56|3S|N|8|H4
5|6|298|214|37|290|3S|S|8|CA
5|6|303|198|140|309|3S|S|7|CA
5|6|112|218|88|124|3S|S|8|CA
5|6|46|47|158|102|3H|W|8|H9
5|7|150|121|74|70|3H|N|9|S6
5|7|240|84|215|222|3H|N|9|S5
5|7|85|177|51|52|4H|N|9|S6
5|7|239|306|262|213|3S|E|8|CK
5|7|155|209|256|106|3H|N|9|S5
5|7|174|249|192|56|3H|N|9|S5
5|7|298|214|37|290|3H|S|9|D7
5|7|303|198|140|309|4H|N|9|S5
5|7|112|218|88|124|3H|N|9|H6
5|7|46|47|158|102|3H|N|9|S6
5|8|150|121|74|70|2S|N|6|DA
5|8|240|84|215|222|2S|N|6|DA
5|8|85|177|51|52|3N|E|9|DQ
5|8|239|306|262|213|3D|N|7|DA
5|8|155|209|256|106|1D|N|8|DA
5|8|174|249|192|56|2S|S|6|CA
5|8|298|214|37|290|2C|W|9|HA
5|8|303|198|140|309|2S|S|6|CA
5|8|112|218|88|124|2C|W|9|DT
5|8|46|47|158|102|2S|N|6|DA
5|9|150|121|74|70|5HX|E|9|CK
5|9|240|84|215|222|3N|E|6|CK
5|9|85|177|51|52|4SX|S|9|HJ
5|9|239|306|262|213|5HX|E|9|CK
5|9|155|209|256|106|4SX|N|9|HK
5|9|174|249|192|56|4S|N|9|HK
5|9|298|214|37|290|4SX|N|9|HK
5|9|303|198|140|309|4H|E|8|CK
5|9|112|218|88|124|2H|E|8|CK
5|9|46|47|158|102|4H|E|8|CK
6|1|239|150|262|74|2H|N|6|S3
6|1|174|85|192|51|3H|W|6|C3
6|1|306|209|213|106|2H|S|6|SA
6|1|218|175|124|272|2S|E|9|C2
6|1|155|4|256|132|2H|N|5|S3
6|1|261|240|313|215|4D|E|10|C2
6|1|121|214|70|290|3H|W|9|DJ
6|1|112|298|88|37|2H|W|6|ST
6|1|198|47|309|102|2H|S|6|CK
6|10|239|150|262|74|4H|W|10|S5
6|10|84|268|222|266|4H|E|10|C4
6|10|174|85|192|51|4H|E|10|C4
6|10|306|209|213|106|4H|W|10|D3
6|10|218|175|124|272|4H|W|10|H4
6|10|155|4|256|132|4H|W|10|D6
6|10|261|240|313|215|4H|E|10|D5
6|10|121|214|70|290|4H|W|10|S8
6|10|112|298|88|37|4H|W|10|S8
6|10|198|47|309|102|4H|W|10|S5
6|11|239|150|262|74|4C|N|11|DJ
6|11|84|268|222|266|5C|N|12|H6
6|11|174|85|192|51|5S|S|11|CJ
6|11|306|209|213|106|5HX|W|9|H3
6|11|218|175|124|272|5C|N|11|DJ
6|11|155|4|256|132|5C|N|11|DJ
6|11|261|240|313|215|5S|S|11|HK
6|11|121|214|70|290|4S|S|11|HK
6|11|112|298|88|37|6C|S|12|HK
6|11|198|47|309|102|5HX|W|9|CK
6|12|239|150|262|74|4S|N|8|H6
6|12|84|268|222|266|5S|S|9|HA
6|12|174|85|192|51|5CX|E|10|D3
6|12|306|209|213|106|4S|N|9|CA
6|12|218|175|124|272|4H|E|10|ST
6|12|155|4|256|132|5HX|E|9|D3
6|12|261|240|313|215|5CX|E|11|ST
6|12|121|214|70|290|5HX|E|10|ST
6|12|112|298|88|37|4S|S|9|CT
6|12|198|47|309|102|5CX|E|11|ST
6|13|239|150|262|74|1N|N|7|H2
6|13|84|268|222|266|3S|N|8|C7
6|13|174|85|192|51|3C|W|8|S2
6|13|306|209|213|106|3D|S|8|CK
6|13|218|175|124|272|3C|W|8|SJ
6|13|155|4|256|132|3S|N|8|C7
6|13|261|240|313|215|3CX|W|8|SJ
6|13|121|214|70|290|2S|N|8|C3
6|13|112|298|88|37|3S|N|8|C7
6|13|198|47|309|102|2S|N|9|C3
6|14|239|150|262|74|3H|W|8|SA
6|14|84|268|222|266|1N|E|7|S9
6|14|174|85|192|51|3H|E|8|S9
6|14|306|209|213|106|2S|N|8|DK
6|14|218|175|124|272|3HX|E|9|S9
6|14|155|4|256|132|3H|W|7|SA
6|14|261|240|313|215|3HX|W|9|SA
6|14|121|214|70|290|3H|E|9|S2
6|14|112|298|88|37|2S|N|9|DK
6|14|198|47|309|102|3C|W|10|SA
6|15|239|150|262|74|2H|N|9|SJ
6|15|84|268|222|266|2H|N|8|SJ
6|15|174|85|192|51|2S|E|6|H7
6|15|306|209|213|106|2S|E|6|H2
6|15|218|175|124|272|4H|N|9|SJ
6|15|155|4|256|132|3H|S|9|H5
6|15|261|240|313|215|2H|N|9|SJ
6|15|121|214|70|290|3D|S|9|D3
6|15|112|298|88|37|4H|N|9|SJ
6|15|198|47|309|102|2H|N|9|SJ
6|16|239|150|262|74|3N|N|9|S6
6|16|84|268|222|266|3N|N|9|S6
6|16|174|85|192|51|3D|N|10|S8
6|16|306|209|213|106|2H|N|10|DT
6|16|218|175|124|272|3N|N|9|S2
6|16|155|4|256|132|3N|N|9|S6
6|16|261|240|313|215|2H|S|10|SA
6|16|121|214|70|290|4H|S|9|C8
6|16|112|298|88|37|3N|N|9|S2
6|16|198|47|309|102|2N|N|7|S2
6|17|239|84|262|222|4S|N|12|HK
6|17|150|177|74|52|6S|N|10|HQ
6|17|174|108|192|98|6C|S|10|H2
6|17|306|103|213|212|6S|N|9|HK
6|17|218|249|124|56|6SX|N|11|HK
6|17|155|46|256|158|6S|N|9|HK
6|17|303|45|140|167|6SX|N|9|HK
6|17|240|214|215|290|4S|N|10|HK
6|17|112|141|88|302|4S|N|11|HK
6|17|198|47|309|102|4S|S|10|C5
6|18|239|84|262|222|2H|E|7|DA
6|18|150|177|74|52|2H|E|6|H4
6|18|174|108|192|98|2H|E|8|H4
6|18|306|103|213|212|2S|W|6|D5
6|18|218|249|124|56|3D|N|8|CA
6|18|155|46|256|158|2S|W|6|D4
6|18|303|45|140|167|2H|E|6|DA
6|18|240|214|215|290|2H|E|7|DA
6|18|112|141|88|302|2H|E|7|DA
6|18|198|47|309|102|2H|E|6|DA
6|19|239|84|262|222|2S|S|9|C3
6|19|150|177|74|52|2S|S|9|D8
6|19|174|108|192|98|2S|S|9|HA
6|19|306|103|213|212|2S|S|9|H4
6|19|218|249|124|56|2N|N|10|HT
6|19|155|46|256|158|2S|S|8|S6
6|19|303|45|140|167|2S|S|9|HA
6|19|240|214|215|290|2S|S|9|D6
6|19|112|141|88|302|2S|S|9|D6
6|19|198|47|309|102|2N|N|9|HT
6|2|239|150|262|74|P||0
6|2|84|268|222|266|3S|S|9|D3
6|2|174|85|192|51|3D|E|8|SK
6|2|306|209|213|106|4S|S|9|SJ
6|2|218|175|124|272|2S|S|9|SJ
6|2|155|4|256|132|3D|E|8|SA
6|2|261|240|313|215|2S|S|8|CA
6|2|121|214|70|290|P||0
6|2|112|298|88|37|2S|N|9|S5
6|2|198|47|309|102|P||0
6|20|239|84|262|222|3N|S|9|HJ
6|20|150|177|74|52|2S|N|9|H2
6|20|174|108|192|98|3N|S|9|HT
6|20|306|103|213|212|3N|S|9|HJ
6|20|218|249|124|56|3N|S|10|HJ
6|20|155|46|256|158|3N|S|9|HJ
6|20|303|45|140|167|3N|S|7|HJ
6|20|240|214|215|290|3N|S|9|HJ
6|20|112|141|88|302|3N|S|9|HJ
6|20|198|47|309|102|3N|S|9|HJ
6|21|239|84|262|222|4H|S|10|CQ
6|21|150|177|74|52|4H|S|10|CQ
6|21|174|108|192|98|2H|S|10|CQ
6|21|306|103|213|212|3N|S|12|DJ
6|21|218|249|124|56|4S|N|10|CK
6|21|155|46|256|158|3N|S|12|DJ
6|21|303|45|140|167|4H|S|10|CQ
6|21|240|214|215|290|3N|S|12|DJ
6|21|112|141|88|302|3N|S|12|DJ
6|21|198|47|309|102|4H|S|10|CQ
6|22|239|84|262|222|4S|W|11|DT
6|22|150|177|74|52|4S|W|11|D8
6|22|174|108|192|98|5DX|N|8|S5
6|22|306|103|213|212|4S|W|10|D7
6|22|218|249|124|56|5DX|N|8|S2
6|22|155|46|256|158|5S|W|9|S6
6|22|303|45|140|167|4S|W|10|D5
6|22|240|214|215|290|4S|W|11|D6
6|22|112|141|88|302|4S|W|10|D7
6|22|198|47|309|102|4S|W|11|D6
6|23|239|84|262|222|3N|N|11|HQ
6|23|150|177|74|52|3N|N|11|HQ
6|23|174|108|192|98|3HX|E|6|CJ
6|23|306|103|213|212|3N|S|11|DJ
6|23|218|249|124|56|3N|N|11|HQ
6|23|155|46|256|158|3N|S|11|DJ
6|23|303|45|140|167|3HX|E|6|CJ
6|23|240|214|215|290|3H|E|6|CJ
6|23|112|141|88|302|3N|N|11|SQ
6|23|198|47|309|102|4HX|E|6|CJ
6|24|239|84|262|222|3H|N|9|SQ
6|24|150|177|74|52|4H|N|9|SQ
6|24|174|108|192|98|3H|N|9|SJ
6|24|306|103|213|212|2SX|E|7|D3
6|24|218|249|124|56|3H|N|9|SQ
6|24|155|46|256|158|3C|E|7|D4
6|24|303|45|140|167|4H|N|9|SQ
6|24|240|214|215|290|4H|N|9|SQ
6|24|112|141|88|302|3H|N|9|SQ
6|24|198|47|309|102|3H|N|9|SQ
6|25|239|84|262|222|3C|W|10|D9
6|25|150|177|74|52|3C|E|10|S5
6|25|174|108|192|98|3S|N|8|H4
6|25|306|103|213|212|3C|E|10|CT
6|25|218|249|124|56|3S|N|9|D8
6|25|155|46|256|158|3C|W|9|D9
6|25|303|45|140|167|3C|E|10|S5
6|25|240|214|215|290|3C|E|10|CT
6|25|112|141|88|302|3S|N|8|D8
6|25|198|47|309|102|3S|N|9|C2
6|26|239|84|262|222|3H|S|9|DA
6|26|150|177|74|52|4H|S|9|DA
6|26|174|108|192|98|4H|S|9|DA
6|26|306|103|213|212|4H|S|9|DA
6|26|218|249|124|56|3H|S|9|DA
6|26|155|46|256|158|4H|S|9|DA
6|26|303|45|140|167|3H|S|10|DA
6|26|240|214|215|290|3H|S|9|DA
6|26|112|141|88|302|4H|S|9|DA
6|26|198|47|309|102|4H|S|9|DA
6|27|239|84|262|222|6C|W|12|S2
6|27|150|177|74|52|6C|W|12|S2
6|27|174|108|192|98|6C|W|12|D2
6|27|306|103|213|212|6C|W|11|D2
6|27|218|249|124|56|6C|W|11|D2
6|27|155|46|256|158|6D|E|12|H7
6|27|303|45|140|167|5C|W|11|D2
6|27|240|214|215|290|6C|W|11|D2
6|27|112|141|88|302|6C|W|11|D2
6|27|198|47|309|102|6C|W|12|HK
6|28|239|84|262|222|3N|N|9|H2
6|28|150|177|74|52|3N|N|8|H4
6|28|174|108|192|98|4S|S|8|H8
6|28|306|103|213|212|3N|N|9|H2
6|28|218|249|124|56|3N|N|11|D5
6|28|155|46|256|158|3N|N|9|H2
6|28|303|45|140|167|3N|N|9|H4
6|28|240|214|215|290|3N|N|10|H4
6|28|112|141|88|302|4S|N|10|D7
6|28|198|47|309|102|3N|N|9|H4
6|29|239|84|262|222|4H|E|9|DT
6|29|150|177|74|52|4H|W|10|C7
6|29|174|108|192|98|4H|W|11|C7
6|29|306|103|213|212|4H|W|11|D6
6|29|218|249|124|56|4H|E|11|DT
6|29|155|46|256|158|4H|E|9|DT
6|29|303|45|140|167|4H|E|9|DT
6|29|240|214|215|290|4H|W|10|C7
6|29|112|141|88|302|4H|E|11|DT
6|29|198|47|309|102|4H|W|10|C7
6|3|239|150|262|74|3N|S|9|D7
6|3|84|268|222|266|2S|N|8|HQ
6|3|174|85|192|51|3N|S|9|CJ
6|3|306|209|213|106|1N|S|11|CJ
6|3|218|175|124|272|3S|N|9|HQ
6|3|155|4|256|132|2D|N|10|HQ
6|3|261|240|313|215|3N|S|9|H5
6|3|121|214|70|290|3N|S|9|D6
6|3|112|298|88|37|3N|S|10|S3
6|3|198|47|309|102|1C|W|3|H2
6|30|239|84|262|222|P||0
6|30|150|177|74|52|P||0
6|30|174|108|192|98|4H|S|9|H7
6|30|306|103|213|212|2H|S|9|D3
6|30|218|249|124|56|3H|S|9|ST
6|30|155|46|256|158|P||0
6|30|303|45|140|167|P||0
6|30|240|214|215|290|3H|S|9|H8
6|30|112|141|88|302|2H|S|9|D3
6|30|198|47|309|102|4H|S|10|H7
6|31|239|84|262|222|3D|E|8|CJ
6|31|150|177|74|52|2S|S|8|DJ
6|31|174|108|192|98|2S|S|8|DJ
6|31|306|103|213|212|3C|E|10|C5
6|31|218|249|124|56|3S|S|8|DJ
6|31|155|46|256|158|3D|E|8|CJ
6|31|303|45|140|167|2D|E|11|CJ
6|31|240|214|215|290|2H|N|6|DA
6|31|112|141|88|302|3D|E|9|CJ
6|31|198|47|309|102|2S|S|7|DJ
6|32|239|84|262|222|4S|S|9|DK
6|32|150|177|74|52|4S|N|9|SJ
6|32|174|108|192|98|4S|N|9|CQ
6|32|306|103|213|212|4S|N|9|CK
6|32|218|249|124|56|3N|N|9|C4
6|32|155|46|256|158|4S|N|8|D5
6|32|303|45|140|167|3S|S|9|DK
6|32|240|214|215|290|4S|N|8|D3
6|32|112|141|88|302|4S|N|9|CK
6|32|198|47|309|102|4S|N|10|SJ
6|4|239|150|262|74|3N|E|10|SK
6|4|84|268|222|266|3N|E|9|SK
6|4|174|85|192|51|3N|E|10|SJ
6|4|306|209|213|106|2H|E|8|SK
6|4|218|175|124|272|2H|E|8|H7
6|4|155|4|256|132|3H|E|8|SK
6|4|261|240|313|215|3N|E|9|SK
6|4|121|214|70|290|2H|E|8|SK
6|4|112|298|88|37|2H|E|8|SK
6|4|198|47|309|102|3N|E|9|SK
6|5|239|150|262|74|3H|E|10|H3
6|5|84|268|222|266|2H|E|8|H3
6|5|174|85|192|51|3H|E|9|SA
6|5|306|209|213|106|3S|S|8|H8
6|5|218|175|124|272|4S|S|9|S6
6|5|155|4|256|132|3H|E|9|C4
6|5|261|240|313|215|4HX|E|7|H2
6|5|121|214|70|290|3H|E|8|H2
6|5|112|298|88|37|4H|E|9|H2
6|5|198|47|309|102|4S|S|7|S2
6|6|239|150|262|74|2S|E|9|C8
6|6|84|268|222|266|2S|E|9|DT
6|6|174|85|192|51|2S|E|9|DT
6|6|306|209|213|106|P||0
6|6|218|175|124|272|2N|W|7|H2
6|6|155|4|256|132|2S|E|9|C8
6|6|261|240|313|215|2S|E|9|S4
6|6|121|214|70|290|2S|E|9|HQ
6|6|112|298|88|37|2S|E|9|S7
6|6|198|47|309|102|2S|E|9|HQ
6|7|239|150|262|74|4S|N|11|CA
6|7|84|268|222|266|4S|N|10|CA
6|7|174|85|192|51|4S|N|10|CA
6|7|306|209|213|106|4S|N|10|CA
6|7|218|175|124|272|4S|N|11|HK
6|7|155|4|256|132|4S|N|11|HK
6|7|261|240|313|215|4S|N|12|CA
6|7|121|214|70|290|3N|S|11|C3
6|7|112|298|88|37|4S|N|11|CA
6|7|198|47|309|102|4S|N|11|CA
6|8|239|150|262|74|2S|N|9|H4
6|8|84|268|222|266|2S|N|8|D3
6|8|174|85|192|51|3S|N|10|C5
6|8|306|209|213|106|1N|S|7|HT
6|8|218|175|124|272|3S|S|10|DJ
6|8|155|4|256|132|1N|S|7|HT
6|8|261|240|313|215|1D|S|9|HT
6|8|121|214|70|290|2D|S|9|HT
6|8|112|298|88|37|2S|N|8|C4
6|8|198|47|309|102|3D|S|10|CA
6|9|239|150|262|74|2H|S|8|C5
6|9|84|268|222|266|2H|S|7|S4
6|9|174|85|192|51|2H|S|8|C8
6|9|306|209|213|106|4H|S|8|C5
6|9|218|175|124|272|2H|S|8|C8
6|9|155|4|256|132|3H|S|9|C5
6|9|261|240|313|215|3H|S|8|DA
6|9|121|214|70|290|2H|S|8|C8
6|9|112|298|88|37|2H|S|8|C5
6|9|198|47|309|102|2H|S|10|H2
7|1|176|103|190|212|4S|W|10
7|1|174|150|209|74|2DX|N|5|C8
7|1|85|62|51|272|4S|W|10
7|1|155|108|256|98|4S|W|11|D7
7|1|243|10|292|303|4S|W|10|D7
7|1|261|239|313|262|4S|W|11|C3
7|1|240|69|215|252|4S|W|10
7|1|47|45|102|167|4S|W|11|S6
7|1|141|274|302|132|4S|E|10
7|1|218|298|124|37|2C|N|4|C4
7|10|176|103|190|212|4S|N|10
7|10|174|150|209|74|5HX|W|8|D4
7|10|85|62|51|272|5C|E|11
7|10|155|108|256|98|4H|W|8|CJ
7|10|243|10|292|303|5HX|W|10|CJ
7|10|261|239|313|262|4H|E|7|DA
7|10|240|69|215|252|4H|E|7
7|10|47|45|102|167|4H|E|10|DA
7|10|141|274|302|132|5C|E|11
7|10|218|298|124|37|4H|E|9|DA
7|11|176|103|190|212|4S|S|9
7|11|174|150|209|74|3S|S|8|HQ
7|11|85|62|51|272|4S|S|8
7|11|155|108|256|98|3S|S|9|HJ
7|11|243|10|292|303|3S|S|9|HQ
7|11|261|239|313|262|3S|S|9|HQ
7|11|240|69|215|252|2S|N|9
7|11|47|45|102|167|2S|S|10|HQ
7|11|141|274|302|132|3D|W|9
7|11|218|298|124|37|3S|N|10|D6
7|12|176|103|190|212|1N|W|9
7|12|174|150|209|74|2D|W|10|C4
7|12|85|62|51|272|3S|N|8
7|12|155|108|256|98|2D|W|10|D2
7|12|243|10|292|303|2D|W|10|D8
7|12|261|239|313|262|3N|W|7|SQ
7|12|240|69|215|252|2D|W|10
7|12|47|45|102|167|3D|W|10|H5
7|12|141|274|302|132|2D|W|10
7|12|218|298|124|37|2D|W|10|SQ
7|13|176|103|190|212|3N|N|10
7|13|174|150|209|74|3N|N|10|H2
7|13|85|62|51|272|3N|N|10
7|13|155|108|256|98|3N|S|9|C3
7|13|243|10|292|303|3N|N|10|H3
7|13|261|239|313|262|3N|N|10|H3
7|13|240|69|215|252|3N|N|11
7|13|47|45|102|167|3N|S|10|C8
7|13|141|274|302|132|3N|S|9
7|13|218|298|124|37|3N|N|10|H3
7|14|176|103|190|212|4C|S|10
7|14|174|150|209|74|6CX|N|9|S6
7|14|85|62|51|272|4C|S|10
7|14|155|108|256|98|4S|W|7|C3
7|14|243|10|292|303|5C|N|9|S6
7|14|261|239|313|262|3H|E|6|CA
7|14|240|69|215|252|5C|S|9
7|14|47|45|102|167|3N|S|9|S4
7|14|141|274|302|132|4C|S|9
7|14|218|298|124|37|3N|S|9|S4
7|15|176|103|190|212|4H|S|10
7|15|174|150|209|74|4H|S|10|D6
7|15|85|62|51|272|3H|S|10
7|15|155|108|256|98|4H|S|10|C2
7|15|243|10|292|303|4H|S|10|C4
7|15|261|239|313|262|4H|S|10|C4
7|15|240|69|215|252|4H|S|10
7|15|47|45|102|167|4H|N|10|C3
7|15|141|274|302|132|2H|S|10
7|15|218|298|124|37|4H|S|9|D6
7|16|176|103|190|212|3H|E|9
7|16|174|150|209|74|2H|W|8|CT
7|16|85|62|51|272|2H|E|8
7|16|155|108|256|98|2H|E|8|DJ
7|16|243|10|292|303|2H|E|8|DJ
7|16|261|239|313|262|3H|E|8|DJ
7|16|240|69|215|252|2H|E|8
7|16|47|45|102|167|3D|N|8|S9
7|16|141|274|302|132|2H|E|8
7|16|218|298|124|37|3D|S|8|HT
7|17|176|209|190|106|2S|E|9|C2
7|17|174|84|192|222|2S|E|8|C8
7|17|85|249|51|56|2H|N|8|SQ
7|17|62|306|272|213|2H|N|8|SQ
7|17|177|214|52|290|2S|E|9|C2
7|17|261|243|313|292|3H|S|9
7|17|170|69|121|252|2H|N|9|SQ
7|17|47|240|102|215|3H|N|8|SQ
7|17|141|274|302|132|3S|E|9|H9
7|17|46|198|158|309|2S|E|8|C8
7|18|176|209|190|106|5D|E|10|HK
7|18|174|84|192|222|3N|E|11|H6
7|18|85|249|51|56|3N|W|9|H7
7|18|62|306|272|213|4S|W|10|H7
7|18|177|214|52|290|3N|W|9|H7
7|18|261|243|313|292|3N|E|9|HK
7|18|170|69|121|252|3N|E|9|HK
7|18|47|240|102|215|3N|E|9|HK
7|18|141|274|302|132|6D|E|10|HK
7|18|46|198|158|309|3N|W|10|H5
7|19|176|209|190|106|4SX|S|8|D3
7|19|174|84|192|222|3N|E|12|S8
7|19|85|249|51|56|5D|E|10|S6
7|19|62|306|272|213|4S|N|9|SA
7|19|177|214|52|290|5D|E|10|S6
7|19|261|243|313|292|5SX|N|9|CA
7|19|170|69|121|252|4SX|S|9|SQ
7|19|47|240|102|215|5SX|N|9|SA
7|19|141|274|302|132|4SX|N|9|CK
7|19|46|198|158|309|6SX|N|8|CA
7|2|176|103|190|212|2S|S|8
7|2|174|150|209|74|2H|W|7|H4
7|2|85|62|51|272|1N|N|7
7|2|155|108|256|98|3S|S|8|H3
7|2|243|10|292|303|1N|S|7|H3
7|2|261|239|313|262|1N|S|7|H2
7|2|240|69|215|252|1N|S|7
7|2|47|45|102|167|1N|N|8|S6
7|2|141|274|302|132|1N|N|8
7|2|218|298|124|37|1N|S|7|H3
7|20|176|209|190|106|1N|S|8|D5
7|20|174|84|192|222|3C|N|9|D3
7|20|85|249|51|56|1N|S|8|D5
7|20|62|306|272|213|3C|S|9|DK
7|20|177|214|52|290|3C|N|9|C9
7|20|261|243|313|292|3C|N|9|D3
7|20|170|69|121|252|3H|E|8|SQ
7|20|47|240|102|215|3C|N|9|D3
7|20|141|274|302|132|3C|N|9|C5
7|20|46|198|158|309|3H|E|9|C2
7|21|176|209|190|106|3S|E|10|HK
7|21|174|84|192|222|4S|E|10|HQ
7|21|85|249|51|56|1N|E|6|HK
7|21|62|306|272|213|4S|E|10|HK
7|21|177|214|52|290|3S|E|10|HK
7|21|261|243|313|292|4S|E|10|HK
7|21|170|69|121|252|4S|E|10|HK
7|21|47|240|102|215|4S|E|10|HK
7|21|141|274|302|132|4S|E|10|HK
7|21|46|198|158|309|4S|E|10|HK
7|22|176|209|190|106|4S|W|12|D2
7|22|174|84|192|222|4S|W|12|H9
7|22|85|249|51|56|4S|W|12|D2
7|22|62|306|272|213|4S|W|12|D6
7|22|177|214|52|290|4S|W|12|H6
7|22|261|243|313|292|7DX|N|8|DA
7|22|170|69|121|252|6S|W|12|D6
7|22|47|240|102|215|6S|W|12|D6
7|22|141|274|302|132|6S|W|12|D3
7|22|46|198|158|309|4S|W|12|D3
7|23|176|209|190|106|3N|N|10|H5
7|23|174|84|192|222|3N|N|10|H8
7|23|85|249|51|56|5D|S|12|H3
7|23|62|306|272|213|2D|S|13|C8
7|23|177|214|52|290|3N|N|11|H9
7|23|261|243|313|292|5D|S|12|H3
7|23|170|69|121|252|3N|N|11|H5
7|23|47|240|102|215|5D|S|12|H3
7|23|141|274|302|132|3N|S|10|DJ
7|23|46|198|158|309|5D|S|12|H3
7|24|176|209|190|106|4H|S|10|CQ
7|24|174|84|192|222|4H|S|10|CQ
7|24|85|249|51|56|6H|N|10|SA
7|24|62|306|272|213|4H|N|10|C7
7|24|177|214|52|290|4H|N|10|C7
7|24|261|243|313|292|4H|N|10|D9
7|24|170|69|121|252|4H|N|9|D9
7|24|47|240|102|215|4H|N|10|C6
7|24|141|274|302|132|4H|S|10|CQ
7|24|46|198|158|309|4H|N|10|C6
7|25|176|209|190|106|3N|N|8|D9
7|25|174|84|192|222|3N|N|10|S3
7|25|85|249|51|56|3N|N|6|D7
7|25|62|306|272|213|3N|N|7|D7
7|25|177|214|52|290|3N|N|7|D7
7|25|261|243|313|292|2S|S|6|CK
7|25|170|69|121|252|3N|N|7|D7
7|25|47|240|102|215|3N|N|9|H5
7|25|141|274|302|132|2N|N|8|D7
7|25|46|198|158|309|3N|N|6|D2
7|26|176|209|190|106|3C|N|10|C5
7|26|174|84|192|222|3C|N|10|C5
7|26|85|249|51|56|3C|N|10|C5
7|26|62|306|272|213|3C|N|9|SA
7|26|177|214|52|290|3N|S|8|H4
7|26|261|243|313|292|3C|N|10|C5
7|26|170|69|121|252|3C|N|10|C4
7|26|47|240|102|215|2S|W|7|DA
7|26|141|274|302|132|3N|S|8|H4
7|26|46|198|158|309|3C|N|9|SA
7|27|176|209|190|106|3C|S|10|C2
7|27|174|84|192|222|3C|S|10|C2
7|27|85|249|51|56|5C|S|11|H7
7|27|62|306|272|213|3C|S|10|D6
7|27|177|214|52|290|2C|S|10|C7
7|27|261|243|313|292|3C|S|10|C7
7|27|170|69|121|252|2C|S|9|C7
7|27|47|240|102|215|4C|S|10|D9
7|27|141|274|302|132|2N|N|8|D5
7|27|46|198|158|309|3C|S|11|C6
7|28|176|209|190|106|1N|E|8|CQ
7|28|174|84|192|222|3H|N|10|DA
7|28|85|249|51|56|1NX|E|8|CK
7|28|62|306|272|213|3D|W|9|ST
7|28|177|214|52|290|2H|N|10|DA
7|28|261|243|313|292|3SX|E|7|S4
7|28|170|69|121|252|2S|E|7|CK
7|28|47|240|102|215|3H|N|10|DA
7|28|141|274|302|132|2H|N|10|DA
7|28|46|198|158|309|2S|E|8|CA
7|29|176|209|190|106|2S|S|8|HK
7|29|174|84|192|222|2S|S|8|CK
7|29|85|249|51|56|2S|S|8|D7
7|29|62|306|272|213|2H|W|8|CJ
7|29|177|214|52|290|2S|S|8|CK
7|29|261|243|313|292|2S|S|8|D7
7|29|170|69|121|252|2S|S|8|D7
7|29|47|240|102|215|1N|N|7|D5
7|29|141|274|302|132|2S|S|8|D3
7|29|46|198|158|309|2S|N|8|D5
7|3|176|103|190|212|3C|W|10
7|3|174|150|209|74|4SX|W|8|HK
7|3|85|62|51|272|3S|W|8
7|3|155|108|256|98|3C|W|11|CT
7|3|243|10|292|303|3S|W|7|HA
7|3|261|239|313|262|4C|W|9|HA
7|3|240|69|215|252|3C|W|10
7|3|47|45|102|167|3C|W|9|HA
7|3|141|274|302|132|3C|W|10
7|3|218|298|124|37|4C|W|10|CT
7|30|176|209|190|106|1S|W|9|C3
7|30|174|84|192|222|1H|E|7|S9
7|30|85|249|51|56|2S|W|8|C3
7|30|62|306|272|213|2H|W|9|C3
7|30|177|214|52|290|2H|E|6|S2
7|30|261|243|313|292|2D|N|7|CJ
7|30|170|69|121|252|1S|W|9|C3
7|30|47|240|102|215|2NX|N|5|CJ
7|30|141|274|302|132|3H|E|7|S9
7|30|46|198|158|309|1S|W|8|S5
7|31|176|209|190|106|3N|W|11|C4
7|31|174|84|192|222|4S|E|11|C5
7|31|85|249|51|56|4S|W|11|C4
7|31|62|306|272|213|4S|W|11|C4
7|31|177|214|52|290|4S|E|11|C7
7|31|261|243|313|292|4S|E|11|C5
7|31|170|69|121|252|4S|E|11|S8
7|31|47|240|102|215|6D|W|12|H9
7|31|141|274|302|132|4S|W|11|H3
7|31|46|198|158|309|2S|E|12|DJ
7|32|176|209|190|106|2S|S|8|C6
7|32|174|84|192|222|3N|S|9|D4
7|32|85|249|51|56|4S|S|9|C6
7|32|62|306|272|213|3S|N|10|DJ
7|32|177|214|52|290|4S|N|8|DJ
7|32|261|243|313|292|3S|N|9|HJ
7|32|170|69|121|252|4S|S|8|C6
7|32|47|240|102|215|4S|N|9|HJ
7|32|141|274|302|132|2S|N|8|DJ
7|32|46|198|158|309|3N|S|10|D4
7|4|176|103|190|212|2H|W|5
7|4|174|150|209|74|2S|N|8|HA
7|4|85|62|51|272|3N|S|10
7|4|155|108|256|98|3C|S|9|HJ
7|4|243|10|292|303|1N|S|7|HQ
7|4|261|239|313|262|1N|S|8|S5
7|4|240|69|215|252|3C|S|10
7|4|47|45|102|167|2H|E|6|CA
7|4|141|274|302|132|1H|W|5
7|4|218|298|124|37|2N|N|10|SQ
7|5|176|103|190|212|4S|N|10
7|5|174|150|209|74|4S|S|9|DK
7|5|85|62|51|272|4S|S|9
7|5|155|108|256|98|5DX|E|10|HK
7|5|243|10|292|303|4S|S|9|DK
7|5|261|239|313|262|4S|S|9|D6
7|5|240|69|215|252|4S|S|9
7|5|47|45|102|167|4S|S|9|DK
7|5|141|274|302|132|4S|S|9
7|5|218|298|124|37|4S|S|10|DK
7|6|176|103|190|212|3N|W|9
7|6|174|150|209|74|3N|E|9|DT
7|6|85|62|51|272|2N|W|8
7|6|155|108|256|98|2N|E|7|H2
7|6|243|10|292|303|2N|E|8|H7
7|6|261|239|313|262|3C|E|9|H2
7|6|240|69|215|252|2N|E|8
7|6|47|45|102|167|3N|W|8|HT
7|6|141|274|302|132|3N|W|9
7|6|218|298|124|37|3C|E|9|C4
7|7|176|103|190|212|2S|W|9
7|7|174|150|209|74|3H|S|8|SK
7|7|85|62|51|272|P||0
7|7|155|108|256|98|P||0
7|7|243|10|292|303|3H|S|8|SK
7|7|261|239|313|262|3H|S|8|SK
7|7|240|69|215|252|2H|W|9
7|7|47|45|102|167|2H|S|8|SK
7|7|141|274|302|132|3H|S|8
7|7|218|298|124|37|3H|S|8|SK
7|8|176|103|190|212|2H|E|8
7|8|174|150|209|74|2S|N|7|HA
7|8|85|62|51|272|2S|N|7
7|8|155|108|256|98|2S|N|7|HK
7|8|243|10|292|303|2S|N|7|HA
7|8|261|239|313|262|1N|W|6|S3
7|8|240|69|215|252|2S|N|7
7|8|47|45|102|167|2H|E|8|DA
7|8|141|274|302|132|3S|N|6
7|8|218|298|124|37|1N|E|6|S2
7|9|176|103|190|212|2S|N|10
7|9|174|150|209|74|4S|N|9|CA
7|9|85|62|51|272|3S|N|10
7|9|155|108|256|98|3S|N|9|CK
7|9|243|10|292|303|2S|N|9|CA
7|9|261|239|313|262|2S|N|9|CA
7|9|240|69|215|252|2S|N|10
7|9|47|45|102|167|2S|N|9|CA
7|9|141|274|302|132|2S|N|9
7|9|218|298|124|37|2S|N|9|CA
8|1|155|176|256|190|3C|N|10|H5
8|1|150|249|74|56|3S|W|7|DA
8|1|218|306|124|213|3N|N|9|SJ
8|1|108|46|98|158|1N|N|9|H6
8|1|214|103|290|212|1N|N|9|H6
8|1|209|10|106|303|3N|N|10|HJ
8|1|47|239|102|262|3C|N|9|H6
8|1|177|69|52|252|3N|N|10|S5
8|1|298|45|37|167|3H|E|7|S2
8|1|170|198|121|309|3N|N|10|SJ
8|10|155|176|256|190|2D|S|9|H5
8|10|150|249|74|56|2S|N|9|HJ
8|10|218|306|124|213|3C|E|8|DQ
8|10|108|46|98|158|2S|N|9|HJ
8|10|214|103|290|212|2D|S|10|H3
8|10|209|10|106|303|2D|S|10|H3
8|10|47|239|102|262|1S|N|9|HJ
8|10|177|69|52|252|2S|S|9|DA
8|10|298|45|37|167|2D|S|11|H3
8|10|170|198|121|309|2H|E|6|ST
8|11|155|176|256|190|3N|N|9|D3
8|11|150|249|74|56|4H|S|9|S2
8|11|218|306|124|213|3N|S|8|S4
8|11|108|46|98|158|3N|S|8|H7
8|11|214|103|290|212|3N|N|9|S5
8|11|209|10|106|303|3N|N|10|S7
8|11|47|239|102|262|4H|N|9|S8
8|11|177|69|52|252|3N|N|8|CT
8|11|298|45|37|167|4H|S|10|D5
8|11|170|198|121|309|3N|N|8|D4
8|12|155|176|256|190|3N|S|12|DA
8|12|150|249|74|56|6S|S|10|DA
8|12|218|306|124|213|4S|N|11|D2
8|12|108|46|98|158|4S|N|13|HT
8|12|214|103|290|212|4S|N|13|HT
8|12|209|10|106|303|4S|S|11|DA
8|12|47|239|102|262|4S|S|10|DA
8|12|177|69|52|252|3N|S|9|DQ
8|12|298|45|37|167|3N|S|9|DA
8|12|170|198|121|309|4S|N|11|D6
8|13|155|176|256|190|2DX|E|7|S3
8|13|150|249|74|56|2S|S|8|D7
8|13|218|306|124|213|3NX|W|8|C3
8|13|108|46|98|158|2S|S|7|ST
8|13|214|103|290|212|2S|S|8|D7
8|13|209|10|106|303|2S|S|8|D7
8|13|47|239|102|262|2DX|E|7|S4
8|13|177|69|52|252|2S|S|8|D7
8|13|298|45|37|167|2D|E|7|C7
8|13|170|198|121|309|2C|N|6|CT
8|14|155|176|256|190|4D|S|9|C2
8|14|150|249|74|56|4H|N|8|CQ
8|14|218|306|124|213|4H|N|8|CQ
8|14|108|46|98|158|4C|E|9|SK
8|14|214|103|290|212|3N|E|7|SJ
8|14|209|10|106|303|3C|E|9|SA
8|14|47|239|102|262|3C|E|9|SA
8|14|177|69|52|252|4C|E|9|SA
8|14|298|45|37|167|3D|S|9|C2
8|14|170|198|121|309|3H|N|8|CQ
8|15|155|176|256|190|3D|W|9|SQ
8|15|150|249|74|56|3D|W|8|SQ
8|15|218|306|124|213|3S|S|8|DK
8|15|108|46|98|158|4D|W|8|SJ
8|15|214|103|290|212|3D|E|8|H8
8|15|209|10|106|303|3D|W|8|CJ
8|15|47|239|102|262|4S|S|8|D2
8|15|177|69|52|252|4S|S|10|ST
8|15|298|45|37|167|2S|S|10|DK
8|15|170|198|121|309|2H|S|9|DK
8|16|155|176|256|190|3N|E|11|H5
8|16|150|249|74|56|3N|E|10|H7
8|16|218|306|124|213|3N|E|10|S2
8|16|108|46|98|158|3N|E|9|H5
8|16|214|103|290|212|3N|E|9|H5
8|16|209|10|106|303|3N|E|10|S2
8|16|47|239|102|262|3N|E|11|H5
8|16|177|69|52|252|3N|W|8|H3
8|16|298|45|37|167|3N|E|11|S2
8|16|170|198|121|309|3N|E|9|H5
8|17|249|150|56|74|4H|E|10|C2
8|17|176|62|190|272|5CX|S|8|H8
8|17|4|85|132|51|4HX|W|10|CA
8|17|306|46|213|158|4HX|E|10|C8
8|17|261|174|313|192|4H|E|10|C3
8|17|209|10|106|303|4H|W|10|CA
8|17|69|243|252|292|4H|E|10|C2
8|17|177|47|52|102|4H|E|10|C3
8|17|141|170|302|121|4H|E|10|C2
8|17|240|298|215|37|5CX|S|8|H7
8|18|249|150|56|74|4C|S|8|DA
8|18|176|62|190|272|2D|E|8|C3
8|18|4|85|132|51|3D|W|10|D4
8|18|306|46|213|158|2D|W|10|D4
8|18|261|174|313|192|3D|E|9|H3
8|18|209|10|106|303|2D|E|8|CQ
8|18|69|243|252|292|4C|S|8|CA
8|18|177|47|52|102|2D|E|10|DQ
8|18|141|170|302|121|2D|W|9|HK
8|18|240|298|215|37|1N|E|6|C5
8|19|249|150|56|74|1N|E|11|H9
8|19|176|62|190|272|3N|E|9|C2
8|19|4|85|132|51|3N|E|11|C4
8|19|306|46|213|158|2S|W|10|C7
8|19|261|174|313|192|3N|E|10|C2
8|19|209|10|106|303|3N|E|10|H8
8|19|69|243|252|292|3N|E|11|H9
8|19|177|47|52|102|2S|W|10|C3
8|19|141|170|302|121|3N|E|9|C2
8|19|240|298|215|37|2S|E|10|H4
8|2|155|176|256|190|3HX|E|6|C4
8|2|150|249|74|56|4S|S|11|H2
8|2|218|306|124|213|6HX|W|7|CA
8|2|108|46|98|158|5C|S|12|C3
8|2|214|103|290|212|5C|S|12|DQ
8|2|209|10|106|303|3HX|W|7|CA
8|2|47|239|102|262|7C|S|12|C7
8|2|177|69|52|252|3HX|E|6|C5
8|2|298|45|37|167|4HX|W|7|CA
8|2|170|198|121|309|4S|S|10|H2
8|20|249|150|56|74|4H|W|11|D4
8|20|176|62|190|272|4H|E|9|S7
8|20|4|85|132|51|4H|W|10|S4
8|20|306|46|213|158|4H|W|10|D2
8|20|261|174|313|192|4H|W|9|D4
8|20|209|10|106|303|4H|W|11|H7
8|20|69|243|252|292|4H|W|10|D6
8|20|177|47|52|102|4H|E|10|S7
8|20|141|170|302|121|4H|W|11|D4
8|20|240|298|215|37|4H|W|9|C3
8|21|249|150|56|74|2HX|S|7|D8
8|21|176|62|190|272|2S|E|8|HA
8|21|4|85|132|51|2HX|S|7|CJ
8|21|306|46|213|158|2HX|S|6|SK
8|21|261|174|313|192|2HX|S|9|D8
8|21|209|10|106|303|2HX|S|6|SK
8|21|69|243|252|292|2HX|S|8|D8
8|21|177|47|52|102|2HX|S|7|D8
8|21|141|170|302|121|2S|E|7|HA
8|21|240|298|215|37|2HX|S|6|SK
8|22|249|150|56|74|2H|W|8|D3
8|22|176|62|190|272|2H|W|8|CQ
8|22|4|85|132|51|2H|W|9|D4
8|22|306|46|213|158|2H|W|7|D4
8|22|261|174|313|192|2H|W|6|D3
8|22|209|10|106|303|2H|W|9|SA
8|22|69|243|252|292|5C|E|11|S2
8|22|177|47|52|102|2H|W|7|D4
8|22|141|170|302|121|2H|W|8|D3
8|22|240|298|215|37|4H|W|7|D3
8|23|249|150|56|74|4H|N|12|DK
8|23|176|62|190|272|4H|N|12|DK
8|23|4|85|132|51|4H|N|12|DK
8|23|306|46|213|158|4H|S|12|C3
8|23|261|174|313|192|4H|S|13|C3
8|23|209|10|106|303|4H|N|11|DK
8|23|69|243|252|292|4H|S|12|SK
8|23|177|47|52|102|4H|N|12|DK
8|23|141|170|302|121|6H|N|12|DK
8|23|240|298|215|37|4H|N|12|DK
8|24|249|150|56|74|6H|E|10|S3
8|24|176|62|190|272|4H|W|10|H3
8|24|4|85|132|51|3N|W|11|S6
8|24|306|46|213|158|6H|E|11|D6
8|24|261|174|313|192|3N|W|10|S5
8|24|209|10|106|303|4H|W|10|DT
8|24|69|243|252|292|3N|W|9|DT
8|24|177|47|52|102|4H|W|10|DT
8|24|141|170|302|121|3N|W|8|DT
8|24|240|298|215|37|4H|W|10|DT
8|25|249|150|56|74|5D|E|11|HK
8|25|176|62|190|272|3D|E|11|HK
8|25|4|85|132|51|4S|W|10|CK
8|25|306|46|213|158|5HX|S|6|HA
8|25|261|174|313|192|4HX|S|6|C4
8|25|209|10|106|303|3D|E|12|C9
8|25|69|243|252|292|4D|E|12|HK
8|25|177|47|52|102|3D|E|11|HK
8|25|141|170|302|121|4S|W|10|CK
8|25|240|298|215|37|3D|E|12|HK
8|26|249|150|56|74|2S|N|8|D8
8|26|176|62|190|272|2H|W|7|SA
8|26|4|85|132|51|2H|E|8|S3
8|26|306|46|213|158|2S|N|8|D8
8|26|261|174|313|192|4SX|N|8|D8
8|26|209|10|106|303|3S|N|8|D8
8|26|69|243|252|292|2HX|E|7|H8
8|26|177|47|52|102|3H|E|7|DA
8|26|141|170|302|121|2H|E|6|S3
8|26|240|298|215|37|4S|N|7|HT
8|27|249|150|56|74|3N|W|7|C7
8|27|176|62|190|272|3N|W|9|H4
8|27|4|85|132|51|3N|W|12|S2
8|27|306|46|213|158|3N|W|7|C7
8|27|261|174|313|192|3N|W|8|C8
8|27|209|10|106|303|3N|E|8|CQ
8|27|69|243|252|292|3N|W|9|S4
8|27|177|47|52|102|3N|W|7|C7
8|27|141|170|302|121|3N|E|11|CQ
8|27|240|298|215|37|3N|W|9|H5
8|28|249|150|56|74|4D|S|11|SK
8|28|176|62|190|272|5DX|S|11|HQ
8|28|4|85|132|51|3N|N|4|HT
8|28|306|46|213|158|5D|S|11|SK
8|28|261|174|313|192|3D|S|12|SQ
8|28|209|10|106|303|5D|S|11|SK
8|28|69|243|252|292|3NX|N|7|H7
8|28|177|47|52|102|5DX|S|11|SK
8|28|141|170|302|121|5DX|S|11|SK
8|28|240|298|215|37|4D|S|11|SK
8|29|249|150|56|74|4H|N|11|SK
8|29|176|62|190|272|3N|N|11|C9
8|29|4|85|132|51|4H|N|11|SK
8|29|306|46|213|158|4H|N|11|SK
8|29|261|174|313|192|4H|N|11|SQ
8|29|209|10|106|303|4H|N|11|SK
8|29|69|243|252|292|2H|N|11|DT
8|29|177|47|52|102|4H|N|11|SK
8|29|141|170|302|121|4H|N|12|SK
8|29|240|298|215|37|4H|N|11|SK
8|3|155|176|256|190|2S|E|7|S3
8|3|150|249|74|56|2D|E|9|HA
8|3|218|306|124|213|2D|E|8|HA
8|3|108|46|98|158|2H|S|7|D8
8|3|214|103|290|212|2H|N|6|CK
8|3|209|10|106|303|2D|E|8|HA
8|3|47|239|102|262|2D|E|9|HA
8|3|177|69|52|252|2D|E|9|HA
8|3|298|45|37|167|3C|N|6|HQ
8|3|170|198|121|309|2D|E|8|HA
8|30|249|150|56|74|3N|S|10|H4
8|30|176|62|190|272|3N|S|9|H5
8|30|4|85|132|51|3N|S|10|H5
8|30|306|46|213|158|3C|N|10|HA
8|30|261|174|313|192|3N|S|10|H4
8|30|209|10|106|303|3N|S|9|H4
8|30|69|243|252|292|2H|N|7|DA
8|30|177|47|52|102|3N|S|9|D7
8|30|141|170|302|121|3N|S|10|H4
8|30|240|298|215|37|5C|N|10|HA
8|31|249|150|56|74|1N|W|6|CK
8|31|176|62|190|272|2D|W|8|CK
8|31|4|85|132|51|1N|W|5|CQ
8|31|306|46|213|158|1N|W|5|CQ
8|31|261|174|313|192|2N|W|7|CK
8|31|209|10|106|303|3H|W|7|S9
8|31|69|243|252|292|1N|W|7|CK
8|31|177|47|52|102|2D|W|6|CK
8|31|141|170|302|121|1N|W|5|CK
8|31|240|298|215|37|3H|W|6|CK
8|32|249|150|56|74|4S|N|9|HK
8|32|176|62|190|272|4S|N|10|HK
8|32|4|85|132|51|4S|N|9|HK
8|32|306|46|213|158|4S|N|10|D6
8|32|261|174|313|192|3N|S|9|H9
8|32|209|10|106|303|4S|N|11|HK
8|32|69|243|252|292|4S|N|10|HK
8|32|177|47|52|102|4S|N|10|HK
8|32|141|170|302|121|4S|N|10|HK
8|32|240|298|215|37|4S|S|9|H9
8|4|155|176|256|190|4H|S|12|DK
8|4|150|249|74|56|4H|N|12|D2
8|4|218|306|124|213|4H|N|12|CJ
8|4|108|46|98|158|4H|S|11|S5
8|4|214|103|290|212|4H|S|12|DK
8|4|209|10|106|303|4H|S|12|DK
8|4|47|239|102|262|4H|S|11|S5
8|4|177|69|52|252|4H|S|11|S5
8|4|298|45|37|167|4H|S|12|DK
8|4|170|198|121|309|4H|S|12|DK
8|5|155|176|256|190|4S|E|8|DT
8|5|150|249|74|56|4SX|E|9|DT
8|5|218|306|124|213|4H|W|9|SA
8|5|108|46|98|158|4S|E|9|DT
8|5|214|103|290|212|4S|E|9|DT
8|5|209|10|106|303|4S|E|9|DT
8|5|47|239|102|262|4S|E|10|DT
8|5|177|69|52|252|3N|E|8|C6
8|5|298|45|37|167|4SX|E|9|DT
8|5|170|198|121|309|4H|W|9|CQ
8|6|155|176|256|190|2H|E|9|DQ
8|6|150|249|74|56|3H|E|9|DQ
8|6|218|306|124|213|4H|E|9|CT
8|6|108|46|98|158|4H|E|10|C9
8|6|214|103|290|212|4H|E|9|C9
8|6|209|10|106|303|4H|E|8|CT
8|6|47|239|102|262|4H|E|10|DQ
8|6|177|69|52|252|1N|W|9|SQ
8|6|298|45|37|167|4H|E|10|CT
8|6|170|198|121|309|4H|E|10|CT
8|7|155|176|256|190|3D|N|8|H9
8|7|150|249|74|56|3S|N|9|D6
8|7|218|306|124|213|2S|S|9|C3
8|7|108|46|98|158|1N|S|6|H3
8|7|214|103|290|212|2S|S|11|H3
8|7|209|10|106|303|1N|S|6|H4
8|7|47|239|102|262|2S|S|8|C2
8|7|177|69|52|252|1C|S|8|DA
8|7|298|45|37|167|2S|S|9|C3
8|7|170|198|121|309|2S|S|10|C2
8|8|155|176|256|190|3D|W|10|SA
8|8|150|249|74|56|3N|E|8|S6
8|8|218|306|124|213|3N|E|8|CQ
8|8|108|46|98|158|2S|N|7|H7
8|8|214|103|290|212|2C|N|6|D8
8|8|209|10|106|303|3D|W|9|SA
8|8|47|239|102|262|1N|W|9|HJ
8|8|177|69|52|252|3N|E|8|CK
8|8|298|45|37|167|3CX|S|7|S3
8|8|170|198|121|309|2N|E|7|CQ
8|9|155|176|256|190|5C|N|10|SK
8|9|150|249|74|56|5C|N|10|S2
8|9|218|306|124|213|3N|S|10|D7
8|9|108|46|98|158|3N|S|5|SQ
8|9|214|103|290|212|3N|S|5|ST
8|9|209|10|106|303|5C|N|10|SK
8|9|47|239|102|262|3N|S|5|S3
8|9|177|69|52|252|5C|N|10|S2
8|9|298|45|37|167|3N|S|6|SQ
8|9|170|198|121|309|3N|S|5|SQ
9|1|176|306|190|213|3D|W|12|D6
9|1|108|150|98|74|5D|W|12|S2
9|1|155|261|256|313|5D|W|12|S8
9|1|214|62|290|272|5D|W|11|ST
9|1|174|47|192|102|3N|E|9|S2
9|1|69|103|252|212|4D|W|11|S2
9|1|243|198|292|309|5D|W|11|S8
9|1|298|239|37|262|3N|W|9|S4
9|1|170|274|121|132|5D|W|12|S5
9|1|218|45|124|167|5D|W|11|C2
9|10|176|306|190|213|4S|S|9|DA
9|10|108|150|98|74|4S|S|9|DA
9|10|155|261|256|313|4S|S|9|DA
9|10|214|62|290|272|4S|S|9|DA
9|10|174|47|192|102|4S|S|12|H6
9|10|69|103|252|212|3N|S|7|H4
9|10|243|198|292|309|4S|S|9|DK
9|10|298|239|37|262|5C|N|8|HA
9|10|170|274|121|132|4S|S|10|DA
9|10|218|45|124|167|5DX|W|9|SQ
9|11|176|306|190|213|3N|W|11|SA
9|11|108|150|98|74|4SX|N|8|S6
9|11|155|261|256|313|4SX|N|8|S3
9|11|214|62|290|272|4H|W|11|SA
9|11|174|47|192|102|4SX|N|8|CK
9|11|69|103|252|212|4SX|N|8|CK
9|11|243|198|292|309|4SX|N|8|CK
9|11|298|239|37|262|4SX|N|8|CK
9|11|170|274|121|132|5SX|N|8|CK
9|11|218|45|124|167|4SX|N|8|HA
9|12|176|306|190|213|2S|W|6|S3
9|12|108|150|98|74|2N|S|8|SQ
9|12|155|261|256|313|2H|S|6|CA
9|12|214|62|290|272|2S|W|6|S3
9|12|174|47|192|102|2H|E|7|ST
9|12|69|103|252|212|2S|W|6|S2
9|12|243|198|292|309|1H|S|6|CA
9|12|298|239|37|262|3C|N|8|H6
9|12|170|274|121|132|2S|W|7|S3
9|12|218|45|124|167|2S|W|6|S6
9|13|176|306|190|213|3N|E|7|S3
9|13|108|150|98|74|3S|S|10|CJ
9|13|155|261|256|313|4H|W|11|SQ
9|13|214|62|290|272|3H|W|11|H5
9|13|174|47|192|102|4D|W|11|SQ
9|13|69|103|252|212|3N|E|7|SK
9|13|243|198|292|309|3N|E|7|S4
9|13|298|239|37|262|4H|E|11|S2
9|13|170|274|121|132|4S|N|10|S2
9|13|218|45|124|167|3N|E|11|SK
9|14|176|306|190|213|4H|S|12|D8
9|14|108|150|98|74|4H|S|12|D4
9|14|155|261|256|313|4H|S|10|CT
9|14|214|62|290|272|4H|S|12|D8
9|14|174|47|192|102|4H|S|11|D8
9|14|69|103|252|212|4H|S|11|D4
9|14|243|198|292|309|4H|S|11|D4
9|14|298|239|37|262|4H|S|11|D2
9|14|170|274|121|132|4H|S|12|D8
9|14|218|45|124|167|4H|S|11|S3
9|15|176|306|190|213|4H|E|10|CJ
9|15|108|150|98|74|4H|E|11|D5
9|15|155|261|256|313|5HX|E|11|CJ
9|15|214|62|290|272|5HX|E|11|D2
9|15|174|47|192|102|4SX|W|8|CK
9|15|69|103|252|212|3S|W|8|CA
9|15|243|198|292|309|4H|E|11|CJ
9|15|298|239|37|262|5H|E|11|D3
9|15|170|274|121|132|5H|E|11|D5
9|15|218|45|124|167|6H|E|11|CJ
9|16|176|306|190|213|4SX|W|8|CK
9|16|108|150|98|74|4H|S|11|D4
9|16|155|261|256|313|5HX|S|12|D4
9|16|214|62|290|272|4H|S|11|D2
9|16|174|47|192|102|4H|S|12|D2
9|16|69|103|252|212|4H|S|11|S2
9|16|243|198|292|309|4H|S|12|C3
9|16|298|239|37|262|4H|S|11|S4
9|16|170|274|121|132|4SX|W|8|CA
9|16|218|45|124|167|4H|N|12|SA
9|17|176|85|190|51|4SX|W|9|DJ
9|17|108|222|98|150|4H|N|10|CQ
9|17|155|10|256|303|4H|N|9|CQ
9|17|214|249|290|56|5SX|W|10|DJ
9|17|209|47|106|102|4H|N|10|CQ
9|17|69|103|252|212|4H|N|9|CQ
9|17|177|141|52|302|4H|N|10|CQ
9|17|198|239|309|262|4SX|W|10|DJ
9|17|240|274|215|132|4H|N|10|CQ
9|17|218|45|124|167|4H|N|10|HA
9|18|176|85|190|51|4H|E|11|CK
9|18|108|222|98|150|4H|W|11|S2
9|18|155|10|256|303|4H|E|11|CK
9|18|214|249|290|56|4H|W|11|D4
9|18|209|47|106|102|5H|E|11|CK
9|18|69|103|252|212|6H|E|10|CK
9|18|177|141|52|302|3N|E|10|CK
9|18|198|239|309|262|4H|E|11|CK
9|18|240|274|215|132|4H|W|11|D3
9|18|218|45|124|167|6H|E|11|CK
9|19|176|85|190|51|4H|S|10|C3
9|19|108|222|98|150|4H|S|10|S4
9|19|155|10|256|303|4H|S|10|C7
9|19|214|249|290|56|4H|S|10|H5
9|19|209|47|106|102|4H|S|10|S2
9|19|69|103|252|212|4H|S|10|H5
9|19|177|141|52|302|4H|S|10|S4
9|19|198|239|309|262|4H|S|10|S4
9|19|240|274|215|132|6H|S|10|DA
9|19|218|45|124|167|4H|S|10|S2
9|2|176|306|190|213|4S|E|5|C2
9|2|108|150|98|74|4SX|E|7|C2
9|2|155|261|256|313|4S|E|8|C3
9|2|214|62|290|272|2N|W|5|S3
9|2|174|47|192|102|3D|S|8|SK
9|2|69|103|252|212|4SX|E|7|C5
9|2|243|198|292|309|4SX|E|7|C3
9|2|298|239|37|262|3D|S|8|SK
9|2|170|274|121|132|4SX|E|8|DA
9|2|218|45|124|167|4SX|E|7|C3
9|20|176|85|190|51|3N|N|10|SQ
9|20|108|222|98|150|3C|N|11|D2
9|20|155|10|256|303|4C|N|11|HJ
9|20|214|249|290|56|4D|E|10|HK
9|20|209|47|106|102|5DX|E|9|HK
9|20|69|103|252|212|3N|N|6|D3
9|20|177|141|52|302|5DX|W|9|DA
9|20|198|239|309|262|5C|N|11|D2
9|20|240|274|215|132|3N|N|10|D3
9|20|218|45|124|167|3N|N|5|D6
9|21|176|85|190|51|3N|N|9|C8
9|21|108|222|98|150|3N|N|9|C9
9|21|155|10|256|303|3N|N|9|HJ
9|21|214|249|290|56|3N|N|10|D8
9|21|209|47|106|102|3N|N|7|D8
9|21|69|103|252|212|3N|N|9|C9
9|21|177|141|52|302|3N|N|9|C9
9|21|198|239|309|262|2N|N|9|C9
9|21|240|274|215|132|3N|N|9|C8
9|21|218|45|124|167|3N|N|9|D8
9|22|176|85|190|51|4H|N|10|SJ
9|22|108|222|98|150|4H|N|10|SJ
9|22|155|10|256|303|4H|N|10|SJ
9|22|214|249|290|56|4H|N|10|SJ
9|22|209|47|106|102|4H|N|10|SJ
9|22|69|103|252|212|4H|N|10|SJ
9|22|177|141|52|302|4H|N|10|SJ
9|22|198|239|309|262|4H|S|12|S2
9|22|240|274|215|132|4H|N|10|SJ
9|22|218|45|124|167|4H|N|10|SJ
9|23|176|85|190|51|3D|E|9|SA
9|23|108|222|98|150|3H|E|9|SK
9|23|155|10|256|303|3H|E|9|SA
9|23|214|249|290|56|4H|W|9|SJ
9|23|209|47|106|102|3D|E|8|SA
9|23|69|103|252|212|3D|E|8|SQ
9|23|177|141|52|302|4H|W|9|SJ
9|23|198|239|309|262|3D|E|7|SA
9|23|240|274|215|132|4H|W|9|SJ
9|23|218|45|124|167|4SX|S|6|C2
9|24|176|85|190|51|4H|N|10|C5
9|24|108|222|98|150|1N|W|5|H3
9|24|155|10|256|303|2D|W|8|DA
9|24|214|249|290|56|4H|N|10|C5
9|24|209|47|106|102|2H|N|10|C5
9|24|69|103|252|212|4H|N|7|C5
9|24|177|141|52|302|3N|N|9|D6
9|24|198|239|309|262|4H|N|9|C5
9|24|240|274|215|132|4H|N|10|C5
9|24|218|45|124|167|4H|N|7|C5
9|25|176|85|190|51|P||0
9|25|108|222|98|150|1N|N|7|HT
9|25|155|10|256|303|1N|S|5|C3
9|25|214|249|290|56|P||0
9|25|209|47|106|102|P||0
9|25|69|103|252|212|1N|N|4|HT
9|25|177|141|52|302|P||0
9|25|198|239|309|262|1N|S|5|C2
9|25|240|274|215|132|1N|N|5|H9
9|25|218|45|124|167|1N|N|7|H9
9|26|176|85|190|51|3H|W|9|CJ
9|26|108|222|98|150|2S|N|8|S5
9|26|155|10|256|303|3H|W|9|CJ
9|26|214|249|290|56|3S|N|8|HA
9|26|209|47|106|102|2S|N|8|HK
9|26|69|103|252|212|2S|N|8|C7
9|26|177|141|52|302|2H|W|10|CJ
9|26|198|239|309|262|1N|S|6|H2
9|26|240|274|215|132|2S|N|8|S2
9|26|218|45|124|167|2D|E|9|SA
9|27|176|85|190|51|4HX|W|9|SA
9|27|108|222|98|150|4S|S|12|D4
9|27|155|10|256|303|4S|N|12|D3
9|27|214|249|290|56|4S|N|12|D3
9|27|209|47|106|102|4S|N|12|CK
9|27|69|103|252|212|4S|S|12|S7
9|27|177|141|52|302|5D|S|12|HA
9|27|198|239|309|262|4S|S|12|D4
9|27|240|274|215|132|4S|S|12|D5
9|27|218|45|124|167|4S|N|12|D3
9|28|176|85|190|51|3N|W|11|D5
9|28|108|222|98|150|3N|E|11|SJ
9|28|155|10|256|303|3N|W|10|S5
9|28|214|249|290|56|3N|W|10|S4
9|28|209|47|106|102|3N|W|10|S5
9|28|69|103|252|212|3N|E|11|D6
9|28|177|141|52|302|3N|E|11|H4
9|28|198|239|309|262|3N|W|10|S4
9|28|240|274|215|132|3N|W|10|S4
9|28|218|45|124|167|3N|E|11|SJ
9|29|176|85|190|51|3N|S|10|S5
9|29|108|222|98|150|4H|S|9|S4
9|29|155|10|256|303|4H|S|12|S4
9|29|214|249|290|56|4H|S|8|S4
9|29|209|47|106|102|2CX|E|4|CJ
9|29|69|103|252|212|4H|N|10|S7
9|29|177|141|52|302|4H|S|10|S4
9|29|198|239|309|262|5H|N|10|D3
9|29|240|274|215|132|4H|N|11|S2
9|29|218|45|124|167|4H|N|11|S2
9|3|176|306|190|213|3D|S|9|C4
9|3|108|150|98|74|3D|S|9|H6
9|3|155|261|256|313|3S|N|7|CJ
9|3|214|62|290|272|3D|S|9|C4
9|3|174|47|192|102|3D|S|9|H4
9|3|69|103|252|212|3N|S|5|C3
9|3|243|198|292|309|3D|S|9|C5
9|3|298|239|37|262|3D|S|10|S5
9|3|170|274|121|132|2D|S|9|C4
9|3|218|45|124|167|2S|N|9|CJ
9|30|176|85|190|51|4H|N|10|S3
9|30|108|222|98|150|3C|S|10|SK
9|30|155|10|256|303|3C|S|10|SA
9|30|214|249|290|56|4H|N|10|S9
9|30|209|47|106|102|3N|S|11|S6
9|30|69|103|252|212|3N|S|10|S4
9|30|177|141|52|302|4H|S|10|SA
9|30|198|239|309|262|4H|S|10|SA
9|30|240|274|215|132|4H|N|10|S3
9|30|218|45|124|167|4H|N|10|S3
9|31|176|85|190|51|4S|N|8|D7
9|31|108|222|98|150|4S|N|8|D4
9|31|155|10|256|303|4S|N|9|CA
9|31|214|249|290|56|3S|S|8|D4
9|31|209|47|106|102|4S|N|8|D7
9|31|69|103|252|212|4S|N|8|D7
9|31|177|141|52|302|2S|N|8|D4
9|31|198|239|309|262|4S|N|9|D4
9|31|240|274|215|132|4S|N|9|D7
9|31|218|45|124|167|3N|S|7|CJ
9|32|176|85|190|51|2H|S|11|H3
9|32|108|222|98|150|5C|S|10|DA
9|32|155|10|256|303|2C|S|10|H3
9|32|214|249|290|56|4H|N|10|DJ
9|32|209|47|106|102|4H|S|11|DA
9|32|69|103|252|212|3N|N|6|DT
9|32|177|141|52|302|4H|N|10|DT
9|32|198|239|309|262|4H|S|11|C8
9|32|240|274|215|132|2H|S|10
9|32|218|45|124|167|4H|S|11|DA
9|4|176|306|190|213|1N|N|7|H5
9|4|108|150|98|74|3D|S|9|HT
9|4|155|261|256|313|2N|S|7|H8
9|4|214|62|290|272|2S|N|8|D2
9|4|174|47|192|102|2N|S|8|H8
9|4|69|103|252|212|2N|S|10|HQ
9|4|243|198|292|309|2S|N|9|D8
9|4|298|239|37|262|3N|S|9|DA
9|4|170|274|121|132|2D|N|11|D2
9|4|218|45|124|167|1S|N|11|D2
9|5|176|306|190|213|4SX|W|7|HQ
9|5|108|150|98|74|4H|N|10|DT
9|5|155|261|256|313|4H|N|10|DT
9|5|214|62|290|272|4H|N|10|C5
9|5|174|47|192|102|4SX|W|7|HJ
9|5|69|103|252|212|4H|N|10|S2
9|5|243|198|292|309|4H|N|10|S2
9|5|298|239|37|262|3S|W|7|HQ
9|5|170|274|121|132|3S|W|6|HQ
9|5|218|45|124|167|4SX|W|7|HQ
9|6|176|306|190|213|4H|S|10|CJ
9|6|108|150|98|74|2S|N|8|C5
9|6|155|261|256|313|4H|S|9|CJ
9|6|214|62|290|272|4H|S|9|DA
9|6|174|47|192|102|1S|N|8|C4
9|6|69|103|252|212|4H|N|9|C5
9|6|243|198|292|309|4H|N|9|C4
9|6|298|239|37|262|4H|S|9|CQ
9|6|170|274|121|132|4H|N|8|DQ
9|6|218|45|124|167|4H|S|9|CJ
9|7|176|306|190|213|6D|E|13|C2
9|7|108|150|98|74|6D|W|13|D7
9|7|155|261|256|313|6D|W|13|D2
9|7|214|62|290|272|6D|W|12|H6
9|7|174|47|192|102|6N|W|13|D8
9|7|69|103|252|212|3N|W|13|S4
9|7|243|198|292|309|6N|W|13|D8
9|7|298|239|37|262|6D|W|13|D8
9|7|170|274|121|132|6N|W|13|H6
9|7|218|45|124|167|6N|W|13|D2
9|8|176|306|190|213|2D|E|10|D2
9|8|108|150|98|74|1N|N|8|D4
9|8|155|261|256|313|2H|W|7|DK
9|8|214|62|290|272|P||0
9|8|174|47|192|102|1N|N|8|D2
9|8|69|103|252|212|1H|W|7|DK
9|8|243|198|292|309|1N|N|8|D5
9|8|298|239|37|262|P||0
9|8|170|274|121|132|2H|W|8|S4
9|8|218|45|124|167|1NX|N|6|D2
9|9|176|306|190|213|2SX|E|4|HK
9|9|108|150|98|74|7H|N|13|CJ
9|9|155|261|256|313|7H|N|13|SJ
9|9|214|62|290|272|6N|N|13|D9
9|9|174|47|192|102|7H|N|13|CJ
9|9|69|103|252|212|6N|N|12|S4
9|9|243|198|292|309|7H|N|13|CJ
9|9|298|239|37|262|7H|N|13|C5
9|9|170|274|121|132|7H|N|13|CT
9|9|218|45|124|167|6H|N|13|CJ
